香奈儿炫亮魅力印记唇釉	152 - 冲击	https://i.chanel.cn/fnbv3/image/full/shades/rouge-allure-ink--152--6ml.0165152_S.jpg	https://i.chanel.cn/fnbv3/image/full/chanel__com_type1/skus_full/rouge-allure-ink--152--6ml.3145891651522.jpg
6	173	214	143	252	139	238	232	63	160	250	10	236	234	61	64	123	239	127	163	64	243	203	255	188	190	143	188	149	122	97	136	
0	4	130	137	196	43	168	67	30	3	91	18	140	170	32	72	123	11	2	144	18	188	65	194	4	54	154	64	149	74	177	128	
134	141	134	157	212	162	174	99	62	163	219	18	76	234	48	73	123	239	42	145	48	249	9	222	60	38	223	196	133	104	241	128	
134	13	194	144	212	162	174	99	180	131	91	18	72	234	49	72	121	107	51	147	48	249	0	238	60	38	159	192	197	105	241	128	
2	164	178	129	214	160	170	71	30	1	91	2	140	138	120	72	123	11	19	145	146	152	1	194	12	20	158	196	133	74	177	136	
2	180	176	211	228	172	184	71	90	11	89	34	140	252	124	72	255	27	179	145	146	56	138	195	12	28	158	238	149	78	177	129	
2	176	244	255	238	137	184	255	191	17	114	179	172	255	76	67	231	27	255	17	178	120	195	245	158	250	94	202	150	140	161	217	
134	45	226	211	214	162	172	67	61	131	91	19	76	234	52	72	127	175	23	149	176	251	14	206	62	46	159	192	133	100	161	129	
6	132	130	129	212	163	168	67	30	3	91	18	140	138	56	72	123	41	19	145	50	180	0	214	12	6	154	196	149	8	177	128	
98	176	176	210	237	245	184	79	11	107	89	47	140	190	126	40	159	27	179	145	146	58	186	211	15	28	159	239	213	78	167	215	
3	180	246	147	246	187	188	231	63	115	87	183	204	238	254	104	183	31	183	149	182	216	47	215	62	30	95	230	133	140	129	213	
10	178	116	251	237	213	184	223	159	93	212	191	172	223	238	100	207	27	255	129	150	107	226	209	206	115	186	251	22	140	133	223	
134	128	130	153	86	163	168	67	62	33	83	18	140	138	120	72	123	9	19	145	50	148	0	214	12	6	154	196	149	8	177	128	
3	182	224	155	246	189	186	79	27	77	121	175	172	204	222	32	191	27	151	149	150	58	174	211	14	28	30	238	213	70	135	223	
98	176	160	144	207	241	176	207	11	119	124	139	44	188	94	8	153	91	179	145	22	58	250	241	31	22	223	111	215	78	215	222	
29	87	107	197	118	22	239	120	116	236	222	230	89	109	183	96	126	236	23	238	201	179	37	206	114	109	167	128	47	187	112	241	
36	13	194	142	212	163	166	73	20	130	249	2	96	232	49	64	120	170	2	35	16	179	10	223	48	38	131	8	213	107	240	128	
3	182	226	145	242	179	184	255	63	117	94	183	12	174	254	44	63	31	183	149	183	216	165	215	62	30	159	230	175	196	167	221	
19	23	107	205	118	18	239	120	116	72	94	230	81	38	182	100	126	237	23	239	201	144	37	206	116	44	170	128	45	162	113	245	
10	178	116	153	239	217	176	223	159	125	20	191	172	156	238	132	167	27	247	21	151	107	106	241	30	81	62	255	222	12	157	223	
34	185	224	8	213	209	178	207	75	69	108	141	40	140	118	180	216	170	130	84	151	58	246	245	63	28	132	107	215	14	254	222	
43	233	82	74	85	149	114	228	67	4	100	14	40	208	246	180	88	232	130	92	199	58	252	245	62	92	133	107	123	158	122	140	
83	29	43	174	62	197	31	96	207	76	216	175	247	222	38	112	254	251	61	199	206	11	190	255	241	244	139	187	52	46	53	87	
82	159	71	190	187	162	94	167	165	25	138	237	111	111	32	91	231	231	253	164	28	203	9	253	186	246	213	211	186	230	168	91	
114	155	222	78	235	178	92	183	161	29	174	173	106	103	4	86	102	247	237	232	24	11	11	237	123	254	69	211	171	230	238	27	
216	159	250	78	187	240	87	151	231	13	174	48	106	247	134	244	55	246	236	152	186	41	169	243	123	253	4	83	227	194	228	45	
145	188	115	90	243	255	70	247	117	75	100	120	59	242	134	245	51	170	148	56	191	254	60	63	186	255	20	98	250	192	234	109	
32	63	91	110	114	199	126	114	49	72	124	237	49	215	32	16	126	250	147	234	227	186	16	127	119	173	32	168	123	130	110	187	
89	48	94	36	98	75	113	88	59	104	102	41	94	151	2	16	178	204	118	12	4	114	153	64	215	169	33	35	106	0	78	83	
33	34	113	73	109	29	225	88	235	188	48	72	138	196	212	182	141	92	230	12	131	114	234	209	7	24	1	62	83	136	70	245	
90	50	83	176	106	208	56	88	171	0	226	235	76	199	160	212	38	189	239	128	4	83	134	208	22	225	11	139	34	132	47	135	
19	32	119	65	66	91	168	72	127	96	114	194	89	158	148	164	58	157	242	140	133	240	165	208	21	232	3	130	101	0	99	164	
80	34	95	104	42	64	56	24	166	8	242	225	209	199	128	80	102	149	237	128	8	195	195	80	210	161	171	137	32	128	37	33	
106	50	204	36	32	24	88	16	33	12	182	173	79	35	130	22	6	197	237	140	12	64	209	192	194	251	96	145	106	164	10	19	
136	174	30	187	178	171	60	247	52	31	126	245	183	99	130	9	39	43	71	60	54	220	9	63	238	195	126	225	232	192	139	201	
51	4	165	69	29	31	171	96	126	160	226	70	195	40	148	167	220	212	122	173	173	241	117	142	37	94	203	18	75	44	80	164	
96	187	250	70	238	120	182	231	202	169	184	42	114	248	84	50	186	118	104	65	148	43	174	35	127	12	37	59	197	122	214	175	
241	173	107	54	244	239	219	167	90	237	120	31	51	252	86	49	153	238	21	125	191	250	252	63	251	237	173	248	101	72	210	94	
33	158	110	63	224	175	239	247	84	102	118	213	113	109	18	25	29	234	19	175	252	252	117	63	102	15	245	128	109	248	214	216	
36	59	221	86	238	41	180	231	202	186	56	105	50	233	69	26	175	127	98	3	80	114	138	96	92	142	117	42	201	122	195	139	
120	222	223	127	160	47	84	183	53	62	122	237	119	99	33	91	213	246	44	38	104	208	75	61	226	227	116	128	176	248	200	27	
227	127	143	150	234	0	47	231	168	218	168	252	52	226	193	19	166	239	112	199	97	71	134	98	180	32	239	168	8	112	163	121	
221	233	187	98	144	212	79	152	98	232	174	8	243	243	209	112	50	126	124	218	91	9	173	42	249	237	167	252	0	179	35	96	
108	174	128	246	237	13	78	144	51	179	36	24	71	227	81	31	17	238	97	26	56	82	200	162	126	158	213	61	162	248	218	0	
84	55	249	100	162	75	23	184	91	174	56	234	71	124	197	50	183	221	108	98	192	112	237	10	252	132	37	191	224	250	7	35	
12	126	153	179	178	171	163	222	30	187	56	236	151	193	225	9	31	91	66	50	3	240	72	48	236	199	53	116	216	91	3	177	
29	126	235	99	178	178	75	146	118	235	78	244	147	199	211	104	55	108	61	156	155	212	173	34	202	205	181	196	174	195	48	113	
149	228	158	163	150	43	182	140	122	179	10	250	215	56	73	171	179	79	88	51	53	241	141	46	172	70	15	119	172	115	155	132	
253	215	28	127	168	95	87	185	213	94	167	61	247	85	138	115	213	18	236	102	127	77	107	63	226	243	96	87	122	141	204	119	
116	211	221	103	178	11	87	188	2	189	47	236	215	103	137	82	23	84	108	114	217	80	105	60	236	134	101	244	248	251	132	49	
249	156	148	92	137	124	84	175	203	178	164	24	74	240	103	255	129	214	232	0	125	111	242	144	155	251	85	63	218	124	202	14	
245	22	29	38	168	111	71	57	0	238	177	124	215	117	139	27	156	196	108	38	249	231	249	14	241	163	97	52	104	251	134	113	
53	5	61	46	156	103	79	120	68	34	169	8	211	81	25	33	88	128	93	235	40	35	93	28	241	136	35	60	113	243	38	96	
60	37	162	3	213	127	230	77	113	165	111	27	74	40	94	158	57	206	192	49	28	248	189	2	63	70	20	71	227	94	222	198	
77	133	144	58	189	253	86	136	223	95	44	25	207	224	43	248	145	74	234	126	54	33	90	55	239	223	5	125	218	255	200	6	
96	52	189	117	237	110	209	15	83	251	243	56	146	61	68	59	137	159	101	1	57	254	241	2	71	255	80	115	193	73	214	179	
93	237	210	64	211	22	108	206	123	179	46	18	13	162	76	254	51	205	112	248	118	217	181	66	59	239	7	68	163	240	171	4	
93	98	154	100	160	120	76	144	96	134	166	28	215	35	83	90	33	196	108	30	28	69	165	0	218	235	101	1	160	241	74	64	
91	237	209	193	210	22	60	191	59	176	46	130	29	55	69	182	39	223	249	156	99	88	153	98	191	207	31	100	171	240	139	56	
74	125	163	183	145	205	63	180	187	228	11	141	253	239	90	18	134	127	249	199	224	216	186	255	237	118	158	48	10	150	135	122	
87	245	26	56	155	148	30	232	190	85	137	5	92	254	106	80	247	201	249	247	215	3	190	119	187	103	15	111	56	119	171	86	
99	132	199	92	81	150	106	232	55	192	234	64	96	230	36	244	89	252	162	172	9	147	187	206	63	190	197	10	75	170	104	180	
20	168	159	178	234	201	177	200	238	148	160	42	117	254	106	50	163	123	106	17	6	99	174	49	217	131	119	123	113	0	7	203	
66	162	46	126	8	144	152	200	166	148	192	193	225	206	116	66	205	123	233	129	142	67	202	49	154	177	175	153	20	0	47	82	
31	111	34	54	213	140	238	248	245	136	235	79	107	232	63	144	184	233	66	239	204	177	30	238	51	126	5	0	107	55	106	134	
5	172	58	58	253	213	242	254	255	89	108	0	252	222	102	32	149	107	18	28	183	43	58	119	107	223	23	107	210	6	235	207	
25	39	34	163	117	155	242	80	119	44	222	175	106	201	178	0	248	236	135	77	142	179	140	255	254	69	163	161	103	14	122	195	
112	184	90	122	74	193	16	200	227	145	176	170	38	221	100	50	171	243	238	128	15	107	202	113	154	128	5	59	117	8	46	2	
114	170	73	122	104	145	72	200	163	60	176	233	99	207	196	150	207	243	237	128	10	67	234	241	154	208	169	187	113	128	102	101	
58	34	83	76	106	82	56	88	51	132	244	233	73	167	164	148	127	221	231	128	0	211	138	192	94	243	69	171	99	160	46	131	
35	32	30	76	41	95	152	72	222	96	176	72	210	216	54	164	216	73	122	5	133	99	214	208	19	26	3	59	89	12	107	132	
105	56	56	26	45	157	144	72	207	208	164	12	190	216	118	166	137	98	250	5	135	107	218	113	153	25	5	59	90	12	11	7	
9	253	48	77	248	29	148	190	95	58	60	108	190	120	197	180	151	75	70	104	231	104	99	95	46	223	37	62	90	248	75	141	
40	127	81	95	251	219	150	182	95	232	60	104	190	53	133	180	134	127	198	64	225	40	105	127	39	215	53	186	90	91	131	191	
44	95	115	126	240	201	55	244	189	12	127	237	238	247	169	20	158	122	199	66	98	176	106	47	103	247	36	155	66	219	70	251	
41	141	43	158	116	143	239	254	223	76	92	5	250	237	190	64	213	106	23	111	163	169	62	255	102	127	39	136	30	142	80	248	
188	64	106	236	84	19	234	120	85	128	245	2	83	201	185	97	120	168	23	234	200	183	36	156	114	233	162	136	119	171	112	128	
6	121	22	154	236	133	188	198	142	25	80	34	172	222	33	73	238	59	59	211	82	29	2	241	4	48	154	202	148	25	161	129	
181	68	111	206	4	130	235	112	196	194	215	194	113	196	181	101	124	172	22	239	233	183	36	204	80	40	226	128	53	187	112	228	
159	76	71	174	6	178	234	112	229	194	211	199	81	206	181	227	126	228	31	239	237	151	36	204	144	106	235	128	45	191	120	85	
239	111	102	94	109	24	254	104	201	204	252	175	106	232	151	183	238	230	246	231	204	99	238	232	54	120	197	187	79	190	122	223	
134	249	178	154	239	197	188	198	158	89	80	35	172	222	101	9	239	123	179	211	194	90	26	241	21	16	222	235	144	29	165	219	
220	74	127	252	38	194	127	114	244	194	246	226	51	183	161	113	102	244	60	226	105	149	36	40	242	235	226	129	37	177	100	41	
251	93	119	206	109	30	79	56	237	200	254	78	106	119	164	247	94	244	252	106	233	163	123	237	243	248	65	154	59	190	96	117	
230	107	226	30	207	81	190	236	203	214	180	175	40	236	119	135	238	235	227	199	196	99	238	233	54	24	205	187	87	127	126	207	
183	72	103	142	6	146	235	112	244	194	211	198	81	204	181	229	126	228	62	239	237	151	36	204	144	42	235	128	45	191	112	244	
57	87	106	141	118	22	238	120	85	200	254	230	115	104	183	228	126	236	22	239	205	179	13	207	50	109	163	128	127	190	120	149	
162	249	178	154	207	197	188	206	158	95	80	59	172	222	111	9	239	123	179	211	70	94	154	241	63	16	223	171	149	93	183	223	
56	188	59	251	53	207	251	222	23	73	124	5	191	223	32	32	253	59	23	1	139	186	122	191	235	223	63	32	120	10	7	251	
162	235	226	30	207	209	190	204	219	246	52	171	40	204	119	15	234	235	243	199	198	111	238	241	55	16	223	171	87	125	255	222	
35	221	116	223	125	157	190	238	95	9	120	66	168	252	53	228	254	123	147	67	231	186	94	255	39	30	158	170	93	29	121	159	
34	207	78	159	124	145	190	238	223	5	216	35	164	232	62	64	239	107	51	197	230	58	78	255	38	62	158	171	21	24	249	142	
130	168	130	155	84	161	168	194	30	3	80	18	172	202	112	72	123	43	19	145	34	188	2	243	12	6	154	192	149	8	49	136	
130	168	130	155	84	137	170	198	30	3	80	18	172	202	96	72	121	43	2	144	2	190	74	243	12	6	154	224	149	8	49	136	
48	132	66	132	84	130	234	231	181	33	250	2	72	170	56	64	123	173	31	161	40	179	0	207	56	38	138	68	5	10	112	136	
176	185	126	122	154	196	81	222	242	17	164	16	55	151	0	51	42	186	81	200	58	235	178	47	251	201	20	25	65	128	102	186	
2	73	66	159	76	129	170	96	30	0	80	2	168	202	49	65	122	169	51	195	66	58	138	253	52	0	202	168	21	43	113	136	
2	4	66	140	84	162	234	97	165	0	218	2	72	234	56	64	120	164	14	161	40	179	0	206	48	38	138	132	5	42	113	128	
32	5	2	137	84	163	162	67	20	1	248	2	0	128	32	64	120	40	2	176	16	187	0	222	52	4	130	72	85	10	32	136	
134	141	134	151	212	162	174	99	188	131	91	18	104	234	48	64	121	47	51	145	48	185	8	238	60	38	159	192	133	104	177	128	
6	164	130	137	212	162	170	67	30	1	89	2	140	138	56	64	123	11	19	145	18	186	0	194	28	4	154	196	149	74	177	128	
2	176	244	223	250	137	184	239	63	17	114	178	172	238	124	64	231	27	255	129	178	248	195	209	174	58	94	202	20	132	161	153	
6	180	240	211	228	160	184	75	91	203	89	163	140	252	92	8	255	27	183	149	146	58	206	194	14	28	159	238	133	79	243	209	
6	48	240	210	237	44	184	75	75	251	121	59	140	190	124	10	159	27	183	17	146	118	138	194	15	30	219	238	212	111	195	211	
2	132	130	129	148	163	170	67	62	3	91	18	12	202	56	64	123	41	19	145	50	148	0	214	12	6	154	196	149	10	177	128	
57	85	106	237	118	19	127	120	85	64	254	166	91	125	182	224	126	252	151	238	205	179	37	142	242	237	163	128	119	190	112	241	
2	180	246	153	246	155	184	239	191	113	82	183	204	190	126	97	183	27	183	149	178	216	46	215	62	30	223	230	148	140	165	221	
38	5	226	154	212	162	174	71	20	131	219	18	72	234	52	64	121	171	19	145	176	187	0	206	56	46	143	192	149	106	241	128	
2	178	116	249	238	217	184	223	159	93	84	183	172	223	238	64	239	27	255	1	150	72	226	241	30	82	154	235	22	140	133	223	
19	164	226	145	214	179	188	231	63	99	90	147	76	238	254	32	127	155	151	149	182	216	44	215	62	14	159	198	133	196	177	213	
130	128	130	153	20	163	168	65	62	35	83	18	140	138	56	72	123	9	19	145	50	148	1	210	12	38	154	196	148	8	177	128	
6	180	224	147	246	177	186	203	27	99	89	183	140	140	222	40	191	27	147	149	146	60	174	211	14	28	155	238	213	205	151	213	
25	87	107	205	118	18	255	112	116	76	254	230	89	61	182	96	126	236	23	238	201	177	37	206	118	237	162	128	47	178	112	241	
3	165	226	209	214	178	254	231	63	195	90	147	72	238	254	96	127	223	151	181	182	154	36	198	62	14	159	196	133	204	241	220	
3	180	226	145	214	147	184	255	63	117	94	183	12	174	254	36	63	155	151	149	182	216	164	247	62	14	159	230	167	132	183	221	
39	182	224	10	241	253	186	91	27	109	125	173	8	204	254	60	159	27	151	21	150	58	238	211	14	28	25	239	223	206	207	215	
11	186	112	153	250	217	184	223	31	117	84	191	44	140	246	164	175	27	183	21	151	120	38	243	30	86	30	235	95	140	143	223	
35	183	224	74	241	253	178	95	75	109	125	175	8	252	238	180	221	10	130	20	151	58	252	211	30	28	17	239	219	78	222	215	
48	189	107	174	118	197	91	242	19	73	120	203	55	255	32	80	254	251	23	199	43	154	24	63	247	229	160	168	52	10	54	251	
208	190	122	90	178	248	86	135	127	15	238	56	34	245	228	117	119	254	132	144	190	126	164	127	187	239	52	75	241	192	230	47	
226	159	219	78	250	168	94	167	187	9	186	253	96	235	4	80	183	247	109	144	50	43	138	119	62	174	36	219	201	226	226	27	
19	157	30	187	178	175	29	183	61	95	74	85	247	114	2	105	183	107	28	165	252	216	25	61	168	210	127	194	184	80	161	77	
161	189	91	127	112	135	238	246	52	72	124	64	48	247	36	48	126	250	19	236	99	154	24	127	103	172	160	160	121	130	98	153	
72	56	126	80	98	202	112	82	59	32	118	41	28	147	128	48	34	189	119	0	0	210	128	80	86	41	33	163	107	128	103	131	
18	50	87	33	2	30	184	64	60	36	226	231	77	142	132	144	182	29	238	128	133	209	129	64	150	227	43	130	97	128	39	149	
88	18	76	229	32	6	73	16	52	36	230	197	199	7	0	80	86	149	109	140	136	208	81	12	196	227	171	128	32	128	36	112	
19	0	37	101	45	31	200	0	69	104	242	68	195	8	148	166	200	196	124	13	141	241	117	140	129	250	138	16	73	12	80	84	
99	50	200	132	96	8	88	16	41	72	178	237	71	11	134	18	134	196	125	132	140	64	193	64	198	184	160	144	8	128	74	83	
33	32	126	60	76	209	176	72	230	208	160	2	241	216	118	34	201	233	122	129	15	99	206	81	24	121	139	59	93	0	123	134	
41	141	239	47	244	111	231	183	228	79	250	133	115	125	18	0	185	102	83	47	245	184	125	63	101	47	101	144	237	250	210	218	
184	255	219	103	190	9	167	245	202	168	184	110	183	233	68	2	190	127	76	67	89	41	136	34	232	133	37	56	77	58	199	139	
56	236	43	166	244	235	199	247	64	170	88	107	183	89	16	33	153	238	85	43	248	190	204	47	241	207	45	240	101	122	214	171	
93	89	158	190	162	46	23	188	168	220	174	13	247	114	11	90	167	231	108	102	137	195	57	40	240	231	101	16	168	115	131	123	
29	126	239	115	178	187	111	222	54	235	142	228	159	199	211	56	55	110	93	190	171	208	45	40	234	207	39	180	170	241	35	121	
68	166	243	84	210	11	55	232	115	162	98	234	86	225	64	51	51	252	98	48	32	242	142	78	124	38	69	46	229	224	102	160	
157	251	29	51	186	223	83	252	134	252	182	236	223	103	171	43	39	80	204	126	57	225	105	60	234	195	101	116	250	187	1	113	
101	164	210	182	246	138	102	192	59	162	98	77	70	227	73	16	51	110	0	60	38	210	136	42	60	132	5	102	168	248	82	128	
223	183	109	114	184	95	91	185	185	126	183	252	91	93	158	179	39	213	253	254	249	69	61	119	251	251	101	244	46	165	198	113	
101	81	213	101	168	47	87	184	34	232	58	237	215	53	137	58	22	84	124	110	137	240	121	28	228	174	101	148	232	251	2	113	
124	112	189	112	137	125	85	143	227	247	166	25	147	253	75	27	129	210	233	16	30	101	243	0	203	211	85	61	192	124	214	90	
244	210	213	101	56	14	83	184	34	248	163	236	215	119	201	83	22	212	108	126	233	100	217	28	200	170	101	52	104	163	66	49	
228	64	157	251	140	13	69	156	70	51	163	24	215	83	89	91	193	196	105	90	106	100	91	32	193	171	212	20	208	121	192	34	
236	20	148	94	105	116	85	155	83	94	237	53	226	243	15	255	209	198	236	32	46	102	251	3	199	255	84	31	210	116	108	95	
238	61	162	30	237	124	151	194	177	206	252	61	230	252	71	158	221	122	229	67	188	227	242	42	67	119	80	59	194	125	94	215	
236	180	172	115	249	109	115	154	119	127	173	29	211	113	75	25	145	202	236	60	186	100	219	51	207	223	69	125	218	125	74	114	
105	48	156	245	237	47	209	27	91	187	246	24	150	185	64	43	143	31	124	25	56	254	211	2	197	223	81	126	202	73	138	163	
89	173	146	64	209	86	108	71	115	159	238	16	8	34	71	254	233	238	104	152	124	251	179	66	59	255	151	77	195	64	238	142	
74	237	131	246	213	196	110	167	179	25	79	16	188	247	88	150	129	123	121	207	123	217	154	231	239	127	158	104	2	87	146	106	
75	253	169	186	249	229	93	207	63	93	136	5	188	167	115	88	129	75	123	221	54	75	155	243	249	87	158	108	146	84	179	218	
97	160	215	87	123	156	160	200	250	176	32	8	116	242	204	178	179	126	98	24	35	81	186	113	15	42	69	38	65	32	67	164	
116	96	232	36	128	108	69	144	96	198	166	13	211	35	83	90	65	196	104	28	12	66	245	0	219	169	69	1	224	241	78	82	
152	237	98	1	213	95	228	239	115	245	46	27	11	168	86	148	57	206	66	125	118	249	189	86	59	79	5	101	227	124	223	206	
105	136	144	126	73	149	88	200	223	17	228	8	170	200	126	240	201	235	234	28	142	107	222	179	15	253	148	57	90	12	106	14	
24	34	183	188	42	203	33	72	215	176	226	170	223	229	160	4	51	249	238	1	0	241	15	29	216	130	65	49	118	168	37	35	
64	48	152	100	32	12	81	18	32	168	36	72	23	55	64	50	132	85	221	24	1	64	144	0	203	137	37	48	72	224	10	51	
40	229	106	124	253	65	214	239	241	22	236	141	99	233	63	16	217	202	195	108	110	35	210	39	123	255	133	29	74	252	254	154	
8	172	187	122	253	205	243	207	255	93	108	1	190	221	118	32	129	43	19	25	22	104	58	119	111	95	23	105	210	0	199	234	
58	175	98	170	87	147	242	192	183	132	204	143	111	201	50	196	122	234	131	13	14	179	140	255	250	84	5	11	103	142	118	198	
98	34	76	157	74	143	56	72	170	164	100	143	68	194	70	18	238	237	99	4	2	83	218	81	84	33	139	57	28	128	91	144	
75	32	7	76	9	82	168	72	246	192	178	192	217	222	148	228	248	213	122	137	141	227	239	192	21	122	139	8	67	4	97	36	
50	34	71	229	2	23	168	80	54	164	242	197	73	175	4	144	254	221	230	132	12	211	129	76	146	226	163	129	65	128	39	144	
33	48	20	40	45	79	144	72	206	104	176	72	222	216	22	32	136	9	106	1	141	99	223	144	145	88	11	58	88	12	75	134	
82	34	14	169	8	6	88	72	182	36	194	133	195	142	50	64	220	133	105	133	140	195	211	16	209	225	139	25	0	0	60	82	
97	162	56	58	45	157	80	140	203	117	44	13	167	72	90	144	129	130	205	13	14	104	250	49	139	217	21	125	80	142	222	74	
141	125	80	95	122	159	150	176	223	162	109	232	252	254	133	180	6	127	210	66	229	60	124	126	38	223	5	50	90	251	11	173	
156	215	51	94	123	77	63	248	189	76	109	221	110	231	45	148	182	91	195	102	99	135	58	63	115	247	5	10	82	191	39	241	
11	141	35	216	116	207	235	238	223	73	92	1	255	237	52	100	209	106	19	77	131	169	58	255	99	127	131	8	18	142	117	248	
188	4	106	236	84	51	233	120	85	130	245	2	83	201	185	97	120	168	23	234	168	183	36	140	82	233	226	136	119	171	112	128	
6	253	22	155	236	133	190	198	142	26	88	34	172	222	97	73	239	123	187	211	66	11	10	241	36	16	206	170	148	89	161	139	
215	0	231	164	6	50	233	81	101	194	211	214	89	174	185	239	126	229	63	175	173	213	37	200	144	106	235	132	45	231	113	116	
34	253	102	158	207	209	190	238	139	212	248	175	44	252	118	3	238	251	243	231	198	107	186	253	55	16	207	187	85	126	247	222	
223	18	207	165	130	34	104	81	161	226	211	247	89	47	251	203	118	197	125	191	149	213	133	200	210	233	235	132	173	231	41	81	
57	95	106	205	118	19	238	120	85	200	254	230	83	72	183	224	126	236	22	239	205	179	5	142	50	109	167	128	127	186	120	149	
107	159	118	78	125	158	94	250	201	72	254	46	106	104	182	245	206	230	254	110	237	43	111	255	50	127	129	155	127	190	122	29	
61	87	106	12	118	22	206	120	85	232	254	230	83	104	183	224	126	236	22	239	237	179	29	158	50	109	167	148	125	191	120	149	
24	188	51	251	181	207	91	254	31	105	252	0	255	223	32	164	221	251	223	16	11	184	120	191	235	223	21	50	122	14	6	251	
107	157	117	206	253	159	78	190	237	104	190	76	110	119	32	244	220	242	222	110	201	43	121	255	187	252	5	90	90	142	72	61	
128	232	130	155	68	139	170	198	22	3	80	18	168	202	96	72	121	42	2	144	34	188	11	243	12	6	146	96	149	9	49	136	
16	132	10	140	84	130	170	97	180	1	218	2	81	202	56	64	122	173	27	161	32	187	0	222	180	167	171	68	5	10	112	136	
216	252	28	122	9	237	85	99	182	22	164	25	191	95	0	27	137	177	233	2	104	79	82	39	195	211	84	25	66	64	166	26	
237	16	61	103	40	77	85	56	96	58	183	24	215	83	72	59	149	212	108	42	233	100	251	1	193	251	97	28	64	163	194	35	
0	201	66	159	76	129	170	96	30	0	88	10	40	202	49	64	122	168	19	195	66	186	26	253	53	0	138	40	85	11	113	136	
32	5	2	137	84	163	160	67	20	1	120	2	0	128	32	64	120	42	2	176	16	187	0	206	52	4	146	72	213	10	32	136	
6	36	130	137	212	163	170	75	22	1	89	2	8	138	56	64	121	10	19	145	18	186	1	194	44	4	154	196	149	75	177	128	
6	141	130	154	212	162	174	103	182	131	91	18	108	234	48	64	123	47	19	145	48	185	8	238	60	38	159	192	133	72	177	128	
2	176	214	159	242	136	184	239	191	17	82	178	236	190	44	64	247	31	63	129	50	216	139	213	28	58	222	194	20	0	161	153	
38	36	224	195	228	32	250	66	91	163	121	130	136	172	93	40	255	139	23	145	146	182	204	194	12	28	155	236	133	79	115	133	
6	132	130	145	148	163	170	67	62	3	91	18	72	202	56	72	123	41	19	145	50	180	1	222	12	6	154	196	148	72	177	128	
57	69	106	237	118	18	127	120	85	64	254	130	91	77	182	96	126	252	151	238	201	179	37	142	114	237	162	128	119	190	112	241	
3	148	242	153	246	131	184	239	191	113	82	179	172	254	124	96	247	59	183	149	182	216	12	247	60	30	158	198	149	12	161	221	
38	141	194	158	212	163	174	103	20	129	91	2	104	234	52	64	121	234	19	177	48	186	8	238	56	46	143	192	149	106	240	128	
103	48	240	210	236	60	248	26	91	235	125	171	140	252	223	56	151	223	183	149	150	54	174	194	30	30	155	238	199	231	83	215	
7	160	224	147	230	177	184	202	30	99	81	147	140	140	126	40	63	27	147	149	150	180	172	211	12	30	155	230	213	77	51	213	
61	85	107	197	118	18	239	112	116	192	222	230	89	111	183	96	126	236	23	238	201	178	37	206	118	45	167	128	47	178	112	241	
3	172	98	145	214	147	186	255	63	97	90	151	40	174	254	32	127	155	151	149	182	154	45	247	62	14	158	228	135	132	241	221	
167	50	224	19	102	185	184	202	91	239	117	191	136	204	223	168	159	9	179	149	135	118	238	210	14	30	91	239	223	205	15	213	
160	189	59	186	118	199	111	246	22	12	88	42	55	247	32	112	255	251	23	195	234	154	56	63	253	133	170	168	52	138	54	235	
120	159	91	46	242	160	175	183	56	10	250	237	113	239	4	80	183	127	101	226	115	43	136	47	120	237	47	216	73	82	227	153	
64	32	76	233	74	14	105	16	55	36	98	133	69	7	0	80	118	156	107	140	0	208	209	80	87	170	131	0	32	128	0	32	
93	217	190	190	170	78	31	188	236	218	142	44	255	114	11	115	39	119	125	235	237	201	63	61	240	239	111	145	168	115	169	27	
0	42	94	85	82	138	56	82	59	160	98	224	21	147	4	16	54	253	66	128	33	216	4	78	4	166	35	0	109	160	35	129	
17	32	31	37	82	11	40	64	54	160	98	194	87	38	128	48	54	221	110	165	45	208	5	76	148	162	107	0	105	160	35	48	
112	168	40	186	13	129	145	200	198	148	128	11	182	216	90	2	201	226	107	1	10	99	219	49	217	1	143	61	81	8	119	66	
96	4	125	69	44	75	193	32	108	168	178	104	214	56	132	35	138	68	126	41	169	225	101	12	4	186	99	146	68	40	81	33	
1	48	9	161	96	13	169	16	40	232	96	77	149	22	80	50	132	77	91	13	129	208	240	64	205	160	43	32	8	0	3	240	
185	221	127	47	188	78	87	191	244	218	186	49	119	125	17	99	42	230	125	107	248	237	15	46	233	235	101	16	101	248	212	107	
185	93	127	239	56	79	79	112	164	142	254	64	119	83	161	49	126	240	92	234	105	135	57	62	241	233	165	144	34	179	38	161	
156	127	31	183	62	11	135	252	180	170	182	124	255	65	201	3	62	244	76	106	105	101	137	46	240	193	37	48	106	185	129	57	
253	217	190	62	186	14	87	188	162	220	166	13	255	115	131	83	38	229	124	126	232	79	187	40	249	235	101	24	168	179	3	123	
220	121	95	102	40	14	87	248	225	172	166	76	115	83	1	83	50	244	77	106	104	199	153	44	243	233	101	16	42	179	102	51	
160	38	213	101	114	11	166	56	112	178	34	200	209	33	128	19	63	84	66	42	224	240	73	14	108	130	101	20	69	232	3	160	
223	62	109	114	170	159	95	184	189	254	135	184	91	127	159	63	39	213	253	254	249	69	47	126	250	219	101	212	166	181	70	113	
157	122	221	51	42	219	83	184	183	252	182	252	223	71	195	43	39	240	236	126	233	69	107	62	202	195	101	212	106	177	1	121	
100	168	158	18	201	217	144	198	234	181	160	25	128	186	102	26	137	119	234	17	22	107	202	113	93	147	85	127	208	64	143	142	
221	208	205	101	48	14	75	184	32	248	134	76	215	55	209	115	54	196	125	238	233	196	249	12	233	139	229	148	40	179	66	113	
213	231	85	101	178	11	110	184	96	168	58	236	211	3	193	48	54	220	76	110	225	176	205	14	172	136	37	180	108	178	3	49	
96	168	148	19	137	153	148	166	202	51	160	24	128	184	100	138	129	119	234	16	22	105	202	113	13	50	95	119	208	80	143	142	
228	80	157	232	140	77	69	157	96	246	167	28	215	83	73	91	65	196	104	106	121	102	251	0	225	162	69	60	88	121	196	114	
238	180	245	127	105	124	157	152	59	127	189	61	238	124	159	63	151	87	253	35	167	102	251	19	215	127	117	191	214	246	135	215	
232	20	180	95	121	126	81	27	91	223	237	61	194	116	78	254	213	30	236	32	190	102	251	3	79	255	80	31	210	102	78	119	
106	48	184	112	137	109	17	15	139	191	164	25	142	189	65	58	129	151	253	17	26	75	243	16	219	211	85	127	210	68	6	123	
232	181	148	91	249	116	65	13	115	175	237	16	232	50	78	254	217	142	236	144	62	218	251	195	15	255	214	91	130	66	238	6	
108	180	172	113	253	47	113	27	63	255	165	29	210	113	79	27	145	140	239	60	42	116	251	26	207	223	85	116	218	108	86	114	
105	32	156	115	237	111	81	31	123	191	119	24	158	49	74	46	139	30	108	24	18	248	211	2	207	223	80	119	202	72	138	163	
82	168	150	86	203	156	48	194	235	145	160	8	40	242	68	118	161	115	104	16	6	75	138	225	25	250	87	123	194	0	107	14	
116	48	169	100	136	76	69	16	96	198	166	13	211	55	67	90	192	196	105	14	9	98	241	0	219	169	69	16	200	240	70	114	
202	229	161	250	249	69	79	173	59	123	13	25	252	183	73	149	129	75	123	158	99	74	219	119	239	223	158	126	146	86	166	250	
160	253	174	16	213	223	244	103	115	255	190	25	2	188	86	21	169	174	194	145	252	239	179	198	59	86	21	111	195	68	254	222	
8	185	184	123	245	205	241	167	255	25	108	16	190	157	80	160	129	58	131	17	19	104	154	119	239	215	22	107	210	8	223	170	
104	169	32	58	77	157	82	200	223	53	168	9	174	200	118	148	201	106	226	69	14	107	218	177	223	93	21	59	82	14	74	206	
0	34	81	205	74	11	43	72	55	164	234	200	198	195	0	212	30	216	234	136	0	178	79	94	4	22	1	34	114	138	4	160	
65	33	216	100	32	12	89	19	34	164	44	8	23	19	64	50	6	21	80	8	0	72	176	0	203	141	21	48	72	128	74	42	
137	237	52	87	209	221	238	230	247	63	167	24	168	170	86	181	169	235	98	202	102	254	184	127	47	219	86	33	67	85	203	206	
40	181	44	76	221	13	213	191	23	31	236	29	242	237	28	21	221	218	227	36	250	106	251	31	111	255	133	124	219	124	214	250	
58	185	40	90	203	213	145	206	131	21	236	11	34	157	102	52	201	154	211	208	10	43	250	177	123	85	148	123	115	12	254	250	
1	48	76	165	50	11	56	3	60	32	74	197	215	3	2	64	86	13	31	4	4	144	85	12	196	143	170	128	44	128	27	147	
115	33	10	184	13	145	192	72	231	0	128	8	146	216	118	240	200	161	120	193	14	99	206	81	146	16	139	59	88	2	58	6	
51	34	15	169	0	7	104	67	52	36	226	197	209	10	0	208	252	141	55	132	13	210	81	0	148	234	171	128	9	0	98	144	
81	32	20	41	47	15	144	72	79	32	194	10	214	152	16	36	200	29	106	1	141	115	215	208	148	48	11	58	88	8	9	6	
98	41	33	186	9	193	73	72	135	20	128	137	175	199	96	212	200	176	217	193	10	67	218	241	209	208	139	59	18	134	38	98	
108	161	104	96	140	77	83	152	34	245	172	9	23	77	90	16	153	128	65	93	26	96	250	17	235	205	5	125	224	138	214	82	
143	204	22	94	217	157	190	234	191	18	100	152	127	254	45	181	191	123	242	74	99	109	58	127	51	251	69	8	82	241	139	180	
43	153	40	216	117	157	227	182	159	89	92	0	186	253	52	100	201	58	51	89	131	40	114	253	111	223	150	104	26	8	216	186	
188	0	110	236	68	50	236	89	85	130	247	18	91	137	185	73	120	140	23	170	168	183	36	140	82	235	226	132	119	248	112	128	
130	253	22	155	236	133	190	230	142	26	88	34	172	254	97	66	239	123	187	67	66	26	138	243	45	16	222	170	20	88	161	139	
215	0	239	197	134	34	237	95	116	243	86	146	89	47	154	111	127	133	63	189	185	213	165	194	212	43	254	132	165	240	241	96	
107	143	102	94	125	159	218	254	223	77	254	46	106	232	182	244	255	226	222	164	174	171	109	255	58	126	129	155	127	142	120	79	
34	253	38	158	223	213	190	239	139	222	216	43	44	254	126	3	237	251	211	195	230	107	186	255	61	16	207	171	21	126	183	223	
57	95	98	205	118	150	238	112	117	200	254	230	115	40	183	224	126	236	22	239	237	186	5	174	54	109	167	128	127	186	120	157	
61	95	106	45	54	22	206	112	85	232	254	230	83	72	183	228	126	236	22	239	237	179	21	174	50	109	167	144	127	191	120	149	
43	188	84	90	253	159	90	254	223	105	190	12	42	250	150	244	221	226	222	28	143	171	121	255	59	95	21	211	218	142	218	13	
178	173	14	186	221	193	133	239	159	23	136	27	40	236	108	193	233	187	235	129	122	107	90	247	57	22	223	123	17	72	252	202	
130	232	130	155	69	133	170	194	30	1	80	18	168	202	112	72	121	42	2	211	2	188	26	243	5	20	154	104	21	9	49	136	
16	133	14	172	20	130	170	115	180	0	218	2	81	234	40	64	120	172	14	160	8	155	0	14	240	167	170	64	49	10	49	136	
237	112	61	97	44	15	67	184	97	186	55	88	211	17	201	59	149	212	108	106	233	116	249	0	197	251	97	20	66	179	66	33	
32	201	2	158	92	133	170	232	22	8	248	2	168	200	48	0	120	170	2	195	66	186	66	253	53	16	138	40	21	27	112	136	
2	141	2	154	212	162	174	231	52	131	90	18	104	234	48	64	121	107	51	145	48	154	8	255	56	38	158	192	149	74	161	136	
153	132	236	241	134	50	233	151	116	115	86	146	25	47	218	107	111	198	63	156	184	220	165	226	94	239	254	196	167	208	241	105	
188	0	102	236	196	34	204	91	85	162	247	18	91	41	185	73	120	140	55	168	184	183	65	138	210	235	242	132	247	248	240	128	
9	249	58	218	125	213	215	238	207	73	92	0	188	221	52	164	200	43	19	77	67	43	50	253	235	93	26	59	26	12	245	234	
2	141	2	154	212	163	174	231	20	129	90	18	96	234	48	64	121	106	19	145	114	186	8	255	56	38	143	192	149	74	240	136	
6	4	130	129	148	163	170	66	30	3	91	18	76	202	56	72	123	41	19	145	50	148	0	214	12	6	154	196	149	75	49	128	
64	33	185	100	80	204	113	19	98	229	108	8	55	19	66	16	16	44	64	8	0	24	176	64	71	141	0	32	64	128	70	106	
124	177	169	96	213	77	83	136	34	224	172	9	19	21	72	16	153	220	81	88	26	114	248	16	253	205	5	116	224	10	214	114	
3	184	114	153	246	131	184	231	63	113	82	183	44	206	118	96	127	59	151	149	182	152	6	247	60	14	158	226	21	12	177	221	
135	96	226	147	70	49	184	200	30	227	81	147	8	140	127	40	127	25	147	149	134	182	173	194	28	30	159	230	197	93	51	213	
120	225	24	234	25	213	82	204	3	49	173	8	59	83	74	48	217	211	72	208	94	11	218	49	251	205	21	127	50	2	202	10	
81	32	22	172	79	137	192	72	206	176	128	10	198	216	112	130	162	173	106	65	6	99	138	17	144	64	1	62	80	10	3	6	
32	34	6	45	72	3	104	73	166	128	224	193	193	195	48	16	88	140	106	140	8	195	195	80	84	162	131	8	80	128	34	128	
1	32	7	237	44	10	160	74	126	160	66	66	197	128	144	96	248	12	106	1	0	248	197	16	132	162	155	0	68	8	113	172	
17	55	19	229	50	14	47	112	60	40	90	228	213	39	128	112	54	77	20	174	225	144	1	78	228	174	43	128	40	162	35	177	
114	32	66	8	75	1	104	72	167	0	224	11	0	195	36	20	104	141	107	136	8	67	218	80	16	48	131	11	107	4	42	130	
16	32	28	169	44	11	160	8	94	32	66	64	199	136	16	96	218	29	106	1	12	240	199	16	132	162	139	16	84	8	81	128	
96	32	207	69	80	10	104	0	60	160	98	193	81	35	0	80	114	204	123	172	32	208	193	76	84	170	226	0	41	160	114	128	
64	18	149	69	44	15	165	48	108	170	114	96	215	33	128	99	6	84	110	40	161	240	65	12	68	170	99	16	64	168	65	33	
1	33	33	161	36	78	105	16	104	232	72	64	151	23	16	114	128	77	92	13	129	208	241	0	197	172	43	176	8	2	3	241	
120	233	18	58	91	217	18	192	239	48	168	10	46	218	102	148	184	185	226	64	70	43	154	241	59	212	5	63	83	14	43	142	
104	233	42	18	221	221	83	198	203	53	44	9	46	205	102	20	137	58	195	80	90	43	234	177	127	85	21	123	210	12	222	234	
221	121	94	254	42	206	87	184	161	220	166	44	127	87	131	83	118	245	108	106	105	71	251	44	241	235	101	152	42	179	98	115	
220	85	95	100	40	70	95	120	165	142	174	36	95	115	161	115	118	244	125	234	105	131	49	12	243	235	101	144	42	243	102	51	
106	185	57	88	217	253	145	207	11	125	172	24	158	159	68	48	137	27	211	16	26	43	250	241	127	221	21	127	210	8	198	239	
16	168	150	53	11	139	160	200	190	176	96	9	99	226	100	130	169	109	106	1	6	241	142	29	29	162	13	55	81	40	75	134	
137	36	85	101	32	11	108	56	48	162	98	196	215	35	129	25	23	76	100	46	105	240	73	12	172	138	101	0	104	240	2	161	
44	176	184	115	253	237	241	155	107	61	61	24	158	249	78	62	139	26	238	24	19	120	251	163	79	221	20	103	194	72	199	163	
96	48	185	100	64	76	81	19	96	198	174	8	19	55	64	114	80	212	105	8	9	122	241	0	207	173	69	0	64	224	70	114	
237	48	189	100	40	110	81	24	33	250	39	120	223	55	201	191	7	84	253	42	169	68	249	0	195	251	97	180	194	241	6	115	
237	85	149	100	137	79	69	184	96	242	163	92	215	53	73	127	1	212	104	106	121	100	249	0	233	170	69	52	74	249	198	112	
120	161	184	58	137	72	80	143	235	21	173	25	142	249	74	18	129	195	232	17	30	107	202	17	251	245	20	127	194	2	206	10	
44	52	188	103	237	111	113	27	123	255	61	29	222	49	78	30	145	30	238	28	26	112	251	18	207	223	81	54	202	234	198	243	
108	176	185	112	237	125	113	155	107	251	61	56	158	255	77	62	151	19	236	16	19	102	251	208	207	221	87	126	194	65	71	35	
48	134	214	85	66	11	160	234	54	160	98	194	65	225	164	85	51	108	34	40	32	241	15	30	28	46	69	4	97	168	65	160	
247	140	244	119	40	43	122	168	187	178	163	185	207	249	221	59	183	213	121	39	44	71	203	114	158	254	81	126	199	247	67	6	
236	183	180	91	249	126	87	153	123	127	173	61	202	124	78	255	209	158	236	50	190	102	251	130	207	255	117	127	194	231	206	215	
175	165	156	115	249	127	79	189	59	59	173	24	216	115	76	183	217	90	125	186	123	68	251	243	239	219	223	255	146	67	218	162	
221	94	125	118	40	127	87	158	191	254	175	188	223	215	203	255	55	245	236	46	169	69	239	58	210	219	117	188	106	253	4	113	
44	181	181	105	249	127	213	63	31	127	188	29	210	125	92	151	157	154	253	60	59	104	251	159	239	223	85	118	210	108	214	243	
220	126	159	246	42	79	87	188	181	254	150	124	223	119	139	15	39	244	236	106	105	101	235	42	242	211	117	60	106	249	1	49	
221	217	255	62	42	78	95	188	243	252	134	41	255	247	139	115	38	229	125	106	233	69	187	41	251	235	103	152	46	179	7	75	
220	222	191	247	174	74	87	191	241	186	178	120	255	121	25	75	167	247	109	99	232	229	139	40	241	227	119	16	100	241	165	43	
157	253	31	183	170	30	95	253	176	214	166	180	255	199	131	35	46	119	93	238	105	197	187	47	224	225	79	16	42	177	163	120	
56	29	123	191	118	195	255	112	20	76	124	167	117	125	48	80	254	187	23	227	168	186	24	61	245	199	171	128	53	138	52	243	
43	174	240	90	253	157	90	207	95	109	188	29	42	200	214	180	223	171	222	28	190	239	111	247	58	95	21	251	215	140	206	79	
61	85	107	197	118	18	239	120	116	192	222	230	89	111	183	96	126	236	23	238	201	179	37	206	118	45	167	128	47	178	112	241	
221	140	236	241	246	58	233	151	117	115	126	146	25	47	210	107	39	151	63	156	178	220	165	226	94	239	254	196	167	192	225	105	
57	69	106	237	118	18	127	120	85	64	254	130	91	77	182	100	126	252	151	238	200	179	37	142	114	237	162	128	119	190	112	225	
107	206	98	90	125	219	218	206	223	77	252	191	42	204	182	244	223	170	223	132	174	171	111	255	62	126	148	251	87	140	252	95	
43	217	62	218	61	221	231	166	207	12	124	0	190	217	54	100	192	42	27	72	195	40	50	253	239	253	158	107	26	8	209	174	
2	156	246	155	214	131	184	231	62	17	82	179	172	238	52	64	119	59	179	149	178	216	2	247	60	46	158	194	149	4	161	217	
38	36	226	195	84	32	234	194	91	163	121	2	8	168	125	8	123	205	19	145	130	182	200	194	28	12	158	164	197	123	112	128	
2	189	22	158	237	133	190	231	142	154	88	34	172	254	96	67	239	123	155	131	114	75	10	251	61	20	222	170	20	88	161	139	
38	36	130	137	212	163	170	74	22	1	89	2	8	202	121	64	121	8	2	177	18	178	0	202	12	6	154	196	149	75	112	128	
34	189	54	158	223	197	190	239	155	91	216	59	172	254	116	2	239	123	179	129	242	43	154	255	61	22	223	235	85	92	183	219	
153	95	119	197	118	218	238	118	125	200	126	230	121	90	181	228	126	236	22	239	229	176	37	238	54	239	162	128	111	185	121	189	
61	95	119	69	118	91	239	112	117	232	250	230	123	92	181	229	126	252	22	234	233	177	37	174	54	239	161	128	111	187	112	245	
128	252	174	87	236	237	245	166	255	127	178	25	160	40	86	27	137	227	106	131	126	254	122	119	15	26	84	99	64	81	199	206	
237	120	253	69	100	15	71	152	121	186	54	104	211	17	209	63	23	68	108	106	233	116	233	10	199	187	101	52	66	179	66	33	
103	112	224	215	102	56	248	152	123	227	117	187	8	252	223	60	191	221	183	159	134	118	238	194	22	62	223	174	199	247	82	213	
130	72	130	155	4	129	42	194	22	1	80	18	40	194	33	73	120	43	34	210	98	158	3	241	4	0	154	128	20	25	33	136	
24	133	14	173	20	162	106	119	36	0	218	2	83	162	32	64	120	175	46	160	24	153	1	31	240	229	170	192	53	10	161	136	
38	100	194	137	84	163	170	74	22	131	121	2	0	200	125	0	121	8	19	145	2	182	8	194	20	14	155	172	213	91	112	128	
4	36	130	137	84	163	170	74	22	129	89	2	0	202	41	64	121	40	2	176	18	178	8	218	44	6	147	68	149	75	48	128	
2	141	2	154	212	130	174	231	180	3	90	18	104	234	48	64	121	107	51	145	50	154	0	255	40	38	158	192	149	72	161	136	
57	69	106	237	118	18	255	120	85	64	254	130	91	109	182	96	126	252	23	238	200	179	37	142	114	237	162	128	119	190	112	225	
2	156	114	155	86	131	186	198	190	65	82	179	44	222	50	64	127	59	179	133	162	155	14	255	60	6	158	194	21	4	161	217	
2	141	66	154	212	131	174	231	22	1	88	2	96	234	52	64	121	106	19	145	50	186	8	255	40	46	142	192	149	74	240	136	
134	64	130	155	20	163	170	192	30	3	83	18	72	202	57	72	123	41	19	145	50	148	8	222	8	6	155	196	148	9	49	128	
134	96	226	147	70	3	184	200	94	227	81	147	8	140	125	40	127	89	19	151	130	246	140	194	28	14	159	164	197	61	51	212	
2	188	22	159	253	133	190	239	158	27	88	50	172	254	104	0	239	123	147	129	114	91	138	255	61	22	159	234	20	88	161	139	
158	172	244	243	166	184	248	151	127	51	94	18	185	43	216	107	103	199	63	153	178	220	239	227	206	239	254	196	167	212	241	8	
41	241	57	249	189	221	197	191	87	93	252	8	183	216	26	224	217	10	31	77	219	40	114	183	239	221	182	120	82	8	212	234	
36	225	57	104	220	79	67	237	67	53	173	8	18	209	72	48	25	136	66	122	90	34	248	53	107	141	5	124	80	11	198	226	
1	10	80	229	54	138	224	3	124	33	74	226	151	2	128	104	114	44	42	8	129	184	197	15	132	166	58	64	108	128	81	168	
40	177	57	90	221	221	209	239	75	85	44	8	42	221	78	52	137	154	194	16	90	42	242	181	107	221	20	123	83	12	214	254	
220	81	63	252	42	78	95	56	161	222	166	40	127	215	131	123	102	245	253	234	105	71	187	13	243	235	97	152	34	179	38	115	
89	21	85	101	50	14	111	48	36	232	110	228	223	55	128	245	54	212	92	238	233	144	53	12	224	234	100	128	42	242	1	49	
112	40	18	24	73	145	16	74	170	148	160	9	34	194	100	144	201	161	234	128	14	107	194	113	145	144	131	63	81	0	106	130	
17	0	22	1	2	11	160	64	60	32	226	194	199	0	0	64	58	140	106	12	0	240	5	76	132	162	67	0	105	8	1	128	
16	34	20	169	14	11	96	72	94	32	66	194	199	0	0	64	114	132	106	1	0	240	69	28	148	162	3	16	112	8	17	0	
112	34	70	69	8	10	96	0	36	160	226	64	209	35	128	82	104	204	106	140	8	209	193	76	132	162	195	16	65	160	114	128	
9	16	149	101	32	14	101	48	60	170	98	68	223	51	0	230	148	76	124	12	129	240	81	8	196	251	101	0	74	226	1	49	
252	80	223	100	42	78	93	16	161	238	166	44	91	55	129	91	102	213	236	234	105	199	177	72	211	251	103	144	42	241	102	115	
72	113	21	101	1	78	67	48	101	160	2	64	222	19	0	246	0	84	120	72	1	128	81	12	193	250	69	16	10	2	65	34	
105	48	177	69	85	78	99	19	99	160	104	8	18	17	68	180	24	28	80	56	9	186	240	8	13	188	5	52	194	170	82	168	
120	233	16	186	29	137	82	232	139	4	168	9	46	217	72	20	136	234	201	66	78	43	202	181	249	212	1	123	82	15	94	10	
237	112	249	96	104	124	81	152	51	250	55	120	223	55	201	63	23	84	252	122	129	84	249	2	199	251	97	180	194	243	6	115	
236	112	181	68	201	78	69	184	121	242	34	88	214	55	65	63	17	84	104	106	97	84	249	2	197	186	69	54	202	113	198	50	
108	244	149	68	205	78	69	184	107	242	38	8	214	55	65	63	17	84	104	42	97	112	249	2	197	190	69	52	66	114	70	50	
32	32	6	141	72	3	96	73	166	160	226	0	128	131	0	84	72	12	106	12	0	203	195	80	4	32	147	24	16	0	114	128	
108	48	249	96	237	124	113	25	107	187	61	56	222	63	205	62	151	221	228	26	147	116	249	192	207	221	117	118	194	227	71	35	
98	233	128	154	9	153	2	192	139	49	136	9	174	192	96	214	129	98	234	81	66	75	202	241	153	20	13	123	18	14	27	14	
105	48	177	68	65	76	97	16	105	192	99	8	22	23	0	244	16	28	112	8	1	48	241	0	5	188	0	0	66	34	66	114	
60	48	185	99	189	127	113	25	111	253	191	56	223	53	76	62	181	30	236	24	27	240	249	2	207	223	53	118	194	75	199	243	
108	180	249	99	252	125	241	153	123	253	63	60	223	121	77	58	191	158	238	24	19	112	249	66	223	221	53	118	202	203	71	243	
64	32	22	77	72	3	160	73	166	160	226	136	129	130	36	64	104	140	106	136	0	251	199	16	20	160	19	8	81	8	97	136	
104	233	24	120	217	217	81	239	195	21	172	9	46	155	70	20	137	155	192	80	94	43	226	181	251	213	20	127	82	4	206	74	
42	177	185	99	249	125	81	31	75	249	61	56	158	61	76	60	159	27	213	16	147	122	248	210	79	221	53	255	210	74	198	191	
167	98	224	23	102	17	188	200	123	246	113	159	8	140	223	41	62	221	179	199	230	118	174	192	22	24	223	172	69	181	119	213	
6	189	150	155	253	165	188	239	158	59	88	50	172	254	104	64	255	91	51	145	114	90	138	247	45	22	95	238	144	72	161	139	
98	188	52	154	223	197	190	239	155	123	248	27	236	254	92	0	237	155	243	145	178	107	218	247	61	22	159	255	213	12	183	219	
163	218	96	218	125	209	216	198	95	87	244	191	42	204	182	116	203	169	191	197	238	175	118	247	23	94	144	219	87	156	124	94	
56	23	63	173	54	195	95	120	4	76	222	163	95	127	50	64	126	241	31	227	72	147	1	156	241	231	170	144	62	170	52	243	
228	181	180	115	173	127	87	173	255	127	189	24	206	123	78	63	153	86	108	50	126	65	251	215	239	219	215	119	210	82	207	199	
220	216	255	254	42	76	95	184	243	254	150	40	255	215	9	115	38	245	253	234	232	71	171	105	243	251	103	152	38	179	39	123	
162	234	96	88	253	217	216	207	95	125	180	189	42	140	86	28	203	171	207	20	254	111	110	247	63	94	21	251	215	140	222	223	
120	181	189	97	185	127	209	63	63	249	189	24	222	125	76	190	153	22	253	60	25	120	249	158	239	223	85	119	210	78	198	115	
27	69	107	205	118	18	239	112	117	192	222	198	89	111	183	100	126	236	23	239	201	177	37	206	114	45	175	128	47	178	112	241	
253	62	244	119	169	63	114	154	251	250	175	57	223	247	207	123	183	215	236	118	172	103	235	162	223	255	117	55	194	255	71	119	
29	95	119	69	118	26	239	112	117	228	127	230	91	77	181	228	126	252	22	238	225	177	53	238	118	239	35	128	111	187	101	241	
136	244	149	55	241	110	165	188	58	187	99	80	253	117	72	155	21	94	115	115	115	252	217	39	109	131	126	68	202	82	131	185	
252	108	110	118	139	89	76	172	245	182	166	24	99	203	89	123	33	244	121	234	104	71	159	34	243	203	213	57	97	49	238	42	
220	223	159	254	170	78	95	188	177	254	182	252	255	119	139	91	39	247	236	234	105	197	187	106	242	243	127	148	106	241	173	121	
0	141	2	158	148	130	46	231	54	3	90	18	104	226	32	64	121	106	34	128	114	152	8	255	40	38	158	64	148	74	176	136	
4	100	130	138	20	163	162	72	22	131	121	2	64	202	41	64	89	40	2	16	2	182	8	218	32	4	135	68	149	91	48	128	
2	141	2	158	148	131	174	231	22	1	90	2	96	234	48	64	121	106	19	145	50	186	10	255	40	38	142	192	149	74	176	136	
134	72	130	154	148	163	170	64	22	3	83	18	72	194	33	72	121	41	19	144	34	148	8	254	8	6	155	192	148	27	49	128	
15	190	160	26	251	213	187	222	155	93	61	173	172	220	222	164	135	123	215	21	150	42	238	243	46	93	28	251	223	87	143	223	
45	225	144	65	253	63	198	152	75	235	56	76	146	40	95	190	153	76	66	126	135	114	221	0	46	92	5	60	203	255	218	132	
45	100	128	65	221	63	198	152	91	251	57	76	130	40	95	188	153	76	66	63	135	114	221	18	46	28	5	60	203	255	218	132	
45	177	177	67	221	127	225	9	75	249	61	24	218	16	92	180	153	10	66	56	147	114	249	16	15	28	1	118	218	75	214	228	
45	181	249	67	244	127	243	153	91	249	61	124	218	125	222	60	159	26	86	60	151	114	249	146	79	93	33	246	207	203	194	247	
45	181	121	227	244	125	113	153	126	121	61	24	151	93	90	48	155	154	70	56	155	48	249	23	239	221	37	116	196	138	215	243	
13	190	173	31	184	214	149	186	190	223	84	244	244	244	203	171	23	114	248	29	183	73	175	61	108	35	125	216	138	116	143	121	
45	52	249	65	244	127	243	152	123	251	61	108	154	29	207	60	159	92	86	58	147	112	249	18	79	221	37	230	202	235	66	245	
69	186	143	22	168	213	17	184	190	221	6	236	244	246	234	162	149	115	232	21	131	73	171	53	200	18	125	250	136	96	5	121	
217	81	125	101	34	78	111	48	37	202	54	224	223	55	129	119	38	212	125	234	233	208	177	76	231	235	101	128	46	178	7	113	
80	32	19	168	10	193	32	72	230	0	224	75	134	192	32	64	104	173	106	129	12	99	219	80	144	32	11	59	121	8	35	134	
9	6	20	101	32	30	100	48	116	10	102	100	223	51	128	245	18	68	108	46	137	208	65	12	132	251	96	128	10	162	11	33	
73	17	149	101	49	14	98	48	101	136	110	68	223	51	128	246	4	84	124	76	1	240	145	8	133	255	96	16	74	162	9	33	
25	6	68	101	52	26	110	48	116	162	94	228	195	35	144	212	82	76	12	44	168	144	101	14	166	239	161	128	46	162	90	5	
73	113	17	65	53	30	66	16	109	168	46	76	222	19	192	244	144	84	108	106	201	160	145	12	167	252	5	18	10	130	74	33	
237	114	196	69	108	30	100	184	121	250	54	108	210	16	215	191	148	196	100	110	237	118	205	72	6	248	101	180	74	247	90	133	
212	112	251	100	98	108	123	208	59	238	183	40	95	183	193	122	183	221	108	250	9	87	185	66	215	239	103	181	225	243	103	115	
109	52	249	97	224	127	123	24	123	235	61	56	223	63	205	58	151	221	84	58	145	112	248	66	79	221	33	228	195	227	71	163	
108	52	249	101	96	126	123	24	123	238	63	40	223	63	205	58	183	221	100	26	129	118	249	66	223	221	33	36	233	227	71	243	
237	114	213	68	100	30	102	48	105	250	54	108	90	16	213	191	150	68	108	110	229	116	253	8	38	248	101	54	74	179	74	53	
109	177	145	69	65	94	102	176	107	224	34	76	90	49	68	182	144	68	96	106	1	112	249	0	15	254	69	54	202	58	74	52	
41	99	64	65	116	27	78	48	97	44	124	232	67	0	150	180	88	140	6	238	204	178	109	28	38	92	161	160	119	158	74	132	
109	48	249	97	244	127	243	89	106	253	189	40	223	61	201	58	191	220	100	58	155	114	249	2	223	221	37	100	224	227	71	243	
92	112	255	101	40	110	123	88	58	170	191	40	223	247	193	58	183	253	253	42	137	215	251	2	211	239	97	189	224	243	103	115	
2	252	22	158	125	133	188	239	158	27	80	50	172	254	56	65	239	123	187	129	50	79	74	255	61	22	223	234	20	8	161	139	
154	132	244	243	150	168	232	151	127	19	122	18	169	43	92	75	107	143	63	144	178	220	71	195	142	255	222	196	167	200	241	136	
41	145	121	233	252	205	117	191	95	125	124	28	179	93	26	32	217	138	22	60	219	56	123	151	239	221	181	124	94	138	212	251	
57	69	106	237	86	18	255	120	85	64	254	130	91	109	182	96	126	236	23	238	204	179	37	142	114	237	162	128	119	190	112	225	
2	140	34	155	86	131	186	230	62	65	90	147	44	206	48	64	127	59	147	133	162	152	10	255	60	38	154	192	21	4	177	217	
166	96	226	147	68	1	172	200	94	226	81	147	8	204	125	8	127	205	19	215	226	246	140	194	20	12	223	164	5	125	51	208	
152	83	127	173	54	71	95	120	133	76	214	167	223	119	162	65	126	245	93	235	233	131	33	156	243	227	234	144	54	186	52	115	
162	248	96	216	109	217	252	206	223	87	244	191	42	156	118	121	207	185	247	197	206	111	118	243	23	90	212	251	87	28	244	223	
3	172	98	155	86	131	186	198	30	65	88	135	44	206	54	96	127	187	147	133	166	154	14	255	60	14	154	160	21	12	49	221	
162	248	224	216	223	221	188	207	159	121	176	63	172	220	118	56	205	155	247	145	242	111	250	247	63	30	159	255	213	12	215	223	
29	93	99	70	86	214	239	112	245	196	255	198	123	239	181	116	126	236	22	238	201	177	52	238	115	239	162	128	111	183	100	245	
19	69	107	205	118	18	239	112	117	192	222	198	81	110	183	100	126	236	23	239	201	179	37	206	118	45	175	128	39	178	112	245	
84	181	181	99	168	111	84	189	127	251	187	124	214	127	76	51	147	87	108	48	252	97	219	22	251	222	101	118	200	98	199	23	
125	181	188	99	189	95	81	61	95	185	191	56	223	61	72	48	155	151	253	48	159	120	249	151	255	223	53	245	242	10	206	35	
220	122	255	254	40	78	93	184	187	190	246	108	255	215	137	91	118	245	253	234	233	71	251	41	211	235	103	156	38	179	38	51	
86	37	181	115	184	47	22	184	187	186	187	121	215	122	77	123	183	87	109	50	180	225	203	42	169	222	103	246	192	115	3	3	
36	108	130	154	20	131	162	200	22	131	81	2	64	200	33	64	89	104	2	18	2	182	8	186	32	6	135	0	213	59	48	128	
110	35	232	5	236	27	238	168	99	228	188	169	195	44	215	150	24	196	229	103	156	114	237	136	46	93	229	189	231	254	94	196	
2	141	2	158	148	131	174	231	22	1	90	2	96	234	48	64	121	106	2	129	50	184	10	255	40	38	142	192	148	74	176	136	
45	114	225	1	100	63	226	152	123	234	53	108	218	24	223	190	159	76	86	127	133	244	253	130	14	93	37	166	207	255	90	213	
134	72	130	154	148	131	170	192	22	129	83	18	72	202	113	72	121	41	19	211	34	150	8	242	8	6	159	128	148	59	48	128	
254	7	228	5	188	90	198	40	113	230	182	173	67	44	151	151	27	196	236	231	236	231	237	14	54	123	229	149	103	254	94	84	
45	116	249	65	246	127	251	152	123	234	125	108	219	29	221	62	63	220	86	122	129	244	253	66	79	221	37	164	239	243	67	245	
109	35	228	5	236	30	102	48	105	172	62	77	194	40	151	182	144	196	108	110	140	240	237	72	46	127	101	144	202	246	90	69	
109	112	241	69	98	94	127	144	121	234	118	108	219	28	215	62	54	220	116	126	193	244	253	74	6	255	101	164	207	243	67	245	
237	113	85	69	98	30	119	48	121	234	118	108	91	18	133	255	54	212	244	110	229	244	245	72	38	250	101	130	106	183	66	53	
124	112	251	101	98	110	123	80	57	238	127	104	91	55	197	58	63	221	116	234	137	246	249	66	87	239	99	164	225	243	102	241	
205	80	249	69	98	94	127	48	57	234	118	232	91	55	149	127	54	212	125	234	225	212	181	74	119	251	101	128	110	179	70	49	
201	87	84	69	50	30	102	48	105	234	126	100	223	50	132	247	54	196	108	110	229	176	117	78	38	251	101	128	110	242	74	21	
124	116	251	101	98	110	123	208	58	234	255	40	95	183	193	58	191	221	117	250	137	246	185	66	215	237	39	165	225	243	103	243	
41	213	121	235	244	79	109	189	87	121	125	14	211	21	154	100	93	138	22	44	251	56	121	151	111	221	180	244	126	138	208	249	
56	53	64	73	87	91	194	72	67	228	108	14	10	0	6	148	120	140	130	104	13	178	125	158	55	69	129	35	123	14	94	244	
73	19	148	69	49	30	102	48	109	136	110	68	222	51	128	246	148	68	124	104	133	144	17	72	166	253	32	2	10	162	9	37	
162	248	52	216	111	205	188	239	159	121	176	59	172	156	116	9	239	185	255	149	242	127	90	247	31	26	223	254	85	12	151	219	
2	220	150	157	124	133	184	238	158	27	80	50	172	222	112	64	239	27	191	145	34	95	74	247	29	22	159	234	20	24	33	139	
124	52	248	101	184	127	83	88	115	237	255	44	223	255	203	58	191	220	253	58	153	240	249	2	223	205	33	245	226	227	78	115	
130	164	244	243	182	168	248	143	191	147	91	18	173	106	92	75	167	43	63	145	178	88	203	243	142	222	222	192	164	192	129	137	
45	180	225	65	244	63	235	152	95	233	61	78	218	28	221	44	31	12	87	63	151	240	125	150	78	93	33	244	223	239	83	245	
75	176	224	16	235	116	188	223	59	247	53	191	8	174	222	190	175	143	247	149	151	91	190	192	30	89	223	239	239	196	143	215	
57	69	106	236	86	18	239	120	85	64	254	130	89	109	182	96	126	252	23	238	200	179	37	206	118	237	163	128	119	186	112	224	
2	140	18	155	86	130	186	198	190	1	82	147	44	206	48	64	127	123	179	133	34	155	10	255	60	38	154	128	21	4	161	153	
125	181	113	99	189	127	83	25	119	233	191	120	95	125	200	48	191	158	253	56	154	242	249	150	255	221	37	245	226	170	198	115	
162	249	112	216	237	221	252	237	223	125	180	63	170	156	118	57	207	187	247	209	214	111	242	245	63	88	94	251	87	12	215	223	
162	248	96	216	109	221	252	254	223	127	244	191	170	156	118	41	207	185	247	69	230	111	114	241	23	88	214	187	87	28	212	223	
166	97	226	150	68	16	174	200	16	224	81	131	72	236	127	41	126	237	51	231	192	242	174	224	20	8	207	172	69	127	115	212	
57	93	99	92	117	150	239	50	245	200	254	70	59	125	183	228	108	248	182	206	233	170	118	239	55	239	162	136	111	189	120	252	
234	185	118	208	253	221	248	213	235	125	180	61	174	159	86	55	142	187	215	84	182	107	242	245	63	88	20	251	214	132	206	223	
162	177	176	208	255	205	184	205	155	249	176	59	172	156	84	9	239	155	255	145	242	127	218	211	31	26	159	254	69	12	151	219	
92	165	148	98	185	47	110	169	59	186	171	104	223	115	77	158	183	215	124	58	56	65	203	74	152	158	79	118	194	231	131	1	
216	83	63	172	62	71	95	120	165	76	150	167	95	95	162	83	126	245	253	230	232	131	49	140	243	227	235	144	52	186	52	115	
92	114	254	237	40	126	127	152	59	238	246	173	255	255	195	90	247	245	253	226	201	215	235	138	211	255	111	157	34	243	39	115	
11	140	130	219	85	183	250	71	159	15	84	18	172	218	54	228	249	43	151	145	54	190	58	255	31	127	154	203	159	12	185	142	
2	140	18	155	86	130	186	230	62	1	90	146	44	238	48	64	127	123	179	129	34	155	8	255	52	38	154	128	21	4	161	153	
134	72	130	154	148	131	174	192	22	130	81	18	96	202	49	72	121	104	19	211	98	180	10	250	32	6	159	128	148	59	48	128	
2	141	2	158	148	131	174	231	22	1	88	2	96	232	48	64	89	106	2	209	114	186	8	255	40	38	143	192	21	10	176	136	
57	69	106	236	84	18	239	112	85	64	254	2	89	105	180	96	122	236	23	234	200	179	37	206	114	237	163	128	119	190	112	224	
130	232	148	157	124	129	184	206	159	59	240	26	172	202	112	72	239	9	127	129	98	95	203	247	28	22	223	234	20	24	33	137	
248	82	127	236	108	70	95	56	41	206	214	175	95	23	163	91	118	213	255	238	233	215	225	142	247	235	234	152	36	179	52	115	
61	149	121	195	244	95	227	249	87	121	63	126	219	85	220	164	127	140	22	62	219	176	125	150	111	205	37	244	255	139	208	241	
120	51	66	1	83	91	98	80	33	100	238	142	75	5	2	148	120	140	130	232	13	178	245	142	119	229	1	33	99	142	110	214	
45	53	121	65	244	63	235	152	95	233	63	110	219	25	221	172	63	204	87	127	145	240	125	206	78	93	33	228	239	235	81	245	
124	118	251	229	98	110	127	208	49	238	254	172	95	183	195	122	126	221	117	250	137	214	169	74	215	237	39	164	227	243	102	241	
125	114	251	101	98	78	127	80	113	234	118	110	91	23	197	58	126	221	116	234	201	214	177	74	87	237	231	160	231	243	102	241	
237	112	249	69	98	94	127	16	121	234	118	108	89	31	213	62	54	221	117	234	193	212	181	74	86	251	101	128	111	179	98	181	
205	81	241	69	98	94	127	48	121	234	118	236	89	54	149	255	54	221	116	234	229	244	181	74	38	251	101	128	111	243	67	245	
73	87	84	69	98	30	126	48	121	234	126	236	91	50	151	247	54	68	100	110	229	240	181	76	54	123	101	130	111	242	75	21	
127	176	226	82	235	244	188	83	171	255	149	159	8	254	222	190	175	167	245	149	149	67	190	192	91	89	223	239	207	100	191	215	
109	103	228	5	228	26	238	48	105	238	126	237	203	40	151	159	30	68	100	111	196	242	237	72	38	127	101	129	71	254	95	213	
111	183	242	78	249	213	30	248	139	236	28	237	104	252	222	180	151	127	245	21	135	67	170	243	59	92	5	191	206	230	14	87	
45	118	249	69	102	63	239	152	123	234	62	108	219	24	215	174	63	76	86	127	133	244	253	202	6	93	37	164	239	255	91	245	
41	215	105	207	124	20	205	188	85	72	252	198	249	78	191	228	92	138	22	237	239	170	119	255	102	255	178	136	63	158	120	253	
130	138	162	155	117	243	186	199	223	15	84	51	172	222	54	196	249	43	151	145	54	190	42	255	62	118	154	203	151	12	253	207	
106	178	112	24	239	217	144	223	203	125	52	191	46	140	222	150	143	147	199	21	150	107	246	241	30	81	20	255	223	140	223	223	
130	156	34	154	117	241	186	199	159	77	84	55	168	206	54	64	249	59	131	145	54	190	50	255	63	54	154	203	151	12	245	223	
134	165	212	147	244	168	232	143	191	19	91	18	236	234	92	75	99	75	63	145	50	88	203	243	140	158	223	196	132	64	193	136	
38	105	98	158	204	128	174	224	144	192	89	131	104	236	125	9	126	237	51	231	192	243	142	224	52	8	207	168	5	127	115	208	
226	185	180	209	237	141	184	77	187	185	240	59	140	158	84	27	238	187	255	81	146	122	194	209	29	24	223	254	197	12	131	155	
226	185	118	240	253	221	248	101	171	121	176	61	174	157	86	51	206	187	255	81	186	107	242	209	63	24	158	251	199	12	199	223	
162	248	100	248	109	221	252	228	159	122	240	63	174	157	118	41	207	185	255	7	234	111	114	241	23	88	218	251	87	28	212	223	
162	248	116	209	237	141	188	229	159	121	240	59	172	156	84	17	239	185	255	81	242	127	210	245	63	24	223	250	85	12	215	219	
126	165	222	34	221	123	82	233	251	244	175	12	79	232	94	150	187	198	236	122	61	99	255	158	186	215	5	127	239	239	206	84	
186	253	38	186	249	213	150	254	159	94	156	47	108	253	103	37	237	251	255	211	239	107	58	247	251	87	255	251	83	95	181	223	
57	87	96	79	125	21	207	188	85	72	254	6	251	108	159	228	92	202	150	236	237	170	119	175	103	255	176	136	127	158	120	253	
