香奈儿炫亮魅力印记唇釉	142 - 创造	https://i.chanel.cn/fnbv3/image/full/shades/rouge-allure-ink--142--6ml.0165142_S.jpg	https://i.chanel.cn/fnbv3/image/full/chanel__com_type1/skus_full/rouge-allure-ink--142--6ml.3145891651423.jpg
6	173	214	143	252	139	238	232	63	160	250	10	236	234	61	64	123	239	127	163	64	243	203	255	188	190	143	188	149	122	97	136	
0	4	130	137	196	43	168	67	30	3	91	18	140	170	32	72	123	11	2	144	18	188	65	194	4	54	154	64	149	74	177	128	
134	141	134	157	212	162	174	99	62	163	219	18	76	234	48	73	123	239	42	145	48	249	9	222	60	38	223	196	133	104	241	128	
134	13	194	144	212	162	174	99	180	131	91	18	72	234	49	72	121	107	51	147	48	249	0	238	60	38	159	192	197	105	241	128	
2	164	178	129	214	160	170	71	30	1	91	2	140	138	120	72	123	11	19	145	146	152	1	194	12	20	158	196	133	74	177	136	
2	180	176	211	228	172	184	71	90	11	89	34	140	252	124	72	255	27	179	145	146	56	138	195	12	28	158	238	149	78	177	129	
2	176	244	255	238	137	184	255	191	17	114	179	172	255	76	67	231	27	255	17	178	120	195	245	158	250	94	202	150	140	161	217	
134	45	226	211	214	162	172	67	61	131	91	19	76	234	52	72	127	175	23	149	176	251	14	206	62	46	159	192	133	100	161	129	
6	132	130	129	212	163	168	67	30	3	91	18	140	138	56	72	123	41	19	145	50	180	0	214	12	6	154	196	149	8	177	128	
98	176	176	210	237	245	184	79	11	107	89	47	140	190	126	40	159	27	179	145	146	58	186	211	15	28	159	239	213	78	167	215	
3	180	246	147	246	187	188	231	63	115	87	183	204	238	254	104	183	31	183	149	182	216	47	215	62	30	95	230	133	140	129	213	
10	178	116	251	237	213	184	223	159	93	212	191	172	223	238	100	207	27	255	129	150	107	226	209	206	115	186	251	22	140	133	223	
134	128	130	153	86	163	168	67	62	33	83	18	140	138	120	72	123	9	19	145	50	148	0	214	12	6	154	196	149	8	177	128	
3	182	224	155	246	189	186	79	27	77	121	175	172	204	222	32	191	27	151	149	150	58	174	211	14	28	30	238	213	70	135	223	
98	176	160	144	207	241	176	207	11	119	124	139	44	188	94	8	153	91	179	145	22	58	250	241	31	22	223	111	215	78	215	222	
29	87	107	197	118	22	239	120	116	236	222	230	89	109	183	96	126	236	23	238	201	179	37	206	114	109	167	128	47	187	112	241	
36	13	194	142	212	163	166	73	20	130	249	2	96	232	49	64	120	170	2	35	16	179	10	223	48	38	131	8	213	107	240	128	
3	182	226	145	242	179	184	255	63	117	94	183	12	174	254	44	63	31	183	149	183	216	165	215	62	30	159	230	175	196	167	221	
19	23	107	205	118	18	239	120	116	72	94	230	81	38	182	100	126	237	23	239	201	144	37	206	116	44	170	128	45	162	113	245	
10	178	116	153	239	217	176	223	159	125	20	191	172	156	238	132	167	27	247	21	151	107	106	241	30	81	62	255	222	12	157	223	
34	185	224	8	213	209	178	207	75	69	108	141	40	140	118	180	216	170	130	84	151	58	246	245	63	28	132	107	215	14	254	222	
43	233	82	74	85	149	114	228	67	4	100	14	40	208	246	180	88	232	130	92	199	58	252	245	62	92	133	107	123	158	122	140	
83	29	43	174	62	197	31	96	207	76	216	175	247	222	38	112	254	251	61	199	206	11	190	255	241	244	139	187	52	46	53	87	
82	159	71	190	187	162	94	167	165	25	138	237	111	111	32	91	231	231	253	164	28	203	9	253	186	246	213	211	186	230	168	91	
114	155	222	78	235	178	92	183	161	29	174	173	106	103	4	86	102	247	237	232	24	11	11	237	123	254	69	211	171	230	238	27	
216	159	250	78	187	240	87	151	231	13	174	48	106	247	134	244	55	246	236	152	186	41	169	243	123	253	4	83	227	194	228	45	
145	188	115	90	243	255	70	247	117	75	100	120	59	242	134	245	51	170	148	56	191	254	60	63	186	255	20	98	250	192	234	109	
32	63	91	110	114	199	126	114	49	72	124	237	49	215	32	16	126	250	147	234	227	186	16	127	119	173	32	168	123	130	110	187	
89	48	94	36	98	75	113	88	59	104	102	41	94	151	2	16	178	204	118	12	4	114	153	64	215	169	33	35	106	0	78	83	
33	34	113	73	109	29	225	88	235	188	48	72	138	196	212	182	141	92	230	12	131	114	234	209	7	24	1	62	83	136	70	245	
90	50	83	176	106	208	56	88	171	0	226	235	76	199	160	212	38	189	239	128	4	83	134	208	22	225	11	139	34	132	47	135	
19	32	119	65	66	91	168	72	127	96	114	194	89	158	148	164	58	157	242	140	133	240	165	208	21	232	3	130	101	0	99	164	
80	34	95	104	42	64	56	24	166	8	242	225	209	199	128	80	102	149	237	128	8	195	195	80	210	161	171	137	32	128	37	33	
106	50	204	36	32	24	88	16	33	12	182	173	79	35	130	22	6	197	237	140	12	64	209	192	194	251	96	145	106	164	10	19	
136	174	30	187	178	171	60	247	52	31	126	245	183	99	130	9	39	43	71	60	54	220	9	63	238	195	126	225	232	192	139	201	
51	4	165	69	29	31	171	96	126	160	226	70	195	40	148	167	220	212	122	173	173	241	117	142	37	94	203	18	75	44	80	164	
96	187	250	70	238	120	182	231	202	169	184	42	114	248	84	50	186	118	104	65	148	43	174	35	127	12	37	59	197	122	214	175	
241	173	107	54	244	239	219	167	90	237	120	31	51	252	86	49	153	238	21	125	191	250	252	63	251	237	173	248	101	72	210	94	
33	158	110	63	224	175	239	247	84	102	118	213	113	109	18	25	29	234	19	175	252	252	117	63	102	15	245	128	109	248	214	216	
36	59	221	86	238	41	180	231	202	186	56	105	50	233	69	26	175	127	98	3	80	114	138	96	92	142	117	42	201	122	195	139	
120	222	223	127	160	47	84	183	53	62	122	237	119	99	33	91	213	246	44	38	104	208	75	61	226	227	116	128	176	248	200	27	
227	127	143	150	234	0	47	231	168	218	168	252	52	226	193	19	166	239	112	199	97	71	134	98	180	32	239	168	8	112	163	121	
221	233	187	98	144	212	79	152	98	232	174	8	243	243	209	112	50	126	124	218	91	9	173	42	249	237	167	252	0	179	35	96	
108	174	128	246	237	13	78	144	51	179	36	24	71	227	81	31	17	238	97	26	56	82	200	162	126	158	213	61	162	248	218	0	
84	55	249	100	162	75	23	184	91	174	56	234	71	124	197	50	183	221	108	98	192	112	237	10	252	132	37	191	224	250	7	35	
12	126	153	179	178	171	163	222	30	187	56	236	151	193	225	9	31	91	66	50	3	240	72	48	236	199	53	116	216	91	3	177	
29	126	235	99	178	178	75	146	118	235	78	244	147	199	211	104	55	108	61	156	155	212	173	34	202	205	181	196	174	195	48	113	
149	228	158	163	150	43	182	140	122	179	10	250	215	56	73	171	179	79	88	51	53	241	141	46	172	70	15	119	172	115	155	132	
253	215	28	127	168	95	87	185	213	94	167	61	247	85	138	115	213	18	236	102	127	77	107	63	226	243	96	87	122	141	204	119	
116	211	221	103	178	11	87	188	2	189	47	236	215	103	137	82	23	84	108	114	217	80	105	60	236	134	101	244	248	251	132	49	
249	156	148	92	137	124	84	175	203	178	164	24	74	240	103	255	129	214	232	0	125	111	242	144	155	251	85	63	218	124	202	14	
245	22	29	38	168	111	71	57	0	238	177	124	215	117	139	27	156	196	108	38	249	231	249	14	241	163	97	52	104	251	134	113	
53	5	61	46	156	103	79	120	68	34	169	8	211	81	25	33	88	128	93	235	40	35	93	28	241	136	35	60	113	243	38	96	
60	37	162	3	213	127	230	77	113	165	111	27	74	40	94	158	57	206	192	49	28	248	189	2	63	70	20	71	227	94	222	198	
77	133	144	58	189	253	86	136	223	95	44	25	207	224	43	248	145	74	234	126	54	33	90	55	239	223	5	125	218	255	200	6	
96	52	189	117	237	110	209	15	83	251	243	56	146	61	68	59	137	159	101	1	57	254	241	2	71	255	80	115	193	73	214	179	
93	237	210	64	211	22	108	206	123	179	46	18	13	162	76	254	51	205	112	248	118	217	181	66	59	239	7	68	163	240	171	4	
93	98	154	100	160	120	76	144	96	134	166	28	215	35	83	90	33	196	108	30	28	69	165	0	218	235	101	1	160	241	74	64	
91	237	209	193	210	22	60	191	59	176	46	130	29	55	69	182	39	223	249	156	99	88	153	98	191	207	31	100	171	240	139	56	
74	125	163	183	145	205	63	180	187	228	11	141	253	239	90	18	134	127	249	199	192	216	186	255	237	118	158	48	10	150	135	122	
87	245	26	56	155	148	30	232	190	85	137	5	92	254	106	80	247	201	249	247	215	3	190	119	187	103	15	111	56	119	171	86	
99	132	199	92	81	150	106	232	55	192	234	64	96	230	36	244	89	252	162	172	9	147	187	206	63	190	197	10	75	170	104	180	
20	168	159	178	234	201	177	200	238	148	160	42	117	254	106	50	163	123	106	17	6	99	174	49	217	131	119	123	113	0	7	203	
66	162	46	126	8	144	152	200	166	148	192	193	225	206	116	66	205	123	233	129	142	67	202	49	154	177	175	153	20	0	47	82	
31	111	34	54	213	140	238	248	245	136	235	79	107	232	63	144	184	233	66	239	204	177	30	238	51	126	5	0	107	55	106	134	
5	172	58	58	253	213	242	254	255	89	108	0	252	222	102	32	149	107	18	28	183	43	58	119	107	223	23	107	210	6	235	207	
25	39	34	163	117	155	242	80	119	44	222	175	106	201	178	0	248	236	135	77	142	179	140	255	254	69	163	161	103	14	122	195	
112	184	90	122	74	193	16	200	227	145	176	170	38	221	100	50	171	243	238	128	15	107	202	113	154	128	5	59	117	8	46	2	
114	170	73	122	104	145	72	200	163	60	176	233	99	207	196	150	207	243	237	128	10	67	234	241	154	208	169	187	113	128	102	101	
58	34	83	76	106	82	56	88	51	132	244	233	73	167	164	148	127	221	231	128	0	211	138	192	94	243	69	171	99	160	46	131	
35	32	30	76	41	95	152	72	222	96	176	72	210	216	54	164	216	73	122	5	133	99	214	208	19	26	3	59	89	12	107	132	
105	56	56	26	45	157	144	72	207	208	164	12	190	216	118	166	137	98	250	5	135	107	218	113	153	25	5	59	90	12	11	7	
9	253	112	77	248	29	148	190	95	48	60	108	190	120	197	180	151	75	70	104	231	104	99	95	46	223	37	62	90	248	75	141	
40	127	81	95	251	219	150	182	95	232	60	104	190	53	133	180	134	127	198	64	225	40	121	127	39	215	53	186	90	91	131	191	
44	95	115	126	240	201	55	244	189	12	127	237	238	247	169	20	158	122	199	66	98	176	106	47	103	247	36	155	66	219	70	251	
41	141	43	158	116	143	239	254	223	76	92	5	250	205	190	64	213	106	23	111	227	169	62	255	102	127	39	136	30	142	80	248	
188	64	106	236	84	19	234	120	85	0	245	2	91	201	185	97	120	168	23	234	200	183	36	156	114	233	162	128	119	171	112	128	
6	121	22	154	236	133	188	198	142	25	112	34	172	222	33	73	238	59	59	211	82	29	130	241	4	48	154	202	148	25	161	129	
181	64	111	206	68	130	235	112	212	194	215	194	113	197	181	101	120	172	22	239	233	183	36	140	80	40	227	128	53	187	112	228	
151	76	71	174	6	146	234	112	229	194	211	199	81	206	181	225	126	228	31	239	237	151	36	204	144	106	235	128	45	191	120	212	
239	107	98	94	111	16	254	224	201	204	244	175	104	232	183	183	254	228	246	231	196	99	174	232	54	120	197	171	79	190	122	149	
134	249	178	154	239	197	188	198	158	89	80	35	172	222	101	9	239	123	179	209	66	90	26	241	21	16	222	235	144	29	165	219	
216	89	127	252	6	194	55	118	228	194	214	162	61	151	161	97	98	244	61	194	97	159	36	236	242	235	230	129	45	176	37	57	
251	81	119	236	109	78	111	120	49	232	246	78	90	119	161	247	126	244	127	238	233	247	177	204	119	250	199	146	47	190	96	113	
166	107	226	30	239	145	190	228	219	214	244	175	40	204	119	143	238	235	227	199	196	107	238	233	54	24	197	187	87	127	126	206	
2	175	42	155	247	209	191	231	31	77	92	163	172	236	54	0	255	107	147	213	54	58	46	255	110	23	158	235	213	12	181	223	
130	249	178	154	207	197	188	198	158	94	80	59	172	222	103	9	239	123	179	209	70	95	154	241	63	16	222	171	149	93	183	223	
48	61	59	235	60	207	219	120	143	204	252	2	255	255	34	32	254	251	95	225	11	163	120	191	241	213	43	49	113	10	39	243	
130	168	130	155	84	161	168	194	30	3	80	18	172	202	112	72	123	43	19	145	34	188	2	243	12	6	154	192	149	8	49	136	
130	168	130	155	84	137	170	198	30	3	80	18	172	202	96	72	121	43	2	144	2	190	74	243	12	6	154	224	149	8	49	136	
50	132	66	132	84	130	234	231	181	33	218	2	72	170	56	64	123	173	31	161	40	179	0	207	56	38	138	196	5	10	112	136	
212	49	61	111	8	77	85	57	228	26	167	24	247	83	8	59	132	16	108	106	169	101	123	5	195	235	96	20	64	130	195	35	
2	4	66	140	84	162	170	97	164	0	218	2	72	234	48	64	120	172	14	161	40	179	0	206	48	38	138	132	21	42	113	128	
32	5	2	137	84	163	162	67	20	1	248	2	0	128	32	64	120	40	2	176	16	187	0	222	52	4	130	72	85	10	32	128	
134	141	134	151	212	162	174	99	188	131	91	18	104	234	48	64	121	47	51	145	48	185	8	238	60	38	159	192	133	104	177	128	
6	164	130	137	212	162	170	67	30	1	89	2	140	138	56	64	123	11	19	145	18	186	0	194	28	4	154	196	149	74	177	128	
2	176	244	223	250	137	184	239	63	17	114	178	172	238	124	64	231	27	255	129	178	248	195	209	174	58	94	202	20	132	161	153	
6	180	240	211	228	160	184	75	91	203	89	163	140	252	92	8	255	27	183	149	146	58	206	194	14	28	159	238	133	79	243	209	
6	48	240	210	237	44	184	75	75	251	121	59	140	190	124	10	159	27	183	17	146	118	138	194	15	30	219	238	212	111	195	211	
2	132	130	129	148	163	170	67	62	3	91	18	12	202	56	64	123	41	19	145	50	148	0	214	12	6	154	196	149	10	177	128	
57	85	106	237	118	19	127	120	85	64	254	166	91	125	182	224	126	252	151	238	205	179	37	142	242	237	163	128	119	190	112	241	
2	180	246	153	246	155	184	239	191	113	82	183	204	190	126	97	183	27	183	149	178	216	46	215	62	30	223	230	148	140	165	221	
38	5	226	154	212	162	174	71	20	131	219	18	72	234	52	64	121	171	19	145	176	187	0	206	56	46	143	192	149	106	241	128	
2	178	116	249	238	217	184	223	159	93	84	183	172	223	238	64	239	27	255	1	150	72	226	241	30	82	154	235	22	140	133	223	
19	164	226	145	214	179	188	231	63	99	90	147	76	238	254	32	127	155	151	149	182	216	44	215	62	14	159	198	133	196	177	213	
130	128	130	153	20	163	168	65	62	35	83	18	140	138	56	72	123	9	19	145	50	148	1	210	12	38	154	196	148	8	177	128	
6	180	224	147	246	177	186	203	27	99	89	183	140	140	222	40	191	27	147	149	146	60	174	211	14	28	155	238	213	205	151	213	
25	87	107	205	118	18	255	112	116	76	254	230	89	61	182	96	126	236	23	238	201	177	37	206	118	237	162	128	47	178	112	241	
3	165	226	209	214	178	254	231	63	195	90	147	72	238	254	96	127	223	151	181	182	154	36	198	62	14	159	196	133	204	241	220	
3	180	226	145	214	147	184	255	63	117	94	183	12	174	254	36	63	155	151	149	182	216	164	247	62	14	159	230	167	132	183	221	
39	182	224	10	241	253	186	91	27	109	125	173	8	204	254	60	159	27	151	21	150	58	238	211	14	28	25	239	223	206	207	215	
11	186	112	153	250	217	184	223	31	117	84	191	44	140	246	164	175	27	183	21	151	120	38	243	30	86	30	235	95	140	143	223	
35	183	224	74	241	253	178	95	75	109	125	175	8	252	238	180	221	10	130	20	151	58	252	211	30	28	17	239	219	78	222	215	
48	189	107	174	118	197	91	242	19	73	120	203	55	255	32	80	254	251	23	199	43	154	24	63	247	229	160	168	52	10	54	251	
208	190	122	90	178	248	86	135	127	15	238	56	34	245	228	117	119	254	132	144	190	126	164	127	187	239	52	75	241	192	230	47	
226	159	219	78	250	168	94	167	187	9	186	253	96	235	4	80	183	247	109	144	50	43	138	119	62	174	36	219	201	226	226	27	
19	157	30	187	178	175	29	183	61	95	74	85	247	114	2	105	183	107	28	165	252	216	25	61	168	210	127	194	184	80	161	77	
161	189	91	127	112	135	238	246	52	72	124	64	48	247	36	48	126	250	19	236	99	154	24	127	103	172	160	160	121	130	98	153	
72	56	126	80	98	202	112	82	59	32	118	41	28	147	128	48	34	189	119	0	0	210	128	80	86	41	33	163	107	128	103	131	
18	50	87	33	2	30	184	64	60	36	226	231	77	142	132	144	182	29	238	128	133	209	129	64	150	227	43	130	97	128	39	149	
88	18	76	229	32	6	73	16	52	36	230	197	199	7	0	80	86	149	109	140	136	208	81	12	196	227	171	128	32	128	36	112	
19	0	37	101	45	31	200	0	69	104	242	68	195	8	148	166	200	196	124	13	141	241	117	140	129	250	138	16	73	12	80	84	
99	50	200	132	96	8	88	16	41	72	178	237	71	11	134	18	134	196	125	132	140	64	193	64	198	184	160	144	8	128	74	83	
33	32	126	60	76	209	176	72	230	208	160	2	241	216	118	34	201	233	122	129	15	99	206	81	24	121	139	59	93	0	123	134	
41	141	239	47	244	111	231	183	228	79	250	133	115	125	18	0	185	102	83	47	245	184	125	63	101	47	101	144	237	250	210	218	
184	255	219	103	190	9	167	245	202	168	184	110	183	233	68	2	190	127	76	67	89	41	136	34	232	133	37	56	77	58	199	139	
56	236	43	166	244	235	199	247	64	170	88	107	183	89	16	33	153	238	85	43	248	190	204	47	241	207	45	240	101	122	214	171	
93	89	158	190	162	46	23	188	168	220	174	13	247	114	11	90	167	231	108	102	137	195	57	40	240	231	101	16	168	115	131	123	
29	126	239	115	178	187	111	222	54	235	142	228	159	199	211	56	55	110	93	190	171	208	45	40	234	207	39	180	170	241	35	121	
68	166	243	84	210	11	55	232	115	162	98	234	86	225	64	51	51	252	98	48	32	242	142	78	124	38	69	46	229	224	102	160	
157	251	29	51	186	223	83	252	134	252	182	236	223	103	171	43	39	80	204	126	57	225	105	60	234	195	101	116	250	187	1	113	
101	164	210	182	246	138	102	192	59	162	98	77	70	227	73	16	51	110	0	60	38	210	136	42	60	132	5	102	168	248	82	128	
223	183	109	114	184	95	91	185	185	126	183	252	91	93	158	179	39	213	253	254	249	69	61	119	251	251	101	244	46	165	198	113	
101	81	213	101	168	47	87	184	34	232	58	237	215	53	137	58	22	84	124	110	137	240	121	28	228	174	101	148	232	251	2	113	
124	112	189	112	137	125	85	143	227	247	166	25	147	253	75	27	129	210	233	16	30	101	243	0	203	211	85	61	192	124	214	90	
244	210	213	101	56	14	83	184	34	248	163	236	215	119	201	83	22	212	108	126	233	100	217	28	200	170	101	52	104	163	66	49	
228	64	157	251	140	13	69	156	70	51	163	24	215	83	89	91	193	196	105	90	106	100	91	32	193	171	212	20	208	121	192	34	
236	20	148	94	105	116	85	155	83	94	237	53	226	243	15	255	209	198	236	32	46	102	251	3	199	255	84	31	210	116	108	95	
110	61	162	30	237	124	151	194	177	206	252	61	230	252	71	158	221	122	229	67	188	227	242	42	67	119	80	59	194	125	94	215	
236	180	172	115	249	109	115	154	119	127	173	29	211	113	75	25	145	202	236	60	186	100	219	51	207	223	69	125	218	125	74	114	
105	48	156	245	237	47	209	27	91	187	246	24	150	185	64	42	143	31	124	25	56	254	211	2	197	223	81	126	202	73	138	163	
89	173	146	64	209	86	108	71	115	159	238	16	8	34	71	254	233	238	104	152	124	251	179	66	59	255	151	77	195	64	238	142	
74	237	131	246	213	196	110	167	179	25	79	16	188	247	88	150	129	123	121	207	123	217	154	231	239	127	158	104	2	87	146	106	
75	253	169	186	249	229	93	207	63	93	136	5	188	167	115	88	129	75	123	221	54	75	155	243	249	87	158	108	146	84	179	218	
97	160	215	87	123	156	160	200	250	176	32	8	116	242	204	178	179	126	98	24	35	81	186	113	15	42	69	38	65	32	67	164	
116	96	232	36	128	108	69	144	96	198	166	13	211	35	83	90	65	196	104	28	12	66	245	0	219	169	69	1	224	241	78	82	
24	237	98	1	213	95	228	239	115	245	46	27	11	168	86	148	57	206	66	125	118	249	189	86	59	79	5	101	227	124	223	206	
105	136	144	126	73	149	90	200	223	17	228	8	170	200	126	240	201	235	234	28	142	107	222	179	15	253	148	57	90	12	106	14	
24	34	183	188	42	203	33	72	215	176	226	170	223	229	160	4	51	249	238	1	0	241	15	29	216	130	65	49	118	168	37	35	
64	48	152	100	32	12	81	18	32	168	36	72	23	55	64	50	132	85	221	24	1	64	144	0	203	137	37	48	72	224	10	51	
40	229	106	124	253	65	214	239	241	22	236	141	99	233	63	16	217	202	195	108	110	99	210	39	123	255	133	29	74	252	254	154	
8	172	59	122	253	205	243	207	255	93	108	1	190	221	118	32	129	43	19	25	22	104	58	119	111	95	23	105	210	0	199	234	
58	175	98	170	87	147	242	192	183	132	204	143	111	201	50	196	122	234	131	13	14	179	140	255	250	84	5	11	103	142	118	198	
98	34	76	157	74	143	56	72	170	164	100	143	68	194	70	18	238	237	99	4	2	83	218	81	84	33	139	57	28	128	91	144	
75	32	7	76	9	82	168	72	246	192	178	192	217	222	148	228	248	213	122	137	141	227	239	192	21	122	139	8	67	4	97	36	
50	34	71	229	2	23	168	80	54	164	242	197	73	175	4	144	254	221	230	132	12	211	129	76	146	226	163	129	65	128	39	144	
33	48	20	40	45	79	144	72	206	104	176	72	222	216	22	32	136	9	106	1	141	99	223	144	145	88	11	58	88	12	75	134	
82	34	14	169	8	6	88	72	182	36	194	133	195	142	50	64	220	133	105	133	140	195	211	16	209	225	139	25	0	0	60	82	
97	162	56	58	45	157	80	140	203	117	44	13	167	72	90	144	129	130	205	13	14	104	250	49	139	217	21	125	80	142	222	74	
141	125	80	95	122	159	150	176	223	160	109	232	252	254	133	180	6	127	210	66	229	56	124	126	38	223	5	50	90	187	11	173	
156	215	51	94	123	77	63	248	189	68	109	205	110	231	45	148	182	91	195	102	99	131	58	63	115	247	5	10	82	191	39	241	
11	141	35	216	116	207	239	238	223	72	92	1	255	237	52	100	208	106	19	79	131	169	58	255	99	127	131	8	18	142	117	248	
188	4	106	236	68	51	234	120	85	128	245	2	83	201	185	97	120	168	23	234	168	183	36	140	82	233	162	140	119	171	112	128	
6	249	22	155	236	133	190	198	142	26	88	34	172	222	97	73	239	123	187	211	66	11	2	241	36	16	158	170	148	89	161	139	
223	4	199	164	6	50	238	80	228	194	211	198	89	238	185	235	126	228	63	239	173	151	36	200	144	106	235	132	45	231	112	116	
123	85	119	206	125	22	78	120	237	200	254	78	106	123	180	245	126	228	190	238	233	163	60	253	55	122	193	138	63	190	104	53	
34	253	102	158	207	209	190	230	139	212	120	171	44	252	119	3	234	251	243	199	68	107	186	249	55	16	207	171	85	126	247	222	
223	30	206	166	2	34	107	80	161	194	215	231	89	235	179	91	126	229	61	238	169	215	140	202	210	235	235	132	173	231	41	17	
10	175	42	153	247	209	191	231	31	77	92	163	172	236	54	0	255	43	147	133	22	186	38	255	110	87	158	235	85	12	181	223	
2	156	43	187	255	193	187	231	30	69	88	183	172	254	38	64	239	59	147	129	38	186	50	255	109	55	158	203	149	12	181	254	
88	149	55	238	121	207	95	248	165	196	254	8	254	119	40	117	252	241	127	106	105	131	121	253	241	248	15	26	50	46	37	114	
128	232	130	155	68	139	170	198	22	3	80	18	168	202	96	72	121	42	2	144	34	188	11	243	12	6	146	96	149	9	49	136	
16	132	10	140	84	130	170	97	180	1	218	2	81	202	56	64	122	173	27	161	32	187	0	222	180	167	171	68	5	10	112	136	
216	124	28	114	9	237	85	99	182	150	164	25	191	95	0	27	137	177	233	2	104	79	82	39	195	195	84	25	66	64	166	26	
237	144	61	103	40	77	85	56	96	58	183	24	215	83	72	59	149	212	108	42	233	100	251	1	193	219	97	28	64	163	194	35	
0	201	2	159	76	129	170	96	30	0	88	10	168	202	49	64	120	168	19	195	66	186	26	253	53	0	138	40	85	11	113	136	
32	5	2	137	84	163	160	67	20	1	120	2	0	128	32	64	120	42	2	176	18	187	0	206	52	4	146	72	213	10	32	136	
6	36	130	137	212	163	170	75	22	1	89	2	8	138	56	64	121	10	19	145	18	186	1	194	44	4	154	196	149	75	177	128	
6	141	130	154	212	162	174	103	182	131	91	18	108	234	48	64	123	47	19	145	48	185	8	238	60	38	159	192	133	72	177	128	
2	176	214	159	242	136	184	239	191	17	82	178	236	190	44	64	247	31	63	129	50	216	139	213	28	58	222	194	20	0	161	153	
38	36	224	195	228	32	250	66	91	163	121	130	136	172	93	40	255	139	23	145	146	182	204	194	12	28	155	236	133	79	115	133	
6	132	130	145	148	163	170	67	62	3	91	18	72	202	56	72	123	41	19	145	50	180	1	222	12	6	154	196	148	72	177	128	
57	69	106	237	118	18	127	120	85	64	254	130	91	77	182	96	126	252	151	238	201	179	37	142	114	237	162	128	119	190	112	241	
3	148	242	153	246	131	184	239	191	113	82	179	172	254	124	96	247	59	183	149	182	216	12	247	60	30	158	198	149	12	161	221	
38	141	194	158	212	163	174	103	20	129	91	2	104	234	52	64	121	234	19	177	48	186	8	238	56	46	143	192	149	106	240	128	
103	48	240	210	236	60	248	26	91	235	125	171	140	252	223	56	151	223	183	149	150	54	174	194	30	30	155	238	199	231	83	215	
7	160	224	147	230	177	184	202	30	99	81	147	140	140	126	40	63	27	147	149	150	180	172	211	12	30	155	230	213	77	51	213	
61	85	107	197	118	18	239	112	116	192	222	230	89	111	183	96	126	236	23	238	201	178	37	206	118	45	167	128	47	178	112	241	
3	172	98	145	214	147	186	255	63	97	90	151	40	174	254	32	127	155	151	149	182	154	45	247	62	14	158	228	135	132	241	221	
167	50	224	19	102	185	184	202	91	239	117	191	136	204	223	168	159	9	179	149	135	118	238	210	14	30	91	239	223	205	15	213	
160	189	59	186	118	199	111	246	22	12	88	42	55	247	32	112	255	251	23	195	234	154	56	63	253	133	170	168	52	138	54	235	
120	159	91	46	242	160	175	183	56	10	250	237	113	239	4	80	183	127	101	226	115	43	136	47	120	237	47	216	73	82	227	153	
64	32	76	233	74	14	105	16	55	36	98	133	69	7	0	80	118	156	107	140	0	208	209	80	87	170	131	0	32	128	0	32	
93	217	190	190	170	78	31	188	236	218	142	44	255	114	11	115	39	119	125	235	237	201	63	61	240	239	111	145	168	115	169	27	
0	42	94	85	82	138	56	82	59	160	98	224	21	147	4	16	54	253	66	128	33	216	4	78	4	166	35	0	109	160	35	129	
17	32	31	37	82	11	40	64	54	160	98	194	87	38	128	48	54	221	110	165	45	208	5	76	148	162	107	0	105	160	35	48	
112	168	40	186	13	129	145	200	198	148	128	11	182	216	90	2	201	226	107	1	10	99	219	49	217	1	143	61	81	8	119	66	
96	4	125	69	44	75	193	32	108	168	178	104	214	56	132	35	138	68	126	41	169	225	101	12	4	186	99	146	68	40	81	33	
1	48	9	161	96	13	169	16	40	232	96	77	149	22	80	50	132	77	91	13	129	208	240	64	205	160	43	32	8	0	3	240	
185	221	127	47	188	78	87	191	244	218	186	49	119	125	17	99	42	230	125	107	248	237	15	46	233	235	101	16	101	248	212	107	
185	93	127	239	56	79	79	112	164	142	254	64	119	83	161	49	126	240	92	234	105	135	57	62	241	233	165	144	34	179	38	161	
156	127	31	183	62	11	135	252	180	170	182	124	255	65	201	3	62	244	76	106	105	101	137	46	240	193	37	48	106	185	129	57	
253	217	190	62	186	14	87	188	162	220	166	13	255	115	131	83	38	229	124	126	232	79	187	40	249	235	101	24	168	179	3	123	
220	121	95	102	40	14	87	248	225	172	166	76	115	83	1	83	50	244	77	106	104	199	153	44	243	233	101	16	42	179	102	51	
160	38	213	101	114	11	166	56	112	178	34	200	209	33	128	19	63	84	66	42	224	240	73	14	108	130	101	20	69	232	3	160	
223	62	109	114	170	159	95	184	189	254	135	184	91	127	159	63	39	213	253	254	249	69	47	126	250	219	101	212	166	181	70	113	
157	122	221	51	42	219	83	184	183	252	182	252	223	71	195	43	39	240	236	126	233	69	107	62	202	195	101	212	106	177	1	121	
100	168	158	18	201	217	144	198	234	181	160	25	128	186	102	26	137	119	234	17	22	107	202	113	93	147	85	127	208	64	143	142	
221	208	205	101	48	14	75	184	32	248	134	76	215	55	209	115	54	196	125	238	233	196	249	12	233	139	229	148	40	179	66	113	
213	231	85	101	178	11	110	184	96	168	58	236	211	3	193	48	54	220	76	110	225	176	205	14	172	136	37	180	108	178	3	49	
96	168	148	19	137	153	148	166	202	51	160	24	128	184	100	138	129	119	234	16	22	105	202	113	13	50	95	119	208	80	143	142	
228	80	157	232	140	77	69	157	96	246	167	28	215	83	73	91	65	196	104	106	121	102	251	0	225	162	69	60	88	121	196	114	
238	180	245	127	105	124	157	152	59	127	189	61	238	124	159	63	151	87	253	35	167	102	251	19	215	127	117	191	214	246	135	215	
232	20	180	95	121	126	81	27	91	223	237	61	194	116	78	254	213	30	236	32	190	102	251	3	79	255	80	31	210	102	78	119	
106	48	184	112	137	109	17	15	139	191	164	25	142	189	65	58	129	151	253	17	26	75	243	16	219	211	85	127	210	68	6	123	
232	181	144	95	249	116	65	13	115	175	237	16	232	50	78	254	217	142	236	144	62	218	251	195	15	255	214	91	130	66	238	6	
108	180	172	113	253	47	113	27	63	255	165	29	210	113	79	27	145	140	239	60	42	116	251	26	207	223	85	116	218	108	86	114	
105	32	156	115	237	111	81	31	123	191	119	24	158	49	74	46	139	30	108	24	18	248	211	2	207	223	80	119	202	72	138	163	
82	168	150	86	203	156	48	194	235	145	160	8	40	242	68	118	161	115	104	16	6	75	138	225	25	250	87	123	194	0	107	14	
116	48	169	100	136	76	69	16	96	198	166	13	211	55	67	90	192	196	105	14	9	98	241	0	219	169	69	16	200	242	70	114	
202	229	161	250	249	69	79	173	59	123	13	25	252	183	73	148	145	75	123	158	99	74	219	119	239	223	158	126	146	86	166	250	
160	189	174	16	213	95	244	103	115	255	190	29	2	188	86	21	169	142	194	145	252	235	179	198	59	86	21	111	195	68	254	222	
8	185	184	123	245	205	241	167	255	25	108	0	190	157	80	160	129	58	131	17	19	104	154	119	239	215	22	107	210	8	223	170	
104	169	32	58	77	157	82	200	223	53	160	9	174	200	118	148	201	106	226	69	14	107	218	177	223	93	21	59	82	14	74	206	
0	34	81	205	74	11	43	72	55	164	234	200	198	195	0	212	30	216	234	136	0	178	79	94	4	22	1	34	114	138	4	160	
65	33	216	100	32	12	89	19	34	164	44	8	23	19	64	48	6	21	80	8	0	8	176	0	203	141	5	48	72	128	74	42	
137	237	48	87	209	221	238	230	247	63	167	24	168	170	86	181	169	235	66	202	102	254	184	127	47	223	22	33	67	85	203	206	
40	181	44	76	221	13	213	191	23	31	236	13	242	237	28	20	221	218	227	36	250	42	251	31	111	255	133	124	219	124	214	250	
58	185	40	90	203	213	145	206	131	21	236	11	34	157	102	52	201	154	211	208	10	43	250	177	123	85	148	123	115	14	254	250	
1	48	76	165	50	11	56	3	60	32	74	197	215	3	2	64	86	13	31	4	4	144	85	12	196	143	170	128	44	128	27	147	
115	33	10	184	13	145	192	72	231	0	128	8	146	216	118	240	200	161	120	193	14	99	206	81	146	16	139	59	88	2	58	6	
51	34	15	169	0	7	104	67	52	36	226	197	209	10	0	208	252	141	55	132	13	210	81	0	148	234	171	128	9	0	98	144	
81	32	20	41	47	15	144	72	79	32	194	10	214	152	16	36	200	29	106	1	141	115	215	208	148	48	11	58	88	8	9	6	
98	41	33	186	9	193	73	72	135	20	128	137	175	199	96	212	200	176	217	193	10	3	218	241	209	208	139	59	18	134	38	98	
108	161	104	96	140	77	83	152	34	245	172	9	19	77	90	16	153	128	65	92	26	96	250	17	235	205	5	125	224	138	214	82	
143	205	22	94	217	157	190	232	191	18	108	136	127	254	45	181	191	123	242	74	99	109	58	127	51	255	5	8	82	243	139	180	
43	153	40	216	85	157	227	182	143	73	92	0	186	253	52	100	201	58	19	93	131	40	114	253	111	223	150	104	26	8	216	186	
188	4	110	236	68	50	236	121	85	130	247	18	91	137	185	105	120	140	23	170	168	183	36	142	82	235	226	132	119	251	112	128	
130	253	22	155	237	133	190	230	142	26	88	34	172	254	97	66	239	123	187	67	66	26	2	243	45	16	222	170	148	88	161	139	
215	0	239	197	134	34	237	89	117	226	215	210	81	174	189	111	126	133	63	189	185	213	165	202	208	42	234	132	165	240	240	244	
107	159	102	78	125	150	254	226	205	72	254	14	104	248	182	244	236	226	182	230	205	43	126	253	54	126	131	139	95	174	120	21	
34	253	54	158	207	197	190	231	143	94	216	47	172	254	118	3	239	123	179	195	198	123	154	249	61	16	223	171	21	92	183	223	
130	232	130	155	69	141	170	194	30	1	80	18	168	202	112	72	121	42	2	211	2	188	26	243	5	20	154	104	21	9	49	136	
16	133	14	172	20	130	170	115	180	0	218	2	81	234	40	64	120	172	14	160	24	155	0	14	240	167	170	64	49	10	49	136	
237	48	61	97	44	15	67	184	97	186	55	88	211	17	201	59	149	212	108	106	233	116	249	0	197	155	97	52	66	179	66	33	
248	148	188	250	9	109	85	45	162	55	165	24	223	127	72	27	129	151	233	2	106	69	251	19	195	227	80	29	210	64	134	26	
32	201	2	158	92	133	170	232	22	8	248	2	168	136	48	0	120	170	2	195	66	186	66	253	53	16	138	40	21	27	48	136	
38	36	130	137	212	163	170	74	22	1	89	2	8	202	121	64	121	8	2	177	18	178	0	202	12	6	154	196	149	75	112	128	
2	141	2	154	212	162	174	231	52	131	90	18	104	234	48	64	121	107	51	145	48	154	8	255	56	38	158	192	149	74	161	136	
38	36	226	195	84	32	234	194	91	163	121	2	8	168	125	8	123	205	19	145	130	182	200	194	28	12	158	164	197	123	112	128	
2	156	246	155	214	131	184	231	62	17	82	179	172	238	52	64	119	59	179	149	178	216	2	247	60	46	158	194	149	4	161	217	
2	141	2	154	212	163	174	231	20	129	90	18	96	234	48	64	121	106	19	145	114	186	8	255	56	38	143	192	149	74	240	136	
6	4	130	129	148	163	170	66	30	3	91	18	76	202	56	72	123	41	19	145	50	148	0	214	12	6	154	196	149	75	49	128	
57	69	106	237	118	18	127	120	85	64	254	130	91	77	182	100	126	252	151	238	200	179	37	142	114	237	162	128	119	190	112	225	
103	112	224	215	102	56	248	152	123	227	117	187	8	252	223	60	191	221	183	159	134	118	238	194	22	62	223	174	199	247	82	213	
3	184	114	153	246	131	184	231	63	113	82	183	44	206	118	96	127	59	151	149	182	152	6	247	60	14	158	226	21	12	177	221	
135	96	226	147	70	49	184	200	30	227	81	147	8	140	127	40	127	25	147	149	134	182	173	194	28	30	159	230	197	93	51	213	
61	85	107	197	118	18	239	120	116	192	222	230	89	111	183	96	126	236	23	238	201	179	37	206	118	45	167	128	47	178	112	241	
3	172	98	155	214	147	186	230	63	97	88	151	40	174	246	32	127	171	23	149	182	154	44	247	62	14	158	224	149	140	177	221	
56	29	123	191	118	195	255	112	20	76	124	167	117	125	48	80	254	187	23	227	168	186	24	61	245	199	171	128	53	138	52	243	
157	253	31	183	170	30	95	253	176	214	166	180	255	199	131	35	46	119	93	238	105	197	187	47	224	225	79	16	42	181	163	120	
17	55	19	229	50	14	47	112	60	40	90	228	213	39	128	112	54	77	20	174	225	144	1	78	228	174	43	128	40	162	35	177	
114	32	66	8	75	1	104	72	167	0	224	11	0	195	36	20	104	141	107	136	8	67	218	80	16	48	131	11	107	4	42	130	
16	32	28	169	44	11	160	8	94	32	66	64	199	136	16	96	218	29	106	1	12	240	199	16	132	162	139	16	84	8	81	128	
96	32	207	69	80	10	104	0	60	160	98	193	81	35	0	80	114	204	123	172	32	208	193	76	84	170	226	0	41	160	114	128	
64	18	149	69	44	15	165	48	108	170	114	96	215	33	128	99	6	84	110	40	161	240	65	12	68	170	99	16	64	168	65	33	
1	33	33	161	36	78	105	16	104	232	72	64	151	23	16	114	128	77	92	13	129	208	241	0	197	172	43	176	8	2	3	241	
220	222	191	247	174	74	87	191	241	186	178	120	255	121	25	75	167	247	109	99	232	229	139	40	241	227	119	16	100	241	165	43	
221	217	255	62	42	78	95	188	243	252	134	41	255	247	139	115	38	229	125	106	233	69	187	41	251	235	103	152	46	179	7	75	
221	121	94	254	42	206	87	184	161	220	166	44	127	87	131	83	118	245	108	106	105	71	251	44	241	235	101	152	42	179	98	115	
220	85	95	100	40	70	95	120	165	142	174	36	95	115	161	115	118	244	125	234	105	131	49	12	243	235	101	144	42	243	102	51	
220	126	31	246	42	79	87	188	181	254	150	124	223	119	139	15	39	244	236	106	105	101	235	42	242	211	117	60	106	249	1	49	
16	168	150	53	11	139	160	200	190	176	96	9	99	226	100	130	169	109	106	1	6	241	142	29	29	162	13	55	81	40	75	134	
137	36	85	101	32	11	108	56	48	162	98	196	215	35	129	25	23	76	100	46	105	240	73	12	172	138	101	0	104	240	2	161	
221	94	125	118	40	127	87	158	191	254	175	188	223	215	203	255	55	245	236	46	169	69	239	58	210	219	117	190	234	253	4	117	
247	204	244	118	42	43	90	168	187	178	163	153	79	249	93	187	183	213	121	103	44	71	203	114	219	254	81	126	231	245	67	2	
237	48	189	100	40	110	81	24	33	250	39	120	223	55	201	191	7	84	253	42	169	68	249	0	195	251	97	180	194	241	6	115	
237	85	149	100	137	79	69	184	96	242	163	92	215	53	73	127	1	212	104	106	121	100	249	0	233	170	69	52	74	249	198	112	
236	183	244	91	249	126	87	153	123	127	173	61	202	124	78	255	209	158	236	50	190	102	251	130	207	255	117	127	194	231	206	215	
44	52	188	103	237	111	113	27	123	255	61	29	222	49	78	30	145	30	238	28	26	112	251	18	207	223	81	54	202	234	198	243	
108	176	185	96	237	125	113	155	107	251	61	56	158	255	77	62	151	19	236	16	19	98	251	208	207	221	87	126	194	67	71	35	
48	134	214	85	66	11	160	234	54	160	98	194	65	225	164	85	51	108	34	40	32	241	7	30	28	46	69	4	97	168	65	160	
120	161	184	42	137	72	80	141	235	21	173	9	142	249	74	18	129	195	232	81	30	107	202	17	251	245	20	127	194	2	206	10	
96	48	185	100	64	76	81	19	96	198	110	8	19	55	64	114	80	212	105	8	9	122	241	0	207	173	5	0	64	162	70	114	
47	165	148	99	249	127	79	189	59	59	173	24	216	115	76	183	217	90	125	186	123	64	251	243	239	223	223	255	146	67	218	162	
44	177	184	115	253	237	241	155	107	61	61	24	158	249	78	62	155	26	238	24	19	120	251	161	207	221	20	103	194	74	199	163	
44	181	181	105	249	127	213	63	31	127	189	28	210	125	92	148	157	154	253	60	27	122	251	159	111	223	85	118	210	108	214	243	
106	185	57	72	249	213	145	207	75	125	172	8	158	159	68	52	137	155	211	16	26	43	250	241	127	221	21	127	210	8	199	239	
104	169	42	18	221	221	83	199	203	53	172	9	42	205	102	20	137	58	195	80	90	43	234	177	127	85	21	123	82	14	222	234	
121	233	18	58	91	221	18	200	239	180	160	10	46	218	102	180	168	169	226	64	70	43	154	241	59	212	5	63	83	14	43	142	
1	32	7	237	44	10	160	75	126	160	66	66	197	128	144	96	248	12	106	9	0	252	197	16	132	162	155	0	68	8	113	172	
32	34	6	45	72	3	104	73	166	128	224	193	193	195	48	16	88	140	106	140	8	195	195	80	84	162	131	8	80	128	34	128	
81	32	22	188	79	137	192	72	206	176	128	10	198	216	112	130	162	165	106	65	6	99	138	17	145	64	1	62	80	10	3	6	
124	225	24	106	153	213	82	204	67	49	173	8	51	83	74	48	217	218	88	88	94	11	250	49	251	205	5	125	48	2	206	10	
100	161	169	96	212	77	67	152	34	224	172	8	19	21	73	48	25	220	81	88	27	50	216	0	255	141	5	116	193	171	86	114	
97	33	185	100	80	76	105	19	97	229	108	12	19	3	64	52	16	140	64	8	17	24	176	64	69	156	0	32	72	130	70	248	
32	253	172	83	252	253	228	166	247	127	186	29	162	120	94	21	137	202	106	193	254	238	243	119	47	30	84	99	193	81	246	206	
41	201	33	219	245	157	235	183	207	13	124	0	186	216	54	228	200	42	23	221	203	40	114	189	239	221	158	106	18	10	208	238	
9	225	33	218	125	221	235	255	207	73	124	8	190	221	124	164	216	42	23	93	211	42	50	253	111	93	150	104	26	14	209	238	
188	4	102	236	196	34	204	89	85	130	247	18	91	137	185	73	120	140	23	168	184	183	5	138	210	239	226	132	247	248	112	128	
157	4	238	193	134	50	237	95	116	227	214	146	25	47	190	106	127	204	63	188	185	253	165	194	94	175	246	196	167	240	240	224	
34	189	178	158	223	197	190	230	155	91	88	59	172	254	36	1	237	123	147	129	242	43	146	255	61	20	222	171	21	92	181	219	
10	159	43	191	119	211	185	103	29	77	95	163	172	175	182	64	238	59	151	129	50	152	32	255	102	119	186	195	23	14	181	251	
99	143	102	94	125	149	250	230	207	76	252	15	104	232	182	212	207	227	147	197	166	43	110	255	62	62	134	251	87	14	124	207	
128	72	130	155	4	129	40	194	22	0	80	18	40	194	33	73	120	42	34	210	98	190	3	241	4	0	154	0	20	25	33	136	
24	133	14	173	20	162	106	119	36	0	218	2	83	162	32	64	120	175	46	160	24	153	1	15	240	229	170	192	53	10	161	8	
237	120	253	69	100	15	71	152	121	186	54	104	211	17	209	63	23	68	108	106	233	116	233	10	199	155	101	52	66	179	66	33	
92	180	148	118	169	104	80	143	163	55	173	25	207	247	72	26	129	215	237	16	10	69	219	145	211	247	85	63	226	84	134	18	
68	181	149	35	240	46	164	61	58	187	123	88	212	113	72	27	151	95	123	59	179	240	201	6	44	38	125	244	200	114	131	177	
38	100	194	137	84	163	170	74	22	131	121	2	0	200	125	0	121	8	19	145	2	182	8	194	20	14	155	172	213	91	112	128	
2	141	2	154	212	130	174	231	180	3	90	18	104	234	48	64	121	107	51	145	50	154	0	255	40	38	158	192	149	72	161	136	
57	69	106	237	118	18	255	120	85	64	254	130	91	109	182	96	126	252	23	238	200	179	37	142	114	237	162	128	119	190	112	225	
2	156	114	155	86	131	186	198	190	65	82	179	44	222	50	64	127	59	179	133	162	155	14	255	60	6	158	194	21	4	161	217	
2	141	66	154	212	131	174	231	22	1	88	2	96	234	52	64	121	106	19	145	50	186	8	255	40	46	142	192	149	74	240	136	
134	64	130	155	20	163	170	192	30	3	83	18	72	202	57	72	123	41	19	145	50	148	8	222	8	6	155	196	148	9	49	128	
134	96	226	147	70	3	184	200	94	227	81	147	8	140	125	40	127	89	19	151	130	246	140	194	28	14	159	164	197	61	51	212	
2	189	150	155	237	133	188	239	30	27	88	50	172	254	104	65	231	27	179	145	114	88	10	243	45	22	95	238	16	88	161	139	
27	69	107	205	118	18	239	112	117	192	222	198	89	111	183	100	126	236	23	239	201	177	37	206	114	45	175	128	47	178	112	241	
167	98	224	23	102	17	188	200	123	246	113	159	8	140	223	41	62	221	179	199	230	118	174	192	22	24	223	172	69	181	119	213	
56	23	63	173	54	195	95	120	4	76	222	163	95	127	50	64	126	241	31	227	72	147	1	156	241	231	170	144	62	170	52	243	
34	189	48	154	223	205	188	239	158	125	88	59	172	254	118	0	205	123	243	145	114	122	218	247	61	22	158	235	149	76	151	219	
220	216	255	254	42	76	95	184	243	254	150	40	255	215	9	115	38	245	253	234	232	71	171	105	243	251	103	152	38	179	39	123	
220	81	63	252	42	78	95	56	161	222	166	40	127	215	131	123	102	245	253	234	105	71	187	13	243	235	97	152	34	179	38	115	
89	21	85	101	50	14	111	48	36	232	110	228	223	55	128	245	54	212	92	238	233	144	53	12	224	234	100	128	42	242	1	49	
112	40	18	24	73	145	16	74	170	148	160	9	34	194	100	144	201	161	234	128	14	107	194	113	145	144	131	63	81	0	106	130	
17	0	22	1	2	11	160	64	60	32	226	194	199	0	0	64	58	140	106	12	0	240	5	76	132	162	67	0	105	8	1	128	
16	34	20	169	14	11	96	72	94	32	66	194	199	0	0	64	114	132	106	1	0	240	69	28	148	162	3	16	112	8	17	0	
112	34	70	69	8	10	96	0	36	160	226	64	209	35	128	82	104	204	106	140	8	209	193	76	132	162	195	16	65	160	114	128	
9	16	149	101	32	14	101	48	60	170	98	68	223	51	0	230	148	76	124	12	129	240	81	8	196	251	101	0	74	226	1	49	
252	80	223	100	42	78	93	16	161	238	166	44	91	55	129	91	102	213	236	234	105	199	177	72	211	251	103	144	42	241	102	115	
72	113	21	101	1	78	67	48	101	160	2	64	222	19	0	246	0	84	120	72	1	128	81	12	193	250	69	16	10	2	65	34	
26	151	106	191	246	147	189	119	157	77	94	231	108	238	190	64	254	59	151	165	212	153	36	223	118	119	186	131	55	14	189	251	
253	62	244	119	233	63	114	154	251	250	175	57	223	247	207	123	183	223	236	118	172	119	235	162	223	255	117	55	194	255	71	119	
237	112	249	96	104	124	81	152	49	250	55	120	223	55	193	63	23	84	252	122	129	84	249	2	199	251	97	182	194	243	6	115	
236	112	149	68	201	78	69	184	121	242	34	88	222	55	65	191	17	84	104	106	113	84	249	2	133	186	69	54	202	113	198	50	
108	244	149	68	205	78	69	184	121	242	34	8	222	55	65	190	17	84	104	42	65	112	249	2	197	190	69	54	66	120	70	50	
4	36	130	137	84	163	170	74	22	129	89	2	0	202	41	64	121	40	2	176	18	178	8	218	44	6	147	68	149	75	48	128	
109	48	249	96	237	124	113	25	107	187	61	56	223	63	205	190	183	221	244	26	139	116	249	194	95	223	101	54	226	227	70	35	
106	233	144	186	153	153	18	135	139	53	136	9	174	130	66	150	129	115	233	80	86	11	202	177	187	213	29	123	18	14	143	14	
105	49	17	76	97	28	98	16	105	96	107	72	90	21	133	244	20	156	112	108	137	48	241	64	7	184	0	16	74	134	66	52	
44	52	249	99	253	127	115	88	111	237	191	60	223	253	76	58	187	222	254	24	147	240	249	18	223	223	49	118	194	203	199	243	
108	48	249	99	253	125	243	216	107	253	61	28	223	57	221	186	155	222	102	24	147	112	249	0	95	221	37	118	203	235	199	243	
108	181	188	99	189	127	215	185	127	255	189	60	202	122	78	54	217	70	236	58	222	96	251	182	239	223	231	119	210	99	206	199	
109	181	185	99	189	127	209	27	47	249	189	8	218	125	76	188	153	30	255	60	155	122	249	158	207	223	53	246	210	106	194	243	
45	181	249	99	253	125	211	25	75	233	61	56	154	61	220	188	155	31	86	24	151	114	248	210	79	221	53	126	218	202	198	167	
108	177	185	73	221	125	65	159	99	125	45	8	26	117	76	180	153	26	192	24	19	58	248	17	111	221	21	111	210	74	198	242	
64	32	22	77	72	3	160	73	166	160	226	136	129	130	36	64	104	140	106	136	0	251	199	16	20	160	19	8	81	8	97	136	
32	32	6	141	72	3	96	73	166	161	226	0	128	131	0	84	72	12	106	12	0	203	195	80	4	32	147	24	16	0	114	136	
100	177	185	67	221	237	67	137	67	33	45	8	18	85	72	52	25	218	66	88	27	58	248	49	109	156	5	124	194	11	198	162	
107	33	193	69	77	29	234	24	107	232	104	72	90	24	212	180	24	204	112	92	133	114	252	192	14	60	5	60	203	166	90	132	
45	181	185	67	245	253	211	27	67	105	61	56	146	93	222	180	157	26	214	24	159	58	248	147	79	221	49	126	203	206	218	247	
1	159	23	229	48	142	97	55	172	9	106	68	183	51	0	112	132	54	108	40	209	152	17	15	229	174	50	64	8	130	129	57	
45	244	193	67	221	61	198	220	75	235	120	76	146	240	221	188	217	74	18	30	143	50	254	162	47	28	5	62	219	255	218	180	
41	183	105	195	245	221	235	253	71	105	125	78	179	29	222	36	89	138	22	29	159	58	125	183	111	29	160	244	223	138	216	244	
153	140	238	225	150	50	237	215	116	115	94	18	25	43	208	106	107	206	63	152	184	252	165	226	94	239	246	196	167	208	240	104	
35	14	98	94	125	245	154	194	223	77	252	15	40	204	55	100	207	171	151	133	166	47	110	255	23	62	146	139	87	13	124	207	
2	189	22	158	255	133	188	239	158	27	88	50	172	254	96	64	239	123	179	129	114	27	2	255	61	22	222	170	16	92	161	155	
220	223	159	254	170	78	95	188	177	254	182	252	255	119	139	91	39	247	236	234	105	197	187	106	242	243	127	148	106	241	173	121	
252	104	110	118	139	89	76	172	245	182	166	24	107	203	89	251	33	244	121	234	104	71	159	34	243	203	213	57	99	49	230	42	
231	96	224	87	102	24	252	200	123	242	117	155	72	204	223	60	127	205	55	207	196	118	174	194	22	30	223	172	103	245	114	197	
0	141	2	158	148	130	46	231	54	3	90	18	104	226	32	64	121	106	34	128	114	152	8	255	40	38	158	64	148	74	176	136	
4	100	130	138	20	163	162	72	22	131	121	2	64	202	41	64	89	40	2	16	2	182	8	218	32	4	135	68	149	91	48	128	
2	141	2	158	148	131	174	231	22	1	90	2	96	234	48	64	121	106	19	145	50	186	10	255	40	38	142	192	149	74	176	136	
134	72	130	154	148	163	170	64	22	3	83	18	72	194	33	72	121	41	19	144	34	148	8	254	8	6	155	192	148	27	49	128	
47	191	34	90	249	213	155	220	159	77	124	173	40	220	254	164	159	59	151	85	151	42	62	255	107	93	13	235	223	142	143	255	
126	161	228	4	207	123	214	200	195	244	172	171	74	108	95	158	185	212	233	167	12	99	255	208	26	87	197	63	231	127	94	86	
126	244	228	20	203	115	214	232	147	246	172	139	74	108	95	159	153	213	233	163	108	99	255	136	59	83	197	55	231	119	126	86	
254	119	228	12	155	82	87	248	17	238	188	175	74	108	159	151	126	213	205	227	252	99	237	142	58	99	197	183	103	254	94	87	
47	98	225	65	100	63	234	216	91	234	53	222	72	12	223	172	31	204	118	95	133	118	253	194	6	92	37	172	207	255	90	213	
45	54	225	65	245	63	227	216	91	233	125	78	26	189	221	60	63	204	22	62	147	178	253	130	95	28	37	228	239	239	82	245	
29	190	174	30	187	86	23	184	22	222	84	229	120	117	139	167	149	118	253	54	167	193	59	47	107	71	101	223	138	244	62	119	
239	98	224	69	108	29	238	152	123	250	52	220	74	8	215	191	30	204	118	127	229	118	237	192	22	88	101	188	207	253	90	213	
77	186	174	22	169	215	21	184	182	254	22	109	240	244	170	167	21	102	236	36	165	193	43	61	73	3	101	217	138	100	28	115	
217	81	125	101	34	78	111	48	37	202	54	224	223	55	129	119	38	212	125	234	233	208	177	76	231	251	101	128	46	178	7	113	
80	32	19	168	10	193	32	72	230	4	224	79	134	192	32	64	104	173	106	129	12	99	219	80	144	32	11	59	121	8	35	134	
9	6	20	101	33	30	100	48	117	10	102	100	223	35	128	245	18	68	108	46	137	208	193	12	132	251	96	128	10	166	10	33	
73	17	148	101	49	30	98	48	101	136	110	68	223	51	128	246	4	68	124	76	137	240	145	8	133	255	96	16	74	162	9	33	
25	6	68	101	52	26	106	48	116	164	110	228	203	33	146	212	114	76	12	44	172	144	101	14	166	239	161	128	46	166	90	5	
73	115	16	65	53	28	66	16	109	168	46	76	222	19	192	244	20	68	204	106	201	48	209	140	170	253	1	18	10	134	74	37	
252	39	100	5	151	90	70	184	113	230	254	175	75	108	151	149	89	196	204	230	236	242	109	142	170	111	165	149	103	246	94	87	
124	112	251	100	96	124	123	216	41	238	247	44	91	183	197	122	127	221	252	234	73	86	249	66	215	255	103	172	227	243	102	113	
109	112	241	69	103	126	123	216	123	234	53	108	90	25	213	190	63	204	118	122	129	118	253	194	87	94	97	164	239	243	66	165	
125	112	249	100	102	124	123	216	121	234	119	108	91	63	197	62	63	220	100	122	137	118	249	194	87	223	101	36	235	243	70	177	
253	71	84	69	182	26	78	48	97	172	190	236	75	32	151	247	22	196	236	110	236	240	237	142	54	121	37	145	111	190	90	5	
109	35	212	68	237	30	70	48	107	168	46	76	74	32	214	246	148	196	236	126	141	112	237	140	46	124	5	114	202	174	90	5	
57	99	96	65	85	91	78	104	69	228	236	143	75	8	150	148	88	136	130	238	76	178	109	156	62	93	133	53	119	142	126	196	
109	52	249	97	228	127	115	216	123	235	125	108	91	189	205	62	63	220	102	26	137	246	248	66	95	221	37	36	235	243	70	241	
92	112	251	101	40	110	123	88	59	170	183	40	223	247	193	58	183	253	253	42	137	215	251	66	215	255	97	191	226	243	103	243	
2	252	22	159	125	133	184	238	158	27	88	50	172	254	32	64	239	123	179	129	50	30	66	247	45	22	158	234	16	8	161	155	
60	140	230	227	212	50	108	215	117	179	255	18	27	43	180	74	107	142	63	153	186	254	101	194	222	239	254	196	167	200	240	136	
47	183	97	195	244	63	235	217	95	105	125	238	83	72	254	164	93	138	23	61	155	178	125	150	14	92	161	228	223	207	210	245	
57	69	106	237	86	18	255	120	85	64	254	130	91	109	182	96	126	236	23	238	204	179	37	142	114	237	162	128	119	190	112	225	
2	140	34	155	86	131	186	230	62	65	90	147	44	206	48	64	127	59	147	133	162	152	10	255	60	38	154	192	21	4	177	217	
166	96	226	147	68	1	172	200	94	226	81	147	8	204	125	8	127	205	19	215	226	246	140	194	20	12	223	164	5	125	51	208	
101	44	244	119	248	46	118	136	123	179	171	41	223	251	205	58	183	223	108	54	28	243	203	42	223	222	69	54	192	243	67	3	
152	83	127	173	54	71	95	120	133	76	214	167	223	119	162	65	126	245	93	235	233	131	33	156	243	227	234	144	54	186	52	115	
3	172	98	155	86	131	186	198	30	65	88	135	44	206	54	96	127	187	147	133	166	154	14	255	60	14	154	160	21	12	49	221	
19	69	107	205	118	18	239	112	117	192	222	198	81	110	183	100	126	236	23	239	201	179	37	206	118	45	175	128	39	178	112	245	
34	252	52	155	221	205	188	239	158	121	88	27	172	254	102	0	205	59	179	145	178	126	90	247	61	22	158	235	149	12	151	219	
26	151	107	142	246	146	191	119	157	77	95	231	109	239	170	192	118	187	151	165	208	153	36	223	114	103	170	130	55	142	189	249	
109	183	240	99	253	63	82	249	107	185	185	108	223	249	205	48	159	222	110	50	158	112	201	150	255	222	37	118	194	239	198	131	
34	204	98	154	125	241	186	198	223	95	116	59	40	204	55	64	207	187	147	5	166	47	106	255	23	30	154	171	87	29	117	223	
220	122	255	254	40	78	93	184	187	190	246	108	255	215	137	123	118	245	253	234	233	71	251	233	211	251	103	156	38	179	38	51	
45	181	249	99	253	127	91	89	95	233	61	8	91	249	222	52	159	158	118	56	155	50	249	146	95	221	37	252	255	235	210	225	
36	108	130	154	20	131	162	200	22	131	81	2	64	200	33	64	89	104	2	18	2	182	8	186	32	6	135	0	213	59	48	128	
126	177	224	4	139	87	151	232	3	238	188	175	74	252	71	150	157	213	253	163	204	99	251	200	59	87	69	191	227	118	94	87	
2	141	2	158	148	131	174	231	22	1	90	2	96	234	48	64	121	106	2	129	50	184	10	255	40	38	142	192	148	74	176	136	
255	119	108	4	238	27	222	248	137	230	190	175	73	44	215	151	62	229	215	231	236	115	236	204	54	89	229	183	111	255	94	213	
134	72	130	154	148	131	170	192	22	129	83	18	72	202	113	72	121	41	19	211	34	150	8	242	8	6	159	128	148	59	48	128	
126	150	228	69	155	87	87	184	81	238	214	175	74	124	134	183	61	212	253	162	172	243	253	158	251	127	197	151	111	124	124	87	
175	114	226	68	100	30	238	216	121	234	118	110	88	136	215	191	62	204	118	239	229	246	172	192	22	121	101	164	79	191	90	213	
122	33	228	5	11	90	86	40	97	228	174	137	75	44	86	150	91	196	232	38	12	241	253	136	154	127	197	19	103	246	94	86	
239	115	230	69	102	30	238	112	105	234	118	236	75	40	151	183	54	196	118	239	229	114	173	200	54	121	101	128	111	183	90	213	
235	87	118	68	118	30	126	48	105	234	62	236	75	40	151	247	54	196	236	110	229	177	165	206	54	123	101	146	111	182	74	85	
253	112	243	68	98	94	111	80	121	234	118	110	91	157	213	190	126	220	54	234	201	246	189	202	86	255	101	134	111	243	98	181	
207	81	119	68	98	94	111	48	105	232	118	108	89	55	149	247	54	212	252	234	225	212	181	200	54	250	101	128	111	182	98	53	
217	7	86	69	54	26	110	48	125	174	126	228	75	32	150	245	54	196	236	110	236	176	37	206	166	255	37	130	110	230	74	5	
125	112	251	68	98	94	119	216	113	234	246	104	91	255	197	62	126	252	118	234	201	246	184	74	87	255	101	172	107	243	102	241	
2	140	18	155	86	130	186	198	190	1	82	147	44	206	48	64	127	123	179	133	34	155	10	255	60	38	154	128	21	4	161	153	
57	51	66	72	85	95	195	88	67	236	252	14	10	196	166	148	120	140	130	104	13	178	124	156	55	69	129	35	123	14	126	247	
73	3	144	69	49	30	98	16	109	8	126	68	206	35	130	244	22	68	236	76	140	144	225	192	166	253	32	131	10	166	72	5	
2	220	22	159	125	165	184	238	158	27	80	50	172	254	32	64	239	59	179	129	34	30	66	247	13	54	154	234	20	24	33	155	
34	88	226	158	125	245	184	194	223	79	112	55	172	220	55	72	207	187	147	133	166	47	114	251	23	22	154	171	213	93	117	223	
125	118	251	100	122	127	123	216	123	238	125	104	91	247	199	60	63	252	118	122	137	246	168	74	87	221	37	172	235	243	70	241	
26	133	244	243	214	40	236	151	127	179	127	18	233	43	92	75	107	207	63	153	186	248	13	227	174	255	254	192	167	192	241	136	
175	99	234	133	228	27	238	216	91	238	212	239	73	204	223	175	62	204	183	247	204	118	236	192	22	89	239	165	111	255	90	213	
15	186	225	19	251	217	186	215	123	125	28	255	172	172	214	172	39	75	215	157	151	88	238	243	46	92	157	238	223	212	143	253	
57	69	106	236	86	18	239	120	85	64	254	130	89	109	182	96	126	252	23	238	200	179	37	206	118	237	163	128	119	186	112	224	
94	236	214	254	11	8	78	172	187	146	226	136	111	227	73	219	115	245	105	202	104	71	219	235	179	254	215	25	38	243	42	10	
45	36	251	67	244	191	235	216	127	229	125	42	91	253	223	180	63	236	86	126	147	178	236	186	94	221	5	116	231	239	86	229	
162	252	180	209	253	205	184	207	190	121	80	57	172	158	70	0	143	27	243	17	114	126	210	247	45	22	159	235	148	12	135	219	
162	252	48	217	125	205	184	239	158	123	80	59	172	158	102	0	207	59	179	17	242	126	82	247	45	22	158	235	213	28	151	219	
166	97	226	150	68	16	174	200	16	224	81	131	72	236	127	41	126	237	51	231	192	242	174	224	20	8	207	172	69	127	115	212	
216	83	63	172	62	71	95	120	165	76	150	167	95	95	162	83	126	245	253	230	232	131	49	140	243	227	235	144	54	186	52	115	
47	166	106	203	244	179	203	216	87	233	253	230	81	76	255	164	95	136	23	191	159	178	109	150	14	77	171	244	255	207	120	213	
124	173	208	98	223	187	66	200	115	161	169	10	75	233	93	156	59	254	227	122	26	114	221	190	159	223	5	125	231	239	74	130	
124	44	210	103	249	42	106	200	123	163	171	136	207	235	93	158	187	255	104	122	8	242	203	234	156	222	5	60	231	247	74	0	
124	114	254	254	104	28	95	184	185	142	246	172	127	247	203	122	118	253	253	234	201	71	235	235	211	255	231	184	38	243	38	113	
30	151	107	170	182	179	187	249	21	77	221	231	77	239	190	64	126	155	151	167	155	139	45	255	250	103	170	204	63	143	181	241	
124	126	134	150	137	126	71	206	187	254	190	12	110	226	75	158	57	230	236	210	41	103	187	234	185	247	127	191	235	119	111	117	
134	72	130	154	148	131	174	192	22	130	81	18	96	202	49	72	121	104	19	211	98	180	10	250	32	6	159	128	148	59	48	128	
2	140	18	155	86	130	186	230	62	1	90	146	44	238	48	64	127	123	179	129	34	155	8	255	52	38	154	128	21	4	161	153	
2	141	2	158	148	131	174	231	22	1	88	2	96	232	48	64	89	106	2	209	114	186	8	255	40	38	143	192	21	10	176	136	
57	69	106	236	84	18	239	112	85	64	254	2	89	105	180	96	122	236	23	234	200	179	37	206	114	237	163	128	119	190	112	224	
38	105	98	158	204	128	174	224	144	192	89	131	104	236	125	9	126	237	51	231	192	243	142	224	52	8	207	168	5	127	115	208	
250	83	127	236	110	70	95	120	53	206	246	175	95	119	163	115	126	213	191	238	233	151	35	206	243	251	231	136	54	190	36	115	
126	254	211	190	73	76	71	252	51	222	250	77	106	226	79	222	121	237	236	194	77	87	219	227	177	246	231	191	43	119	110	95	
121	49	64	9	83	95	67	88	99	108	236	46	10	133	130	180	120	140	134	200	13	178	245	152	119	229	33	33	107	142	110	246	
43	186	112	26	235	153	152	222	219	125	52	191	172	204	214	148	143	59	198	21	134	106	238	241	30	81	20	251	95	140	207	223	
125	112	251	76	98	94	127	88	121	194	246	232	91	255	245	190	126	252	54	234	201	246	180	202	118	255	69	40	111	179	98	245	
237	81	243	68	102	94	111	120	121	202	118	110	89	223	149	254	126	252	54	234	205	246	164	202	54	123	101	138	111	179	98	181	
251	83	119	68	102	30	238	112	121	234	118	110	88	58	151	247	62	196	118	238	229	242	181	204	54	121	231	130	111	182	106	181	
251	87	118	68	98	30	254	48	105	234	126	238	73	58	150	247	54	197	116	238	229	243	165	206	54	123	101	130	111	246	106	85	
91	7	118	5	118	26	126	48	121	238	254	229	75	40	150	213	54	196	236	46	228	241	37	206	54	127	101	131	111	230	74	85	
127	126	187	22	249	124	23	222	51	239	189	109	110	246	207	158	253	254	236	214	143	99	250	234	187	119	37	191	203	119	46	247	
122	22	236	5	15	90	215	40	41	230	190	175	74	44	150	150	63	245	253	163	204	241	237	204	122	119	197	147	103	254	94	87	
60	63	154	34	221	253	242	216	115	237	189	111	106	233	79	148	185	238	198	210	15	115	216	170	58	213	37	255	235	127	94	151	
239	103	110	4	238	26	239	112	105	238	126	239	73	236	215	7	62	237	247	231	228	243	172	202	54	121	237	173	111	254	94	213	
111	183	243	78	249	213	94	248	139	236	28	237	104	253	222	180	151	127	245	21	135	67	170	243	123	93	37	191	206	230	14	119	
11	176	226	16	231	241	184	207	59	245	20	191	8	172	222	172	175	207	247	149	151	90	190	243	30	93	159	231	239	212	251	221	
175	114	234	133	100	27	238	208	91	238	84	239	73	204	247	40	126	236	23	239	196	246	172	202	118	77	239	164	111	191	122	213	
63	108	235	131	116	191	235	216	87	225	253	134	83	204	255	44	127	232	19	127	143	178	125	190	126	77	135	100	255	255	88	212	
22	141	228	243	212	170	238	183	127	49	123	18	233	107	92	67	123	207	63	145	186	248	73	231	190	206	222	196	167	202	241	128	
162	24	162	222	109	229	184	198	159	95	80	55	172	220	55	72	207	123	179	17	166	47	82	243	23	30	154	171	213	93	117	223	
2	220	144	157	125	165	184	238	158	27	80	50	172	186	32	64	239	59	51	129	34	222	67	247	13	54	154	234	144	24	33	139	
31	151	107	170	158	179	203	248	21	69	221	135	89	111	186	96	126	139	19	239	155	131	61	223	250	111	139	204	191	143	180	240	
58	215	47	254	93	212	87	253	149	76	253	103	122	255	190	225	248	242	191	226	235	171	42	191	243	239	174	155	59	30	252	123	
162	248	178	152	237	221	184	231	187	95	112	25	172	158	102	25	175	59	211	17	118	111	178	247	31	18	30	235	80	4	135	223	
160	196	0	159	108	169	164	238	158	19	112	16	164	226	40	73	201	10	2	0	98	126	75	247	4	22	218	56	20	88	145	136	
56	104	250	71	102	26	238	85	113	130	127	2	123	9	157	52	62	236	6	202	192	180	173	234	118	237	52	128	103	242	226	172	
198	189	18	144	251	173	184	67	187	185	177	56	12	222	100	19	167	51	223	16	50	79	138	198	61	16	31	254	192	0	163	131	
