香奈儿炫亮魅力唇膏限量版	N°4	https://i.chanel.cn/fnbv3/image/full/shades/rouge-allure-_-n4-35g.0151667_S.jpg	https://i.chanel.cn/fnbv3/image/full/chanel__com_type1/skus_full/rouge-allure-_-n4-35g.3145891516678.jpg
202	187	245	211	251	192	57	175	151	189	150	179	140	215	232	78	103	95	191	145	18	77	171	243	77	22	191	239	182	132	165	99	
186	143	67	170	183	195	122	103	21	12	90	163	105	111	50	193	254	187	151	229	126	154	0	191	58	231	170	195	55	142	188	75	
2	207	6	157	243	160	190	230	190	6	90	167	172	234	39	192	231	107	179	197	118	216	2	255	44	54	158	139	156	84	169	159	
98	149	118	212	245	222	252	103	249	109	126	27	40	188	54	48	238	183	183	1	244	187	48	207	59	126	22	195	71	204	247	223	
82	89	114	206	62	128	190	101	173	0	210	34	172	154	52	64	254	185	31	227	200	139	0	205	176	184	138	154	52	18	33	9	
134	32	130	145	68	162	168	64	52	131	83	18	72	202	121	72	123	41	51	145	48	214	0	194	4	6	219	196	133	105	49	128	
221	48	191	100	44	76	91	16	233	200	183	24	223	21	193	123	134	116	125	122	137	101	177	8	211	249	98	144	194	163	67	115	
42	224	242	216	111	244	184	71	155	23	92	155	44	156	118	174	207	59	179	149	150	79	146	211	23	125	154	171	215	68	191	206	
2	217	38	153	207	241	188	231	143	87	84	183	172	60	54	139	237	51	179	129	86	233	23	245	15	18	222	195	21	76	189	222	
74	217	182	152	227	208	180	199	173	85	198	49	140	190	102	207	226	51	155	145	86	9	18	224	51	113	94	75	130	84	173	223	
35	143	70	202	126	147	78	254	199	8	220	238	97	104	182	133	126	226	22	236	199	187	13	253	62	12	165	200	55	142	120	13	
10	223	16	155	254	217	182	238	31	13	88	163	172	190	166	196	231	123	135	65	70	184	66	255	46	55	62	171	22	92	141	143	
217	184	127	225	52	175	121	50	236	88	246	80	159	19	128	115	230	21	92	120	171	169	113	29	199	249	34	84	160	128	67	97	
47	151	227	77	247	51	234	250	93	203	126	230	88	104	189	164	127	74	18	173	181	186	37	206	46	30	164	132	223	238	120	181	
81	22	249	77	36	38	217	27	92	203	255	86	210	49	165	106	127	4	60	44	145	176	97	66	195	175	114	132	217	232	97	49	
66	154	182	188	171	204	60	39	173	27	218	49	236	190	36	66	230	51	255	129	208	9	3	209	133	241	90	203	16	4	165	91	
233	89	85	69	168	30	71	182	97	168	34	76	147	51	145	247	64	100	124	110	233	184	113	44	165	250	101	20	42	176	64	41	
222	233	212	183	174	8	124	189	171	178	18	146	236	111	77	91	167	215	127	195	98	77	139	241	252	218	223	230	6	180	161	25	
35	120	186	145	109	189	176	214	223	255	84	29	172	156	87	142	141	41	115	29	135	124	242	240	15	25	95	42	200	93	91	223	
88	72	250	244	5	218	93	38	225	134	238	2	43	171	19	214	96	229	237	200	76	157	160	168	243	239	208	1	35	244	110	106	
57	151	105	69	246	46	239	127	65	232	124	238	51	37	148	52	126	202	23	172	217	186	100	14	126	141	165	164	127	234	210	249	
51	207	66	138	118	147	202	255	71	8	220	230	106	200	181	196	126	170	14	236	139	169	5	255	58	28	161	194	119	142	120	13	
2	141	2	157	84	162	170	99	20	0	90	130	40	238	48	64	122	107	19	129	112	186	2	255	52	38	138	128	21	76	49	136	
38	104	172	145	236	163	233	202	30	191	80	179	145	142	215	9	201	8	55	149	142	212	111	208	78	26	191	237	148	153	84	208	
134	77	134	154	212	162	174	231	156	131	219	18	204	234	33	75	122	227	31	242	112	243	2	232	188	162	206	192	149	121	241	128	
95	57	242	228	179	188	123	82	169	140	46	160	63	191	3	254	166	245	253	92	132	153	176	232	211	253	2	131	162	229	43	107	
2	205	66	138	84	163	170	230	22	1	90	2	104	202	52	64	121	235	19	195	66	187	8	255	48	44	139	200	21	95	113	136	
135	28	242	159	246	178	186	67	31	67	90	183	44	238	183	104	127	251	151	149	182	152	36	235	30	46	158	130	149	237	181	221	
2	140	18	156	86	162	186	98	188	131	90	18	44	170	48	64	110	63	19	129	48	186	2	239	28	38	154	128	5	72	33	137	
35	183	163	4	250	55	184	127	11	233	88	239	12	60	182	164	183	31	151	181	149	154	165	222	58	22	191	230	143	68	59	221	
10	162	252	251	255	185	185	95	31	61	53	187	140	142	206	141	239	27	231	145	150	124	107	213	78	83	255	255	150	140	141	215	
34	237	98	139	84	163	170	226	86	0	250	2	104	200	53	64	121	235	19	211	194	187	14	255	60	12	139	192	85	91	112	136	
6	77	198	159	212	34	174	231	156	130	217	2	236	234	53	73	122	235	19	227	112	179	74	232	52	62	206	136	149	123	241	128	
62	185	114	66	211	213	255	97	233	205	253	175	8	222	118	180	190	187	215	145	222	187	184	196	59	93	143	235	231	134	238	215	
142	186	226	144	235	209	184	87	191	223	21	183	140	222	246	164	175	59	247	149	183	79	174	210	30	82	159	239	143	4	175	215	
6	77	210	157	206	33	238	239	157	2	216	2	172	234	53	73	123	235	19	227	112	162	2	234	52	30	206	136	149	121	177	128	
41	193	96	233	124	159	202	220	71	120	181	10	139	9	157	36	92	128	87	106	202	34	109	157	247	221	161	188	119	159	80	237	
30	186	242	158	75	145	186	232	159	150	144	163	44	238	231	205	103	249	167	211	38	71	14	249	26	66	239	171	183	37	45	215	
25	61	19	229	48	143	101	55	100	169	106	64	191	51	128	96	38	62	28	40	65	152	17	14	225	238	52	0	42	192	161	41	
61	72	71	238	100	2	234	80	196	128	243	70	83	195	177	230	122	228	22	238	201	183	12	168	144	233	227	128	111	187	120	160	
61	72	67	238	100	6	239	80	196	136	242	66	115	193	177	228	120	228	22	235	201	163	12	168	240	232	234	136	125	187	112	161	
35	94	3	156	157	212	70	198	212	136	202	96	32	152	49	228	200	234	18	209	237	143	34	238	177	54	190	139	144	20	244	79	
73	56	187	240	165	252	113	23	251	219	38	24	190	191	98	122	165	55	125	16	19	237	178	194	219	255	82	74	128	64	135	123	
63	83	105	237	52	22	203	188	69	200	214	230	121	79	159	228	94	200	21	239	201	130	103	172	98	233	170	136	47	183	112	125	
169	31	94	255	116	159	105	117	117	8	119	118	59	19	176	117	110	170	22	72	233	188	100	191	230	249	176	128	63	136	106	169	
159	11	99	197	182	146	234	112	100	224	94	230	89	13	177	32	62	253	23	255	193	144	37	236	126	73	171	128	47	183	113	177	
75	181	102	85	245	222	252	55	125	109	94	149	40	188	150	116	166	47	191	133	246	184	181	213	47	124	156	195	15	132	220	95	
99	149	230	197	245	182	188	55	89	232	222	163	40	60	150	98	255	183	183	181	212	250	229	204	63	62	143	198	199	108	241	223	
88	80	124	101	44	14	127	48	237	10	182	40	255	51	145	114	134	116	124	106	200	229	225	13	199	251	96	144	66	179	66	41	
82	188	150	186	187	192	24	71	191	21	161	177	172	222	108	82	167	187	255	145	114	75	154	241	155	210	30	235	144	4	167	219	
177	66	111	76	108	82	237	121	69	198	246	198	115	9	183	97	106	164	38	236	237	191	101	140	86	43	224	0	127	168	116	252	
253	48	190	113	173	60	81	17	235	187	183	24	223	185	76	63	133	20	253	24	152	101	243	128	203	251	117	126	194	232	194	35	
38	157	242	220	252	35	188	227	89	170	248	170	44	60	53	3	207	251	151	161	240	59	64	206	62	62	223	170	213	236	243	137	
210	170	166	186	155	224	56	203	159	21	129	179	172	238	106	74	231	27	251	145	18	75	138	243	153	82	222	251	148	69	165	211	
8	34	92	169	108	43	248	83	12	164	250	167	157	15	80	66	238	157	255	133	0	184	193	192	214	209	186	145	21	136	117	217	
55	90	99	204	70	6	207	120	85	202	246	238	113	221	181	108	124	252	55	239	201	183	38	136	80	46	225	152	127	191	112	245	
221	112	191	225	32	78	91	16	96	200	183	68	223	23	193	123	182	149	92	122	201	196	177	0	195	233	97	144	40	163	38	113	
34	190	162	152	93	245	184	71	31	93	92	191	40	140	118	140	237	43	147	149	150	58	54	211	31	84	152	235	223	76	254	222	
2	141	42	155	212	163	170	231	22	65	90	2	32	234	52	64	121	42	19	145	146	186	4	255	56	14	158	192	149	10	240	136	
162	248	33	187	95	193	178	238	30	69	64	131	44	222	38	192	233	59	147	195	102	30	94	247	61	6	158	107	21	28	53	222	
95	92	254	239	102	30	254	152	121	234	247	230	251	127	159	254	254	237	191	239	237	245	173	234	246	255	231	132	111	247	107	213	
135	170	166	155	223	177	186	202	158	117	153	183	204	232	126	74	239	107	251	215	182	105	206	243	12	22	223	255	157	79	185	214	
43	32	96	173	124	9	232	67	109	97	242	151	141	10	22	18	234	141	95	133	132	190	197	196	150	125	178	160	77	12	107	145	
63	63	96	64	245	127	219	216	67	236	188	110	74	93	247	180	124	220	149	254	157	179	125	222	59	93	161	247	239	239	122	245	
132	0	130	156	4	163	170	64	22	130	81	18	96	200	33	72	120	40	2	130	0	182	2	202	0	38	147	8	149	105	48	128	
124	93	255	236	170	242	23	198	213	198	252	170	79	255	163	112	122	245	239	98	40	163	38	136	242	231	103	155	183	121	36	107	
61	94	107	236	78	135	223	248	22	234	252	238	115	221	185	32	125	248	23	235	201	39	126	63	115	143	161	188	125	187	82	241	
2	140	106	153	86	163	186	199	62	65	82	151	44	206	50	64	127	59	19	149	178	156	0	255	60	38	154	192	149	8	177	217	
131	158	55	153	183	246	168	23	254	75	66	82	188	158	52	228	231	43	26	157	183	156	53	255	13	62	154	66	148	4	177	109	
53	94	115	206	126	163	203	248	197	200	253	230	113	227	189	116	126	232	23	238	129	163	46	253	112	172	163	140	255	251	96	177	
163	32	226	209	70	48	232	66	121	243	83	147	8	142	125	107	127	141	51	149	164	246	165	194	22	42	218	164	133	237	113	196	
159	254	253	241	174	11	189	252	158	122	20	255	221	79	217	43	39	81	95	255	243	68	47	210	238	75	127	244	189	253	131	241	
159	127	235	225	230	2	239	210	58	250	20	254	29	143	245	43	47	221	23	255	241	117	164	194	126	73	175	228	173	245	179	241	
92	52	188	118	41	108	81	25	251	187	191	24	223	255	73	122	149	213	125	56	186	97	251	2	219	255	97	124	194	227	71	51	
37	109	105	69	212	79	231	120	64	228	108	10	83	113	17	48	88	252	18	106	73	178	252	14	103	141	133	32	97	250	86	226	
94	143	230	142	219	208	190	234	175	149	90	163	108	238	238	198	103	243	171	209	6	11	142	253	58	100	143	203	167	102	45	207	
47	112	236	189	109	63	188	218	95	251	210	119	200	248	215	234	255	77	254	5	165	246	223	209	6	123	255	167	223	125	121	157	
250	167	169	161	157	97	205	207	19	245	140	159	1	173	82	66	105	206	251	149	30	91	247	146	251	69	159	253	183	76	180	250	
192	249	191	178	130	196	53	134	174	85	2	17	188	247	96	67	163	119	121	208	82	73	154	97	249	160	94	74	128	16	165	123	
167	214	225	69	244	55	238	248	89	226	121	198	72	104	149	165	127	204	18	239	165	246	125	206	44	30	207	164	95	255	120	148	
159	122	235	225	246	50	191	214	59	249	20	231	25	175	247	42	63	221	23	221	129	247	164	226	126	77	175	228	175	245	3	241	
34	236	96	155	95	157	154	224	94	4	88	139	40	200	54	0	88	43	131	87	70	174	78	191	39	12	8	105	117	15	93	206	
129	136	179	91	85	173	233	87	126	21	102	20	184	135	52	108	201	58	34	28	51	252	50	119	13	158	18	64	218	136	229	252	
7	185	209	219	181	255	105	158	95	121	114	68	136	151	236	236	95	26	54	88	147	248	127	240	13	88	23	194	146	157	193	253	
31	122	235	224	246	114	187	210	59	237	94	239	25	191	215	42	63	253	183	221	129	243	164	226	94	77	175	164	175	245	51	241	
19	91	123	244	50	198	127	118	185	200	90	230	61	191	181	96	166	255	21	205	193	153	48	238	243	252	190	128	45	176	37	121	
191	151	96	107	247	55	219	248	85	108	93	231	73	76	191	164	126	200	151	255	191	178	45	190	122	93	161	197	255	175	120	213	
197	34	159	177	54	11	171	152	190	169	19	224	213	211	201	104	55	85	126	122	51	213	9	78	204	134	63	196	140	169	1	33	
110	113	226	214	229	116	188	199	41	207	127	11	72	254	95	142	255	255	179	131	212	242	154	192	23	126	222	171	135	118	255	215	
1	89	167	135	172	71	175	61	204	232	154	198	241	124	215	226	76	103	122	239	197	233	247	40	36	40	239	144	12	122	145	253	
110	57	226	196	231	116	188	67	59	238	95	131	8	190	119	172	191	255	179	133	148	242	176	194	31	93	223	171	135	119	255	215	
2	161	6	155	84	131	168	109	30	17	83	130	172	206	40	64	126	43	19	128	82	184	75	221	12	22	154	192	21	10	177	152	
146	14	122	180	98	224	191	103	172	142	90	179	173	142	163	64	38	51	143	129	100	157	4	206	244	165	42	129	37	192	37	73	
78	57	226	196	231	118	191	66	59	238	94	167	8	190	119	174	191	253	183	149	148	250	180	194	31	93	223	175	135	119	127	215	
188	73	106	101	84	11	111	112	116	160	254	2	83	9	177	16	122	236	6	234	232	182	101	14	114	237	161	128	103	187	114	160	
51	37	225	229	116	11	238	123	91	224	248	74	211	41	212	32	90	236	119	41	137	250	237	206	190	156	167	176	109	170	82	165	
2	89	22	143	30	129	184	101	140	0	210	34	172	218	48	64	110	49	59	193	66	137	3	253	52	32	138	138	21	10	33	137	
165	197	77	233	252	3	239	249	94	176	240	66	209	105	177	97	121	192	63	255	233	114	79	92	60	10	239	172	29	186	112	160	
26	73	114	236	54	130	94	116	45	0	250	2	47	138	53	80	254	173	29	227	200	147	0	204	178	237	162	136	37	178	35	9	
59	49	101	225	52	31	251	49	45	104	222	231	219	13	150	36	126	141	95	237	205	184	101	204	230	125	170	208	111	142	82	245	
153	89	122	231	118	18	255	117	52	72	119	162	121	31	178	96	126	189	23	238	224	156	36	206	118	237	162	128	103	178	224	249	
235	50	236	80	111	245	184	19	219	127	52	255	40	12	214	59	175	177	247	149	182	126	166	209	22	91	248	235	207	132	94	223	
38	178	104	225	236	157	185	91	143	189	189	175	141	143	214	8	239	155	239	149	146	56	98	210	222	213	191	255	151	142	135	243	
39	145	98	202	124	149	190	105	207	77	113	167	236	220	254	32	222	25	151	231	214	35	46	213	62	24	138	238	85	142	241	213	
134	172	214	153	246	170	184	67	62	179	82	18	204	234	48	73	123	239	63	145	50	216	67	254	156	54	223	192	133	105	241	129	
125	123	123	228	126	10	254	120	233	200	188	235	95	221	177	48	62	213	93	111	192	35	140	140	242	249	39	188	103	183	119	243	
142	155	247	219	235	224	49	143	191	25	115	242	76	247	232	238	103	83	175	144	18	73	139	227	13	54	86	207	182	196	165	163	
79	58	234	196	231	118	187	210	59	238	94	175	25	190	215	174	191	253	183	213	133	242	180	194	95	93	175	175	143	247	127	247	
138	222	22	220	47	148	188	119	173	10	214	70	172	154	38	197	230	35	190	65	103	141	2	253	178	243	90	139	26	20	169	143	
3	207	10	157	211	176	190	230	188	135	74	167	172	234	35	192	247	107	179	197	118	152	6	239	44	54	158	131	28	84	185	158	
234	190	169	177	189	231	145	31	19	253	156	253	144	189	194	74	205	63	253	21	187	74	227	146	235	85	191	255	158	76	148	115	
3	207	67	159	215	146	174	230	94	64	90	230	172	236	181	228	126	107	18	199	231	152	38	255	36	46	158	130	31	93	177	253	
31	62	125	241	182	187	187	210	31	250	28	230	29	15	215	41	47	189	23	189	163	220	37	222	254	79	175	228	175	252	1	249	
159	126	235	225	246	179	251	210	159	232	30	230	29	143	247	40	47	253	23	189	163	221	36	202	126	77	175	228	175	245	49	249	
34	13	34	155	212	163	170	226	84	0	120	2	40	234	53	64	120	43	19	193	146	186	0	255	60	44	138	200	149	10	113	136	
15	59	234	229	247	246	187	82	59	236	94	167	61	191	247	164	190	253	151	213	133	251	180	202	95	93	175	163	143	167	63	255	
94	14	142	180	3	178	58	66	172	134	202	163	77	238	35	202	230	245	253	135	12	133	6	232	146	231	202	131	165	117	45	71	
35	35	186	148	237	141	189	87	202	255	17	29	188	152	86	10	140	43	115	13	198	124	242	192	71	25	126	186	64	92	211	203	
95	89	164	199	45	94	223	144	199	236	159	6	235	93	211	230	84	100	252	127	205	129	255	168	163	253	135	145	38	191	28	125	
127	89	226	78	237	116	94	152	227	77	222	3	72	252	191	254	246	213	181	223	142	3	255	224	27	125	207	207	135	247	124	87	
110	25	226	222	237	116	250	128	73	205	255	7	104	252	63	254	252	255	183	199	148	50	186	224	23	125	202	139	135	119	124	87	
2	141	2	158	212	163	174	230	150	1	88	2	32	234	49	64	121	106	19	131	2	186	8	255	48	36	138	136	21	91	112	136	
35	175	64	139	118	147	202	111	79	9	221	231	104	72	182	228	126	170	134	157	206	186	77	255	62	28	164	129	127	142	248	141	
79	92	247	212	103	126	250	82	253	226	118	66	76	254	183	254	230	253	191	167	165	245	181	202	151	127	75	134	143	244	41	213	
34	141	98	138	212	163	174	235	86	0	88	2	96	232	53	64	121	42	19	195	130	187	8	255	48	12	139	136	21	91	240	136	
47	78	243	206	118	145	238	216	79	66	120	230	120	200	181	228	127	232	22	207	199	50	46	251	52	30	143	168	127	255	121	189	
37	101	105	69	116	111	231	120	81	226	125	74	83	49	149	53	88	204	22	106	233	178	124	14	111	12	37	32	103	251	82	224	
130	190	98	145	227	241	184	199	191	127	84	183	140	222	246	41	239	59	183	149	182	222	174	211	30	86	223	235	143	68	167	223	
57	201	112	233	116	159	222	180	77	104	180	10	155	9	183	36	78	160	23	106	200	56	101	188	231	217	161	180	119	190	80	237	
43	96	88	171	108	184	248	68	236	65	115	85	157	10	22	234	234	137	94	149	135	188	193	228	4	253	58	192	205	15	235	137	
43	63	98	72	247	244	251	86	73	205	124	167	40	156	247	180	254	187	151	221	151	186	180	239	127	93	150	203	231	135	126	255	
49	94	107	204	78	7	207	122	7	234	252	238	115	221	177	32	124	248	23	239	201	179	100	157	114	15	161	188	127	186	114	185	
226	145	118	88	215	212	252	103	255	93	118	19	40	188	62	117	231	155	179	129	246	187	50	215	63	122	150	195	87	4	253	223	
115	91	99	204	110	23	142	120	69	200	216	238	112	220	181	228	126	188	55	239	201	51	102	221	16	46	235	138	127	190	112	253	
8	3	12	163	44	137	248	23	172	37	211	135	189	139	82	73	238	41	127	21	18	184	67	225	198	209	186	192	12	136	9	153	
39	74	230	31	119	146	168	64	95	203	119	246	104	232	191	172	255	105	178	157	135	244	15	202	14	62	223	131	223	47	121	133	
220	80	190	100	45	28	91	16	233	138	183	8	223	27	129	123	134	244	108	106	136	101	243	136	211	249	96	152	194	163	66	35	
214	184	150	186	203	192	154	201	191	23	129	177	236	222	108	83	231	179	235	147	50	79	138	247	153	210	27	123	144	6	167	146	
49	74	107	79	100	90	239	116	69	70	127	231	115	9	182	96	122	172	38	206	201	176	101	232	86	47	240	128	111	170	116	248	
198	136	166	154	155	224	58	206	159	21	129	147	172	238	98	74	231	123	251	211	18	75	154	241	153	50	222	255	144	69	165	210	
34	141	246	221	244	162	188	99	88	160	120	130	172	44	52	3	239	47	19	145	240	250	64	204	44	58	222	194	213	108	241	137	
236	176	188	112	173	60	81	19	235	187	183	24	158	153	76	63	133	149	253	24	186	103	243	128	223	217	81	126	194	136	66	3	
134	205	134	157	204	2	172	231	156	146	210	18	232	234	33	75	106	235	59	242	112	219	66	232	188	34	206	136	149	120	161	136	
41	217	105	197	244	31	239	181	68	104	94	230	179	13	150	228	94	44	23	109	201	184	101	188	102	109	164	144	127	186	208	249	
2	193	4	139	92	137	170	105	142	17	81	2	232	202	56	64	104	41	59	195	82	184	75	245	36	16	138	192	21	10	177	136	
195	145	102	85	245	220	188	55	253	93	86	183	168	156	54	97	166	63	247	133	246	248	180	213	47	58	218	195	71	4	247	223	
6	0	130	154	84	162	170	64	22	131	83	18	64	202	33	72	121	40	2	144	32	182	0	202	0	38	155	136	149	107	48	128	
40	106	165	177	236	205	233	7	14	255	16	153	189	140	81	10	201	40	127	29	2	116	226	144	77	153	255	160	148	216	213	232	
19	6	66	137	218	50	138	123	22	227	216	247	73	46	190	196	127	141	151	181	189	155	5	222	56	38	171	196	191	230	56	213	
2	140	43	155	84	163	171	231	30	65	90	211	116	238	48	64	127	43	19	149	178	156	0	255	124	38	186	192	149	8	177	200	
18	166	24	185	149	225	176	67	14	29	152	51	142	158	96	64	225	27	143	145	26	137	1	215	203	213	154	103	144	72	165	139	
146	223	82	159	190	153	182	238	31	13	88	231	172	238	166	196	247	123	175	65	102	184	7	255	174	246	62	131	22	156	173	143	
72	149	249	225	177	108	117	23	33	73	126	52	159	63	64	122	207	23	60	16	27	184	241	0	239	253	54	64	202	192	132	59	
70	170	166	154	223	161	186	200	159	117	129	159	236	236	123	74	239	107	251	215	22	75	154	241	157	18	223	255	148	79	61	214	
66	248	212	148	106	0	188	239	175	178	146	162	236	254	65	91	167	245	255	193	64	77	131	209	180	18	223	174	4	180	161	9	
166	32	226	209	196	32	168	67	88	243	83	18	8	138	125	105	123	141	51	145	144	246	132	194	22	42	218	164	133	77	241	196	
43	29	134	13	93	23	202	127	71	233	202	76	242	232	54	164	216	110	50	109	141	186	93	189	47	62	133	16	95	46	216	156	
90	237	242	138	27	208	186	238	143	133	156	163	108	238	231	196	119	243	203	209	6	11	142	255	186	100	143	219	55	54	45	95	
66	153	178	188	169	196	188	7	143	93	154	37	172	190	102	66	198	55	191	129	18	9	146	241	177	112	154	235	144	84	165	91	
124	48	184	102	57	108	81	24	123	187	183	24	223	247	73	122	149	212	125	58	136	103	251	2	219	255	97	60	194	163	70	51	
27	159	33	173	178	87	159	119	12	232	90	230	61	62	178	164	246	55	21	229	213	152	53	223	184	92	175	198	63	134	177	125	
94	6	140	164	186	34	26	56	52	167	159	247	205	43	27	66	247	197	253	165	188	193	205	14	248	231	175	149	172	231	57	83	
185	75	72	238	28	3	206	252	68	0	244	70	115	65	177	228	88	224	22	238	201	171	85	189	176	169	160	24	125	186	120	136	
92	88	154	244	2	98	51	194	168	134	206	163	31	183	35	90	166	245	233	66	0	213	146	104	211	231	74	3	160	113	37	114	
98	25	178	158	223	245	184	198	139	93	220	11	172	190	103	74	204	251	179	193	22	11	242	241	23	52	154	187	147	79	39	223	
167	70	229	5	21	23	174	104	95	226	218	198	72	104	181	164	125	76	18	239	165	244	93	206	44	94	207	134	79	255	120	148	
159	82	119	229	102	2	239	112	60	234	83	230	93	95	189	229	54	213	23	239	225	149	13	206	52	42	235	132	45	183	33	49	
0	141	11	187	212	163	171	231	22	1	90	66	113	234	48	64	121	42	19	129	50	186	0	127	104	166	190	192	21	10	176	136	
7	140	226	159	214	162	190	71	30	195	89	151	108	238	54	64	127	251	147	149	182	154	12	235	60	46	158	192	149	76	177	221	
35	121	186	179	205	141	189	86	138	253	28	15	188	156	119	10	172	43	83	85	134	59	178	224	79	93	30	170	204	28	155	219	
35	206	226	159	87	145	174	198	95	71	90	231	40	136	182	196	255	107	147	197	198	190	4	247	38	62	158	131	95	30	248	205	
10	249	48	184	79	197	180	238	158	29	208	3	172	159	34	129	205	59	147	193	66	11	18	245	177	80	158	123	17	28	189	218	
188	76	122	101	86	26	127	112	117	130	118	2	91	9	177	49	122	236	6	234	232	180	37	14	118	233	32	128	103	187	114	160	
47	124	235	100	116	179	222	222	83	236	124	238	27	204	247	164	94	232	151	255	141	182	100	138	98	221	165	164	255	253	126	253	
33	33	205	229	124	11	234	121	78	160	250	74	211	41	148	34	218	236	95	105	137	186	197	76	188	140	167	240	109	170	82	169	
37	195	77	229	236	11	239	249	68	176	242	66	209	33	145	65	122	204	126	239	193	250	79	28	124	138	239	164	61	186	112	160	
51	33	97	193	52	139	250	113	69	104	218	198	211	13	148	32	126	164	95	237	141	184	101	204	246	124	170	208	109	142	114	125	
162	232	32	154	125	209	162	238	158	29	80	43	168	204	118	128	201	43	131	199	102	62	10	247	53	20	154	235	85	28	95	206	
146	64	82	174	54	130	94	100	45	0	251	2	111	202	61	80	126	185	31	227	72	151	0	207	178	253	138	138	53	178	33	9	
52	112	105	72	76	75	195	248	2	68	245	171	83	205	191	17	122	216	19	106	200	39	62	61	83	137	161	61	117	187	118	242	
18	65	50	142	118	128	190	101	141	0	209	130	236	206	56	64	126	185	31	227	194	131	8	221	176	48	138	152	53	26	161	9	
61	101	115	236	118	10	222	120	97	128	252	234	95	89	177	48	62	220	21	239	200	163	4	140	242	237	37	148	103	187	114	169	
23	222	103	159	50	242	171	240	188	73	91	230	93	126	189	228	55	117	63	239	181	145	45	239	44	46	171	194	175	183	33	245	
13	22	83	225	50	15	107	56	124	169	83	244	215	19	136	105	55	28	62	56	161	212	13	30	204	175	99	196	172	163	1	33	
3	132	2	158	19	246	170	99	60	73	75	147	108	238	62	196	241	43	147	133	55	152	30	255	9	54	154	195	153	6	169	158	
116	93	47	220	21	198	231	230	196	136	206	102	16	241	37	65	104	244	10	227	105	171	48	236	113	32	135	10	41	57	116	58	
115	67	121	236	126	2	222	120	33	160	184	235	85	31	181	112	126	213	95	231	200	3	197	204	240	236	171	184	117	178	99	137	
2	12	2	157	84	162	170	102	52	3	90	18	44	234	48	64	122	107	19	129	48	154	0	239	44	38	154	192	5	9	33	136	
59	219	105	205	254	18	207	189	68	96	222	230	209	13	150	96	94	204	23	237	201	154	101	156	102	45	174	132	63	186	240	249	
2	141	2	159	20	163	170	102	20	1	90	2	40	234	48	64	120	106	19	193	50	186	0	255	32	38	154	192	21	75	49	136	
30	89	30	252	39	196	63	82	165	136	220	2	61	223	33	230	238	121	151	195	64	139	18	232	243	241	202	139	18	49	37	171	
15	94	111	137	118	179	251	216	86	228	92	231	81	205	183	32	127	232	23	255	165	180	45	222	110	15	175	132	191	255	116	241	
3	156	55	217	151	230	185	39	252	69	78	18	252	182	52	100	231	51	58	153	179	153	53	255	45	62	154	66	148	0	165	108	
2	203	166	159	207	209	188	198	142	87	86	163	172	172	118	206	235	99	179	197	22	120	7	241	14	18	222	139	149	28	189	222	
63	93	98	232	244	179	218	216	93	224	252	175	75	204	191	32	222	233	151	255	172	178	108	254	122	221	169	230	247	191	112	213	
154	84	122	238	114	2	126	117	53	2	127	162	125	95	185	81	126	189	151	234	232	180	8	206	242	237	170	128	39	182	96	217	
10	178	116	217	235	185	185	91	31	61	117	183	140	142	206	141	239	27	239	145	150	88	239	209	78	83	251	231	150	140	141	215	
255	80	230	64	93	84	217	72	227	121	165	26	24	156	127	190	201	129	209	189	143	39	184	208	91	89	154	127	211	5	126	118	
42	63	237	177	174	107	157	31	31	239	28	255	156	61	215	40	143	63	151	21	177	120	101	218	206	87	125	182	222	252	149	249	
122	174	224	187	188	241	202	142	19	61	156	187	163	12	214	132	73	202	165	149	158	90	239	179	142	85	189	253	151	205	28	76	
2	217	16	186	13	197	148	238	143	29	216	3	172	158	98	133	205	59	147	193	66	11	82	245	161	81	154	123	16	28	189	219	
1	67	69	165	108	11	239	57	68	160	242	66	215	3	144	96	90	204	46	238	73	176	69	28	228	168	239	160	60	186	81	168	
9	217	107	229	116	158	239	55	77	72	94	102	187	29	183	96	38	40	23	109	197	184	37	141	102	253	164	128	111	156	217	249	
152	68	82	230	118	34	126	84	53	130	251	2	111	75	41	81	254	173	23	226	104	183	0	206	178	235	162	128	103	242	98	137	
51	91	99	79	70	135	239	117	69	200	127	238	115	157	180	36	124	188	55	206	201	186	100	152	52	44	160	136	127	170	112	249	
91	151	133	165	173	30	142	45	173	232	155	199	205	40	158	230	150	71	253	239	221	193	215	192	160	112	239	150	12	110	153	85	
107	15	98	140	127	177	250	107	77	64	92	239	40	200	183	228	94	171	147	197	197	58	6	255	54	60	138	171	31	174	120	221	
86	184	150	186	203	228	152	201	191	23	129	145	236	222	108	91	231	187	235	144	18	75	154	241	153	210	75	123	144	7	167	18	
130	137	150	157	238	131	188	103	28	145	82	18	172	42	48	67	238	43	59	129	112	248	67	204	44	50	222	192	20	40	161	137	
43	203	98	140	111	145	174	234	207	64	88	238	40	200	183	228	126	171	178	207	199	58	14	253	54	60	139	171	95	174	121	141	
49	91	99	78	70	128	231	117	69	64	127	230	115	141	180	100	124	172	55	207	201	178	116	228	52	44	162	128	127	159	240	244	
110	217	244	206	237	85	222	205	207	108	190	11	106	252	63	236	222	211	183	67	204	35	123	241	55	127	197	159	215	127	252	95	
149	159	127	233	178	35	109	187	62	122	94	246	93	47	179	97	119	135	63	172	177	16	45	223	244	207	235	196	189	225	161	113	
2	76	2	159	84	162	170	103	60	1	90	2	44	234	49	64	127	43	19	145	34	158	2	239	60	38	154	192	149	8	49	136	
41	108	236	101	118	19	253	87	85	196	126	135	185	13	183	32	94	168	151	173	237	176	100	142	102	77	165	128	103	252	84	217	
162	157	150	157	244	141	188	103	28	137	113	178	172	62	52	1	206	59	19	129	48	248	66	207	44	26	218	194	85	8	177	137	
150	89	146	190	11	212	26	64	149	132	213	3	44	223	33	205	236	249	155	195	72	139	18	232	147	241	202	155	51	61	45	18	
2	190	226	155	246	243	184	199	63	71	92	183	172	238	246	40	255	59	151	149	182	216	46	247	30	30	159	195	149	196	181	223	
19	140	55	154	23	244	169	71	255	83	66	18	188	190	52	236	225	59	58	157	55	141	50	247	153	126	154	66	146	4	177	110	
130	208	54	221	103	212	188	231	255	95	80	23	44	156	62	97	239	59	179	129	246	252	50	213	55	58	218	203	87	4	245	223	
111	223	226	78	245	212	255	157	91	76	92	47	104	254	255	244	254	254	183	223	214	18	254	227	55	125	142	175	55	246	252	95	
36	156	98	202	215	227	131	234	86	5	205	2	64	233	60	68	89	154	130	177	27	162	92	191	41	6	129	111	255	75	116	182	
131	154	144	155	245	185	176	142	94	25	80	245	172	248	172	236	215	27	130	17	182	156	78	247	12	54	26	203	156	13	153	141	
248	81	126	228	36	30	95	48	233	8	182	8	223	19	145	115	134	244	124	106	200	165	225	136	227	249	96	144	98	179	66	33	
2	76	2	159	84	162	170	103	20	0	90	2	40	234	49	64	120	43	19	145	2	186	0	255	40	38	138	192	149	10	49	136	
66	249	50	184	251	196	60	199	171	89	144	37	172	158	96	82	198	59	159	145	82	11	146	241	177	240	158	235	16	20	165	91	
199	190	17	147	58	185	186	146	190	122	17	253	236	206	206	231	167	99	254	23	231	76	207	247	172	16	47	250	28	5	9	93	
147	127	111	177	182	191	191	119	157	238	30	255	157	47	182	33	39	251	151	149	241	153	36	254	254	79	191	194	173	220	145	249	
2	232	150	149	108	0	188	231	174	178	82	2	172	170	112	75	231	109	59	129	64	220	131	193	44	50	223	136	4	48	161	137	
40	33	129	161	172	237	237	83	142	233	25	72	191	141	80	138	200	42	127	25	83	120	211	144	197	213	191	184	22	202	209	184	
134	160	134	145	150	163	184	79	62	51	83	146	140	14	120	73	111	27	27	145	50	221	1	210	12	2	222	196	149	64	161	144	
134	32	130	145	148	162	168	65	182	147	83	18	72	202	120	72	121	41	19	145	50	213	0	194	8	2	154	196	133	72	177	128	
154	223	82	191	114	147	190	127	31	0	90	231	173	202	166	197	126	59	135	133	230	157	7	255	180	102	62	131	63	140	169	157	
10	185	50	186	253	213	178	199	143	93	92	35	172	222	110	132	205	59	147	17	22	42	58	247	127	85	154	235	18	14	173	223	
132	0	130	152	20	163	162	64	22	131	83	18	64	200	41	72	89	40	2	16	34	182	0	138	0	38	146	0	149	107	48	128	
218	144	190	250	11	228	48	67	191	23	131	17	172	255	104	90	167	19	251	144	18	77	154	211	211	247	90	75	146	68	173	83	
0	140	11	185	84	163	171	127	22	1	90	210	117	239	48	64	127	43	19	157	179	156	1	127	108	38	186	192	149	136	177	168	
159	63	106	240	182	183	251	210	213	192	222	166	25	159	247	100	126	185	159	220	169	187	36	238	250	205	143	192	167	173	112	248	
155	127	107	243	246	247	255	87	189	236	94	231	57	159	247	164	62	251	151	221	243	217	52	238	126	93	191	224	175	215	247	249	
134	32	226	145	196	34	168	71	82	163	81	18	8	138	125	72	121	143	51	145	178	246	132	194	20	12	158	236	133	92	241	128	
170	233	32	154	109	193	182	238	158	84	208	171	172	220	54	133	200	59	131	67	70	42	66	245	37	16	218	59	85	29	95	222	
24	180	186	184	219	244	49	223	179	93	76	19	60	255	106	88	247	91	179	144	54	75	186	243	91	199	30	111	176	68	175	219	
195	254	129	147	186	136	186	154	190	121	18	247	172	6	222	198	167	71	253	87	231	92	207	243	140	16	62	230	12	133	1	93	
252	112	184	101	40	78	83	24	115	186	183	24	223	87	73	58	151	212	125	58	136	103	251	2	211	251	97	60	226	163	66	51	
39	237	81	74	254	145	142	253	206	192	24	234	249	248	253	164	30	123	18	127	215	42	46	253	46	28	45	248	95	190	219	141	
7	4	229	135	61	62	174	40	204	226	155	198	201	40	157	167	73	68	126	175	165	241	117	206	44	126	207	150	207	239	89	116	
41	73	105	237	116	26	239	180	69	236	94	134	185	13	151	96	94	236	23	237	205	184	101	172	102	237	174	128	55	190	80	249	
65	22	25	225	48	46	105	27	117	171	127	116	215	51	136	244	23	28	60	172	153	148	81	30	140	255	49	196	170	131	1	33	
27	147	97	197	54	211	159	53	69	104	222	230	185	28	148	36	126	183	21	237	217	152	117	237	62	44	174	210	47	142	149	125	
43	243	35	176	245	141	253	119	153	77	144	79	190	157	126	1	140	59	87	77	210	107	176	225	241	89	190	186	66	28	211	251	
51	151	65	133	242	50	170	51	20	97	218	231	169	46	150	196	126	143	23	173	157	152	69	223	44	44	170	192	45	198	152	221	
205	72	103	247	36	10	237	16	116	114	119	214	211	0	153	111	110	228	62	79	233	244	109	160	196	170	242	128	109	187	80	97	
88	88	186	188	11	228	21	102	176	142	206	1	44	183	35	90	160	247	233	128	72	207	178	105	211	231	90	11	32	112	37	122	
30	120	190	186	43	208	51	200	175	156	21	35	108	223	235	75	163	121	175	83	6	71	138	249	219	83	111	171	50	55	45	195	
43	203	194	206	119	145	238	240	79	64	120	230	104	200	181	228	126	104	146	207	199	50	14	251	54	28	143	170	95	190	121	141	
188	76	82	230	86	42	110	112	53	130	242	2	75	11	33	25	122	237	6	226	40	183	0	174	242	235	98	128	103	251	98	136	
236	48	244	80	109	61	113	16	235	187	181	24	138	153	92	63	143	132	110	24	152	103	242	192	95	217	81	254	194	137	82	39	
49	33	105	225	52	139	202	113	77	32	250	202	19	9	148	32	126	140	95	237	137	186	69	204	182	252	162	144	109	138	82	0	
34	88	186	142	109	125	190	204	27	79	125	7	172	252	62	68	222	123	179	67	132	50	250	243	87	119	218	171	215	127	253	223	
110	217	240	222	109	117	254	236	139	79	125	15	104	252	63	204	223	211	179	67	132	50	122	241	55	127	82	171	215	127	253	223	
182	197	82	174	22	128	94	105	29	0	249	2	111	202	60	64	122	169	31	227	104	135	8	255	176	232	138	152	53	59	240	0	
42	127	226	254	245	244	191	214	121	205	92	167	40	220	119	164	254	255	151	213	151	186	180	234	119	125	142	139	199	215	255	223	
215	221	103	205	50	50	171	248	252	66	94	230	93	110	189	101	118	213	63	239	177	145	45	239	60	46	235	196	37	247	33	117	
35	203	226	153	215	145	190	231	95	5	92	167	40	136	182	196	255	107	147	197	214	186	6	247	38	22	158	195	31	30	249	207	
57	73	112	229	116	159	254	180	77	104	54	10	171	25	181	36	174	224	23	106	204	184	96	188	230	217	36	176	119	188	80	77	
34	57	243	207	117	244	186	86	31	205	124	39	172	254	55	100	254	123	23	133	134	186	114	235	7	124	138	139	151	126	53	255	
195	223	253	249	186	2	29	191	30	123	92	246	157	63	130	99	199	87	63	148	241	88	103	182	236	239	255	214	156	208	129	121	
220	7	70	237	146	50	108	115	52	130	223	226	91	103	187	231	118	228	189	174	249	145	37	140	242	235	230	129	167	254	248	33	
43	247	226	75	119	244	251	95	91	77	124	167	40	220	190	36	222	59	151	157	135	186	36	223	111	93	142	171	223	198	254	255	
15	61	242	251	244	183	250	86	29	200	222	163	189	223	183	96	254	187	151	213	183	187	36	234	254	221	174	130	183	223	113	223	
10	189	58	248	213	253	49	103	255	73	108	24	190	191	38	116	161	59	147	16	19	57	50	247	219	221	18	107	210	4	135	251	
59	108	96	109	116	155	222	223	91	192	124	138	43	76	183	36	94	233	23	253	172	178	100	158	246	221	165	176	119	252	82	221	
123	253	97	142	117	86	79	253	17	232	92	174	107	246	186	244	126	238	149	239	237	26	252	175	186	125	141	174	62	190	184	125	
126	209	244	78	173	93	222	189	199	236	190	11	106	125	127	230	222	210	255	107	204	33	123	240	51	221	197	159	119	254	220	95	
188	205	66	236	212	3	78	248	21	2	240	2	75	75	57	81	122	233	23	227	104	178	64	191	242	239	227	156	55	187	112	128	
57	73	104	229	52	154	111	182	69	232	94	130	59	13	183	96	110	236	21	108	205	184	101	173	102	249	164	128	39	188	80	249	
35	15	98	158	87	177	190	103	29	69	92	167	40	232	182	196	254	171	147	133	150	186	4	255	54	62	154	171	159	94	248	207	
35	143	98	142	87	177	186	103	95	68	92	175	40	232	182	196	254	43	147	133	198	58	4	255	54	60	138	171	31	14	121	207	
91	133	129	164	173	28	78	61	105	224	155	207	223	44	218	226	214	199	124	239	221	16	221	138	176	124	175	188	14	118	153	84	
71	133	229	197	173	94	239	33	205	232	155	66	211	60	156	230	216	68	124	111	213	161	255	204	164	126	207	150	79	126	209	116	
162	217	28	190	15	197	150	238	159	20	144	3	172	158	35	65	204	123	155	195	70	11	82	253	161	16	218	59	16	29	21	219	
86	177	150	184	203	197	184	75	175	29	160	153	204	222	108	90	253	177	251	176	18	67	146	209	155	208	203	255	144	36	167	211	
34	74	226	156	115	208	184	70	95	69	92	167	40	142	182	236	238	59	179	149	150	158	166	226	6	52	154	203	151	4	189	223	
43	91	99	78	247	149	174	117	77	72	120	238	104	200	188	228	124	170	18	207	209	186	36	253	52	60	128	170	95	158	240	189	
2	141	2	139	84	163	170	103	20	1	88	2	96	234	48	64	120	42	19	177	18	186	0	223	44	36	138	192	149	74	176	136	
239	191	226	206	245	212	255	253	91	77	92	167	104	254	190	244	255	251	151	231	246	26	252	255	127	125	175	235	151	230	254	223	
7	243	144	154	237	189	180	205	206	57	24	125	140	200	239	143	135	91	227	85	214	98	202	241	44	16	127	255	220	94	155	159	
66	249	50	152	123	196	188	231	139	89	144	39	172	158	96	66	230	59	159	193	66	11	146	245	185	48	158	251	16	20	165	219	
35	207	98	140	87	145	190	230	79	68	92	239	40	200	246	196	254	43	146	197	198	58	6	247	62	28	138	235	95	14	121	205	
207	78	199	150	228	56	110	182	249	210	146	246	249	99	157	255	103	228	125	174	225	69	205	234	54	62	231	148	174	245	120	125	
155	223	111	243	182	215	191	247	188	239	94	247	125	255	182	33	47	251	159	207	225	217	60	239	250	79	190	128	173	220	181	249	
121	150	251	238	52	70	95	56	16	234	29	228	117	63	176	96	23	85	21	175	225	137	41	14	251	239	45	148	60	226	101	121	
2	12	2	159	20	162	170	103	52	1	90	2	104	234	48	64	123	43	19	145	48	156	0	255	40	38	154	192	148	8	177	136	
253	96	242	100	44	28	91	16	233	168	182	8	219	27	213	63	142	228	108	106	200	103	224	200	210	249	96	184	98	187	66	33	
34	181	240	202	245	189	250	95	75	105	121	43	140	188	124	48	255	155	151	17	146	58	234	211	63	28	154	238	215	206	211	215	
2	225	146	149	102	128	188	71	62	161	90	2	172	170	96	64	230	47	59	129	64	216	131	193	36	52	222	128	4	80	161	137	
40	165	136	225	237	61	104	91	15	41	189	8	159	185	88	32	152	10	95	41	18	56	209	129	207	221	138	124	130	202	219	160	
42	189	50	152	253	241	184	71	31	77	124	43	44	222	102	132	223	59	147	17	22	58	2	215	95	85	26	235	214	76	175	223	
139	136	143	186	13	244	120	70	255	89	67	17	188	218	114	248	225	43	59	157	23	205	18	241	211	127	154	75	152	5	185	94	
27	142	66	191	114	147	168	119	31	3	90	247	173	234	178	196	127	171	151	133	230	152	7	223	180	118	186	128	63	140	41	157	
134	4	134	153	148	162	168	71	20	131	83	18	64	202	40	73	121	40	19	176	50	245	1	202	8	38	154	196	148	72	176	128	
131	119	253	79	250	166	175	30	94	233	91	244	213	214	176	96	23	127	55	111	129	212	175	127	108	58	111	132	28	243	129	241	
17	132	11	233	20	163	107	127	20	1	90	210	241	99	176	96	123	138	23	169	59	152	1	31	232	166	170	192	189	136	177	168	
7	42	226	139	87	176	170	64	15	77	93	231	104	202	255	196	126	169	147	157	135	146	174	243	62	28	138	171	143	135	121	213	
195	174	196	151	178	184	170	178	62	83	27	247	236	34	212	230	39	71	126	159	231	92	143	227	44	58	255	194	12	196	25	29	
134	32	162	145	196	34	168	71	86	131	82	18	0	138	56	72	121	12	19	145	178	246	1	194	0	6	158	196	133	88	176	128	
2	216	54	157	103	212	184	103	190	91	82	51	172	190	54	104	230	59	179	129	194	184	50	241	5	54	218	139	20	20	181	223	
206	176	179	216	233	228	185	219	187	93	52	48	12	215	238	126	183	27	179	56	179	71	186	209	95	26	79	238	146	228	167	247	
6	203	36	155	233	193	188	142	142	29	80	181	172	206	106	72	195	27	163	213	86	72	74	241	4	16	222	235	148	93	173	207	
252	112	185	101	44	47	83	24	115	170	182	24	223	83	65	58	149	212	125	58	168	118	241	10	215	251	97	60	224	161	66	35	
56	73	114	228	116	155	254	182	77	40	182	10	171	9	181	96	234	224	23	73	200	184	32	236	182	217	128	146	119	188	80	13	
157	21	115	70	178	6	79	249	80	234	125	108	89	119	145	52	55	92	21	110	233	144	61	14	106	207	37	164	47	242	66	121	
2	140	2	158	20	162	170	103	20	1	90	2	104	234	48	64	120	42	19	129	18	184	0	255	40	38	138	192	149	10	176	136	
214	88	30	222	15	196	30	64	149	142	193	19	44	223	37	75	236	241	155	195	108	199	18	234	147	176	202	155	16	61	36	18	
48	5	99	233	84	11	74	97	69	32	250	194	19	9	48	16	122	140	23	233	8	186	69	142	242	236	128	0	117	138	112	136	
73	75	73	229	60	11	111	49	68	160	250	194	243	1	144	224	90	172	110	110	73	176	197	12	228	233	163	32	108	170	81	168	
1	35	89	229	116	138	234	7	108	33	250	72	151	3	144	112	58	172	78	120	3	186	197	77	228	172	34	80	69	138	67	168	
188	68	82	230	198	42	126	112	61	130	243	2	79	107	41	89	126	237	4	226	40	182	8	206	178	255	66	0	231	243	98	128	
174	253	99	255	247	212	191	255	89	76	92	167	56	252	190	100	254	251	151	247	247	186	188	239	127	125	174	171	23	214	255	223	
2	239	168	147	212	145	234	207	30	37	24	151	32	168	94	0	57	75	3	221	150	152	13	247	44	4	158	229	133	20	221	204	
215	28	111	205	38	34	233	186	124	210	214	242	217	55	181	111	119	245	63	173	161	213	165	206	84	43	235	196	53	224	37	113	
219	223	253	255	162	206	63	182	158	126	94	231	253	63	163	99	103	119	61	71	225	220	109	255	236	239	255	144	60	248	1	121	
217	223	125	255	182	78	127	182	28	126	30	246	221	63	179	97	103	247	63	238	241	157	45	254	244	235	239	148	61	241	165	121	
130	109	243	255	244	164	190	79	31	129	88	99	180	221	181	96	254	123	23	209	182	186	192	239	183	252	142	138	213	219	177	175	
162	235	40	159	111	217	146	226	158	20	80	171	172	204	55	133	202	123	195	67	70	42	78	253	4	16	26	59	85	29	31	206	
38	251	132	154	237	149	180	207	158	28	88	103	172	218	111	201	205	75	147	83	70	75	74	241	12	16	255	171	152	93	185	143	
153	205	126	241	182	135	127	247	60	226	222	178	93	31	178	97	103	247	63	238	248	157	45	254	242	235	239	196	53	241	225	96	
147	109	114	251	244	163	250	71	29	128	218	131	165	219	53	96	250	187	19	221	42	187	2	238	190	220	142	2	181	155	241	136	
94	176	176	250	107	241	16	75	159	87	133	187	140	223	106	90	231	155	255	145	18	71	218	211	219	213	154	255	146	68	167	83	
208	218	159	188	8	64	69	167	190	30	130	59	246	227	96	91	225	247	109	131	104	79	131	113	209	162	254	25	48	112	165	43	
221	79	103	199	230	26	111	180	229	66	242	214	91	1	185	239	110	196	126	239	233	181	101	170	52	106	228	128	111	255	240	36	
222	144	147	250	11	228	48	72	191	27	163	17	158	223	104	218	165	19	249	16	51	69	154	211	219	243	90	75	154	1	173	19	
187	68	100	229	118	27	216	119	93	224	124	131	43	13	183	33	254	169	23	45	236	186	101	142	182	223	167	128	119	252	80	201	
102	217	240	202	237	253	191	205	27	109	125	47	108	252	126	68	223	219	55	67	214	50	250	243	127	124	135	175	215	126	213	223	
131	190	226	155	214	179	186	199	30	71	88	183	44	238	182	64	127	187	147	149	182	158	46	247	62	14	158	194	149	76	181	221	
10	149	51	250	211	193	48	103	191	5	108	51	44	159	36	116	162	59	147	129	18	11	18	215	251	245	26	107	146	4	165	219	
110	157	232	206	253	93	223	253	95	109	255	47	104	253	254	228	223	219	183	103	214	59	250	243	63	93	133	191	215	254	220	87	
163	234	98	154	103	144	190	198	27	70	84	167	40	206	247	204	254	235	147	199	198	30	166	243	22	20	154	171	23	29	125	221	
3	134	2	157	116	183	168	119	31	11	91	247	172	234	184	196	255	43	151	141	183	152	5	223	4	126	186	192	158	204	185	141	
147	237	110	255	182	150	254	239	156	2	216	179	253	255	188	33	255	251	23	239	254	235	14	239	251	79	238	192	37	210	177	171	
170	88	20	190	79	193	146	192	143	6	128	19	172	222	33	203	202	113	187	67	98	15	82	251	149	50	218	27	22	61	61	26	
186	13	68	173	4	3	76	126	21	130	240	2	11	42	53	65	120	169	23	225	104	190	65	158	178	235	195	148	53	232	112	136	
125	165	73	165	244	22	78	61	49	224	91	207	215	111	218	240	80	204	29	239	221	146	221	14	190	109	173	164	44	166	154	80	
93	5	161	133	181	126	206	41	76	224	155	74	219	56	156	230	208	196	60	111	221	48	253	138	161	252	175	20	46	110	209	100	
66	176	150	152	233	229	176	75	175	29	144	57	140	222	96	90	237	49	255	144	18	75	146	209	157	16	155	255	144	36	167	211	
39	135	99	202	245	177	170	97	77	65	121	230	104	232	188	228	222	170	146	237	151	186	44	253	54	60	130	202	223	206	120	149	
220	205	86	247	166	131	110	228	188	50	146	99	253	251	177	65	231	247	63	231	104	149	9	254	240	234	239	0	52	243	161	8	
0	180	59	250	215	253	176	75	255	17	109	16	60	219	108	56	181	27	147	16	18	58	58	215	95	221	18	107	218	64	231	179	
207	78	231	214	236	56	238	190	233	210	26	214	252	226	213	255	103	100	126	174	161	100	174	234	38	62	231	140	142	247	115	253	
125	117	121	102	182	70	95	248	1	234	189	110	123	119	153	54	60	244	85	234	233	163	121	174	243	207	165	180	107	243	102	113	
254	112	252	242	75	85	93	216	131	246	165	59	31	223	73	59	206	209	245	242	74	71	250	208	211	209	207	63	51	57	38	114	
241	104	125	68	108	25	70	16	233	160	182	72	51	9	213	55	106	196	94	106	201	39	228	200	22	248	65	56	103	187	82	45	
39	164	240	195	246	185	250	219	91	97	125	130	8	205	252	32	127	155	23	157	150	186	236	211	46	28	155	238	215	207	242	213	
148	205	86	251	182	131	238	228	156	130	202	82	245	75	49	65	250	227	11	251	104	205	9	238	184	138	206	64	37	219	241	136	
178	28	118	245	118	171	248	119	93	194	114	51	174	60	53	33	238	179	151	5	176	188	5	206	150	254	218	130	101	204	113	205	
70	50	182	152	233	229	152	75	143	221	145	181	236	222	107	74	197	51	255	145	18	67	138	209	153	18	203	255	144	76	37	211	
66	249	50	152	79	197	188	230	139	93	144	171	172	222	102	67	236	59	155	193	66	11	146	245	53	16	158	251	20	28	181	219	
42	188	248	216	247	249	185	67	31	5	124	187	44	255	102	8	223	59	147	145	22	58	50	215	79	29	154	235	215	76	207	255	
6	204	180	155	170	169	188	142	158	83	82	147	236	238	120	75	167	115	187	149	178	76	75	241	12	18	223	202	148	85	129	217	
130	132	6	145	148	162	168	231	52	19	82	18	72	34	32	73	121	6	59	144	50	220	1	222	12	34	222	196	132	72	176	8	
102	157	241	202	244	141	254	255	91	105	121	107	96	252	124	32	255	219	23	115	246	58	200	255	63	28	135	238	213	122	245	191	
17	133	77	237	52	162	107	63	36	1	218	66	179	35	176	96	122	166	30	168	25	152	69	31	232	175	162	192	60	138	240	40	
134	164	134	145	148	34	168	199	54	19	82	18	8	138	112	73	105	14	19	145	50	252	1	226	12	6	222	196	133	88	176	136	
57	161	8	227	245	95	107	121	9	45	125	10	159	43	90	48	184	138	87	120	30	56	240	149	255	221	160	117	134	138	210	162	
27	89	114	236	36	156	254	182	201	72	118	34	47	29	183	100	166	241	21	77	196	184	36	237	226	249	36	130	119	188	81	79	
223	205	255	247	162	134	127	246	189	178	94	163	125	255	177	99	55	247	63	239	224	221	15	239	243	239	239	128	52	243	1	43	
79	177	183	216	237	181	184	203	139	216	48	100	140	222	245	191	167	25	247	48	147	75	178	208	31	24	95	238	154	100	39	181	
130	234	36	155	75	201	186	232	158	86	80	171	172	204	55	129	170	43	195	71	102	44	78	255	4	16	26	187	85	29	21	206	
2	137	146	157	100	140	188	39	30	9	82	18	172	186	48	64	230	59	51	1	82	152	3	213	4	54	218	194	20	8	161	137	
2	133	2	139	212	163	170	111	20	1	89	2	96	234	56	64	120	42	19	177	18	186	0	223	44	4	138	192	149	74	176	136	
130	237	82	255	244	131	238	237	30	1	217	82	164	232	60	65	250	123	3	243	114	186	72	255	164	188	142	0	85	218	241	136	
90	4	82	229	22	42	106	19	37	33	250	2	79	43	0	80	114	133	61	160	24	147	1	198	146	253	138	196	167	195	96	0	
162	247	144	154	253	129	190	239	142	31	24	189	172	238	106	2	207	91	195	49	118	75	202	243	44	20	191	255	148	94	157	207	
234	232	234	179	228	201	189	135	155	247	70	185	161	141	82	10	137	191	243	145	86	222	246	162	78	87	156	225	132	140	158	218	
185	141	240	95	189	91	86	174	87	98	236	0	107	120	63	245	217	202	172	72	238	184	127	191	171	255	84	51	114	220	216	14	
203	94	247	214	108	18	111	191	249	202	146	246	252	127	181	239	103	101	126	175	225	101	173	239	52	62	247	156	14	244	225	109	
0	35	65	161	84	138	99	39	100	33	234	200	151	3	144	112	58	172	74	124	3	184	197	13	244	164	34	80	108	138	67	168	
188	68	198	236	68	34	78	123	53	130	242	18	75	107	41	89	122	229	6	226	104	247	1	138	242	235	231	132	231	249	98	128	
48	5	67	233	84	3	98	97	85	32	250	66	67	9	48	16	120	140	6	232	8	178	69	158	178	236	128	0	117	138	114	128	
113	65	65	173	92	11	70	105	68	160	234	74	211	1	144	64	120	164	74	238	73	187	69	28	244	164	162	16	125	138	114	40	
75	157	236	245	160	50	253	55	53	251	86	182	153	63	146	107	103	55	191	140	148	216	229	204	70	251	254	132	167	228	245	121	
34	202	226	159	87	209	186	70	31	69	88	163	40	172	54	64	254	43	147	133	150	186	38	247	38	60	154	203	149	14	253	222	
2	140	2	139	20	162	170	99	20	1	91	2	104	234	32	64	121	42	19	160	18	152	0	255	40	38	138	192	148	10	176	136	
130	145	178	152	103	196	184	71	158	89	80	51	172	158	52	64	230	59	179	129	130	26	146	209	5	52	154	139	20	4	181	219	
2	161	146	157	118	128	184	71	62	1	90	2	172	138	96	64	238	43	51	128	66	152	130	193	4	48	154	136	4	0	161	137	
153	164	80	79	189	217	84	255	95	51	108	24	235	177	232	180	147	90	230	40	62	56	127	151	171	223	85	119	114	220	204	172	
46	166	160	186	221	189	216	202	27	53	157	31	142	204	94	8	205	139	211	21	30	66	218	147	223	85	155	127	150	77	30	198	
236	56	185	97	104	47	113	18	123	170	182	88	151	17	65	58	132	188	125	24	169	246	241	0	199	249	48	52	192	161	66	35	
135	127	207	95	242	38	175	190	126	234	91	244	213	242	148	225	23	111	54	239	241	212	175	127	44	46	111	132	12	243	129	181	
64	56	187	241	113	236	49	18	185	171	98	24	158	151	64	88	129	61	125	16	17	220	208	2	205	255	18	98	192	0	7	51	
60	4	198	189	196	42	76	123	49	130	242	2	11	43	33	89	123	141	6	160	104	246	65	138	178	235	199	4	231	240	226	128	
2	140	2	139	20	163	170	99	22	1	91	2	104	234	56	64	121	43	19	177	18	184	8	255	40	38	138	192	149	74	176	128	
35	207	224	139	87	145	186	198	79	69	124	175	40	200	190	132	250	107	147	213	134	186	76	247	46	28	136	235	223	31	120	206	
59	149	228	95	157	221	84	255	95	127	124	29	106	248	62	245	217	202	229	0	254	120	127	183	239	127	85	119	115	92	220	79	
19	205	103	255	60	134	206	237	220	130	218	227	245	251	56	97	255	243	63	231	232	233	15	255	184	110	239	128	21	250	177	136	
156	205	23	191	180	130	174	236	148	130	202	66	253	98	185	193	122	98	42	238	104	133	79	111	164	162	239	0	52	251	49	8	
24	191	244	81	149	251	116	247	127	61	126	28	139	249	238	180	187	142	228	16	254	248	63	151	171	223	85	103	250	204	204	134	
10	153	246	245	53	156	252	55	185	123	86	39	172	191	22	107	167	63	181	133	210	216	160	193	143	255	254	130	134	132	145	95	
226	247	228	158	253	97	156	239	27	63	184	187	110	237	30	1	223	211	247	1	238	111	203	255	186	86	221	255	151	92	222	75	
113	97	113	100	108	11	78	112	233	160	178	74	83	9	149	50	106	228	76	106	201	35	196	8	54	184	160	56	109	187	66	44	
125	85	117	230	239	87	95	248	193	232	189	110	91	127	205	55	254	212	93	234	201	35	120	236	243	217	37	188	107	243	98	49	
165	112	249	90	109	13	121	216	251	90	53	92	30	219	109	63	173	152	118	90	131	103	186	240	87	152	115	238	218	177	99	179	
194	178	22	154	235	229	184	79	175	61	153	53	140	150	96	90	229	31	255	145	18	79	218	241	157	48	154	255	144	4	167	219	
34	200	226	155	87	209	186	207	31	69	88	179	40	140	62	64	251	59	147	129	22	190	34	243	39	20	154	235	149	28	245	222	
157	157	112	99	242	186	123	150	117	33	126	178	27	47	148	116	55	223	23	218	178	152	45	238	110	239	182	196	167	199	194	169	
2	137	146	153	116	136	184	39	30	9	82	18	172	138	48	64	246	43	51	129	82	152	130	209	4	52	154	202	20	8	177	137	
134	204	134	147	148	162	44	231	52	51	82	18	72	34	32	73	97	79	59	144	50	220	9	255	44	38	222	192	132	81	177	8	
34	217	98	154	207	208	188	231	31	85	88	151	44	222	126	97	238	59	147	133	198	26	54	245	53	48	158	235	21	28	181	222	
193	157	31	237	164	142	77	55	228	72	194	64	183	51	144	113	68	166	60	232	249	152	113	45	229	171	226	0	8	128	224	41	
134	204	134	147	148	162	172	199	30	51	82	18	232	42	56	73	121	75	51	145	50	252	9	238	44	6	222	192	133	89	177	136	
11	234	186	58	87	149	246	214	251	79	100	15	44	216	119	16	179	107	3	87	198	126	154	115	123	13	23	43	113	23	111	207	
134	231	144	155	250	169	190	239	142	55	25	187	140	238	106	2	239	91	207	179	114	76	202	243	60	20	63	255	148	94	133	211	
52	57	235	224	212	207	99	80	65	229	253	10	19	157	53	48	120	172	6	88	25	178	56	140	127	141	161	96	231	171	86	242	
130	110	37	159	79	233	170	200	158	22	81	139	172	204	51	141	169	41	195	199	102	108	78	253	5	18	218	43	85	31	21	206	
146	12	86	189	182	43	252	103	29	162	218	18	175	42	48	81	239	175	31	129	120	188	0	206	180	242	218	128	20	72	177	9	
3	134	2	153	116	179	232	67	31	11	83	215	172	234	190	204	223	43	54	141	182	156	69	223	4	62	186	192	156	140	185	133	
195	47	176	212	237	53	184	79	203	187	60	120	140	186	244	175	199	27	243	144	151	75	162	208	26	24	95	191	158	68	235	173	
119	33	192	141	212	6	111	121	1	228	205	207	81	99	159	84	92	204	23	238	152	146	221	204	126	44	165	164	47	167	114	208	
253	113	61	234	236	4	95	216	235	216	181	76	30	211	105	123	230	209	127	122	201	99	186	240	243	217	103	188	90	179	98	51	
195	92	247	214	108	52	239	190	201	218	126	118	252	99	181	103	103	118	62	46	225	101	175	234	54	62	247	136	14	241	225	45	
2	249	18	158	107	197	188	230	143	24	144	43	172	158	36	66	238	51	151	193	66	11	18	245	53	16	154	187	16	28	167	155	
165	242	251	90	108	173	249	216	255	91	117	92	144	217	252	44	189	24	22	24	131	118	58	243	71	30	50	236	216	137	99	179	
78	28	150	158	79	241	176	64	141	134	73	163	236	222	33	206	203	57	171	3	4	3	90	192	149	118	202	11	150	111	61	150	
199	46	247	215	236	56	238	190	233	218	56	214	249	234	245	239	103	110	118	175	165	112	174	234	44	62	239	172	142	245	115	173	
39	36	226	195	246	177	250	218	95	227	125	130	8	204	255	44	127	155	19	157	150	178	44	210	30	28	155	228	215	207	114	197	
137	133	109	87	246	26	237	183	125	115	119	146	251	45	150	229	63	142	22	47	241	248	109	175	110	107	116	196	103	204	216	253	
2	188	185	211	86	229	185	195	94	127	120	18	180	156	116	40	255	27	19	145	18	60	50	243	77	30	154	227	213	72	53	251	
164	141	81	251	244	139	174	237	94	2	216	82	245	232	60	1	123	203	2	235	114	186	72	127	172	174	143	108	85	122	241	128	
50	73	114	252	36	156	254	246	201	8	118	2	47	137	181	96	174	243	23	73	192	169	36	237	178	248	18	130	87	156	113	13	
17	143	65	141	54	163	170	123	86	1	90	230	177	32	180	224	122	42	22	173	147	186	69	159	36	46	186	128	61	200	249	141	
90	60	151	191	187	248	89	150	63	215	206	181	175	231	67	222	243	111	172	148	63	216	179	226	139	246	86	131	162	245	165	126	
13	157	253	67	242	186	251	150	126	121	126	242	189	55	222	37	39	91	150	218	179	216	109	247	110	207	54	192	231	211	129	241	
2	141	2	155	212	163	174	231	22	1	90	130	104	238	48	64	127	107	19	145	50	154	8	255	40	38	158	192	149	78	177	136	
6	2	166	157	79	175	168	65	158	134	89	7	204	232	51	141	248	41	163	5	4	48	70	216	4	18	75	11	215	127	25	198	
166	175	240	154	252	171	158	239	155	63	152	251	204	238	110	0	223	211	207	33	114	111	202	247	188	22	255	255	148	92	151	211	
24	189	246	83	191	255	116	247	127	125	126	60	42	248	102	180	171	170	230	16	254	248	63	247	175	223	85	103	251	204	204	159	
141	141	124	115	246	58	255	182	117	115	127	18	91	41	150	109	47	222	54	250	242	248	45	239	110	235	118	196	231	213	192	225	
35	235	224	139	85	145	190	205	95	5	124	175	40	200	126	0	251	11	147	149	198	62	110	243	46	28	157	235	87	30	248	206	
124	27	115	71	52	106	227	48	108	172	254	224	243	117	133	52	62	244	108	106	137	176	101	44	36	238	35	128	103	243	69	33	
162	209	34	155	215	193	188	207	30	69	81	179	172	220	110	0	253	27	147	145	82	62	26	243	45	20	158	111	149	12	181	210	
113	67	99	108	116	11	206	96	97	32	186	74	83	9	149	48	122	196	68	234	200	163	69	12	178	168	128	16	101	186	114	0	
90	189	195	151	179	240	89	199	63	207	202	181	174	231	230	220	247	239	173	148	63	217	183	231	187	118	150	195	162	212	165	127	
194	190	22	154	235	165	184	199	175	59	153	185	140	150	104	90	231	27	255	144	50	79	202	243	157	48	154	251	144	68	165	155	
194	30	231	159	179	234	127	151	191	79	222	183	252	255	183	124	119	255	255	149	179	201	183	235	253	54	222	147	182	244	181	127	
6	140	34	139	20	163	170	202	86	1	91	2	96	232	56	64	121	42	19	177	146	186	9	255	40	4	138	192	149	75	48	128	
6	140	132	147	148	170	40	162	190	19	83	18	232	226	73	75	99	107	59	144	50	220	11	243	12	38	223	192	148	97	33	8	
130	156	146	159	246	136	188	103	188	11	90	50	172	190	32	65	231	51	27	1	112	141	2	239	36	54	94	138	132	88	161	139	
212	72	159	246	11	100	19	66	176	142	198	0	62	183	33	91	224	245	233	194	40	199	178	104	211	227	218	11	160	113	37	34	
6	9	130	142	79	209	146	65	143	132	201	131	172	238	99	206	200	57	171	195	4	3	218	216	149	116	138	59	150	47	61	150	
131	138	138	153	116	163	232	67	30	25	83	215	132	202	182	72	219	41	2	157	54	156	71	211	4	54	186	201	156	136	57	132	
43	117	227	76	117	157	238	95	79	201	124	78	40	136	181	164	92	170	146	12	199	186	244	203	54	92	148	42	95	222	250	189	
34	157	34	154	207	197	188	239	158	85	88	151	172	254	62	65	237	27	147	133	214	26	26	245	45	16	158	235	21	76	181	223	
11	250	242	58	87	129	183	206	95	71	104	7	44	216	103	148	187	235	131	213	198	62	158	243	124	76	31	43	119	22	39	206	
199	63	247	212	252	52	175	150	251	235	122	114	252	250	213	255	167	119	126	172	161	91	174	234	62	62	255	170	142	241	99	237	
130	169	18	153	116	161	56	71	30	17	90	18	172	130	32	64	227	43	19	128	18	152	66	213	4	48	154	192	20	8	161	137	
134	167	145	155	250	169	190	239	190	55	25	243	204	230	104	67	103	91	107	178	114	92	207	243	60	6	31	239	148	80	133	129	
47	61	64	141	85	7	235	248	3	224	92	207	80	241	183	212	88	236	19	238	137	146	221	188	60	60	133	164	31	191	82	212	
146	203	30	185	178	192	52	231	190	29	86	177	172	143	34	65	167	59	175	129	118	205	2	245	248	227	126	195	52	4	173	75	
195	220	247	222	254	38	191	182	153	170	94	126	124	127	149	103	103	119	127	170	225	219	171	235	119	62	255	138	143	240	161	121	
18	73	214	149	164	10	236	167	61	163	242	2	143	42	0	91	107	237	46	144	56	250	65	200	188	246	214	132	193	112	227	8	
4	204	134	147	148	163	160	198	54	147	82	18	104	106	57	73	105	66	42	145	50	252	11	247	12	6	223	64	133	88	49	136	
242	13	66	225	212	42	106	214	49	33	250	18	11	43	4	80	122	207	21	240	56	186	1	238	186	237	146	196	167	209	226	8	
66	128	148	157	186	160	56	11	190	145	82	146	236	238	104	75	103	47	59	144	50	88	139	213	12	50	219	196	148	96	1	1	
1	135	65	175	52	170	234	55	84	1	91	230	241	32	184	224	94	46	30	172	153	184	69	31	164	174	186	192	60	138	216	137	
112	68	66	160	148	34	74	70	61	33	250	18	11	42	36	80	120	134	14	176	56	155	1	206	176	236	154	20	165	91	240	0	
2	141	2	154	149	167	174	231	22	1	74	2	104	234	48	64	121	107	19	145	50	152	24	255	41	38	158	64	17	78	176	136	
56	68	98	228	212	11	206	127	85	162	254	26	67	41	52	1	120	140	23	171	232	183	65	158	118	207	181	148	119	248	240	136	
28	205	20	175	189	3	207	237	84	130	202	2	237	99	184	196	123	226	42	234	104	177	79	191	172	247	207	20	54	254	185	8	
39	96	226	195	84	179	234	200	95	227	121	2	72	200	253	40	123	137	19	147	134	182	172	210	30	12	159	228	213	223	112	196	
10	189	162	216	237	249	180	239	187	87	92	153	172	252	126	173	175	27	243	17	23	107	178	241	31	16	222	239	222	76	191	222	
115	189	243	82	243	255	60	231	191	217	250	253	46	254	102	188	247	187	254	144	183	219	178	247	63	94	31	195	203	68	235	95	
103	71	115	70	236	25	238	232	201	138	185	204	75	104	253	183	234	192	70	110	193	35	204	234	54	152	101	188	79	251	250	133	
122	217	24	236	117	197	87	228	3	13	252	11	46	191	34	80	220	155	135	64	74	11	146	177	243	253	0	59	115	26	172	203	
98	217	0	142	77	209	146	236	143	4	136	171	172	158	39	132	200	115	235	67	6	43	90	241	145	84	138	59	18	31	29	30	
34	156	34	155	87	225	184	234	30	85	88	179	172	252	126	1	249	27	147	129	22	58	26	247	13	20	218	239	21	76	53	222	
66	166	132	177	163	32	44	143	59	55	130	247	140	42	200	207	167	71	237	149	54	89	143	224	140	114	222	199	140	68	137	13	
194	188	22	154	234	161	56	67	190	27	218	177	140	150	104	90	199	23	255	144	50	79	131	243	156	54	26	202	144	68	161	25	
6	204	2	154	20	163	170	192	22	1	91	18	104	202	57	64	121	40	19	145	18	150	8	255	40	6	139	192	149	11	48	128	
176	69	66	108	20	11	198	104	65	32	250	10	67	9	53	16	120	196	68	234	104	179	69	14	176	172	128	16	117	186	114	0	
198	188	182	154	234	161	184	195	190	123	210	177	140	158	104	74	199	23	255	149	178	77	131	211	156	50	154	254	148	76	161	217	
58	191	246	93	255	157	244	247	223	125	124	127	42	252	118	85	237	251	231	21	254	248	111	247	63	126	85	243	247	76	220	223	
2	156	178	158	114	132	184	230	188	27	82	178	172	254	32	66	231	59	155	129	178	207	2	239	12	54	90	138	132	0	33	155	
129	130	138	153	116	175	168	66	94	11	82	87	148	138	184	200	213	41	2	29	183	156	69	87	12	38	186	192	156	8	57	133	
134	175	193	154	252	139	190	239	159	183	152	255	196	238	232	0	159	251	79	133	114	111	202	255	60	22	255	254	148	120	135	153	
244	77	66	160	212	34	110	198	61	33	250	26	11	42	37	81	120	206	14	240	56	187	1	238	184	236	158	68	165	217	240	8	
247	111	104	134	252	18	222	232	201	230	157	175	73	108	223	38	127	196	87	239	236	35	236	238	58	92	207	190	103	255	250	196	
156	205	116	115	214	58	238	246	117	114	126	18	121	41	149	109	111	206	55	218	178	188	45	239	126	239	246	192	231	213	224	172	
124	27	115	71	114	10	235	48	100	172	126	238	243	101	149	52	62	252	6	110	201	184	101	44	36	236	33	128	101	179	70	49	
194	164	150	155	232	162	56	15	190	145	91	144	140	238	112	74	231	47	123	145	18	92	139	241	12	50	219	236	148	65	129	129	
59	255	99	204	125	151	202	254	14	164	248	199	97	232	181	196	220	110	19	109	143	155	252	191	58	45	143	188	29	127	122	220	
2	189	50	155	215	229	188	239	30	89	89	19	140	222	104	0	253	27	147	145	82	56	26	247	45	20	158	239	149	76	165	211	
162	173	32	155	215	209	190	239	30	117	88	179	168	204	126	0	217	27	147	145	86	58	110	243	47	20	159	239	85	76	245	222	
90	94	6	190	27	182	62	98	189	6	202	199	109	238	35	192	230	227	171	199	36	141	22	255	176	119	26	139	60	117	41	28	
2	132	132	159	156	162	168	139	190	147	82	18	236	226	104	75	115	111	59	144	50	220	11	253	12	34	219	196	148	97	49	8	
43	145	115	74	245	157	230	123	91	105	125	94	8	184	188	180	221	10	146	12	211	186	116	215	63	60	16	110	95	142	250	181	
2	156	179	201	214	231	163	67	30	97	88	82	180	151	36	32	127	27	19	145	19	184	49	87	13	6	154	66	149	72	165	184	
34	175	96	159	87	241	184	107	91	101	89	191	40	236	254	1	251	43	147	133	150	58	110	247	14	28	219	235	85	14	93	198	
134	239	77	187	162	171	46	175	62	51	72	245	213	227	200	64	119	75	35	191	115	88	207	115	44	6	175	228	156	242	129	160	
2	140	2	154	157	197	162	231	150	1	72	18	160	250	48	64	201	42	19	145	50	170	18	255	41	22	158	75	144	8	176	138	
195	31	255	215	238	36	175	247	122	139	122	114	240	247	245	99	119	127	55	142	177	250	171	107	108	46	239	136	141	241	225	169	
