香奈儿炫亮魅力印记唇釉	156 - 迷失	https://i.chanel.cn/fnbv3/image/full/shades/rouge-allure-ink--156--6ml.0165156_S.jpg	https://i.chanel.cn/fnbv3/image/full/chanel__com_type1/skus_full/rouge-allure-ink--156--6ml.3145891651560.jpg
4	237	214	159	252	139	238	236	191	160	250	10	236	234	41	64	123	239	110	226	66	251	203	255	188	54	207	44	149	123	225	136	
214	237	198	159	220	11	238	236	191	178	250	2	236	234	61	65	123	239	127	163	104	251	203	255	188	190	207	156	181	122	113	136	
2	36	146	131	246	160	170	71	30	1	91	2	140	170	120	64	123	11	19	145	18	152	1	194	12	20	154	192	133	74	177	136	
6	132	176	155	228	169	184	195	94	27	121	18	140	174	124	72	255	27	19	145	146	188	194	195	4	30	154	230	148	74	161	129	
134	45	130	147	212	162	174	67	60	131	91	18	104	234	48	72	123	175	51	145	48	249	0	238	60	38	143	192	133	105	241	128	
2	181	244	255	238	169	184	239	63	17	122	178	172	254	92	66	231	27	255	17	178	120	199	241	190	254	94	202	148	204	161	137	
134	45	226	219	214	162	174	67	60	131	91	18	72	234	52	72	127	175	19	145	176	251	8	206	60	46	159	192	133	100	161	128	
6	180	176	208	237	117	188	79	155	255	121	59	140	190	110	10	141	27	179	17	146	126	186	210	31	30	95	239	144	76	167	215	
2	180	246	147	246	187	188	231	63	115	83	179	204	238	126	105	183	31	183	149	178	216	47	215	62	30	223	230	133	204	129	213	
38	13	194	158	212	162	174	67	148	130	217	2	96	234	49	64	120	170	19	161	16	179	10	250	48	38	138	136	149	107	112	128	
130	128	146	153	86	163	168	67	62	35	83	18	140	138	56	72	123	9	19	145	50	180	1	214	12	6	154	196	149	8	177	128	
34	185	160	140	215	241	176	207	11	101	92	139	44	188	94	8	153	91	179	145	22	58	242	241	31	20	159	111	215	78	151	222	
106	182	244	250	255	245	184	223	143	93	220	183	172	255	254	100	207	27	255	129	150	75	226	243	110	125	186	251	150	76	135	223	
38	5	226	142	212	163	174	67	84	131	217	2	96	232	49	64	120	170	19	161	144	179	0	202	48	38	139	136	213	123	240	128	
2	182	224	219	243	249	186	79	27	77	93	167	172	204	254	0	191	27	147	149	150	56	174	211	14	28	26	235	213	78	135	223	
29	87	107	199	118	18	239	248	116	200	223	230	81	103	191	100	126	204	23	239	201	177	45	238	118	45	167	132	47	179	112	241	
3	182	226	145	242	179	188	255	63	119	94	183	12	174	254	44	63	31	183	149	182	216	164	215	62	30	159	230	167	196	167	221	
19	164	226	209	214	178	188	247	59	225	94	151	8	174	254	44	127	159	151	181	182	218	164	198	62	14	159	196	167	196	179	213	
2	176	240	147	246	185	184	67	30	123	81	183	172	156	94	40	191	27	147	149	150	124	38	211	14	30	26	234	149	12	149	215	
10	183	116	153	239	249	176	223	159	125	28	191	172	188	238	132	167	27	247	21	151	43	106	243	30	87	30	255	222	76	141	223	
35	185	96	8	213	209	242	207	75	69	108	141	40	140	118	148	216	170	130	85	150	58	244	245	63	28	132	107	215	14	254	222	
43	233	82	74	85	149	66	244	67	0	100	14	40	192	246	180	88	232	130	90	199	58	252	253	62	92	133	107	123	159	122	140	
82	221	43	174	190	197	91	196	175	76	200	175	55	222	34	80	246	251	29	213	142	11	186	253	249	244	143	250	52	30	53	95	
200	159	254	78	187	242	95	183	231	13	174	176	106	247	134	118	102	246	236	216	26	9	171	247	123	253	5	91	227	198	228	59	
114	155	222	94	234	34	92	167	161	29	234	237	106	111	4	83	166	247	237	162	28	75	138	109	58	190	85	219	235	242	238	27	
177	188	94	122	240	255	102	247	113	75	100	92	51	112	150	241	51	170	6	60	183	254	60	63	62	235	116	97	250	192	234	221	
137	174	142	187	240	175	184	215	58	27	120	245	189	227	98	25	183	43	23	149	54	222	136	59	204	199	126	233	136	192	171	201	
40	255	91	106	242	231	122	246	49	72	124	237	49	231	32	16	126	186	135	254	171	186	24	127	127	173	36	232	121	210	238	251	
89	184	218	48	226	233	113	83	35	121	110	57	30	215	2	120	163	190	118	0	22	122	146	113	223	175	52	105	234	192	206	83	
80	99	27	104	42	66	58	124	164	8	242	224	209	135	129	112	118	157	237	226	72	131	227	92	242	161	170	137	32	146	37	43	
106	187	74	32	32	152	122	144	33	12	252	237	15	131	130	22	6	207	197	76	10	72	146	225	226	249	32	201	106	134	10	147	
88	62	115	52	170	216	16	130	190	83	162	249	127	158	192	248	183	247	237	145	30	77	167	98	211	227	59	203	164	1	167	19	
35	42	97	89	105	189	233	91	235	57	60	216	18	132	212	180	13	182	198	12	147	122	238	113	7	30	17	120	211	200	198	245	
80	56	90	80	106	249	176	194	170	112	52	169	28	211	199	26	163	119	230	16	7	209	130	96	86	225	49	99	200	1	11	139	
19	41	119	65	67	83	168	66	126	96	122	194	89	158	148	160	58	159	150	136	21	250	167	80	21	76	163	130	101	0	99	164	
96	187	251	70	238	88	182	231	234	173	184	40	114	248	212	50	170	246	106	64	148	107	174	98	127	60	37	59	197	250	215	175	
241	173	235	54	244	255	223	231	82	232	124	29	51	252	214	49	152	238	85	61	255	254	252	47	251	237	165	248	101	72	210	90	
161	158	110	63	228	175	237	247	116	110	118	149	113	109	18	25	29	234	3	47	244	252	125	63	102	15	245	128	109	248	210	216	
36	59	223	118	234	9	180	231	202	186	56	109	48	233	69	26	175	255	98	3	64	122	138	96	92	142	117	42	201	122	199	139	
205	123	139	150	234	0	45	213	58	218	68	252	181	198	195	59	38	109	114	223	227	86	174	98	212	33	255	168	12	113	163	249	
116	94	95	62	160	46	87	190	49	62	234	109	119	103	1	89	213	247	44	38	108	210	73	44	240	231	117	144	224	251	192	91	
221	233	187	98	144	212	75	156	102	168	174	8	241	215	209	112	48	124	124	218	91	11	188	42	249	237	167	248	2	162	163	40	
213	184	145	164	246	8	118	171	123	171	10	124	214	184	64	146	179	111	124	17	25	121	153	2	156	198	37	62	172	114	139	3	
84	55	249	100	162	75	23	184	91	174	57	234	71	116	197	50	183	221	108	98	200	112	237	10	252	134	37	191	224	251	7	35	
21	164	156	161	182	43	182	203	122	243	2	250	215	56	73	171	179	79	88	51	55	241	141	14	172	70	15	119	172	112	155	133	
223	183	109	98	186	94	95	185	241	125	183	252	91	125	158	55	55	151	253	253	251	77	109	95	250	251	37	212	47	134	210	117	
221	151	61	123	184	223	87	185	221	127	165	124	215	85	138	241	151	18	204	110	255	69	123	63	234	243	96	84	122	141	132	113	
124	216	148	92	137	124	84	175	203	178	164	24	10	177	103	255	129	214	232	0	125	107	242	144	155	254	85	63	210	120	78	14	
252	96	172	55	141	125	69	150	228	255	166	29	131	133	75	59	129	198	232	14	108	101	243	32	195	211	84	49	194	125	222	86	
181	68	33	45	4	103	79	248	84	106	249	26	115	81	25	57	121	200	21	239	105	182	89	31	209	206	97	52	113	123	114	226	
252	151	157	46	168	76	87	184	131	254	160	109	215	119	75	91	197	212	236	98	121	67	219	56	249	243	101	60	216	122	6	83	
62	53	162	3	213	127	244	69	49	239	239	27	66	252	95	142	185	188	194	49	60	243	184	10	27	71	133	71	195	111	222	214	
77	165	156	59	189	253	86	136	223	127	45	25	207	225	107	216	145	74	234	126	54	32	90	55	239	223	5	125	218	251	200	6	
104	48	189	101	109	111	208	27	83	187	185	120	150	61	65	42	153	157	125	1	137	246	211	2	203	255	81	54	201	104	70	179	
93	109	210	68	211	118	108	207	241	147	110	18	9	226	117	254	49	205	104	248	52	211	180	66	59	239	199	69	163	112	235	4	
103	168	213	82	249	156	98	134	235	177	38	88	2	182	196	254	197	86	232	24	23	122	218	224	31	58	85	126	130	232	202	44	
69	32	216	100	132	56	108	17	99	134	38	12	215	35	67	90	65	196	108	30	12	80	245	0	206	235	101	17	160	241	202	64	
91	237	208	193	210	22	60	231	59	176	46	130	29	55	65	246	39	223	120	156	99	89	149	194	191	207	31	100	171	240	171	40	
74	245	35	183	17	204	63	181	187	229	11	141	253	231	90	82	134	255	249	197	64	216	152	239	237	119	158	32	6	150	135	122	
87	253	58	56	155	149	30	232	190	81	137	21	204	254	122	80	183	73	249	247	247	3	58	119	187	103	15	111	184	117	171	86	
99	65	195	92	65	150	106	104	53	192	234	64	64	230	37	244	88	252	162	238	73	147	178	206	55	62	192	10	75	171	104	180	
16	163	63	57	58	203	179	200	222	180	104	170	183	212	224	32	51	57	78	97	6	241	46	29	248	135	47	53	112	10	7	227	
13	229	96	3	213	91	230	172	123	117	46	153	203	104	94	132	51	78	66	95	118	120	253	119	47	95	21	101	231	223	219	204	
66	34	43	88	8	208	152	8	166	156	128	225	225	206	116	66	221	113	233	129	142	67	206	25	10	241	171	185	20	0	47	80	
192	48	57	96	0	76	17	17	32	106	100	108	30	23	0	16	4	21	69	0	1	196	176	0	195	177	32	48	74	0	6	243	
61	111	34	54	213	156	238	240	245	204	234	77	107	232	63	144	184	233	66	239	204	179	26	238	51	124	5	2	75	55	106	134	
7	0	119	69	130	74	169	72	46	96	114	194	217	6	148	36	46	21	122	156	145	241	37	76	5	42	75	128	199	128	101	245	
35	32	26	72	41	93	152	72	206	104	176	72	146	216	54	168	138	9	122	1	133	103	222	82	19	24	19	59	89	8	107	132	
105	176	56	30	13	157	144	202	203	208	164	12	190	216	86	164	137	35	218	13	134	99	218	57	209	24	1	59	90	44	11	134	
9	255	112	65	252	29	180	190	127	114	60	108	190	120	215	180	151	75	70	108	231	104	111	95	46	223	37	62	94	248	75	141	
40	125	81	79	250	223	150	190	95	232	60	104	190	62	197	180	135	123	198	64	225	104	121	127	46	215	52	186	90	82	15	191	
40	223	115	86	240	201	55	180	189	12	127	237	238	231	173	148	150	123	199	66	98	152	106	47	103	247	36	147	66	219	6	251	
13	237	58	26	125	221	150	250	223	72	124	0	188	220	119	32	149	107	18	79	231	41	58	127	123	95	7	46	90	55	105	199	
60	39	42	165	117	159	231	96	113	172	223	47	74	137	179	4	120	236	135	239	204	179	128	206	246	69	163	161	103	191	126	195	
114	34	64	168	105	5	75	89	43	45	249	253	134	7	6	148	220	133	205	132	8	2	195	210	180	244	138	186	50	6	214	67	
47	205	42	158	116	141	239	184	223	78	93	133	255	237	191	64	213	106	23	79	231	161	58	255	102	127	35	136	94	159	81	248	
188	68	106	236	84	147	203	120	196	128	245	2	115	201	177	97	120	168	23	234	232	183	36	156	114	233	161	136	119	171	112	160	
2	89	22	155	236	133	184	198	142	25	80	34	172	222	33	72	238	59	187	83	2	156	2	241	5	48	218	202	144	25	161	139	
134	249	178	154	239	197	190	198	142	88	80	35	172	222	101	73	239	123	179	211	194	75	26	241	21	16	222	171	148	93	165	219	
191	76	78	174	6	146	238	112	133	194	211	199	113	202	179	225	126	224	31	239	237	167	4	238	178	107	234	128	61	191	120	20	
239	107	226	94	109	24	254	105	217	202	245	174	104	232	247	191	254	236	246	231	229	99	238	232	54	120	197	171	79	190	250	157	
167	107	226	158	239	145	190	225	219	214	117	175	40	204	247	143	238	235	243	199	196	107	238	233	54	24	207	171	87	127	127	207	
130	249	178	155	207	197	188	206	158	89	80	55	172	222	103	9	239	123	179	209	194	95	26	241	13	16	158	235	144	29	165	219	
151	94	78	174	2	130	110	112	133	194	215	231	121	203	179	65	110	229	63	239	237	135	4	236	242	235	234	128	45	191	56	81	
217	89	127	252	6	194	119	246	228	192	246	162	55	151	161	97	98	244	60	202	105	189	36	45	242	235	102	128	45	176	97	43	
249	209	119	236	109	78	111	121	177	74	247	78	94	247	168	247	126	244	126	106	233	247	187	205	247	250	66	158	59	190	230	113	
10	175	106	155	247	241	191	231	31	77	88	163	172	236	54	64	251	123	147	209	22	154	46	255	110	23	158	235	149	78	181	223	
10	156	42	155	247	241	187	230	159	71	88	179	172	254	54	64	255	59	147	145	54	190	58	255	111	55	154	203	149	76	181	222	
32	4	130	136	212	34	162	79	52	1	250	2	0	138	40	64	121	142	2	176	16	187	0	206	60	36	150	76	213	10	240	136	
48	132	2	128	84	130	170	103	180	33	218	2	72	170	56	64	121	173	31	161	40	179	0	207	56	38	154	68	5	10	240	136	
2	73	2	159	76	137	170	96	22	0	80	2	168	202	33	65	120	40	34	194	66	58	10	253	20	0	202	168	21	10	113	136	
84	237	214	143	158	139	238	232	175	160	250	2	236	234	41	64	122	239	110	226	64	163	203	255	188	182	143	52	21	122	97	136	
84	228	198	159	220	43	238	236	191	178	242	2	238	234	40	65	123	239	110	162	40	243	203	255	188	182	207	28	149	120	113	136	
6	164	130	137	212	163	170	67	30	1	91	2	140	138	104	72	123	11	19	144	18	184	1	194	12	4	154	196	149	74	241	128	
38	132	208	131	228	169	168	67	30	3	121	2	140	170	124	72	251	11	51	17	18	184	194	194	12	28	154	224	213	75	209	128	
134	141	6	147	212	162	174	99	60	131	91	18	72	234	48	64	123	47	19	145	48	249	1	238	60	38	159	192	133	104	177	128	
6	180	240	211	228	168	184	75	75	11	89	34	140	254	124	8	255	27	179	145	146	56	202	210	12	28	158	238	212	78	129	129	
6	4	130	137	148	163	170	71	30	3	91	18	12	138	40	64	123	41	2	144	50	148	1	214	12	6	154	196	149	8	177	128	
6	180	176	208	237	37	184	75	11	251	121	43	140	190	124	10	143	27	183	17	146	122	138	194	15	30	95	238	148	76	231	211	
2	181	246	145	246	163	188	231	63	113	90	179	204	254	124	65	183	31	183	149	178	216	12	215	60	30	159	230	149	68	161	217	
38	13	130	158	212	163	174	67	150	131	89	18	96	234	49	64	121	42	2	145	50	186	8	222	56	38	142	200	149	106	240	128	
130	181	244	249	254	153	184	223	159	89	88	183	172	255	238	66	239	27	191	129	182	88	226	247	46	86	154	234	150	204	133	223	
3	180	224	211	246	177	186	203	27	99	89	179	140	222	94	40	191	27	147	149	150	184	172	211	14	28	154	230	213	70	147	213	
102	177	176	192	239	245	184	79	11	109	125	47	12	188	94	40	157	27	179	145	150	58	250	208	31	28	159	239	199	78	151	215	
38	5	226	158	212	163	174	79	86	131	89	2	96	232	49	64	121	170	19	177	144	179	0	222	56	38	143	200	213	122	240	128	
29	87	107	197	118	18	239	248	116	224	222	230	89	111	183	96	126	236	23	239	201	176	45	206	118	45	167	132	47	179	112	241	
3	181	226	145	214	179	184	231	63	117	90	183	12	174	254	32	127	159	151	149	182	218	164	247	62	14	159	230	167	196	179	221	
2	165	226	209	214	178	254	231	63	193	90	147	8	174	254	96	127	223	23	149	242	250	36	198	62	14	159	196	133	196	241	220	
2	191	116	153	255	217	184	222	159	125	92	191	172	188	254	4	175	27	183	1	150	57	38	247	62	84	26	235	159	12	141	223	
35	183	224	10	241	245	186	95	11	109	125	173	8	252	254	180	221	27	151	21	151	58	252	211	30	28	17	239	223	78	206	215	
50	253	43	170	118	229	91	246	23	76	88	43	55	255	48	80	254	251	23	181	43	154	56	191	253	229	174	232	52	218	182	251	
226	159	218	78	250	160	126	167	171	9	186	253	96	239	132	80	231	247	109	128	50	11	139	103	62	190	36	219	201	194	226	27	
242	158	122	94	242	248	86	135	127	15	254	56	35	238	196	113	183	254	68	48	190	126	172	127	123	173	36	91	193	192	230	47	
161	188	127	123	242	251	117	247	116	75	116	48	115	120	150	121	179	170	22	16	191	254	44	63	111	239	116	65	241	192	238	207	
19	220	30	187	178	175	29	183	60	94	202	36	247	114	2	121	183	227	92	167	253	216	61	125	232	199	127	210	136	80	161	109	
161	237	91	107	240	231	111	246	52	72	120	192	49	247	32	49	126	122	23	238	99	154	24	127	111	173	164	192	121	210	226	153	
80	186	243	244	226	224	56	87	51	1	106	233	31	190	192	248	183	255	165	129	154	90	133	113	220	230	58	201	164	192	39	17	
35	174	255	81	124	189	232	194	238	57	56	88	146	236	212	182	137	54	66	12	151	121	238	113	23	28	17	113	193	72	207	164	
150	58	87	49	130	190	40	67	62	174	98	244	237	6	132	216	182	61	236	128	181	220	165	114	148	226	43	194	161	129	167	181	
35	32	234	56	92	209	176	78	246	65	240	42	176	216	54	32	216	169	122	145	13	99	206	80	16	45	155	43	221	0	107	142	
218	82	76	229	32	6	77	48	52	164	230	197	199	39	3	81	86	229	109	238	232	208	81	12	230	227	234	128	32	176	36	120	
55	0	165	101	189	63	200	0	71	253	179	20	195	40	156	174	201	68	124	189	141	225	125	156	137	250	203	84	201	8	80	84	
99	59	75	36	112	136	106	16	41	192	176	237	51	139	86	18	134	239	93	196	140	74	196	96	182	184	169	184	8	128	10	91	
73	187	139	190	226	0	45	247	40	218	72	236	181	230	194	59	54	111	50	206	209	90	142	32	212	99	255	168	8	114	163	249	
185	29	239	47	188	110	247	183	196	204	122	5	119	109	51	2	168	102	87	111	189	185	61	47	229	239	101	128	237	250	208	218	
117	184	92	88	207	217	16	202	207	49	164	26	26	216	78	123	201	211	248	16	30	107	223	177	27	153	85	127	153	8	202	6	
156	123	159	39	186	11	167	212	162	188	176	238	247	229	73	2	46	117	68	83	67	233	138	40	232	197	47	52	232	59	131	185	
93	89	158	62	170	14	23	188	168	222	174	45	247	114	3	123	182	231	108	102	73	195	251	40	241	231	103	20	136	115	131	123	
92	239	59	110	48	198	79	180	96	140	228	72	243	211	192	113	48	252	76	250	74	139	168	45	251	233	167	248	34	178	103	43	
196	226	251	84	114	74	55	232	115	162	102	170	102	241	196	54	51	252	98	98	32	246	143	106	126	46	69	47	103	241	102	163	
157	126	111	115	178	191	91	158	247	253	142	244	219	103	219	59	55	246	221	254	171	193	45	46	234	203	37	212	174	213	2	113	
101	172	210	148	246	42	98	195	59	161	98	121	70	227	64	16	51	110	0	60	32	218	136	106	124	140	21	100	168	224	210	130	
157	154	29	115	170	95	83	184	151	126	167	252	223	119	170	123	23	84	206	126	61	197	107	60	202	211	101	116	250	185	13	113	
69	89	213	103	42	15	47	184	46	224	58	228	215	39	129	2	22	84	108	110	193	176	89	60	100	238	101	148	108	243	1	49	
255	151	124	118	170	95	95	185	187	127	183	189	223	93	158	51	183	213	253	103	253	69	239	119	218	251	105	247	111	133	207	115	
85	251	217	67	178	27	39	184	102	168	54	228	215	1	193	112	54	84	108	122	211	120	237	40	236	137	37	244	108	179	1	49	
228	52	173	119	136	124	85	157	160	246	167	29	211	117	75	59	129	214	124	34	125	101	251	0	195	163	117	61	192	120	214	114	
165	196	69	121	44	99	70	188	86	186	240	112	83	113	153	41	89	72	54	42	105	246	73	31	160	138	245	180	116	249	114	161	
237	148	252	127	41	124	85	152	95	95	173	61	226	116	143	255	209	214	236	38	237	102	123	19	199	255	117	31	218	254	76	87	
108	252	172	115	161	45	119	152	55	255	165	29	211	113	75	31	145	202	238	62	58	118	251	50	207	215	85	117	202	255	94	82	
104	36	188	101	109	47	209	26	91	187	181	24	222	185	65	27	159	28	108	8	0	118	211	2	197	255	81	62	202	233	67	163	
165	168	223	87	219	156	164	200	250	179	32	24	84	242	76	186	163	126	98	24	3	81	154	113	13	58	85	38	192	96	67	164	
116	48	168	37	128	76	101	20	96	198	166	13	211	39	67	90	0	196	104	30	204	210	241	0	199	161	69	17	232	240	78	82	
75	173	146	85	209	214	108	103	115	185	175	16	168	50	68	246	161	239	104	152	124	218	177	234	47	255	159	101	131	80	235	142	
78	237	131	247	209	204	110	167	187	25	79	24	188	247	88	148	133	123	121	206	123	216	154	231	175	255	158	104	2	87	146	40	
79	253	161	186	249	229	93	238	63	92	136	5	188	167	115	80	133	75	91	221	118	75	154	115	249	87	159	232	154	84	163	218	
105	205	24	58	89	157	94	174	223	21	236	13	170	200	62	208	201	235	234	78	206	42	222	183	118	253	16	57	82	30	74	14	
24	99	119	184	58	203	51	104	247	180	202	168	207	197	160	196	55	185	234	99	66	241	15	29	240	134	1	53	118	138	5	32	
50	226	71	37	16	22	44	85	52	164	242	197	65	6	4	144	254	157	70	132	12	210	81	77	182	226	171	128	65	144	166	148	
82	34	14	172	8	6	216	72	166	140	194	133	197	206	50	66	204	69	105	133	12	195	147	16	209	243	139	153	0	0	52	82	
108	166	40	51	173	221	64	142	107	119	36	9	135	72	90	147	137	194	201	21	14	96	251	53	207	217	21	125	80	142	222	82	
64	48	26	96	0	109	17	18	32	185	36	8	30	23	64	50	164	85	85	0	1	192	144	32	195	153	49	50	72	1	10	179	
153	237	112	87	219	159	190	166	127	164	44	8	175	56	71	180	39	111	66	78	230	56	125	127	62	95	21	54	119	215	11	141	
142	247	51	94	241	205	63	248	189	68	109	141	110	231	41	148	182	91	195	102	99	129	58	127	115	247	5	10	66	247	7	248	
40	229	106	124	253	1	199	255	245	22	236	141	227	233	63	16	89	202	195	238	106	35	210	47	107	255	133	29	74	252	254	154	
8	236	59	120	253	205	255	238	255	95	108	1	190	253	119	32	129	106	19	93	66	104	58	247	111	95	23	105	210	28	71	234	
62	103	98	166	85	147	246	96	117	132	222	143	106	233	51	196	122	232	131	111	204	179	132	174	242	84	3	3	103	191	126	198	
98	38	72	137	122	13	122	72	42	36	236	141	4	130	6	16	254	141	67	36	0	83	210	90	116	37	139	57	28	130	90	144	
79	32	7	72	9	82	170	72	236	64	179	192	217	158	148	228	232	149	122	175	141	227	239	194	145	124	138	28	67	7	33	36	
49	52	16	40	45	109	144	74	206	106	184	88	158	216	86	32	201	9	122	1	141	103	223	146	145	216	27	58	88	76	75	134	
173	95	112	95	250	157	150	180	223	226	109	232	254	254	141	180	150	123	194	66	229	188	124	63	38	215	4	50	94	219	11	157	
188	4	110	236	84	19	203	120	212	128	245	2	83	201	185	97	120	168	23	234	232	183	36	140	82	233	160	136	119	187	112	160	
134	217	22	155	237	133	188	198	142	24	88	34	172	222	97	73	239	123	187	83	66	26	2	241	37	16	222	170	16	89	161	139	
34	125	102	158	207	209	190	230	137	212	120	171	44	236	119	3	234	251	243	199	196	107	250	249	55	16	207	171	85	126	119	222	
223	12	71	174	6	34	106	80	229	194	211	199	81	238	177	235	126	228	63	239	173	151	36	200	144	107	235	128	45	247	120	80	
239	159	86	78	125	150	238	248	233	72	254	78	106	248	182	247	126	230	246	110	253	51	62	237	54	122	193	155	127	191	122	21	
221	30	206	230	2	34	107	80	161	134	247	231	89	231	179	91	126	229	61	238	169	215	140	200	210	235	235	128	45	243	32	17	
10	156	34	153	247	241	187	230	31	71	88	163	172	236	54	64	255	59	147	145	54	190	38	255	111	87	158	203	149	76	181	223	
128	168	130	155	84	139	170	194	22	3	80	18	168	202	96	72	121	42	2	144	34	188	11	243	4	6	146	104	149	9	49	136	
48	132	2	140	84	130	170	101	180	1	218	2	64	234	40	64	120	172	31	160	40	179	0	207	48	38	139	68	21	10	112	136	
32	73	2	159	76	129	170	96	30	0	80	2	40	202	49	64	120	168	19	195	66	186	10	253	52	0	138	40	85	11	112	136	
4	36	194	137	212	163	162	74	22	3	89	2	136	138	112	64	121	10	2	145	18	186	1	194	12	4	154	100	149	75	49	128	
2	141	6	151	212	130	174	103	60	131	91	18	72	226	32	64	121	47	51	144	112	152	8	239	60	38	159	192	132	104	177	128	
6	36	130	137	212	163	170	74	22	1	89	2	8	138	56	64	121	10	19	145	18	186	1	194	44	4	154	196	149	75	177	128	
2	141	150	155	214	130	188	231	62	51	82	18	236	234	56	64	119	47	59	145	50	216	9	215	60	54	223	196	20	64	161	137	
38	36	224	195	228	32	234	194	91	163	121	2	136	170	93	8	127	139	19	145	146	178	200	194	12	28	155	228	133	75	115	128	
2	149	246	153	214	131	188	231	62	51	90	179	172	238	124	64	119	63	179	149	242	152	10	215	60	62	158	230	21	68	161	217	
38	13	2	158	212	163	174	103	22	129	89	18	96	234	48	64	121	106	2	145	50	186	8	255	40	38	142	200	149	106	240	128	
6	36	178	129	214	163	170	66	30	3	91	18	12	138	120	72	127	9	19	145	178	148	1	214	12	6	154	196	149	73	177	128	
2	188	118	153	110	137	188	239	159	83	80	179	172	190	44	64	231	59	191	5	178	88	2	247	30	18	158	234	20	12	165	219	
6	128	2	153	20	163	42	67	62	3	83	18	76	194	40	72	123	41	19	144	50	148	1	214	12	38	154	196	148	8	177	128	
103	52	240	194	237	53	184	10	75	235	125	41	12	188	223	60	151	31	183	21	150	50	170	194	31	28	155	238	199	71	83	215	
36	13	194	140	212	163	174	111	22	129	88	2	64	232	48	64	121	106	2	177	16	186	0	222	56	38	143	72	213	106	240	128	
7	160	224	147	230	177	184	202	30	99	81	147	140	140	94	40	63	27	147	149	150	180	172	211	12	30	155	230	213	77	51	213	
29	85	107	199	118	18	239	120	116	192	223	230	89	111	183	96	126	236	23	238	201	176	45	206	118	45	167	132	47	179	112	241	
3	189	98	145	214	147	190	239	63	113	88	183	44	174	254	32	127	155	151	149	182	152	36	247	62	14	158	230	21	68	177	221	
2	191	98	155	246	153	184	238	31	117	92	183	44	174	246	32	191	27	183	149	182	120	38	247	62	22	26	235	31	140	165	223	
39	50	224	19	102	185	184	202	91	239	117	191	136	204	223	40	159	9	147	21	135	118	238	210	14	30	27	239	221	205	15	213	
0	34	5	177	68	137	224	2	108	49	98	208	149	2	128	72	106	140	42	156	2	252	69	68	132	160	178	64	36	136	33	136	
120	255	91	46	250	136	175	247	184	200	248	237	117	231	64	17	191	127	69	230	81	43	136	47	248	229	47	248	73	114	163	217	
128	187	222	81	226	138	56	214	63	16	112	240	61	147	132	25	55	127	2	144	19	220	4	125	76	162	50	0	109	128	35	137	
19	168	199	177	162	134	40	3	60	0	226	244	213	6	128	88	118	173	126	157	25	216	69	68	132	174	58	192	169	0	163	176	
208	96	79	237	66	14	109	48	53	164	98	133	101	7	0	81	118	172	107	238	96	208	209	92	119	170	195	0	32	160	0	32	
93	217	190	182	170	78	63	188	236	218	142	44	255	115	3	115	38	119	125	99	237	193	63	45	242	231	111	152	168	115	169	27	
112	160	40	186	29	129	145	205	214	20	129	11	182	217	90	2	201	202	107	17	10	107	219	49	209	1	15	61	81	8	119	130	
101	6	253	69	172	107	225	32	108	185	179	104	214	56	140	43	139	68	126	41	185	224	105	12	12	58	99	212	196	42	81	33	
1	56	11	161	96	143	171	112	44	232	64	77	149	214	80	48	132	45	91	79	129	208	242	12	197	129	43	32	8	2	3	240	
188	221	63	55	172	78	87	189	224	218	178	49	247	125	17	115	42	230	125	99	248	237	47	46	233	235	101	144	101	248	212	107	
216	127	95	238	56	134	87	248	229	140	166	108	115	83	1	83	114	244	76	234	104	195	24	45	243	233	39	24	42	179	102	51	
184	93	127	238	56	95	79	244	165	136	238	64	127	83	161	51	122	244	92	234	104	135	57	63	243	233	225	144	34	179	38	33	
156	126	31	183	42	15	71	252	180	190	182	254	255	197	201	11	46	245	108	106	105	101	11	46	240	193	37	20	106	185	1	57	
253	89	190	62	58	14	87	188	163	252	166	12	247	243	139	115	38	228	124	110	232	71	251	40	249	235	101	24	168	179	3	123	
164	39	85	101	114	47	38	56	112	162	35	252	83	33	128	19	55	84	66	106	224	240	93	12	108	130	101	36	105	249	3	160	
223	142	108	114	168	31	95	184	189	246	167	185	91	127	223	255	183	213	253	254	249	69	111	126	218	219	117	212	230	181	70	113	
221	218	29	114	42	95	83	184	183	252	183	252	223	87	203	123	39	244	236	126	233	197	107	54	218	203	101	212	122	189	8	113	
100	168	156	18	201	153	144	198	234	181	160	25	128	186	102	26	129	119	234	17	22	107	202	113	93	147	85	127	208	64	143	142	
85	123	93	69	50	15	79	188	96	168	54	204	211	71	129	115	22	212	108	110	201	240	221	60	162	233	101	180	104	179	66	49	
228	93	21	101	188	47	71	186	68	250	170	76	215	33	1	27	28	214	76	106	57	96	89	62	229	130	101	52	216	251	66	48	
237	148	252	95	41	126	81	56	91	127	175	61	206	116	206	255	215	212	236	38	173	116	251	19	207	255	113	63	218	239	76	119	
102	200	148	91	137	157	148	166	202	51	160	24	128	184	100	230	137	119	234	80	86	105	202	113	45	50	85	119	208	120	203	142	
238	52	245	127	105	124	156	152	27	127	189	61	238	124	159	63	151	87	253	35	167	102	251	147	199	127	125	191	214	246	135	215	
232	181	148	95	253	116	65	13	115	159	237	20	200	51	78	254	217	142	236	144	62	90	251	195	15	255	214	67	130	66	238	6	
236	180	172	113	253	47	113	27	127	255	173	29	210	113	79	31	145	142	239	60	186	116	251	26	207	223	85	116	218	108	86	242	
105	53	156	243	237	111	117	31	123	191	127	24	158	49	74	47	139	30	108	24	50	248	243	130	207	223	84	119	202	72	202	163	
70	172	150	86	203	144	176	194	234	147	160	8	104	242	76	119	161	115	104	144	6	75	154	225	25	154	87	123	131	0	107	14	
100	48	173	101	128	76	101	16	224	238	166	13	147	55	67	90	0	204	105	28	137	246	241	0	207	169	69	16	200	240	70	122	
202	229	161	250	249	69	79	173	63	219	45	25	252	55	73	181	129	74	219	158	99	74	219	247	239	223	158	190	146	86	131	250	
160	181	174	16	245	223	244	103	115	223	190	29	130	188	86	5	137	138	230	145	252	239	179	198	59	87	21	79	195	68	254	222	
8	253	184	123	245	205	245	167	255	25	124	0	190	189	120	160	129	58	243	17	83	120	90	245	239	215	22	107	210	8	223	170	
104	137	32	58	93	157	86	236	207	21	236	9	170	232	118	148	201	42	226	71	78	43	90	181	127	93	17	123	82	14	94	206	
0	39	81	203	90	11	39	104	55	164	235	232	206	195	128	212	30	152	234	234	64	178	79	94	165	22	1	34	114	154	4	160	
115	105	8	184	141	144	80	204	215	144	128	9	166	216	123	82	201	225	120	193	14	99	222	89	144	48	139	63	120	48	58	14	
51	98	15	173	16	6	76	207	52	160	194	197	209	2	16	80	216	141	19	164	105	210	65	15	180	174	171	128	9	16	242	176	
122	169	33	250	9	197	72	136	135	17	128	8	174	215	72	222	73	243	249	192	10	74	218	177	153	210	219	59	18	6	6	34	
100	177	41	33	132	205	115	155	162	245	172	9	147	29	90	18	153	196	81	21	26	112	248	16	207	197	5	117	224	138	214	114	
65	32	24	96	40	12	121	23	40	165	44	8	31	19	66	56	132	21	80	8	0	137	176	64	195	157	17	112	200	128	195	170	
137	237	52	87	213	221	238	231	127	255	54	24	40	42	86	181	41	239	98	207	118	126	185	247	63	95	20	97	99	85	239	206	
58	185	40	90	93	213	149	238	135	21	236	11	34	253	6	52	201	154	211	192	74	43	122	181	115	85	144	127	83	94	254	250	
81	48	144	41	47	13	144	72	79	35	226	10	214	184	80	36	201	29	106	1	175	115	215	208	149	52	15	58	216	8	9	6	
43	153	32	219	213	157	239	182	143	73	92	0	178	253	53	228	200	122	19	77	203	56	114	253	111	221	158	104	26	28	80	186	
188	4	110	236	68	34	205	121	212	130	247	2	83	201	181	105	120	172	23	170	168	183	36	140	82	235	226	132	119	235	112	160	
2	253	150	154	237	133	190	231	142	154	88	34	172	254	97	67	239	123	187	83	66	73	10	241	45	16	222	170	20	88	161	139	
34	189	38	158	207	197	190	230	143	222	216	39	172	254	119	3	239	123	179	195	198	123	154	251	61	16	207	171	21	124	55	223	
215	0	231	229	132	34	237	81	245	194	215	210	89	166	185	111	126	133	63	175	185	215	165	200	144	106	235	132	165	226	240	116	
99	95	118	78	125	150	254	224	205	72	255	78	104	248	183	244	238	226	246	230	229	43	62	253	54	126	129	155	95	190	120	149	
10	158	107	189	247	243	187	103	31	77	92	163	172	174	182	64	255	59	151	145	54	152	36	255	110	119	190	203	151	76	181	219	
16	132	10	172	84	130	170	97	180	1	218	2	81	202	40	64	120	172	31	160	40	179	0	222	176	167	170	64	5	10	49	128	
32	201	2	158	84	129	162	224	22	0	80	2	32	200	33	64	120	42	2	194	66	186	10	253	52	4	138	40	21	11	48	136	
38	36	130	137	212	163	162	74	22	1	121	2	0	136	121	64	121	10	19	145	18	178	0	194	28	4	154	196	149	75	48	128	
2	141	178	155	214	131	188	231	62	1	90	146	44	238	48	64	127	59	51	145	242	152	8	247	60	38	158	192	21	4	161	137	
2	141	2	154	212	131	174	231	20	129	90	2	96	234	48	64	121	106	19	145	114	186	8	255	40	38	143	192	149	74	176	136	
6	4	130	129	148	163	170	66	22	3	91	18	12	202	56	72	123	9	19	145	50	148	1	214	12	6	154	196	149	75	49	128	
61	77	106	239	118	18	127	120	85	192	255	130	91	77	183	100	126	252	23	238	200	179	45	174	118	237	167	128	119	191	112	225	
103	96	224	215	102	56	248	154	123	227	125	139	8	204	221	56	183	221	55	159	134	118	238	194	6	30	223	174	199	247	82	213	
3	156	114	153	86	131	184	230	62	97	90	179	172	174	118	96	127	187	147	149	246	152	6	247	60	14	158	226	21	12	177	221	
134	96	226	147	86	33	186	200	30	227	81	147	136	140	127	40	127	25	19	149	162	180	13	210	12	14	155	228	197	93	51	212	
29	85	107	207	118	18	239	120	116	192	223	230	89	111	191	96	126	236	23	238	201	177	45	238	118	45	167	128	47	187	112	241	
3	173	98	153	214	131	170	230	30	65	90	147	40	238	62	32	127	251	147	149	182	152	12	255	62	14	158	192	21	12	177	220	
3	188	98	155	118	177	186	238	31	69	88	167	44	142	246	96	127	251	151	133	166	186	46	247	62	30	154	226	21	13	53	221	
56	159	122	191	118	227	123	246	20	76	220	163	117	255	50	81	254	251	23	227	168	186	24	191	249	199	175	192	53	74	116	251	
157	249	15	183	170	90	31	253	180	214	166	180	255	199	139	35	46	119	221	238	109	197	169	47	226	225	79	16	42	177	163	121	
17	191	27	229	50	46	111	178	60	8	90	228	213	119	128	112	54	111	20	238	161	152	1	79	236	175	42	192	40	162	35	177	
98	32	66	152	203	161	104	74	167	1	224	11	32	195	101	28	104	175	106	152	26	75	210	80	20	48	147	43	233	0	42	142	
240	96	79	197	64	10	104	0	60	162	98	193	85	3	0	80	112	236	123	238	64	212	193	76	84	170	226	0	41	176	114	128	
68	18	149	69	164	47	161	49	108	41	123	96	215	33	140	98	7	84	110	40	145	240	73	4	76	174	99	84	192	170	193	33	
157	105	238	119	139	26	95	204	181	208	134	144	251	71	83	51	34	244	249	254	104	197	191	42	251	203	199	16	38	181	162	104	
220	222	191	246	174	74	87	190	241	186	146	120	255	125	25	91	175	247	109	99	232	229	139	42	241	227	119	20	102	241	165	43	
221	217	255	126	170	78	95	188	241	252	134	57	255	247	11	115	166	229	125	106	233	71	187	41	251	235	103	152	46	179	7	75	
253	120	94	190	42	78	87	184	161	238	166	44	127	215	131	83	118	245	108	106	105	71	251	45	241	235	97	152	42	179	102	115	
9	40	63	227	36	238	107	48	100	232	74	64	151	87	16	96	128	100	125	78	9	208	179	44	197	186	47	0	0	2	3	33	
220	126	159	246	42	79	87	156	181	254	182	252	223	119	139	11	39	244	236	106	105	229	171	42	242	243	117	148	106	249	141	113	
16	168	150	61	27	139	162	203	174	177	96	9	99	226	100	130	169	109	106	1	22	249	142	51	25	166	13	55	81	40	203	134	
13	36	85	101	160	43	108	48	48	162	99	192	215	35	128	27	23	68	100	46	113	240	73	12	140	138	101	0	104	242	2	160	
221	94	253	118	41	127	95	158	191	254	175	189	223	215	203	255	55	245	236	46	173	69	235	58	210	219	113	189	106	253	4	113	
247	204	244	118	43	59	90	168	187	178	163	153	207	249	93	187	183	213	121	103	44	71	207	242	219	254	73	118	231	245	67	2	
237	48	189	102	40	110	83	24	41	250	39	120	223	55	201	191	135	212	253	42	169	68	249	0	195	251	97	180	194	243	6	115	
237	85	149	102	168	79	71	184	97	250	162	88	215	117	1	127	145	84	104	106	121	100	249	40	233	186	69	52	202	251	194	48	
74	185	144	90	153	209	16	142	171	149	168	40	174	242	70	150	129	115	232	144	30	75	202	241	187	212	30	123	146	68	175	14	
236	55	252	123	253	126	87	153	123	127	173	61	202	125	78	255	213	158	236	50	191	118	251	130	207	255	85	119	194	231	206	87	
44	52	188	101	237	111	113	27	123	255	61	29	222	49	78	30	177	30	239	60	26	112	251	18	207	223	113	54	202	110	198	243	
108	176	185	99	237	125	241	155	107	251	61	56	222	127	77	62	151	31	236	16	147	102	251	208	207	223	87	126	194	67	71	35	
52	8	214	69	66	11	164	107	54	162	106	162	97	225	165	84	51	108	34	40	32	240	7	30	28	166	69	0	97	168	65	168	
124	161	184	42	137	72	80	141	227	21	173	9	206	251	74	18	145	215	236	48	30	107	202	17	251	245	21	127	208	2	238	2	
96	48	185	101	96	76	81	19	96	196	174	8	146	55	64	114	144	212	109	8	9	242	240	0	207	189	5	0	64	34	70	114	
110	165	148	83	249	127	79	189	59	59	173	24	216	119	76	183	217	222	127	186	59	64	251	243	239	223	207	255	146	83	218	163	
44	180	184	115	253	125	241	155	107	61	61	24	158	121	76	62	139	26	238	24	19	120	251	163	79	223	20	127	202	74	199	163	
46	181	181	105	249	127	213	59	31	127	189	28	210	125	92	148	157	154	125	60	155	122	251	151	239	223	21	118	210	104	214	243	
106	185	185	72	249	245	145	207	75	125	188	8	156	159	70	52	141	155	211	16	26	43	250	213	127	221	21	127	210	8	199	239	
106	169	40	16	221	221	211	198	203	53	172	9	170	157	102	20	137	186	195	80	26	43	242	181	127	85	21	123	210	12	222	234	
56	233	18	58	95	157	18	224	207	20	169	9	46	218	102	148	168	169	194	66	6	43	26	245	187	213	5	123	83	14	107	142	
1	32	7	173	60	10	160	67	126	160	66	66	197	128	145	96	248	12	106	41	0	248	197	16	132	166	139	4	68	40	113	172	
32	162	6	41	72	3	104	105	182	0	224	193	193	195	48	16	88	140	106	140	8	203	195	81	84	162	131	8	80	128	34	136	
85	32	146	184	95	137	192	72	206	177	128	10	134	216	112	128	162	173	106	65	6	107	138	16	145	64	1	62	80	10	3	6	
120	161	24	106	153	69	83	204	67	61	172	8	115	83	74	48	217	154	76	88	14	11	203	49	251	205	5	125	112	2	206	10	
100	161	169	97	212	77	67	144	34	232	174	8	19	21	65	48	25	220	81	88	27	50	216	0	255	141	5	116	193	138	86	114	
97	48	179	68	81	76	97	27	97	236	108	12	146	7	64	52	16	140	64	8	1	184	176	64	69	156	0	32	66	130	70	248	
32	252	173	19	252	253	244	230	255	127	186	29	162	120	94	31	137	202	110	193	254	254	243	247	111	26	84	99	193	80	214	222	
50	33	2	168	89	3	105	72	39	36	224	139	4	195	56	20	120	140	67	237	8	19	130	220	148	176	139	60	51	32	51	162	
43	233	33	219	245	157	239	183	207	13	124	0	186	216	54	228	200	170	23	205	203	56	122	189	239	221	158	42	18	30	208	236	
188	0	110	236	68	50	204	89	85	130	247	18	83	201	177	73	120	172	23	40	184	183	37	138	82	235	226	132	119	248	112	128	
223	0	239	193	134	50	237	95	116	243	214	146	25	47	186	107	127	196	63	189	185	245	165	194	210	171	254	196	167	240	240	96	
99	142	102	94	125	151	250	226	207	76	252	15	104	232	182	244	239	227	147	135	166	43	110	255	54	62	130	139	87	30	124	207	
34	189	50	158	95	197	190	230	139	91	88	47	172	254	38	3	237	123	179	129	242	43	218	255	61	20	222	171	21	92	181	219	
10	143	107	191	246	211	191	103	29	77	94	163	172	175	182	64	238	59	151	133	150	152	36	223	110	119	190	195	151	206	181	251	
16	4	10	172	20	162	170	99	52	1	218	2	81	202	32	64	120	169	14	160	56	155	0	207	240	167	170	64	49	10	48	136	
36	100	130	137	84	163	162	74	22	131	121	2	0	200	121	8	121	8	2	145	2	182	72	194	20	4	147	44	213	91	112	128	
4	36	130	137	212	163	162	74	22	129	89	2	64	202	41	64	121	40	2	48	18	178	8	222	40	6	146	68	149	75	48	128	
2	141	2	154	148	130	46	231	52	3	90	18	104	226	32	64	121	107	34	144	114	152	0	255	40	38	158	192	148	88	161	136	
2	204	146	155	86	131	186	230	190	3	90	146	44	238	48	64	127	59	51	129	50	152	2	255	60	38	158	192	21	12	161	137	
61	77	106	239	118	18	255	120	85	192	255	130	91	109	183	96	126	252	23	238	200	179	45	142	114	237	167	128	119	190	112	225	
134	64	130	155	20	163	170	192	22	3	83	18	72	202	41	72	123	41	19	144	50	148	8	214	12	6	155	196	148	11	49	128	
134	96	226	147	70	35	168	200	94	227	81	147	8	140	125	40	127	73	19	151	130	182	140	194	28	14	159	164	197	125	51	212	
2	189	22	158	127	133	190	239	158	27	88	34	172	254	96	64	239	123	179	129	98	26	18	255	61	22	222	170	16	92	161	155	
35	14	98	90	125	181	250	226	223	77	252	15	40	204	55	100	239	171	151	133	166	47	46	255	23	62	146	139	87	13	124	207	
2	236	98	155	84	147	170	230	22	65	88	131	40	238	54	96	127	235	19	213	178	186	44	255	60	14	159	192	21	12	241	220	
167	96	224	23	230	17	188	200	123	246	113	159	8	204	223	43	63	205	179	199	230	118	174	194	22	24	223	174	69	181	83	213	
223	132	238	225	134	50	237	215	112	243	94	18	25	43	208	106	107	206	63	152	184	252	165	194	222	239	254	196	167	208	240	104	
41	183	105	227	245	253	235	253	71	105	125	78	179	61	218	32	89	138	22	29	159	58	125	183	111	93	160	244	223	138	216	240	
59	227	96	12	95	91	218	232	67	100	252	139	107	200	159	148	58	200	194	239	206	51	236	221	50	77	5	63	119	175	94	196	
45	242	192	65	205	61	198	156	91	251	120	76	66	248	221	188	221	206	18	126	143	114	222	130	14	28	5	62	203	255	218	149	
47	100	193	75	221	61	194	152	91	235	105	92	218	80	221	188	153	72	82	30	151	114	254	210	15	28	5	126	219	223	218	164	
89	85	87	101	178	14	111	53	36	72	126	228	223	55	128	117	54	212	92	238	249	144	53	12	228	239	36	128	42	178	161	49	
114	40	0	88	73	161	0	74	162	17	160	25	34	202	100	152	201	171	234	144	14	107	202	113	145	128	151	59	209	64	106	134	
17	129	86	1	18	139	160	71	62	33	106	194	199	0	132	192	58	140	106	28	2	248	5	21	164	166	3	0	105	8	129	128	
80	104	70	85	0	10	100	32	36	34	226	64	211	3	128	82	104	236	104	142	72	215	193	64	132	162	195	16	65	176	98	160	
73	145	149	101	160	14	101	61	60	171	98	68	223	51	128	230	150	86	108	12	129	248	145	1	197	251	100	4	74	224	129	49	
252	120	127	126	42	78	93	248	177	254	182	40	95	215	139	123	118	245	253	106	105	71	187	104	211	251	99	188	34	177	38	115	
252	80	223	100	42	78	93	152	161	254	182	44	95	119	129	91	102	245	237	234	105	199	187	72	211	251	231	148	42	241	102	115	
17	1	22	173	22	139	96	108	118	161	66	130	231	0	0	65	112	198	106	13	0	241	77	29	180	162	65	80	104	8	25	8	
72	113	55	101	1	206	69	16	101	168	3	64	222	83	1	244	144	52	120	104	17	128	17	12	225	254	65	16	10	18	69	34	
81	29	23	229	48	142	101	55	172	72	106	68	246	51	0	114	164	54	108	104	65	153	17	13	225	162	100	0	40	2	129	57	
45	181	185	67	245	125	243	27	75	105	61	60	154	125	222	180	157	26	214	24	151	58	248	147	79	93	53	126	203	206	218	247	
236	120	253	118	104	124	83	152	41	250	55	120	223	119	201	191	7	212	253	122	161	84	249	34	199	251	97	180	194	243	6	113	
237	212	149	68	233	78	71	176	121	250	34	8	222	119	65	191	145	84	104	106	97	116	249	0	173	186	69	54	74	114	70	50	
98	32	6	140	72	129	64	73	174	129	224	8	128	195	96	84	72	40	106	12	2	67	195	85	20	32	131	56	16	0	114	132	
108	48	249	97	237	124	115	24	107	186	61	56	223	63	205	58	183	221	244	26	137	116	249	194	223	221	101	54	226	227	71	35	
108	177	152	97	217	105	81	11	43	189	45	8	14	51	74	24	145	31	224	16	26	82	251	16	207	213	21	127	194	66	206	3	
109	73	17	69	89	30	106	16	105	72	107	72	90	23	133	244	148	20	114	110	193	176	241	0	7	248	0	18	74	135	66	52	
109	48	249	97	237	125	243	152	107	255	189	28	223	121	221	186	155	220	102	24	147	114	249	0	95	221	53	116	202	235	70	243	
105	32	177	77	77	94	98	56	123	160	96	72	90	49	84	182	144	204	112	106	129	114	249	72	7	190	5	56	202	178	82	164	
64	32	22	12	10	193	160	72	230	32	224	8	224	194	100	64	88	173	106	192	6	35	198	25	16	160	3	61	81	10	35	128	
108	177	177	67	253	125	97	155	99	121	45	8	154	117	76	188	153	26	194	24	19	58	249	16	79	221	21	111	210	74	214	243	
109	181	185	99	253	127	115	27	127	237	63	28	219	125	76	184	157	158	254	24	155	48	249	144	207	221	53	118	194	203	214	243	
45	49	249	67	253	125	209	25	107	233	61	56	218	61	220	188	155	31	86	24	147	114	248	208	79	221	53	254	202	194	198	231	
221	108	126	254	170	26	94	237	181	146	134	152	255	231	11	59	39	247	249	238	104	69	175	42	243	235	87	25	38	245	163	104	
2	189	150	155	239	133	188	239	30	27	88	50	172	254	104	1	231	27	179	145	82	88	10	247	45	22	95	238	16	88	161	139	
34	189	48	155	223	205	188	239	158	117	88	187	172	252	118	0	207	123	179	145	50	122	218	247	45	22	158	235	85	12	151	219	
26	159	107	191	182	210	191	119	157	77	94	231	237	239	182	64	254	59	151	133	240	153	36	223	230	119	174	195	55	142	181	249	
253	124	244	119	169	63	118	154	251	250	191	185	223	247	207	123	183	215	236	118	172	119	235	162	223	255	117	183	226	255	71	119	
31	77	107	207	118	18	239	112	117	192	223	198	81	111	191	100	126	236	23	239	201	179	45	206	114	45	175	128	47	179	112	245	
220	216	255	254	42	76	95	188	243	254	150	41	255	223	9	115	38	245	253	226	232	71	235	233	243	251	103	152	38	179	39	123	
56	27	63	175	54	195	223	120	20	76	222	167	127	127	50	64	126	251	31	227	88	155	9	189	241	231	174	144	63	170	53	211	
108	181	252	99	189	127	215	185	127	255	189	60	202	123	78	51	217	70	236	58	190	97	251	182	239	223	231	119	210	99	206	199	
220	223	159	246	170	78	95	188	185	254	182	252	255	119	139	91	167	247	237	234	105	69	171	235	242	243	127	148	106	241	165	121	
197	181	149	55	248	46	164	9	58	187	123	120	212	113	76	27	151	95	127	51	177	244	201	66	44	38	111	244	200	98	131	161	
252	108	110	118	139	89	92	172	247	178	166	24	107	203	85	219	33	244	121	234	104	71	159	42	243	203	213	25	99	49	238	10	
32	245	189	19	172	109	198	173	126	123	185	109	246	124	76	8	217	83	111	83	219	98	219	119	173	150	118	126	200	90	214	187	
38	96	226	139	84	3	170	200	86	131	113	18	0	200	125	8	121	104	19	147	130	182	136	194	20	14	159	164	197	123	114	128	
38	100	130	139	20	163	170	64	22	131	121	18	64	200	121	72	121	40	19	147	2	182	8	202	8	6	159	164	149	123	48	128	
6	68	130	154	20	163	170	64	22	131	91	18	72	202	41	72	121	40	2	176	34	150	8	222	8	6	159	192	148	27	48	128	
2	141	2	154	148	131	174	231	22	1	90	2	96	234	48	64	121	106	19	145	114	186	10	255	40	38	142	192	149	74	176	136	
28	140	230	227	132	50	236	215	117	51	255	18	25	43	244	74	107	142	63	153	186	253	37	226	222	239	254	196	167	200	240	136	
2	204	98	159	86	131	186	230	190	65	90	147	44	206	48	64	127	123	147	133	162	156	2	255	60	38	154	192	21	12	177	217	
134	64	130	155	148	163	170	192	22	3	83	18	72	194	105	72	123	41	19	144	34	148	8	214	8	6	155	196	148	25	49	128	
166	96	226	147	68	1	172	200	94	226	81	147	8	204	125	8	127	205	19	215	224	246	140	194	20	14	223	164	69	61	51	208	
47	54	225	65	244	63	235	216	91	233	61	78	81	105	223	172	121	200	23	63	151	178	253	210	30	92	161	228	207	239	82	245	
47	191	34	90	249	213	155	221	159	77	125	173	104	220	254	164	159	59	151	87	215	42	62	255	43	93	45	235	223	142	143	255	
126	113	228	4	203	91	214	201	195	247	175	175	74	108	95	158	185	196	233	167	12	99	255	208	59	87	197	63	231	126	222	86	
126	52	228	4	139	114	86	168	209	246	164	143	74	108	87	159	89	212	237	163	236	231	255	138	59	83	197	63	231	117	126	86	
31	191	174	94	187	86	23	190	211	222	28	165	121	125	139	167	149	114	245	54	247	201	63	175	107	95	101	223	170	244	158	127	
73	145	149	101	49	30	102	148	47	169	110	68	222	51	128	246	38	68	124	76	1	184	145	1	141	253	96	68	74	162	137	33	
254	63	100	12	155	82	86	253	81	238	188	175	74	108	151	151	126	212	205	231	236	99	237	142	58	107	165	191	103	254	94	95	
205	89	117	71	98	94	127	48	41	202	118	232	255	55	129	127	38	244	125	106	225	212	181	104	231	251	101	128	46	179	6	113	
153	135	86	101	52	26	110	180	116	32	94	228	235	35	146	212	114	78	12	108	161	152	101	15	166	239	160	128	46	166	90	13	
77	7	150	69	165	30	100	49	117	170	102	100	207	51	128	255	16	68	108	46	153	208	193	12	134	255	101	128	10	230	202	37	
73	123	16	65	53	157	66	16	109	168	110	76	238	19	128	244	148	60	204	106	201	56	209	173	166	253	0	18	10	134	74	37	
45	52	241	67	244	127	227	216	91	233	125	78	91	253	223	60	63	204	22	62	147	178	253	130	95	221	37	100	239	235	82	245	
124	120	251	100	104	126	127	216	41	238	246	44	91	183	197	122	127	221	252	234	73	87	251	98	215	255	103	172	227	243	102	113	
217	74	196	37	19	90	103	36	116	166	70	130	203	32	146	215	48	236	232	108	108	252	229	15	230	227	81	1	99	172	12	76	
205	191	174	22	185	215	23	185	150	254	22	173	120	244	170	167	21	118	252	38	165	201	63	63	107	71	101	223	138	228	60	127	
125	120	251	101	98	124	123	216	123	238	55	108	91	63	197	58	63	221	100	106	137	118	185	226	87	255	101	36	235	243	70	177	
249	79	84	69	180	26	78	48	105	236	190	236	107	32	150	247	22	228	236	110	237	161	229	172	166	249	37	144	111	190	90	13	
109	43	212	69	125	30	66	48	107	168	46	76	234	32	214	246	148	228	236	126	133	248	217	172	46	124	5	18	74	174	90	5	
57	107	64	77	85	83	110	108	69	228	236	138	107	0	182	148	88	136	130	238	76	186	101	188	62	93	129	33	119	158	94	204	
239	122	225	69	108	29	238	152	123	250	118	204	74	8	215	191	30	204	118	111	229	118	253	194	22	120	101	188	207	255	90	213	
125	48	251	97	224	126	115	216	123	234	125	108	91	189	205	60	63	220	102	26	137	246	249	66	95	221	37	44	235	243	70	241	
120	167	100	69	151	90	70	172	113	230	190	175	99	40	150	149	90	230	204	238	252	248	109	142	170	239	165	145	103	246	94	76	
125	52	251	98	244	127	115	216	123	233	127	108	95	221	201	56	63	220	86	62	155	242	249	2	223	221	37	236	235	251	66	243	
109	120	241	69	101	63	235	152	123	234	117	76	90	25	215	190	63	204	118	126	129	118	252	194	22	94	97	166	207	247	82	229	
124	52	251	101	248	127	115	88	123	235	191	40	223	253	201	58	191	220	125	58	153	242	251	2	223	223	33	188	227	243	70	243	
2	252	18	159	125	165	186	238	158	27	88	18	172	254	32	64	239	123	179	129	34	30	66	255	45	22	158	234	20	88	161	155	
61	69	106	237	86	18	255	120	85	192	255	2	123	105	180	96	126	236	23	234	204	179	45	142	114	237	163	128	119	191	112	160	
47	183	97	195	244	63	235	217	95	105	125	110	83	88	254	164	93	138	23	60	155	178	125	150	46	92	165	228	255	207	210	245	
26	151	107	142	246	146	191	125	189	76	95	231	109	238	190	192	126	171	151	237	212	153	36	223	114	101	170	128	63	142	181	253	
92	114	255	101	40	110	127	88	59	238	247	40	223	247	193	58	183	253	253	98	137	215	251	106	215	255	99	191	226	243	39	115	
23	69	107	207	118	18	239	112	117	192	223	198	81	110	183	100	126	236	23	239	201	179	45	206	114	45	175	128	39	178	112	244	
162	204	98	154	125	245	186	198	223	79	124	59	40	204	55	64	207	171	147	133	166	47	106	255	23	30	154	171	87	93	117	223	
152	211	111	173	182	71	95	121	133	76	222	167	255	119	162	65	126	245	93	239	233	131	41	157	243	227	239	144	54	170	180	115	
3	204	98	155	86	131	186	198	30	65	88	135	44	206	55	64	127	187	147	133	166	158	12	255	60	14	154	128	21	28	49	221	
45	53	249	99	252	127	91	89	87	233	61	8	91	253	218	48	31	222	118	56	155	50	249	146	223	221	37	252	239	235	194	227	
220	122	255	254	40	78	95	184	187	158	246	108	255	223	137	123	247	245	253	234	233	71	251	233	211	251	239	156	38	177	38	123	
166	96	162	158	68	3	174	192	82	130	113	18	64	200	125	8	121	104	19	211	224	182	136	226	16	14	159	168	213	59	112	128	
38	104	130	154	84	131	174	192	22	131	81	18	64	200	121	72	121	104	2	211	34	182	8	250	0	6	143	136	149	59	48	128	
2	205	2	158	148	131	174	231	22	1	90	2	96	234	48	64	121	106	19	145	114	186	8	255	40	38	142	192	149	10	176	136	
61	69	106	237	86	18	239	120	85	192	254	2	91	105	181	96	122	236	23	234	200	179	37	142	114	237	163	128	119	187	112	224	
2	140	34	155	86	131	174	230	30	67	90	147	44	238	48	64	127	123	179	133	226	153	10	255	60	38	154	192	21	92	177	152	
166	97	226	150	68	0	174	192	16	226	81	131	72	236	127	9	126	237	51	231	192	243	142	224	20	8	207	172	69	127	115	208	
2	220	18	159	125	165	184	238	158	27	88	50	172	254	32	64	239	123	179	129	34	30	66	255	13	54	154	234	20	24	33	155	
3	172	98	155	84	131	174	230	30	65	88	3	104	200	54	64	127	171	19	133	230	186	14	255	60	14	159	192	21	94	177	200	
254	255	108	4	155	83	151	254	17	238	188	175	106	124	23	151	191	247	213	227	236	227	253	206	59	87	77	151	103	126	126	95	
254	119	100	4	206	27	254	236	137	230	188	175	73	44	215	135	126	229	215	231	236	119	236	200	54	73	237	191	103	255	94	223	
203	89	119	70	98	94	111	48	121	202	118	104	121	119	157	247	54	212	252	234	225	212	189	232	118	248	101	128	47	182	98	117	
217	95	86	71	50	30	110	48	125	138	126	228	107	32	134	245	54	100	204	110	237	152	37	239	162	255	32	130	46	166	72	13	
77	3	192	69	177	26	106	17	101	141	111	36	203	34	150	244	16	68	236	76	156	144	229	200	174	253	5	65	226	166	202	5	
175	99	234	5	100	27	238	220	91	238	84	239	73	140	215	175	62	237	247	239	197	118	172	232	54	89	237	164	111	191	90	213	
253	120	243	70	98	92	127	208	113	234	246	110	91	159	213	62	126	220	52	234	201	246	185	234	87	255	229	136	111	243	102	241	
219	95	86	71	114	30	126	48	105	232	126	236	107	48	150	247	54	228	252	110	229	177	181	236	54	123	101	130	111	182	74	29	
11	250	225	19	243	249	186	222	91	125	60	255	172	172	214	172	47	75	215	157	151	120	238	243	46	92	29	238	223	212	143	253	
126	176	228	4	139	118	87	168	3	238	174	175	74	124	87	150	221	212	253	163	140	99	255	136	27	119	69	183	227	119	94	87	
45	52	243	65	244	127	227	216	123	233	125	110	91	221	221	188	63	252	86	126	131	178	236	202	94	221	37	236	239	251	82	245	
125	112	251	68	98	126	119	216	113	234	126	108	91	253	197	62	127	252	118	250	137	246	188	106	87	253	37	172	239	243	98	241	
126	35	228	5	139	122	86	32	97	228	174	137	75	44	215	150	90	196	236	38	12	224	229	136	138	127	197	19	231	231	94	86	
43	250	240	27	235	153	152	222	219	125	52	253	172	204	214	140	143	75	215	21	135	110	238	243	14	92	28	251	223	156	139	221	
239	122	227	71	100	28	238	208	121	234	118	110	89	152	215	190	62	204	118	239	229	246	173	234	54	120	101	164	111	183	122	253	
239	107	230	4	102	30	238	244	121	234	118	239	75	8	151	191	62	196	118	239	229	118	173	232	54	120	101	160	111	183	90	221	
122	150	228	85	19	82	87	188	113	238	214	175	107	124	150	247	61	212	253	160	236	254	253	159	251	99	197	151	103	228	124	95	
218	83	127	238	46	71	95	124	165	78	151	175	95	95	162	83	110	245	253	230	232	135	41	236	243	251	239	144	54	186	164	115	
125	118	251	100	96	126	123	216	115	238	253	104	91	247	199	62	63	252	119	26	137	242	234	74	87	253	37	172	239	243	102	241	
162	252	52	219	125	205	184	238	158	91	80	59	172	220	118	0	207	59	147	17	34	126	82	247	45	22	158	235	213	28	151	219	
162	88	226	218	125	245	184	198	223	95	112	63	172	220	55	8	205	251	179	197	166	47	114	243	23	30	154	171	213	77	117	223	
30	165	244	243	214	40	236	151	127	179	95	18	169	43	92	75	107	207	63	152	186	248	205	227	174	223	254	196	167	192	241	128	
60	55	66	73	213	127	227	88	67	236	253	14	10	128	166	148	120	140	130	120	29	178	124	158	63	13	129	99	251	15	126	244	
47	183	107	193	244	191	235	216	87	233	253	230	81	204	255	164	95	200	23	255	159	178	109	158	94	77	171	244	255	207	88	245	
45	37	249	67	244	63	107	216	123	233	125	40	91	253	223	60	63	252	87	122	155	178	237	186	95	221	37	252	231	235	86	241	
23	77	107	204	86	18	239	112	117	192	223	198	113	238	183	100	126	236	23	239	201	179	45	206	114	46	175	128	45	243	112	244	
27	151	107	174	246	146	191	125	21	77	223	231	121	239	190	96	126	171	151	239	219	139	45	255	114	109	170	200	63	142	181	241	
124	44	210	102	249	42	106	200	123	162	171	136	239	235	89	154	179	255	105	122	8	115	203	234	156	222	5	60	231	247	74	0	
134	72	130	154	148	131	174	192	22	130	81	18	32	202	49	72	89	104	2	211	98	180	10	250	0	6	143	136	148	59	48	128	
60	77	106	236	86	18	239	120	85	128	254	2	91	233	181	96	122	236	23	234	200	179	37	142	114	237	167	128	119	191	112	160	
2	141	2	158	148	131	174	230	22	1	90	2	96	234	48	64	121	106	19	145	114	186	8	255	40	38	158	192	21	10	176	136	
2	140	34	155	86	131	170	230	30	65	90	131	108	238	48	64	127	59	147	133	162	154	8	255	60	38	154	128	21	12	49	216	
29	77	107	204	86	2	239	112	116	192	222	194	121	238	183	96	126	236	23	239	201	179	45	206	112	47	175	128	37	243	112	240	
218	91	127	238	46	70	95	248	53	110	214	167	95	127	163	83	126	213	255	238	233	151	41	238	242	251	239	144	38	190	52	115	
124	254	131	190	73	124	71	252	179	238	254	111	106	230	75	222	249	237	236	194	205	71	251	235	185	247	247	187	171	119	110	95	
255	90	243	70	98	86	111	240	113	202	246	238	121	255	189	252	126	220	54	234	201	246	173	234	118	255	229	136	111	179	102	245	
235	81	119	68	98	22	111	48	121	202	118	238	121	126	157	247	118	244	118	234	225	246	189	204	54	120	231	130	111	182	106	245	
219	87	86	68	98	30	110	48	105	202	126	238	120	122	150	247	54	229	118	238	229	240	189	207	54	122	100	130	111	246	106	85	
91	14	118	69	50	30	126	48	125	206	126	229	106	104	150	247	54	230	236	46	228	241	37	204	54	127	96	131	111	246	104	85	
120	126	226	8	83	253	83	82	37	108	238	175	107	149	131	244	120	238	238	136	141	146	245	170	247	229	161	171	99	94	126	95	
171	187	112	27	107	153	188	222	219	125	52	191	44	204	214	133	175	107	198	85	199	106	238	241	30	89	29	251	95	140	203	221	
61	100	251	70	118	62	239	216	123	226	124	10	91	253	213	188	127	252	18	106	201	182	188	234	118	253	5	40	231	243	98	228	
175	123	226	7	100	30	238	116	121	234	116	239	121	200	215	175	62	236	55	239	229	246	172	234	54	121	231	160	111	255	123	221	
123	248	177	76	123	85	90	250	3	236	156	45	106	252	214	180	151	253	253	149	143	67	187	241	123	125	5	191	79	246	46	127	
11	250	224	19	251	217	186	206	123	125	52	191	40	174	214	180	47	203	247	221	215	92	174	243	30	92	159	239	231	132	207	221	
60	191	154	98	221	255	82	216	115	237	189	111	106	233	79	148	185	238	198	114	14	115	248	190	122	197	37	255	235	111	94	215	
239	127	230	132	238	27	175	116	25	238	94	239	105	236	247	135	62	237	247	231	228	119	172	232	54	73	239	173	111	254	94	221	
126	127	238	132	207	90	191	108	153	230	158	175	104	60	151	3	127	247	247	227	236	103	236	238	126	99	237	183	103	254	94	223	
63	126	234	129	116	179	235	216	87	225	221	231	81	204	255	32	127	232	23	255	143	178	124	190	126	77	175	228	255	255	88	212	
22	173	228	243	212	168	238	179	127	19	59	18	201	106	92	75	107	203	63	145	186	216	203	227	190	206	223	196	165	203	241	128	
162	92	178	222	109	229	184	198	159	95	112	55	172	220	55	8	207	123	179	1	166	47	82	243	23	22	154	171	85	93	117	223	
2	252	144	157	125	165	184	238	158	27	80	50	172	254	32	64	239	59	51	129	34	30	66	247	13	22	154	234	148	24	33	139	
63	151	107	234	222	179	203	248	21	68	221	167	89	111	190	96	126	139	19	239	217	131	61	223	122	109	139	204	63	143	244	240	
58	215	43	254	253	213	87	253	215	76	253	103	106	253	174	224	248	218	191	227	207	43	122	191	243	231	175	155	59	30	244	251	
