香奈儿唇膏笔	N°3 - 粉白玫瑰	https://i.chanel.cn/fnbv3/image/full/shades/le-rouge-crayon-de-couleur--n3--12g.0187215_S.jpg	https://i.chanel.cn/fnbv3/image/full/chanel__com_type1/skus_full/le-rouge-crayon-de-couleur--n3--12g.3145891872156.jpg
126	168	230	182	149	26	252	224	179	179	242	130	107	234	60	115	249	231	127	201	60	251	141	237	251	250	223	81	167	191	242	142	
188	122	243	100	118	9	231	82	83	168	240	111	59	137	245	16	62	252	71	114	233	247	128	170	114	201	37	40	111	185	114	155	
120	123	104	165	114	10	93	54	48	236	82	237	135	13	211	16	22	204	197	229	204	218	197	12	228	225	173	177	44	180	22	91	
29	62	188	179	168	123	92	248	245	218	148	225	255	125	139	43	143	243	220	179	253	225	111	44	234	211	117	145	234	244	45	91	
86	160	246	180	119	26	248	232	187	179	112	171	109	254	60	63	191	221	247	165	164	242	138	221	159	254	79	167	199	172	99	135	
12	250	213	127	41	79	109	188	115	187	100	64	249	247	200	191	17	92	100	200	211	92	251	113	111	254	245	36	130	178	198	168	
125	115	105	69	54	27	107	120	97	224	183	206	19	4	213	52	62	140	92	238	201	49	253	28	178	205	33	180	111	163	82	117	
126	169	228	243	255	153	94	168	27	179	149	138	111	126	84	117	235	223	55	223	138	90	207	245	190	218	223	253	182	143	80	10	
88	50	158	165	12	70	145	25	230	217	182	99	255	121	66	10	12	117	237	145	137	233	195	13	201	227	123	85	73	40	45	27	
183	31	71	205	108	51	107	242	133	232	254	238	67	39	167	117	108	244	55	238	169	147	37	158	18	235	225	130	47	173	112	245	
121	115	105	72	60	157	203	24	69	108	148	238	251	205	215	240	94	168	255	239	207	35	247	157	210	105	161	188	127	142	82	117	
102	176	145	221	104	12	120	139	187	137	248	105	188	246	77	82	215	95	127	16	3	66	194	211	149	180	143	190	148	96	3	131	
221	118	118	178	190	240	211	8	237	212	147	254	239	88	155	171	135	215	236	241	191	239	119	238	184	211	58	91	76	13	45	95	
247	126	109	160	254	111	89	186	17	254	150	127	79	29	87	223	35	196	253	127	253	127	209	254	158	250	241	246	47	141	84	83	
22	172	212	255	143	11	220	232	63	178	178	131	239	107	69	207	255	255	109	146	40	232	223	232	155	254	79	54	181	252	99	0	
91	48	246	229	51	30	120	48	57	160	86	162	207	191	198	118	182	189	253	177	132	209	161	200	219	255	107	130	38	164	33	115	
53	123	74	66	118	131	111	112	64	224	125	238	83	193	179	16	126	236	22	254	201	178	12	60	126	140	165	228	109	187	114	145	
75	115	123	72	46	221	217	88	239	76	53	173	155	220	255	112	22	57	255	109	199	33	182	221	83	121	41	188	95	135	87	117	
107	50	226	228	105	208	89	56	171	252	116	173	25	223	214	55	222	189	183	140	142	82	246	193	79	217	171	175	39	164	118	247	
2	18	161	229	61	31	216	123	31	235	150	111	142	61	150	36	220	149	255	165	172	233	113	206	159	222	219	211	70	44	85	95	
126	32	246	229	183	26	126	64	121	162	178	138	79	47	85	95	127	245	108	250	40	241	197	200	191	254	199	21	167	180	98	0	
90	50	106	200	107	213	25	88	143	236	150	175	28	159	246	228	102	189	255	140	133	19	247	213	214	89	170	187	62	132	44	119	
10	18	60	81	41	221	184	3	173	125	182	157	172	14	6	15	142	49	255	1	134	237	115	193	199	83	90	211	192	12	13	95	
92	2	221	163	172	104	84	143	33	183	171	177	207	35	74	218	195	199	237	144	28	64	203	0	202	243	116	85	160	243	132	66	
43	50	122	104	107	95	185	88	237	76	116	165	158	158	182	176	230	29	223	5	133	163	182	212	215	217	42	191	94	132	47	247	
93	17	254	229	38	30	121	48	33	224	119	162	95	15	210	114	118	221	189	252	137	208	165	136	223	233	231	132	39	162	96	113	
102	36	226	222	222	0	254	200	27	131	240	138	232	233	125	64	254	255	55	177	34	115	202	235	62	62	143	42	135	248	113	128	
6	132	246	245	190	143	254	170	223	163	146	106	238	248	61	66	63	247	127	49	160	233	79	238	188	30	15	150	213	104	81	9	
66	144	185	221	110	13	60	171	143	59	24	107	252	246	108	74	167	93	127	1	130	5	139	209	157	52	95	190	148	120	1	19	
161	115	82	69	114	31	162	119	120	168	118	108	26	16	132	181	54	12	70	108	229	188	5	78	38	8	33	130	75	128	75	141	
57	34	88	88	82	211	152	75	95	225	116	218	9	158	246	188	190	9	150	156	151	250	36	157	18	221	17	107	115	132	107	197	
235	242	200	149	109	92	105	250	27	126	53	127	28	23	222	155	233	204	183	46	229	86	250	211	86	59	251	255	14	37	222	243	
89	169	235	13	146	214	47	181	102	65	78	198	49	134	146	96	54	110	56	220	211	152	181	13	236	237	174	192	47	130	161	248	
58	146	246	229	53	94	248	123	123	237	242	103	14	189	54	36	190	21	245	33	140	249	177	204	211	255	219	211	199	140	119	255	
88	48	58	32	0	68	17	64	228	108	146	40	151	152	34	112	128	149	92	161	140	163	176	0	209	225	42	59	72	2	39	67	
11	172	151	183	41	120	60	119	169	251	30	185	174	183	66	143	135	119	253	4	84	205	130	224	130	211	84	179	66	236	139	79	
3	16	244	221	123	87	184	59	169	253	182	183	140	62	150	47	174	21	255	161	164	207	115	220	7	122	90	211	87	4	39	255	
91	168	183	56	201	237	112	103	235	95	128	29	46	189	98	222	161	163	253	21	22	75	146	241	155	122	80	122	242	68	227	94	
244	158	173	183	180	46	77	183	16	255	131	221	211	39	80	91	69	198	61	61	184	220	249	42	237	167	253	244	160	249	148	120	
119	124	252	80	139	125	93	139	231	246	166	31	10	12	87	123	161	215	234	20	238	103	243	210	95	91	85	55	243	124	70	126	
35	48	226	212	116	22	248	104	57	192	212	170	108	220	148	53	254	189	151	181	134	242	166	204	31	26	143	138	5	172	114	215	
74	50	254	228	107	212	249	88	171	204	182	167	237	223	252	182	238	181	255	164	129	65	182	192	95	249	171	139	39	166	47	245	
10	176	245	253	45	150	120	56	207	248	180	34	237	223	246	98	230	181	255	177	134	73	39	221	207	255	251	150	55	164	101	111	
43	50	114	77	107	81	185	88	235	108	244	173	25	159	182	52	142	153	215	132	133	179	180	209	70	217	32	191	79	134	110	247	
238	226	150	242	109	229	185	192	139	63	181	56	204	237	216	143	141	213	239	131	48	103	202	208	217	211	251	255	195	41	143	177	
12	180	144	211	169	249	61	83	191	247	181	181	143	246	234	175	143	59	238	146	118	68	126	208	142	211	87	47	210	236	173	215	
203	134	183	191	35	180	61	39	185	31	67	16	236	182	10	255	167	63	245	133	180	205	162	231	129	243	90	202	2	68	163	239	
75	51	114	236	107	212	121	24	161	76	215	231	157	223	187	114	38	181	253	237	205	3	166	192	210	249	170	200	47	134	43	113	
113	49	57	44	58	83	19	88	96	108	241	40	215	90	139	48	222	153	92	227	204	2	101	29	208	237	43	188	112	35	38	71	
253	253	168	182	148	44	79	183	16	230	139	29	215	33	91	83	145	198	125	111	248	92	217	34	233	199	253	116	136	123	146	90	
90	179	210	186	75	128	56	69	163	21	225	237	44	195	106	214	166	187	233	144	6	75	130	193	218	241	24	235	34	134	174	11	
50	109	106	21	85	219	245	102	116	228	234	11	34	188	23	16	232	238	195	65	76	186	244	46	119	4	148	3	65	28	94	222	
82	132	148	174	46	11	126	232	63	18	146	139	239	107	41	67	255	211	127	167	108	33	11	255	176	246	79	158	180	252	33	0	
1	48	122	65	67	79	177	80	44	100	102	5	28	19	6	22	34	12	66	12	1	185	177	64	69	8	0	2	75	0	71	243	
124	94	193	229	247	106	79	146	19	238	124	239	3	39	195	92	77	254	151	222	41	86	192	170	118	253	165	188	187	253	70	249	
205	89	178	130	166	121	183	192	239	236	31	45	206	248	231	238	182	101	254	95	132	161	168	226	218	93	39	19	198	127	9	69	
107	51	109	108	108	221	217	24	199	124	181	238	251	204	214	226	78	128	255	221	143	32	231	145	70	121	161	252	127	174	82	117	
33	105	72	37	112	203	109	54	32	232	126	169	179	3	147	16	2	172	87	76	65	184	65	12	102	173	48	129	108	144	90	136	
43	48	52	169	109	93	121	88	103	104	212	41	158	159	146	172	206	157	255	141	141	250	241	212	199	217	240	167	126	140	42	247	
105	146	113	93	107	89	177	185	91	120	116	232	110	116	142	245	55	28	166	32	135	120	239	157	6	255	113	255	87	172	79	253	
27	50	50	169	55	223	121	83	125	125	214	39	142	28	150	108	230	157	191	133	142	154	229	192	211	121	58	131	6	132	63	223	
98	48	179	212	109	221	184	67	139	253	176	63	140	156	84	43	140	21	255	17	134	111	242	193	159	88	90	251	194	12	23	223	
57	50	126	104	43	223	145	88	239	76	117	173	159	158	162	48	134	61	221	1	133	163	166	148	211	249	42	191	126	6	47	247	
22	168	246	223	223	146	248	224	251	146	242	131	236	255	21	127	239	255	55	148	170	216	202	232	222	250	207	130	167	230	99	128	
226	186	190	213	105	248	176	7	171	93	118	185	172	158	70	27	141	63	243	17	22	126	242	193	7	48	90	235	195	4	15	223	
91	48	123	104	107	95	185	88	237	104	180	236	157	159	182	180	46	149	255	237	133	35	166	208	210	249	42	187	95	134	47	117	
41	234	56	25	120	157	176	150	254	136	52	108	172	216	214	180	134	41	194	77	198	44	66	127	102	29	49	58	82	132	75	141	
63	160	228	233	189	27	218	248	95	177	180	130	203	46	92	39	127	213	223	249	158	240	79	221	223	219	207	85	247	175	115	130	
74	190	167	180	45	248	64	23	171	179	130	121	238	188	80	239	129	246	253	1	62	73	211	129	137	114	216	219	134	76	156	109	
37	88	57	62	120	141	83	48	108	76	113	109	183	90	131	112	134	43	84	71	206	34	126	61	196	249	34	58	80	35	35	207	
90	48	254	229	102	154	249	112	237	224	118	166	93	221	244	38	46	181	255	205	129	241	164	200	86	249	34	194	103	174	65	249	
45	54	174	245	117	142	113	80	185	236	86	77	92	245	83	27	180	108	87	60	160	208	144	140	111	27	37	164	162	164	90	227	
107	16	254	124	122	144	249	16	169	64	246	163	121	223	150	114	238	181	247	204	203	130	230	205	70	249	170	136	103	166	99	243	
34	160	242	212	116	143	122	200	123	169	176	43	238	255	76	48	255	253	95	132	46	227	206	251	158	220	143	250	5	168	99	143	
88	48	158	164	13	79	144	19	230	248	150	43	222	153	66	10	160	117	237	17	13	237	147	12	219	227	113	19	75	8	45	11	
42	50	118	233	111	223	248	83	173	77	118	179	142	31	22	46	238	153	223	1	134	185	99	196	71	219	50	131	103	140	111	255	
100	44	210	254	244	8	126	224	185	130	240	136	239	231	69	91	255	255	6	162	48	210	202	234	190	254	199	42	129	240	98	130	
46	184	130	178	193	253	178	199	159	127	54	31	14	255	106	140	189	219	215	20	23	249	154	243	31	215	21	239	202	76	143	218	
254	126	107	68	214	59	230	210	113	170	182	106	91	25	213	187	57	204	215	250	233	246	165	138	55	73	165	164	111	253	84	33	
43	50	81	89	65	157	168	83	19	49	100	216	11	150	196	188	28	184	146	152	155	158	118	144	23	217	16	106	211	140	74	164	
78	58	146	190	203	188	26	82	171	205	109	173	204	247	99	222	151	127	251	20	22	67	154	224	219	245	31	251	130	103	15	215	
54	44	243	210	215	131	186	96	88	128	241	10	108	202	117	221	255	251	23	179	42	251	142	236	189	30	143	106	133	110	115	140	
26	16	117	65	11	223	185	19	175	125	118	49	12	31	134	254	166	29	255	16	130	216	51	192	71	249	16	195	67	4	71	255	
47	56	232	183	246	209	48	208	122	208	212	237	189	252	215	186	143	235	213	213	151	202	254	160	78	77	53	235	140	166	58	223	
99	162	249	76	73	84	72	90	115	253	164	76	9	134	212	190	93	220	228	152	143	74	254	209	31	221	151	111	3	132	110	236	
34	188	106	153	81	253	184	71	187	77	100	157	172	142	22	20	141	59	211	21	183	158	112	215	15	94	154	195	138	4	15	222	
245	122	215	100	110	15	99	80	65	172	246	239	82	141	231	30	126	228	102	122	9	247	3	200	50	152	69	18	235	251	98	81	
46	55	176	115	249	245	191	71	138	141	189	159	173	172	95	138	143	123	199	145	147	170	242	226	109	221	62	185	197	95	175	185	
123	18	118	76	109	94	249	88	111	108	246	102	58	156	182	102	254	20	247	29	133	243	227	208	87	249	163	139	71	140	118	247	
224	35	90	76	121	213	73	81	161	200	245	40	10	195	166	20	92	176	198	232	72	39	194	78	18	152	32	155	75	130	106	181	
93	160	254	229	166	26	89	144	113	224	247	131	95	63	211	123	54	220	253	254	136	240	229	200	223	251	229	197	231	167	98	96	
107	168	204	244	105	241	88	7	163	187	132	57	40	191	70	155	201	183	253	152	62	75	194	208	222	219	213	251	171	196	154	10	
37	123	205	69	232	30	238	18	43	226	62	207	211	44	215	58	46	68	110	108	133	248	245	8	46	15	101	148	237	249	88	85	
96	123	232	197	52	26	66	50	107	172	158	236	131	8	215	34	22	220	108	115	204	248	229	12	174	180	165	177	12	185	94	21	
70	12	246	214	174	139	252	232	157	146	178	139	238	237	49	11	191	243	127	39	164	97	11	252	190	94	79	154	213	252	1	5	
118	128	228	223	237	25	126	236	31	19	242	26	235	107	60	109	249	194	63	162	58	114	79	245	191	254	223	31	183	254	240	6	
115	51	123	232	42	217	91	88	233	204	244	236	159	205	183	112	22	176	221	111	201	35	228	220	210	249	34	188	118	138	70	113	
98	144	117	253	108	15	252	106	223	170	176	107	236	250	52	114	255	165	127	161	128	163	67	223	158	222	91	254	85	168	67	143	
114	55	200	165	240	10	92	63	50	228	138	237	135	46	66	18	150	141	125	37	236	218	213	14	174	231	173	180	44	224	154	88	
9	189	24	131	211	253	51	211	55	77	124	175	143	212	194	164	63	187	130	16	23	58	246	246	127	197	51	107	235	15	173	215	
66	18	174	176	121	223	24	35	173	125	150	189	172	30	22	95	134	181	255	149	164	205	113	221	151	114	218	211	134	4	29	95	
70	140	231	247	252	11	252	232	191	179	178	155	207	107	89	75	175	215	127	33	48	241	9	253	188	242	223	118	133	248	209	128	
38	164	244	221	252	2	190	200	186	147	176	129	204	255	77	91	223	93	95	181	170	227	202	200	174	58	207	190	134	244	99	135	
92	162	149	179	172	40	77	135	171	191	163	177	207	35	74	90	129	199	237	20	30	76	203	160	206	243	118	213	162	213	134	66	
54	201	244	233	159	26	220	200	87	49	247	2	75	168	53	126	123	197	46	248	218	243	77	208	158	250	199	87	247	254	120	6	
14	251	57	147	178	141	187	176	174	125	29	229	188	223	202	132	183	123	223	87	194	81	138	117	236	17	47	226	206	7	7	251	
153	31	47	173	52	255	97	114	229	204	254	103	59	29	179	97	104	172	150	237	173	185	37	204	210	225	162	128	111	236	112	121	
28	174	181	127	153	86	206	168	114	178	232	80	235	234	221	177	217	127	160	179	255	98	239	63	169	199	239	45	193	114	231	164	
167	172	255	87	202	251	190	230	241	210	189	186	112	124	159	63	63	242	242	170	244	238	110	110	46	14	85	3	231	249	230	204	
117	233	145	34	149	140	71	205	123	165	168	9	151	218	92	16	209	205	104	93	90	107	220	48	185	156	7	124	33	18	194	74	
237	253	161	182	181	108	71	183	16	255	15	25	247	117	91	83	145	102	93	111	121	92	248	34	233	223	245	244	130	127	214	123	
237	253	161	182	181	108	71	182	49	254	15	29	247	117	91	19	145	238	93	111	121	92	248	46	233	223	245	244	138	125	214	123	
96	50	57	105	40	79	201	24	96	108	176	108	151	25	144	112	220	21	93	97	137	34	193	28	197	161	170	188	88	2	7	51	
237	241	122	106	205	253	115	200	227	81	109	24	26	216	110	60	176	88	242	90	23	39	186	49	87	249	0	107	234	151	238	198	
237	108	133	164	237	125	68	139	75	250	176	72	159	32	211	187	137	196	236	110	109	102	197	128	166	219	101	61	194	125	90	69	
218	138	150	190	169	248	120	162	185	31	150	49	175	39	146	223	163	7	237	137	54	77	162	229	194	243	90	219	134	133	175	78	
17	126	87	71	82	30	170	112	109	168	114	230	57	18	133	181	38	125	198	202	229	188	5	108	38	168	34	130	109	147	43	189	
217	95	206	190	100	84	109	116	177	206	246	103	123	246	163	118	238	231	180	198	233	199	162	234	240	225	254	136	43	118	102	121	
63	121	107	74	54	157	203	120	33	64	181	142	59	197	183	52	62	168	87	238	201	35	60	157	210	205	161	184	119	175	90	241	
47	176	186	211	233	253	184	199	159	125	182	29	140	254	110	12	221	27	183	148	22	122	106	243	15	223	31	255	210	76	141	215	
46	184	146	208	237	253	176	207	191	31	180	61	136	253	110	140	173	27	247	21	22	107	186	209	95	217	21	239	203	76	175	215	
80	49	27	64	50	222	50	80	237	72	119	108	158	211	164	244	182	61	204	98	193	145	128	76	146	185	34	130	72	34	43	21	
122	160	244	237	111	129	248	72	207	176	179	3	105	203	92	114	234	181	127	216	74	35	195	209	95	217	131	61	55	174	112	2	
106	184	147	56	73	253	80	87	171	89	164	89	46	191	100	222	161	163	251	28	22	79	146	209	155	123	80	123	210	68	238	207	
42	168	240	88	77	245	209	79	203	253	180	29	40	173	86	158	169	187	199	157	154	107	210	209	95	89	17	127	219	76	239	222	
90	48	114	233	111	92	184	80	237	108	118	171	141	157	214	100	166	29	255	5	128	35	167	208	87	249	42	171	119	132	111	215	
173	113	58	74	69	252	115	208	233	85	109	12	26	209	63	188	176	8	210	126	135	37	50	33	87	249	0	73	74	23	202	246	
128	22	119	85	226	47	53	115	57	174	119	245	28	39	161	25	54	60	7	46	161	212	48	78	69	186	112	128	74	241	135	243	
90	186	183	184	143	188	81	87	239	23	130	25	174	155	64	222	161	179	233	17	158	111	146	209	155	114	80	123	146	68	167	111	
106	186	209	244	105	249	88	7	171	183	160	25	168	191	70	154	193	183	241	16	30	90	242	193	31	219	221	123	130	68	222	78	
13	117	57	69	112	78	119	48	121	232	126	72	222	23	5	52	180	92	84	106	193	176	177	78	103	189	37	2	74	179	67	177	
184	188	255	126	250	239	119	255	247	95	252	56	127	247	0	49	63	251	255	8	123	255	186	127	127	255	117	75	227	240	230	251	
34	160	220	253	124	139	72	72	59	144	240	10	174	202	84	18	250	189	127	145	10	226	195	221	158	184	203	122	37	168	66	132	
61	112	105	108	118	145	219	120	97	192	245	142	123	92	151	52	126	185	23	239	205	35	116	221	210	205	163	184	119	163	98	245	
92	163	149	162	172	72	76	141	43	189	187	125	207	35	72	218	129	199	237	84	26	64	203	32	155	245	119	221	128	243	134	65	
58	23	83	77	114	219	180	119	92	104	242	250	26	20	132	164	62	188	134	32	241	186	101	78	52	38	48	130	107	12	238	191	
2	18	41	145	81	220	184	19	61	109	82	213	172	158	22	88	164	57	187	149	182	156	241	197	7	62	154	195	128	4	21	223	
106	168	234	80	105	253	216	71	171	25	180	153	42	191	214	62	141	178	247	20	30	107	194	209	95	217	16	251	203	140	202	158	
161	118	26	72	104	213	216	93	168	72	245	125	144	215	166	17	204	40	70	172	205	7	192	4	66	217	162	185	72	0	106	219	
207	254	180	182	236	120	61	146	235	119	151	189	207	236	218	255	135	215	253	131	181	103	254	241	214	115	91	255	6	253	143	85	
88	50	156	165	13	78	81	18	231	249	150	77	223	29	82	10	140	149	236	152	141	233	211	128	195	243	113	81	106	136	12	91	
24	48	126	65	35	200	177	82	173	89	182	177	156	151	198	63	38	17	223	144	2	169	39	64	86	9	50	131	99	132	47	243	
105	178	249	76	124	220	209	24	203	253	116	172	139	222	214	114	223	124	164	28	135	114	254	145	79	217	167	239	82	164	78	247	
255	118	109	192	238	127	125	190	57	254	182	255	91	29	223	123	47	215	255	191	169	118	245	236	254	107	244	214	175	221	222	121	
157	126	91	177	246	255	243	210	53	238	246	238	31	157	227	45	62	252	198	126	169	247	32	238	254	217	39	164	239	249	67	241	
207	121	35	38	52	158	251	16	233	236	19	237	142	140	211	39	134	109	125	111	197	240	244	204	212	120	41	178	78	175	19	85	
123	65	104	237	111	148	218	88	229	0	244	130	121	221	158	100	126	177	255	237	138	35	246	221	87	249	170	137	119	166	106	96	
90	41	226	228	71	157	250	80	197	128	246	138	107	201	245	102	110	189	127	205	136	179	166	200	211	233	139	137	39	174	120	0	
73	49	253	37	36	95	177	16	234	236	55	109	223	28	198	34	134	100	124	124	133	240	177	8	78	249	33	148	72	170	91	213	
90	32	118	229	63	155	248	80	207	160	115	130	77	203	117	102	110	189	63	77	132	177	133	200	151	249	139	165	39	174	81	132	
61	225	107	104	86	135	75	248	69	96	112	206	83	205	176	48	126	168	23	238	201	178	60	29	114	77	161	164	125	187	114	240	
182	126	121	225	134	127	239	210	121	174	182	126	11	41	213	141	59	237	85	123	249	244	173	138	174	217	133	246	239	249	223	165	
181	126	219	193	182	127	243	210	91	238	190	126	90	21	199	46	127	252	198	126	173	247	177	234	250	136	39	118	239	249	78	245	
2	48	179	145	109	141	176	67	139	185	80	123	156	156	84	10	142	57	95	17	130	126	194	193	29	24	122	234	76	8	3	187	
122	18	241	77	51	95	153	123	31	109	118	236	107	174	166	252	182	29	164	0	133	185	53	223	3	255	80	183	83	140	79	253	
82	160	212	245	62	139	88	40	47	176	242	10	239	202	84	66	254	189	127	145	8	240	195	217	140	250	203	50	36	168	1	12	
98	48	247	228	116	15	248	90	15	169	210	107	14	29	52	72	238	157	63	1	140	250	193	204	150	248	218	130	6	140	80	15	
175	63	110	147	245	254	127	208	57	254	116	173	31	231	247	223	231	238	151	126	181	220	248	236	111	219	229	225	174	253	94	241	
2	48	116	109	44	159	248	90	111	184	242	33	136	158	148	104	238	61	127	129	132	184	227	212	23	248	26	146	85	140	65	143	
221	62	242	182	247	216	127	80	121	206	118	175	127	253	115	251	182	239	151	29	165	251	180	234	250	253	37	171	174	252	79	93	
2	152	186	157	97	236	177	71	190	77	74	17	172	190	38	72	165	59	179	1	22	152	18	193	77	54	90	195	128	4	165	219	
88	50	58	104	9	196	145	80	228	9	166	37	158	159	34	98	196	21	237	129	152	35	145	0	209	241	42	27	72	0	47	19	
124	97	230	228	87	14	72	112	97	160	242	10	75	27	85	82	120	204	109	250	8	243	133	200	219	233	197	5	103	166	106	2	
41	50	32	41	109	215	249	88	71	109	244	45	153	152	214	44	140	9	214	145	135	34	230	208	70	89	33	185	91	132	111	199	
79	24	252	214	40	217	89	48	175	220	54	173	255	119	195	150	6	226	255	76	128	104	235	233	206	219	101	154	14	172	9	117	
72	50	30	164	45	204	81	19	231	249	150	45	222	157	66	142	132	181	237	0	143	107	147	192	211	241	16	27	74	12	44	91	
41	178	237	51	116	195	241	216	119	217	148	161	187	220	218	32	223	153	215	145	143	226	110	221	207	89	39	239	231	140	118	247	
12	50	184	251	190	125	223	223	95	207	253	254	191	125	219	44	31	219	215	145	187	226	237	226	254	223	62	184	239	219	135	241	
90	176	248	84	75	125	80	7	235	231	175	25	42	190	70	58	161	183	233	0	28	109	242	194	95	223	80	59	227	76	198	94	
14	244	144	178	237	249	187	146	139	247	189	189	205	255	202	142	159	249	238	146	23	102	250	243	142	215	27	255	134	255	143	247	
35	166	242	26	255	177	176	71	219	21	93	191	44	232	126	140	239	43	131	21	150	122	166	215	30	30	26	235	215	76	187	207	
185	215	111	239	100	86	199	127	101	79	254	118	115	126	186	114	124	206	132	175	237	182	101	143	244	239	162	8	123	250	242	249	
2	16	117	193	39	158	184	19	109	121	246	231	140	29	150	108	238	29	191	17	134	184	245	192	7	120	26	130	71	12	117	215	
54	8	230	246	21	139	232	64	239	176	242	3	107	203	117	66	106	237	47	208	8	249	3	200	155	218	203	1	117	170	113	138	
59	48	106	104	126	87	248	88	228	64	244	167	25	157	182	48	126	145	223	236	204	35	164	140	82	201	170	157	103	134	122	213	
42	48	112	233	109	221	120	82	15	104	112	45	142	159	214	124	198	29	247	5	128	154	227	208	135	249	154	170	22	140	87	223	
50	160	208	253	116	136	232	72	27	176	240	2	44	203	116	80	250	189	23	145	10	114	194	201	158	184	139	234	181	168	83	128	
94	161	230	225	29	8	248	72	231	144	179	10	107	203	93	210	122	149	127	241	10	163	159	193	159	249	131	77	103	174	122	2	
226	130	230	26	77	240	184	67	219	87	181	155	40	172	126	159	233	163	227	149	54	111	166	227	31	86	218	107	199	77	255	222	
154	114	113	169	59	211	24	94	23	109	148	239	63	31	2	172	54	153	221	209	143	207	101	157	211	195	57	179	55	132	44	91	
57	105	107	110	86	23	75	120	65	96	245	206	115	77	177	48	126	168	22	238	201	178	60	29	242	201	160	176	127	187	122	248	
189	183	88	131	151	255	179	223	30	93	253	127	190	92	206	160	127	155	134	180	191	186	121	255	239	133	39	247	223	15	239	251	
66	160	215	156	124	139	232	106	159	160	146	74	236	234	52	65	123	165	127	49	32	107	195	220	156	54	219	124	132	40	17	8	
235	241	226	167	229	92	237	181	41	239	127	159	157	174	86	246	226	239	247	71	213	26	180	226	117	113	254	233	12	118	223	252	
125	96	105	236	62	213	75	88	65	224	181	138	123	79	183	48	126	168	21	238	205	35	52	221	211	201	161	184	55	163	114	116	
114	32	214	253	126	10	248	104	169	145	240	130	109	75	4	91	254	189	127	176	0	227	194	204	158	250	203	26	37	160	99	128	
19	179	113	168	42	21	187	88	175	252	16	231	12	223	203	128	183	25	223	229	199	65	175	221	154	81	43	174	62	134	39	243	
66	160	145	220	124	9	104	75	59	161	112	106	188	250	100	80	178	157	127	129	2	123	130	211	156	52	27	124	148	40	3	136	
31	119	126	195	175	127	189	220	238	252	190	47	236	60	255	175	175	211	255	243	199	97	63	245	127	91	111	183	207	223	141	223	
125	109	205	165	172	91	68	171	73	234	184	72	223	41	83	155	153	196	76	46	109	114	193	8	174	219	101	53	106	252	90	0	
98	128	212	221	124	2	232	106	91	176	176	203	136	10	52	83	219	157	31	177	32	235	192	220	28	190	219	126	149	40	115	136	
66	16	59	209	117	220	176	3	63	77	114	53	172	158	6	77	166	49	191	17	182	252	240	197	7	54	26	195	197	4	5	95	
114	160	212	213	87	139	232	104	15	176	17	10	238	75	92	213	242	189	127	17	2	216	223	221	156	154	203	114	53	42	81	132	
92	163	145	160	169	12	73	159	171	61	170	77	143	227	72	218	133	71	109	20	26	73	203	161	137	244	119	126	128	4	135	97	
187	31	107	197	132	126	239	119	61	238	255	246	91	191	182	244	124	180	189	142	249	189	53	202	242	237	162	192	47	236	244	245	
66	128	214	156	110	9	232	104	159	144	242	139	236	233	116	67	186	181	123	33	0	99	130	201	156	58	75	58	149	40	1	128	
27	48	122	168	111	95	249	88	237	72	84	175	159	157	178	52	166	153	223	45	133	35	180	212	211	217	42	188	118	142	39	245	
2	50	52	209	99	221	184	18	173	93	114	51	140	158	6	108	166	57	255	145	134	152	243	192	7	120	26	195	64	4	37	223	
0	160	149	145	108	137	184	75	142	185	112	122	156	138	228	10	231	41	119	17	2	120	194	208	12	24	123	110	148	8	1	137	
47	83	96	37	114	3	27	56	5	236	255	237	75	14	143	16	94	157	215	230	205	146	101	12	102	229	169	150	111	175	6	213	
91	50	247	101	39	95	177	18	237	249	182	105	207	28	198	175	166	21	252	17	133	233	165	132	147	251	113	147	70	12	7	127	
141	126	118	209	167	255	181	208	237	254	182	190	206	124	215	47	47	117	206	62	181	245	61	204	111	91	103	247	207	125	205	247	
75	48	107	196	102	223	187	16	232	232	30	239	156	221	215	162	182	45	255	111	193	177	180	204	86	77	43	160	12	175	25	113	
201	93	183	254	45	116	180	252	237	90	246	119	252	254	175	111	238	115	254	98	229	101	251	235	119	251	246	139	82	252	229	95	
78	138	178	152	203	180	56	67	171	29	141	17	44	234	102	222	167	51	235	145	150	11	186	211	27	118	26	111	146	68	175	71	
234	176	226	88	105	253	248	71	171	87	36	25	40	159	70	158	137	187	243	16	22	111	242	209	95	89	144	123	195	140	206	206	
148	93	254	51	226	110	55	244	48	95	119	181	87	119	11	25	39	219	23	230	48	208	56	110	229	163	116	128	160	241	167	243	
90	50	83	65	35	80	185	80	172	76	182	228	13	23	134	244	38	149	206	128	129	145	161	192	23	225	34	131	67	132	47	245	
84	179	145	161	185	12	65	153	43	253	10	109	142	55	193	214	167	69	109	93	83	73	155	194	156	244	47	126	136	38	7	115	
113	41	232	69	77	91	65	33	67	228	190	141	67	33	214	22	8	228	100	108	72	250	213	136	94	220	197	53	111	174	90	90	
137	22	105	65	226	126	189	23	56	79	92	244	157	37	146	41	22	28	151	63	177	148	100	206	102	105	58	132	206	212	131	241	
51	101	108	13	66	115	207	124	65	226	253	175	17	8	151	48	26	140	87	239	205	178	101	28	102	15	224	181	111	255	218	212	
106	176	244	112	77	253	80	19	171	253	164	29	42	159	70	158	140	183	253	16	30	111	242	193	95	217	208	123	131	12	78	94	
157	83	91	46	114	30	127	121	109	76	119	229	127	67	187	212	54	41	6	110	197	177	52	78	242	105	32	130	110	182	43	213	
233	95	163	190	101	84	127	212	185	74	252	231	253	247	163	118	252	254	183	198	237	151	226	235	247	247	238	138	2	246	118	255	
147	22	71	141	98	50	170	120	44	66	91	231	89	38	189	229	118	5	23	239	165	148	37	206	4	46	234	128	47	231	57	213	
63	58	254	215	229	223	249	114	57	204	118	239	127	255	247	189	183	251	151	28	165	253	54	238	91	223	117	131	207	172	95	255	
11	118	120	201	106	55	25	91	39	236	156	239	157	23	194	164	14	157	223	174	193	2	117	220	198	201	32	172	63	134	46	249	
98	32	112	201	108	137	248	64	77	32	242	8	138	155	20	24	206	153	127	129	136	186	67	208	22	56	146	138	85	136	112	3	
75	178	60	177	44	219	89	58	239	220	150	173	255	124	210	175	135	49	253	49	173	105	115	220	206	211	255	251	142	132	31	93	
120	188	254	124	251	233	117	255	183	31	252	40	127	247	32	112	47	251	255	128	26	235	178	125	123	255	117	89	243	192	230	251	
108	189	191	246	245	124	87	190	179	251	14	104	254	117	201	191	145	94	213	42	121	80	170	173	235	223	117	247	130	253	214	115	
88	48	57	97	41	220	81	18	236	92	182	45	191	157	66	90	192	48	253	9	11	41	243	0	195	233	50	153	106	0	15	91	
187	48	63	57	41	245	144	214	173	93	180	117	46	158	111	187	204	27	220	81	143	135	242	161	147	209	58	155	74	85	111	223	
61	117	123	224	230	27	255	216	49	230	245	174	91	77	247	41	127	221	151	254	233	242	108	204	254	203	197	36	103	255	66	240	
124	189	191	246	181	92	87	190	177	251	14	40	255	117	201	191	145	94	213	106	121	88	168	175	235	223	117	247	162	253	214	115	
237	252	50	90	197	253	231	220	249	74	109	28	90	244	63	61	177	74	80	62	227	39	184	247	51	30	4	126	202	119	210	246	
106	50	208	236	121	85	217	91	27	237	244	189	44	255	230	212	222	189	151	132	7	59	242	219	87	253	49	191	211	164	78	251	
105	50	188	228	45	157	81	19	131	249	182	109	222	31	66	63	132	180	253	8	140	107	243	128	195	249	113	251	10	140	76	91	
105	41	204	36	109	91	85	35	33	246	182	41	211	49	195	23	8	228	108	44	72	106	197	136	214	223	85	53	99	238	90	74	
65	184	177	129	42	200	49	159	234	253	8	101	188	179	194	86	167	71	108	16	147	73	155	81	204	20	63	126	136	0	3	123	
91	50	119	69	35	86	185	80	169	76	246	228	13	150	134	118	38	21	252	128	133	153	181	192	83	249	50	131	67	132	39	253	
11	138	231	61	83	242	184	138	122	87	82	247	201	236	150	233	175	15	176	149	183	252	39	245	14	103	250	193	197	5	191	213	
34	184	186	208	237	253	185	203	159	253	52	59	172	222	110	12	221	27	151	21	22	106	106	209	95	90	31	239	208	76	173	223	
42	184	240	80	77	253	248	71	219	117	164	29	168	159	86	158	137	187	195	145	150	110	242	209	31	89	152	123	211	12	206	222	
54	83	121	45	122	3	155	120	1	236	253	239	95	15	143	16	30	157	215	231	201	146	101	28	210	193	41	182	125	166	6	241	
90	48	57	104	43	212	17	80	165	77	182	37	158	31	2	223	198	21	253	0	159	11	243	128	211	241	58	219	122	4	45	115	
2	32	92	141	108	139	232	74	47	161	242	74	172	10	20	24	234	133	106	9	2	248	67	221	148	18	90	52	76	8	67	136	
130	184	155	177	101	237	177	23	190	9	82	113	188	159	32	72	135	59	147	17	51	220	16	211	13	214	26	194	136	8	5	187	
91	48	123	64	35	217	177	80	236	76	182	174	26	158	166	166	46	145	222	136	129	35	53	64	19	73	34	138	79	4	39	119	
75	50	249	84	108	217	121	16	171	204	52	236	191	222	198	54	134	101	255	12	195	96	226	193	70	249	33	170	78	174	71	125	
109	122	241	243	237	253	255	154	27	255	52	255	187	255	207	60	223	219	246	158	159	118	254	242	95	223	119	235	239	253	198	247	
107	50	187	68	109	124	113	80	99	253	247	105	10	157	214	190	140	156	247	8	156	123	178	192	87	249	113	235	66	140	102	247	
219	215	230	247	181	94	255	245	189	95	247	247	219	191	190	103	239	247	255	238	253	245	37	234	247	251	254	130	111	252	245	127	
239	248	253	178	237	121	125	155	235	119	180	189	207	254	223	63	143	215	253	131	190	70	254	241	207	115	119	255	134	245	135	247	
91	16	114	77	51	95	153	83	63	109	182	173	10	14	182	252	182	157	253	132	141	185	53	221	147	255	16	147	87	134	109	119	
61	94	122	211	230	191	127	242	125	234	254	170	94	31	183	124	127	253	159	126	225	181	45	254	254	95	39	208	215	255	101	241	
43	178	124	169	61	223	217	88	207	253	148	229	158	221	214	164	207	25	223	53	139	224	127	221	207	89	35	247	94	140	94	247	
59	50	32	41	45	93	217	80	205	108	180	45	138	28	150	36	204	1	222	157	141	43	116	128	215	217	178	179	91	12	79	223	
111	22	224	222	255	84	251	249	25	206	252	103	104	127	191	246	255	222	183	188	247	75	250	239	127	127	190	219	159	142	126	255	
143	157	116	251	239	221	127	189	205	127	189	55	252	126	238	101	231	19	255	103	247	172	123	247	111	219	127	251	22	142	197	215	
189	181	124	139	190	63	155	221	31	125	189	183	218	94	142	36	127	147	222	188	187	163	109	223	250	207	47	244	255	207	229	241	
127	122	232	229	230	62	253	246	113	254	182	190	25	61	211	189	127	223	247	159	233	254	237	226	222	239	247	164	175	253	246	249	
105	50	121	116	108	217	249	16	235	236	52	237	187	204	214	50	134	125	246	29	135	98	246	144	78	217	33	184	78	174	71	245	
66	32	87	140	124	11	232	74	47	161	210	74	140	139	20	88	234	141	127	25	0	251	195	212	148	48	218	40	4	8	49	8	
120	105	98	230	29	193	90	64	197	132	179	11	107	201	117	192	120	160	239	227	78	163	130	141	211	205	131	25	103	143	124	130	
27	50	105	168	58	7	27	88	46	236	149	239	157	31	207	32	54	145	223	229	197	3	253	92	210	9	43	188	61	166	39	241	
151	94	70	132	2	18	174	112	181	194	83	231	73	202	183	197	118	229	23	239	229	149	4	206	48	42	235	132	47	183	41	149	
64	32	211	132	124	9	233	74	46	181	240	10	140	130	64	216	186	141	106	152	2	122	128	217	148	16	27	44	4	8	35	136	
0	32	149	181	124	10	168	99	12	177	114	80	148	2	128	79	234	45	106	9	1	220	193	204	12	50	250	128	28	8	1	137	
207	188	244	243	175	92	253	187	207	254	150	183	223	60	211	111	199	215	255	215	255	108	255	228	207	219	255	211	174	237	149	119	
215	86	229	213	142	46	252	184	253	250	147	251	211	63	221	107	109	213	127	247	236	117	237	196	223	250	255	214	229	253	132	119	
66	32	218	132	118	9	232	74	46	161	82	10	140	138	116	72	234	141	39	153	2	250	128	209	148	48	154	44	21	8	121	136	
114	35	68	172	77	1	72	72	79	176	176	75	99	74	125	82	248	129	111	241	74	35	67	221	145	216	139	63	117	42	112	6	
205	23	42	206	237	52	255	53	237	79	255	191	248	252	190	126	254	211	255	239	189	35	231	226	247	125	234	203	198	223	245	119	
67	2	151	149	110	142	184	35	44	185	82	114	156	2	144	75	230	53	59	9	0	220	195	197	140	58	250	192	12	8	17	169	
187	118	234	190	113	84	191	252	49	78	244	231	125	255	171	117	254	251	151	231	239	199	160	235	243	249	174	139	15	244	47	255	
43	50	120	73	107	85	185	80	197	108	244	238	9	142	214	164	110	153	198	128	133	35	230	208	87	89	178	187	87	132	111	245	
82	1	215	165	79	201	104	72	175	176	243	10	44	202	100	210	250	165	106	208	11	51	147	209	157	176	131	3	61	42	105	130	
207	157	54	194	239	125	191	252	207	254	158	47	252	252	255	38	175	215	255	243	199	49	187	243	127	89	111	191	15	126	21	95	
80	58	253	101	18	46	120	55	52	161	226	244	151	39	0	80	54	157	109	160	168	216	209	14	207	166	48	0	104	128	38	56	
81	50	123	136	34	198	57	88	172	76	215	229	157	159	166	112	182	49	223	160	133	131	182	76	210	169	34	138	12	130	37	113	
114	129	197	237	77	65	72	8	15	144	240	2	32	74	92	82	248	129	111	209	11	35	211	209	157	184	203	63	61	42	120	130	
251	85	107	172	118	22	127	112	57	198	254	175	95	62	151	115	254	213	157	238	233	147	181	202	242	253	234	152	39	182	114	240	
121	140	242	254	110	4	126	232	121	18	240	163	254	255	168	115	255	223	63	175	236	99	202	233	246	250	202	26	55	252	115	170	
17	140	118	243	246	155	126	244	181	3	242	163	127	123	172	97	127	179	63	142	252	185	13	255	254	207	214	66	55	140	225	138	
143	94	234	99	160	52	127	182	113	79	94	180	153	63	158	237	6	19	149	143	241	156	36	226	98	223	254	192	166	214	245	121	
31	82	121	77	50	23	219	120	21	238	213	238	217	6	158	164	62	157	151	174	233	150	101	222	178	223	171	188	63	183	35	245	
11	16	247	213	55	95	249	26	191	220	54	231	252	125	182	47	190	49	255	45	165	237	51	205	207	91	123	146	198	172	69	249	
21	12	247	209	182	11	190	192	253	162	178	195	95	255	53	105	255	245	95	60	180	177	13	220	250	222	71	86	215	254	97	0	
23	132	117	233	190	159	250	232	31	48	178	171	223	63	168	37	127	145	95	189	254	57	77	223	254	222	143	214	247	140	1	36	
106	248	122	120	75	212	113	23	161	93	100	61	10	159	70	255	236	176	181	144	206	30	242	192	87	241	148	107	163	148	238	95	
34	176	185	217	108	205	185	203	31	121	112	127	180	222	100	8	207	27	55	17	147	126	90	209	13	26	59	238	220	8	5	187	
94	25	178	58	171	253	145	3	239	93	151	61	142	222	70	188	206	179	255	17	159	41	114	241	147	81	26	203	218	69	175	87	
90	50	114	65	43	212	185	19	173	93	182	181	137	143	198	126	166	149	253	144	142	9	183	193	195	241	58	131	99	132	39	119	
12	214	238	179	194	46	127	248	176	86	102	181	93	119	43	91	55	219	21	162	248	208	24	104	237	227	237	133	168	241	135	211	
67	150	115	244	116	141	190	248	251	234	146	107	252	252	253	37	191	253	119	165	228	123	136	217	255	90	239	174	5	44	17	255	
106	176	112	80	77	253	249	83	203	125	180	29	42	157	86	191	205	179	215	145	158	111	242	209	87	89	208	123	211	12	94	255	
120	189	250	124	251	237	119	247	175	141	252	40	63	247	0	48	191	255	255	128	26	171	178	125	251	255	53	91	227	226	166	251	
9	125	57	69	116	79	231	50	125	232	126	72	158	53	133	52	148	124	86	104	193	184	113	78	103	188	37	128	74	176	67	249	
209	244	17	163	18	237	59	5	58	224	131	124	159	147	72	214	167	253	120	215	99	84	152	242	153	208	11	122	8	3	131	121	
95	58	247	208	230	159	252	112	253	234	182	107	222	252	213	47	191	245	127	189	132	241	34	200	223	222	127	128	199	252	97	119	
91	50	115	96	35	29	120	80	237	105	118	239	31	157	210	166	166	149	253	5	133	241	181	192	211	249	32	130	103	132	47	119	
60	97	106	225	199	27	111	232	85	162	229	10	91	233	115	41	122	248	18	238	72	243	28	136	243	207	197	53	231	255	110	160	
249	100	233	68	93	95	195	42	83	232	255	10	82	28	84	48	216	252	96	44	109	254	241	14	123	237	1	53	99	42	86	126	
51	85	97	7	214	83	239	125	69	228	219	239	81	40	151	132	120	204	83	239	217	186	117	174	38	14	136	144	255	255	210	244	
147	82	123	44	98	82	31	124	105	72	246	231	31	30	183	112	54	157	150	231	205	150	37	78	242	41	34	130	109	180	39	125	
88	56	62	248	43	220	80	19	175	93	182	61	174	159	66	223	162	177	253	17	15	41	178	145	211	241	80	123	98	132	12	91	
63	176	224	233	230	31	248	200	91	113	244	171	89	62	223	252	127	205	183	213	154	114	236	209	94	253	239	228	183	236	86	240	
124	4	102	239	159	59	94	232	117	19	231	146	91	105	61	253	122	210	123	126	56	163	79	221	243	251	198	93	247	255	244	32	
75	48	105	233	42	23	25	24	7	236	150	237	157	31	210	160	14	149	221	237	141	0	101	208	194	217	171	180	30	134	9	113	
95	128	238	244	164	20	125	184	237	83	182	162	219	127	190	255	127	213	255	236	153	227	167	197	222	251	207	196	167	164	228	112	
71	178	253	213	236	108	120	155	187	251	48	221	148	174	85	59	135	93	127	21	151	68	219	208	143	26	127	190	148	240	7	255	
71	142	117	217	238	141	188	171	143	58	178	235	237	127	140	103	79	51	127	164	244	108	79	253	47	218	215	214	20	168	1	175	
106	58	184	80	109	221	89	19	171	253	180	61	138	159	198	158	204	181	253	16	142	111	226	209	91	217	112	251	202	12	78	127	
107	50	122	72	107	84	17	80	169	77	244	236	28	31	134	254	230	149	223	16	133	3	240	192	87	249	32	235	74	132	46	119	
31	40	226	247	246	25	252	208	59	179	178	171	191	63	209	170	63	223	223	157	142	248	221	232	222	223	223	38	231	252	83	170	
43	50	123	64	104	221	185	88	233	205	116	237	158	158	198	182	134	61	247	20	135	227	162	192	70	249	32	171	78	132	79	247	
39	50	241	209	252	141	248	91	203	169	49	239	157	221	197	38	207	185	87	144	183	58	210	218	79	222	55	238	220	168	71	183	
109	169	252	85	198	30	117	191	107	145	46	8	247	113	201	58	35	86	112	24	18	216	251	33	111	239	85	68	166	250	210	160	
43	114	114	65	101	221	249	86	105	125	244	45	10	157	214	189	140	28	215	88	150	190	160	192	83	89	48	235	67	156	126	255	
107	178	248	228	103	95	121	24	91	252	22	238	95	188	214	184	183	253	183	17	133	112	188	208	95	89	125	231	142	172	93	117	
43	50	59	96	45	221	209	80	205	109	180	109	158	156	246	160	204	17	223	5	143	59	32	128	211	217	50	179	90	140	87	255	
43	176	241	193	61	219	217	89	219	237	180	174	158	157	214	172	158	57	215	17	151	235	240	220	207	93	187	255	207	140	87	247	
95	136	117	251	174	157	216	185	95	49	180	251	223	127	220	101	255	147	255	188	190	106	111	245	223	223	223	254	183	140	193	39	
27	50	247	245	51	95	185	115	189	205	182	39	238	255	86	36	190	53	223	133	133	233	49	204	219	223	127	195	199	36	39	223	
74	202	174	57	203	240	184	151	230	85	86	179	168	140	115	206	111	47	243	149	150	92	167	241	78	113	218	203	215	4	189	222	
136	187	189	183	43	205	57	23	166	245	10	53	188	150	66	98	134	63	232	145	134	217	243	51	205	165	58	112	0	0	133	123	
240	100	233	71	28	122	83	36	113	228	167	24	115	29	198	19	8	228	108	14	40	254	241	46	127	233	17	19	97	137	86	106	
37	212	174	122	228	61	231	252	248	95	117	28	210	248	63	57	157	74	87	63	255	240	58	32	47	91	117	4	200	121	219	247	
116	189	189	212	238	79	84	239	171	186	136	104	118	125	69	51	133	213	93	32	104	107	154	13	251	214	69	62	128	112	6	59	
124	96	98	236	85	215	66	120	65	128	241	10	107	217	61	144	120	168	149	226	72	35	80	156	211	201	129	57	119	175	126	130	
105	50	122	128	103	93	113	80	105	108	55	109	30	21	130	52	38	4	223	60	129	49	32	196	86	89	32	178	78	140	94	119	
26	18	122	81	35	212	185	83	237	93	118	183	137	159	198	238	174	25	255	144	134	56	182	192	87	249	58	203	79	132	45	255	
143	158	106	99	160	30	255	182	121	111	22	180	153	61	159	173	39	23	149	94	241	156	37	162	110	223	52	132	166	213	133	121	
117	140	246	254	254	154	124	224	253	18	115	131	79	123	61	123	255	245	59	46	180	241	14	253	222	250	86	70	247	255	97	2	
63	84	225	165	51	127	223	80	33	238	255	239	95	62	147	180	254	205	149	103	201	146	117	138	241	205	170	146	239	255	55	115	
140	69	91	59	17	232	119	146	244	7	239	16	251	215	42	84	64	54	232	66	42	149	227	39	229	225	32	81	98	153	204	66	
91	16	59	233	41	212	57	17	164	73	150	229	157	159	162	242	230	21	253	149	143	137	177	192	195	249	186	130	10	132	45	115	
31	8	247	209	182	27	254	64	189	162	178	131	222	63	37	168	175	181	223	174	228	161	29	216	222	222	71	54	247	254	1	10	
187	86	105	165	96	15	219	48	48	234	247	253	219	15	154	48	94	157	213	239	233	150	117	14	198	205	168	148	108	166	2	241	
191	27	69	109	226	23	207	113	5	234	115	246	89	6	149	177	30	189	23	239	233	148	101	14	4	201	233	128	127	183	2	241	
103	144	253	205	126	30	250	248	155	121	180	171	250	127	157	118	255	213	127	189	174	99	237	223	94	126	199	254	151	172	114	247	
167	86	105	37	114	30	107	16	61	232	119	253	211	14	159	49	118	141	87	111	229	148	117	14	102	105	168	132	108	175	90	213	
223	250	33	184	77	253	121	210	165	95	148	95	14	159	83	159	165	131	223	21	191	21	178	241	215	89	216	235	178	85	30	119	
23	201	118	242	166	155	126	224	61	18	247	131	111	123	45	109	127	187	31	222	104	227	15	252	250	223	71	9	247	255	105	2	
47	222	248	114	241	244	31	182	145	95	28	189	57	125	255	189	151	91	149	95	167	10	60	162	107	223	116	235	158	247	142	255	
114	128	87	253	94	139	232	234	159	48	162	138	71	107	56	65	251	181	123	169	40	51	77	221	157	250	203	116	53	168	1	0	
82	9	214	228	87	203	104	64	111	160	163	138	107	171	117	80	122	181	59	200	12	187	21	200	159	216	195	1	245	40	97	2	
147	219	174	57	162	179	28	135	127	93	218	181	165	202	247	76	231	43	172	213	206	157	39	241	170	113	158	211	188	212	169	95	
159	86	105	65	50	55	77	22	29	110	95	254	217	14	151	48	126	157	149	172	233	150	101	206	230	205	170	148	47	240	2	245	
3	32	85	209	124	143	168	74	207	169	48	251	148	153	244	32	174	177	95	49	163	109	66	220	12	30	59	242	221	136	65	137	
5	160	149	181	236	13	168	155	62	187	80	80	149	179	80	58	135	93	127	29	147	92	203	80	76	10	127	228	140	96	3	169	
220	206	122	120	144	248	119	150	245	30	230	48	7	199	43	89	113	122	236	114	58	133	171	51	243	227	36	77	242	241	228	98	
18	132	215	255	54	10	233	232	255	18	226	130	231	107	60	67	251	243	107	172	40	233	15	253	188	186	211	16	53	168	97	136	
9	117	59	71	112	222	103	55	125	200	126	96	190	21	149	52	150	62	22	8	193	184	48	110	103	188	48	128	74	146	67	249	
127	128	236	233	77	18	120	168	103	144	166	130	91	27	93	114	123	212	123	252	8	98	255	212	223	251	199	77	55	174	124	34	
184	185	250	124	243	223	119	247	191	13	254	56	63	191	32	48	174	255	215	192	58	187	176	255	251	249	39	75	99	128	231	251	
2	178	29	249	108	173	168	91	158	57	112	121	180	152	116	40	207	25	119	17	147	126	74	81	76	24	59	236	220	136	1	185	
226	0	217	221	100	8	232	10	127	161	114	202	245	235	117	88	251	189	59	157	0	126	199	82	28	190	219	32	213	168	65	128	
83	0	247	228	54	11	248	64	237	176	179	195	79	27	52	99	238	181	127	253	8	233	5	204	152	218	75	86	37	168	97	4	
98	50	57	82	109	221	216	83	235	125	181	61	138	157	86	62	204	177	215	21	142	111	242	209	87	88	16	251	211	12	86	223	
60	1	254	229	7	91	234	72	69	164	231	10	75	233	113	166	120	252	123	234	72	243	21	136	211	201	199	21	103	42	124	162	
218	126	107	97	115	118	185	86	105	76	214	231	57	31	151	249	238	189	159	197	133	151	36	232	87	249	170	129	111	149	39	249	
31	58	119	225	39	255	123	80	109	236	159	231	159	31	214	98	166	149	221	147	141	161	165	192	211	217	42	147	47	143	21	119	
75	50	243	228	103	31	248	80	107	232	114	235	29	157	244	56	182	189	247	21	132	242	164	192	95	89	43	162	71	140	87	247	
7	32	243	244	118	139	232	64	123	160	114	203	141	248	117	188	191	253	51	149	0	242	132	200	156	220	207	102	229	168	83	132	
99	48	121	114	111	220	80	19	171	125	181	61	14	159	70	30	166	177	253	16	135	107	242	193	87	216	80	251	202	12	70	127	
18	160	230	245	22	10	232	64	171	177	162	131	239	235	93	42	187	255	123	157	10	241	140	201	159	216	223	34	231	164	115	136	
82	222	47	182	50	138	26	166	188	5	130	253	231	110	4	81	182	247	125	197	62	201	133	109	248	38	122	211	164	1	149	83	
228	102	107	118	228	104	231	132	248	174	115	25	243	201	93	27	153	126	101	98	120	246	168	35	117	168	113	121	64	121	215	226	
98	130	209	221	108	9	168	43	95	35	112	202	165	235	52	80	255	189	43	1	0	58	199	211	20	190	219	46	20	168	65	136	
235	118	121	72	234	52	29	86	41	78	188	252	29	31	134	244	134	147	215	36	165	7	116	194	118	249	32	250	95	213	167	245	
27	50	118	233	47	157	249	89	235	204	52	173	159	223	214	38	166	25	221	29	135	225	166	193	195	217	59	187	71	132	71	245	
195	122	115	240	109	253	120	86	13	127	86	124	156	158	214	126	134	29	191	1	135	94	179	193	23	89	250	235	142	141	85	127	
12	145	174	252	200	6	125	248	35	210	44	5	93	119	43	90	53	209	123	188	80	193	19	72	223	139	205	4	168	240	34	210	
37	145	190	117	237	14	245	248	234	223	48	12	86	120	123	58	185	67	115	127	214	97	58	32	77	143	101	4	209	123	210	195	
43	50	122	232	109	221	89	16	207	109	22	237	159	157	246	172	142	25	255	5	135	33	114	208	198	217	56	187	94	140	93	125	
104	90	181	79	43	122	21	190	206	134	174	40	226	112	133	254	129	84	232	2	0	97	235	9	7	247	81	19	66	123	68	47	
98	136	116	249	126	137	248	168	95	177	226	139	207	107	92	97	255	189	59	157	10	122	79	213	158	218	219	126	53	168	65	4	
212	185	156	72	154	115	82	154	55	185	172	248	87	119	200	252	23	212	236	120	27	67	75	23	154	135	37	255	186	145	136	33	
90	112	122	250	43	220	83	80	171	93	181	61	46	159	78	255	166	177	221	82	143	11	186	241	211	217	16	251	42	135	206	95	
118	73	214	252	78	139	104	232	239	16	226	130	99	235	61	90	122	225	107	216	10	163	79	217	158	250	199	13	245	170	96	130	
221	100	17	178	209	236	110	132	49	242	35	88	255	210	73	185	177	207	92	190	123	86	152	110	181	201	23	104	40	81	131	48	
97	44	33	76	125	63	202	107	91	170	61	72	50	217	212	164	157	108	80	47	234	99	234	159	35	30	145	60	86	238	82	172	
43	5	226	12	252	51	206	79	135	194	220	175	73	236	183	164	94	233	179	165	156	131	102	221	50	94	139	188	159	255	248	212	
35	51	115	192	124	191	248	86	207	41	144	238	156	156	180	45	142	145	95	81	134	169	69	212	87	88	186	242	76	140	85	63	
219	50	123	96	98	84	121	82	33	76	182	229	25	31	146	244	110	149	223	172	141	7	181	192	211	249	170	136	111	132	46	117	
27	114	122	225	102	250	121	84	237	100	95	175	31	157	246	34	166	157	223	33	133	181	181	192	214	249	40	195	47	158	29	127	
50	161	83	244	100	11	232	104	59	176	240	203	109	219	52	53	254	253	55	229	8	243	138	221	156	218	203	46	5	170	115	140	
98	128	247	229	124	15	234	106	139	161	186	235	212	154	180	98	255	213	123	53	128	105	200	220	28	62	155	118	213	170	83	170	
114	128	220	205	110	10	236	234	75	18	224	130	229	107	28	83	122	213	123	172	104	99	207	221	148	186	203	62	53	168	97	128	
155	87	123	99	115	124	63	212	225	79	28	247	61	29	187	244	166	19	159	99	197	55	36	226	247	93	62	131	103	214	175	255	
131	159	111	15	246	34	175	250	200	88	90	231	113	108	150	35	126	103	51	231	245	248	13	109	52	42	234	128	77	235	241	209	
139	54	105	225	160	63	93	19	53	238	214	253	159	31	146	164	31	151	221	173	169	148	101	142	198	221	170	148	46	204	152	113	
123	254	120	82	107	252	183	214	233	95	253	44	42	157	230	182	205	250	149	210	206	62	242	225	87	221	16	171	67	215	230	255	
123	82	240	234	107	125	89	212	237	95	253	109	31	31	207	190	167	145	215	63	135	50	120	192	215	221	48	190	255	215	46	119	
27	112	123	107	105	212	249	80	229	92	245	167	153	159	214	238	238	153	223	205	141	43	242	192	87	249	186	203	111	134	111	247	
203	115	122	65	103	125	177	86	233	76	61	255	28	29	134	54	166	145	215	68	133	55	52	192	87	89	48	163	111	143	207	247	
219	4	106	101	23	50	251	67	117	34	239	146	25	13	23	97	122	157	27	173	104	183	181	206	247	233	138	5	103	228	111	160	
50	32	202	229	68	11	232	72	107	128	226	10	35	203	117	18	120	237	98	209	12	243	214	200	157	152	131	41	101	40	122	130	
64	128	92	237	60	11	233	43	110	49	162	194	245	3	20	75	106	133	107	169	34	232	75	93	196	170	219	20	20	136	65	8	
184	189	126	252	243	214	125	247	191	76	244	32	63	191	32	17	174	251	215	192	114	155	178	253	251	251	22	203	115	132	167	251	
41	229	123	71	116	223	239	55	121	65	127	8	187	81	156	52	22	62	22	40	193	184	117	79	103	189	36	0	66	130	195	232	
67	2	211	221	118	169	168	15	62	33	99	218	164	130	116	200	226	143	42	9	18	56	129	209	148	188	26	104	20	136	129	168	
210	65	86	237	46	3	232	8	207	176	178	194	205	139	117	75	234	181	127	243	0	103	195	192	148	184	139	30	21	155	97	0	
82	64	87	228	70	139	232	69	173	128	235	10	7	139	52	66	106	173	107	177	0	179	6	204	149	176	138	8	37	10	97	0	
147	96	115	224	119	42	120	69	173	1	251	147	13	155	52	96	38	149	91	165	0	167	148	194	183	248	10	2	39	154	161	128	
215	95	46	58	186	162	30	164	238	92	138	229	213	74	183	80	231	229	108	247	237	133	13	126	184	34	239	212	156	115	33	81	
114	10	87	237	76	11	232	110	143	48	226	202	135	139	52	82	106	165	107	129	0	59	7	221	148	178	219	53	21	40	81	8	
248	36	106	229	23	122	232	66	117	166	239	18	75	9	17	160	122	157	89	171	104	183	149	142	211	233	130	21	103	169	116	162	
84	139	253	108	238	74	117	169	107	190	176	32	79	105	141	122	179	213	108	42	64	99	171	88	95	174	101	5	241	242	103	99	
210	64	210	228	70	9	232	73	107	177	227	90	135	138	116	90	106	141	42	153	10	119	150	192	149	184	154	104	37	8	97	128	
50	97	86	164	78	11	234	104	175	160	232	66	103	203	52	130	122	169	106	235	72	179	18	221	176	152	139	32	45	42	123	132	
149	155	239	63	38	2	175	184	112	74	87	246	209	108	154	99	126	76	53	239	241	244	173	43	192	235	235	132	109	243	113	241	
21	169	181	101	45	15	225	248	235	189	184	8	150	121	81	34	170	68	127	121	128	41	179	8	201	156	37	28	208	40	87	235	
213	119	175	167	182	110	79	148	228	234	159	239	247	109	219	43	55	230	125	63	189	225	61	8	250	11	101	144	236	251	17	121	
4	231	151	241	164	47	103	254	108	190	58	72	198	97	73	15	177	74	79	122	82	241	11	44	237	146	117	52	226	123	215	163	
184	5	110	236	212	50	111	127	85	2	255	18	91	41	181	97	120	140	23	170	248	179	37	142	242	235	226	132	119	252	240	160	
228	182	13	50	184	15	67	177	51	254	7	253	215	101	202	87	17	196	109	126	121	92	217	54	254	131	101	244	168	170	18	113	
143	124	120	107	234	61	223	214	121	71	188	189	159	63	151	61	143	211	223	143	241	46	125	226	246	223	54	248	231	213	167	249	
126	164	36	144	205	119	192	239	195	255	140	9	10	152	94	175	201	198	249	177	206	107	251	149	27	91	221	127	3	78	222	206	
109	97	158	180	237	110	68	169	161	154	234	0	82	115	9	219	209	206	120	234	89	195	194	0	249	251	197	13	170	115	234	130	
143	127	120	226	239	189	255	214	237	79	189	191	159	61	159	38	167	83	223	71	247	47	104	226	247	221	52	251	198	223	165	247	
212	95	126	56	186	170	87	174	189	158	162	229	71	227	35	89	247	231	109	246	108	71	137	126	248	162	39	148	176	241	166	67	
114	0	84	233	78	139	104	9	207	48	162	138	135	139	84	88	234	189	123	153	10	56	215	213	149	152	155	118	53	136	81	128	
71	95	111	31	250	130	171	164	236	120	210	231	209	108	183	99	103	101	126	247	165	133	45	124	60	42	239	192	157	51	113	93	
66	1	87	228	118	139	168	64	239	33	250	202	212	139	52	64	238	181	123	85	0	187	129	220	148	56	139	64	69	138	1	168	
195	9	23	225	108	170	168	0	236	177	147	242	148	26	212	75	166	181	127	209	1	241	3	192	148	184	122	128	12	1	33	32	
58	169	160	142	75	245	158	203	7	109	140	11	104	238	95	132	249	139	179	133	14	10	91	241	31	84	139	187	179	86	62	222	
120	129	204	229	9	70	105	57	163	136	174	1	24	55	65	82	104	20	121	220	9	9	211	64	203	188	135	4	10	162	98	186	
248	68	106	236	93	82	194	72	245	4	231	2	75	219	61	208	120	164	147	234	104	167	17	142	83	237	130	29	115	43	124	162	
50	1	68	237	76	130	232	72	139	1	224	130	133	139	52	64	234	141	43	193	8	39	70	213	148	176	138	60	53	9	115	128	
134	249	18	155	237	173	184	196	158	25	80	50	172	222	104	73	231	59	179	81	18	92	10	241	13	16	90	234	144	25	161	155	
50	65	85	237	78	139	232	77	15	1	225	194	7	139	52	64	234	169	43	137	72	175	70	213	149	176	154	56	53	8	241	136	
159	95	243	227	163	244	254	212	173	206	157	247	173	62	247	110	166	243	221	215	189	129	56	234	227	221	174	139	175	247	167	255	
235	94	121	65	226	116	127	150	121	79	188	181	25	31	151	124	111	219	223	142	253	30	116	226	118	221	182	130	79	213	166	255	
166	126	249	242	239	252	190	212	171	95	189	125	188	223	111	63	135	91	215	83	135	71	186	240	103	89	126	171	150	215	247	215	
239	215	253	242	239	124	126	150	233	95	149	253	159	93	222	63	199	211	223	71	247	102	234	227	247	91	116	191	14	215	182	119	
9	176	145	251	116	175	168	19	30	57	83	116	181	147	224	232	213	58	22	24	179	252	67	21	12	131	58	224	152	136	1	169	
155	4	105	225	166	63	127	151	61	102	94	186	159	63	146	61	55	159	221	175	185	212	101	230	230	223	190	128	166	220	145	113	
219	69	115	232	166	16	222	87	45	2	250	147	25	31	180	100	238	155	159	239	222	191	197	194	242	253	138	202	119	149	225	160	
230	252	114	242	237	164	158	230	137	90	185	185	44	255	125	19	143	83	223	115	242	39	138	227	187	92	15	254	150	247	163	211	
144	97	30	161	6	171	224	70	236	160	234	18	135	130	80	2	104	141	74	249	8	245	19	78	145	128	155	0	105	9	241	128	
221	19	229	231	165	94	95	185	113	254	151	126	219	125	218	175	151	212	253	127	249	116	235	130	202	219	229	212	238	255	220	115	
176	1	82	169	78	41	200	78	76	32	168	90	7	130	48	192	104	137	10	193	24	43	69	210	148	128	154	120	61	11	217	136	
134	205	112	227	228	32	254	231	169	3	185	147	141	43	60	67	239	211	31	207	120	47	76	226	182	220	142	130	133	211	227	132	
144	97	86	129	78	42	224	70	236	0	235	18	132	130	32	75	106	133	106	195	0	167	19	64	148	160	138	8	37	25	233	136	
4	187	157	197	44	15	97	59	46	172	190	108	151	49	193	18	2	4	110	120	80	41	67	16	139	141	37	20	192	168	65	41	
208	226	249	101	60	74	193	57	106	172	176	104	151	17	192	16	58	20	108	24	64	45	193	26	153	205	33	124	65	128	71	169	
25	141	238	231	214	50	239	183	117	99	126	18	89	43	180	109	123	198	55	234	248	248	37	238	126	239	246	196	167	248	240	232	
224	75	87	140	76	169	232	71	174	33	234	90	164	130	32	208	104	175	42	129	0	191	195	113	148	160	218	8	21	8	241	136	
215	205	245	242	182	32	254	166	185	18	185	179	109	127	157	39	175	211	95	231	246	103	12	235	250	222	78	130	167	247	161	15	
73	64	156	191	108	8	169	0	174	49	103	80	221	35	144	203	66	100	106	206	0	220	203	97	68	163	250	64	158	131	137	160	
125	244	181	55	45	124	87	152	235	254	173	13	255	117	75	251	145	78	253	38	205	97	250	49	195	251	117	63	66	127	222	83	
197	73	83	130	228	168	238	128	172	16	251	74	157	131	209	216	226	237	106	219	17	54	128	96	180	40	170	8	4	19	161	160	
125	209	156	45	172	79	85	185	234	124	174	44	87	113	11	90	145	70	108	106	89	1	211	17	227	167	101	53	216	251	202	67	
253	23	245	103	175	58	223	56	105	238	183	230	219	125	159	175	158	213	253	111	249	244	109	136	238	251	103	148	239	247	95	115	
26	253	114	254	243	212	126	247	175	12	254	33	46	159	36	16	174	251	223	192	90	139	178	253	251	247	30	203	114	6	167	219	
178	101	88	235	204	169	238	78	111	33	169	26	135	138	84	80	106	143	107	195	90	61	219	115	181	180	154	112	53	91	211	138	
215	77	227	246	180	32	94	246	185	2	153	243	255	127	189	107	239	243	95	239	252	7	12	234	242	222	206	146	167	243	162	15	
166	77	115	234	188	168	222	198	93	3	249	147	135	171	61	112	223	219	31	207	122	54	204	242	167	252	142	58	212	219	208	132	
242	101	83	234	222	171	238	78	237	0	235	90	135	138	52	80	106	175	74	235	90	171	69	254	180	188	138	8	101	91	243	128	
57	169	97	69	85	223	225	102	125	65	238	10	179	24	20	180	120	142	82	72	27	184	117	207	39	236	0	64	99	136	210	172	
134	233	22	155	236	173	188	196	142	25	88	16	172	218	120	73	239	59	51	83	82	16	10	241	36	16	158	234	148	90	161	137	
176	65	92	139	78	137	226	77	140	32	233	90	134	130	48	64	104	137	106	203	72	167	81	81	180	160	138	112	49	10	209	128	
8	138	80	155	116	169	169	7	62	17	99	208	189	130	144	200	35	15	34	28	19	152	77	113	12	165	58	96	148	136	137	160	
176	97	94	141	78	11	238	108	172	160	235	66	132	130	48	3	104	133	106	235	72	179	87	93	180	128	139	16	45	59	249	128	
125	169	152	36	13	74	64	185	98	192	172	0	23	51	67	146	208	68	104	120	93	11	211	0	219	237	5	29	202	34	106	138	
1	161	92	155	116	169	232	71	110	49	99	144	173	2	144	201	98	11	10	153	19	248	199	117	132	160	58	96	92	8	169	136	
103	54	156	88	235	121	84	223	207	255	180	60	10	160	199	159	129	130	238	24	150	79	106	208	26	83	117	255	219	124	206	87	
111	246	228	66	237	116	88	222	75	255	188	174	8	94	223	190	207	210	247	156	151	70	255	225	31	95	213	255	207	215	238	125	
134	253	178	154	237	133	188	207	143	26	24	43	172	254	109	3	239	91	151	211	210	107	154	241	61	24	79	174	84	94	161	155	
226	189	112	196	252	5	254	239	201	170	184	170	172	238	117	18	239	243	95	227	224	43	136	239	62	28	143	186	21	254	243	137	
208	67	86	140	14	9	238	76	172	164	163	66	135	130	101	202	106	229	106	235	72	39	199	80	148	160	139	24	61	59	97	0	
9	194	144	251	101	189	105	16	94	57	87	116	189	211	232	237	87	42	150	28	147	252	75	177	132	219	50	224	154	141	9	161	
94	137	236	243	135	26	124	167	121	51	70	130	159	57	18	105	35	215	157	221	24	248	45	224	255	255	222	69	167	215	223	40	
47	172	240	251	237	57	126	165	125	51	180	139	223	47	29	61	175	211	95	223	120	106	93	234	239	223	86	57	247	221	203	168	
226	253	180	206	239	85	190	239	139	254	152	47	44	252	119	35	237	243	215	227	226	107	250	251	63	16	207	191	85	126	183	223	
70	134	219	252	116	0	232	171	185	2	176	194	252	107	61	195	255	209	31	185	112	39	128	202	188	190	207	12	132	232	113	32	
73	127	53	117	176	186	125	183	109	254	30	228	159	55	131	251	135	119	252	28	197	216	229	44	238	251	119	128	142	244	7	123	
26	157	114	238	123	196	62	99	175	12	252	33	46	191	36	80	238	187	223	192	74	139	18	253	179	245	10	139	83	6	167	219	
79	246	244	229	175	122	94	186	107	254	158	237	206	125	218	191	55	213	253	107	221	100	239	224	206	251	101	247	238	245	222	117	
45	33	34	8	93	223	194	64	199	73	253	8	2	216	62	180	216	168	82	125	31	163	114	158	19	92	128	123	219	15	122	198	
172	87	9	139	205	105	231	214	12	110	255	94	158	2	43	192	104	202	206	226	121	55	125	114	181	1	170	49	57	91	221	249	
1	177	115	77	98	92	165	121	104	72	113	72	250	214	140	183	54	92	116	106	193	242	182	65	21	168	98	10	73	34	99	181	
223	94	244	229	167	90	223	186	121	254	182	239	207	45	215	175	39	213	253	239	253	244	229	202	206	251	103	151	239	245	79	85	
112	19	19	164	197	74	84	119	113	175	243	111	2	56	164	217	248	197	206	226	157	251	129	204	176	246	246	151	169	91	252	31	
125	89	249	5	210	94	63	154	32	228	110	135	95	39	195	54	54	196	176	126	133	144	181	8	127	237	5	4	239	245	7	116	
97	191	216	64	236	249	81	87	75	237	60	44	2	168	198	48	137	174	230	24	150	58	226	18	30	29	53	239	193	74	222	79	
141	143	30	185	236	169	236	227	238	19	120	144	188	234	249	194	235	35	58	153	115	33	2	243	44	24	142	72	156	216	41	128	
236	79	83	131	196	224	239	198	232	6	234	94	253	98	105	218	107	235	202	250	113	55	212	98	52	164	142	9	141	91	235	128	
130	253	178	158	237	133	190	239	143	26	24	59	172	254	124	3	239	91	151	35	242	75	10	243	61	16	223	174	148	124	161	155	
111	182	224	66	239	112	126	217	75	254	61	239	72	236	222	190	255	196	246	190	213	114	174	192	30	95	213	239	239	247	254	119	
102	187	248	0	232	253	149	215	75	237	60	173	8	172	198	56	159	11	166	20	150	58	238	80	94	29	53	255	221	94	206	223	
133	60	191	87	116	190	178	210	252	217	126	100	190	184	213	191	166	127	86	88	167	240	179	104	15	217	50	130	202	193	107	189	
236	207	90	187	196	233	239	135	172	23	106	150	173	227	122	192	107	107	162	203	115	184	214	243	36	161	158	73	156	91	249	136	
56	205	98	234	84	130	234	244	69	0	254	2	107	11	188	80	122	204	23	250	200	187	13	237	250	237	166	196	103	155	112	136	
62	205	238	231	150	18	110	245	117	113	254	2	121	43	188	99	111	199	55	251	248	248	45	236	126	239	246	196	167	223	240	168	
98	141	112	132	252	41	254	239	201	170	184	10	172	42	52	2	239	243	95	161	240	43	192	239	60	30	143	186	85	104	243	137	
54	140	90	243	134	9	239	232	93	34	177	10	71	106	61	1	123	203	14	171	120	35	25	254	185	158	207	116	253	122	233	128	
116	47	27	139	223	239	231	238	125	14	248	78	6	98	29	212	121	203	78	235	123	163	89	126	181	164	174	153	249	91	255	164	
140	111	94	187	196	232	239	198	236	22	122	22	189	227	17	202	107	107	202	203	115	184	212	98	228	161	174	1	205	91	239	128	
212	79	94	146	206	96	239	198	172	22	187	22	140	34	105	203	107	195	78	195	121	103	27	98	180	128	254	9	173	91	237	136	
141	109	216	147	205	232	239	134	238	23	12	18	157	195	91	202	107	67	106	26	115	116	222	98	228	1	30	97	156	91	137	160	
205	77	92	185	237	232	237	151	238	54	174	8	221	194	219	222	99	102	234	30	83	33	247	243	244	161	238	25	150	208	137	40	
212	79	91	134	206	104	239	228	44	166	250	94	206	34	127	210	123	207	78	235	105	55	221	106	180	164	174	57	45	123	237	0	
141	239	76	155	213	249	231	135	238	85	111	148	189	130	138	205	99	74	234	218	23	184	127	245	228	161	26	97	222	95	173	208	
140	109	30	163	143	251	231	148	236	117	159	22	221	3	2	202	106	230	234	218	81	253	127	102	228	131	102	1	42	95	173	208	
206	157	244	246	180	178	222	191	219	218	52	179	237	255	253	41	151	247	181	183	242	108	46	255	170	223	223	206	183	252	209	93	
