香奈儿炫亮魅力印记唇釉	146 - 诱惑	https://i.chanel.cn/fnbv3/image/full/shades/rouge-allure-ink--146--6ml.0165146_S.jpg	https://i.chanel.cn/fnbv3/image/full/chanel__com_type1/skus_full/rouge-allure-ink--146--6ml.3145891651461.jpg
6	173	214	143	254	139	238	232	63	160	250	10	236	234	61	64	123	239	127	163	64	243	203	255	188	190	143	188	149	122	97	136	
86	172	214	159	252	139	238	232	191	178	250	18	236	234	60	67	123	239	127	163	40	243	203	255	188	190	207	156	165	122	241	128	
118	172	214	159	252	131	238	232	191	178	242	2	236	234	125	67	123	239	127	163	106	243	203	255	188	190	223	188	181	120	113	136	
0	4	130	137	196	43	168	67	30	3	91	18	140	170	32	72	123	11	2	144	18	188	65	194	4	54	154	64	149	74	177	128	
134	141	134	157	212	162	174	99	62	163	219	18	72	234	48	73	123	239	63	145	48	249	9	222	60	38	223	196	133	104	177	128	
6	132	144	155	228	169	184	67	62	27	113	18	140	136	120	72	255	11	51	145	18	180	67	210	4	22	90	224	213	73	161	129	
134	13	194	144	212	162	174	99	180	131	91	18	104	234	49	72	121	107	51	147	48	249	0	238	60	38	159	192	197	105	241	128	
2	164	178	129	214	160	170	71	30	1	91	2	140	138	120	72	123	11	19	145	146	152	1	194	12	20	158	196	133	74	177	136	
6	180	176	211	228	172	184	71	90	11	89	34	140	252	124	72	255	27	179	145	146	56	138	195	12	28	158	238	149	78	177	129	
246	80	112	226	100	8	94	240	57	26	177	186	143	31	29	27	254	209	23	227	232	38	64	200	150	218	198	150	103	189	98	1	
2	176	244	255	238	137	184	255	191	17	114	179	172	255	76	67	231	27	255	17	178	120	195	241	158	250	94	202	150	140	161	153	
2	180	244	251	242	171	188	239	63	115	83	179	204	254	124	65	119	31	183	149	178	216	15	215	44	62	223	198	148	68	161	209	
134	45	226	211	214	162	172	67	61	131	91	18	76	234	52	72	127	175	19	145	176	251	14	206	62	46	159	192	133	100	161	129	
2	132	130	129	212	163	168	67	30	3	91	18	140	138	56	72	123	9	19	145	50	180	0	214	12	6	154	196	149	8	177	128	
3	180	246	147	246	187	188	231	191	115	83	183	204	254	254	105	183	31	183	149	182	216	47	215	62	30	95	230	133	140	129	213	
38	13	194	158	212	162	238	67	21	131	219	18	104	234	53	64	121	239	19	145	48	179	0	202	60	46	138	136	149	106	240	128	
10	178	116	251	237	213	184	223	159	93	212	191	172	223	238	100	207	27	255	129	150	107	226	209	206	115	186	251	22	140	133	223	
134	128	130	153	86	163	168	67	62	33	83	18	140	138	120	72	123	9	19	145	50	148	0	215	12	6	154	196	149	8	177	128	
98	176	160	144	207	241	176	207	11	119	124	139	44	188	94	8	153	91	179	145	22	58	250	241	31	22	223	111	215	78	215	222	
25	87	107	197	118	22	239	120	116	204	222	230	89	109	183	96	126	236	23	238	201	179	37	206	118	237	167	128	47	178	112	241	
36	13	194	142	212	163	166	73	20	2	249	2	96	232	49	64	120	170	2	163	16	179	10	223	48	38	131	8	213	107	240	128	
3	182	226	145	242	179	184	255	63	117	94	183	12	174	254	44	63	31	183	149	183	216	165	215	62	30	159	230	167	196	167	221	
131	176	240	147	230	185	184	75	30	115	81	183	172	156	222	40	191	27	147	149	150	124	166	243	14	30	26	226	213	76	151	215	
19	23	107	205	118	18	239	120	116	72	94	230	81	38	182	100	126	237	23	239	201	144	37	206	116	44	170	128	45	162	113	245	
10	178	116	153	239	249	176	223	159	125	20	191	172	156	238	132	167	27	247	21	151	107	106	241	30	81	62	255	222	12	157	223	
34	185	224	8	213	209	178	207	75	69	108	141	40	140	118	180	216	171	130	84	151	58	246	245	63	28	132	107	215	14	254	222	
107	233	82	74	85	149	114	228	67	5	108	14	40	208	246	180	88	232	130	92	199	58	252	245	62	93	133	107	123	158	122	140	
83	157	43	174	62	197	95	224	207	76	216	175	247	254	38	112	254	251	61	199	206	11	190	255	241	244	139	187	52	46	53	87	
82	159	198	190	187	162	92	167	165	25	138	237	111	111	34	95	231	231	253	164	60	203	9	253	186	246	213	211	186	230	168	91	
114	155	222	78	235	178	92	191	161	29	174	173	106	103	4	86	102	247	237	224	24	11	11	237	123	254	69	211	171	230	238	27	
216	159	250	78	187	248	87	151	231	13	174	48	106	247	134	244	55	246	236	152	186	41	169	243	123	253	5	83	227	194	236	109	
145	188	83	90	243	255	70	247	117	75	108	120	59	242	134	245	51	170	148	56	191	254	60	63	186	255	20	99	250	192	234	109	
136	174	142	187	240	171	184	215	50	27	120	245	181	227	2	25	183	43	23	157	54	222	128	63	236	199	62	225	136	192	171	201	
32	191	91	110	114	199	126	242	49	72	124	237	49	247	32	16	126	250	151	234	227	186	16	127	119	173	32	168	123	130	110	187	
89	48	94	36	98	79	113	88	59	104	102	41	94	151	2	16	178	204	118	8	4	112	144	64	215	169	33	35	106	128	78	83	
90	50	83	160	106	208	56	88	169	0	226	235	12	199	160	212	38	189	239	128	4	83	134	192	22	225	11	139	34	132	47	135	
19	32	119	65	66	91	168	72	127	96	114	194	89	158	148	164	58	157	242	140	129	240	37	208	21	232	3	130	101	0	99	164	
80	34	95	105	42	64	56	24	166	8	242	225	209	199	128	80	102	149	237	128	8	195	195	80	210	161	171	137	32	128	37	49	
106	50	204	36	32	24	88	16	33	12	182	173	79	35	130	22	6	197	237	140	12	64	209	192	194	251	96	145	106	164	10	19	
88	50	243	36	34	90	16	8	126	224	162	233	95	190	192	240	182	213	237	129	12	81	133	64	211	227	107	131	36	32	39	19	
35	34	97	85	104	157	233	24	235	184	52	200	178	196	212	182	13	252	230	12	131	114	238	81	7	24	5	60	83	136	70	244	
51	4	165	69	29	31	171	96	126	160	226	70	195	40	148	167	220	212	122	173	173	241	117	142	37	94	195	18	75	44	80	164	
96	187	250	70	238	120	182	231	202	173	184	42	114	248	84	50	186	118	104	65	148	43	174	35	127	28	37	59	197	122	214	175	
241	173	107	54	244	239	219	167	82	237	120	27	51	252	86	49	153	238	21	125	255	250	252	63	251	237	173	248	101	72	210	94	
36	59	221	86	238	41	180	231	202	186	56	105	50	233	69	26	175	127	98	3	80	114	138	96	92	142	117	42	201	122	195	139	
120	222	223	127	160	47	84	183	53	62	122	237	119	99	33	91	213	246	44	38	104	216	75	61	226	227	117	128	176	248	200	27	
212	166	249	228	226	91	86	248	91	174	62	234	87	117	192	50	51	212	100	34	100	112	173	10	254	199	101	183	224	250	7	35	
227	127	143	150	234	0	47	231	168	218	136	252	52	226	65	19	166	231	116	199	97	71	134	98	180	32	239	168	8	112	163	89	
221	233	187	98	144	212	75	152	98	232	174	8	243	243	209	112	50	126	124	218	91	11	173	42	249	237	167	252	0	163	35	104	
108	170	128	246	237	13	78	144	51	179	36	24	71	163	81	30	17	238	97	26	40	90	200	162	94	158	213	61	162	248	218	10	
149	164	158	163	150	43	182	136	122	179	10	250	215	56	73	171	179	79	88	51	53	241	141	46	172	70	15	119	172	115	155	132	
251	151	109	118	184	95	93	189	187	125	183	252	91	125	158	183	55	151	253	175	251	77	253	31	250	251	101	244	111	134	198	113	
233	214	28	127	41	95	85	189	213	94	167	61	247	85	138	245	213	146	236	38	127	69	123	63	227	243	116	87	90	158	140	119	
100	211	221	103	178	11	87	184	2	189	63	236	215	103	137	82	23	84	108	114	217	80	105	60	236	134	101	212	248	251	132	49	
121	156	148	92	137	124	84	175	203	178	164	24	106	240	103	255	129	214	232	0	124	111	242	144	155	251	85	63	218	124	202	14	
245	22	29	38	168	111	71	57	0	254	165	124	215	117	139	27	156	196	108	38	249	231	249	14	241	163	97	52	104	251	134	113	
53	5	61	46	156	103	79	120	68	34	169	8	211	81	25	33	88	128	93	235	40	35	93	28	241	136	35	60	113	243	38	96	
60	37	162	3	213	127	230	77	113	165	47	27	74	40	94	158	57	206	192	49	28	248	181	98	63	70	21	71	227	95	222	198	
96	52	189	117	237	110	209	15	83	251	243	56	146	61	68	59	137	159	101	1	57	254	241	2	71	255	80	115	193	73	214	179	
93	237	210	65	211	22	110	206	123	179	46	18	13	162	76	254	51	207	112	248	118	217	181	66	59	239	7	68	163	240	171	4	
103	184	221	86	233	156	96	135	251	177	38	88	82	182	197	254	197	86	232	24	23	122	250	241	15	26	85	126	130	224	202	44	
93	98	158	100	160	56	76	144	96	134	166	28	215	35	83	90	33	196	108	30	28	69	165	0	218	235	101	1	160	241	74	64	
91	237	209	193	210	22	60	191	59	176	46	130	29	55	69	182	39	223	249	156	99	88	153	98	191	207	31	100	43	240	131	56	
74	125	163	182	145	205	63	180	187	228	11	141	253	239	90	18	134	127	249	199	192	216	186	255	237	118	158	48	10	150	135	122	
87	245	26	56	155	148	30	232	190	85	137	5	220	254	106	112	247	201	249	247	215	3	190	119	187	103	15	127	56	119	171	86	
99	132	199	92	81	150	106	232	53	192	234	64	96	230	36	244	89	252	162	172	9	147	187	207	63	190	197	10	75	234	104	180	
20	168	159	178	234	201	177	200	238	148	160	42	117	254	106	50	163	123	106	17	6	107	174	49	217	131	103	123	113	0	7	195	
70	162	46	126	136	144	152	200	166	156	192	193	225	206	116	194	205	115	233	145	142	67	202	49	154	177	175	153	20	0	47	82	
64	48	185	100	32	77	17	16	32	232	38	108	23	55	64	18	6	85	101	0	1	64	176	0	195	129	101	48	72	224	6	51	
31	111	34	54	213	140	238	248	245	136	235	79	107	232	63	144	184	233	66	239	204	177	30	238	51	110	5	0	107	55	106	134	
5	173	58	58	253	221	179	254	255	73	108	0	252	222	102	48	149	107	18	28	182	43	58	119	107	223	23	107	210	6	235	207	
25	39	34	167	117	155	242	80	119	44	222	175	106	201	178	0	248	236	135	77	142	179	140	239	254	69	167	161	103	14	122	195	
112	184	90	122	74	201	16	200	227	144	176	170	38	221	100	50	171	243	238	128	14	107	202	113	154	128	21	59	117	8	46	10	
98	34	68	188	104	132	73	24	171	188	164	237	230	195	86	214	204	229	237	5	138	66	202	209	148	48	139	186	28	4	90	19	
3	0	119	69	18	74	169	24	62	228	114	194	217	38	148	36	54	85	122	172	161	241	45	78	5	46	75	128	71	160	33	245	
35	32	30	76	41	223	152	72	222	96	176	72	210	216	54	164	216	105	122	5	133	99	214	208	19	26	67	59	89	12	107	132	
105	56	56	26	45	157	144	72	207	216	164	12	190	216	118	166	137	98	250	5	135	107	218	113	153	25	5	59	90	12	11	7	
9	253	112	77	248	29	148	190	127	48	60	108	190	56	199	180	151	75	70	104	231	104	99	95	46	223	37	62	90	248	75	141	
40	127	81	95	250	219	150	182	95	232	60	104	190	53	133	180	134	127	198	64	225	40	121	127	39	215	53	186	90	91	131	191	
44	95	115	94	240	201	55	244	189	12	127	233	238	247	169	20	158	122	199	66	98	176	106	47	102	247	36	155	66	219	70	251	
29	79	106	86	214	158	255	248	253	164	127	199	75	233	191	64	54	236	6	111	228	177	44	238	119	111	37	5	103	191	93	225	
43	141	43	158	116	143	239	254	223	76	92	5	250	205	190	64	213	106	23	111	227	169	62	255	102	127	39	136	30	142	208	248	
188	64	106	236	84	19	234	120	85	0	245	2	91	201	177	97	120	168	23	234	200	183	36	156	114	233	162	128	119	171	112	128	
6	121	22	154	236	133	188	198	142	25	80	34	172	222	33	73	238	59	59	211	82	25	130	241	4	48	154	202	148	25	161	129	
181	64	111	204	4	2	235	112	212	194	215	66	113	193	189	101	120	164	30	239	233	167	36	140	80	40	227	128	53	187	112	228	
159	76	71	174	6	146	234	112	229	194	211	199	81	206	181	225	126	228	31	239	237	151	36	204	144	106	235	128	45	191	112	212	
239	107	102	94	111	16	254	96	201	204	244	175	106	232	183	183	254	228	246	231	236	99	238	232	54	121	197	187	79	190	122	197	
130	249	178	154	239	197	188	198	158	89	80	35	172	222	101	9	239	123	179	209	194	90	26	241	21	16	222	235	144	29	165	219	
2	248	150	155	124	173	184	198	190	25	80	48	172	154	96	72	231	59	59	17	18	92	2	245	4	18	218	234	144	9	161	137	
216	89	127	252	38	194	119	118	228	194	214	226	49	183	161	113	98	244	60	202	105	157	36	44	242	235	226	129	37	177	100	41	
235	81	119	236	109	86	79	56	225	200	246	78	74	119	164	247	126	244	254	238	233	163	243	204	115	250	69	154	59	190	96	113	
183	64	103	140	4	2	235	112	244	194	211	198	81	204	189	101	126	228	62	239	233	183	36	204	144	42	235	128	45	191	112	116	
43	143	106	158	255	145	190	230	223	76	92	167	104	232	182	196	254	235	135	199	214	186	46	255	62	95	175	235	119	142	252	205	
42	143	106	158	255	211	191	230	223	76	92	167	104	236	182	196	126	235	151	199	198	187	46	255	62	127	174	203	119	142	252	205	
162	249	178	154	207	197	188	206	158	94	80	59	172	222	111	9	239	123	179	211	70	95	154	241	63	16	223	171	149	93	183	223	
58	188	59	250	117	205	187	200	31	76	124	11	61	223	98	16	255	187	151	129	6	186	122	191	255	213	11	43	81	10	103	251	
18	189	59	235	52	207	219	248	63	76	252	3	255	223	32	32	255	187	23	33	11	169	120	191	233	213	11	51	113	10	39	243	
162	235	226	30	207	209	190	204	219	246	116	171	40	204	119	15	234	107	243	199	198	111	174	241	54	24	223	171	87	125	255	206	
0	8	6	153	4	129	40	66	62	1	82	18	44	194	32	73	104	41	34	144	2	252	2	241	4	34	218	64	148	8	33	136	
130	168	130	155	84	169	170	194	30	3	80	18	172	202	96	72	121	43	2	144	34	190	74	243	12	6	154	224	149	8	49	136	
48	132	66	132	84	130	234	231	181	33	218	2	72	170	56	64	123	173	31	161	40	179	0	207	184	38	138	68	5	10	112	136	
208	16	60	123	8	77	85	60	228	26	165	24	215	87	8	59	132	16	108	106	105	101	123	5	195	235	112	20	64	128	66	35	
2	73	66	158	76	129	170	96	14	0	88	2	168	202	53	65	106	169	51	195	66	58	138	253	52	8	202	168	21	43	113	136	
32	4	2	137	84	163	162	67	20	1	248	2	0	128	32	64	120	40	2	160	16	187	0	222	52	4	130	72	85	10	96	136	
6	164	130	137	212	162	170	67	30	1	89	2	140	138	56	64	123	11	19	145	18	186	0	194	28	4	154	196	149	74	177	128	
2	176	244	223	250	137	184	239	63	17	114	178	172	238	124	64	231	27	255	129	146	248	195	209	142	58	94	202	20	132	161	153	
6	180	240	211	228	160	184	75	91	203	89	163	140	254	92	8	255	27	183	149	146	58	206	194	14	28	159	238	133	79	243	209	
6	48	240	210	237	44	184	75	75	251	121	59	140	190	125	10	159	27	183	17	146	118	138	194	15	30	219	238	212	111	67	211	
2	132	130	129	148	163	170	67	62	3	91	18	12	202	56	64	123	41	19	145	50	148	0	214	12	6	154	196	149	10	177	128	
57	85	106	237	118	19	127	120	85	64	254	166	91	125	182	224	126	252	151	238	205	179	37	142	242	237	163	128	119	190	112	241	
2	180	246	153	246	155	184	239	191	113	82	183	204	190	126	105	183	27	183	149	178	216	46	215	30	30	223	230	148	140	165	221	
38	5	226	154	212	162	174	71	20	131	219	18	72	234	52	64	121	171	19	145	176	187	0	206	60	46	143	192	149	106	241	128	
10	178	116	251	111	213	184	223	159	93	84	183	172	223	174	100	207	27	255	129	150	75	226	241	30	122	154	235	22	140	133	223	
2	178	116	153	238	217	184	223	159	125	84	183	172	190	254	64	231	27	191	21	150	88	162	213	30	82	30	239	22	12	133	223	
19	164	226	145	214	179	184	231	63	99	90	147	76	238	254	32	127	155	151	149	182	216	44	215	62	14	159	198	133	196	177	213	
130	128	130	153	20	163	168	65	62	35	83	18	140	138	56	72	123	9	19	145	50	148	1	210	12	38	154	196	148	8	177	128	
7	180	224	147	246	177	186	203	27	99	89	183	140	140	222	40	191	27	147	149	150	60	174	211	14	28	155	238	213	205	151	213	
25	87	107	205	118	18	255	112	116	76	254	230	89	61	178	96	126	220	23	238	201	176	37	206	118	237	162	128	47	186	112	241	
27	87	107	205	118	18	239	120	116	200	222	230	81	38	183	100	126	204	23	239	201	145	37	206	118	45	174	128	45	178	112	241	
3	180	226	145	214	147	184	255	63	117	94	183	12	174	254	36	63	27	151	149	182	216	164	247	62	30	159	230	167	132	183	221	
39	182	224	74	241	253	186	91	27	109	125	173	8	236	254	60	159	27	151	21	151	58	238	211	14	28	25	239	223	206	207	215	
11	186	112	153	250	217	184	223	31	117	84	191	44	140	246	164	175	27	183	149	151	120	38	243	30	86	30	235	95	140	143	223	
35	183	224	74	241	253	178	91	75	109	125	175	8	252	238	180	221	10	130	20	151	58	252	211	30	28	17	239	219	78	222	215	
48	189	107	174	118	197	91	242	23	72	120	203	55	255	32	80	254	251	23	199	43	154	24	63	247	229	160	168	52	10	54	251	
208	190	250	90	178	248	86	135	127	15	238	56	35	245	228	117	119	254	132	144	190	254	164	127	187	239	52	75	241	192	230	47	
161	188	255	122	242	251	113	247	115	91	100	48	51	252	166	121	243	186	22	24	191	254	44	63	127	235	116	97	241	192	238	237	
19	157	30	187	178	175	29	183	60	95	74	84	247	114	2	105	183	107	28	165	252	216	25	61	168	210	127	194	184	80	161	77	
161	189	91	127	112	199	238	246	52	72	124	64	48	247	36	48	126	250	19	238	99	154	24	127	103	172	160	160	121	130	98	153	
72	56	122	80	98	202	112	82	59	32	118	41	28	147	128	48	34	189	119	0	0	210	128	80	86	41	33	163	107	128	103	131	
33	40	115	65	107	29	225	82	235	40	116	8	24	213	148	180	164	28	82	12	128	113	178	80	23	24	1	42	67	136	67	165	
18	50	87	33	2	30	184	64	60	36	226	231	77	142	132	144	182	29	238	128	133	209	129	64	150	227	43	130	97	128	39	149	
88	18	76	229	32	6	73	16	52	36	230	197	199	7	0	80	86	149	109	140	136	208	81	12	196	227	171	128	32	128	36	112	
19	0	37	101	45	31	200	0	69	104	242	68	195	8	148	166	200	196	124	13	141	241	117	140	129	250	138	16	73	12	80	84	
99	50	200	132	96	8	88	16	41	72	178	237	71	11	134	18	134	197	125	132	140	64	193	64	198	184	160	144	8	128	74	83	
33	32	126	60	76	209	176	72	230	208	160	2	241	216	118	34	201	233	122	129	14	99	206	81	24	105	139	59	93	0	123	134	
41	141	239	47	244	111	231	183	228	79	250	133	115	125	18	0	185	102	83	47	245	184	125	63	101	47	101	144	109	250	210	218	
184	255	219	103	190	9	167	245	202	168	184	110	183	233	68	2	190	127	76	67	89	41	136	34	232	133	37	56	77	58	199	139	
56	172	43	166	244	235	199	247	64	234	88	107	183	89	16	33	153	238	85	43	248	190	204	47	241	207	45	176	101	122	214	171	
93	89	158	190	162	46	23	188	168	220	174	13	247	114	11	90	167	247	108	102	141	195	57	40	240	231	101	16	168	115	131	123	
29	126	239	115	178	187	111	222	54	235	142	228	223	199	211	57	55	110	93	190	171	208	45	40	234	199	39	180	170	241	35	121	
68	166	243	84	210	11	55	232	115	162	98	234	86	225	64	51	51	252	98	48	32	242	142	78	124	38	69	46	229	224	102	160	
157	251	29	51	186	223	83	248	134	252	182	236	223	103	171	175	39	80	204	126	57	225	105	60	234	195	101	116	250	187	1	113	
101	166	210	182	246	138	102	192	59	162	98	77	70	227	73	16	51	108	0	60	36	210	136	42	60	132	5	102	168	248	82	128	
223	183	109	114	184	95	91	185	249	126	183	252	91	93	158	179	39	215	253	254	249	69	125	119	250	251	101	244	46	133	198	113	
101	81	213	101	168	47	87	184	2	232	58	237	215	53	137	58	22	84	124	110	137	240	89	28	228	174	101	148	232	251	2	113	
124	112	189	112	137	125	85	143	227	247	166	25	147	253	75	27	129	210	233	16	30	101	243	0	203	211	85	61	192	124	214	90	
244	210	213	101	56	14	83	184	34	248	163	236	215	119	201	83	22	84	108	110	233	100	217	28	200	170	101	52	104	163	66	49	
228	64	157	251	140	13	69	156	68	51	163	24	215	83	89	91	193	196	105	122	104	100	91	32	193	235	212	20	208	89	192	2	
236	20	148	92	105	116	85	155	83	95	237	53	226	242	15	255	209	198	236	32	46	102	251	3	199	255	84	31	210	116	108	95	
110	61	162	30	233	124	151	194	177	206	252	61	230	252	71	158	221	122	229	71	188	227	242	42	67	127	80	27	194	125	94	215	
236	180	172	115	249	109	115	154	119	127	173	29	211	113	75	25	145	202	236	60	186	100	219	51	207	223	69	125	218	125	74	114	
105	48	156	245	237	47	209	27	91	187	246	24	150	185	64	42	143	31	124	25	56	254	211	2	197	223	81	126	202	73	138	163	
89	173	146	64	209	86	108	71	115	159	238	16	8	34	71	254	233	238	96	152	124	251	179	66	59	255	151	77	195	64	238	142	
78	237	131	246	213	196	110	167	179	25	79	16	188	247	88	150	129	251	121	207	123	217	154	231	239	127	158	104	2	86	146	42	
75	253	169	186	249	229	93	206	63	93	136	5	188	167	115	88	129	75	123	221	54	75	155	243	249	87	158	236	146	84	179	218	
97	168	215	87	123	156	160	200	250	176	32	8	116	242	204	178	179	126	98	24	35	81	186	113	15	42	69	38	65	32	67	164	
116	96	232	36	128	108	69	144	96	198	166	13	211	35	67	90	65	196	104	28	12	64	245	0	219	169	69	1	224	241	78	82	
156	229	98	1	213	95	230	238	115	125	46	31	11	168	94	132	57	206	194	125	118	249	189	215	63	71	5	101	227	92	222	198	
105	168	144	122	73	149	90	200	223	17	228	8	170	200	126	240	201	235	234	28	142	43	222	179	15	253	20	121	90	14	106	14	
24	34	183	188	42	203	33	72	215	176	226	170	223	229	160	132	51	249	238	1	0	241	15	29	216	130	69	48	118	168	37	35	
168	229	106	124	253	65	214	239	241	20	236	13	99	233	63	16	217	202	195	108	110	99	210	39	123	255	133	29	74	252	254	154	
8	172	59	120	253	205	243	239	255	93	108	1	190	221	118	32	129	43	19	25	22	104	58	119	111	95	23	105	210	0	199	234	
58	175	98	170	87	147	242	192	183	132	204	143	111	201	50	196	122	234	131	77	14	179	140	255	250	85	5	11	103	142	118	198	
98	34	76	157	74	141	56	72	170	164	100	143	68	194	70	18	238	237	99	4	2	83	218	81	84	33	139	57	28	128	91	144	
75	32	7	76	9	82	168	72	246	192	178	192	217	222	148	228	248	213	122	137	141	227	239	192	21	122	139	8	67	4	97	36	
50	34	71	229	2	23	168	80	54	164	242	197	73	175	4	144	254	221	230	132	12	211	1	76	146	226	227	129	65	128	39	144	
33	48	20	40	45	79	144	72	206	104	176	72	222	216	22	32	136	9	106	1	141	99	223	144	145	88	11	58	88	12	75	134	
82	34	14	169	8	6	88	72	182	36	194	133	195	206	50	64	220	133	105	133	140	195	211	16	209	225	139	25	0	0	60	82	
105	162	40	58	45	157	80	140	203	117	44	13	167	72	90	146	129	66	204	13	14	104	250	49	139	217	21	125	80	142	222	74	
141	125	80	95	122	159	150	176	223	162	109	232	252	254	133	180	6	127	210	66	229	60	124	126	38	223	5	50	90	187	11	173	
174	127	83	94	114	221	62	240	157	130	111	236	255	247	173	180	150	123	211	98	225	181	58	63	39	247	5	18	90	155	15	185	
156	215	51	94	123	77	55	248	189	76	109	205	110	231	45	148	182	91	195	102	99	131	58	47	115	247	5	10	82	191	39	241	
11	141	35	216	116	207	239	238	223	72	92	5	255	237	52	100	208	106	19	77	131	169	58	255	99	127	131	8	18	142	113	248	
188	4	106	236	68	51	234	120	85	128	245	2	83	201	185	97	120	168	23	234	232	183	36	140	82	233	226	132	119	171	112	128	
134	253	22	155	236	133	190	198	142	26	88	34	172	222	97	75	239	123	59	211	66	11	10	241	36	16	206	234	20	89	161	139	
215	0	231	164	6	50	233	81	101	194	211	214	81	174	185	235	126	228	62	175	173	151	37	200	144	106	235	132	45	231	113	116	
107	31	118	78	125	158	78	120	205	72	254	78	106	127	180	245	126	230	254	238	237	163	62	253	51	120	129	154	127	190	120	53	
34	253	102	158	207	209	190	238	139	212	252	175	44	236	118	3	234	251	243	199	198	107	186	253	55	16	207	187	85	126	247	222	
223	18	206	164	6	34	106	81	32	226	215	247	89	239	187	91	126	229	61	174	185	213	141	200	210	235	235	132	173	231	41	17	
43	143	106	156	255	147	190	246	95	76	92	231	40	232	182	132	126	235	135	199	198	186	38	255	62	95	175	203	119	238	249	205	
42	143	106	156	126	147	186	230	223	76	92	167	41	236	182	196	126	235	151	197	134	187	38	255	126	127	175	139	119	140	125	205	
24	157	55	238	29	207	87	248	175	200	174	10	254	119	40	180	248	243	223	106	75	171	121	253	249	220	7	18	18	46	37	114	
128	168	130	155	68	137	170	198	22	3	80	18	168	202	96	72	121	42	2	144	34	188	11	243	12	6	146	96	149	9	49	136	
16	132	10	140	84	130	170	101	180	1	218	2	81	202	56	64	122	173	31	161	32	179	0	222	180	167	171	68	5	10	112	136	
236	176	61	103	40	77	85	57	112	58	181	24	215	83	72	59	149	212	108	42	233	100	251	0	193	219	97	60	64	163	194	35	
32	201	66	159	76	129	170	96	30	0	88	10	168	202	49	64	122	168	19	195	66	186	10	253	53	0	138	40	85	11	113	136	
6	36	130	137	212	163	170	75	22	1	89	2	8	138	56	64	121	10	19	145	18	186	1	194	44	4	154	196	149	75	177	128	
6	141	130	155	212	162	174	103	180	131	91	18	108	234	48	64	123	43	19	145	48	185	8	238	60	38	159	192	133	72	177	128	
2	176	214	159	242	136	184	239	191	17	82	178	236	190	44	64	247	31	63	129	18	216	139	213	28	58	222	194	20	0	161	153	
6	132	130	145	148	163	170	67	62	3	91	18	72	202	56	72	123	41	19	145	50	180	1	222	12	6	154	196	148	72	177	128	
57	69	106	237	118	18	127	120	85	64	254	130	91	109	182	96	126	252	151	238	201	179	37	142	114	237	162	128	119	190	112	241	
3	144	242	153	246	131	184	199	191	113	82	179	172	254	124	96	247	59	183	149	182	216	12	247	28	30	158	198	149	12	161	221	
38	141	194	158	212	163	174	103	20	129	91	2	104	234	52	64	121	234	19	177	48	186	8	238	56	46	143	192	149	106	240	128	
103	48	240	210	236	60	248	26	91	235	125	171	140	252	223	60	151	223	183	149	150	54	174	194	30	30	155	238	199	231	83	215	
7	160	224	147	230	177	184	202	30	99	81	147	140	140	126	40	63	27	147	149	150	180	172	211	12	30	155	230	213	77	51	213	
61	85	107	197	118	18	239	112	116	192	222	230	89	111	183	96	126	236	23	238	201	178	37	206	118	45	167	128	47	186	112	241	
2	186	114	153	238	217	184	207	159	117	80	183	172	158	254	64	239	27	183	133	150	88	38	245	30	18	30	227	21	140	165	223	
3	172	98	145	214	147	186	255	63	97	90	151	40	174	254	32	127	155	151	149	182	154	45	247	62	14	158	228	135	132	241	221	
167	114	224	19	102	185	184	202	91	239	117	191	136	204	223	168	159	25	179	149	135	118	238	210	14	30	95	239	223	205	15	213	
160	191	59	190	118	199	111	246	22	12	88	42	55	247	32	112	255	251	23	195	234	154	56	63	253	133	170	168	52	138	54	251	
120	159	91	46	242	160	175	183	40	10	250	237	113	239	4	80	183	127	101	226	115	43	136	47	120	237	47	248	73	82	227	153	
64	32	76	233	74	14	105	16	55	36	98	133	69	7	0	80	118	156	107	140	0	208	209	80	87	170	131	0	32	128	0	32	
93	217	190	182	170	78	31	188	236	218	142	44	255	114	11	115	39	119	125	235	237	201	63	61	240	239	111	145	168	115	169	27	
0	42	94	85	82	138	56	82	59	160	98	224	21	147	4	16	54	253	2	128	33	216	4	78	4	166	35	0	109	160	43	129	
17	32	31	37	82	11	40	64	54	160	98	194	87	38	128	48	54	221	110	133	45	208	133	76	148	162	107	0	105	160	35	48	
112	160	40	186	13	129	145	200	198	148	128	11	182	216	90	2	201	226	107	1	10	99	219	49	217	1	143	61	81	8	119	66	
96	4	125	69	44	75	193	32	108	168	178	104	214	56	132	35	138	68	126	41	169	225	101	12	4	186	99	146	68	40	81	33	
1	48	9	161	96	13	169	16	40	232	96	77	149	22	80	50	132	77	91	13	129	208	240	64	205	160	43	32	8	0	3	240	
185	221	127	47	172	78	87	183	244	218	186	49	119	125	17	99	42	230	125	107	248	237	15	46	233	235	101	16	101	248	212	107	
184	93	127	239	56	79	79	112	164	138	254	64	119	83	161	48	126	240	92	234	105	135	57	63	241	233	165	144	34	179	38	161	
156	127	31	182	46	11	135	252	180	170	182	124	255	65	193	3	46	244	76	106	105	101	137	46	240	193	37	48	106	185	129	57	
253	217	190	62	186	14	87	188	162	220	166	12	255	115	131	83	38	229	124	126	232	79	187	40	249	235	101	24	168	179	3	123	
220	112	95	102	40	14	87	248	225	172	166	76	83	83	1	83	50	244	77	106	104	199	153	44	243	233	101	16	42	179	102	51	
160	38	213	101	114	11	166	56	112	178	34	200	211	33	128	19	63	84	66	42	224	240	73	14	108	130	101	20	69	232	3	160	
223	62	109	114	170	159	95	184	189	246	135	184	91	127	223	63	39	213	253	254	249	69	47	126	250	219	101	212	166	181	70	113	
157	122	221	51	42	219	83	184	183	252	151	252	255	71	195	43	39	240	236	126	233	69	107	62	202	195	101	212	106	177	1	121	
100	168	158	18	201	217	144	198	234	181	160	25	128	186	102	26	137	119	234	17	22	107	202	113	93	147	85	127	208	64	143	142	
221	208	221	101	48	14	75	184	32	248	134	76	215	55	209	115	54	196	125	238	233	196	249	12	233	139	229	148	40	179	66	113	
213	231	85	97	178	15	110	184	96	168	58	236	211	3	193	48	54	220	76	110	225	176	237	14	172	136	37	180	108	178	3	49	
96	168	148	91	137	153	132	166	218	51	160	24	128	184	100	142	137	119	234	16	22	105	202	113	15	50	87	119	208	80	139	142	
228	80	157	232	140	77	69	157	96	246	167	28	215	83	73	91	65	196	104	106	121	102	251	0	225	162	69	60	88	121	196	114	
238	180	245	127	105	124	157	152	59	127	189	61	238	124	159	63	151	87	253	35	167	102	251	19	199	127	117	191	214	246	135	215	
232	20	180	95	121	124	81	27	91	223	237	61	194	116	78	254	213	30	236	32	190	102	251	3	79	255	80	31	210	102	78	119	
232	181	144	91	249	116	65	13	115	175	237	16	234	50	78	254	217	142	236	152	62	218	251	195	15	255	150	75	130	66	238	134	
108	180	172	113	253	47	113	27	63	255	165	29	210	113	79	27	145	140	239	60	42	116	251	26	207	223	85	116	218	108	86	114	
105	32	156	115	237	111	81	31	123	191	119	24	158	49	74	46	139	30	108	24	18	248	211	2	207	223	80	119	202	72	138	163	
82	168	150	86	203	156	48	194	235	145	160	8	40	242	68	118	161	115	104	16	6	75	138	225	25	250	87	123	192	0	107	14	
116	48	169	100	136	76	69	16	96	198	166	13	211	55	67	90	192	196	105	14	9	98	241	0	219	169	69	16	200	240	70	114	
202	229	161	250	249	69	79	173	59	123	13	25	188	183	73	149	129	75	123	30	99	74	219	119	239	223	158	126	146	86	166	250	
160	253	174	16	213	223	244	103	115	255	190	25	2	188	86	21	169	174	194	145	252	235	179	198	59	86	21	111	195	68	254	222	
8	185	184	123	245	205	241	135	255	25	108	16	190	157	80	160	129	58	131	17	19	104	154	119	239	215	22	107	210	72	223	170	
104	169	32	58	77	157	80	200	223	53	168	9	170	200	126	148	201	106	226	69	14	107	218	177	223	93	21	123	82	14	74	206	
0	34	81	205	74	11	43	72	55	164	234	200	198	195	128	212	30	216	234	136	0	178	79	94	4	22	1	34	114	138	4	160	
65	33	216	100	32	12	89	19	34	164	44	8	23	19	64	48	6	21	80	8	0	8	176	0	195	141	1	48	72	128	74	42	
137	237	52	87	209	221	238	230	247	63	167	24	168	42	86	181	169	235	98	202	102	254	184	127	47	223	22	33	67	85	203	206	
40	181	44	76	221	13	213	191	23	31	236	29	242	237	28	21	221	218	195	36	250	106	251	31	111	255	133	124	219	124	214	250	
58	185	40	90	203	213	145	206	131	21	236	11	34	221	102	52	201	154	211	144	10	43	250	177	123	85	148	127	115	12	254	250	
1	48	76	165	50	11	56	19	60	96	74	197	215	3	2	64	22	13	31	36	4	144	85	14	196	143	170	128	44	128	27	145	
115	33	10	184	13	145	192	72	231	0	128	8	146	216	114	240	200	161	120	193	14	99	206	81	146	16	139	59	88	2	58	6	
51	34	15	169	0	7	104	67	52	36	226	197	209	10	0	208	252	141	55	132	13	210	81	0	148	234	171	128	9	0	98	144	
81	32	20	41	47	15	144	72	79	32	226	10	214	152	20	36	200	29	106	1	141	115	215	208	148	48	11	58	88	8	9	6	
98	41	33	186	9	193	73	72	135	20	128	137	175	199	96	212	200	176	217	193	10	67	218	241	209	208	139	59	18	134	38	98	
108	161	104	96	140	77	83	152	34	245	44	9	19	77	90	16	153	128	65	92	26	96	250	17	235	205	5	125	224	138	214	82	
143	204	22	94	217	157	190	234	191	18	100	152	255	254	45	181	191	123	242	74	99	101	58	127	51	251	69	8	82	243	139	180	
43	153	40	217	245	157	227	182	191	73	92	0	186	253	52	100	201	58	19	93	131	40	114	253	111	223	150	104	154	8	216	186	
188	0	110	236	68	50	236	89	85	2	247	18	91	9	185	73	120	140	23	170	168	183	36	140	82	235	226	132	119	248	112	128	
130	253	22	155	236	133	190	230	142	26	88	34	172	254	97	67	239	123	187	67	66	26	10	243	45	16	222	170	16	88	161	139	
215	0	239	197	134	50	237	91	116	227	215	146	89	47	190	107	126	133	63	189	185	213	165	194	214	171	254	132	165	224	241	96	
107	159	102	78	125	151	94	242	205	76	254	14	106	232	182	244	238	226	222	174	206	171	108	255	54	126	130	155	95	174	120	79	
34	253	38	158	223	197	190	239	139	94	216	43	44	254	118	3	237	123	211	193	230	107	154	255	61	16	207	171	21	124	183	223	
58	143	106	156	118	147	190	247	95	76	92	231	41	168	182	64	126	171	135	197	198	187	36	255	126	95	174	139	119	140	125	205	
58	143	106	156	118	147	191	103	221	76	220	167	41	172	182	68	238	171	135	133	196	187	36	255	118	127	170	139	55	140	253	221	
40	190	184	250	189	245	81	215	223	31	188	120	190	253	224	56	205	58	223	16	186	111	106	179	202	223	53	251	210	72	214	171	
130	232	130	155	69	141	170	194	30	1	80	18	168	202	113	72	121	42	2	211	2	188	26	243	5	20	154	104	21	25	49	136	
16	5	10	173	20	130	234	99	52	0	218	2	81	234	32	64	120	173	14	160	40	155	1	95	240	167	170	196	37	10	49	136	
237	16	61	97	44	15	67	184	97	186	55	88	211	17	201	59	149	212	108	106	233	116	249	0	197	219	97	116	66	179	66	33	
32	201	2	158	92	133	170	236	22	0	248	2	168	200	48	0	120	170	2	195	66	186	66	253	53	16	138	40	21	11	112	136	
38	36	130	137	212	163	170	74	22	1	89	2	8	202	121	64	121	8	2	177	18	178	0	202	12	6	154	196	149	75	112	128	
2	141	2	155	212	162	174	231	52	131	90	18	104	234	48	64	121	107	19	145	48	154	8	255	56	38	158	192	149	74	161	136	
38	36	226	195	84	32	234	194	91	163	121	2	8	168	125	8	123	205	19	145	130	182	200	194	28	12	158	164	197	123	112	128	
2	156	246	153	214	131	184	199	62	17	82	179	172	238	52	64	119	59	179	149	178	216	2	247	60	46	158	194	149	4	161	217	
2	141	2	154	212	163	174	231	20	129	90	18	96	234	48	64	121	106	19	145	114	186	8	255	56	38	143	192	149	74	240	136	
6	4	130	129	20	163	170	66	30	3	91	18	76	202	56	72	123	41	19	145	50	148	0	214	12	6	154	196	149	75	49	128	
57	69	106	237	118	18	127	120	85	64	254	130	91	77	182	100	126	252	151	238	200	179	37	142	114	237	162	128	119	190	112	225	
103	112	224	215	102	56	248	216	123	227	117	187	8	252	223	60	191	221	183	159	134	118	238	194	22	62	223	174	199	247	82	213	
3	184	114	153	246	131	184	199	63	113	82	183	44	206	118	96	127	59	151	149	182	152	6	247	60	14	158	226	21	4	177	221	
135	96	226	147	70	49	184	200	30	227	81	147	8	140	127	40	127	25	147	149	134	180	173	194	28	30	159	230	197	93	51	213	
61	85	107	197	118	18	239	120	116	192	222	230	89	111	183	96	126	236	23	238	201	179	37	206	118	45	167	128	47	178	112	241	
3	172	98	155	214	147	186	230	63	97	88	151	40	174	246	32	127	171	23	149	182	154	44	247	62	14	158	224	149	140	177	221	
56	31	123	191	118	195	255	112	20	12	124	167	117	125	48	80	254	187	23	227	168	186	24	61	245	199	171	128	53	138	52	243	
157	253	31	183	170	30	95	253	176	214	166	180	255	199	131	35	46	119	92	238	105	197	187	47	224	225	79	20	42	177	163	120	
17	55	19	229	50	14	47	112	60	40	90	228	213	39	128	112	54	77	20	174	225	144	1	78	228	174	43	128	40	162	35	177	
114	32	66	8	75	1	104	72	167	0	224	11	0	195	36	22	104	205	107	136	8	67	218	80	16	48	131	11	107	4	42	130	
16	32	28	169	44	11	160	8	94	32	66	64	199	8	16	64	218	29	106	1	12	240	207	16	132	162	139	17	84	8	81	128	
96	32	207	69	80	10	104	0	60	160	98	193	81	35	0	80	114	204	123	140	32	208	193	76	68	170	226	0	41	160	114	128	
64	18	149	69	44	15	165	48	108	170	114	96	215	33	128	98	6	84	110	40	161	240	65	12	68	170	99	16	64	168	65	33	
1	33	33	161	36	78	105	16	104	232	72	64	151	23	16	114	128	77	92	13	129	208	241	0	197	172	43	176	8	2	3	241	
220	222	191	247	174	74	87	191	241	186	182	120	255	121	25	75	167	247	109	107	232	229	139	40	241	227	119	16	100	241	165	43	
221	217	255	62	170	78	95	188	243	252	134	41	255	247	139	115	38	229	125	106	233	71	251	41	251	235	103	152	46	179	7	75	
221	121	94	254	42	206	87	184	161	220	166	44	127	87	131	83	118	245	108	106	105	71	187	45	241	235	101	152	42	179	98	115	
220	85	95	108	42	70	95	120	165	142	174	36	95	115	161	115	118	244	125	234	105	131	49	12	243	235	101	144	42	243	102	51	
220	126	159	246	42	79	87	188	181	254	150	124	223	119	139	15	39	244	236	106	105	101	235	42	242	211	117	60	106	249	1	57	
16	168	150	53	11	139	160	200	190	176	96	9	99	226	100	130	169	109	106	1	6	241	142	29	25	162	13	55	81	40	67	134	
137	36	85	101	32	11	108	56	48	162	98	196	215	35	129	25	23	76	100	46	105	240	73	12	172	138	101	0	104	240	2	161	
221	94	125	118	40	127	87	158	191	254	175	188	223	215	203	255	55	245	236	46	169	69	239	58	214	219	113	188	106	253	4	113	
231	140	244	119	104	43	122	168	59	178	163	185	199	249	221	63	183	213	121	39	36	87	203	114	158	254	65	118	197	227	67	6	
237	48	189	100	40	110	81	24	33	250	39	120	223	55	201	191	7	84	253	42	169	68	249	0	195	251	97	180	194	241	6	115	
237	85	149	100	137	79	69	184	96	242	162	92	215	53	73	127	1	212	104	106	121	100	249	0	233	170	69	52	66	249	198	48	
237	183	180	91	249	126	87	25	123	127	173	61	202	121	206	255	209	158	236	50	190	102	251	130	207	255	117	127	194	103	206	215	
44	52	188	103	237	111	113	27	123	255	61	29	222	49	78	30	145	30	238	28	26	112	251	18	207	223	81	54	202	106	198	243	
108	176	185	96	237	125	113	155	107	251	61	56	158	255	77	62	151	19	236	16	19	102	251	208	207	221	87	126	194	65	71	35	
48	4	214	85	66	11	164	107	54	162	98	194	65	225	164	85	51	108	34	40	32	241	7	30	28	46	69	4	97	168	65	160	
120	161	184	42	137	72	80	143	235	21	173	9	142	249	74	18	129	195	232	17	30	107	202	17	251	245	21	127	194	2	206	10	
96	48	185	100	64	76	81	19	96	198	46	8	19	55	64	114	80	212	105	8	9	122	241	0	207	173	5	0	64	160	70	114	
175	165	148	99	249	127	79	189	59	59	173	24	216	115	76	183	217	90	125	186	123	68	251	243	175	223	223	255	146	67	218	162	
44	176	184	115	253	237	241	155	107	61	61	24	158	249	78	62	139	26	238	24	19	120	251	161	207	221	20	103	194	74	195	163	
44	181	181	105	249	127	213	63	31	127	188	28	210	125	92	156	157	154	253	60	59	106	251	159	239	223	85	118	210	108	214	243	
106	185	57	72	217	253	145	207	75	125	172	8	158	159	68	48	137	27	211	16	26	43	250	241	127	221	21	127	210	8	199	239	
104	233	42	18	221	221	83	199	139	53	172	9	42	205	102	20	137	58	195	80	90	43	234	177	127	85	21	123	210	12	222	234	
120	233	18	58	91	217	18	200	207	53	168	10	46	218	102	148	168	233	226	64	70	43	154	241	59	212	5	63	83	14	43	142	
1	32	7	237	44	10	160	75	126	160	66	66	197	128	144	96	248	12	106	9	0	248	197	20	132	162	155	0	68	8	113	172	
32	34	6	45	72	3	104	73	182	128	224	193	193	195	48	16	88	140	106	140	8	195	195	80	84	162	131	8	80	128	34	128	
81	32	22	188	79	137	192	72	206	176	128	10	198	216	112	130	162	165	106	65	6	99	138	17	145	64	1	62	80	10	11	6	
124	225	24	106	153	213	82	204	67	53	173	8	59	83	74	48	217	154	72	216	94	11	218	49	251	205	5	125	50	2	206	10	
116	177	169	96	212	77	83	152	34	224	172	9	19	21	73	16	152	220	81	88	27	50	248	16	239	141	5	116	224	11	86	114	
65	48	185	100	80	76	97	19	96	229	108	12	19	19	66	48	16	140	64	8	1	24	176	0	69	141	16	32	64	130	70	234	
128	236	172	83	236	253	228	166	247	127	178	25	162	184	94	27	137	195	106	129	126	238	123	119	47	26	84	99	65	81	230	206	
18	32	2	168	73	5	105	73	39	36	194	143	4	195	32	20	120	141	107	140	8	147	147	208	148	48	139	40	33	12	51	162	
43	217	32	219	61	157	235	183	207	13	92	0	186	216	54	100	200	42	27	77	194	40	114	253	239	221	158	106	26	10	209	238	
9	249	35	218	125	221	235	239	207	73	92	0	188	217	54	164	216	43	19	77	211	43	50	253	235	93	22	122	26	14	209	254	
188	0	102	236	196	34	204	91	85	162	247	18	91	41	185	73	120	140	23	168	184	183	65	138	210	235	242	132	247	248	240	128	
34	189	54	158	223	197	190	238	155	75	216	51	172	254	52	2	239	123	179	129	242	43	154	255	61	54	222	171	21	92	181	219	
217	4	238	225	134	50	233	87	116	115	86	146	25	47	218	106	111	198	63	156	185	220	165	194	94	239	254	196	167	208	240	104	
27	223	98	172	118	147	255	119	221	76	94	231	41	168	182	192	126	235	151	197	196	187	4	255	114	125	174	130	127	158	249	221	
99	142	102	94	125	221	218	230	223	77	252	175	104	236	182	244	207	163	215	133	166	43	110	255	62	126	150	155	87	14	252	79	
26	15	106	190	118	210	189	103	157	76	222	163	45	174	182	196	110	187	151	133	228	155	36	255	242	103	186	129	55	142	181	253	
42	191	55	248	189	245	16	255	159	89	184	124	46	253	228	129	205	59	207	16	187	107	2	183	250	215	53	251	218	76	140	155	
128	72	130	155	4	129	40	194	22	1	80	2	40	194	33	73	120	43	34	210	66	158	3	241	20	0	154	0	20	25	33	136	
24	133	14	173	20	162	106	119	36	0	218	2	83	163	32	64	120	175	14	160	88	153	1	31	240	229	170	192	53	10	161	8	
237	120	253	69	100	15	103	152	121	250	54	104	211	17	209	63	23	68	108	106	233	116	233	8	199	155	101	52	66	179	66	33	
38	100	194	137	84	163	170	74	22	131	121	2	0	200	125	0	121	8	19	145	2	182	8	194	20	14	155	172	213	91	112	128	
4	36	130	137	84	163	170	74	22	129	89	2	0	202	41	64	121	40	2	176	18	178	8	218	44	6	147	68	149	75	48	128	
2	141	2	154	148	130	174	231	52	3	90	18	104	234	48	64	121	107	51	145	50	152	0	255	40	38	158	192	149	72	161	136	
57	69	106	237	118	18	255	120	85	64	254	130	91	109	182	96	126	252	23	238	200	179	37	142	114	237	162	128	119	190	112	225	
2	156	114	155	86	131	186	198	190	65	82	179	44	222	50	64	127	59	179	133	162	155	14	255	60	6	158	194	21	4	161	217	
2	141	66	155	212	131	174	231	22	1	88	2	96	234	52	64	121	106	19	145	50	186	8	255	40	46	142	192	149	78	240	136	
134	64	130	155	20	163	170	192	30	3	83	18	72	202	57	72	123	41	19	145	34	148	8	222	8	6	155	196	148	9	49	128	
134	96	226	147	70	3	184	200	94	227	81	147	8	140	127	40	127	89	19	151	130	246	140	194	20	14	159	164	197	61	51	212	
2	188	22	159	255	133	188	239	158	27	88	51	172	254	96	64	239	123	147	129	114	27	154	247	61	22	158	234	16	92	165	219	
94	140	228	227	134	48	236	151	117	115	94	18	25	43	208	106	103	207	63	153	146	220	165	226	94	239	254	196	167	212	241	168	
41	161	41	235	244	221	71	253	87	125	124	76	179	93	90	32	217	138	22	29	223	58	121	183	239	221	164	120	86	138	220	232	
37	177	177	67	213	237	195	216	67	225	41	8	18	85	93	52	89	218	66	120	27	50	120	48	45	156	5	108	219	139	210	180	
40	177	57	67	213	221	209	159	67	121	61	24	18	93	78	180	153	154	214	16	31	58	250	151	111	221	20	127	211	14	214	255	
220	81	63	252	42	78	95	56	161	222	166	40	127	215	131	123	102	245	253	234	105	71	187	13	243	235	99	152	34	179	38	115	
89	21	85	101	50	14	111	48	36	200	110	228	223	55	128	245	54	212	92	238	233	144	53	12	224	234	100	128	42	242	1	49	
112	40	18	24	73	145	16	74	170	148	160	9	34	194	100	144	201	161	234	128	14	107	194	113	145	144	131	63	81	0	106	130	
17	0	22	1	2	11	160	64	60	32	226	194	199	0	0	64	58	140	106	12	0	240	5	76	132	162	75	0	105	8	1	128	
16	34	20	169	14	11	96	72	94	32	66	194	199	0	0	64	114	140	106	1	0	240	69	28	148	162	3	16	112	8	17	0	
112	34	70	69	8	10	96	0	36	160	226	64	209	35	128	82	104	204	106	140	8	209	193	76	132	162	195	16	65	160	114	128	
9	16	149	101	32	14	101	48	60	170	98	68	223	51	0	230	148	76	124	12	129	240	81	8	196	251	101	0	74	226	1	49	
252	80	223	100	42	78	93	16	161	238	166	44	95	55	129	91	102	213	236	234	105	199	177	72	211	251	103	144	42	241	102	115	
72	113	21	101	1	78	67	48	101	160	2	64	222	19	0	246	0	84	120	72	1	128	81	12	193	250	69	16	10	2	65	34	
105	115	80	65	116	30	226	80	97	72	125	204	10	8	149	180	92	140	134	110	205	178	212	204	6	92	1	8	75	175	90	149	
105	32	209	69	85	30	74	24	107	224	104	72	26	48	212	180	24	76	80	92	129	178	240	0	15	188	5	40	74	170	82	164	
237	112	249	96	104	124	81	152	51	250	55	120	223	55	193	63	23	84	252	122	129	84	249	2	199	251	97	180	194	243	6	115	
236	112	181	68	201	79	69	184	121	242	34	24	222	55	65	191	17	84	104	106	113	84	249	2	197	186	69	54	202	113	198	50	
108	244	149	68	205	78	69	184	123	242	34	8	214	55	65	63	17	84	104	42	97	112	249	2	197	190	69	54	66	120	70	50	
120	225	56	98	29	201	82	236	131	5	172	9	39	209	72	144	152	218	193	80	74	43	202	53	251	213	4	123	66	10	214	10	
109	48	249	96	237	124	113	25	107	187	61	56	222	63	205	62	151	221	244	26	147	116	249	192	207	221	117	54	194	227	70	35	
66	233	144	154	89	153	18	132	139	49	128	9	174	192	68	150	129	114	233	80	70	75	202	241	185	80	13	123	18	14	155	14	
105	48	145	68	65	76	97	16	105	96	99	72	90	23	4	244	16	156	112	76	129	48	241	0	5	188	0	0	74	162	66	48	
108	49	249	99	189	127	115	25	123	255	191	56	223	125	78	56	181	158	254	24	155	112	249	2	207	223	53	118	194	203	199	243	
108	180	249	99	245	125	241	216	107	253	63	60	223	121	205	58	187	222	238	24	147	112	249	2	223	221	53	118	202	203	199	243	
32	32	6	141	72	3	96	73	166	161	226	0	128	131	0	92	72	12	106	12	0	203	195	80	4	32	147	24	16	0	114	136	
64	32	22	77	72	3	160	73	166	161	226	136	129	130	36	64	104	140	106	136	0	251	199	16	20	160	19	8	81	8	97	128	
45	177	249	99	249	125	209	27	75	233	61	56	158	61	204	188	159	27	214	24	151	122	248	210	79	221	53	127	210	202	198	231	
104	161	48	104	221	217	81	143	75	53	44	8	14	147	74	20	153	138	192	16	26	42	226	149	107	221	21	127	210	0	198	234	
231	96	224	87	102	24	252	200	123	242	117	155	72	204	223	60	127	205	55	207	196	118	174	194	22	62	223	172	103	181	114	197	
36	181	188	99	189	127	87	185	255	127	189	56	202	123	78	55	153	70	236	50	254	65	251	183	239	223	103	119	210	115	206	71	
8	244	149	55	240	46	165	189	58	187	99	88	221	117	72	155	23	95	115	57	115	252	217	39	109	163	126	84	200	82	131	185	
253	62	244	119	169	63	114	154	251	250	175	57	223	247	207	123	183	223	236	118	172	103	235	162	223	255	117	55	194	255	71	119	
252	104	110	118	11	93	76	172	245	182	166	24	99	203	81	123	33	244	121	234	104	71	159	34	243	203	213	57	97	49	230	42	
220	216	255	254	42	76	95	184	243	254	150	40	255	215	9	115	38	245	253	234	232	71	235	105	243	235	103	152	38	179	38	123	
220	223	159	254	170	78	95	188	185	254	182	252	255	119	139	91	167	247	236	234	105	197	251	106	242	243	127	148	106	241	173	121	
167	98	224	23	102	17	188	200	123	246	113	159	8	140	223	41	190	221	179	199	230	118	174	192	22	24	223	172	77	181	119	213	
27	69	107	205	118	18	239	112	117	192	222	198	89	111	183	100	126	236	23	239	201	177	37	206	114	45	175	128	47	178	112	241	
35	206	98	90	125	213	250	198	223	77	244	191	42	204	182	116	207	171	151	133	174	47	102	255	23	126	154	187	87	156	124	223	
104	181	189	97	189	127	81	31	63	249	189	24	223	125	76	176	153	22	253	56	27	120	121	150	239	223	53	246	210	106	198	115	
27	95	106	156	118	146	190	119	221	64	222	231	57	172	183	228	126	235	151	229	229	185	36	255	114	111	174	130	127	188	121	221	
26	207	102	172	118	146	189	119	157	76	222	231	45	175	182	196	126	171	151	133	196	153	36	207	118	101	174	131	55	140	189	221	
2	189	144	155	237	165	188	239	158	27	88	50	172	254	104	65	247	91	179	145	114	90	138	247	45	22	95	238	144	72	161	155	
34	188	36	154	223	197	188	239	155	127	216	63	172	252	110	0	205	91	211	145	246	107	218	247	61	22	159	239	213	12	151	223	
2	141	2	158	148	131	174	231	22	1	90	2	96	234	48	64	121	106	19	145	50	186	10	255	40	38	142	192	149	74	176	136	
110	35	228	4	205	59	206	168	67	244	188	175	75	40	215	158	25	196	230	247	220	114	239	144	30	95	197	189	247	255	94	196	
126	102	228	4	237	123	214	232	67	246	188	171	67	108	215	159	9	196	225	231	172	99	237	152	62	83	197	63	231	255	94	70	
254	103	100	4	238	26	222	248	65	246	188	175	67	76	215	151	94	196	197	231	236	103	237	136	62	89	229	191	103	255	94	213	
29	190	174	30	187	86	23	184	22	222	84	229	120	117	139	167	21	118	252	54	167	193	59	47	107	71	101	223	138	244	62	119	
237	112	241	65	229	63	235	152	123	234	117	124	218	24	223	190	159	76	118	126	133	118	252	130	14	94	101	182	207	255	82	245	
77	186	175	22	185	215	21	184	182	255	6	108	244	244	234	166	21	102	232	5	161	65	171	61	201	3	109	249	138	100	29	113	
253	103	100	69	180	26	78	56	97	230	190	173	67	40	151	151	90	196	204	110	236	226	237	142	50	123	229	149	103	254	94	69	
109	112	249	69	102	127	123	216	123	235	61	104	91	59	221	62	63	220	118	26	129	116	252	194	95	221	33	164	239	243	66	165	
109	52	249	97	244	127	115	216	123	239	61	44	223	61	201	56	191	220	70	58	139	114	249	66	223	221	37	100	227	227	71	243	
217	81	125	101	34	78	111	48	37	202	54	224	223	55	129	119	38	212	125	234	233	208	177	76	231	235	101	128	46	178	7	113	
80	32	19	168	10	193	32	74	230	0	224	75	134	192	32	64	104	173	106	129	12	99	219	80	144	32	11	59	121	8	35	134	
9	6	20	101	32	30	100	48	116	10	102	100	223	35	128	245	18	68	108	46	137	208	193	12	132	251	96	128	42	162	10	33	
73	17	148	101	49	14	98	48	101	136	110	68	223	51	128	246	4	84	124	76	137	240	145	8	133	255	96	16	74	162	9	33	
25	6	68	101	52	26	110	48	116	162	110	228	195	35	146	212	114	76	12	44	172	144	69	14	166	239	161	128	46	162	90	1	
59	99	64	65	117	27	78	104	69	36	236	136	75	0	150	180	88	140	130	238	76	178	109	156	54	93	129	49	119	142	90	196	
109	113	148	68	109	30	102	48	107	168	102	76	90	48	196	246	148	196	104	110	133	112	249	204	46	248	69	118	74	174	74	5	
124	112	251	100	106	108	123	216	57	238	183	40	95	183	193	122	255	221	124	234	73	87	249	66	215	239	103	172	227	243	102	115	
89	6	196	37	19	90	99	40	116	164	70	130	67	32	146	215	48	204	232	44	44	240	237	30	174	231	69	1	99	172	8	68	
237	87	84	69	100	30	70	48	105	232	182	236	203	0	151	183	22	196	108	110	237	240	237	140	38	121	101	144	110	190	90	5	
125	48	249	101	96	110	123	24	123	238	63	40	91	63	197	58	63	221	100	186	137	118	249	66	87	221	97	36	235	243	70	241	
92	112	255	101	40	110	123	88	59	170	255	40	223	247	193	58	183	253	253	42	137	215	251	2	215	255	97	189	226	243	103	115	
2	252	22	159	125	133	188	239	158	27	88	50	172	254	32	64	239	123	179	129	34	94	10	247	45	22	158	234	16	8	161	139	
73	115	17	65	53	28	66	16	109	168	46	76	222	19	192	244	148	68	108	106	201	48	209	12	175	252	1	18	10	130	74	37	
30	140	244	227	214	40	236	215	117	51	255	18	43	43	216	74	107	135	63	153	186	248	69	194	222	239	254	196	167	200	240	136	
45	181	97	195	245	255	235	249	95	121	125	78	211	93	222	36	89	138	23	60	155	58	125	151	111	92	161	228	223	142	208	245	
47	191	104	26	251	213	155	222	159	93	60	173	168	220	254	164	159	123	215	85	151	42	126	247	106	93	13	235	223	6	143	255	
4	100	130	138	20	163	162	72	22	131	121	2	64	202	57	64	89	40	2	17	2	182	8	218	32	4	135	68	149	91	48	128	
134	72	130	154	148	163	170	64	22	3	83	18	72	194	33	72	121	41	19	144	34	148	8	254	8	6	155	192	148	27	49	128	
57	69	106	237	86	18	255	120	85	64	254	130	91	109	182	96	126	236	23	238	204	179	37	142	114	237	162	128	119	190	112	225	
45	181	249	227	244	111	227	217	123	249	125	78	219	125	219	52	59	142	86	56	147	50	249	146	95	221	37	100	239	203	210	241	
2	140	34	155	86	131	186	230	62	65	90	147	44	206	48	64	127	59	147	133	162	152	10	255	60	38	154	192	21	4	177	217	
19	69	107	205	118	18	239	112	117	192	222	198	81	110	183	100	126	236	23	239	201	179	37	206	118	45	175	128	39	178	112	245	
45	181	248	99	252	127	83	89	87	233	191	24	223	253	218	48	159	158	126	56	155	50	249	22	255	221	37	244	235	203	218	35	
124	181	177	99	189	47	86	185	123	187	185	108	223	255	73	58	157	214	108	50	158	99	219	150	255	222	101	126	194	227	198	19	
34	252	52	152	223	205	188	239	159	123	112	59	172	254	108	0	237	59	243	145	242	126	218	247	61	22	159	239	149	12	151	219	
152	83	127	173	54	71	95	120	133	76	214	167	95	119	162	65	126	245	93	235	233	131	33	156	243	227	234	144	54	186	52	115	
27	223	106	142	118	146	191	117	61	76	222	231	109	174	182	196	126	171	151	197	228	155	37	239	114	111	190	130	63	158	185	221	
162	248	226	218	125	217	184	198	223	95	244	191	168	204	54	64	203	187	147	5	230	47	118	247	23	30	146	187	87	28	117	223	
220	122	255	254	40	78	93	184	187	190	246	108	255	215	137	123	246	245	253	234	233	71	251	41	211	235	103	156	34	179	38	51	
221	204	246	246	168	26	94	172	187	178	162	152	255	243	9	123	99	247	249	238	104	71	139	43	242	235	87	29	34	241	162	40	
84	44	245	115	184	46	118	136	187	178	171	105	223	123	205	58	183	247	108	50	188	225	203	42	153	222	69	118	192	243	67	3	
220	205	214	126	139	8	94	173	181	178	162	25	107	227	25	219	33	230	105	234	104	71	159	43	179	226	213	25	34	113	238	10	
77	229	148	163	169	31	166	188	38	59	31	72	223	113	200	166	21	86	254	106	83	112	203	183	172	199	127	244	202	223	139	41	
36	108	130	154	20	131	162	200	22	131	81	2	64	200	33	64	89	104	2	18	2	182	8	186	32	6	135	0	213	59	48	128	
126	177	232	4	203	83	151	168	3	228	174	139	74	124	87	22	153	213	249	243	12	99	255	200	59	86	197	63	231	126	94	86	
2	141	2	158	148	131	174	231	22	1	90	2	96	234	48	64	121	106	2	129	50	184	10	255	40	38	142	192	148	74	176	136	
239	99	236	5	100	27	238	248	89	254	116	239	75	8	215	159	30	204	247	111	229	118	237	136	54	89	229	180	111	255	90	213	
134	72	130	154	148	131	170	192	22	129	83	18	72	202	113	72	121	41	19	211	34	150	8	242	8	6	159	128	148	59	48	128	
175	114	241	69	102	30	239	216	123	234	118	110	91	24	215	190	63	204	118	126	197	246	253	202	22	93	101	164	239	247	90	245	
107	35	228	5	45	90	70	40	99	228	174	169	75	40	150	150	18	196	236	110	140	240	237	136	46	127	197	19	231	246	94	68	
122	6	228	5	23	90	71	56	117	230	246	175	75	44	150	215	89	196	236	162	172	240	109	142	170	99	197	151	103	228	92	86	
239	112	243	69	102	30	238	112	121	234	118	108	91	24	215	191	54	196	116	110	229	244	189	200	54	121	101	164	111	183	74	245	
237	87	84	69	98	30	110	48	105	234	126	236	91	48	151	247	54	196	108	110	229	240	181	204	54	122	101	130	111	182	74	21	
125	112	251	101	98	110	119	208	113	234	118	108	91	63	197	62	63	220	116	234	137	246	189	202	87	255	101	164	235	243	102	241	
207	81	245	69	98	94	111	48	121	234	118	232	89	55	149	255	54	212	124	234	225	212	181	200	119	250	101	128	111	179	98	53	
217	23	84	69	50	30	110	48	125	234	126	100	75	34	134	245	54	196	108	110	229	176	37	206	166	255	37	146	110	246	74	5	
125	112	251	100	98	126	127	216	113	234	246	104	91	183	193	58	127	220	116	234	137	246	184	74	215	239	103	172	227	243	102	241	
56	51	64	73	87	91	195	88	67	228	236	14	10	64	6	148	120	140	130	104	13	178	125	156	55	68	129	35	123	14	94	246	
2	220	20	155	125	165	184	238	158	27	208	50	172	254	32	64	239	59	187	129	34	95	66	247	61	22	218	234	20	24	33	139	
73	3	144	69	49	30	98	16	109	136	110	68	206	51	130	244	148	68	108	76	133	144	193	72	166	253	32	2	10	166	73	5	
175	98	232	1	100	31	234	216	91	234	117	207	89	12	223	172	63	204	23	127	133	116	237	194	22	93	173	164	239	255	90	213	
11	186	225	19	235	249	188	207	123	119	52	191	12	172	222	172	175	75	215	149	151	88	191	243	30	92	158	239	239	212	143	221	
59	151	106	142	254	19	207	125	85	73	221	231	121	108	190	228	94	139	23	239	255	186	109	223	114	111	170	204	127	142	248	221	
216	83	127	236	46	70	95	56	165	206	150	175	95	87	163	115	126	213	253	238	232	199	51	204	243	235	239	144	54	186	36	115	
166	97	226	150	68	16	174	200	16	224	81	131	72	236	127	41	126	237	51	231	192	242	174	224	20	8	207	172	69	127	115	212	
57	69	106	236	86	18	239	120	85	64	254	130	89	109	182	96	126	252	23	238	200	179	37	206	118	237	163	128	119	186	112	224	
226	177	176	209	253	205	184	207	187	249	240	57	172	158	68	24	239	27	243	17	242	126	218	247	29	22	159	255	197	12	151	219	
61	55	251	96	244	255	115	216	119	233	63	104	91	253	219	52	63	220	86	122	155	178	233	158	95	221	33	116	231	235	70	225	
2	140	18	155	86	130	186	198	190	1	82	147	44	206	48	64	127	123	179	133	34	155	10	255	60	38	154	128	21	4	161	153	
162	248	176	216	253	205	188	239	159	123	240	27	172	156	116	8	207	27	211	145	242	111	90	247	61	22	159	251	213	12	151	219	
125	118	251	100	242	111	123	216	115	238	255	40	95	255	203	56	63	253	125	122	137	243	169	10	215	221	37	172	235	243	102	241	
220	114	254	254	42	76	127	152	179	206	246	173	255	247	195	91	246	245	253	234	201	71	171	234	211	251	111	152	38	243	38	115	
26	165	244	243	214	168	236	151	63	147	27	18	173	43	92	74	107	203	63	145	178	216	207	227	174	223	159	192	167	192	241	136	
162	248	228	216	109	221	184	198	223	95	240	191	168	220	118	40	207	187	183	1	230	111	114	243	23	30	218	187	87	28	117	223	
27	151	110	174	246	18	239	125	21	77	223	231	105	110	190	196	126	139	151	175	254	155	45	223	114	111	170	204	63	142	184	213	
92	126	134	150	137	122	71	222	187	254	175	12	238	226	75	159	57	230	236	242	41	103	251	234	185	247	95	63	235	119	78	116	
86	108	214	247	40	42	110	168	187	178	162	136	239	227	73	219	243	245	105	226	104	199	203	106	176	254	95	20	164	243	35	0	
108	165	208	98	253	43	66	201	123	177	169	8	75	233	93	148	27	222	227	58	26	114	203	150	190	220	5	127	231	239	202	128	
43	223	62	250	248	149	157	247	159	93	220	173	188	255	166	228	199	123	255	69	243	11	34	255	251	223	62	250	22	156	165	251	
2	140	18	155	86	130	186	230	62	1	90	146	44	238	48	64	127	123	179	129	34	155	8	255	52	38	154	128	21	4	161	153	
134	72	130	154	148	131	174	192	22	130	81	18	96	202	49	72	121	104	19	211	98	180	10	250	32	6	159	128	148	59	48	128	
2	141	2	158	148	131	174	231	22	1	88	2	96	234	48	64	89	106	2	209	114	186	8	255	40	38	143	192	21	10	176	136	
57	69	106	236	84	18	239	112	85	64	254	2	89	105	180	96	122	236	23	234	200	179	37	206	114	237	163	128	119	190	112	224	
130	204	150	153	124	133	184	206	158	59	80	18	172	218	48	72	239	59	63	129	34	94	66	247	20	22	218	234	20	24	161	137	
248	83	127	236	110	70	95	120	49	238	214	175	95	119	163	91	126	213	127	238	233	151	161	206	243	235	238	144	38	186	52	115	
162	88	162	220	109	253	184	198	159	95	240	55	172	156	119	105	207	251	247	129	130	111	114	243	23	26	218	187	85	93	117	223	
121	53	64	1	83	91	99	80	99	108	238	14	10	133	2	148	120	140	134	232	13	178	245	154	55	229	1	33	107	142	110	214	
61	38	235	193	244	191	234	216	95	225	255	206	83	204	255	164	127	200	22	127	159	178	125	158	94	93	161	228	255	255	88	244	
125	112	251	100	98	78	127	88	113	234	246	232	91	255	197	62	126	220	54	234	201	182	180	202	87	253	229	168	103	243	102	241	
253	112	243	68	98	94	111	80	121	202	118	110	91	159	213	254	126	220	54	234	201	246	165	202	86	255	229	136	111	179	98	241	
255	81	115	69	98	30	111	112	121	234	118	110	89	30	149	247	62	220	54	234	229	246	181	202	54	123	231	128	111	183	98	245	
203	87	119	69	98	30	110	48	121	234	118	238	89	58	151	247	54	197	116	238	229	246	181	204	54	123	103	130	111	246	107	245	
73	22	118	5	114	30	126	48	105	238	126	236	74	40	150	247	54	196	236	110	229	240	37	204	54	123	101	130	111	246	75	85	
63	114	234	69	116	31	234	216	91	234	118	238	89	136	215	172	63	204	23	127	133	244	173	202	118	77	175	164	239	255	90	213	
106	7	236	5	110	90	247	40	105	230	190	175	75	44	150	22	62	196	237	39	236	241	237	204	54	119	229	147	103	254	94	87	
107	176	226	16	199	116	188	207	187	247	52	191	8	190	222	190	175	143	247	149	151	91	190	192	30	89	223	239	239	196	255	223	
175	99	234	5	102	26	239	248	121	238	118	239	73	44	215	175	62	204	119	239	229	246	173	202	118	75	237	164	111	255	91	213	
111	183	242	78	249	213	30	248	139	236	28	237	104	253	222	180	151	127	245	21	135	67	170	243	59	93	5	191	206	230	14	119	
139	221	62	254	248	149	159	253	159	89	220	173	252	255	174	100	215	123	255	79	227	11	42	255	250	255	62	250	22	158	161	253	
127	126	170	22	249	124	87	222	179	238	190	109	106	246	203	190	189	238	236	210	141	99	187	234	251	247	117	191	235	119	110	95	
43	186	112	25	239	153	144	223	203	125	52	191	46	140	214	148	143	155	199	21	150	106	238	241	30	81	20	251	223	140	207	223	
6	165	196	243	212	168	236	135	63	51	123	18	233	106	92	74	123	203	63	145	50	216	203	227	174	222	159	196	165	194	241	128	
63	133	104	139	220	147	207	233	87	101	221	131	81	109	62	228	94	138	19	239	255	51	125	159	126	77	139	84	119	143	240	228	
92	126	150	190	11	90	71	200	179	238	254	12	111	226	75	222	113	229	236	194	73	71	251	234	177	247	239	153	171	119	111	93	
38	105	98	158	204	128	174	224	144	192	89	131	104	236	125	9	126	237	51	231	192	243	142	224	52	8	207	168	5	127	115	208	
63	151	109	171	254	18	203	249	21	69	221	231	73	110	190	228	126	139	159	239	255	131	109	223	126	111	171	204	63	143	248	245	
124	63	216	102	221	255	67	216	115	237	189	79	107	233	79	148	57	238	230	114	31	115	250	186	31	213	37	255	235	111	78	215	
2	157	34	158	93	213	190	230	159	77	222	3	40	222	55	64	232	251	151	193	230	187	50	255	55	118	154	139	23	28	117	223	
130	185	176	145	237	141	184	207	190	57	112	57	172	158	68	9	239	59	247	17	178	126	210	209	13	26	31	238	192	12	135	219	
226	249	54	216	237	221	188	231	187	125	176	57	172	158	102	59	143	187	255	17	246	111	242	241	63	24	94	251	83	12	199	223	
