DiorµÏ°ÂÈ«ÐÂ÷È»ó´½²Ê¡ª¡ª2017Çï¼¾ÏÞÁ¿°æ	041 Famous	https://www.dior.cn/beauty/version-5.1432748111912/resize-image/ep/0/0/90/0/swatches%252Fcs_3348901320139_eef3f7.png	https://www.dior.cn/beauty/version-5.1432748111912/resize-image/ep/0/0/90/0/covers%252FF028512041.jpg
138	151	146	149	102	240	168	119	60	73	94	246	172	174	176	193	102	59	151	129	211	216	0	193	4	97	250	129	14	204	185	153	
169	29	107	205	118	147	235	116	68	0	94	226	49	29	176	96	126	58	19	232	209	184	36	191	102	237	162	128	55	138	112	185	
245	77	95	230	12	6	79	112	224	128	243	66	83	227	177	115	120	228	108	238	73	163	140	12	240	235	227	16	45	187	114	32	
155	90	202	173	86	131	250	88	22	96	86	231	61	143	179	72	62	201	151	207	135	188	13	251	86	111	186	128	127	141	41	217	
143	159	107	145	246	151	175	115	92	206	95	246	89	108	182	160	127	42	19	175	245	190	36	254	110	15	175	192	79	204	249	245	
8	157	185	248	185	229	17	7	134	77	200	177	182	151	96	96	197	59	143	17	27	9	114	179	201	213	186	219	144	72	165	123	
11	185	57	89	112	148	57	23	126	89	86	84	188	146	226	244	134	43	55	156	147	152	179	85	77	61	58	200	26	132	169	253	
24	219	251	221	66	131	185	212	158	37	118	230	89	207	172	96	126	189	166	192	194	177	36	209	84	171	234	132	53	152	37	169	
50	153	50	154	95	213	146	196	143	9	217	35	44	220	45	196	236	187	147	209	6	43	26	253	51	4	154	171	17	31	53	159	
19	14	99	143	86	35	235	250	125	96	91	198	61	46	181	36	127	137	23	175	135	153	45	255	180	78	170	128	61	135	51	252	
98	220	98	154	95	193	186	230	137	69	216	155	168	188	54	0	237	187	211	145	22	62	210	247	63	54	154	235	213	13	63	222	
111	45	211	224	240	160	249	66	59	129	120	14	28	171	213	152	191	191	23	157	19	186	128	194	28	29	58	232	205	193	43	169	
56	25	106	108	87	95	83	113	5	236	254	175	123	157	50	16	56	180	199	98	72	187	16	29	115	233	32	17	119	174	126	91	
22	104	243	101	87	237	234	194	233	172	122	3	9	139	85	14	170	233	87	211	4	240	144	232	23	216	143	163	231	243	87	134	
2	169	82	145	246	169	184	103	62	1	120	2	172	154	116	64	183	59	19	17	18	184	2	246	12	28	26	234	148	8	129	137	
34	254	170	154	241	212	190	197	158	79	89	183	40	206	62	64	237	123	147	199	215	15	62	243	48	52	158	235	29	22	189	223	
57	89	1	175	53	215	207	116	84	200	94	70	179	20	177	228	88	232	22	107	205	184	117	172	224	253	166	0	62	158	112	252	
158	20	44	157	167	115	189	67	28	87	85	147	237	110	51	109	111	187	151	165	180	212	55	221	213	83	218	131	150	124	165	246	
63	201	98	234	52	147	206	113	69	0	241	198	43	204	182	128	254	169	23	231	205	187	4	253	50	217	142	192	127	142	248	148	
183	107	241	200	206	23	207	220	71	254	180	78	0	72	247	174	255	200	22	255	207	103	111	240	63	8	143	190	255	191	112	229	
57	121	122	76	121	223	219	80	227	232	252	8	59	217	183	52	92	188	214	234	201	179	116	24	83	249	33	57	123	162	106	157	
156	26	158	241	150	226	49	83	158	133	71	179	29	215	33	73	103	63	171	144	50	221	1	234	217	231	59	65	162	169	37	35	
72	178	187	112	114	141	48	83	126	141	114	116	158	158	224	96	182	57	166	17	151	184	178	80	223	149	58	202	224	0	45	59	
10	143	38	153	251	209	184	103	142	21	89	179	140	174	164	196	227	27	171	17	22	25	6	213	45	52	154	199	150	4	173	199	
58	21	114	225	247	188	248	19	125	73	126	51	11	29	182	112	238	155	151	149	154	184	96	214	223	221	176	194	247	140	116	95	
50	201	226	236	84	130	206	100	213	0	250	2	41	203	52	64	122	237	23	195	200	179	0	233	178	236	138	128	55	186	112	136	
37	112	249	222	77	221	198	88	87	138	117	74	114	209	237	172	216	248	22	106	75	38	250	155	23	157	37	58	89	186	64	165	
63	87	99	202	173	119	198	217	207	216	189	231	91	204	255	237	92	200	159	255	207	35	62	208	51	88	231	140	63	255	240	85	
78	23	207	181	238	98	188	23	172	215	91	183	205	47	98	202	231	23	171	148	20	201	131	192	78	103	254	131	165	244	165	83	
36	40	90	240	228	169	250	66	24	162	120	138	21	139	97	24	187	249	19	94	16	190	128	226	92	156	7	104	197	171	67	128	
18	130	174	189	46	146	184	65	14	29	210	167	165	138	54	200	238	45	191	133	134	219	7	213	146	99	250	195	28	12	57	219	
178	209	20	234	77	197	144	237	143	21	185	27	78	222	108	0	217	155	131	17	90	39	90	213	155	208	26	127	80	10	133	138	
184	93	126	111	117	222	117	119	229	4	254	0	59	57	32	80	202	182	135	72	72	186	81	15	103	237	36	1	115	138	238	138	
42	249	114	192	85	197	187	228	205	12	244	11	8	157	116	0	252	217	147	243	194	59	0	253	115	89	138	239	87	31	116	235	
130	132	2	136	84	160	168	106	132	3	90	18	12	234	56	64	123	137	19	161	50	183	2	199	20	38	154	200	21	9	177	128	
91	81	107	192	118	22	249	80	101	72	215	230	25	31	182	116	110	148	159	252	137	147	101	192	210	105	170	132	39	134	116	117	
231	81	107	76	77	22	206	120	81	194	213	78	80	216	189	191	120	236	51	239	205	231	182	200	23	56	192	142	111	191	122	180	
74	217	151	248	185	196	49	167	171	25	170	1	172	183	96	214	192	119	233	80	82	73	146	225	173	240	30	91	146	4	165	59	
52	33	219	232	84	231	67	88	71	128	236	10	19	209	33	112	88	184	2	248	11	178	112	24	89	140	129	44	241	235	116	162	
18	178	44	177	162	201	185	79	62	119	20	179	140	159	74	8	167	27	187	145	18	220	3	211	207	3	191	231	148	132	149	219	
0	24	159	253	23	236	177	66	190	129	66	2	180	151	97	104	226	123	59	80	3	249	50	232	133	160	26	2	128	89	37	170	
57	141	123	76	86	207	247	114	68	64	126	2	115	253	180	32	120	250	18	106	80	187	48	47	115	141	32	0	103	202	112	170	
193	157	31	62	148	239	70	191	117	66	238	80	243	120	50	97	93	162	58	173	253	174	95	63	251	191	84	72	249	200	248	8	
3	177	245	81	245	250	169	19	251	89	114	80	137	38	148	239	166	10	146	24	179	220	116	193	15	248	26	194	207	132	199	253	
3	189	187	210	240	252	189	55	254	73	94	4	188	191	246	104	167	59	51	25	147	152	178	237	109	63	62	130	136	66	165	251	
110	112	109	226	111	84	187	88	137	252	21	175	76	92	223	11	174	213	215	247	133	103	190	224	87	89	239	175	143	191	55	247	
10	132	160	157	247	208	188	71	30	67	92	18	172	14	50	64	111	59	147	129	215	156	100	215	103	117	154	193	23	4	181	218	
75	36	96	200	118	177	249	27	79	65	92	202	153	207	244	36	62	185	23	173	131	50	230	221	70	93	171	168	183	134	80	241	
95	83	98	250	135	20	254	157	165	92	254	231	73	206	191	221	124	203	189	247	223	1	62	224	178	249	175	143	191	247	248	87	
56	217	120	236	126	197	95	248	131	172	188	43	123	223	35	16	222	249	151	98	72	35	42	61	115	205	37	189	119	186	78	235	
17	221	115	237	54	198	63	183	77	0	106	34	61	55	36	228	102	123	16	104	65	152	49	239	163	252	6	2	62	208	161	57	
142	48	162	179	103	117	185	88	31	255	85	183	156	159	126	11	254	25	151	215	151	212	59	192	71	81	219	239	158	47	53	243	
34	233	98	136	68	131	170	224	84	0	89	2	40	138	53	64	120	9	19	227	194	179	8	253	20	12	138	140	21	11	112	136	
41	132	97	205	84	15	227	123	84	224	88	78	83	33	144	164	88	140	18	45	249	186	117	143	44	14	161	4	127	172	80	168	
180	207	9	251	56	135	31	236	158	29	205	133	229	231	40	80	221	91	203	194	106	11	122	55	227	231	175	117	16	19	135	234	
59	203	67	140	71	147	238	125	85	72	210	226	104	136	180	228	126	232	182	239	205	191	5	255	48	46	196	138	127	190	248	141	
90	123	58	176	35	221	51	70	169	140	182	41	174	150	103	48	166	113	239	80	64	137	162	236	243	209	10	51	66	21	7	107	
59	0	102	237	111	22	120	88	69	64	246	131	27	157	180	96	110	156	191	172	136	179	117	128	87	249	130	134	119	140	112	245	
90	35	99	200	106	16	56	80	173	44	145	239	9	135	228	212	110	157	207	228	200	131	132	196	146	240	170	185	39	134	39	117	
53	121	249	225	236	91	95	221	67	224	188	42	19	29	197	32	94	220	86	216	203	50	245	144	111	157	165	53	253	187	214	186	
57	16	99	233	109	87	120	80	69	104	246	131	27	29	182	100	110	156	159	236	140	179	117	144	87	233	162	132	119	140	112	247	
73	153	179	253	119	222	56	55	127	73	110	84	188	191	36	228	167	63	49	24	147	152	49	215	79	255	18	66	154	0	161	59	
27	205	106	193	214	18	239	247	117	65	222	130	25	47	182	100	127	206	23	237	248	185	37	238	126	237	182	196	39	214	240	232	
117	75	111	100	20	2	111	112	97	224	255	194	83	107	177	114	126	228	125	238	201	179	45	76	242	235	161	132	111	179	114	32	
98	152	230	152	67	252	177	7	187	89	210	191	172	156	6	24	173	179	255	145	147	207	50	209	87	50	154	195	197	4	151	127	
35	235	64	72	121	145	154	196	203	232	180	170	40	138	247	180	204	169	198	208	143	58	198	241	62	88	137	251	91	142	74	157	
2	158	26	153	114	185	184	107	62	85	80	247	172	174	38	68	167	27	131	133	183	156	7	247	12	22	26	227	156	12	45	221	
34	221	54	158	239	197	190	231	136	88	88	171	172	190	116	3	238	123	151	195	210	43	154	245	53	16	206	235	21	94	181	219	
135	130	43	154	108	224	235	200	94	89	81	247	84	206	254	105	251	73	19	255	151	35	46	245	24	8	235	236	157	139	113	212	
34	157	115	74	244	193	211	231	207	5	124	34	48	189	164	36	74	58	18	88	83	42	50	253	111	156	20	107	87	139	212	110	
2	193	66	136	68	131	174	228	132	0	218	2	104	202	56	64	122	169	19	227	64	179	2	241	52	4	138	140	21	27	49	136	
90	27	242	229	50	58	169	51	44	165	90	231	173	46	180	196	38	183	238	133	128	184	133	204	132	228	58	128	111	196	33	61	
82	168	142	190	79	192	49	192	142	157	64	35	108	222	98	66	226	121	187	209	70	75	138	245	217	48	203	203	20	14	53	75	
25	159	99	69	82	46	171	55	60	65	106	198	121	39	144	244	54	47	18	172	177	152	53	79	36	46	34	0	111	198	161	248	
91	217	123	172	50	146	127	53	40	68	94	164	189	54	178	112	54	55	149	239	193	152	52	239	226	237	42	128	36	166	161	121	
2	160	152	177	197	237	48	207	62	55	80	17	172	155	72	8	185	27	131	17	18	124	91	243	205	150	31	103	144	72	133	138	
82	130	142	189	58	2	24	97	54	13	194	167	165	174	34	64	246	53	173	133	12	201	129	77	216	231	186	129	164	0	45	91	
61	235	164	174	28	15	195	248	71	156	152	207	231	73	26	6	72	192	111	111	200	42	95	189	216	82	237	188	125	174	80	200	
31	89	118	105	35	214	90	208	141	72	214	167	40	159	183	100	238	177	189	199	206	145	49	225	211	121	136	130	7	151	52	127	
188	121	107	236	215	215	87	244	17	228	116	175	19	221	51	49	124	252	151	227	233	186	180	191	123	205	165	169	103	189	246	242	
90	120	58	176	99	217	51	70	173	140	182	43	44	158	103	144	166	241	207	211	64	139	176	236	243	209	10	171	34	21	39	251	
49	207	110	205	36	139	239	244	68	64	246	198	179	65	182	113	126	160	23	238	201	188	100	63	100	174	162	128	125	154	112	168	
98	233	122	26	91	209	178	230	203	28	188	11	32	220	102	16	168	187	195	195	70	43	170	245	123	16	14	235	81	11	111	206	
171	87	190	152	231	63	189	223	24	95	116	191	140	44	182	173	159	91	151	173	181	250	100	224	102	27	126	231	223	252	139	213	
2	252	62	152	219	197	177	231	139	93	76	3	60	159	102	88	229	59	147	145	82	14	50	245	79	19	158	235	18	4	167	251	
233	249	97	101	52	222	111	53	97	232	126	72	187	5	144	180	24	108	20	108	201	184	245	175	229	253	36	144	102	190	210	121	
91	219	107	140	51	212	31	117	133	76	222	167	60	159	162	100	102	179	157	231	205	139	36	253	243	97	170	139	63	150	181	127	
26	149	18	168	151	197	16	111	15	5	201	23	174	222	42	192	250	155	147	1	94	11	18	213	187	244	26	75	18	12	173	222	
123	203	84	202	123	153	90	224	143	0	116	234	104	196	181	244	110	240	222	74	71	11	110	253	54	92	0	155	63	159	88	28	
15	242	146	232	107	181	185	83	138	13	93	42	156	155	226	172	238	25	151	153	19	18	162	208	93	221	186	234	150	6	171	163	
89	81	107	201	38	22	249	80	69	104	223	166	25	31	182	100	110	156	159	236	141	147	53	192	83	105	162	132	55	142	116	113	
88	217	63	236	67	192	127	231	164	84	230	0	61	151	32	113	32	247	232	194	65	25	178	125	243	225	34	9	50	16	167	106	
130	184	184	185	237	237	184	207	27	55	112	25	172	159	68	8	143	27	243	17	22	126	210	243	13	86	91	107	208	76	143	138	
82	25	191	196	171	110	189	23	233	135	142	2	158	190	69	110	230	119	125	17	145	201	179	192	185	254	94	26	132	112	165	55	
99	141	7	156	93	246	234	103	212	73	218	2	120	248	52	240	200	163	26	141	63	139	22	223	57	62	154	136	25	68	120	78	
143	184	61	224	110	143	185	81	143	121	49	223	157	31	96	43	174	145	87	179	145	117	24	212	93	217	107	228	156	169	1	179	
50	5	82	236	116	163	216	107	25	33	248	10	15	10	52	16	222	189	23	161	24	187	64	222	146	252	136	248	117	136	98	129	
29	206	99	175	22	131	203	248	69	0	219	230	115	193	177	196	122	228	31	239	201	179	45	191	176	236	171	128	55	143	112	104	
74	251	186	150	185	212	180	39	175	157	142	37	172	190	102	66	196	55	233	17	86	73	130	193	251	53	30	251	130	4	173	95	
31	77	65	13	114	27	111	112	53	224	122	198	121	6	151	180	54	169	22	238	229	144	37	254	52	108	169	128	127	183	98	245	
31	121	250	68	115	190	187	210	233	232	62	168	60	159	199	182	166	125	213	78	133	145	164	232	115	89	37	130	103	247	47	253	
73	97	104	101	118	154	251	16	225	224	94	130	25	205	151	112	54	189	223	238	192	16	164	220	118	233	163	164	39	167	82	225	
79	201	67	142	111	139	78	184	87	194	83	206	252	193	184	132	54	224	127	239	193	12	14	255	188	62	205	136	62	166	16	44	
226	156	39	185	95	237	185	103	136	83	82	187	172	188	38	2	239	51	243	129	179	30	146	215	29	55	154	203	157	12	151	251	
2	184	147	155	100	173	184	198	158	25	80	80	188	150	96	72	199	59	19	16	18	28	2	241	13	16	58	234	144	8	129	139	
90	155	182	152	203	240	184	199	175	93	140	167	44	254	110	206	231	147	235	145	22	11	146	225	155	116	158	203	147	68	173	223	
75	1	138	160	239	80	188	69	171	193	94	131	140	190	126	202	238	5	187	149	20	25	135	192	158	117	158	207	135	118	185	214	
185	121	72	101	116	23	79	61	81	232	244	206	51	17	211	164	94	236	20	236	201	186	245	158	126	205	165	180	111	190	216	185	
161	20	115	77	116	171	233	115	125	235	118	242	177	37	148	36	94	44	22	40	161	188	101	223	4	30	48	128	87	136	66	249	
32	205	121	78	118	201	203	120	76	4	124	10	113	221	180	32	26	184	22	106	195	186	60	125	119	140	33	40	117	138	84	232	
62	8	194	222	23	243	59	66	151	6	207	163	104	254	39	236	120	186	147	130	12	131	46	251	146	71	138	11	183	111	60	198	
51	201	98	202	116	147	222	101	197	72	249	2	43	74	182	32	248	161	23	231	204	171	32	253	178	217	142	216	117	158	240	205	
177	59	249	101	214	7	207	127	82	232	120	74	51	57	212	32	92	190	22	252	217	186	228	10	127	140	165	172	109	168	210	169	
130	218	132	157	122	128	184	206	190	29	66	247	172	138	42	72	230	43	171	5	6	220	135	245	4	54	218	139	28	4	57	223	
218	219	46	184	173	208	20	230	135	92	214	167	44	143	34	65	224	163	173	197	78	11	2	245	250	241	254	219	18	28	189	91	
90	135	22	161	147	34	56	175	173	61	138	183	77	39	42	215	231	151	173	160	48	217	1	213	186	242	222	199	42	68	173	31	
177	121	122	76	93	223	211	80	205	204	252	8	50	153	55	52	204	184	214	106	200	183	48	220	83	249	1	19	91	170	110	158	
35	241	113	74	118	217	235	124	71	64	117	170	114	220	188	164	30	56	22	106	195	186	124	253	39	28	0	170	119	138	84	253	
23	12	107	207	22	163	235	120	68	64	223	198	113	108	183	100	126	169	23	173	137	179	45	223	240	12	170	128	53	171	49	228	
22	123	250	224	118	205	251	192	169	140	54	7	44	139	119	8	170	233	215	211	0	177	144	232	219	153	171	171	197	51	111	195	
41	203	96	76	109	25	230	232	75	124	120	78	106	232	190	167	216	74	54	111	198	58	238	189	54	88	225	188	95	191	88	141	
2	219	70	153	114	147	188	103	31	21	90	247	44	174	166	196	118	43	167	133	214	152	7	213	46	34	190	195	53	132	173	221	
2	221	50	154	125	149	158	229	143	25	89	34	172	220	46	0	222	59	147	67	214	43	10	245	34	20	14	235	22	95	185	151	
9	48	186	105	114	132	57	23	62	77	127	245	188	151	226	80	246	57	183	148	147	152	144	87	76	237	58	200	168	128	33	59	
154	90	202	239	82	130	234	80	52	64	86	231	121	15	179	64	126	173	151	238	170	148	5	239	86	239	186	128	63	139	41	153	
55	213	99	138	174	39	207	249	71	218	185	231	83	252	253	97	223	218	23	255	223	35	111	152	186	120	175	158	253	254	240	85	
138	203	238	179	238	144	189	167	175	87	86	183	173	174	210	75	231	71	187	213	246	220	175	225	236	115	222	199	164	212	189	221	
131	156	55	93	51	214	56	39	189	65	66	16	188	159	36	245	230	51	155	128	51	157	50	255	7	122	26	66	26	0	37	63	
187	213	98	77	245	211	238	247	85	66	94	198	89	108	182	164	127	106	151	239	253	184	52	159	98	79	175	128	127	254	240	253	
142	218	182	155	173	210	189	166	159	87	86	183	236	174	242	207	199	87	183	215	246	220	47	224	206	115	222	195	150	125	189	127	
50	73	98	236	86	130	238	101	133	0	242	2	41	202	53	64	106	233	23	195	200	139	0	237	178	236	138	136	53	186	240	136	
2	137	18	153	246	169	184	71	62	1	120	2	172	138	116	64	191	59	19	145	18	184	0	215	13	28	154	226	148	8	161	137	
185	93	99	237	150	146	111	119	85	2	94	230	121	77	176	97	126	186	23	234	249	188	53	191	102	237	162	192	55	136	112	185	
55	183	97	132	237	23	206	253	73	234	185	207	75	108	255	39	217	194	22	239	221	99	253	202	58	88	199	190	127	254	248	220	
138	185	32	154	227	128	191	231	159	89	80	183	172	238	54	196	207	91	147	199	214	8	14	247	44	116	158	234	23	20	181	223	
34	200	98	154	125	217	186	194	139	85	112	163	44	204	55	128	235	41	147	85	38	47	14	255	29	20	154	235	213	13	127	222	
27	13	67	172	18	50	110	242	37	64	218	199	121	166	185	244	126	231	31	239	205	155	37	255	178	111	170	128	47	231	56	92	
59	201	106	202	95	209	94	236	79	4	236	138	42	152	182	164	122	187	146	192	78	43	36	253	50	93	128	123	119	158	120	206	
186	157	18	184	155	197	18	99	143	13	200	17	174	158	34	212	233	187	135	1	126	139	18	215	185	244	26	75	18	12	173	206	
67	145	83	151	50	220	169	55	60	73	90	198	188	182	180	228	54	47	63	141	213	152	53	207	36	62	58	128	14	132	161	125	
2	185	178	139	151	167	186	71	14	9	88	35	172	158	32	64	244	59	147	145	146	152	16	255	45	52	158	194	152	14	161	155	
117	73	127	238	28	134	79	112	197	128	250	66	115	89	177	112	120	228	12	234	73	163	81	44	241	239	162	16	53	187	112	40	
156	8	159	241	146	226	49	67	188	141	87	50	157	151	32	72	99	57	175	144	50	157	2	206	217	231	58	193	160	0	165	35	
41	203	67	239	100	139	111	244	68	72	126	198	243	1	176	100	90	40	22	238	193	184	100	191	100	172	34	128	127	154	112	168	
41	217	121	78	86	205	231	244	78	100	124	10	49	220	181	32	122	248	18	106	193	58	60	61	101	141	35	40	117	154	85	232	
43	203	67	76	87	147	238	117	85	64	126	230	104	0	180	228	126	170	134	239	205	186	69	255	54	62	128	130	127	142	248	141	
58	20	114	233	118	171	120	83	61	1	126	179	15	13	52	88	255	155	151	148	154	186	65	214	150	221	16	194	247	204	98	129	
9	20	232	209	116	184	249	82	87	73	94	182	25	29	214	108	111	26	151	156	151	184	101	194	78	79	178	196	231	204	116	245	
242	216	106	138	79	81	146	200	139	116	148	175	40	220	127	7	168	145	211	227	70	39	190	241	19	80	136	191	87	31	54	222	
121	65	98	232	109	23	216	80	69	96	247	130	27	29	180	100	110	148	159	236	136	179	117	132	83	233	162	148	119	143	112	66	
2	157	50	154	237	133	190	231	140	24	88	34	172	190	96	3	239	123	147	129	210	11	10	245	61	16	222	234	20	78	177	139	
74	249	186	243	147	212	188	135	174	181	142	1	188	159	64	194	166	55	249	144	66	201	178	224	251	245	30	67	130	22	173	90	
3	95	109	5	180	154	173	55	108	232	90	230	177	40	151	228	14	38	60	141	197	184	101	204	36	44	174	128	13	156	217	93	
56	4	98	232	87	51	232	90	85	1	125	2	27	9	52	32	122	168	23	169	152	178	68	158	87	239	176	193	119	136	112	130	
72	80	243	236	77	120	105	71	203	67	108	2	173	167	115	236	107	41	170	8	1	11	246	195	199	245	146	41	150	252	37	254	
61	62	202	161	116	187	227	82	85	197	124	166	27	12	227	176	126	168	134	156	137	178	36	142	94	205	162	128	239	207	122	249	
162	149	20	138	239	233	148	207	143	63	185	59	76	222	108	129	217	19	131	33	82	35	90	215	177	16	26	127	80	90	141	130	
178	235	106	40	95	209	211	69	211	100	180	139	42	205	118	16	218	169	135	213	206	43	236	253	123	81	133	251	119	14	246	207	
188	207	61	254	57	143	95	248	151	60	229	129	231	199	40	81	93	208	79	106	106	65	123	61	249	242	207	60	50	59	132	98	
10	180	55	193	177	220	185	23	239	73	122	100	172	151	164	228	135	59	31	24	147	184	50	213	13	254	30	194	138	132	199	189	
25	223	59	234	112	133	87	244	237	8	116	68	191	211	168	112	244	57	22	74	195	190	56	125	241	221	34	232	88	130	225	169	
41	149	64	141	181	31	110	127	69	104	92	70	187	48	178	228	92	10	22	108	221	184	117	157	166	93	160	164	62	142	216	253	
2	140	156	249	157	237	56	15	30	21	72	16	188	179	32	72	193	59	11	16	50	136	83	247	205	151	154	75	144	72	133	170	
170	241	114	200	125	209	254	228	205	0	244	10	40	220	52	36	218	185	147	227	192	35	48	253	51	24	134	251	87	30	246	188	
1	177	177	67	244	223	224	71	95	105	123	82	18	24	252	96	253	10	22	25	151	184	29	215	47	28	54	102	217	10	209	159	
2	188	184	185	233	237	176	79	30	55	104	25	172	191	64	8	139	27	147	17	18	126	210	211	77	86	26	107	208	72	135	138	
0	160	152	177	149	237	48	207	30	63	8	17	140	147	72	8	201	27	11	16	18	124	91	211	205	150	27	103	144	72	133	138	
187	205	98	231	212	18	238	247	85	0	254	2	57	43	180	100	127	207	23	234	252	187	37	239	122	237	166	196	55	158	240	200	
82	157	183	221	83	198	49	167	255	73	106	18	60	183	36	116	226	63	177	128	51	153	48	255	61	190	26	66	25	0	165	59	
168	149	58	253	117	220	119	119	85	13	255	16	59	255	32	81	216	58	135	0	122	186	80	31	103	237	48	65	115	136	236	154	
170	216	34	154	95	197	186	198	159	93	208	139	40	220	55	136	236	177	147	209	162	47	82	253	21	54	154	203	21	29	55	219	
2	132	2	137	212	34	168	71	60	3	90	18	136	170	48	64	123	11	19	129	18	184	1	199	20	36	154	196	149	72	49	128	
58	133	96	225	182	18	124	55	89	1	126	146	11	47	148	112	110	131	21	168	248	152	37	206	254	223	190	192	39	140	240	9	
34	249	123	88	251	193	149	231	139	85	184	41	44	220	102	16	138	187	211	81	86	43	50	245	123	20	28	123	81	28	231	255	
2	158	27	185	114	161	184	66	62	71	82	247	188	174	162	72	247	59	51	133	183	156	7	247	4	38	58	192	156	0	33	221	
250	79	123	252	90	194	31	113	144	134	198	130	61	199	33	81	102	245	147	226	96	143	32	238	115	163	202	137	39	176	36	106	
117	73	111	100	20	2	79	240	229	192	255	194	83	67	177	112	122	228	125	238	201	179	45	108	242	168	161	128	109	179	114	32	
162	114	179	87	69	197	228	71	89	139	112	122	40	152	244	141	232	186	34	144	98	254	2	192	53	26	244	171	201	88	246	175	
3	181	187	211	246	252	189	87	238	73	95	116	252	254	254	100	182	59	19	29	147	152	178	215	45	60	58	202	140	66	163	253	
34	73	98	136	76	129	174	228	196	0	216	2	32	202	61	0	120	232	19	227	192	179	6	253	48	12	138	136	85	27	112	136	
22	58	215	145	34	226	186	66	188	192	82	227	13	134	165	200	38	125	191	211	1	221	6	108	16	34	107	195	45	161	37	147	
131	145	162	157	148	180	188	119	61	73	86	50	40	62	178	100	110	11	151	133	247	152	33	199	7	118	154	194	6	68	177	253	
8	93	127	253	71	210	181	55	212	198	126	34	57	189	38	97	98	63	179	128	97	248	48	205	103	107	86	3	103	220	229	250	
127	215	99	170	164	6	222	253	39	218	184	231	89	222	255	81	253	195	29	247	223	3	62	216	178	233	175	142	61	246	240	87	
91	89	114	232	47	148	90	208	141	72	222	163	45	159	181	96	230	249	157	199	204	155	48	232	179	249	138	138	39	151	97	95	
41	120	209	78	85	199	67	88	87	168	249	72	50	209	165	180	88	184	2	10	75	54	120	155	53	156	1	56	91	186	98	161	
19	141	99	69	83	246	111	55	113	64	110	198	121	39	144	244	54	174	18	172	209	152	53	207	53	110	130	192	111	134	225	252	
171	137	172	157	229	63	189	167	155	95	116	17	140	44	150	175	141	99	183	157	180	248	102	224	111	91	222	197	215	220	155	204	
59	77	99	69	86	83	239	113	117	224	122	198	57	14	183	180	126	173	22	239	237	146	37	238	54	108	170	128	111	182	114	252	
2	148	153	249	50	233	57	15	30	91	80	50	188	55	32	105	199	27	31	16	51	156	113	215	197	183	58	194	144	72	133	123	
122	235	32	138	29	145	154	228	139	37	140	143	168	200	118	132	200	235	203	215	94	11	222	245	186	84	143	123	23	30	158	94	
91	142	66	165	54	34	168	55	52	167	218	247	169	42	146	192	102	175	189	165	188	152	197	207	132	102	186	128	47	196	185	29	
82	122	14	188	90	192	176	70	174	204	82	167	44	142	103	66	162	127	235	193	6	217	134	237	20	32	154	139	37	4	61	223	
186	124	106	252	87	211	127	244	17	196	116	171	59	157	51	17	106	248	147	227	104	190	52	174	115	235	164	161	103	188	126	250	
33	204	35	221	117	221	227	103	221	73	120	18	178	248	180	164	216	42	18	9	163	184	100	191	45	30	16	74	87	8	212	236	
210	48	18	168	11	193	17	72	169	4	165	169	172	223	101	80	230	177	203	208	2	7	130	213	209	208	11	187	16	6	39	67	
43	36	105	201	118	179	249	91	73	65	124	202	25	13	150	36	126	185	23	173	145	182	100	222	86	77	170	232	191	140	82	225	
2	158	34	137	246	179	184	87	31	77	90	247	172	174	182	64	255	27	135	149	150	152	37	215	62	22	186	195	149	204	189	223	
44	185	29	225	184	79	75	184	38	184	184	40	151	55	65	48	72	221	93	240	27	58	121	52	237	129	167	116	216	179	6	176	
41	203	99	203	116	155	239	245	85	64	126	198	59	1	180	228	122	170	22	110	195	184	101	255	36	44	162	192	127	158	240	188	
50	249	107	170	87	193	219	100	131	196	244	171	44	221	114	16	218	185	147	209	74	58	112	253	123	209	139	251	117	14	118	250	
16	48	30	160	34	203	49	64	172	180	23	43	159	159	98	3	162	53	205	65	4	133	0	28	209	193	107	115	32	8	13	195	
253	16	56	238	109	125	81	120	81	106	245	26	122	31	106	252	249	152	182	42	13	54	251	147	211	255	242	47	83	15	126	243	
15	94	67	201	118	167	171	210	94	201	94	230	220	196	181	228	127	40	18	157	163	180	52	254	44	14	170	192	158	207	49	245	
2	157	18	159	125	165	186	99	140	25	89	34	172	254	48	67	239	59	147	131	50	26	10	255	45	20	138	234	20	10	177	139	
130	90	14	153	106	128	184	198	190	21	80	231	172	138	35	73	230	43	163	213	6	156	2	113	4	34	186	139	156	21	41	219	
55	31	98	10	93	183	194	73	197	204	221	143	98	200	183	132	216	170	134	165	142	163	44	159	50	12	129	155	95	79	120	214	
54	139	96	128	223	219	198	233	75	101	189	171	66	8	254	132	121	128	198	119	222	43	109	159	58	12	133	255	119	14	222	198	
2	253	18	139	245	197	186	199	14	13	89	35	172	222	40	64	214	59	147	209	18	152	8	245	45	20	158	195	148	14	165	203	
154	95	106	252	242	226	189	103	48	7	94	179	45	175	162	80	103	191	131	129	112	159	32	239	116	39	250	131	39	212	167	251	
35	131	98	8	223	211	174	109	95	68	124	134	104	200	182	228	94	170	130	237	215	186	36	223	62	60	136	235	87	142	252	204	
50	73	66	156	92	128	238	228	133	0	208	2	40	202	49	64	104	225	14	195	72	171	2	237	176	36	142	136	21	58	240	136	
62	24	226	158	87	243	147	66	151	78	221	163	40	254	39	76	248	251	151	147	14	131	46	250	83	103	138	139	183	111	60	215	
17	223	27	189	20	198	101	119	228	72	122	102	49	154	48	64	232	171	6	192	73	184	16	239	32	236	182	0	57	24	248	153	
19	6	107	205	22	35	235	121	68	64	223	130	113	111	179	100	126	160	31	173	153	179	37	222	240	45	170	128	53	170	113	224	
155	205	98	255	150	50	79	55	85	66	94	146	105	111	180	101	127	226	23	175	248	156	37	239	162	239	166	128	55	252	240	120	
2	173	28	249	157	237	184	7	158	17	72	16	188	191	32	72	193	59	27	17	50	8	82	245	237	150	26	107	144	72	133	138	
186	93	98	236	134	66	79	119	85	66	254	150	123	109	181	224	126	226	23	234	233	190	52	191	178	239	166	128	63	252	240	56	
2	133	18	153	247	165	190	103	30	9	88	18	172	138	48	0	255	59	19	145	18	184	0	223	45	20	26	194	149	8	161	137	
113	73	95	236	28	6	71	252	68	0	250	66	115	89	49	112	88	224	12	234	73	163	81	45	241	173	164	16	117	187	112	40	
162	148	16	136	239	193	180	239	143	55	185	187	12	254	42	65	235	147	139	33	114	47	10	211	181	20	30	127	148	76	141	203	
204	210	63	241	100	207	49	88	174	127	23	119	221	23	40	75	39	20	111	170	163	117	57	213	197	225	99	228	26	169	5	243	
211	13	111	206	6	18	111	113	101	192	223	194	113	230	183	117	126	164	28	239	237	147	37	204	176	232	234	128	45	162	114	124	
14	58	187	156	125	212	187	82	237	204	84	39	60	222	103	202	236	121	151	209	135	139	50	232	147	117	186	139	154	5	45	223	
93	13	79	174	82	50	106	113	164	192	251	199	121	110	179	240	126	165	31	174	157	145	5	78	50	239	170	128	45	167	41	81	
0	164	152	177	181	237	48	79	30	59	56	16	134	147	72	8	201	27	14	16	18	252	67	211	205	150	27	103	144	72	133	131	
57	217	115	79	87	223	227	252	68	108	124	74	123	85	184	36	120	56	22	106	195	186	60	189	109	205	35	32	119	138	100	233	
41	54	235	225	118	247	235	83	84	205	127	166	49	13	179	160	126	40	150	156	131	178	53	138	78	141	162	128	239	202	124	241	
16	223	42	221	52	130	237	119	100	12	94	102	177	35	176	64	104	46	7	136	216	184	1	47	100	173	182	128	13	128	241	171	
74	234	180	183	169	212	188	167	175	222	22	129	173	238	82	70	199	103	253	149	70	72	171	241	239	115	223	171	6	148	173	77	
61	151	225	236	188	7	79	248	81	232	184	238	83	124	189	32	95	196	23	239	189	51	109	142	186	207	165	180	189	239	80	209	
6	205	112	155	255	145	190	229	223	21	25	131	172	206	126	0	207	91	147	83	214	40	46	247	47	28	158	235	149	31	149	207	
10	18	114	145	114	152	184	82	61	13	114	247	172	14	166	205	38	57	135	145	162	156	4	197	20	112	58	195	103	132	7	229	
59	75	106	78	87	159	242	96	65	68	253	143	106	72	55	176	254	168	134	230	204	179	60	221	82	77	0	35	127	175	122	198	
39	253	98	11	245	189	238	244	79	104	93	78	40	216	246	164	188	42	18	223	215	58	60	255	46	28	143	234	95	143	251	157	
47	143	64	137	213	187	235	123	22	101	92	143	137	32	178	164	123	42	146	188	149	186	101	159	78	79	171	229	191	205	88	212	
55	245	97	164	172	7	207	253	65	232	184	239	115	108	92	34	220	199	21	231	221	35	109	142	184	204	175	188	125	126	240	93	
186	204	98	230	84	146	238	246	85	2	246	18	41	43	180	100	123	206	23	234	232	191	37	255	122	239	182	196	55	140	112	136	
67	222	133	157	74	128	44	55	175	83	90	231	172	166	176	230	39	103	187	141	213	92	134	253	36	54	222	138	60	116	129	93	
14	200	180	183	173	212	188	167	143	223	22	131	236	238	119	207	199	115	191	149	6	77	171	241	207	115	223	203	146	252	61	94	
56	157	18	252	241	204	116	103	181	15	124	17	63	191	34	208	232	187	135	0	126	186	0	159	227	247	50	3	82	12	236	219	
82	90	130	188	47	192	54	198	175	76	218	231	44	206	35	192	228	241	175	199	206	15	130	249	176	52	170	155	24	53	61	95	
18	159	18	188	59	209	20	103	173	13	216	35	46	158	38	212	226	59	143	1	86	11	2	215	177	116	26	219	16	4	173	79	
151	18	74	237	22	178	106	80	53	66	215	247	121	207	179	200	118	173	31	190	173	148	5	206	210	239	170	128	61	163	57	145	
218	143	106	252	83	192	61	103	144	12	92	147	45	167	34	69	98	187	167	129	112	143	162	207	243	231	186	137	55	4	165	234	
162	248	34	154	127	201	184	198	158	85	80	171	172	220	119	133	235	59	147	209	102	62	18	245	5	80	154	171	21	29	63	222	
63	251	115	226	251	213	158	245	201	72	148	239	44	223	182	52	142	177	149	119	214	11	50	253	123	89	44	251	23	142	167	127	
3	149	123	205	54	212	169	55	124	77	94	2	189	183	182	100	54	59	27	137	211	153	53	207	101	45	186	192	4	128	229	105	
210	34	30	168	43	225	57	75	175	21	194	179	140	135	98	75	230	145	235	145	18	7	130	208	209	49	154	235	20	4	37	211	
3	185	51	195	244	143	162	83	78	105	123	102	152	152	244	224	158	43	22	29	151	184	28	241	44	28	50	228	220	138	249	149	
59	157	99	77	181	86	254	247	85	74	94	167	121	108	182	228	125	230	151	237	237	184	53	255	34	111	174	129	127	254	248	253	
42	88	38	186	95	213	186	196	143	92	80	163	172	220	55	136	236	57	147	211	66	47	18	253	21	82	154	171	21	29	61	219	
226	183	246	158	109	56	178	105	201	25	121	255	204	248	190	131	222	83	179	35	148	114	206	193	22	56	82	239	77	79	248	135	
27	159	35	169	50	178	187	55	20	69	94	231	189	38	178	228	119	43	23	141	147	152	37	223	236	239	186	192	190	134	169	249	
50	65	115	225	101	77	240	80	69	0	243	2	11	25	52	0	232	144	95	192	200	179	81	192	23	216	130	2	103	139	112	130	
167	106	242	26	95	149	184	64	223	206	113	15	40	200	55	137	238	169	131	215	134	39	46	249	23	24	139	171	85	63	127	199	
2	157	56	155	250	209	190	247	158	85	92	231	172	190	114	64	207	123	151	197	215	8	94	245	174	21	158	235	28	4	169	217	
59	185	35	200	213	213	211	247	71	77	124	7	40	221	54	36	248	170	151	212	223	186	48	253	123	93	132	235	91	14	252	223	
50	64	99	225	5	13	248	80	69	32	243	2	11	25	52	96	232	144	31	201	200	179	81	192	151	217	130	18	103	139	112	134	
88	159	245	109	174	122	69	63	108	14	122	96	239	60	128	246	243	86	108	32	208	169	97	15	165	230	118	147	116	122	197	45	
169	82	107	204	100	87	235	80	85	78	116	230	49	141	183	32	94	168	22	238	201	182	52	138	86	205	160	168	127	187	118	249	
90	155	6	189	35	128	60	55	61	3	194	231	44	34	160	197	102	167	191	133	245	157	5	255	180	38	218	194	62	132	169	29	
82	219	34	188	39	128	52	247	141	78	218	231	44	206	34	64	230	179	175	197	206	139	2	253	242	118	190	139	28	28	189	91	
150	18	79	179	82	162	56	81	60	5	83	247	93	199	160	72	54	189	55	149	177	149	13	70	148	38	171	196	173	162	37	241	
11	137	172	177	237	220	185	167	203	93	52	17	172	172	86	175	137	67	243	29	182	104	226	225	79	91	222	203	194	76	223	206	
2	141	2	153	148	162	172	103	28	1	90	18	136	42	48	64	107	47	19	145	18	152	1	223	12	38	154	192	148	72	177	136	
58	205	96	241	182	128	124	183	25	17	62	146	41	47	148	64	111	147	21	137	218	152	5	231	174	223	158	192	39	132	240	9	
219	133	6	156	155	150	44	39	189	68	202	151	108	226	34	213	102	167	251	165	117	137	22	206	176	118	202	66	46	100	169	84	
233	221	122	92	113	212	53	247	240	72	124	48	184	183	166	245	206	58	150	8	241	171	50	127	115	249	54	11	66	212	238	171	
59	77	99	196	84	146	239	119	85	192	222	198	121	140	183	164	126	172	22	239	237	179	36	206	50	108	170	128	103	190	112	252	
14	156	98	74	219	245	186	250	23	95	220	183	72	254	254	228	93	27	147	181	182	27	62	247	127	79	143	239	183	198	188	247	
155	75	202	164	38	50	126	70	33	192	222	231	45	143	179	192	238	237	149	199	140	147	132	234	242	101	138	131	47	255	57	31	
10	142	34	137	246	179	184	87	30	77	90	247	172	46	182	64	255	27	151	149	150	152	37	255	44	22	186	195	151	204	181	221	
2	172	144	177	203	233	184	71	26	55	72	25	172	190	68	8	171	27	211	17	22	120	194	211	13	22	26	107	208	76	143	138	
75	207	199	157	67	144	45	182	173	64	94	230	173	166	179	230	102	111	187	205	197	152	166	237	36	54	222	138	62	244	169	125	
158	36	98	145	67	115	184	66	63	247	87	147	13	142	127	141	63	157	147	181	36	213	36	208	158	67	219	231	167	69	61	214	
195	91	171	156	94	132	187	86	142	200	82	231	52	220	179	64	228	237	63	197	133	27	166	249	20	32	170	138	29	53	53	221	
34	249	38	154	109	193	176	196	142	20	80	163	172	220	119	136	206	59	147	195	70	42	18	241	21	16	154	171	85	29	63	223	
43	48	170	137	85	247	185	74	14	237	92	135	8	204	247	228	125	171	147	149	135	146	60	220	93	5	155	231	151	78	60	252	
190	26	234	158	125	241	147	64	151	204	213	183	40	206	167	76	220	185	151	147	46	143	46	234	18	118	170	139	151	45	52	215	
6	173	112	219	247	217	190	228	31	85	24	3	236	236	126	0	239	123	147	211	214	56	126	247	47	28	143	235	151	31	149	206	
237	88	127	72	108	103	193	216	217	126	116	30	17	221	183	121	220	196	54	110	161	119	114	16	87	187	97	172	95	185	112	241	
158	120	190	186	49	212	186	66	157	204	213	55	44	222	39	105	236	121	159	211	175	207	50	236	219	113	170	203	154	37	45	247	
2	157	50	155	182	133	190	231	30	73	88	162	172	190	52	0	255	59	147	209	210	152	8	247	45	30	158	194	149	14	177	137	
162	39	96	139	245	185	170	71	31	133	88	215	168	136	118	132	223	43	131	149	182	190	68	255	46	28	158	235	223	204	217	220	
26	79	74	190	178	176	62	247	177	6	222	167	109	239	163	69	110	235	149	199	108	153	4	239	242	101	142	131	47	247	187	219	
250	205	227	252	180	82	207	183	21	66	222	146	105	111	180	228	127	247	151	175	249	139	37	239	114	239	174	128	55	252	240	120	
6	27	38	154	223	241	178	67	159	77	221	183	44	222	38	76	237	59	151	145	54	139	34	255	27	116	154	203	151	12	181	215	
10	137	20	249	157	197	52	167	158	17	64	18	188	155	32	64	195	59	27	17	82	8	83	245	237	147	30	91	144	8	149	10	
47	191	177	19	241	245	182	215	75	127	120	237	172	188	230	172	143	91	134	21	151	58	110	243	46	22	62	235	222	95	139	221	
178	205	98	206	212	130	206	231	133	2	216	2	40	234	53	64	108	227	23	227	232	171	0	239	50	44	142	136	53	250	240	136	
91	4	71	169	86	50	105	51	36	65	91	198	93	46	178	225	118	133	63	189	149	152	37	204	190	235	170	196	173	134	33	113	
178	205	66	158	220	128	206	231	133	0	216	2	40	202	49	64	104	227	14	195	72	171	0	255	48	32	142	136	21	122	240	136	
58	204	98	239	22	178	234	242	85	2	222	2	105	43	180	100	123	235	23	171	232	191	45	255	178	239	130	128	55	234	112	12	
121	73	87	236	28	14	71	124	68	8	254	66	123	65	49	240	88	228	14	106	73	163	65	13	241	233	164	24	123	186	112	40	
15	26	227	219	118	243	171	80	92	203	95	230	249	196	183	236	127	40	146	157	167	180	60	238	4	79	186	128	159	143	57	253	
139	135	65	201	245	155	234	247	93	65	120	198	168	8	180	164	122	170	22	253	211	184	100	223	46	28	134	192	127	140	249	172	
41	201	83	73	245	155	110	247	93	64	124	198	187	1	176	164	122	170	22	108	211	184	36	255	46	93	36	64	127	142	200	172	
34	220	107	72	87	213	183	119	85	68	124	135	48	220	190	36	88	184	19	175	195	186	54	255	103	28	128	203	119	158	244	255	
11	88	99	223	118	151	235	80	84	74	87	230	121	220	183	228	126	40	22	239	225	180	37	254	36	111	170	128	127	191	113	253	
57	213	97	165	52	15	206	127	81	232	186	239	83	60	144	160	252	229	85	229	253	186	101	143	184	239	173	244	109	170	210	121	
43	239	98	147	245	177	254	199	95	79	92	247	168	168	246	140	223	43	147	29	182	250	68	255	46	94	158	235	215	92	251	205	
74	168	180	188	45	212	184	3	143	157	14	1	172	238	118	206	193	51	251	21	6	73	162	209	143	83	223	59	146	12	61	78	
59	251	115	232	127	149	158	117	201	72	148	235	60	222	182	52	142	177	149	103	198	43	32	253	123	89	172	250	87	142	7	223	
61	19	225	229	52	7	74	120	80	232	242	238	83	61	177	160	94	196	21	237	153	186	101	140	248	239	165	148	125	171	80	113	
9	54	227	203	118	247	171	81	84	203	95	230	249	197	191	228	126	40	146	189	131	182	36	206	68	15	186	128	255	143	113	241	
162	75	102	158	109	209	186	64	207	92	240	43	44	204	55	138	200	105	147	199	198	39	34	249	23	16	202	171	85	63	127	223	
2	134	18	154	74	193	186	228	142	55	145	187	140	174	104	64	239	27	139	131	50	15	10	211	28	20	154	255	149	74	37	138	
8	151	20	249	189	237	48	31	30	61	26	112	174	51	96	200	161	27	174	16	18	24	67	213	205	151	58	227	144	72	133	11	
222	76	118	220	7	214	126	98	245	198	198	18	41	143	39	239	98	224	136	234	108	199	54	238	243	243	194	3	35	181	45	94	
139	90	134	187	114	128	185	214	62	76	86	231	173	199	163	204	102	41	163	213	7	156	6	249	68	35	186	192	28	21	45	217	
211	1	107	205	6	18	109	113	117	192	215	194	81	38	182	113	126	172	61	239	249	147	165	204	208	169	234	128	45	160	113	100	
10	58	198	185	34	177	56	7	62	31	90	183	172	142	130	200	231	11	167	149	22	156	71	209	134	115	250	195	150	68	173	159	
54	143	98	128	215	203	150	235	79	228	184	171	64	44	182	4	123	142	131	115	84	187	13	222	58	4	141	247	117	14	212	207	
231	82	227	156	108	48	169	72	217	90	81	246	72	200	253	239	126	205	51	231	133	246	174	192	20	56	203	174	77	61	115	245	
11	159	23	153	114	180	184	119	172	73	90	229	188	174	162	192	166	43	19	141	151	152	22	213	6	60	58	192	14	196	169	221	
56	159	18	236	113	204	84	103	173	13	120	33	46	191	32	212	230	59	135	0	76	187	0	205	179	245	50	131	82	68	175	139	
75	202	231	157	70	128	173	166	191	65	90	230	172	230	180	230	102	111	51	205	193	216	166	225	36	52	222	138	22	244	33	236	
10	137	32	169	150	132	190	255	60	81	74	3	188	62	48	96	239	91	27	197	210	152	17	247	111	111	158	64	22	20	161	216	
35	181	168	137	213	247	171	207	14	109	92	135	40	172	127	164	121	139	147	149	151	154	116	215	13	20	155	239	149	78	124	222	
11	183	115	67	178	155	126	245	109	9	127	228	218	233	188	164	54	58	150	120	211	184	44	255	46	220	36	194	79	130	235	165	
95	79	98	68	147	18	127	243	225	206	254	167	75	110	183	214	118	230	140	238	236	147	44	206	242	239	167	133	39	246	44	85	
95	22	214	197	3	50	56	16	169	182	159	178	77	55	139	239	55	85	253	162	36	213	173	192	146	242	219	135	167	247	41	37	
74	169	164	179	173	208	125	167	175	21	134	129	173	175	82	70	193	71	249	145	86	72	226	241	239	243	222	75	6	12	181	74	
146	79	66	190	82	130	62	102	173	196	218	231	45	138	51	64	102	235	159	199	108	139	4	239	242	32	138	131	45	215	57	94	
2	140	18	159	126	129	186	226	158	19	89	18	172	234	48	64	239	107	19	131	50	24	10	247	44	20	154	234	20	11	49	137	
246	90	236	154	126	153	186	200	155	52	145	175	78	204	63	8	190	209	247	119	166	39	14	247	18	54	9	255	245	63	93	199	
89	159	109	173	178	42	107	55	44	65	94	231	189	39	146	96	54	7	29	173	145	152	37	95	236	175	186	192	61	192	161	121	
6	233	50	139	245	193	190	197	14	5	89	3	172	222	56	64	215	123	147	209	82	152	24	245	45	20	142	235	148	31	165	139	
23	18	115	193	34	146	42	80	117	132	83	230	77	198	177	105	118	189	54	250	133	149	37	200	146	168	234	128	37	163	37	229	
2	0	31	217	100	204	169	0	172	25	115	0	156	155	113	75	226	57	51	17	3	52	18	209	69	24	218	72	84	9	1	163	
183	74	70	206	92	147	202	96	197	10	211	70	96	192	181	197	120	160	14	238	236	167	14	159	50	46	163	136	61	175	120	4	
47	182	233	219	246	185	187	89	94	65	125	246	153	220	222	172	95	11	147	29	151	52	108	211	14	29	186	236	223	206	209	245	
55	92	239	236	6	66	207	112	5	194	222	231	115	125	183	96	126	244	23	231	205	177	53	174	242	110	233	128	125	251	116	119	
61	14	239	79	38	82	239	112	85	198	127	231	73	104	183	100	126	236	54	239	205	180	37	142	98	111	235	129	103	175	124	245	
0	0	127	193	100	204	249	64	237	16	114	2	156	155	101	75	232	17	7	81	2	48	18	192	5	152	2	74	80	9	101	162	
235	249	80	64	89	157	54	230	207	49	164	44	168	154	198	180	138	241	250	208	215	43	246	247	62	92	5	127	91	28	202	142	
6	200	80	155	126	129	186	192	158	17	80	130	172	206	49	64	239	123	19	211	34	40	10	247	12	22	154	232	21	9	33	137	
34	188	163	152	249	245	184	67	31	119	89	191	172	158	102	140	221	59	147	149	183	94	114	243	31	20	155	234	157	76	189	214	
2	141	18	153	150	130	174	231	60	1	90	18	172	42	48	64	123	43	19	145	82	152	1	247	44	54	158	192	20	64	177	136	
39	22	98	10	124	251	146	72	223	205	221	175	98	236	191	160	222	40	150	21	151	163	102	158	50	93	1	155	221	239	124	215	
34	209	48	202	111	197	188	237	143	29	184	43	172	158	62	0	238	155	147	193	66	43	82	245	53	24	142	187	21	30	189	139	
50	12	102	207	84	162	234	99	85	2	250	2	105	105	53	64	123	163	23	161	168	179	5	223	50	238	139	128	183	234	112	128	
118	75	226	186	206	131	190	192	155	180	144	239	76	204	55	8	190	241	231	211	70	35	10	248	48	0	207	191	85	63	53	131	
6	203	146	152	90	129	190	192	142	53	128	171	44	202	101	202	238	241	139	211	2	3	10	245	56	2	139	123	21	57	173	130	
86	4	230	148	199	50	172	64	173	150	219	147	72	234	63	223	107	229	187	166	36	211	4	192	18	42	219	135	167	119	60	70	
151	79	67	188	230	128	175	229	188	198	90	231	109	206	187	65	126	235	23	239	229	151	6	236	52	32	174	136	45	181	185	212	
43	147	33	89	247	213	189	127	93	73	80	102	56	220	188	164	220	58	151	9	215	184	54	223	47	30	154	226	95	140	241	253	
22	17	250	169	147	101	57	89	63	125	95	135	28	191	106	72	55	159	191	144	23	145	49	208	219	197	26	231	177	66	141	115	
60	71	111	174	68	66	239	112	132	228	223	135	89	109	183	2	126	228	23	239	201	179	44	140	113	109	235	128	117	255	116	240	
57	135	83	205	53	3	71	125	69	8	255	102	115	113	188	228	88	170	6	106	217	186	97	159	48	173	160	144	127	170	240	41	
35	167	98	153	215	187	172	199	95	71	88	151	40	168	62	140	249	11	131	149	182	250	20	247	60	22	158	227	221	92	217	222	
26	217	50	154	79	221	180	231	207	113	4	11	44	156	102	229	168	59	179	65	70	41	50	241	55	81	30	59	83	28	141	206	
166	30	42	154	125	243	187	80	149	206	215	183	224	204	167	72	205	57	159	145	174	135	110	206	10	119	170	139	151	47	52	247	
35	135	98	153	215	179	248	99	95	77	95	151	8	8	182	133	249	139	147	181	182	186	69	221	30	30	154	199	159	12	248	214	
23	90	107	175	86	210	171	80	84	196	95	231	113	204	183	104	126	236	55	223	133	180	188	238	118	111	170	192	173	175	117	244	
138	217	22	250	63	193	48	166	159	29	84	50	172	147	32	197	195	59	175	64	98	13	66	245	173	211	62	219	18	12	141	11	
191	162	225	177	70	57	171	216	94	115	85	247	153	76	223	168	127	73	23	159	151	180	237	242	76	77	187	228	255	237	19	245	
155	90	162	187	51	150	59	82	55	76	70	167	173	199	179	204	118	41	183	220	167	156	55	255	198	103	186	128	190	133	45	253	
49	83	73	229	52	3	74	57	68	224	250	238	83	9	145	96	126	140	53	236	201	178	69	12	238	169	161	132	45	138	112	57	
41	165	66	73	245	155	106	119	119	65	124	66	43	1	182	180	122	138	130	220	215	186	100	223	46	93	4	98	127	142	202	172	
49	6	75	69	84	34	227	115	100	72	250	70	83	32	176	96	120	140	6	172	153	178	37	14	84	172	162	0	109	234	112	160	
34	150	102	152	223	243	184	67	143	77	216	183	8	206	62	64	253	59	135	181	150	139	50	223	27	52	138	203	151	14	181	215	
2	219	66	156	91	145	190	230	141	4	88	231	40	202	182	196	238	171	147	197	198	139	6	253	54	112	154	139	31	148	57	221	
147	95	99	141	70	22	173	119	92	194	210	230	57	14	181	229	110	237	23	237	225	159	53	206	52	42	174	128	45	180	57	253	
51	7	67	205	246	98	107	115	29	73	123	230	81	102	188	244	126	188	22	172	177	154	37	206	60	46	170	196	189	138	224	181	
219	90	191	252	43	148	29	182	169	90	150	245	188	191	183	111	198	117	253	199	229	205	178	233	243	123	222	154	14	244	37	127	
155	72	98	159	38	146	238	88	84	68	86	198	57	204	183	228	126	40	150	207	197	152	39	255	38	111	170	128	63	157	121	221	
163	60	171	152	121	245	187	67	159	199	201	183	172	222	119	44	221	59	147	149	167	23	58	219	21	20	155	171	149	77	61	214	
143	120	227	159	102	181	171	80	94	66	85	246	185	220	183	172	126	104	18	207	163	182	126	243	4	77	234	168	95	189	113	245	
159	24	163	155	55	247	171	80	86	203	85	214	249	220	183	228	126	40	150	159	167	148	45	255	134	79	186	128	191	143	57	245	
6	141	32	211	213	197	190	230	31	49	24	3	172	60	116	0	233	91	147	209	82	56	25	247	47	92	159	103	21	30	181	202	
58	151	98	128	215	131	182	105	4	160	216	235	72	168	180	132	126	191	131	241	220	187	12	222	56	4	143	247	127	14	253	158	
51	153	114	232	52	149	218	113	201	72	60	163	45	31	180	36	158	179	149	237	214	41	36	221	106	89	136	218	87	134	81	221	
178	205	66	142	92	128	206	231	133	2	216	2	40	234	52	64	104	227	23	227	104	171	2	255	48	44	142	136	21	126	240	136	
131	75	227	221	118	128	170	182	94	128	82	198	165	227	181	100	118	111	51	204	163	216	134	235	4	46	186	136	63	177	57	173	
3	155	202	185	178	184	56	23	63	85	90	245	172	138	178	200	231	43	191	149	150	152	71	241	142	119	186	195	156	196	169	157	
66	161	182	156	45	149	184	71	143	21	132	17	172	158	102	206	128	59	251	17	22	73	146	209	155	112	90	123	18	12	157	206	
26	217	110	220	51	210	61	101	180	69	214	163	121	223	162	97	126	185	151	225	74	139	36	221	115	103	234	139	55	150	173	123	
113	213	41	165	52	15	79	53	65	232	186	110	151	60	144	32	92	164	92	109	201	186	97	15	184	236	173	144	109	154	208	57	
2	141	50	155	182	129	190	231	30	1	88	2	172	170	48	64	247	123	147	193	210	152	8	255	45	20	158	194	21	14	177	137	
130	184	186	209	237	245	177	199	223	63	20	18	136	157	118	108	201	27	179	145	146	126	50	210	79	26	222	103	144	88	253	255	
15	163	228	129	151	183	188	79	47	55	31	151	141	42	94	140	47	11	155	157	150	152	21	214	14	78	158	229	167	196	153	196	
55	67	106	172	28	19	206	88	68	196	208	207	3	200	183	0	120	160	14	231	204	163	4	156	240	73	171	188	125	63	122	196	
31	35	98	75	246	187	234	220	119	69	125	226	105	72	190	164	58	202	134	222	150	184	45	237	62	76	166	193	231	143	249	197	
122	140	38	156	25	244	16	99	185	69	200	17	44	254	38	212	193	163	249	133	62	11	178	255	155	119	218	91	146	68	191	78	
51	235	65	129	214	155	174	253	7	32	88	239	41	140	240	132	126	153	147	239	211	186	13	253	60	0	141	228	127	142	153	157	
66	95	86	220	115	176	188	103	169	138	250	231	44	174	165	213	230	179	135	128	228	139	2	239	50	52	30	139	15	84	171	159	
57	235	114	75	246	155	250	244	95	5	124	230	41	200	190	164	62	106	134	88	214	184	44	253	46	93	36	195	127	143	203	141	
55	96	162	28	79	145	176	65	207	20	245	3	40	216	118	140	248	169	162	133	214	183	150	209	18	121	202	43	87	46	122	198	
155	74	98	141	78	146	238	248	20	68	84	199	41	206	179	229	126	233	183	239	205	150	38	249	246	105	234	136	63	189	57	221	
47	12	106	26	127	255	154	74	223	68	93	143	236	204	63	32	222	41	147	21	166	162	126	159	71	31	9	27	213	111	29	212	
186	221	50	152	79	213	180	231	143	93	188	27	44	156	102	134	169	59	211	65	86	43	18	245	123	81	30	123	83	28	173	223	
26	227	232	161	147	81	248	207	15	125	28	131	13	142	122	0	62	155	151	213	86	153	165	208	255	69	191	229	181	142	141	214	
162	178	185	208	236	133	185	87	222	255	16	84	140	156	116	43	205	27	51	17	179	110	242	210	13	24	222	234	156	8	213	255	
23	227	162	129	151	23	236	207	47	125	158	151	8	42	126	4	123	139	159	157	150	153	37	208	190	77	158	197	167	4	185	206	
235	89	227	84	101	84	173	87	216	194	116	70	184	156	245	239	206	109	50	77	225	254	182	200	37	56	222	136	79	60	241	253	
17	23	75	133	212	98	231	87	100	73	126	102	17	32	176	100	120	142	6	188	153	184	37	78	52	44	162	196	173	251	240	244	
6	3	194	148	196	50	172	67	48	143	83	247	72	234	255	207	249	175	163	181	180	211	134	192	28	38	250	133	141	116	249	132	
10	218	18	218	111	209	18	230	143	28	92	34	172	151	162	196	199	59	175	66	70	11	42	245	135	247	58	171	26	31	45	31	
155	90	226	155	19	246	123	80	55	77	70	135	41	206	183	252	118	233	191	220	175	156	55	255	130	127	154	131	190	133	53	125	
34	151	38	136	247	243	184	107	29	77	89	183	8	140	62	64	253	43	147	181	150	187	38	221	30	22	154	199	157	12	189	215	
67	218	251	253	38	128	253	55	173	91	94	246	189	175	180	96	231	51	63	141	195	28	162	227	102	255	250	138	30	212	161	57	
54	165	112	192	221	231	218	65	11	165	185	11	14	156	94	144	216	159	215	243	30	51	216	214	59	92	143	127	197	15	223	134	
57	151	114	77	119	187	71	123	69	76	255	230	107	101	182	244	94	162	134	106	217	186	101	159	114	253	160	211	127	174	220	117	
11	150	35	153	117	244	184	55	253	73	90	117	188	190	182	228	231	43	151	157	183	156	54	215	15	126	186	194	158	132	185	253	
202	161	48	248	29	253	80	67	171	29	132	25	174	159	70	20	128	187	217	17	30	15	226	213	219	209	154	123	18	12	31	74	
159	88	162	189	39	209	235	216	23	76	84	135	189	206	179	237	126	105	151	207	135	212	54	241	198	105	250	137	63	189	57	221	
156	81	106	231	22	82	95	121	33	228	215	162	91	15	187	98	126	220	157	234	73	147	189	136	243	233	175	133	47	186	60	112	
3	135	67	193	246	162	234	215	61	105	90	246	25	46	180	228	127	143	23	188	147	152	37	214	44	14	190	196	173	152	241	189	
80	155	59	232	182	197	155	85	14	13	217	98	156	159	96	96	246	59	31	209	18	11	32	223	249	132	46	234	20	2	165	115	
2	203	98	156	91	145	188	103	140	4	220	167	40	142	54	68	238	187	131	197	198	11	6	253	50	116	154	139	23	20	189	223	
19	82	70	129	114	130	169	115	52	41	91	231	85	3	184	64	119	13	23	188	129	148	5	94	4	38	186	196	173	130	33	145	
42	73	99	247	85	220	111	230	205	196	126	2	59	157	53	228	232	250	147	73	72	184	48	236	99	253	148	1	99	158	116	234	
41	215	107	237	246	22	111	117	36	72	126	230	49	7	176	240	126	142	23	238	217	152	37	45	102	173	162	192	47	138	240	249	
203	216	61	252	13	132	253	55	253	90	86	22	188	187	52	107	228	163	59	205	225	109	50	225	231	251	222	10	24	48	225	58	
139	155	2	187	145	156	56	151	191	81	66	213	173	142	50	192	230	43	155	149	151	152	22	247	174	117	154	192	156	132	185	28	
130	141	32	155	151	135	186	231	30	1	88	2	236	234	56	64	255	43	19	209	242	152	25	255	45	20	142	192	21	14	177	138	
139	152	96	153	127	177	184	194	95	81	84	246	172	220	254	164	223	43	147	157	167	56	46	215	14	28	139	238	223	140	89	157	
53	75	106	168	12	3	206	112	68	224	146	207	19	8	179	64	120	132	94	239	204	163	5	12	240	73	170	184	125	187	120	12	
99	31	230	172	238	0	188	103	136	200	152	231	40	172	55	195	238	231	215	231	196	43	198	200	116	32	239	138	13	124	122	219	
18	90	106	236	58	2	218	112	149	12	208	231	105	175	183	65	126	241	151	229	172	131	4	207	146	118	234	139	55	166	36	95	
142	79	2	152	203	209	191	198	142	20	140	131	44	134	99	206	106	251	139	211	66	11	2	249	48	1	143	43	23	93	45	138	
57	151	99	205	181	243	67	127	85	77	255	102	107	104	182	228	89	174	134	168	189	186	101	159	34	255	160	193	127	142	248	229	
21	76	107	236	20	194	207	246	212	196	222	135	113	204	183	96	120	232	23	239	205	179	52	46	115	45	162	136	61	187	116	112	
178	204	98	222	92	130	206	230	149	2	216	130	104	238	52	64	104	227	23	227	232	175	0	255	48	46	158	136	21	62	112	136	
121	217	25	228	52	15	79	180	64	104	114	108	183	17	145	176	78	228	28	111	201	186	97	45	228	237	160	144	44	187	82	57	
130	141	18	155	150	134	174	231	28	1	90	18	172	42	32	64	123	75	19	208	114	152	9	255	45	54	158	192	20	8	161	136	
194	135	162	156	223	208	180	103	185	7	202	179	172	170	38	198	232	63	171	129	118	143	134	199	48	52	158	75	21	68	189	142	
91	88	187	220	107	244	157	198	169	202	206	3	60	191	119	122	231	245	185	131	133	71	178	224	211	127	218	138	138	117	37	127	
10	236	34	209	213	197	178	230	22	61	152	18	136	189	120	0	249	90	147	145	114	187	0	247	111	85	158	103	147	76	245	138	
29	31	91	206	118	162	235	114	20	200	91	230	113	103	177	96	118	236	22	238	129	154	52	110	120	173	171	128	45	227	112	177	
27	89	107	133	70	150	173	55	116	194	94	198	185	46	151	228	110	175	18	141	205	154	117	202	36	109	190	128	45	148	185	252	
124	89	42	236	29	87	87	120	133	196	229	11	83	223	35	98	216	240	157	226	72	163	112	168	243	233	129	25	51	187	116	66	
138	137	10	185	145	132	56	199	190	85	70	149	173	138	114	65	229	43	155	149	118	152	18	247	238	81	154	192	152	4	185	218	
46	21	110	168	183	231	185	77	156	197	223	135	205	252	62	72	222	43	187	53	148	131	119	132	171	119	138	206	149	78	181	214	
171	25	227	157	71	220	173	119	216	194	84	6	184	188	54	231	236	47	178	13	213	250	246	192	37	121	222	8	79	44	249	252	
155	72	98	141	38	146	237	89	85	70	212	135	41	140	183	101	126	168	151	205	205	150	39	201	18	121	138	128	63	172	120	253	
89	149	101	229	18	70	111	57	37	96	78	198	243	55	152	116	54	132	28	236	217	144	117	77	229	238	234	128	62	162	32	112	
46	146	34	168	119	195	184	65	158	77	211	167	140	142	62	64	254	25	151	149	150	155	4	212	26	85	154	195	149	12	181	215	
155	89	162	157	5	213	237	95	87	76	84	135	169	156	179	237	126	232	151	205	207	158	118	217	230	121	222	161	54	188	56	221	
98	216	40	184	125	201	145	238	138	85	176	41	166	220	54	3	201	51	203	1	6	43	114	181	91	19	88	123	80	12	215	218	
2	219	48	218	123	209	62	246	15	77	92	239	172	158	230	196	231	59	135	66	199	26	42	247	54	84	26	171	30	158	141	223	
57	159	114	205	247	186	255	247	77	76	126	230	75	45	182	228	126	166	150	44	253	185	37	255	58	255	162	195	127	143	252	117	
10	223	80	222	106	209	31	247	143	76	92	231	172	215	162	196	198	59	151	194	199	8	42	253	34	117	42	171	30	158	141	223	
21	158	195	131	244	38	239	215	116	75	90	102	17	34	181	100	121	206	22	157	153	184	37	226	60	46	182	196	173	211	241	253	
1	180	185	249	180	173	169	23	94	91	86	84	149	151	112	104	197	27	23	29	147	252	115	16	205	159	62	192	152	72	145	249	
170	156	58	184	253	213	148	231	157	79	188	59	46	188	38	133	237	51	223	1	118	47	34	247	243	87	30	251	82	76	173	223	
25	223	105	199	54	150	239	180	100	72	127	230	121	39	184	224	126	206	23	238	209	152	45	189	102	237	166	192	63	154	240	249	
178	207	67	174	18	194	78	236	21	4	249	227	105	206	44	212	126	241	135	227	104	11	12	255	176	164	142	155	53	186	172	140	
41	201	42	223	85	220	229	39	213	9	126	2	179	153	54	100	200	58	19	8	95	184	48	175	103	253	146	1	83	10	252	174	
129	178	185	177	236	173	185	31	202	219	17	92	148	156	92	43	207	27	55	21	147	124	242	194	13	26	126	234	156	8	145	251	
75	92	187	252	107	244	159	70	139	203	92	35	60	191	101	122	198	123	181	129	3	11	178	227	83	127	158	139	158	116	39	127	
34	170	40	184	77	225	145	234	142	92	152	43	38	204	119	0	200	43	195	65	6	43	226	177	83	21	26	59	81	12	119	203	
18	207	42	188	90	145	157	103	140	5	220	167	173	142	50	64	238	187	135	133	94	11	6	255	240	101	186	139	21	4	189	219	
10	157	59	216	87	244	185	119	221	73	94	18	60	191	36	100	231	59	147	1	147	185	50	215	95	62	26	74	146	8	181	255	
252	65	110	230	5	86	95	120	129	228	135	131	91	79	59	115	120	212	157	234	104	151	189	140	243	233	197	5	39	187	124	114	
57	159	115	73	181	210	227	183	85	77	126	118	107	40	182	228	123	170	150	40	189	184	37	191	42	255	160	195	255	140	248	125	
138	51	226	150	199	16	188	103	185	132	86	183	40	172	118	135	238	191	179	133	196	250	166	200	54	112	222	171	7	68	255	206	
133	64	231	193	36	58	232	16	236	80	51	80	219	200	253	239	226	9	126	91	135	244	47	192	132	248	99	196	76	187	65	101	
27	91	110	217	35	212	61	220	183	76	70	167	41	206	183	253	118	233	183	214	142	212	54	249	195	121	250	128	55	149	45	221	
162	188	123	249	246	195	59	118	20	73	88	115	52	159	160	33	95	59	23	145	179	154	0	255	109	12	186	192	181	136	36	187	
75	216	179	252	101	140	253	167	249	83	102	6	188	187	52	120	233	235	51	140	65	60	178	227	215	254	222	10	10	16	225	58	
10	177	124	233	245	253	249	31	15	85	125	1	140	127	46	12	214	27	151	17	18	152	115	213	207	213	154	199	150	142	149	251	
27	243	234	129	245	19	250	196	71	237	158	39	8	136	254	0	234	203	151	213	222	187	165	224	62	93	158	231	143	14	249	207	
37	103	72	79	116	27	206	120	65	232	253	206	83	64	159	180	94	204	22	238	205	178	109	28	38	12	161	180	127	187	90	149	
241	91	89	229	116	14	111	180	96	72	118	108	55	17	145	48	54	204	20	110	201	184	101	45	244	233	32	128	44	155	82	57	
122	203	230	254	75	208	92	228	177	21	198	131	105	239	54	87	104	243	177	193	78	203	162	237	115	243	222	139	39	22	180	78	
174	56	180	139	79	117	184	64	7	125	213	51	136	158	95	143	238	153	183	147	146	86	251	208	23	89	202	239	183	15	61	215	
178	221	67	190	211	195	22	228	149	68	232	163	99	254	34	213	250	251	130	226	125	11	26	191	177	228	142	75	49	6	164	222	
157	64	127	97	44	56	232	16	236	210	179	82	155	8	213	235	42	0	110	251	205	228	103	0	134	217	106	132	101	187	65	36	
8	185	185	249	151	237	177	151	142	85	12	0	188	191	98	104	131	27	155	17	19	168	114	177	205	213	30	99	144	72	133	251	
14	7	38	153	253	187	176	73	223	13	89	107	232	248	53	136	248	59	151	177	150	160	66	220	55	87	171	139	215	78	221	135	
200	72	251	108	108	76	93	54	97	130	102	8	63	63	17	123	130	244	125	202	192	76	179	0	87	235	240	137	38	176	70	43	
187	128	98	141	108	145	232	120	197	76	213	135	233	204	190	101	92	168	23	175	205	38	102	221	214	121	202	168	55	142	112	220	
106	218	48	216	125	213	145	230	155	29	180	59	44	61	38	132	205	147	151	1	182	47	98	245	91	95	90	251	83	12	109	95	
62	193	46	168	151	199	153	69	140	205	214	131	221	220	62	64	216	57	191	117	28	187	118	132	251	97	142	199	181	14	181	194	
138	163	98	148	71	176	188	99	185	21	80	147	40	172	118	135	238	187	179	133	212	250	182	193	23	112	218	139	7	68	255	206	
11	219	121	222	122	209	191	113	159	76	93	231	188	222	166	100	230	59	151	198	199	8	46	255	102	125	42	170	30	142	133	253	
139	72	66	137	16	150	106	82	52	192	206	214	153	2	178	196	124	172	30	156	237	156	85	78	164	108	170	128	63	132	56	156	
9	220	179	252	119	200	181	199	107	67	108	34	188	187	36	100	227	59	19	0	67	60	178	227	247	252	30	11	26	80	229	186	
51	223	118	206	118	154	254	246	205	68	126	167	105	174	182	229	110	247	150	238	213	185	36	253	50	108	2	194	127	174	108	253	
130	143	14	185	129	133	60	167	190	31	70	149	172	135	50	73	197	43	187	149	118	156	83	247	236	115	158	193	24	4	185	154	
46	177	57	224	239	77	89	219	11	57	57	8	30	29	76	48	135	17	85	49	19	56	88	213	221	221	9	246	208	10	131	35	
59	222	114	77	247	218	254	247	93	77	126	166	107	44	182	228	127	178	150	44	253	189	37	255	58	127	150	195	127	140	252	125	
154	251	106	163	54	195	251	252	36	100	150	167	61	15	58	64	238	145	159	231	202	15	57	253	249	193	170	245	53	131	53	250	
50	143	106	168	122	128	157	103	133	5	220	163	45	143	34	64	110	187	135	133	90	139	2	255	240	37	186	201	53	142	181	219	
53	159	235	195	244	54	227	246	100	109	94	230	81	36	182	96	124	206	22	252	155	184	45	110	124	45	166	196	237	219	240	249	
42	248	49	184	111	201	145	239	142	81	0	169	190	157	96	0	138	27	211	1	66	43	82	181	241	213	26	59	84	12	23	250	
3	155	112	219	114	209	190	247	31	69	124	167	172	174	166	100	247	27	151	196	199	26	38	247	54	28	26	235	31	140	173	223	
130	144	38	153	55	215	184	64	28	85	211	183	140	140	62	105	254	25	155	181	182	191	53	212	141	81	154	199	149	12	53	215	
25	159	105	227	54	150	235	176	100	72	95	230	249	87	184	96	126	32	23	238	193	144	45	157	102	237	163	192	63	170	120	113	
43	145	166	141	109	85	252	127	5	92	92	135	169	174	178	231	76	42	183	141	205	26	118	201	198	121	218	171	55	236	60	253	
23	7	235	141	214	179	239	69	92	197	93	199	65	236	183	36	126	168	19	173	144	178	36	206	52	4	171	128	245	254	245	228	
49	93	121	204	60	71	79	190	69	200	252	6	115	117	177	116	88	248	28	232	201	163	112	45	227	189	160	24	123	186	116	120	
15	150	38	157	39	62	184	50	77	91	91	246	204	60	190	238	231	21	191	133	149	180	37	197	6	126	250	194	142	141	57	21	
51	203	74	140	94	144	158	230	141	72	216	231	41	136	183	192	238	235	151	197	207	43	6	253	50	109	170	139	29	30	120	221	
106	121	179	220	115	224	155	198	155	73	92	34	60	191	37	112	230	123	151	193	3	139	162	233	115	124	186	171	151	85	39	251	
35	50	96	137	109	55	200	91	7	107	217	255	8	140	255	204	220	136	151	181	143	6	69	210	22	92	170	190	159	206	88	213	
174	56	180	131	79	117	187	64	139	252	213	35	140	30	95	143	236	153	151	211	132	118	250	240	23	89	203	175	151	47	61	215	
