È«ÐÂDIORµÏ°Â÷È»ó´½²Ê	664 New Wave	https://www.dior.cn/beauty/version-5.1432748111912/resize-image/ep/0/0/90/0/swatches%252Fcs_3348901297134.png	https://www.dior.cn/beauty/version-5.1432748111912/resize-image/ep/0/0/90/0/covers%252FY0285300_F028530664_102016.jpg
178	155	96	217	230	163	233	114	31	40	112	246	153	143	180	96	111	138	23	137	146	184	101	215	14	44	186	228	55	137	113	161	
66	249	150	186	201	196	48	167	171	29	10	33	172	151	96	86	224	115	249	80	82	73	146	241	205	48	158	219	146	4	165	123	
74	153	98	200	245	204	240	39	173	73	56	133	174	156	54	208	174	51	159	17	214	41	16	215	47	61	18	75	86	12	253	219	
30	104	243	101	87	238	234	210	233	172	120	3	9	139	85	14	42	237	87	211	128	240	148	232	23	221	135	161	231	243	87	138	
95	121	179	228	165	126	29	23	233	201	138	32	159	190	193	254	230	119	253	145	153	201	178	192	185	245	158	218	132	112	165	103	
98	233	122	26	91	209	178	192	139	28	60	139	40	222	102	48	170	187	195	211	70	11	174	245	23	17	9	235	81	15	111	206	
57	37	97	101	116	15	71	127	68	224	126	74	19	33	144	36	90	140	22	40	201	186	117	14	124	205	37	4	111	234	80	40	
15	242	154	232	107	181	185	83	170	29	93	106	156	155	226	172	238	25	215	145	19	19	130	208	85	93	186	234	146	0	171	163	
2	175	32	153	249	241	186	227	142	125	8	145	140	142	102	228	201	27	203	145	22	9	202	247	13	20	154	127	144	4	173	134	
79	201	67	142	111	131	79	56	29	192	83	206	237	195	184	212	22	224	63	239	193	135	15	255	188	62	65	200	62	167	16	40	
54	25	66	154	159	209	146	97	133	68	193	163	97	222	35	64	104	187	147	211	94	171	62	189	179	32	138	75	53	15	180	214	
106	91	103	202	127	155	74	112	141	4	213	238	110	197	181	197	86	176	159	110	193	163	110	253	55	120	1	154	118	175	12	117	
3	23	158	152	166	51	157	223	28	95	84	247	140	44	178	173	223	107	151	37	181	248	100	224	164	50	126	150	221	124	157	245	
58	201	98	236	68	128	78	115	69	0	88	2	43	171	48	64	120	169	23	195	216	186	4	253	178	237	138	200	55	170	240	136	
51	253	227	158	95	244	154	204	130	69	216	135	105	236	63	128	124	235	147	215	143	3	62	237	51	44	138	139	189	95	119	222	
27	205	98	232	214	147	254	115	69	192	94	131	57	204	182	96	126	187	55	207	213	186	38	253	118	77	170	200	55	142	240	85	
3	204	160	156	53	180	188	71	142	77	88	23	172	138	178	64	206	43	19	129	135	136	98	209	36	52	154	136	20	76	185	207	
75	54	107	104	126	177	249	27	77	65	92	234	153	157	182	36	22	185	151	173	133	16	230	222	70	125	169	168	183	198	83	245	
58	207	98	138	244	210	142	229	133	69	222	163	65	206	190	196	120	250	151	225	92	155	4	175	58	101	174	193	55	142	188	220	
150	176	175	241	162	227	185	65	190	183	23	179	157	151	104	9	167	25	59	145	50	213	170	208	205	192	255	231	132	0	181	243	
73	171	224	89	116	156	233	55	122	89	94	244	189	130	210	116	22	14	52	156	147	152	231	85	78	61	186	192	142	132	219	253	
106	156	103	184	95	233	176	103	137	87	90	191	172	188	54	2	239	51	243	129	54	62	146	215	95	55	154	203	213	12	151	254	
10	194	196	159	123	153	176	239	158	29	80	183	172	170	174	192	227	11	175	5	102	92	7	213	4	54	250	199	60	4	153	143	
57	73	49	77	21	223	71	20	85	200	252	2	179	20	177	36	88	120	30	74	205	184	113	62	227	221	32	16	114	155	84	124	
27	204	67	175	86	147	234	250	55	98	218	199	61	46	177	128	63	137	23	143	175	156	45	255	176	78	170	132	63	135	49	221	
102	140	102	26	125	248	250	194	171	69	120	171	40	204	55	16	235	163	211	213	6	47	62	255	31	52	138	75	213	15	119	222	
222	211	106	122	135	148	254	213	165	92	255	167	73	222	191	217	124	219	181	247	206	147	46	225	179	233	174	195	103	247	252	87	
139	153	58	30	195	180	184	103	249	69	124	55	44	250	54	72	231	43	179	133	150	58	150	247	30	127	90	235	93	4	175	207	
122	64	248	236	101	124	249	2	107	15	126	2	59	59	87	122	224	141	181	9	132	52	178	195	87	253	210	11	225	122	93	74	
62	83	98	202	133	112	78	157	199	84	158	167	73	206	255	221	121	202	191	247	223	1	62	240	178	89	207	143	63	247	252	86	
170	6	231	189	71	114	249	106	149	86	90	151	77	46	59	203	111	131	179	167	36	181	53	207	71	103	218	133	119	253	52	222	
254	121	106	228	215	91	95	248	17	228	244	171	51	221	115	16	122	252	149	243	122	62	180	174	251	205	133	173	103	189	254	114	
16	195	255	213	102	131	185	212	94	53	119	226	93	198	172	96	54	61	166	192	192	176	44	81	84	161	99	132	117	154	165	161	
55	106	253	136	222	23	203	220	79	254	144	78	72	72	247	174	255	193	22	255	135	103	110	240	59	8	135	254	189	187	112	229	
57	121	250	76	121	211	211	112	199	232	244	40	59	153	183	52	92	252	214	234	201	178	228	153	82	253	33	153	123	162	106	189	
147	22	44	157	162	115	61	7	28	87	69	183	236	102	163	237	247	187	151	165	180	208	103	220	132	50	218	131	148	124	165	116	
178	145	52	234	205	197	144	237	15	61	185	27	78	220	108	0	217	155	131	17	90	39	90	213	155	208	25	127	81	14	132	130	
61	119	99	74	141	123	199	217	71	214	189	206	75	236	255	167	91	200	134	126	205	35	62	152	171	216	101	60	119	254	214	244	
115	141	7	188	93	246	234	103	244	72	202	3	120	232	52	240	232	163	26	141	61	139	22	223	57	62	154	136	25	68	120	14	
91	197	67	164	22	178	110	246	37	96	218	230	89	166	184	244	118	239	28	239	205	155	36	255	176	108	170	132	47	215	49	92	
49	141	122	68	84	207	247	115	68	192	126	2	115	253	188	32	120	254	18	106	81	187	52	47	115	173	32	0	101	138	240	170	
18	201	98	138	70	129	238	101	5	0	219	2	8	232	52	64	126	169	55	195	200	171	0	253	178	44	138	200	117	62	241	0	
2	53	18	133	103	164	184	99	44	143	90	35	44	190	32	67	238	63	147	128	16	152	128	192	21	48	218	131	4	64	37	139	
0	24	159	253	5	236	177	70	174	129	66	2	180	151	97	106	224	123	58	88	3	217	178	104	133	169	26	2	144	89	37	170	
13	56	125	224	240	143	123	80	143	248	17	206	29	31	112	27	175	177	95	251	145	51	24	212	221	153	43	244	156	169	1	177	
37	112	209	206	93	237	67	88	87	202	253	74	114	209	109	172	88	248	2	58	11	38	122	154	23	156	1	58	219	251	64	171	
98	152	175	144	91	244	184	7	187	73	210	191	44	30	6	8	237	179	255	145	179	207	112	213	23	55	154	195	205	4	151	127	
91	16	106	201	102	22	248	80	101	73	214	163	25	31	150	110	110	156	223	188	140	147	245	192	87	233	162	128	39	132	112	247	
117	77	95	238	28	6	207	112	192	128	251	74	83	225	177	115	120	228	108	234	233	163	204	12	240	235	227	24	109	187	112	32	
2	160	152	177	213	237	48	207	30	55	72	19	172	155	72	8	185	27	131	144	18	92	91	243	205	150	155	103	144	72	141	138	
99	235	192	72	121	149	154	196	203	233	244	200	40	142	247	180	204	185	230	208	151	27	198	241	30	93	137	251	91	142	74	157	
73	178	187	112	50	189	48	83	126	141	114	116	158	158	96	224	183	57	166	17	151	188	179	81	223	151	58	202	192	0	45	107	
90	249	59	178	153	213	21	103	171	45	140	41	174	158	98	86	128	179	253	145	94	11	162	245	185	213	158	251	0	4	135	111	
3	60	187	211	228	252	173	23	238	203	95	68	188	182	246	108	167	59	51	29	131	216	182	244	45	62	222	130	140	66	147	253	
61	251	164	174	60	15	195	184	71	220	152	143	247	73	26	6	88	192	111	111	204	106	95	157	216	90	237	188	127	174	80	75	
25	150	99	69	82	46	170	119	124	65	122	214	121	36	148	224	54	175	18	172	177	184	53	79	36	46	34	128	111	196	163	185	
34	233	98	194	84	129	234	224	69	0	249	2	8	136	116	0	104	137	19	243	194	187	12	253	52	8	138	172	85	15	112	136	
82	130	142	172	58	66	25	105	166	5	194	163	165	174	34	64	246	149	173	133	28	201	163	69	217	167	250	201	164	0	45	91	
34	184	184	185	233	237	184	79	155	63	112	25	172	159	84	8	143	27	243	17	22	126	210	243	79	86	27	107	208	76	135	202	
82	123	27	244	35	205	55	86	169	204	182	41	46	158	39	20	166	241	207	64	64	187	176	236	179	209	2	51	64	16	39	127	
249	131	66	140	68	11	78	121	85	98	211	206	115	65	176	228	120	164	54	239	201	183	69	159	52	46	225	132	127	174	120	12	
111	47	211	224	240	32	185	66	40	137	248	234	28	190	213	152	191	191	23	157	147	58	128	194	92	29	58	168	205	97	43	161	
57	74	99	76	70	146	207	116	85	130	250	230	115	4	177	228	126	236	38	239	201	178	101	111	48	46	162	128	119	187	112	60	
60	82	98	229	69	86	252	80	101	174	246	102	25	25	148	200	120	172	151	234	204	182	17	200	87	233	162	133	111	165	126	146	
18	130	174	169	46	146	184	65	14	21	214	167	165	142	54	64	230	13	191	149	6	155	7	213	154	103	250	195	20	12	61	219	
2	158	50	184	246	137	190	247	159	105	88	231	140	142	228	64	167	59	151	21	211	185	0	247	46	93	58	226	28	140	129	217	
43	155	42	153	244	149	189	247	159	111	84	39	172	158	246	96	239	59	151	5	215	156	32	215	14	60	186	230	30	12	149	223	
155	213	106	68	214	147	191	245	68	68	223	167	89	204	190	164	126	172	151	239	197	177	44	223	114	73	175	132	111	254	249	245	
117	65	111	100	52	6	79	112	225	224	255	66	83	75	185	114	126	228	125	238	201	179	45	12	242	235	163	132	45	179	114	32	
50	201	98	238	22	147	254	244	213	0	247	130	75	205	52	64	126	169	23	235	200	179	44	221	178	233	138	128	119	190	112	80	
56	65	106	44	19	91	210	97	101	100	246	143	43	13	54	144	248	165	197	103	76	187	21	140	243	225	0	19	103	174	110	94	
32	225	2	136	92	131	170	228	132	0	216	2	0	202	48	64	120	40	19	225	66	179	2	221	56	32	138	72	21	10	176	128	
34	225	66	136	92	131	170	204	132	0	88	2	0	136	120	64	120	40	2	241	66	187	2	244	56	0	138	236	85	10	48	136	
36	121	233	225	228	91	79	215	67	232	188	170	147	13	213	38	24	252	215	88	75	114	224	128	111	221	165	181	239	186	214	248	
2	146	158	153	115	217	184	111	158	117	80	247	172	174	42	72	167	27	163	1	38	92	2	215	12	22	26	239	156	12	13	159	
56	219	120	236	126	207	95	248	135	172	188	43	123	223	35	16	158	241	215	98	72	35	42	157	115	205	37	189	115	186	78	235	
50	16	100	233	45	23	88	88	69	104	246	131	27	29	180	104	110	156	191	172	136	190	117	144	87	249	144	134	119	140	112	215	
16	221	115	205	50	198	31	166	77	0	106	34	60	55	164	116	102	115	16	96	65	152	49	239	163	236	6	2	62	208	165	57	
78	23	207	149	174	96	188	23	172	151	31	183	204	111	78	202	103	55	187	144	20	201	131	192	78	39	254	193	167	244	189	83	
90	99	99	192	122	81	58	80	45	12	189	235	9	135	228	244	110	157	207	226	200	131	164	196	146	209	170	185	39	134	39	117	
39	83	103	154	221	221	198	216	215	80	240	231	67	220	191	108	88	192	30	247	207	39	126	181	55	126	133	222	255	63	244	86	
2	203	50	152	91	193	177	71	175	21	72	179	172	143	100	68	231	59	171	128	82	11	2	245	63	20	26	107	18	4	165	238	
73	152	179	253	245	158	120	55	127	73	118	84	188	59	20	228	247	30	60	24	147	184	177	215	79	255	50	194	154	128	193	41	
34	157	113	202	254	193	215	231	207	5	60	42	50	189	164	36	74	58	19	88	82	43	50	253	107	156	20	123	211	138	196	62	
75	179	17	25	120	141	41	23	46	89	112	244	188	134	214	244	134	11	22	156	151	24	226	85	12	60	58	232	24	132	131	253	
88	23	251	165	50	58	184	19	108	172	218	230	173	46	129	224	38	183	238	129	132	185	165	204	148	229	58	129	101	224	5	109	
91	16	97	201	103	22	249	80	69	104	214	166	25	31	182	108	110	156	159	140	141	146	117	192	87	105	162	132	55	140	116	245	
72	29	59	248	185	228	17	7	132	77	202	32	182	151	32	96	196	51	141	16	27	11	114	63	233	245	186	91	144	0	165	123	
163	112	227	206	69	86	229	88	81	194	213	10	80	217	189	174	120	204	51	235	201	246	246	194	23	60	192	142	111	190	114	228	
52	36	187	232	84	231	67	90	71	165	236	10	19	149	97	112	88	184	2	184	8	179	112	10	217	133	129	41	241	219	116	34	
148	25	223	249	178	226	49	3	188	133	103	50	213	23	161	89	99	61	44	48	48	221	33	14	201	239	115	67	160	1	37	35	
217	156	27	126	132	255	102	55	117	66	202	82	243	120	48	96	253	179	58	139	253	190	53	127	249	175	86	72	121	232	232	12	
31	93	65	15	114	155	111	116	53	224	121	230	121	70	151	180	54	169	22	238	197	144	37	222	54	108	40	128	127	182	3	245	
105	107	97	101	53	94	111	53	97	232	126	72	187	53	145	180	24	236	84	108	201	184	229	174	229	253	36	144	102	190	214	121	
10	249	34	153	103	217	184	230	159	85	84	163	172	140	118	132	235	59	147	193	70	122	82	243	15	85	158	107	23	12	157	222	
2	200	66	138	76	129	174	97	132	0	219	2	8	202	48	64	104	169	19	195	64	163	2	245	48	4	138	200	85	26	176	128	
18	149	18	184	151	197	16	107	13	5	201	23	174	222	42	192	254	155	139	5	94	139	18	213	187	245	26	107	18	12	173	70	
50	23	90	236	118	39	201	122	25	236	252	46	15	142	182	16	222	173	23	33	137	59	32	222	146	221	168	248	117	138	94	217	
33	206	78	221	36	139	111	244	204	64	118	198	179	65	178	113	90	160	23	110	201	188	4	61	230	171	162	128	60	154	80	169	
43	87	56	152	228	55	188	127	24	75	116	252	156	44	182	173	31	27	151	45	245	238	36	254	102	31	126	184	223	221	139	213	
147	247	106	68	82	151	239	244	53	100	126	231	73	207	190	4	62	237	23	238	224	179	28	223	118	12	175	132	111	182	171	213	
43	52	124	105	45	181	153	87	79	105	254	97	60	156	150	48	206	63	245	17	158	186	227	209	67	125	184	210	87	196	82	255	
26	221	98	202	147	210	186	231	149	5	206	163	72	254	38	196	126	191	147	209	94	155	52	255	123	101	142	195	39	6	188	222	
163	98	234	196	68	22	238	88	25	202	85	78	80	202	255	42	252	236	19	239	197	215	180	202	22	8	207	168	13	190	122	148	
150	50	234	177	214	162	184	67	62	181	87	183	13	140	114	9	191	29	147	145	182	252	132	192	223	1	159	231	165	4	189	211	
52	207	41	251	24	135	31	252	158	29	233	129	229	231	40	80	221	91	203	194	106	1	122	55	233	165	175	53	16	19	135	226	
34	249	34	158	207	213	188	229	139	92	88	175	172	252	110	3	236	123	147	195	214	122	154	241	55	16	206	171	85	30	191	223	
27	89	119	235	45	214	218	80	141	72	214	35	60	159	183	100	230	189	253	207	204	145	49	228	147	121	136	130	7	135	97	95	
9	16	121	65	100	92	249	16	105	76	54	6	153	13	150	162	110	129	151	141	129	176	116	192	71	217	162	128	111	128	95	241	
13	131	235	217	214	146	237	113	84	201	95	242	81	236	188	100	126	44	19	189	145	184	36	204	108	47	238	192	167	170	240	229	
186	99	122	76	113	222	248	80	237	228	127	3	42	143	55	180	252	188	134	104	204	183	48	204	83	249	128	3	99	46	110	158	
32	224	66	136	92	129	170	228	132	0	208	2	0	200	56	65	88	232	2	227	66	163	2	253	48	0	130	104	85	27	112	136	
58	157	98	238	212	128	78	119	69	8	124	70	59	139	52	64	120	170	23	200	216	186	0	189	162	237	162	200	55	138	112	137	
25	222	57	250	116	135	95	244	204	8	116	68	63	211	168	113	244	57	22	110	195	190	56	125	241	201	34	232	88	130	161	169	
162	149	20	202	239	233	148	205	143	63	185	59	206	220	110	128	217	19	131	51	82	35	90	215	185	16	15	127	81	94	141	131	
146	156	103	92	51	210	57	103	189	69	66	177	44	151	36	117	230	51	155	128	51	141	34	223	51	114	154	195	22	4	165	127	
22	123	219	224	84	207	235	192	173	172	50	39	33	154	119	8	168	233	7	211	12	185	32	232	155	152	171	163	229	51	103	207	
90	34	67	192	114	17	168	80	45	44	147	239	9	15	180	212	110	153	207	172	138	3	4	196	150	80	170	171	39	134	47	181	
50	73	123	78	118	203	203	120	69	4	125	170	114	93	180	36	30	184	23	104	203	170	40	63	115	28	32	152	119	138	84	249	
34	157	54	158	239	197	188	231	137	92	88	171	172	254	118	3	239	123	147	131	210	43	26	245	61	16	206	235	20	78	181	219	
99	140	11	188	124	240	224	103	212	75	216	113	176	248	54	96	201	34	23	133	63	171	66	223	56	62	186	139	21	4	120	142	
142	1	238	189	207	114	189	7	159	215	86	151	205	46	58	74	111	199	187	149	52	216	119	192	239	99	222	71	167	124	173	246	
130	177	146	149	135	224	188	103	60	1	82	179	172	150	32	192	230	59	147	128	86	152	1	195	4	54	154	195	4	68	189	139	
33	204	115	92	117	235	227	103	221	73	126	2	50	248	180	36	88	42	22	8	179	184	32	223	45	30	32	74	83	8	116	173	
22	122	115	176	98	193	186	66	173	132	210	163	12	159	225	78	166	121	207	210	4	139	134	232	146	64	42	139	36	53	37	215	
55	149	99	170	175	53	222	217	133	90	185	231	67	252	255	101	253	219	151	231	221	35	94	186	186	120	135	158	127	255	240	87	
139	50	115	200	99	141	57	83	111	73	116	232	44	135	224	60	38	57	6	24	130	62	134	209	84	16	18	234	86	132	35	173	
27	141	67	69	83	62	170	119	117	65	110	198	121	39	144	228	54	46	18	172	177	152	53	207	36	110	10	64	111	198	169	252	
43	38	219	229	118	96	233	86	123	129	120	198	61	171	85	152	254	175	23	153	131	186	148	194	12	157	186	128	237	194	106	169	
27	94	74	237	18	146	106	242	53	96	118	231	121	39	163	192	126	237	151	236	169	149	5	239	242	239	170	128	63	163	41	153	
66	152	187	177	115	228	185	87	187	89	90	127	188	159	4	8	236	51	247	145	147	90	210	213	85	55	154	203	129	4	135	251	
2	129	130	141	148	2	184	79	28	3	82	147	168	14	52	64	108	11	19	133	114	156	1	199	4	54	154	128	20	12	177	216	
49	57	249	69	214	15	215	119	82	232	252	74	51	189	213	48	92	188	20	200	217	58	244	10	127	141	165	176	101	168	210	169	
59	197	98	68	84	19	238	244	69	64	254	135	105	236	191	37	126	202	23	239	204	179	36	253	50	73	142	132	103	222	240	220	
168	149	122	127	117	220	118	119	213	5	255	17	123	253	32	208	216	179	135	0	120	187	80	15	103	237	48	1	115	136	238	154	
2	153	50	154	127	133	154	228	143	73	89	35	108	222	44	64	198	59	147	83	130	11	10	253	51	20	26	202	16	27	165	219	
2	191	50	152	187	241	176	227	142	61	156	35	140	158	102	196	227	59	155	145	22	9	0	245	153	20	26	251	144	4	173	135	
80	157	179	221	211	198	177	55	253	73	106	82	60	191	36	116	231	55	48	128	51	153	48	223	57	190	26	66	153	0	165	59	
169	233	112	93	109	29	231	248	90	56	112	78	58	200	254	165	216	74	6	79	198	122	238	177	100	89	97	60	95	191	80	141	
117	73	111	100	20	6	79	240	225	128	255	66	83	75	177	112	120	228	61	238	201	163	61	108	242	168	163	128	45	179	112	32	
35	177	177	65	244	223	224	87	95	105	123	86	18	24	124	96	249	10	22	25	151	184	21	215	45	28	52	70	221	10	216	157	
107	235	2	138	93	145	138	232	143	52	144	143	40	200	126	132	200	233	203	215	70	11	206	245	62	20	143	251	31	15	24	142	
130	145	130	157	181	128	56	71	60	3	82	178	172	6	32	64	238	27	147	129	114	156	1	195	4	54	154	130	20	76	181	157	
2	172	152	249	157	237	56	15	30	49	72	18	172	155	96	8	201	27	11	16	18	24	83	247	205	215	26	99	144	72	149	138	
162	216	98	154	93	201	186	198	139	85	80	171	172	204	55	0	235	187	147	209	38	62	22	247	61	52	154	235	213	13	127	222	
74	249	179	242	19	212	184	132	170	180	6	3	172	159	99	194	166	117	251	209	66	89	146	225	95	113	30	67	2	22	45	90	
50	73	102	236	4	130	78	116	133	0	250	2	107	203	52	64	106	161	23	226	200	163	0	237	178	232	138	128	55	186	112	0	
2	249	162	154	227	132	190	231	158	95	80	183	172	206	50	64	207	123	147	199	214	13	14	243	32	52	158	235	20	22	181	221	
58	0	98	233	109	6	248	80	69	32	242	131	27	29	52	106	238	156	63	172	136	179	85	128	23	249	130	150	119	140	112	130	
128	160	152	177	133	237	48	207	30	51	32	17	140	147	72	8	201	27	171	16	18	124	219	211	205	150	27	103	128	72	133	130	
41	149	97	141	181	31	78	63	71	104	92	70	187	16	186	228	92	10	22	108	221	184	117	157	166	93	160	132	62	142	216	253	
10	142	50	154	215	180	185	103	254	93	92	23	44	236	118	64	239	43	179	149	150	58	166	245	95	117	26	235	215	4	175	207	
50	65	102	200	92	131	206	228	133	0	240	2	72	202	53	64	120	161	23	227	200	167	0	223	48	12	138	152	53	63	112	136	
58	221	98	138	86	210	174	229	149	68	222	163	97	238	182	196	122	250	151	227	92	155	44	255	58	101	142	193	55	142	188	222	
66	123	18	188	27	192	176	70	175	196	130	167	44	158	103	66	162	49	235	193	70	73	146	253	24	112	154	139	12	4	45	223	
143	206	166	155	166	50	60	166	28	87	70	179	141	47	179	205	199	83	155	215	180	220	45	226	238	115	222	199	150	221	165	93	
58	16	99	225	101	31	248	80	69	96	246	3	11	29	52	108	108	156	159	140	140	179	117	128	87	217	130	130	119	140	112	215	
26	221	122	154	83	215	187	228	150	69	220	167	40	158	38	64	110	251	147	195	99	155	56	255	49	69	138	227	55	31	45	219	
41	22	98	105	118	123	248	82	85	73	126	246	27	13	180	104	127	154	151	28	143	190	101	130	86	255	176	196	255	204	112	209	
186	235	104	40	95	193	219	101	211	236	180	139	42	205	118	16	250	169	135	245	206	43	236	253	123	89	5	251	119	14	230	223	
183	121	97	136	236	67	206	205	207	248	152	199	65	204	255	7	250	193	31	247	205	35	30	216	50	24	143	190	29	126	241	220	
59	135	96	141	177	19	79	125	7	68	92	135	233	70	190	228	94	138	151	236	206	152	109	157	34	125	133	165	63	190	248	220	
23	14	107	143	22	163	235	80	93	96	223	198	113	78	183	36	126	169	23	173	137	179	45	223	180	12	171	128	189	163	49	245	
83	15	67	172	22	50	110	242	101	96	218	230	121	38	177	244	126	231	30	239	205	155	37	255	176	108	170	128	47	247	50	124	
41	202	99	206	100	139	239	116	76	72	126	70	243	1	176	96	122	32	22	78	201	184	37	191	100	190	162	128	94	154	112	169	
32	192	6	136	92	129	170	228	132	0	216	2	0	200	48	65	104	168	19	227	64	167	2	221	48	0	138	72	21	26	48	128	
90	133	22	161	147	38	56	175	173	61	154	183	77	39	42	67	103	151	173	164	52	217	1	213	248	227	254	199	42	68	169	27	
90	219	46	184	169	192	21	167	133	29	222	165	174	159	34	65	196	51	173	208	90	11	2	181	251	241	254	219	18	20	189	91	
89	111	106	69	86	146	239	112	96	224	254	130	57	77	151	112	62	172	23	238	204	178	36	222	118	109	163	160	39	183	114	225	
138	219	38	184	189	144	148	39	157	93	210	247	172	140	34	201	198	51	191	85	246	137	6	181	170	115	126	219	28	12	189	95	
57	90	99	77	70	146	207	116	85	2	254	230	99	0	181	228	124	236	6	206	201	178	101	191	54	44	160	128	127	190	120	188	
41	84	107	89	116	179	232	88	87	64	117	238	121	205	181	40	126	168	19	172	161	182	36	223	86	15	161	160	255	169	112	209	
156	207	53	254	25	207	95	248	151	28	229	1	247	199	41	81	93	240	111	106	106	65	122	61	241	242	207	28	50	59	4	98	
43	38	97	201	118	187	249	91	79	97	124	194	25	13	148	36	62	185	23	173	147	50	100	222	70	221	170	168	255	140	82	241	
130	148	153	249	50	239	57	79	30	91	80	50	188	151	40	105	183	27	31	16	51	92	113	215	197	182	58	226	144	72	5	59	
3	177	187	215	244	252	189	87	238	73	95	68	252	255	190	96	182	59	19	29	147	152	50	205	111	61	62	194	140	194	165	251	
3	145	115	183	114	196	45	55	189	73	91	196	189	246	178	100	182	55	55	141	213	153	52	207	37	126	58	130	12	132	161	253	
28	215	106	170	134	20	126	253	164	94	184	231	91	255	251	80	125	219	181	247	222	3	14	218	251	233	175	141	55	246	244	83	
2	150	27	153	82	161	184	107	30	81	82	247	188	142	32	72	247	27	51	149	183	156	7	119	140	6	186	192	156	8	33	219	
15	123	146	232	111	181	185	83	142	13	92	42	140	159	226	172	238	57	151	145	150	27	162	208	87	221	186	234	150	78	171	195	
2	171	22	152	219	193	185	71	174	21	72	177	172	135	100	68	231	59	171	144	18	11	2	245	13	52	154	75	144	4	165	202	
218	150	134	188	82	194	57	107	182	143	66	247	109	231	34	65	115	61	173	161	32	221	134	207	220	39	251	129	164	36	45	155	
58	201	122	136	87	209	95	229	199	69	236	11	42	204	62	84	248	171	130	196	78	43	52	253	123	93	132	127	115	30	236	206	
26	157	16	184	217	229	80	227	159	29	104	19	142	159	34	208	201	155	135	17	62	10	18	247	155	213	26	79	146	12	173	199	
2	180	55	217	241	206	169	23	239	73	126	100	172	151	132	124	135	59	19	28	147	152	50	213	15	190	18	194	130	132	199	253	
95	89	115	200	47	212	91	208	141	72	222	35	60	159	183	100	230	249	189	199	204	147	48	232	147	121	138	130	23	151	112	87	
34	88	98	154	93	213	178	192	159	84	208	139	40	220	55	136	232	177	211	211	38	47	50	253	23	54	154	203	85	29	127	222	
24	90	227	229	101	86	252	82	101	204	254	103	9	25	181	68	104	172	23	201	205	184	49	192	86	237	162	128	111	189	116	219	
10	184	34	155	87	209	186	230	31	85	80	179	172	158	54	132	235	59	147	129	102	184	18	247	47	86	158	235	23	12	189	222	
50	249	123	88	123	193	151	231	203	93	184	41	40	220	102	16	168	187	131	65	70	43	50	245	123	28	28	123	81	28	230	223	
2	176	184	177	237	237	184	79	26	55	96	25	172	191	68	8	139	27	211	17	22	126	210	211	13	86	90	107	208	72	143	138	
233	148	29	63	189	255	68	63	85	75	231	24	242	120	24	97	217	130	58	45	189	254	121	63	239	191	84	64	218	72	216	14	
40	201	121	78	118	201	231	240	78	36	124	10	49	213	164	48	58	186	18	106	65	58	56	61	127	141	33	40	117	170	68	232	
248	77	123	220	82	192	31	103	152	128	228	130	61	151	33	113	102	243	147	202	96	139	32	111	113	161	6	9	51	176	37	104	
34	181	241	74	241	229	163	223	91	109	125	44	56	247	236	52	153	26	19	152	19	58	56	215	111	28	133	238	211	194	230	247	
119	89	103	78	85	214	74	240	69	200	254	70	114	92	181	244	88	224	30	238	205	163	125	236	51	124	128	144	63	159	120	124	
186	125	110	252	87	215	127	245	17	196	116	174	49	157	55	49	108	248	147	226	233	255	48	172	119	43	165	129	103	184	246	251	
27	142	106	173	214	34	232	119	60	91	94	247	29	175	178	65	127	139	23	173	146	152	37	197	214	233	250	196	165	200	177	193	
20	149	252	89	142	98	181	235	196	27	222	50	80	113	172	79	107	82	171	160	114	235	55	69	123	35	247	207	181	105	253	3	
83	15	103	174	70	18	111	113	97	192	223	230	121	38	183	117	126	229	22	239	253	155	37	204	176	232	234	128	45	166	50	116	
11	90	206	189	50	160	187	214	62	69	82	247	173	138	179	200	118	107	167	197	167	156	7	127	4	39	186	192	188	133	41	221	
60	175	96	128	221	155	198	233	75	165	189	139	66	8	222	132	121	128	198	117	222	59	109	159	62	13	133	117	119	14	220	196	
31	6	71	175	18	178	106	81	37	192	219	231	121	111	176	192	126	165	31	188	173	149	5	206	178	239	170	192	191	167	41	81	
35	34	67	72	103	249	168	65	233	72	112	234	40	200	253	180	126	169	150	160	135	55	164	221	22	88	130	171	95	134	107	181	
53	5	70	8	93	247	194	105	69	236	253	15	98	200	182	132	120	162	130	44	141	179	52	157	50	12	129	25	123	78	120	214	
62	28	226	158	95	243	146	66	215	79	221	163	104	254	39	204	248	187	131	146	14	139	46	251	19	102	138	139	183	111	60	223	
14	58	186	184	85	212	187	64	237	204	84	7	172	222	103	200	238	121	131	211	135	207	50	232	155	85	138	139	138	37	45	223	
162	216	98	154	125	201	178	198	159	85	80	171	172	220	55	141	234	59	147	209	102	47	18	253	21	22	154	171	85	29	63	222	
140	218	63	176	116	207	179	80	188	124	183	118	157	151	224	99	108	180	95	250	224	181	56	84	213	129	171	228	16	41	5	243	
59	203	98	77	86	147	238	245	85	0	254	238	33	8	182	228	124	168	6	238	205	186	101	191	54	44	160	128	127	190	120	189	
90	169	58	224	17	196	27	101	169	5	206	8	191	151	96	112	224	187	153	208	90	139	176	229	251	253	10	107	0	2	167	42	
19	6	111	205	22	35	235	121	77	64	223	198	121	110	179	100	126	161	31	173	153	147	37	222	240	44	170	192	189	170	49	116	
33	253	121	101	116	207	237	119	64	232	120	74	179	29	144	32	12	184	23	40	217	184	116	13	101	141	180	160	109	136	210	169	
7	253	66	11	213	157	174	244	79	104	93	78	40	216	254	164	60	42	18	223	215	58	60	253	62	28	139	234	95	15	251	157	
3	18	70	153	96	140	168	18	174	89	82	245	180	147	242	93	102	41	55	156	131	156	18	209	4	56	186	192	28	128	33	153	
15	202	182	151	189	180	184	166	159	223	86	131	236	238	127	207	197	99	191	29	166	216	43	225	143	91	223	195	146	252	49	77	
67	202	149	189	74	128	60	55	169	91	90	231	173	230	128	198	39	119	255	133	85	76	134	233	164	54	254	136	60	116	129	93	
218	95	107	252	242	226	189	103	48	7	94	179	44	175	166	81	102	191	135	129	112	159	32	239	116	39	250	131	37	212	167	251	
74	233	172	179	173	208	189	167	175	85	22	147	173	175	82	71	227	71	251	213	86	72	239	225	239	115	222	197	134	148	189	90	
61	147	236	228	244	51	218	248	82	232	152	239	83	125	191	32	125	196	55	245	140	99	109	156	122	207	229	253	189	171	88	211	
242	77	98	222	4	130	206	231	133	2	250	2	106	202	53	64	110	229	31	227	200	167	0	239	178	168	142	152	53	250	240	8	
27	221	59	186	119	213	191	244	157	76	220	231	44	222	166	100	238	123	151	195	195	139	58	253	115	77	190	202	31	31	169	251	
11	159	98	185	182	146	236	55	61	73	94	246	189	46	178	224	110	43	23	141	243	152	101	223	166	127	186	192	62	196	169	217	
182	148	18	136	235	233	148	239	143	55	185	187	12	254	106	1	235	19	139	33	118	47	10	211	177	16	15	127	84	94	141	210	
162	201	102	136	92	131	174	228	196	0	208	10	32	200	53	1	72	224	19	227	192	39	2	253	48	8	142	184	85	27	240	136	
166	106	118	26	127	213	186	64	223	92	113	11	40	200	55	140	238	169	131	199	166	39	46	253	23	26	154	171	85	31	127	207	
25	142	35	185	50	163	171	119	28	65	94	247	189	38	178	64	119	43	19	141	179	152	37	223	236	103	186	192	188	4	161	249	
43	191	43	74	245	213	243	119	71	77	124	103	40	156	246	36	220	58	151	85	159	186	48	253	107	93	160	235	219	14	244	223	
2	137	0	153	183	128	172	231	60	17	90	147	172	14	32	68	239	27	147	133	82	152	1	231	44	54	158	194	20	84	161	156	
2	223	32	155	235	193	190	231	158	93	88	167	172	254	114	128	207	123	147	199	214	8	74	245	44	20	158	235	20	22	165	219	
16	159	43	205	52	130	165	119	116	140	218	102	177	162	176	96	104	62	14	137	248	185	37	15	224	164	190	128	4	0	244	169	
184	159	106	237	244	178	238	119	85	8	124	118	41	171	180	64	124	170	23	168	250	186	32	191	102	237	162	128	119	200	240	137	
2	205	120	155	244	217	190	197	206	17	89	18	188	202	60	64	195	27	19	83	82	40	46	247	44	28	30	232	148	91	129	129	
9	203	67	79	116	139	111	244	85	72	126	196	251	65	176	244	90	168	22	78	193	184	37	191	102	253	32	128	126	154	112	169	
63	181	97	164	188	7	206	249	65	234	184	239	83	124	252	34	221	198	21	231	253	43	125	142	186	205	165	188	125	238	242	215	
51	205	98	76	148	19	206	247	69	64	254	131	107	45	182	37	120	234	23	239	204	187	37	255	50	108	134	132	119	254	240	204	
61	62	234	225	118	247	235	83	84	205	126	166	59	141	179	32	126	184	150	156	139	178	53	142	102	205	162	128	239	206	116	249	
10	18	82	145	114	152	184	81	189	13	114	247	172	142	174	221	38	57	135	145	130	148	4	197	20	112	58	195	199	132	5	197	
23	94	175	157	15	246	163	242	220	94	222	231	240	252	183	103	108	101	190	199	133	161	63	253	20	34	235	131	93	125	53	255	
18	157	50	184	187	193	16	99	143	29	216	51	174	158	38	192	227	187	135	129	94	11	2	215	185	244	26	203	16	12	173	207	
56	141	18	248	241	197	112	99	53	13	252	17	46	191	34	208	232	59	135	0	126	171	18	159	243	247	18	75	82	12	236	219	
2	157	50	158	125	197	186	99	140	24	89	35	172	254	36	3	239	59	147	131	114	26	26	255	45	20	138	235	20	78	181	219	
25	219	51	234	52	133	79	244	101	72	120	68	63	211	168	112	246	56	6	110	203	186	40	61	241	221	34	192	122	146	97	169	
49	73	91	236	20	6	79	252	69	0	250	66	115	89	49	96	88	240	12	234	73	163	81	45	241	173	164	16	117	186	112	40	
34	73	6	138	92	129	174	228	132	0	208	2	96	200	49	65	72	224	27	227	64	167	2	253	48	0	202	136	21	27	112	136	
2	141	31	249	189	229	184	39	158	17	72	16	188	191	32	65	193	59	27	17	50	136	82	245	237	150	158	75	144	8	181	170	
40	209	115	74	87	203	227	252	68	108	125	10	121	85	188	36	58	184	18	234	195	186	60	63	125	141	33	96	119	138	68	232	
121	16	48	238	69	116	81	121	81	78	245	26	122	87	42	252	249	152	182	140	89	54	242	147	215	239	210	43	51	14	126	246	
62	205	98	158	86	211	142	224	149	68	223	163	97	206	190	196	122	250	151	227	76	131	46	191	50	101	138	201	55	142	60	222	
45	143	64	137	245	187	235	123	86	101	93	143	137	32	146	164	91	42	146	61	151	184	101	159	110	79	161	224	191	206	216	196	
194	157	63	220	83	196	177	103	184	73	98	50	60	183	36	117	228	179	179	128	51	157	50	255	125	178	26	194	25	0	165	59	
2	164	152	177	203	233	184	71	58	55	104	25	172	190	68	8	163	27	243	17	18	124	210	211	13	22	26	107	208	68	143	138	
117	73	103	70	20	6	111	240	225	128	250	194	83	67	181	114	122	228	92	238	201	179	37	108	112	172	161	128	109	179	114	32	
59	77	99	133	86	18	239	119	117	192	90	198	121	12	181	164	126	236	22	239	237	187	36	239	50	110	170	128	47	190	112	252	
98	183	118	78	109	48	178	104	201	25	249	127	72	248	190	131	222	83	183	35	148	107	206	197	22	56	194	207	77	111	248	135	
120	159	245	109	190	122	229	191	108	14	122	96	183	60	128	246	243	86	108	32	208	185	97	15	165	230	100	147	116	120	197	105	
3	149	123	205	118	212	235	55	124	73	94	18	61	182	182	100	118	59	55	141	211	152	52	207	101	61	186	192	4	128	229	236	
43	159	40	137	211	243	187	234	22	69	92	135	40	230	190	196	125	139	147	149	151	26	126	255	61	7	154	239	151	79	61	252	
58	249	105	232	87	199	215	245	128	68	124	171	61	221	48	16	236	185	147	195	75	170	48	189	123	193	173	235	117	10	118	250	
26	150	74	133	82	50	56	123	53	139	94	247	45	47	166	196	118	189	151	165	176	155	5	207	26	103	187	131	47	164	57	157	
3	150	179	153	246	183	184	87	95	75	90	214	172	158	246	236	247	43	22	157	183	156	36	215	12	30	186	194	156	12	169	253	
50	0	107	225	68	13	248	80	69	32	242	2	3	25	52	75	232	148	31	136	136	179	81	192	23	248	130	2	103	136	112	130	
11	148	42	154	211	245	187	254	30	93	220	167	24	254	190	228	125	27	147	149	150	11	62	247	123	7	186	239	151	70	61	247	
46	182	241	65	243	232	171	219	91	237	125	234	8	247	205	60	31	26	23	24	147	50	236	210	15	28	53	238	199	199	70	245	
173	131	111	217	244	146	233	117	84	193	87	246	81	237	180	101	126	40	51	157	177	248	38	204	110	41	174	192	191	136	240	241	
106	249	85	74	121	217	70	236	175	57	188	104	40	247	228	182	72	208	238	218	83	11	74	245	63	220	5	127	90	147	142	60	
131	26	10	153	112	182	168	83	180	73	86	215	0	138	182	76	124	45	22	157	181	157	4	198	0	62	186	192	141	132	57	157	
105	132	185	108	45	108	65	47	98	75	238	8	183	53	64	112	201	150	108	8	9	42	243	19	193	255	112	57	208	106	68	42	
43	197	96	201	245	159	206	255	69	105	92	70	131	104	190	164	88	42	22	109	223	186	100	159	46	93	132	226	127	142	216	196	
2	203	10	153	82	128	40	231	62	5	64	151	164	131	34	64	101	43	35	149	70	152	2	119	108	38	154	201	20	4	185	138	
43	251	230	155	127	157	178	244	207	93	84	231	40	200	246	164	206	104	178	95	198	120	46	245	14	24	143	235	87	15	89	205	
247	76	102	198	70	50	250	112	169	194	151	131	73	206	183	115	110	245	127	239	236	135	164	200	50	104	203	132	39	247	115	85	
94	110	247	86	99	114	59	192	161	238	183	170	77	255	231	190	38	245	253	226	32	199	172	234	82	103	97	135	231	247	39	119	
2	153	42	186	247	192	185	199	142	93	92	163	172	223	118	64	231	59	147	145	18	27	34	245	77	117	154	235	148	4	181	251	
3	153	23	155	243	230	185	119	45	73	88	199	188	150	34	228	166	59	19	133	151	152	50	253	5	124	26	194	30	4	161	253	
83	5	111	173	86	50	105	115	37	64	219	198	89	38	182	229	126	133	31	189	189	145	37	204	180	234	234	192	173	134	49	116	
18	159	18	156	59	193	52	103	173	13	216	167	172	190	38	80	230	59	143	129	86	11	2	221	176	52	26	203	16	4	173	95	
158	120	182	154	29	212	186	64	157	204	213	55	44	222	39	237	236	121	151	211	175	207	50	232	211	81	138	139	147	37	45	215	
237	88	127	232	108	119	73	88	217	126	117	28	90	221	183	121	220	196	54	110	161	119	114	148	87	187	97	140	95	185	124	241	
1	157	59	221	116	196	233	55	124	77	94	18	184	151	180	100	112	58	22	137	243	184	48	207	101	189	178	192	16	128	245	233	
39	31	34	10	253	247	146	105	197	204	253	239	98	220	183	160	216	170	146	37	159	163	46	159	50	28	129	187	223	111	120	215	
41	22	235	235	118	247	251	83	84	205	127	166	121	221	187	36	126	40	151	188	131	176	37	142	103	205	162	128	255	206	116	249	
121	73	87	236	28	6	71	124	68	0	254	66	115	65	49	240	88	228	14	106	73	163	81	13	241	173	164	16	115	186	112	40	
28	16	190	169	3	127	121	90	63	127	95	23	223	159	106	72	183	29	183	49	18	144	59	208	199	231	90	199	178	71	45	83	
166	26	162	158	127	241	146	66	151	76	213	167	40	222	167	204	204	249	147	211	174	143	42	251	19	52	154	139	151	13	52	223	
163	39	96	139	245	185	234	71	95	133	88	215	168	136	246	132	255	42	147	21	182	186	68	247	46	28	158	234	223	204	217	204	
58	249	43	170	87	193	155	100	140	68	220	171	61	223	34	0	222	185	147	195	74	171	50	189	243	197	138	187	117	10	55	250	
154	159	98	253	180	146	238	247	21	3	94	246	57	111	180	97	127	42	23	169	249	184	37	255	46	239	190	192	63	204	240	157	
223	95	106	36	179	114	127	246	161	206	222	167	105	231	179	246	102	246	141	238	236	155	36	174	242	231	38	129	39	247	172	125	
231	18	227	92	108	36	169	88	89	94	81	246	64	204	253	109	254	205	55	239	133	119	174	192	20	56	234	174	205	165	115	245	
159	90	198	187	50	128	187	214	62	68	86	231	173	199	163	204	118	43	183	213	167	156	7	253	68	103	186	192	190	149	45	217	
203	11	227	159	98	130	175	182	28	194	86	230	253	166	179	108	118	111	63	207	193	216	166	235	68	62	254	136	46	245	33	125	
3	56	182	156	13	183	184	15	159	189	70	3	172	190	102	207	229	63	187	21	134	201	147	217	143	122	223	42	146	76	57	78	
2	137	28	249	157	205	176	103	158	17	72	18	188	187	96	64	195	59	27	17	82	8	83	245	237	150	30	123	144	8	133	10	
54	189	98	128	215	243	210	234	95	229	248	171	66	188	119	132	249	170	151	49	30	187	12	158	58	28	133	247	247	78	92	222	
11	165	104	97	246	178	255	183	103	97	94	134	57	45	150	32	55	27	23	157	147	184	37	255	110	77	174	192	231	214	209	249	
74	169	172	179	173	208	253	167	175	117	134	129	173	191	82	198	193	87	251	145	94	72	227	225	207	241	222	91	6	12	189	90	
61	17	237	228	118	11	74	184	66	232	250	239	83	109	177	32	126	205	53	245	141	242	77	28	250	239	165	212	253	170	80	17	
34	205	102	140	220	131	206	229	197	0	248	10	98	200	53	1	72	226	23	227	200	171	2	253	48	8	142	152	85	122	240	136	
27	223	51	154	118	149	191	245	135	76	220	231	124	223	175	96	238	251	151	195	195	139	58	255	114	85	174	138	31	30	161	251	
159	127	66	190	178	146	254	245	169	200	218	231	109	234	187	193	118	235	157	231	229	129	4	238	178	112	174	130	47	247	187	213	
3	223	51	154	242	149	191	244	157	73	92	230	124	222	174	96	238	123	23	207	195	139	58	253	58	92	190	202	30	158	161	253	
242	77	66	142	196	162	238	231	129	130	250	2	104	234	53	64	120	231	31	227	104	171	0	239	50	44	142	136	117	122	240	8	
42	249	54	184	79	213	176	196	142	28	80	163	172	222	39	136	238	59	147	193	70	43	82	245	21	80	154	171	21	28	61	219	
211	1	107	5	6	18	109	113	113	194	215	198	83	38	182	113	126	173	61	239	253	151	181	72	208	233	234	128	37	160	243	100	
58	235	106	104	87	151	219	224	69	68	252	143	43	140	55	16	252	169	135	231	204	163	36	189	114	77	128	171	119	159	126	207	
2	134	18	172	90	193	178	230	142	55	145	187	12	190	104	66	239	25	139	35	54	15	8	211	28	20	219	255	21	8	5	203	
184	124	114	124	51	208	54	231	253	14	244	48	42	159	165	181	142	59	196	64	236	175	32	239	99	253	20	139	66	148	46	143	
246	218	120	158	126	169	146	200	155	37	145	191	110	204	63	8	191	213	199	99	166	39	12	255	20	54	11	251	213	31	93	199	
203	91	43	149	100	156	237	54	232	206	86	69	184	140	179	103	38	110	23	77	225	156	180	236	103	57	190	128	14	148	81	253	
158	36	102	145	7	115	184	66	63	247	87	147	77	142	255	141	63	157	147	181	36	213	36	208	146	67	219	229	167	197	61	212	
62	217	98	154	95	209	155	232	151	68	205	131	96	222	46	196	124	251	147	243	94	131	62	189	123	69	143	219	55	15	188	222	
51	77	107	205	84	18	239	119	85	192	94	162	113	12	183	100	122	172	23	239	201	186	36	206	118	45	166	128	103	250	240	252	
9	191	115	67	246	155	250	117	109	73	125	224	153	184	188	164	62	58	150	24	151	184	44	254	46	220	36	194	239	138	203	165	
130	144	178	153	83	225	184	71	30	71	81	179	140	222	102	72	255	59	147	145	50	156	82	211	13	22	154	203	149	12	165	210	
2	156	18	158	127	165	186	225	142	27	89	178	172	254	48	64	239	123	147	131	50	8	26	255	45	22	138	235	20	15	165	147	
89	159	77	173	178	42	107	55	36	65	94	231	189	39	146	96	38	135	29	173	209	152	37	79	236	175	170	192	45	128	161	121	
47	182	233	155	246	185	187	89	94	67	125	246	152	204	222	172	95	11	147	29	151	52	110	243	14	29	186	236	223	206	209	245	
217	67	103	69	38	2	111	52	100	192	86	230	81	3	145	103	118	228	60	238	233	148	37	12	224	170	226	128	47	178	113	121	
35	112	170	136	95	247	169	78	15	237	220	135	32	206	119	236	253	169	179	149	143	146	126	211	28	20	155	175	157	78	60	252	
49	213	97	165	52	71	206	127	65	232	184	239	83	60	144	160	222	197	21	237	253	187	85	143	184	205	173	244	109	170	208	121	
166	0	226	156	76	34	232	64	209	130	211	18	72	202	61	75	120	173	51	227	224	247	134	192	18	40	202	136	21	45	112	128	
137	210	102	217	118	146	233	246	84	81	86	246	89	205	188	101	127	40	55	253	227	252	37	142	110	107	254	196	63	140	240	233	
43	239	98	19	245	181	238	199	95	79	124	215	40	232	254	132	223	43	151	29	182	250	68	247	46	94	158	227	223	92	251	205	
2	0	123	225	100	204	232	2	237	17	114	2	156	154	116	74	234	49	31	145	3	40	82	192	5	24	146	10	4	8	81	162	
114	177	98	130	151	209	158	229	139	101	152	171	46	140	126	132	250	155	145	213	94	43	180	245	187	84	142	251	55	14	159	94	
2	223	32	155	251	161	154	166	158	85	24	167	172	238	54	192	207	123	147	199	198	10	78	255	44	20	143	235	20	14	5	219	
50	73	115	236	119	212	222	246	141	0	248	130	45	159	53	112	238	187	151	195	200	171	48	237	179	252	138	139	55	158	112	139	
2	58	206	185	98	160	56	7	62	31	82	183	172	142	130	72	231	43	191	149	22	156	199	209	196	115	250	195	156	4	169	223	
223	11	227	141	54	210	171	80	84	228	87	167	73	172	183	236	114	109	170	207	149	188	165	202	84	47	234	193	175	175	117	212	
247	82	102	12	111	18	250	208	233	202	179	231	72	204	191	223	254	229	215	231	140	7	142	232	18	56	235	143	79	183	122	215	
21	74	83	175	102	210	58	80	228	192	87	226	61	214	161	101	102	109	30	234	133	145	36	232	150	224	170	129	38	179	37	229	
25	219	51	104	112	141	79	244	101	72	124	76	63	211	160	244	118	168	6	78	203	56	32	125	243	221	32	200	122	130	98	41	
223	84	86	244	3	50	188	112	177	182	151	178	77	119	163	239	39	245	253	171	100	213	45	202	146	227	203	135	39	245	41	165	
6	205	48	155	214	201	175	229	94	17	89	2	188	88	60	64	107	75	19	211	82	56	10	247	45	12	158	96	149	27	145	138	
27	159	35	169	50	178	123	55	53	65	94	231	189	39	178	228	119	43	159	140	147	152	37	223	232	229	186	192	190	134	169	121	
88	159	248	77	178	10	183	55	109	172	126	230	111	39	132	84	54	183	236	0	208	184	229	77	244	228	38	146	103	226	199	57	
126	119	226	64	242	50	251	86	41	172	254	231	9	175	215	22	126	197	213	253	156	155	165	204	122	125	175	199	175	247	126	213	
6	202	146	158	90	129	186	224	142	53	145	171	12	202	97	74	239	121	139	195	34	31	8	247	20	6	139	239	21	9	37	130	
182	75	202	186	222	139	190	192	139	52	144	239	76	204	55	10	174	241	199	211	6	39	10	245	48	34	143	255	213	63	21	131	
66	40	182	156	93	151	176	71	159	181	66	3	172	186	102	206	224	47	187	17	22	217	147	209	15	50	218	99	146	12	41	14	
11	155	2	187	177	180	168	151	191	73	90	245	172	138	178	200	231	43	187	149	183	152	6	247	140	118	154	194	156	4	185	221	
58	11	106	44	95	211	219	226	69	68	252	171	43	12	55	16	236	171	135	231	204	186	100	189	115	77	160	171	117	29	126	202	
31	28	227	203	54	183	235	80	85	203	95	230	249	204	191	228	126	40	150	191	167	180	45	222	134	95	170	128	191	143	57	245	
23	163	226	129	151	55	184	79	63	39	95	151	141	46	126	204	63	11	155	157	150	152	37	210	30	78	154	197	167	196	185	196	
242	205	66	140	220	130	238	231	129	130	248	2	104	234	53	66	104	227	23	227	104	171	0	239	48	46	142	136	21	122	240	136	
11	223	115	218	126	145	158	245	159	72	220	230	124	223	172	100	254	123	151	199	195	11	46	255	114	93	174	138	31	158	161	249	
6	173	48	147	215	193	175	230	94	49	24	2	172	248	116	32	235	123	19	211	82	56	30	247	45	12	143	99	21	14	145	238	
32	205	70	142	220	129	142	230	132	0	248	10	96	232	52	65	104	226	23	227	72	43	2	253	48	8	206	8	85	122	240	136	
74	169	40	240	189	216	89	167	171	117	140	1	173	159	66	70	192	19	249	129	94	8	242	245	239	209	154	123	2	4	157	106	
23	6	235	167	54	242	235	112	116	197	95	231	81	236	190	96	126	236	23	191	157	176	45	238	102	44	170	193	173	171	116	116	
86	76	230	214	75	242	108	64	165	150	211	131	72	234	55	223	107	229	175	166	44	199	14	200	19	34	203	131	167	119	44	70	
135	10	227	220	118	130	42	146	125	130	82	230	245	227	181	100	118	110	55	206	161	156	132	235	14	62	170	128	44	161	33	173	
147	95	99	140	98	22	172	119	124	202	82	230	57	10	181	229	110	165	23	237	229	155	37	206	48	42	238	128	45	180	57	253	
41	203	115	73	116	155	110	245	125	8	124	192	59	129	180	244	122	170	6	76	195	184	36	255	46	221	52	72	94	138	200	173	
29	19	61	109	60	15	83	56	68	232	243	76	215	93	184	96	28	164	28	111	201	176	125	28	193	233	33	144	120	171	64	113	
166	0	194	158	68	162	168	64	148	130	209	18	64	202	49	73	120	40	51	131	32	247	130	194	16	34	202	136	21	105	112	128	
138	200	22	250	61	193	48	230	158	25	192	18	172	147	32	193	195	59	171	64	98	13	18	245	229	243	26	91	16	8	165	11	
57	135	83	205	21	6	71	125	69	8	255	66	115	113	188	228	88	170	22	234	217	186	101	159	176	173	160	144	63	170	240	41	
34	209	48	234	111	197	188	237	143	29	152	43	172	156	110	0	238	147	211	193	70	43	82	245	53	24	142	251	85	30	173	139	
42	236	226	218	127	241	178	67	223	133	73	11	40	221	118	172	217	59	147	21	6	250	10	191	15	94	157	107	215	78	92	206	
186	159	98	223	180	130	206	119	85	75	94	182	105	109	182	193	127	163	151	161	249	184	37	255	42	111	190	192	63	140	240	217	
139	218	3	157	78	149	174	236	92	88	80	198	184	200	190	229	126	41	146	205	199	190	54	253	36	40	250	136	31	156	57	221	
57	35	72	237	126	3	203	88	70	168	252	238	83	193	241	64	126	172	23	238	200	178	205	29	116	173	161	172	127	170	80	161	
166	0	226	156	68	34	172	65	80	130	209	18	72	200	125	75	120	173	51	163	160	247	130	194	20	42	218	140	5	105	112	128	
11	173	104	227	246	146	255	183	103	65	94	130	57	45	150	32	62	91	23	253	211	184	45	255	110	205	174	192	231	214	208	249	
94	49	187	224	171	100	25	27	41	233	191	45	94	63	74	58	183	151	253	177	153	3	176	192	219	245	95	255	136	102	167	115	
25	6	75	197	68	98	107	51	100	72	126	70	83	35	178	96	120	140	6	172	217	184	101	12	84	175	162	64	109	170	112	160	
33	22	98	8	117	243	146	72	223	77	253	175	98	220	183	160	220	168	130	53	159	163	100	158	18	28	1	11	223	239	124	215	
163	60	163	152	123	245	186	66	159	230	209	191	40	222	118	140	205	169	147	135	167	87	242	243	20	20	155	171	29	77	61	214	
185	3	107	237	6	18	237	119	101	2	246	242	25	41	180	96	122	132	63	168	216	189	37	207	86	239	242	128	55	168	240	168	
186	135	102	137	215	147	168	99	21	69	223	183	65	12	182	65	120	139	131	165	254	187	37	223	122	103	154	193	63	140	252	222	
217	65	239	228	6	18	109	119	96	194	214	210	25	15	146	114	126	132	95	173	201	157	165	202	242	45	186	128	45	176	243	104	
155	90	98	155	50	178	123	82	53	198	86	183	109	198	179	204	118	41	183	156	167	156	37	255	130	119	186	129	191	133	57	253	
3	157	3	137	50	244	170	54	172	73	90	197	188	190	180	228	38	35	59	141	151	153	53	245	36	60	58	192	14	134	161	221	
219	139	105	205	166	18	237	55	60	67	86	214	189	46	150	100	102	151	61	141	209	156	37	199	198	111	250	192	38	132	161	125	
10	249	54	144	207	221	180	199	207	125	52	11	44	156	102	132	168	59	243	65	86	43	18	241	59	81	30	107	82	12	173	223	
203	90	191	252	42	20	157	54	169	90	214	245	188	191	183	111	198	117	253	199	229	205	178	233	243	123	254	154	14	244	33	127	
113	249	73	165	52	79	79	182	64	232	154	74	183	52	144	48	222	228	92	109	201	187	241	143	177	205	173	176	45	186	80	57	
71	35	196	149	226	60	60	7	59	243	19	247	13	46	222	207	39	23	187	149	182	216	135	192	30	26	222	198	175	244	137	21	
175	226	233	177	102	41	171	216	94	115	81	255	29	204	223	40	127	73	19	247	183	116	239	242	92	13	235	236	253	125	19	209	
59	227	112	74	189	223	223	253	71	109	189	44	42	13	158	180	156	130	198	60	222	42	104	151	43	221	5	255	83	142	222	221	
42	163	238	139	223	209	188	205	143	21	92	131	40	172	126	130	234	11	147	213	22	184	70	241	46	85	158	227	215	142	254	222	
195	202	111	253	36	132	237	183	237	90	86	214	185	15	148	99	110	229	63	207	225	236	167	237	230	251	254	128	47	176	241	57	
130	48	176	155	71	229	184	67	30	83	81	179	172	158	100	72	239	27	179	145	18	222	83	211	13	20	218	235	149	12	181	211	
31	88	122	246	7	242	243	64	233	196	94	35	126	221	55	104	182	253	149	195	197	179	52	232	83	239	8	131	111	119	125	215	
195	155	121	189	162	208	61	55	171	95	86	245	188	158	166	246	135	59	189	133	215	12	166	247	164	123	122	202	28	132	139	125	
3	223	115	218	118	133	191	245	157	73	92	230	253	207	188	96	230	123	23	207	227	139	46	255	42	124	174	200	30	154	161	249	
131	144	171	185	197	245	184	207	62	91	80	87	140	158	126	200	231	11	183	149	151	92	179	211	31	20	250	239	148	20	185	223	
50	234	67	204	86	147	202	232	87	128	72	202	33	192	181	164	120	232	2	233	75	190	36	191	48	12	131	40	55	170	122	172	
11	177	46	153	155	213	49	119	182	93	70	181	172	150	162	228	197	59	187	144	215	88	51	213	79	99	186	203	26	4	173	255	
139	155	2	185	177	156	56	151	190	81	66	213	173	142	50	192	230	43	155	149	151	152	22	247	142	117	154	193	156	132	185	28	
138	189	58	184	253	221	180	103	141	77	188	57	174	156	102	132	136	59	223	17	86	43	2	247	123	81	30	251	82	12	175	223	
34	141	70	142	92	129	174	230	132	0	248	10	96	232	52	65	120	226	19	227	96	171	10	253	48	40	206	136	85	122	112	136	
3	151	99	193	246	162	235	183	31	105	90	230	17	38	180	100	127	138	23	156	147	152	37	247	44	12	190	196	173	202	240	253	
54	165	112	224	221	239	218	73	11	165	185	11	74	28	94	16	222	159	215	177	30	51	88	214	59	92	143	119	213	15	222	130	
98	141	198	158	220	160	174	230	128	130	216	2	104	234	52	66	104	227	19	225	96	171	2	239	48	46	206	136	21	122	240	136	
166	0	226	156	68	34	168	73	84	131	81	18	72	200	121	72	121	44	19	161	128	183	128	194	20	38	154	140	149	104	112	128	
38	22	38	136	125	242	152	67	140	207	219	167	192	204	63	204	221	57	155	53	148	163	118	220	2	54	139	195	148	79	60	215	
19	8	102	223	18	178	122	80	53	70	215	135	105	206	183	124	118	169	191	223	174	149	37	255	18	110	154	128	183	133	52	125	
159	72	226	221	38	147	235	216	87	74	84	214	185	204	183	236	126	232	151	207	175	180	103	251	6	95	186	128	63	189	121	245	
19	86	79	129	114	2	40	87	52	65	91	231	85	3	176	192	127	141	23	188	177	148	5	94	108	38	170	196	173	128	57	209	
39	32	170	28	79	145	176	73	207	22	245	3	40	216	119	140	248	169	162	135	198	167	150	209	18	121	202	43	85	46	123	198	
10	218	18	254	59	193	50	166	143	13	92	34	172	211	32	196	195	123	175	66	66	13	10	245	129	247	58	155	18	25	45	11	
57	151	82	77	181	243	71	127	69	13	255	38	107	105	190	244	88	162	134	42	249	186	101	159	106	253	160	81	127	142	248	45	
80	155	59	232	186	197	155	87	142	13	217	34	156	223	96	64	246	59	31	81	18	9	50	81	249	132	46	202	148	2	165	51	
57	159	83	205	52	251	67	122	85	13	254	102	91	97	180	228	88	170	134	40	185	184	101	159	34	239	160	196	127	139	88	33	
9	132	236	213	246	50	249	51	124	83	94	146	217	63	150	110	103	30	183	141	177	216	37	197	78	111	250	192	167	196	241	241	
58	157	98	152	151	247	148	103	159	79	156	183	40	60	54	4	237	179	151	145	190	43	48	223	59	87	156	211	215	76	188	95	
157	81	106	231	22	82	95	121	33	228	215	162	91	15	251	98	126	220	157	234	205	147	189	136	242	233	174	133	47	186	60	112	
23	2	194	149	196	34	236	87	52	139	83	247	72	170	253	204	121	143	39	189	181	214	133	194	20	46	250	132	173	116	248	133	
169	88	115	93	71	221	237	86	88	198	116	14	184	157	247	173	110	56	50	77	225	182	246	200	103	121	86	40	87	188	85	249	
195	72	191	252	13	140	237	182	233	82	86	86	188	171	53	107	228	97	59	141	225	108	178	227	199	251	222	8	8	112	97	56	
17	23	203	133	212	34	239	23	100	73	122	102	17	32	180	96	121	142	22	188	153	184	37	78	52	172	178	192	173	219	240	245	
130	248	184	208	77	221	176	199	222	127	20	63	172	156	102	8	137	59	179	17	247	126	178	243	79	20	158	235	88	12	221	223	
49	151	107	201	246	2	239	119	36	105	126	230	17	39	180	100	126	142	22	236	209	154	37	78	124	173	170	196	45	130	240	249	
42	73	99	247	85	222	111	214	201	196	126	2	59	157	53	228	232	250	23	72	72	184	48	236	99	253	148	1	99	190	116	232	
39	60	98	26	127	251	146	74	223	65	121	143	234	204	55	32	222	41	147	53	135	166	126	159	6	28	9	27	221	111	93	213	
186	131	106	137	215	211	233	103	21	69	223	183	65	44	54	192	120	138	183	165	220	154	37	223	54	103	186	193	63	140	252	222	
134	75	2	152	202	161	174	194	142	20	192	163	45	194	97	202	110	249	139	211	66	3	10	248	52	0	143	45	21	121	45	136	
104	173	56	224	189	249	81	39	171	61	140	9	175	191	66	80	193	155	221	16	26	8	240	149	251	213	154	123	2	4	214	106	
83	88	187	220	75	244	155	66	169	202	222	35	60	255	39	106	229	119	185	131	129	3	178	232	83	127	218	138	143	117	53	123	
3	186	139	185	228	229	184	215	62	91	80	119	180	158	112	73	231	11	23	149	151	92	2	209	141	19	190	236	156	64	181	219	
250	156	50	184	91	228	16	99	191	29	201	17	44	190	38	217	193	187	185	17	62	11	130	215	155	118	154	91	144	68	63	78	
159	226	227	169	150	51	235	218	23	99	212	246	29	205	251	172	127	200	31	255	155	149	45	210	154	79	187	228	191	253	56	244	
23	73	103	142	28	215	239	112	196	64	219	198	113	214	181	228	120	232	58	239	205	131	62	253	177	40	138	128	61	191	112	116	
27	89	107	133	70	150	173	119	116	226	94	198	185	46	151	228	110	175	18	141	197	154	117	202	52	45	190	128	45	148	185	252	
10	219	20	186	59	209	62	246	159	93	84	231	172	215	162	196	199	123	191	66	71	13	42	247	170	215	58	251	30	28	141	95	
62	65	42	238	13	87	206	104	197	132	205	3	75	205	59	133	248	168	147	239	76	163	26	140	179	249	195	25	115	191	124	226	
30	17	122	228	22	210	186	65	225	192	254	163	89	221	167	32	62	181	149	241	12	163	36	204	114	237	171	131	231	183	45	67	
62	65	238	236	13	83	78	64	133	228	135	131	75	143	63	228	120	148	223	230	76	131	53	136	179	233	138	21	55	191	124	22	
93	31	75	231	86	166	107	112	32	200	95	230	81	119	176	240	118	253	21	239	129	145	45	110	120	173	171	192	45	163	112	49	
121	217	73	229	116	15	79	180	64	104	242	74	183	17	144	48	92	228	28	108	201	186	117	45	244	237	160	144	44	154	82	41	
81	157	109	237	50	78	111	57	101	64	78	198	243	119	154	117	54	164	29	238	201	144	117	77	229	170	234	128	62	162	129	112	
123	56	187	188	115	244	59	214	171	203	76	35	60	191	103	120	230	255	177	145	135	27	178	232	83	125	154	138	138	119	39	255	
22	243	170	160	245	82	232	197	7	237	154	167	8	142	254	128	248	141	151	245	222	155	164	192	58	69	174	231	133	14	189	214	
47	28	106	193	212	247	235	210	87	233	124	2	25	253	183	32	121	248	23	248	147	176	53	254	111	77	163	196	247	237	116	224	
139	137	10	185	145	149	56	135	190	81	66	149	173	138	114	64	229	43	155	149	246	156	18	247	238	81	158	201	152	4	185	158	
11	149	244	245	246	178	248	55	127	81	94	178	185	63	148	107	39	31	181	157	182	216	39	197	78	255	250	192	167	132	241	221	
21	159	233	195	244	118	239	182	100	77	95	102	209	32	146	96	126	206	22	254	153	184	45	108	108	45	166	196	173	219	241	249	
41	201	106	95	69	220	229	39	212	73	126	2	179	153	52	100	200	58	18	136	221	184	112	175	103	253	150	1	83	8	216	174	
34	140	70	158	92	162	170	230	132	2	248	2	96	232	56	64	120	226	19	225	32	171	10	255	48	38	138	136	21	107	112	136	
26	206	98	30	19	209	90	230	23	69	198	167	40	142	183	212	96	234	139	196	46	141	38	255	178	119	154	131	55	149	124	94	
88	157	63	252	153	198	29	55	188	78	206	4	253	119	32	65	225	55	121	161	121	137	51	93	227	243	90	80	24	32	165	122	
35	4	98	24	223	251	152	75	223	193	121	131	236	204	63	172	222	41	147	53	182	178	116	220	7	30	9	11	213	76	145	198	
3	91	187	252	118	164	184	214	143	73	88	230	188	191	164	96	230	59	183	133	131	9	130	243	67	125	186	138	156	84	33	155	
26	217	38	89	27	213	52	119	151	93	84	181	168	158	38	100	197	59	183	144	214	152	50	245	107	119	154	203	18	4	172	255	
155	72	226	157	4	151	236	220	87	72	212	134	41	140	183	109	126	232	55	205	207	182	101	249	242	121	154	128	55	189	112	205	
62	11	118	228	118	194	184	65	129	128	246	163	105	219	165	0	126	177	151	241	72	163	4	204	114	224	171	139	103	166	45	131	
10	223	48	154	123	209	62	247	143	92	92	231	172	222	166	196	231	59	191	194	199	9	42	255	166	85	58	171	30	158	173	95	
25	151	71	161	18	38	106	50	52	97	74	198	81	39	176	196	126	132	62	236	153	152	21	95	172	175	170	196	175	135	41	120	
61	159	114	77	247	191	115	246	85	76	254	230	11	45	182	228	126	162	134	44	189	184	53	191	126	255	160	195	127	143	220	117	
38	19	110	136	189	183	184	69	140	197	219	167	196	236	62	200	222	57	155	53	156	147	18	220	57	55	138	207	156	78	189	214	
25	223	107	199	182	22	239	244	100	72	126	230	113	35	184	96	126	206	22	238	217	152	45	61	102	173	162	192	63	154	240	249	
26	132	244	241	180	162	248	19	63	19	126	146	137	47	180	72	239	155	183	152	186	184	69	215	14	255	218	194	183	196	224	25	
154	147	106	137	21	211	233	119	21	77	214	247	1	44	190	64	124	138	183	133	188	155	37	215	122	103	186	197	63	12	252	222	
10	219	16	218	123	241	54	214	143	12	92	102	172	215	162	196	199	59	166	66	70	10	42	247	54	244	58	171	26	95	13	223	
57	159	114	77	247	251	215	247	85	77	126	38	75	41	182	228	127	170	134	40	189	186	101	191	122	255	128	67	127	140	220	117	
139	203	34	158	110	145	173	244	142	76	92	199	173	206	178	197	110	41	155	207	199	11	38	253	180	97	170	136	28	30	57	221	
170	191	56	186	253	213	148	231	157	79	156	59	172	188	102	133	205	51	223	1	246	47	66	247	251	85	30	251	82	76	173	223	
183	73	99	206	28	215	203	96	196	68	213	66	115	220	181	100	120	168	26	239	201	163	62	253	177	44	138	24	53	159	116	108	
23	72	230	220	18	146	250	216	55	64	214	135	105	206	183	120	126	233	191	215	174	149	39	253	18	110	154	128	183	149	48	92	
139	59	194	165	239	20	172	119	8	200	92	231	173	174	243	135	110	111	151	205	197	218	230	200	52	121	238	168	47	252	185	221	
67	216	187	252	101	196	237	135	235	67	92	6	188	187	52	106	225	107	51	141	67	44	178	227	199	255	218	10	24	80	225	58	
227	243	99	128	246	18	170	253	41	233	20	239	8	140	222	164	126	141	151	253	215	155	132	196	62	24	175	238	45	134	187	213	
34	171	42	184	77	225	145	234	142	92	156	43	38	220	119	2	200	43	195	65	6	43	226	179	83	21	26	59	81	13	119	202	
152	191	51	232	242	199	27	243	20	8	88	226	29	151	32	96	246	187	23	241	123	154	48	191	249	197	174	232	52	136	165	187	
125	213	106	229	150	86	79	248	33	228	222	134	91	87	186	100	126	212	29	238	217	145	53	172	243	237	163	133	39	179	244	112	
113	209	91	229	116	15	111	180	96	104	118	72	119	17	152	48	62	212	20	106	201	176	117	45	244	233	32	128	108	154	82	41	
25	13	99	193	52	246	107	50	101	73	202	66	83	52	176	244	120	164	28	236	137	152	117	14	175	238	162	192	174	130	112	108	
2	132	244	249	244	170	248	19	63	17	122	146	173	47	52	73	231	155	55	145	178	248	1	215	142	254	218	194	151	204	225	137	
41	124	234	201	116	247	233	94	86	201	124	2	48	29	247	40	89	56	19	153	131	188	117	218	111	15	183	128	213	216	116	248	
6	35	166	25	223	251	176	73	222	141	121	43	200	248	63	172	248	59	147	177	150	162	66	216	39	30	43	139	213	126	157	199	
43	210	32	158	126	145	139	104	140	76	209	231	108	206	186	197	126	129	155	231	197	3	110	253	144	37	170	184	29	14	61	217	
30	193	46	168	151	199	184	77	140	213	210	131	213	220	62	192	220	57	155	117	28	139	86	132	233	225	142	207	148	14	189	210	
42	42	33	186	45	225	147	66	142	12	152	171	174	141	99	0	200	59	203	65	10	43	66	177	209	85	26	59	80	13	21	203	
26	217	54	89	51	213	28	247	159	93	84	181	44	158	38	116	229	59	183	145	214	152	50	247	107	127	154	203	18	4	165	127	
35	129	96	221	44	149	204	95	87	88	220	7	168	204	191	101	88	170	55	141	206	50	102	209	7	88	206	168	55	252	240	252	
27	222	114	202	55	215	251	119	93	77	126	230	107	12	182	228	127	186	150	188	181	189	53	255	122	255	134	195	191	142	252	125	
18	73	230	222	86	146	254	204	63	64	210	131	104	206	53	104	126	249	191	213	202	135	39	249	50	42	154	136	53	149	112	92	
64	92	251	252	119	224	177	70	219	65	92	34	188	187	225	96	226	123	151	1	3	40	162	249	229	245	62	139	148	80	37	171	
155	150	103	157	21	214	233	51	29	95	214	215	233	12	190	197	105	130	191	165	247	188	53	223	70	99	250	192	63	140	124	220	
3	159	112	222	114	209	190	247	31	77	92	167	172	174	166	228	231	59	151	196	199	24	46	247	38	28	26	235	30	140	141	253	
42	145	120	248	245	217	217	111	31	21	180	185	142	63	46	157	135	19	151	17	22	107	34	213	203	223	90	255	214	140	141	219	
25	155	109	239	54	22	110	177	101	72	255	230	123	75	184	225	126	160	29	238	201	176	109	189	102	233	162	128	63	166	120	121	
154	216	98	28	27	208	24	198	151	69	196	131	40	142	39	68	224	171	139	196	110	141	54	255	99	119	154	11	55	20	60	94	
131	25	59	252	187	132	186	214	140	73	216	102	188	223	33	96	230	123	159	213	147	11	18	253	241	125	170	138	28	1	33	187	
26	222	114	195	55	215	251	210	85	77	94	230	45	221	176	228	127	185	151	153	131	188	53	255	42	77	170	192	63	142	61	185	
2	209	48	217	111	209	180	239	143	29	92	51	172	158	110	196	235	27	147	1	66	24	66	245	47	16	30	235	22	28	165	207	
50	74	230	190	31	130	74	204	151	4	192	135	97	202	63	80	120	233	177	199	78	131	14	237	18	42	202	153	53	151	124	78	
245	89	111	196	4	70	79	240	193	204	182	2	83	87	55	115	120	244	93	238	201	163	53	44	115	169	165	20	35	187	116	112	
187	155	98	217	183	211	242	119	93	69	118	183	43	12	182	228	126	170	150	93	190	188	53	255	106	127	144	195	127	140	252	95	
138	156	14	185	145	133	124	167	190	31	70	21	172	131	50	81	193	43	155	157	118	28	18	247	236	83	158	201	24	4	185	154	
10	155	16	158	115	209	62	247	159	77	124	231	172	214	167	196	198	59	134	192	71	10	42	255	38	244	42	171	26	30	13	223	
29	159	107	195	180	82	235	240	100	77	95	230	113	37	186	96	126	206	22	254	155	184	45	108	124	45	166	192	175	203	112	249	
106	177	61	232	203	205	145	207	10	57	32	9	158	31	72	48	141	19	211	17	83	42	90	149	221	145	29	126	208	8	135	123	
191	195	106	184	85	147	234	228	84	69	212	151	1	200	54	0	120	168	147	245	252	191	36	238	122	77	142	201	117	172	252	196	
32	204	198	158	92	163	170	238	150	3	208	18	96	232	60	64	89	226	19	225	34	175	74	255	60	46	154	72	21	26	112	136	
55	239	98	130	247	146	254	97	169	196	217	231	8	202	246	132	126	173	151	247	212	155	12	204	58	88	143	199	47	166	250	213	
89	65	109	77	4	78	109	57	225	104	22	0	243	55	144	115	32	132	125	232	201	136	53	77	231	171	224	128	39	160	212	104	
