DIORµÏ°Â÷È»óÈó´½Ëª	001 Universal Pink	https://www.dior.cn/beauty/version-5.1432748111912/resize-image/ep/0/0/90/0/swatches%252Fcs_3348901287746.png	https://www.dior.cn/beauty/version-5.1432748111912/resize-image/ep/0/0/90/0/covers%252FY0027080-F002708001_042016.jpg
107	82	120	224	109	121	89	17	11	125	23	190	143	31	214	250	70	149	191	3	141	20	241	208	214	249	186	253	62	142	92	83	
171	82	114	208	116	189	121	22	169	76	52	254	191	141	182	124	46	169	151	13	175	166	100	202	198	217	184	176	14	156	87	249	
174	208	118	219	111	244	184	80	137	93	85	183	140	222	62	175	206	57	147	209	182	102	186	245	7	115	218	203	151	13	191	215	
191	82	111	76	38	50	201	122	85	202	246	230	19	13	181	105	126	128	23	238	233	167	37	142	82	235	226	132	127	169	112	117	
151	86	111	158	38	162	111	112	212	202	215	231	113	205	187	105	126	228	63	239	237	151	36	206	82	42	235	128	45	247	112	113	
59	80	126	192	118	214	249	86	9	77	118	166	25	157	182	96	110	153	151	205	129	183	52	196	83	249	186	192	127	140	117	249	
10	152	182	159	103	244	176	3	31	85	87	51	172	254	102	204	199	59	179	1	22	216	114	241	7	115	218	11	150	77	61	215	
10	184	178	155	231	249	176	67	159	77	87	51	172	222	110	204	215	59	147	17	86	152	50	241	15	85	26	67	150	12	189	223	
75	27	52	207	45	125	185	23	141	109	31	167	140	60	182	238	198	55	255	5	149	41	115	192	199	121	250	147	22	204	157	119	
107	152	48	218	109	221	153	24	143	93	149	44	172	159	246	238	198	17	191	73	134	14	251	241	199	249	186	251	22	141	29	87	
219	54	225	227	165	116	185	55	57	79	31	246	141	46	150	238	230	7	157	157	181	156	181	194	198	255	250	192	143	196	183	93	
174	176	178	186	77	252	177	64	139	93	117	19	140	220	110	143	232	25	147	17	22	118	186	192	95	81	218	111	211	13	125	215	
138	176	50	147	85	245	184	67	31	7	69	19	172	222	126	141	249	27	147	145	54	220	26	215	15	87	154	99	146	12	189	206	
35	201	98	95	85	149	174	103	69	64	252	134	40	8	182	164	204	170	146	207	221	184	116	253	46	28	142	192	95	12	249	156	
10	56	50	154	107	244	184	86	139	93	84	181	172	158	102	207	198	59	151	149	151	26	178	240	7	89	26	235	158	5	47	223	
11	50	254	225	101	222	249	81	171	252	53	38	157	159	246	46	166	41	151	149	199	221	160	192	71	217	186	160	7	134	71	251	
43	82	126	192	116	219	249	20	137	77	54	174	143	13	182	172	46	161	151	85	133	164	36	196	198	217	186	193	79	141	93	217	
2	24	187	184	79	196	177	71	222	95	80	19	60	158	98	72	225	43	19	145	38	47	146	211	85	20	58	235	144	4	37	219	
189	94	99	220	118	147	79	112	85	200	212	230	19	193	177	229	126	232	22	238	233	183	36	174	178	201	165	136	47	187	112	181	
74	17	52	157	45	124	184	23	141	125	23	183	140	61	54	207	198	55	191	1	145	41	243	192	199	123	250	147	30	12	157	91	
189	151	105	235	126	51	75	120	69	104	223	246	59	15	186	96	126	128	31	174	171	54	109	159	214	233	160	148	63	139	112	113	
179	75	107	158	54	145	206	244	212	200	212	230	51	136	183	101	110	232	22	207	237	175	36	174	178	40	170	152	125	189	120	221	
185	23	107	228	118	19	75	120	85	232	215	238	83	5	184	101	126	140	31	238	233	183	37	142	242	201	160	148	63	138	112	121	
155	75	103	188	58	130	78	244	132	72	208	231	57	7	177	193	110	235	31	205	171	139	6	237	240	105	170	128	61	149	48	121	
181	86	107	196	102	18	107	112	85	202	246	230	81	194	253	105	126	236	22	238	237	246	36	206	82	137	226	128	45	187	112	245	
10	167	18	155	245	181	184	103	31	5	89	3	172	74	62	132	239	59	131	145	22	136	11	255	47	84	158	203	150	14	189	206	
138	148	178	155	215	245	184	71	31	101	79	19	172	158	102	196	239	59	147	145	54	156	48	247	15	85	154	99	146	4	173	222	
159	22	105	233	46	50	207	120	85	106	213	246	89	13	185	109	126	140	21	175	233	22	45	222	82	107	235	132	63	245	112	241	
3	79	98	159	86	149	174	229	85	68	218	198	233	8	183	228	110	171	130	199	197	186	101	255	36	44	138	1	127	158	249	140	
217	23	107	225	38	40	105	81	101	72	86	254	59	15	184	113	126	138	29	188	187	148	37	196	146	233	162	196	47	136	80	113	
43	83	124	137	44	218	185	21	140	109	245	230	156	28	182	106	206	33	159	17	195	180	96	192	70	121	186	144	22	142	213	217	
189	23	106	236	54	0	75	121	85	200	221	230	115	199	185	97	126	136	31	238	233	167	36	142	242	233	160	136	63	171	112	17	
183	94	107	218	246	179	235	80	212	200	87	230	81	200	183	109	126	232	22	255	173	182	36	174	114	46	171	192	189	187	112	245	
10	176	18	154	87	209	176	67	159	5	71	50	172	222	110	196	241	59	131	17	22	157	48	211	15	87	154	67	146	12	189	222	
18	139	106	185	218	241	184	103	158	5	216	179	41	174	166	64	235	59	131	145	22	11	36	215	72	37	186	203	149	0	173	222	
186	82	90	192	86	211	233	84	25	77	244	190	25	13	182	172	122	153	151	153	137	182	36	196	82	217	186	200	119	140	116	249	
3	158	41	169	18	144	186	99	30	65	88	231	169	142	182	96	223	59	147	145	214	143	36	215	8	39	186	193	29	6	173	213	
10	181	176	139	245	245	186	79	31	13	93	19	172	222	110	132	249	27	147	145	22	152	24	255	47	84	154	227	150	78	189	206	
138	148	50	147	213	247	184	103	29	79	87	19	172	30	46	204	247	59	147	145	54	156	49	222	15	87	154	195	150	12	189	223	
27	115	126	192	247	86	121	85	41	236	181	174	28	31	214	176	46	145	151	249	201	131	48	204	250	217	175	228	47	134	239	121	
170	144	52	155	111	253	177	112	143	125	85	63	172	156	110	143	142	27	151	1	178	60	50	245	71	89	90	235	86	13	29	215	
138	144	50	155	247	215	184	39	31	127	87	19	172	62	38	204	247	59	147	145	54	156	57	215	15	87	218	195	150	4	173	223	
138	144	178	155	115	213	184	5	31	93	87	179	172	222	110	204	215	59	179	145	54	156	58	243	15	86	154	195	150	12	141	223	
127	25	171	230	165	240	219	19	73	77	93	44	140	190	246	224	198	127	181	83	157	41	176	224	178	249	170	219	14	199	223	85	
183	90	71	156	102	131	239	112	148	202	80	231	49	198	179	237	110	232	23	239	229	143	38	238	20	42	235	136	61	189	112	213	
43	17	127	252	109	253	249	54	137	76	60	174	189	156	182	170	142	51	247	1	133	41	54	197	71	219	122	153	86	140	93	251	
96	130	62	220	12	4	209	16	140	28	180	2	128	7	36	66	204	16	11	40	0	33	50	213	83	185	130	21	16	40	101	35	
74	144	50	128	109	245	185	17	175	125	151	55	140	158	102	230	231	145	191	144	151	9	178	210	31	93	154	239	158	6	45	95	
10	164	160	155	213	240	184	138	31	7	69	19	140	220	126	236	211	27	179	145	54	12	142	243	15	118	154	235	150	69	189	198	
138	184	50	154	107	245	184	192	159	29	69	155	172	222	110	205	196	59	147	145	22	94	242	241	7	81	218	235	18	13	45	223	
221	54	106	164	166	50	89	81	101	206	215	246	27	15	251	104	126	133	157	189	185	150	37	138	210	237	170	128	175	228	112	81	
10	56	182	153	109	252	185	82	143	221	21	53	140	158	102	238	206	57	159	16	134	232	114	192	7	81	218	131	134	76	29	215	
42	220	240	174	111	117	190	207	139	79	28	43	172	254	126	132	223	187	151	129	198	34	186	243	183	85	158	171	87	126	191	223	
157	255	172	183	180	172	255	190	242	219	95	247	243	248	219	106	55	111	52	207	255	244	142	171	236	239	255	128	173	243	153	89	
10	135	34	139	87	243	176	79	95	69	91	167	108	44	62	196	250	11	131	181	150	186	5	223	62	52	138	195	151	78	189	222	
179	203	75	236	86	128	207	244	22	64	220	230	49	139	176	96	126	234	23	205	235	43	36	191	242	233	170	152	61	152	240	185	
138	144	50	155	85	245	184	7	31	79	71	19	172	158	102	204	253	59	147	145	54	220	51	247	79	87	154	67	146	4	173	222	
10	177	144	139	213	213	186	77	31	13	89	3	172	222	110	132	216	27	147	145	22	184	90	243	45	20	142	99	151	14	189	142	
138	144	176	155	83	247	184	7	159	71	71	147	172	158	38	204	231	59	179	145	54	156	48	247	7	87	154	67	146	4	173	223	
138	144	50	147	215	245	184	103	31	127	71	23	172	158	102	204	237	59	187	145	54	156	59	247	15	87	154	67	146	4	173	223	
189	22	105	97	226	48	109	51	113	106	119	246	25	35	156	125	126	142	20	174	249	180	101	142	70	235	226	128	111	224	226	177	
175	227	226	17	229	16	176	204	91	197	112	155	136	200	126	140	216	73	131	85	214	126	230	194	14	92	159	239	199	29	255	198	
138	176	182	147	85	245	184	66	31	93	85	19	172	158	126	141	233	27	147	145	54	222	50	192	15	83	154	227	131	13	61	215	
249	211	107	228	102	18	235	124	1	105	247	254	91	13	190	97	126	132	22	239	201	183	37	129	242	233	224	148	127	138	112	241	
35	135	0	139	213	183	172	239	77	77	89	199	168	106	62	132	220	11	130	165	151	184	108	223	36	20	142	135	159	94	185	220	
238	88	248	174	109	116	216	16	201	92	181	175	152	28	55	74	206	241	183	67	140	38	226	225	71	121	234	187	95	63	94	211	
18	173	59	249	146	160	187	103	158	5	76	147	172	175	98	64	103	59	139	149	18	137	51	215	201	4	30	75	181	196	165	248	
179	78	71	156	63	147	139	226	157	76	208	239	104	72	183	165	110	224	23	239	237	173	36	253	48	58	218	146	31	157	120	221	
10	134	160	139	87	176	184	15	95	13	93	163	232	104	190	196	255	27	147	145	150	184	77	215	46	52	158	195	215	78	185	143	
10	150	34	154	87	241	178	75	159	79	85	183	44	222	46	196	253	59	147	145	182	157	26	215	11	118	154	195	150	12	189	215	
29	58	236	195	44	148	217	80	141	204	159	230	187	31	215	42	110	161	159	152	137	164	101	192	222	217	170	128	167	143	116	113	
91	1	98	160	13	21	250	64	45	164	148	11	141	27	114	4	234	1	95	236	68	3	16	208	211	217	139	127	23	14	123	134	
30	17	182	227	175	253	180	148	205	93	159	55	206	125	62	170	167	19	223	83	150	161	55	224	195	89	90	211	214	95	133	95	
189	22	107	69	118	18	235	112	113	200	247	230	89	79	189	101	126	140	23	238	233	183	164	142	82	233	160	128	111	170	114	241	
33	16	19	204	85	15	226	120	76	64	112	70	214	80	41	224	216	8	18	40	149	178	16	156	5	184	2	4	89	42	97	164	
85	151	111	65	182	50	235	242	116	105	222	246	81	38	180	101	118	196	62	172	177	153	37	78	92	47	234	196	173	225	112	113	
10	144	48	219	23	245	184	71	31	125	85	19	172	158	102	205	231	59	147	145	182	92	48	245	79	87	154	227	150	4	173	223	
61	26	107	224	116	18	75	80	69	204	222	230	27	14	247	96	110	160	159	156	201	183	101	200	218	205	162	128	47	175	112	113	
8	18	88	184	38	161	80	18	7	18	116	247	159	147	162	72	71	139	143	0	2	34	64	145	198	209	50	137	188	200	41	27	
255	223	224	183	244	166	79	180	17	238	159	183	127	99	155	85	119	230	29	255	248	208	93	238	252	62	231	208	174	255	176	113	
10	144	178	131	85	245	176	71	31	205	95	19	172	158	110	204	233	59	147	145	22	156	51	214	15	85	154	67	146	14	61	222	
149	78	78	29	54	146	171	112	196	198	245	231	97	72	183	101	110	96	6	238	229	175	46	255	2	43	227	128	125	173	104	213	
172	134	239	241	228	122	173	151	150	255	54	179	209	45	218	107	91	86	187	176	49	220	237	130	78	43	245	197	167	248	212	241	
10	48	182	145	109	245	185	18	143	221	151	55	140	158	102	238	207	49	191	144	150	9	114	192	15	93	154	199	134	12	61	215	
251	22	107	228	118	6	105	112	97	232	151	230	91	15	243	113	126	132	61	173	233	151	37	204	210	233	162	128	47	168	112	121	
179	79	103	156	62	144	142	102	141	200	210	231	33	12	183	231	110	226	151	229	237	143	38	238	48	106	190	138	45	60	120	125	
56	2	49	232	37	213	201	80	5	12	52	2	43	13	181	100	236	144	7	24	10	32	32	152	155	217	130	3	51	136	116	109	
138	148	178	155	115	245	184	6	159	7	67	179	172	222	46	204	215	59	147	145	54	156	26	243	15	87	154	227	150	13	141	223	
93	22	234	231	38	34	107	113	117	206	215	230	123	47	243	96	126	133	61	189	185	148	37	138	210	239	170	128	175	226	112	113	
32	131	117	72	104	201	139	96	172	12	176	169	178	7	164	80	200	145	78	66	24	43	96	117	85	176	32	81	80	129	70	98	
189	23	111	101	166	18	111	115	116	106	254	246	91	47	176	97	126	196	53	238	249	186	37	142	82	235	226	196	111	169	240	113	
206	255	229	183	186	164	111	191	183	191	79	245	233	231	216	142	55	110	125	222	242	92	235	183	174	254	255	224	166	247	149	249	
159	51	206	164	162	2	60	113	161	170	95	231	77	163	243	203	38	173	191	174	196	213	132	192	218	193	239	132	45	230	41	145	
42	124	234	223	119	244	255	214	27	207	92	135	41	253	255	36	255	123	151	141	131	240	54	235	103	93	190	139	135	222	117	251	
153	22	110	245	166	59	237	19	92	75	87	246	159	44	178	105	54	35	29	45	181	180	37	130	198	239	120	128	237	253	209	113	
185	80	82	236	101	95	210	88	69	72	116	70	91	80	173	164	216	8	150	106	205	182	16	156	179	217	2	14	123	188	104	135	
49	16	81	72	53	207	66	88	111	72	225	76	118	216	45	244	178	168	74	106	135	33	28	93	179	24	1	54	88	3	66	5	
91	16	105	229	38	84	88	16	173	72	22	163	157	31	150	107	166	145	29	141	141	0	36	193	195	217	250	129	38	132	29	83	
27	223	34	140	118	150	156	246	4	76	218	231	40	14	182	196	252	137	151	229	204	155	5	253	50	36	170	130	63	156	60	221	
0	18	55	201	96	198	49	87	140	28	114	114	156	23	160	107	236	17	142	144	3	169	35	212	69	249	50	130	144	8	165	251	
0	66	53	73	123	203	49	72	166	29	100	32	182	23	160	113	132	16	202	96	2	137	99	29	69	160	32	64	80	1	7	170	
147	91	110	189	62	146	140	230	212	68	240	231	33	172	183	65	110	99	134	197	239	169	38	173	32	32	170	128	125	29	121	221	
4	0	63	217	104	192	49	0	140	28	118	34	140	151	32	75	72	16	47	144	2	1	99	213	69	177	234	201	16	8	37	227	
65	130	88	121	50	170	33	55	60	13	116	240	223	51	138	85	83	1	76	8	50	156	101	31	132	166	112	192	242	128	39	33	
0	2	117	121	48	203	105	96	108	12	118	32	191	7	160	113	6	56	70	8	2	152	33	93	197	249	32	192	80	128	71	105	
249	30	82	188	50	168	112	19	57	1	98	245	175	19	34	209	198	39	205	4	44	137	192	12	194	243	50	131	58	132	170	19	
3	18	33	193	116	68	185	16	12	72	82	98	152	30	180	228	196	17	23	173	129	144	101	204	5	24	170	130	20	140	53	117	
1	16	19	73	17	207	98	57	108	64	97	8	246	208	40	116	48	56	82	104	65	176	49	29	5	184	0	18	90	10	75	34	
1	49	17	72	17	205	114	120	110	64	97	40	250	211	45	52	16	56	66	104	67	48	58	29	5	152	1	108	90	2	67	176	
47	166	160	139	213	179	186	202	95	101	89	135	136	200	126	140	217	137	130	149	158	186	108	215	14	86	155	103	223	15	188	198	
187	86	105	225	230	57	253	87	57	74	119	254	59	15	150	57	110	139	151	44	235	180	37	199	118	201	176	128	111	220	210	249	
142	144	178	155	79	244	176	2	159	93	71	19	172	222	110	204	231	59	179	17	22	88	186	241	15	113	90	107	146	13	45	215	
155	115	126	227	39	212	249	85	233	92	159	183	173	159	246	174	238	51	223	207	209	141	50	224	210	89	186	130	15	135	239	245	
187	86	104	237	38	50	253	86	85	234	246	246	27	13	183	105	110	148	151	141	169	182	101	206	82	235	250	128	127	252	112	241	
46	112	182	154	237	116	176	200	139	93	117	51	140	222	111	143	206	89	151	83	150	102	250	224	7	81	90	239	150	61	189	215	
155	29	127	243	182	246	249	54	85	204	94	166	253	127	179	97	118	179	149	221	187	216	55	238	239	223	190	192	167	197	117	123	
183	22	109	205	230	50	205	120	84	106	87	246	81	47	183	105	126	140	21	174	169	150	37	202	82	43	227	132	189	241	112	245	
14	240	160	155	79	241	184	200	31	85	69	147	140	222	127	140	171	25	179	145	6	80	26	209	15	81	219	111	151	29	191	214	
142	113	182	146	207	244	176	192	139	93	149	55	140	220	111	142	173	113	219	211	150	103	186	224	31	81	159	255	131	87	191	215	
217	223	237	229	182	94	111	179	113	74	119	246	91	63	150	115	55	207	53	238	249	156	173	231	230	239	230	132	47	240	224	113	
204	238	237	95	168	252	191	190	158	255	20	177	248	111	210	43	5	114	251	154	178	76	235	115	111	11	255	249	150	209	149	249	
223	22	233	225	182	114	125	151	49	239	86	246	29	47	146	168	127	207	149	157	185	220	165	162	222	239	254	196	175	213	184	113	
142	176	182	147	245	247	184	200	31	79	87	19	140	94	46	205	255	27	147	145	54	220	59	215	15	87	218	199	150	13	189	215	
46	121	240	234	237	244	153	208	137	92	157	39	140	221	127	138	206	113	159	211	130	98	242	224	199	217	170	187	158	223	117	211	
10	144	54	211	101	213	184	65	143	93	87	55	140	159	110	205	205	25	183	145	22	212	50	240	79	81	218	203	146	13	173	215	
14	176	160	155	247	215	184	200	31	15	85	19	140	92	126	140	223	27	147	149	150	220	59	247	15	86	155	199	151	13	61	215	
138	144	178	155	229	245	184	65	63	93	87	19	172	222	110	204	255	27	179	145	54	156	59	243	15	87	218	195	150	5	173	215	
14	176	160	155	119	245	184	202	31	79	85	147	140	220	126	140	159	25	147	149	150	156	123	211	15	86	155	231	151	13	61	215	
142	208	176	155	103	245	184	128	31	95	85	151	172	222	110	204	247	27	179	145	22	148	58	243	15	81	154	235	22	5	45	215	
14	50	160	155	103	241	176	202	31	79	93	183	140	220	111	204	223	25	147	23	150	20	58	211	7	84	155	239	150	77	61	215	
11	225	97	75	213	151	170	237	79	65	92	70	168	72	188	164	216	10	18	125	215	184	125	221	46	28	142	102	95	14	217	188	
75	21	50	194	181	244	127	23	173	205	159	39	156	30	214	224	230	151	159	213	215	9	176	224	255	89	174	194	142	214	173	127	
14	88	178	158	109	244	189	212	139	92	61	37	172	156	103	174	142	115	215	67	134	39	186	225	71	121	90	187	214	95	47	223	
78	89	122	226	231	125	252	19	169	109	31	191	143	156	246	250	166	153	191	67	151	52	160	224	215	217	42	171	30	223	141	87	
10	80	112	219	111	253	185	208	143	93	85	63	140	156	62	239	166	17	183	85	151	48	50	241	7	89	90	235	150	13	157	215	
142	120	178	210	109	252	185	80	137	77	149	53	172	157	119	174	206	115	223	83	134	33	178	224	135	89	154	187	134	95	29	215	
202	57	176	226	125	252	187	18	141	205	151	55	140	158	102	110	206	177	159	209	135	46	112	226	95	93	154	203	134	141	45	87	
78	240	34	146	253	213	184	200	139	93	149	31	140	222	126	143	173	17	223	215	214	71	186	241	63	81	143	255	146	31	159	215	
14	212	116	154	235	245	185	212	139	125	61	191	140	30	46	191	167	147	151	211	214	7	58	245	87	89	218	251	150	23	143	215	
47	165	96	75	213	151	170	205	95	65	125	70	136	72	191	164	216	10	130	253	151	184	125	223	46	28	142	71	223	14	249	132	
75	25	122	206	37	252	249	22	137	77	62	46	190	61	182	172	174	51	191	13	145	41	50	225	199	249	122	154	94	223	221	255	
189	22	107	225	118	51	73	121	85	106	247	254	83	13	191	113	127	140	23	172	169	183	37	158	86	201	160	244	63	169	112	113	
238	255	58	226	245	212	223	244	201	92	156	44	188	158	54	182	198	251	149	83	223	139	176	224	251	121	174	251	6	151	191	119	
187	63	101	225	244	86	95	87	97	236	188	246	27	15	150	52	110	177	151	254	249	142	101	206	246	217	166	192	47	132	230	113	
146	90	78	188	34	128	28	118	132	134	210	231	45	142	179	67	110	243	175	197	236	207	6	236	240	163	254	137	45	180	41	89	
11	90	248	237	36	124	255	26	137	94	60	231	191	28	151	174	110	81	151	79	135	36	242	225	198	249	170	178	95	255	93	245	
251	86	109	229	230	50	237	59	81	106	86	246	89	45	155	109	126	132	21	175	233	180	101	138	86	235	226	132	175	252	240	241	
205	255	230	182	180	46	95	188	123	218	95	247	255	249	187	100	23	238	53	255	255	224	159	239	234	126	229	196	174	247	144	83	
174	112	182	250	237	244	177	192	139	93	53	7	140	221	111	143	237	25	151	83	2	99	186	224	87	81	90	239	210	29	63	215	
14	176	182	211	109	245	185	192	143	93	85	51	140	223	110	142	205	25	147	145	22	116	58	241	15	81	218	239	146	13	189	247	
187	94	111	191	38	130	207	116	132	74	214	231	113	76	182	97	110	224	23	239	237	133	39	237	98	107	234	128	61	159	112	245	
185	86	107	236	38	50	75	88	69	110	246	246	27	13	187	32	126	156	23	239	201	183	37	203	210	237	162	148	127	155	112	241	
189	22	107	78	118	178	203	120	85	74	245	230	113	72	189	101	126	168	22	239	173	167	44	143	82	105	227	140	127	251	112	245	
185	19	120	227	228	189	217	85	73	108	61	254	31	13	158	56	110	136	151	87	221	54	96	208	214	217	176	176	127	143	214	209	
185	86	107	196	102	50	79	88	81	202	246	230	89	15	191	104	126	140	23	174	169	183	37	138	82	205	178	132	47	219	112	121	
189	22	107	192	118	50	107	112	85	234	247	230	19	135	183	113	126	140	23	174	233	183	36	206	82	203	161	132	47	235	112	241	
206	90	166	251	109	244	185	16	173	93	23	53	140	223	103	207	196	57	191	209	130	4	178	241	7	113	218	235	22	5	45	215	
185	86	107	229	118	35	233	95	80	234	247	254	19	13	177	105	126	140	23	173	169	182	37	142	242	239	248	132	239	249	112	241	
10	176	182	219	109	245	184	69	143	93	87	23	172	222	110	236	237	25	183	144	150	20	58	241	7	89	218	203	146	13	173	215	
78	151	178	202	173	253	63	151	205	77	159	47	174	188	254	108	166	83	255	85	151	41	176	224	243	121	42	219	158	223	157	87	
251	22	107	228	100	52	105	23	41	234	63	254	25	15	214	250	110	141	151	174	153	150	180	194	86	253	186	136	47	197	240	113	
14	24	178	155	235	244	184	130	159	93	85	49	172	222	111	204	199	59	179	145	22	28	58	241	15	117	90	235	146	5	45	215	
140	174	237	243	228	126	253	191	146	127	22	211	73	175	218	11	165	86	251	28	178	220	169	163	111	75	245	197	167	220	212	249	
14	150	160	154	223	243	184	74	31	79	221	183	76	252	62	140	255	155	147	149	150	15	26	215	27	86	155	239	151	77	61	215	
142	208	54	155	87	245	184	194	31	87	69	19	172	222	46	205	247	27	147	145	54	156	58	247	15	87	154	107	146	5	45	214	
143	23	106	225	244	181	255	23	169	237	191	246	153	31	254	116	111	163	151	190	177	22	36	210	102	221	171	228	167	215	245	241	
14	166	32	152	255	241	186	202	31	87	93	147	172	220	62	140	223	27	147	181	54	14	74	215	15	86	155	239	151	77	61	199	
142	49	190	242	101	244	185	80	143	93	85	18	140	223	110	237	206	57	151	208	150	242	114	192	71	217	218	235	150	13	253	211	
239	223	225	215	245	174	111	180	25	206	159	247	105	99	159	213	119	230	149	254	241	210	124	238	62	126	231	146	175	255	208	117	
46	120	178	234	109	244	153	208	137	92	93	39	140	221	255	138	206	121	151	83	130	34	242	224	71	217	234	171	150	95	125	243	
79	248	114	154	123	213	185	212	137	93	21	175	172	222	111	175	230	17	151	215	135	7	50	241	23	89	154	251	158	23	175	223	
238	84	112	206	237	124	223	156	201	78	189	45	74	221	191	238	206	113	181	111	233	39	186	250	115	123	228	191	223	255	84	115	
177	22	107	196	118	51	75	112	85	106	247	254	83	133	188	113	126	140	23	174	233	183	36	142	82	137	160	132	47	171	112	241	
219	91	123	192	36	248	249	22	137	76	190	246	159	29	183	172	110	177	159	83	133	37	36	230	242	249	186	216	79	159	213	121	
181	81	82	40	53	159	66	104	239	72	225	76	110	216	61	176	186	169	76	110	207	39	28	95	178	220	1	62	89	34	74	7	
142	240	160	155	79	245	184	200	31	85	85	147	140	220	127	141	159	25	147	149	6	64	26	241	15	83	219	239	151	13	61	214	
91	86	105	225	230	114	109	23	113	110	94	246	25	47	147	121	111	132	21	173	237	148	101	142	102	235	244	132	175	213	240	217	
8	2	87	93	104	203	105	23	173	29	114	112	191	7	160	127	2	56	38	8	0	176	35	85	69	184	112	128	82	128	231	169	
89	22	234	229	52	48	73	51	113	202	214	246	91	47	154	96	126	133	61	173	185	150	101	138	210	239	186	128	175	236	240	113	
249	22	107	228	116	59	75	83	85	111	215	254	27	45	183	108	126	132	31	172	185	181	37	202	210	237	160	144	175	249	208	113	
128	152	30	249	65	196	57	151	28	17	102	23	188	151	34	89	225	59	179	144	34	220	18	241	199	179	218	67	152	8	173	26	
189	22	111	225	38	50	233	112	84	106	247	230	83	12	189	105	126	132	23	175	169	183	37	142	82	203	226	132	109	235	112	241	
64	2	117	200	106	193	145	0	140	28	180	162	149	23	161	102	74	145	46	144	2	35	98	208	197	144	34	154	20	136	37	97	
171	90	108	201	101	246	249	86	137	77	252	246	153	31	182	175	78	145	151	221	193	174	100	196	71	217	186	202	87	159	244	253	
142	144	178	155	67	245	184	192	31	93	69	19	172	222	110	204	247	27	179	145	22	208	26	241	15	87	218	235	146	5	45	215	
8	18	88	249	232	132	88	22	13	17	100	213	189	3	34	72	71	3	135	132	154	8	82	209	198	185	50	64	188	136	136	18	
142	176	50	155	99	253	176	194	159	85	85	151	172	222	110	204	230	59	147	17	150	56	178	243	15	81	26	107	146	13	13	215	
185	94	103	252	46	128	75	112	197	74	208	230	51	201	177	97	110	224	31	239	233	175	38	173	242	235	234	136	63	185	112	57	
189	67	122	236	100	31	214	120	68	140	117	70	83	73	187	97	120	168	6	110	204	176	36	28	114	233	33	5	123	171	88	193	
233	18	88	61	66	140	120	19	49	65	102	213	183	3	2	81	54	175	35	4	36	154	215	5	198	235	80	0	120	128	234	144	
16	2	92	121	42	200	49	16	54	29	118	176	167	7	128	89	102	56	109	8	0	156	99	17	196	163	112	195	112	128	4	99	
58	220	248	167	231	85	255	247	27	79	125	51	44	63	62	0	255	155	151	129	222	62	120	243	247	221	154	231	119	206	244	219	
46	180	176	131	213	245	178	202	27	47	125	19	140	252	111	140	217	91	131	17	22	182	216	210	15	84	155	111	215	77	159	214	
73	158	18	125	49	190	120	54	45	11	110	245	175	35	162	212	197	55	236	12	181	156	209	95	198	255	18	64	90	132	43	29	
215	78	78	180	46	146	206	114	132	138	210	231	9	202	179	195	110	229	61	207	237	199	4	236	176	107	239	136	45	181	57	21	
114	128	113	72	41	217	64	168	239	32	160	168	170	23	36	244	136	145	206	128	9	35	96	213	145	240	0	123	83	0	6	36	
14	162	160	139	245	177	186	203	95	45	93	183	136	200	126	140	221	11	147	149	150	56	205	215	14	84	155	231	223	15	153	198	
185	86	107	68	118	50	235	88	81	202	255	246	25	13	181	101	126	140	23	174	169	183	37	142	82	235	160	132	111	169	112	241	
253	157	111	229	164	30	111	179	113	74	255	118	91	63	182	113	110	212	21	238	249	188	37	238	243	239	230	196	39	160	240	113	
218	221	126	246	179	214	95	183	153	110	158	167	93	255	182	112	183	247	189	227	241	141	57	255	227	255	239	211	22	246	165	115	
155	94	120	227	230	126	125	214	121	111	53	246	29	31	247	121	39	155	151	143	247	156	36	242	214	217	186	164	63	213	199	249	
207	159	122	234	245	252	95	183	137	93	156	189	158	252	254	230	135	211	223	23	247	43	184	227	251	125	46	255	150	223	141	119	
159	158	237	87	166	62	127	183	123	255	23	247	127	125	222	175	55	251	149	15	241	252	60	234	106	95	117	130	175	252	213	125	
191	94	122	226	246	125	255	214	73	110	190	254	31	13	247	40	111	147	151	223	245	183	36	226	114	205	186	160	255	221	252	249	
142	121	182	154	239	85	180	204	139	221	84	35	140	222	111	143	206	89	151	83	86	97	186	224	15	81	79	239	146	127	141	215	
142	241	36	162	237	85	188	200	139	252	149	43	140	223	127	142	237	81	251	211	198	71	186	240	95	81	143	239	22	127	189	215	
239	223	112	250	237	252	127	212	201	94	188	63	46	223	255	247	231	211	151	67	198	35	186	243	243	121	174	187	22	223	189	119	
206	241	58	194	237	213	191	216	143	95	149	55	140	223	126	238	239	19	159	211	215	7	186	241	39	217	143	239	22	87	189	215	
175	94	124	251	231	253	255	214	105	95	125	255	61	31	158	189	47	131	151	15	231	52	36	227	118	95	62	128	255	223	207	253	
159	94	248	195	182	240	223	150	29	79	158	247	155	63	151	108	111	215	159	157	185	188	101	226	230	253	190	208	191	221	245	125	
223	159	122	226	183	244	127	182	41	77	159	183	157	30	222	114	231	147	157	215	255	11	176	226	250	221	174	211	174	215	189	115	
78	117	50	202	237	125	191	216	137	220	188	44	140	221	111	174	142	115	223	83	198	35	186	224	115	89	15	191	214	127	79	247	
239	125	120	234	173	252	223	144	201	78	157	46	158	220	255	170	206	211	159	83	135	35	242	226	231	217	174	187	222	223	221	87	
238	245	32	194	237	85	191	216	139	252	157	43	12	220	127	167	237	81	223	243	214	99	186	240	59	89	143	191	19	127	63	215	
142	113	52	218	203	213	184	204	139	93	21	3	140	222	111	175	238	25	147	211	70	71	186	241	23	89	222	175	146	31	173	215	
14	90	60	251	237	245	185	208	141	93	85	39	172	222	63	238	207	51	183	211	150	4	50	241	71	89	218	203	150	95	173	215	
142	89	50	218	239	245	191	208	141	94	52	167	172	223	239	206	166	51	191	83	198	5	186	227	103	89	10	235	150	31	173	247	
175	149	122	226	231	125	255	244	201	94	125	191	31	253	254	181	175	155	151	79	247	39	48	227	115	89	44	235	207	223	255	247	
185	86	111	197	102	50	237	87	81	202	254	246	89	45	181	105	126	132	23	172	169	183	37	206	82	235	226	132	239	248	240	241	
255	158	105	227	244	60	127	151	25	111	191	254	27	61	150	120	103	151	159	156	185	190	101	226	254	253	180	192	175	221	212	113	
25	22	107	229	166	122	205	87	85	107	215	246	27	45	178	104	126	133	53	189	185	176	37	130	210	239	186	132	255	220	241	113	
121	22	233	229	246	54	77	23	113	207	94	246	27	47	154	120	126	140	21	172	185	152	101	138	246	239	178	192	175	216	240	113	
253	94	105	237	228	124	223	222	89	78	188	254	59	61	151	40	126	130	151	47	233	34	125	170	246	205	162	184	255	253	84	241	
174	181	40	128	237	85	189	216	137	222	157	39	12	223	127	143	237	81	223	215	210	67	186	192	123	89	143	255	147	126	63	215	
157	22	111	225	246	50	237	87	113	203	246	246	27	47	147	41	126	142	21	188	185	182	101	234	246	203	246	128	239	241	240	241	
14	241	62	226	237	213	189	208	143	93	157	38	140	223	127	207	207	17	159	211	215	71	58	192	79	89	174	239	150	31	189	247	
142	112	160	153	207	241	152	204	31	119	68	147	140	222	119	140	207	25	179	149	6	70	122	243	7	87	219	111	150	29	61	214	
142	208	178	155	229	213	184	200	31	93	85	19	140	222	110	204	239	25	179	209	22	84	59	241	15	83	218	199	150	13	189	215	
142	240	160	147	101	213	184	200	31	127	85	147	140	222	127	140	223	25	179	147	6	84	123	210	15	87	223	239	151	29	61	215	
142	240	50	155	111	213	184	200	31	93	85	55	140	222	126	205	231	25	179	211	198	84	186	241	15	81	219	239	22	21	173	215	
206	126	184	218	237	252	191	148	137	94	29	63	172	157	127	174	134	115	159	83	134	37	178	224	199	89	26	187	150	95	157	223	
175	62	226	242	229	244	95	144	137	222	29	191	188	255	223	191	143	251	149	215	255	69	58	226	235	93	252	171	142	247	222	247	
207	124	122	242	229	244	255	144	137	95	157	63	140	158	247	174	207	187	159	211	151	7	112	224	239	89	190	235	142	223	253	215	
14	213	116	226	233	245	191	212	139	127	29	173	140	222	126	166	143	19	215	211	214	3	58	241	103	89	143	255	150	87	143	215	
206	217	178	218	255	220	189	148	137	92	61	39	172	223	110	231	166	51	223	83	214	41	178	225	103	89	10	235	22	31	141	215	
191	94	104	227	244	52	255	23	9	206	191	246	153	31	215	107	110	147	159	190	185	132	117	234	230	221	174	128	175	221	244	245	
187	30	105	225	246	182	95	119	89	202	254	246	25	31	150	49	110	163	151	172	189	190	101	238	118	201	178	128	111	220	250	249	
219	158	253	119	166	63	253	182	89	127	62	254	121	60	150	107	39	215	181	141	181	252	45	239	102	223	124	128	175	244	201	125	
185	22	111	204	102	50	237	121	85	74	245	246	81	45	189	105	126	128	23	175	185	167	37	206	82	235	226	132	255	232	240	241	
185	86	107	229	230	50	253	119	81	110	246	246	27	45	191	105	127	148	23	175	233	183	37	202	242	239	240	132	111	252	240	241	
189	94	105	225	228	63	239	214	25	110	127	254	27	13	182	185	110	155	151	190	249	182	101	194	118	217	160	196	127	221	214	241	
206	221	120	170	173	217	255	149	141	78	159	183	159	156	254	98	206	19	223	71	199	37	98	227	230	89	170	155	30	223	157	87	
206	121	50	194	237	244	189	148	169	92	156	165	172	222	255	254	198	19	223	211	194	3	242	224	199	121	170	187	150	215	173	223	
14	113	54	219	237	220	189	212	171	93	29	39	140	159	239	207	166	27	223	83	215	1	186	241	71	89	42	239	150	95	143	215	
218	221	126	246	182	214	255	183	185	74	190	50	93	63	54	115	231	247	29	227	248	13	48	239	243	255	238	128	39	240	229	115	
45	19	18	141	100	15	226	88	76	136	115	70	82	24	181	100	216	32	6	110	133	176	17	136	4	216	33	4	91	171	121	133	
207	187	242	211	231	244	185	212	171	93	29	55	140	223	255	238	166	27	151	211	151	16	178	224	71	89	10	235	134	215	175	247	
79	241	48	218	235	244	189	216	175	93	28	39	172	222	239	237	166	27	151	211	135	0	186	241	87	89	10	171	158	215	173	255	
238	113	228	138	207	81	148	200	139	244	141	175	76	252	127	158	202	209	243	87	68	99	250	240	31	81	207	63	87	63	95	214	
58	220	248	255	181	119	254	215	27	95	125	19	41	63	62	0	255	219	151	129	186	184	121	243	231	221	158	231	247	222	212	243	
138	181	237	251	189	246	223	159	159	93	92	183	249	253	158	36	159	27	149	157	179	200	127	175	235	223	190	139	183	212	149	251	
154	29	124	247	183	214	95	182	29	204	30	51	253	127	55	97	247	243	181	233	248	136	51	238	235	223	254	195	55	133	181	123	
207	255	230	158	181	62	79	188	123	218	95	244	254	253	191	229	23	110	181	111	241	228	191	255	234	126	229	134	142	247	208	117	
239	223	225	215	245	190	239	180	57	206	191	246	233	111	159	245	127	230	149	238	241	212	252	239	46	127	239	130	143	255	210	117	
185	150	125	227	230	126	125	183	121	95	118	246	27	63	158	121	47	154	151	174	241	180	37	226	102	203	244	132	175	220	210	249	
53	89	26	72	50	143	130	97	237	200	160	76	150	218	37	48	190	185	78	98	205	39	16	94	144	156	3	58	89	34	107	5	
112	0	93	120	41	217	80	64	237	48	224	40	3	30	164	177	202	145	206	0	47	35	66	21	147	209	0	123	112	8	76	36	
0	2	85	73	104	217	169	19	237	21	126	240	168	135	164	254	6	48	226	8	17	56	99	81	7	56	82	10	82	128	199	173	
78	91	60	218	237	253	185	144	139	124	21	47	140	222	127	206	166	57	255	83	134	1	186	240	7	121	10	251	150	31	13	215	
226	130	64	73	73	22	105	91	37	55	228	148	8	7	36	212	108	148	203	172	56	15	113	214	23	56	144	22	83	132	230	180	
43	129	33	11	245	159	166	109	79	97	89	70	200	120	188	164	216	10	146	37	215	56	93	149	46	28	139	246	95	14	217	132	
158	254	236	183	230	58	127	191	27	255	23	183	111	109	207	139	39	239	181	215	250	252	47	183	110	207	125	199	175	253	220	251	
191	86	105	227	164	116	223	87	9	79	189	246	153	15	158	169	110	147	151	174	185	166	101	226	242	201	186	200	175	213	244	113	
72	18	218	125	48	168	57	18	63	5	102	245	175	131	130	92	86	60	229	16	146	156	65	67	70	247	48	193	210	128	38	49	
129	148	92	217	101	140	121	23	159	23	52	151	152	3	38	69	71	2	27	12	34	44	80	209	70	154	146	80	30	136	200	144	
67	150	25	41	112	175	56	51	45	75	105	253	254	103	32	80	149	55	77	36	17	140	16	95	140	182	48	194	216	194	3	17	
88	48	147	117	32	72	113	22	49	29	230	48	159	151	64	90	36	156	237	16	11	220	243	64	215	225	50	129	226	128	38	59	
189	22	111	236	38	34	237	81	213	202	215	246	81	239	177	105	126	164	63	175	169	183	36	202	210	235	226	128	45	250	112	113	
5	88	16	73	112	159	98	88	108	104	117	76	154	208	165	180	152	40	70	106	133	176	80	29	6	152	33	38	88	35	75	133	
2	208	62	217	77	132	57	215	143	21	116	22	188	215	104	79	205	19	51	144	18	24	18	209	71	152	218	74	26	8	165	186	
179	200	71	141	86	219	226	230	85	64	210	194	50	28	181	228	120	232	18	233	237	190	117	191	53	46	128	16	117	156	80	124	
184	2	117	248	45	85	88	16	197	28	176	82	43	13	48	225	200	145	140	0	40	33	32	144	147	217	96	147	51	136	100	39	
188	20	91	236	18	102	65	120	85	10	247	114	19	23	32	121	94	156	20	168	41	150	49	142	211	233	32	4	123	169	100	49	
161	197	64	137	84	155	228	230	68	0	122	2	163	8	182	196	120	10	2	236	228	184	5	223	36	40	4	0	119	154	216	140	
79	132	17	40	112	237	107	2	47	73	121	217	221	103	32	144	149	33	86	12	19	24	0	87	141	190	50	192	216	135	3	209	
184	128	92	120	104	201	80	64	173	48	160	184	23	30	32	49	136	145	198	0	45	35	66	21	211	193	96	57	112	8	78	18	
64	2	81	73	8	249	168	3	236	17	96	208	137	140	164	224	204	25	226	128	149	56	246	81	7	241	82	73	81	128	207	164	
98	132	100	73	73	44	169	198	172	39	170	4	0	2	20	86	233	134	107	140	8	47	113	82	21	254	146	16	89	66	227	188	
154	157	108	255	191	246	95	191	21	76	94	183	253	125	26	97	215	123	181	151	251	200	127	191	235	223	254	195	54	212	180	123	
58	157	248	227	181	119	222	159	31	123	189	19	155	63	60	32	255	219	151	129	58	184	121	247	239	223	158	215	183	222	212	83	
202	221	126	254	252	196	255	183	137	138	190	2	253	127	52	114	239	243	159	227	240	15	58	239	255	255	238	203	21	242	229	91	
159	158	251	243	166	252	255	214	249	79	182	246	189	63	191	252	39	147	159	143	243	133	44	226	226	223	190	128	175	213	239	253	
255	158	232	243	244	126	95	151	57	79	182	255	27	63	151	121	111	211	157	156	185	190	109	230	254	255	180	208	175	221	214	121	
152	25	119	99	35	217	177	64	237	36	98	32	173	151	133	252	166	53	234	64	17	188	33	80	7	224	82	3	115	1	7	189	
159	158	120	243	230	116	255	246	25	94	21	247	157	63	255	107	111	211	151	191	255	52	124	226	246	217	254	196	191	221	253	241	
142	125	58	218	237	253	191	208	143	222	28	39	140	223	255	207	207	51	223	83	214	5	186	226	111	89	143	255	158	127	157	247	
143	93	122	211	229	253	191	212	201	94	29	183	140	223	255	167	175	123	151	247	215	39	58	242	103	89	174	175	158	223	173	215	
142	113	178	154	237	213	188	200	143	220	85	35	140	222	111	239	239	25	179	211	198	118	186	240	31	81	207	239	22	29	189	215	
14	240	50	155	237	213	188	200	143	94	85	35	140	222	111	239	239	25	147	211	198	86	186	240	7	81	223	239	22	21	173	215	
78	117	58	218	239	253	189	216	143	94	29	47	172	222	127	174	167	27	159	83	214	33	186	224	87	89	14	235	150	95	141	215	
14	126	114	210	237	252	255	208	137	94	29	47	140	222	255	238	199	51	159	211	214	35	58	226	239	93	174	235	150	223	159	215	
239	158	120	242	247	252	255	244	9	79	61	255	61	63	190	247	239	211	151	191	247	42	48	239	246	217	190	194	191	223	213	251	
175	158	121	243	229	252	255	182	233	78	61	246	189	127	158	183	239	147	151	143	241	40	116	230	118	223	254	202	15	223	223	255	
191	30	233	231	182	62	255	214	25	79	182	246	27	63	183	105	111	195	151	175	169	188	53	234	242	207	254	128	239	253	253	249	
153	22	239	236	166	34	237	95	85	75	214	246	81	175	184	107	126	132	63	173	185	179	37	194	210	235	242	128	175	248	240	113	
61	22	239	236	230	34	237	127	85	75	215	246	81	45	188	105	126	132	55	173	185	179	37	200	82	235	226	132	255	248	240	241	
189	30	107	227	228	63	253	246	89	111	118	254	27	45	183	57	111	138	23	190	185	190	37	226	126	203	244	196	239	217	242	249	
206	94	58	194	237	252	255	150	169	94	156	173	172	223	255	119	199	147	223	179	230	3	186	226	247	217	174	191	150	215	141	247	
207	157	120	218	173	220	255	151	141	78	156	191	159	255	255	102	199	51	223	7	247	37	38	227	230	221	46	187	30	254	141	119	
37	3	18	133	36	14	226	80	77	136	123	70	210	24	191	228	216	36	6	110	133	176	17	136	4	184	32	0	91	187	121	133	
9	16	18	73	112	159	98	112	108	232	123	108	218	208	165	180	154	40	70	106	133	176	116	28	4	216	33	0	90	163	75	133	
143	183	114	202	225	244	191	219	235	94	28	55	140	223	255	246	231	27	151	247	199	3	186	243	119	89	174	175	158	214	175	247	
189	22	235	225	182	126	223	214	85	239	246	246	27	47	179	121	126	207	23	191	185	252	37	202	246	235	254	132	175	252	240	121	
206	253	56	226	237	213	191	216	143	94	29	39	140	222	127	239	207	19	159	243	214	7	250	240	111	89	143	239	150	95	189	215	
177	195	107	11	84	219	103	244	117	76	118	60	35	0	158	21	56	170	70	108	238	184	100	31	100	8	36	64	113	154	214	204	
143	30	249	235	173	125	255	144	137	78	61	118	157	253	255	171	207	113	223	115	165	36	234	226	231	221	46	187	222	255	93	247	
207	158	121	243	181	252	255	182	169	79	188	247	159	63	158	247	239	243	223	159	249	44	240	226	239	253	174	243	143	221	223	241	
15	221	250	219	231	252	191	220	233	94	60	167	172	255	191	174	175	83	151	87	215	33	58	243	103	93	46	175	214	223	175	223	
127	223	105	227	182	94	95	180	57	73	127	246	27	63	158	113	118	207	21	254	185	152	53	238	254	239	190	192	175	223	240	121	
136	18	154	184	41	132	57	81	159	93	116	21	156	147	98	89	198	9	31	28	2	69	146	208	199	217	114	170	26	12	41	147	
95	95	233	227	182	122	127	150	85	105	223	246	27	63	186	104	127	207	21	223	185	184	37	226	250	207	190	196	175	223	240	113	
78	253	176	234	237	85	191	216	139	94	29	45	172	222	127	246	135	115	223	99	198	3	186	241	119	89	143	191	22	127	173	215	
29	223	233	227	166	82	239	150	85	251	94	246	27	45	146	104	111	207	53	223	217	184	45	226	254	239	254	196	239	251	241	121	
142	253	122	194	237	252	191	215	169	94	188	181	140	223	255	166	175	115	223	115	215	33	58	226	239	89	46	255	150	215	175	223	
158	254	236	183	246	187	127	191	179	255	95	247	111	111	223	139	191	239	247	135	254	244	175	187	110	207	253	167	175	253	220	215	
63	95	239	227	230	62	255	215	25	79	126	246	25	63	151	57	110	219	151	158	249	184	117	226	118	207	254	128	239	223	242	249	
142	249	62	186	237	245	189	220	141	94	85	53	140	223	127	143	207	27	151	215	199	38	58	241	7	89	206	175	86	95	175	215	
175	191	120	226	237	116	223	240	201	94	157	47	156	222	255	39	207	211	223	243	255	39	120	242	111	217	174	255	158	255	173	247	
72	190	19	50	240	232	51	22	185	13	123	117	172	135	160	84	165	59	237	16	50	141	130	103	204	247	50	203	130	135	167	123	
66	152	48	218	201	133	185	215	143	21	37	22	140	147	108	70	205	19	43	156	82	11	250	241	29	152	158	106	154	8	161	178	
223	222	248	242	180	252	223	148	157	79	158	247	191	126	191	230	239	243	159	215	191	40	124	226	238	221	190	211	174	223	221	127	
239	93	249	194	237	253	255	148	201	206	61	46	158	124	255	166	207	243	159	127	245	34	122	226	247	221	174	186	222	255	221	247	
207	93	178	218	237	244	189	212	143	95	29	55	172	254	255	238	239	27	183	211	198	0	186	224	87	89	206	235	158	223	189	247	
207	158	120	242	247	244	95	180	137	79	158	247	159	63	158	115	111	243	159	215	191	10	124	230	254	221	174	209	174	223	253	115	
143	158	243	242	247	244	255	215	233	95	188	246	157	63	255	238	111	211	151	159	183	15	180	226	118	221	190	232	175	213	255	253	
223	158	237	243	182	120	221	183	25	91	62	246	31	63	158	121	39	195	149	12	185	60	125	231	254	207	254	192	191	220	213	121	
239	223	239	215	245	190	254	188	251	222	127	246	235	238	159	255	183	239	181	239	253	244	190	239	174	127	239	134	175	247	219	117	
99	128	96	209	133	172	233	7	143	39	182	22	136	3	52	92	105	130	11	140	34	45	112	211	23	222	146	18	91	76	192	60	
157	150	107	227	166	126	253	246	113	127	247	246	27	63	158	121	127	158	151	174	185	180	37	226	210	207	246	132	239	220	243	241	
119	112	66	72	27	211	90	73	101	192	189	170	74	214	231	180	94	185	222	162	205	39	100	218	178	92	129	187	127	166	110	68	
206	113	178	218	233	253	189	204	143	92	21	45	140	222	111	238	166	59	255	83	214	1	186	240	71	89	78	171	146	95	141	215	
177	84	90	229	54	110	118	71	93	107	250	50	31	24	36	96	250	149	22	35	237	183	16	138	177	236	32	2	105	88	232	27	
184	2	93	252	108	88	80	0	201	26	176	48	19	141	36	120	200	145	38	0	13	39	66	144	211	227	112	25	113	136	76	3	
203	43	0	194	201	157	107	16	141	12	52	204	168	135	247	141	36	162	10	222	147	44	48	224	31	24	18	104	91	143	65	124	
71	214	239	158	250	160	190	158	154	219	89	255	124	254	253	42	215	119	55	149	163	82	142	227	60	30	255	170	157	211	177	221	
86	135	39	154	155	208	168	41	142	85	207	163	232	230	46	196	119	19	171	145	23	9	175	213	154	54	154	203	148	6	173	84	
32	31	42	168	156	227	146	66	198	77	220	103	0	172	50	64	200	42	135	17	30	187	66	151	72	5	168	195	213	11	124	211	
174	113	54	130	237	85	188	200	143	222	29	39	140	254	127	143	239	89	151	195	196	67	250	240	31	81	207	175	22	127	63	215	
189	30	235	227	246	118	253	247	53	79	246	246	27	63	183	105	111	211	151	190	185	190	53	234	242	207	254	128	175	252	252	121	
238	117	240	230	255	85	159	232	139	238	157	175	76	126	79	134	143	81	223	227	228	67	56	234	59	87	15	191	135	119	47	215	
207	95	120	250	237	253	255	246	137	222	28	175	188	222	247	239	239	243	159	211	247	46	248	234	255	217	174	235	150	255	141	87	
142	245	114	194	239	253	191	212	137	94	29	39	172	222	127	230	231	19	159	83	214	33	186	226	127	89	15	239	150	95	173	247	
31	219	233	243	182	220	127	180	81	220	95	230	255	127	219	96	55	251	181	223	251	248	45	235	238	223	174	192	175	255	117	121	
180	214	46	186	142	197	149	239	222	94	177	55	119	220	110	11	237	179	111	147	254	111	106	55	249	131	127	251	81	8	165	219	
177	126	104	60	122	179	90	248	81	78	244	191	51	221	183	17	62	201	23	230	238	38	46	63	114	201	97	173	125	177	102	223	
47	150	243	214	181	119	223	188	155	207	60	253	92	255	255	172	151	243	149	183	163	97	58	255	107	95	237	254	223	247	204	119	
79	188	181	211	173	252	189	175	255	255	30	4	236	252	95	239	197	119	250	147	151	105	187	241	175	90	223	239	134	117	157	87	
206	158	120	242	173	252	255	183	233	94	156	53	159	254	255	231	199	115	223	35	247	37	186	243	239	221	46	255	150	252	141	119	
155	22	239	225	166	50	237	215	117	91	214	246	25	47	186	107	111	199	63	189	185	222	37	194	218	235	254	196	175	208	240	121	
189	158	239	227	230	62	253	246	121	91	118	246	89	61	215	43	111	195	23	156	177	248	37	226	94	203	246	192	239	252	248	249	
111	158	250	214	245	124	255	183	185	95	52	188	189	126	191	247	207	243	151	45	177	46	62	235	254	223	254	170	158	252	215	127	
206	157	58	234	239	93	191	222	141	94	28	63	172	255	231	199	167	19	223	35	197	1	186	226	123	89	79	175	30	126	173	215	
27	48	154	184	35	197	48	81	31	73	68	23	28	151	98	89	246	25	147	20	7	92	146	208	211	217	90	42	58	12	41	211	
106	11	70	73	65	149	105	18	39	61	246	140	9	135	148	252	76	188	230	204	11	186	241	113	87	249	144	161	99	128	110	188	
175	158	121	242	231	252	255	182	153	95	60	247	253	127	190	165	255	211	151	175	183	36	60	239	127	223	238	198	159	253	255	245	
191	94	249	247	230	124	223	176	25	238	21	254	191	61	159	47	127	251	151	223	169	116	108	234	222	223	238	176	191	255	85	113	
190	231	236	244	188	99	223	248	17	254	156	187	89	111	251	3	127	223	159	227	252	71	237	170	250	199	239	189	165	253	148	241	
184	16	48	56	73	201	81	112	231	60	176	57	143	147	2	157	8	145	198	129	8	35	66	145	209	209	65	123	115	12	6	131	
255	223	237	227	246	86	127	176	121	93	62	230	91	63	158	113	127	223	21	222	255	144	61	239	254	203	238	196	175	223	248	113	
50	4	6	73	9	41	162	71	172	33	170	1	130	147	4	86	201	4	123	12	8	11	65	18	132	252	154	18	81	74	243	162	
159	158	233	243	180	124	255	151	125	127	182	246	219	63	158	185	127	211	151	140	187	188	125	227	238	223	254	132	239	244	245	113	
175	222	248	250	237	253	255	255	201	94	188	183	140	253	255	167	207	115	215	163	246	47	122	242	111	95	238	255	214	253	205	247	
108	201	57	242	205	148	172	133	202	21	177	30	204	142	108	234	205	19	138	86	19	43	186	240	189	217	30	122	208	26	225	180	
15	223	250	243	230	92	255	244	169	206	61	231	125	127	255	166	127	211	151	255	197	161	44	234	110	223	238	131	175	255	127	245	
109	0	56	104	152	253	128	3	108	9	185	24	147	158	49	120	204	145	78	177	156	35	112	16	213	193	186	125	217	0	11	18	
37	3	82	133	116	30	226	16	205	200	127	70	223	200	191	196	90	44	6	111	197	176	4	136	38	60	32	0	78	187	120	133	
111	255	120	226	237	92	223	248	217	222	189	47	156	126	255	167	223	243	159	99	229	35	120	238	239	223	239	255	158	255	159	215	
224	97	122	72	72	145	238	109	229	36	172	8	0	137	116	20	104	136	74	238	74	39	144	83	54	24	0	44	81	146	226	164	
159	158	249	247	230	244	253	183	89	222	52	247	253	127	158	43	63	243	149	143	181	124	44	239	238	251	254	162	239	244	205	121	
142	254	236	183	238	251	255	190	151	254	87	247	253	239	219	11	63	119	255	135	244	212	239	251	110	111	125	133	167	245	141	219	
15	127	120	238	253	93	255	252	201	206	60	47	188	252	255	167	167	243	223	99	229	35	184	238	255	221	47	187	222	255	143	247	
78	117	240	134	235	85	158	232	137	238	157	175	12	254	95	134	207	213	215	231	196	67	250	226	63	93	207	191	71	127	47	215	
206	127	178	242	237	125	191	253	137	206	157	191	172	253	255	167	143	115	223	227	247	99	186	234	255	93	111	187	158	255	141	255	
143	254	250	210	237	244	191	254	201	94	28	183	172	255	255	231	239	83	159	183	183	71	186	226	111	93	174	239	158	245	175	223	
238	255	254	246	253	86	95	253	219	206	28	63	108	253	255	183	159	247	149	99	244	103	186	238	123	95	237	187	142	254	222	127	
143	190	237	247	230	252	253	182	187	255	22	246	249	111	214	43	39	247	181	157	179	220	172	227	78	219	254	192	175	244	209	121	
74	150	22	42	115	188	58	115	173	29	111	197	108	231	42	220	183	19	163	4	150	153	26	101	15	119	90	194	202	135	43	217	
74	182	18	154	240	188	58	208	57	77	109	245	108	199	40	212	183	59	133	20	179	152	136	119	186	247	18	202	138	135	175	113	
207	159	248	250	231	252	191	183	203	94	29	191	189	254	254	230	167	115	223	71	247	44	186	243	255	221	63	255	158	255	141	119	
207	221	121	242	189	252	223	183	185	78	189	189	191	255	254	167	143	243	223	51	181	47	250	238	239	221	46	251	222	254	239	87	
184	222	110	29	100	155	119	242	116	78	118	189	51	9	159	17	58	138	198	110	232	244	36	63	102	43	112	1	117	153	86	251	
143	255	238	214	229	62	254	188	251	222	127	245	235	236	191	239	151	239	181	239	253	244	190	239	234	123	255	135	143	247	219	213	
207	223	120	250	253	252	255	180	249	94	61	189	157	126	254	247	167	115	223	119	247	47	190	231	239	223	126	255	158	255	143	215	
239	223	248	254	237	124	255	254	201	94	60	191	188	127	255	182	239	243	151	99	247	47	184	251	127	95	174	175	222	255	143	247	
207	223	248	242	183	116	191	189	175	207	157	183	188	126	255	238	167	243	223	215	183	37	60	251	235	223	47	223	150	247	173	119	
175	223	250	242	245	116	255	245	217	222	189	246	253	125	255	167	239	243	151	255	245	111	56	234	127	223	254	138	207	255	253	253	
9	17	123	65	98	95	51	80	109	8	119	104	30	18	165	244	182	24	134	106	133	177	32	76	115	221	32	2	90	131	75	165	
61	141	233	241	166	46	253	167	81	115	118	146	27	61	148	41	111	222	17	157	120	248	101	162	239	239	214	68	231	252	208	232	
5	4	254	95	110	50	229	49	220	158	119	18	212	114	191	107	114	98	38	42	228	244	39	72	70	171	114	8	121	235	105	133	
35	40	98	67	65	157	232	82	37	56	119	128	32	143	148	52	104	42	162	222	134	186	240	112	7	56	146	34	67	130	102	190	
61	30	98	62	99	187	118	114	117	70	117	253	107	77	23	157	63	169	198	39	237	246	12	191	18	255	80	10	123	245	106	223	
159	158	237	243	166	52	249	150	93	95	22	246	185	63	218	106	111	211	63	156	179	220	109	227	206	207	255	196	175	236	241	113	
207	156	249	250	189	252	223	191	249	95	180	61	255	255	254	231	151	211	223	39	181	109	186	239	255	223	127	255	142	252	207	119	
207	222	248	246	255	244	255	189	187	223	157	182	221	255	255	167	183	211	159	243	247	101	62	234	255	223	239	239	158	247	173	119	
203	150	248	254	231	124	253	255	217	222	20	255	189	127	254	247	183	211	151	37	181	107	58	239	255	223	126	239	159	236	173	119	
159	158	252	247	230	244	253	191	219	222	52	247	253	127	158	47	47	243	181	143	187	124	46	231	238	251	255	226	175	245	213	241	
207	254	238	254	237	54	254	254	255	218	125	87	121	252	255	239	183	79	247	111	245	103	191	255	59	255	255	142	222	245	249	213	
223	30	249	247	230	92	255	176	25	222	53	254	255	125	223	43	63	249	151	79	161	116	108	234	222	219	111	168	239	255	85	113	
207	223	248	254	253	220	223	191	153	206	188	189	253	255	222	183	159	243	223	51	245	110	250	239	255	223	111	255	222	254	207	127	
143	158	240	222	237	92	255	255	219	222	60	63	140	253	254	166	207	243	151	167	245	111	58	250	127	95	255	175	158	252	141	255	
191	223	109	247	102	214	127	176	123	124	183	230	121	127	159	117	127	209	149	238	233	84	109	255	238	219	239	132	47	183	102	241	
143	254	248	250	253	116	255	254	203	223	156	55	172	255	255	231	239	243	159	183	247	111	186	238	255	95	255	239	150	244	173	223	
207	159	121	250	255	252	255	190	251	222	60	191	253	254	255	181	183	115	223	119	183	103	186	255	255	223	111	255	223	247	207	215	
143	159	249	246	239	116	255	187	217	222	157	182	253	255	255	175	255	243	159	227	245	99	58	238	255	223	239	175	223	255	253	247	
246	149	125	255	182	70	95	189	27	51	185	18	119	127	28	81	255	211	63	163	122	108	89	255	255	191	223	80	53	218	212	58	
25	17	114	96	83	91	59	80	101	0	254	160	27	23	164	116	54	157	198	224	129	179	37	76	83	237	32	3	99	130	39	183	
175	223	251	254	253	124	255	254	217	222	188	191	253	254	247	167	255	243	151	103	245	111	58	239	127	223	239	191	223	253	223	255	
207	157	240	218	251	124	191	251	235	206	188	191	172	255	255	230	167	83	223	167	247	41	186	247	255	95	47	255	158	245	141	247	
239	159	253	214	245	252	255	191	155	95	189	255	253	253	190	166	223	243	151	143	247	110	122	239	111	223	255	186	206	255	220	117	
25	81	91	193	114	90	179	80	101	0	119	98	93	22	165	228	126	156	134	226	129	176	53	204	86	201	34	6	111	170	105	167	
63	222	249	246	247	94	223	252	89	206	188	238	127	125	159	166	191	243	151	239	237	98	60	239	250	223	111	178	239	255	223	125	
142	252	243	234	255	116	191	248	171	222	28	183	172	255	127	102	239	83	159	243	246	35	58	242	127	93	46	175	150	255	165	215	
159	158	249	243	230	252	127	246	57	222	182	247	189	63	223	105	111	251	159	159	173	188	44	234	254	223	254	129	175	253	253	249	
2	208	60	91	139	216	176	132	174	21	99	49	206	150	14	73	163	11	233	80	18	152	59	113	135	249	90	67	240	7	197	95	
79	159	123	250	255	92	255	185	153	206	188	175	253	127	191	229	183	211	159	103	245	99	186	239	251	223	175	191	142	255	253	87	
76	192	24	250	171	209	178	204	138	21	180	32	236	214	237	226	243	67	10	118	66	1	186	241	172	217	15	127	208	26	5	175	
143	158	121	243	247	252	255	246	249	94	189	247	189	127	190	167	239	243	151	175	183	46	108	231	255	223	254	198	255	253	237	247	
15	97	122	83	195	216	191	196	127	85	119	144	9	206	206	188	46	155	194	218	150	208	190	97	6	201	18	65	227	151	239	212	
63	86	214	229	227	54	126	215	21	11	126	116	9	58	166	236	223	223	134	176	29	218	33	226	50	255	118	135	171	241	168	151	
71	74	67	210	97	152	235	80	169	4	53	206	168	199	253	230	110	32	10	206	129	33	190	224	23	24	130	40	87	171	75	180	
155	158	237	247	166	124	253	147	93	219	22	246	57	61	246	107	111	195	55	157	179	252	61	226	94	203	255	128	239	236	241	249	
169	158	237	247	228	20	253	151	29	223	54	246	121	125	214	43	111	211	183	141	179	252	117	225	78	219	247	128	239	236	241	249	
185	105	64	65	195	209	229	197	38	116	100	134	1	131	71	148	104	136	162	222	78	54	246	49	118	201	131	41	99	151	238	200	
88	5	14	33	157	233	199	7	172	53	174	0	163	177	66	198	200	2	108	8	26	41	193	1	160	241	138	27	64	74	216	40	
207	190	242	246	237	124	255	255	171	222	60	61	188	254	246	183	143	243	215	167	183	107	186	239	127	95	127	255	214	244	143	223	
94	91	118	66	195	240	55	144	165	85	255	166	43	158	135	252	46	251	238	210	206	178	191	96	87	225	0	131	103	151	173	86	
57	22	101	44	240	35	221	91	80	234	248	253	19	44	183	57	221	187	23	163	189	182	100	14	116	143	248	188	253	121	70	211	
31	223	249	231	180	86	255	248	27	204	189	231	253	127	255	164	127	209	151	239	205	98	60	235	234	223	239	132	127	255	125	241	
190	255	236	244	174	35	93	255	22	190	156	255	19	47	211	3	95	214	255	165	248	78	229	138	250	199	255	189	165	248	244	105	
21	7	188	191	172	46	191	47	236	215	139	5	215	106	27	74	195	71	105	39	220	225	95	40	232	167	127	20	208	123	129	66	
141	101	212	77	236	57	174	199	204	146	124	226	153	202	245	167	206	107	2	110	193	176	2	192	38	217	39	40	92	250	201	169	
56	115	88	104	104	25	80	80	230	60	180	104	19	147	66	145	140	144	198	64	72	35	66	16	210	193	97	59	113	136	78	163	
30	188	248	99	151	127	254	218	123	247	111	19	73	125	95	40	191	223	241	179	182	240	185	242	127	223	135	103	231	247	199	242	
84	2	156	189	40	111	25	138	174	62	139	129	215	111	75	74	133	21	109	35	8	69	75	16	193	231	123	21	144	123	5	83	
207	159	241	252	253	117	188	123	251	206	157	255	172	255	246	39	167	51	223	165	181	75	186	223	251	95	127	255	158	228	37	247	
139	158	233	243	164	244	253	151	95	255	22	246	185	63	214	238	111	251	191	157	163	220	109	243	206	207	255	192	191	204	245	121	
171	150	253	246	228	124	253	191	251	223	52	255	125	127	190	191	47	211	151	141	179	118	62	247	94	219	255	236	191	236	239	241	
19	21	234	12	178	58	222	79	121	71	248	181	78	172	183	121	190	207	134	165	189	163	36	76	178	63	82	150	213	117	175	85	
143	22	249	247	230	126	255	152	27	206	53	238	223	127	159	175	63	241	151	239	165	100	60	202	206	219	111	164	239	255	77	241	
11	158	242	252	125	124	249	190	219	222	60	175	253	254	247	167	159	243	151	37	165	107	54	207	111	223	127	191	223	252	95	255	
139	190	174	181	245	190	125	55	185	239	94	21	174	189	50	84	165	47	247	13	244	248	176	239	239	127	94	3	202	68	223	218	
223	86	125	230	118	94	255	184	121	206	53	231	125	127	191	245	55	209	151	239	229	64	60	205	246	219	239	132	47	183	109	113	
93	249	184	162	188	156	94	157	106	233	157	47	255	252	90	112	246	255	125	81	158	43	218	177	251	237	175	253	172	51	155	27	
232	182	25	56	153	253	83	23	145	79	148	60	134	180	2	212	213	166	206	32	189	47	240	14	189	247	48	123	250	76	142	119	
3	158	243	222	125	124	188	254	219	219	156	247	172	255	246	38	207	115	159	133	229	111	186	255	239	95	255	251	150	236	21	223	
194	156	114	250	36	172	120	183	189	11	112	56	175	158	36	89	134	59	223	1	178	44	2	225	134	250	82	138	84	196	195	75	
235	125	168	245	181	175	124	183	31	234	94	29	174	41	19	3	205	111	127	13	237	252	209	238	239	223	223	144	138	124	216	26	
188	109	100	1	137	251	229	71	231	118	236	5	163	134	71	15	105	170	194	198	78	176	119	48	231	209	198	33	115	86	254	222	
47	215	253	230	118	94	255	184	91	204	60	238	255	125	191	180	191	241	151	239	197	98	60	207	254	223	239	134	111	190	95	253	
92	137	177	175	188	76	95	157	102	229	203	13	215	235	91	64	210	199	109	87	28	40	219	32	252	180	47	92	160	123	133	90	
60	193	100	231	86	10	110	180	37	160	127	2	123	43	157	0	126	205	55	234	200	176	9	172	254	237	167	128	103	186	112	136	
111	159	122	244	119	84	251	186	155	204	188	175	253	127	183	229	255	241	159	229	247	107	184	255	251	223	47	255	159	172	125	127	
159	253	114	67	131	81	182	215	229	86	254	133	139	220	95	38	47	219	198	210	222	60	190	99	247	201	6	79	99	87	167	214	
207	190	241	254	237	252	252	255	219	219	180	125	157	255	246	47	143	115	215	17	181	107	170	231	207	223	127	255	214	236	135	247	
230	245	177	198	236	69	190	248	137	250	152	111	156	252	124	2	239	83	95	231	228	99	250	226	63	28	207	190	21	123	245	215	
135	156	242	214	245	52	254	255	219	219	52	115	252	127	254	39	255	83	23	175	180	97	42	255	127	223	255	142	215	252	229	247	
15	180	248	252	253	220	253	251	155	206	180	175	221	255	254	167	159	49	151	53	245	107	186	207	239	223	239	255	222	236	143	247	
143	140	240	243	228	188	254	183	185	147	176	179	189	127	252	111	255	243	31	159	246	116	76	235	254	223	222	130	167	253	241	173	
207	188	248	244	173	84	217	250	155	222	148	183	221	255	247	39	255	241	159	181	245	111	186	206	251	223	239	255	159	236	45	215	
109	94	123	74	242	52	31	214	117	79	252	254	24	62	167	121	127	219	206	230	189	43	100	106	114	47	54	138	219	213	174	127	
29	17	114	104	115	19	243	112	101	68	247	32	95	27	182	240	62	157	198	234	140	179	53	76	83	233	32	1	99	135	103	165	
229	204	189	217	173	253	65	142	223	127	132	24	210	117	82	111	193	82	120	88	59	109	251	181	203	223	213	126	146	121	212	98	
207	150	240	252	253	252	253	251	251	206	60	189	252	254	255	182	183	243	223	161	165	107	182	223	223	95	111	255	214	228	15	223	
0	204	2	158	148	163	134	230	22	2	88	2	96	232	33	64	89	106	2	2	98	184	10	191	32	38	134	8	20	91	48	136	
79	156	240	254	253	124	252	191	251	219	52	253	253	255	254	63	151	211	223	53	182	111	170	239	255	223	127	254	134	252	199	119	
244	197	61	255	212	14	239	173	26	50	33	26	117	123	8	83	249	215	59	227	112	116	89	127	253	174	223	116	49	122	209	42	
35	184	98	67	73	157	186	192	108	9	244	64	160	156	148	52	204	26	210	206	134	186	228	161	7	217	146	170	65	15	114	157	
84	49	168	162	156	76	83	141	2	189	139	13	199	171	74	74	193	199	237	81	30	67	219	32	249	229	190	125	160	91	157	66	
206	175	64	196	248	17	111	251	139	166	60	136	45	103	247	150	107	98	147	172	112	11	168	218	62	221	143	173	150	228	107	236	
134	4	243	214	252	37	174	235	155	170	185	242	220	251	253	3	239	115	23	163	160	103	8	254	60	30	207	174	149	121	161	161	
0	141	2	158	148	163	6	230	22	0	90	2	96	224	33	64	89	106	2	0	34	136	10	191	32	38	134	0	144	90	48	136	
139	189	150	180	245	238	125	103	189	202	94	29	188	191	54	132	161	47	255	13	117	217	144	239	255	127	222	130	138	76	217	219	
159	18	248	244	166	126	255	152	123	222	53	191	223	127	223	175	191	241	151	255	173	100	44	202	206	219	239	180	175	255	69	113	
236	206	188	208	175	249	85	142	222	191	180	58	158	189	103	107	129	118	237	80	50	109	170	182	251	195	117	255	210	121	212	99	
28	197	145	239	151	14	111	172	52	162	73	2	255	115	73	192	51	95	0	106	72	16	217	59	225	229	47	60	48	123	129	160	
223	86	124	228	102	22	253	248	121	198	180	167	95	127	159	113	127	241	149	237	237	114	44	204	242	219	239	132	39	244	117	241	
0	0	134	137	196	35	168	75	20	19	211	18	8	130	40	72	120	12	42	144	16	183	1	192	20	34	146	68	149	72	177	128	
2	0	134	137	212	34	168	71	174	17	210	18	136	130	40	72	107	142	42	144	18	149	3	192	28	38	154	196	133	64	177	128	
134	62	147	230	236	5	174	232	136	186	24	107	148	250	125	2	239	83	95	103	224	35	202	226	60	28	175	172	28	123	1	163	
150	253	111	97	130	133	246	243	229	90	218	103	2	221	93	34	109	219	95	179	255	191	95	114	191	8	38	198	229	82	228	95	
108	251	129	166	245	204	110	157	35	233	91	111	110	231	88	212	118	206	167	92	219	26	217	224	189	116	37	238	170	191	148	121	
50	0	114	104	82	2	218	64	101	0	227	0	75	27	52	16	126	149	66	234	72	179	5	76	18	248	0	7	99	130	98	134	
75	150	112	236	127	22	248	122	155	200	184	239	189	255	183	100	254	177	159	165	164	43	160	222	223	223	171	190	23	172	117	127	
54	65	114	72	211	25	86	204	233	1	236	8	14	209	61	188	50	216	211	122	80	163	18	224	179	152	16	127	214	151	234	12	
3	156	187	254	124	37	186	106	159	155	17	115	180	254	116	98	207	115	95	133	162	77	10	251	13	30	123	174	148	105	33	139	
31	65	238	44	183	26	222	77	105	65	237	137	95	108	63	121	186	221	147	229	28	171	52	204	241	127	78	21	245	118	171	70	
111	51	208	79	241	54	110	157	107	233	127	108	88	242	221	244	86	206	182	238	149	18	237	232	62	124	165	174	143	247	202	133	
125	249	242	170	247	141	123	252	35	173	93	143	127	219	90	16	126	255	23	95	218	26	188	245	253	173	165	236	39	159	246	203	
2	189	178	155	247	245	186	199	31	77	88	167	44	190	102	64	255	59	147	145	150	154	50	247	63	20	154	235	149	76	165	223	
138	156	190	181	119	252	176	103	189	79	94	53	172	191	38	69	163	59	183	5	52	217	18	239	95	127	26	131	142	68	169	223	
2	152	114	250	100	168	248	135	187	27	120	56	175	250	36	88	167	59	151	1	146	40	2	241	130	255	82	202	212	192	195	137	
171	150	253	247	228	116	249	188	123	95	116	246	221	127	222	47	127	211	151	157	183	118	110	243	78	219	255	196	255	236	239	241	
59	21	240	228	118	30	249	121	89	200	188	171	255	127	191	36	254	177	151	173	228	34	36	207	214	223	171	134	103	172	87	245	
108	17	209	198	203	108	71	152	35	160	109	72	90	247	201	252	86	220	49	106	9	18	216	160	55	252	5	46	178	243	198	48	
67	152	243	244	124	6	248	123	219	138	144	243	156	255	244	102	207	177	95	133	164	111	130	206	159	94	223	254	148	168	33	151	
3	144	241	236	124	30	248	59	219	201	176	235	157	255	244	36	255	49	95	37	164	105	34	223	207	222	159	254	87	172	85	207	
167	156	113	123	248	36	190	240	53	10	240	225	249	126	157	125	223	91	23	199	238	178	204	234	103	252	174	138	215	247	34	191	
128	204	130	155	148	163	34	206	22	3	88	18	224	224	40	64	121	106	34	16	50	188	75	191	44	6	159	64	148	88	176	136	
67	176	177	214	124	197	184	121	155	235	177	127	220	255	116	34	167	177	87	129	180	79	154	223	31	94	251	250	148	0	167	215	
25	154	253	148	87	94	81	120	27	220	148	47	111	125	178	132	58	224	151	108	197	104	62	221	223	79	99	191	63	172	93	115	
