DiorµÏ°Â÷È»óÓÔ´½¸à	924 ²»î¿	https://www.dior.cn/beauty/version-5.1432748111912/resize-image/ep/0/0/90/0/swatches%252Fcs_3348901340687_602127.png	https://www.dior.cn/beauty/version-5.1432748111912/resize-image/ep/0/0/90/0/covers%252FY0028808_F002880924.jpg
222	132	228	241	134	42	108	191	125	179	147	18	207	43	92	75	123	199	127	161	248	244	77	192	158	251	223	196	167	248	241	0	
48	141	66	186	20	131	226	103	151	0	218	2	97	232	48	64	89	170	6	1	58	187	10	191	178	231	131	72	53	10	112	136	
239	94	111	86	106	253	249	208	249	222	55	255	120	124	159	59	175	243	247	183	165	103	46	244	86	91	251	138	207	245	71	247	
2	76	2	158	20	131	138	98	22	0	88	2	32	202	49	64	88	42	19	195	66	170	10	255	32	38	138	136	20	11	48	136	
37	235	232	15	236	25	246	232	83	166	245	175	99	232	223	24	59	202	230	199	206	50	238	51	118	79	101	173	245	255	218	196	
60	77	106	238	92	147	207	112	213	0	255	2	115	233	177	96	120	234	23	234	200	171	44	191	114	239	163	136	55	171	112	160	
254	102	196	183	137	58	70	136	179	178	131	249	207	104	217	159	145	199	236	247	108	71	207	162	188	242	221	55	164	127	154	4	
253	230	156	53	168	47	86	188	187	190	179	93	207	99	75	155	145	198	236	62	44	101	203	50	238	219	117	53	194	241	202	3	
2	140	2	158	20	131	170	226	22	0	88	2	96	232	48	64	89	106	19	145	34	184	8	255	40	38	138	128	148	10	48	136	
0	205	2	158	20	131	134	230	22	0	88	2	32	200	49	64	88	106	2	67	98	170	10	191	32	6	130	8	21	27	48	136	
112	41	189	101	45	79	81	49	99	168	174	8	247	49	0	54	128	244	108	8	72	248	193	8	203	255	117	49	98	170	70	43	
2	140	2	158	20	163	170	231	22	1	90	2	32	234	48	64	89	42	19	145	50	152	8	255	40	38	138	192	148	10	176	136	
2	205	2	158	20	131	170	226	22	0	90	2	96	234	49	64	89	106	19	195	98	136	10	255	32	38	138	136	20	27	48	136	
2	184	144	153	108	173	184	207	158	25	80	50	172	154	96	72	207	59	51	17	18	92	66	241	13	18	30	234	144	8	161	139	
108	163	186	122	249	236	95	159	163	213	172	137	95	231	75	24	21	250	105	24	26	11	250	50	251	189	21	109	226	210	166	114	
124	225	40	106	153	205	95	157	35	45	173	9	83	223	90	16	217	151	125	146	90	3	219	49	251	229	165	125	225	18	214	98	
126	205	110	70	223	26	214	232	193	162	171	10	66	121	29	22	121	244	201	226	104	163	201	174	123	239	133	63	103	127	254	130	
240	184	158	52	40	206	80	166	161	183	162	25	7	59	0	27	129	247	109	1	60	79	210	32	219	243	85	115	224	32	14	10	
65	31	157	101	176	46	101	55	116	170	122	228	179	32	128	96	134	62	108	12	233	248	193	14	164	190	119	132	72	224	129	57	
64	17	159	229	32	78	105	48	44	168	98	72	247	55	0	82	128	116	125	76	9	216	241	8	197	186	112	0	0	162	66	56	
34	161	16	155	252	173	184	143	14	57	88	8	172	184	120	64	207	11	51	17	18	56	75	247	44	20	30	238	144	72	145	137	
54	12	66	202	84	163	234	242	21	0	251	2	104	203	61	80	121	171	23	162	40	179	8	255	50	174	130	128	55	203	112	136	
252	228	187	122	141	237	83	200	226	21	173	24	119	221	72	58	145	218	89	114	58	103	186	51	251	201	5	125	224	83	198	98	
111	198	38	234	237	23	238	248	141	25	251	90	200	234	60	230	253	197	127	239	208	163	91	213	55	127	207	222	91	63	250	135	
118	113	253	231	69	78	111	60	105	172	179	14	91	123	29	178	250	213	125	226	73	242	249	200	247	249	231	148	101	51	118	34	
69	146	157	229	168	44	105	156	110	185	51	116	213	51	200	122	149	85	124	124	145	80	201	64	205	168	127	228	136	227	129	33	
152	77	70	236	20	138	78	113	165	128	210	2	107	43	49	67	104	229	93	226	104	173	1	172	178	235	194	144	39	185	112	8	
183	81	103	202	221	83	199	220	199	88	180	230	83	204	189	108	93	208	158	255	207	39	62	188	51	74	165	252	255	255	244	117	
208	79	255	183	50	194	53	246	180	140	214	163	47	183	163	83	38	247	237	192	96	201	165	106	242	225	62	131	37	176	37	107	
2	233	16	155	253	133	178	206	142	9	88	0	172	218	112	64	201	43	19	81	82	42	74	245	45	20	158	234	16	10	145	137	
70	56	171	240	112	228	186	66	170	232	152	74	156	158	69	58	174	125	91	209	1	67	176	232	153	157	139	186	132	113	39	243	
222	8	149	189	47	124	120	10	191	155	147	19	207	127	69	203	227	117	253	6	36	69	195	194	151	243	91	27	130	125	9	2	
224	174	156	250	169	233	85	143	155	63	180	56	166	245	66	27	129	114	236	16	58	111	234	51	219	211	117	255	208	72	134	43	
213	105	157	101	56	14	79	184	32	168	166	72	215	51	129	114	20	212	124	110	233	193	249	14	233	237	101	20	96	179	2	33	
17	221	113	237	182	134	55	183	109	2	106	70	190	55	36	116	246	123	16	40	193	152	49	255	167	252	6	2	50	210	165	41	
131	134	134	157	183	178	184	39	30	75	90	247	236	42	32	204	247	47	179	149	183	216	1	207	44	54	158	195	156	76	185	159	
61	77	106	222	92	146	207	112	213	0	255	2	113	201	181	96	120	232	22	234	201	163	46	191	114	237	162	136	55	187	112	160	
88	161	120	122	187	192	17	205	163	21	173	57	111	223	106	16	167	155	205	144	26	75	170	53	243	229	52	123	114	2	166	107	
124	89	120	236	106	85	87	248	135	172	180	43	127	223	41	144	220	249	151	98	72	35	106	189	115	201	37	189	49	187	78	107	
212	78	250	100	98	34	63	80	48	142	118	171	119	231	161	88	54	253	37	226	104	212	161	106	212	167	99	129	37	243	39	115	
236	164	157	113	137	109	85	143	51	179	164	24	150	51	73	27	137	18	121	56	59	110	219	18	207	219	85	118	194	104	198	42	
56	73	106	108	31	91	214	120	69	228	252	143	43	13	54	16	184	164	197	103	204	187	85	141	243	233	0	19	119	174	94	90	
236	32	157	103	168	110	71	152	59	178	39	24	211	119	73	59	145	84	124	122	57	116	249	42	207	219	69	52	194	243	66	32	
244	252	61	117	42	74	117	162	248	254	38	56	214	21	65	59	161	116	108	106	97	116	251	14	223	171	101	21	96	113	70	115	
108	187	243	66	241	205	119	221	35	109	108	40	10	245	239	52	61	218	194	88	18	59	168	113	123	156	5	111	211	146	230	237	
76	71	159	103	160	14	103	184	60	162	107	64	215	115	9	80	55	84	110	106	96	176	25	42	229	174	103	4	64	243	131	33	
116	238	150	58	157	153	16	207	207	23	169	25	102	248	108	158	201	226	232	16	30	111	202	179	187	214	21	123	208	94	234	6	
212	111	255	244	178	74	55	226	184	172	54	185	95	183	129	27	162	245	237	98	96	221	128	40	251	163	101	131	164	113	39	107	
148	197	92	15	138	74	39	233	54	54	107	160	195	99	137	81	115	204	106	106	104	208	205	31	228	162	103	5	48	242	193	0	
60	217	123	238	23	223	87	244	77	68	252	15	127	221	46	112	250	241	151	98	73	179	56	189	243	249	1	67	127	63	244	114	
53	81	91	69	116	22	230	121	112	234	255	102	83	88	189	112	126	204	22	238	205	182	229	14	118	173	163	132	109	162	106	149	
213	85	157	103	136	14	71	184	224	250	167	68	215	115	9	115	148	84	124	106	225	197	153	8	225	171	101	20	8	115	131	49	
127	85	87	238	59	82	94	248	165	200	255	234	91	118	173	245	126	244	252	234	109	131	61	204	178	249	229	150	63	187	104	53	
76	69	149	39	180	11	102	184	118	162	107	64	215	99	25	131	17	196	110	111	104	240	201	42	228	167	111	4	192	115	129	32	
133	71	219	7	50	10	110	180	116	0	99	224	245	99	137	116	50	236	40	238	33	144	77	46	164	166	34	0	44	179	131	32	
228	231	146	10	200	41	167	207	254	55	169	24	2	192	76	24	9	206	106	18	50	103	202	114	61	0	21	126	193	89	231	130	
187	89	86	207	109	22	174	120	253	74	246	102	120	248	182	231	254	229	190	239	229	247	159	237	50	123	194	130	95	190	121	149	
176	228	188	114	201	109	85	239	210	183	165	24	82	241	74	59	137	146	105	16	122	111	251	55	219	139	85	125	209	72	206	226	
58	203	104	237	38	211	221	117	5	12	246	235	43	13	182	68	110	177	135	225	204	186	101	221	242	249	168	145	119	156	252	237	
8	174	22	120	252	173	232	119	251	25	120	120	188	187	228	148	139	43	102	28	179	126	130	215	44	158	54	104	216	128	195	169	
205	191	172	22	232	116	23	191	242	222	12	189	126	118	203	127	7	118	252	78	229	74	255	41	106	107	117	153	138	246	142	121	
124	1	123	232	214	227	67	89	68	37	239	10	87	181	32	112	120	156	7	184	24	187	33	28	249	133	161	69	181	139	244	34	
118	244	236	2	139	113	214	200	195	246	173	143	74	236	95	31	169	197	201	247	222	99	254	240	59	80	69	127	231	119	206	86	
134	76	130	156	196	162	174	66	148	130	218	2	40	202	33	72	104	107	51	210	32	183	2	234	48	38	154	136	149	121	49	128	
72	33	59	103	56	204	115	16	236	9	111	0	255	215	8	114	160	52	108	72	3	169	163	37	197	173	32	80	64	131	71	43	
124	33	211	100	217	14	70	9	33	160	175	8	91	51	65	254	16	244	120	122	25	67	217	10	187	253	5	124	162	227	194	34	
0	88	155	221	110	237	49	70	158	22	82	34	180	151	97	74	226	121	51	74	65	188	178	225	197	160	114	10	16	121	37	171	
6	159	158	179	235	162	189	167	191	159	82	183	204	174	110	75	231	87	191	149	54	216	139	224	172	247	222	195	132	84	173	223	
189	167	225	228	157	115	207	255	83	234	156	206	83	105	247	166	121	198	150	239	253	99	125	142	58	207	229	188	255	254	252	220	
231	152	237	247	110	105	185	242	27	123	85	255	93	253	215	42	175	255	247	135	161	118	238	243	86	91	251	234	197	237	23	241	
231	118	110	246	126	188	251	248	185	90	247	255	125	94	159	123	255	215	247	247	166	119	174	237	94	123	250	202	69	133	123	221	
220	54	220	183	170	40	61	27	58	183	23	185	205	103	203	91	39	87	237	19	48	69	235	66	220	227	127	151	164	225	7	99	
230	38	214	197	238	42	105	88	41	190	183	247	221	35	223	95	103	197	127	190	168	215	197	192	212	186	251	132	175	245	99	49	
73	235	54	72	108	157	248	85	233	25	180	76	190	152	244	182	134	33	78	88	199	43	130	209	150	89	34	122	90	142	75	13	
93	119	57	229	176	46	124	183	32	169	30	249	159	63	192	122	183	213	125	61	153	216	193	4	238	237	45	196	172	225	131	51	
108	239	204	103	176	43	103	174	59	166	238	137	195	99	11	19	91	206	109	110	120	240	201	46	238	247	101	21	224	243	202	130	
254	245	140	166	155	102	22	236	18	182	141	27	70	255	75	19	145	215	233	227	108	71	219	42	251	231	205	63	160	119	158	66	
239	245	112	194	239	93	223	248	219	254	181	191	78	221	223	183	191	213	255	119	247	103	255	246	127	89	77	255	95	255	207	87	
185	222	75	111	114	139	106	112	53	72	116	231	57	7	176	145	126	168	23	238	229	158	4	127	118	169	32	128	127	147	106	217	
226	233	12	154	201	133	92	205	139	23	160	29	36	206	110	27	201	235	123	199	126	79	218	241	211	16	222	59	24	24	254	218	
2	157	18	155	119	133	186	231	30	9	88	34	172	254	32	64	255	59	147	129	114	152	26	255	37	22	154	138	20	8	161	155	
97	15	192	69	240	11	100	63	52	170	122	108	147	33	129	16	17	142	110	44	121	216	193	14	108	238	53	132	232	224	210	9	
116	184	189	115	172	109	81	168	234	250	173	8	214	117	73	58	129	84	120	58	10	100	251	48	203	143	117	124	192	107	86	34	
173	100	158	94	137	255	86	238	215	166	173	24	106	249	47	151	217	226	234	42	108	231	90	62	243	219	69	59	83	124	106	134	
133	116	29	99	48	78	51	56	120	232	99	92	215	83	9	49	149	93	88	114	161	212	89	62	237	239	39	4	8	51	3	179	
236	68	149	126	205	108	69	25	241	158	165	24	238	115	9	223	1	196	108	42	104	102	219	66	151	250	85	28	66	240	198	34	
232	172	188	27	201	221	85	238	243	183	164	25	166	177	66	23	129	66	232	24	126	111	250	55	235	211	85	127	82	69	206	206	
69	85	157	103	144	110	103	184	120	235	111	64	215	115	73	114	148	84	124	106	161	240	249	42	229	255	103	4	200	115	67	32	
108	61	249	86	219	236	115	19	43	225	45	24	56	191	68	50	39	254	113	144	19	122	250	98	95	158	21	104	227	227	198	178	
45	182	224	73	221	187	194	75	87	169	249	94	2	248	94	172	217	138	130	145	159	178	92	146	14	92	129	119	219	79	218	134	
45	173	241	65	245	189	230	203	91	177	121	72	10	241	212	180	187	10	18	28	147	184	184	210	47	220	5	102	195	234	195	164	
43	253	225	75	253	159	230	215	95	105	121	76	154	188	252	180	157	11	150	93	151	58	124	247	47	92	5	246	223	94	219	213	
201	208	109	69	34	30	109	61	96	122	22	212	241	103	154	123	55	70	125	174	225	212	245	65	102	43	245	132	46	240	210	113	
2	157	16	139	181	199	62	239	12	9	90	2	236	118	40	64	216	51	147	160	82	152	81	253	45	52	142	195	20	10	181	27	
212	112	157	118	136	76	85	25	240	242	163	24	215	55	73	123	129	212	108	106	105	101	251	0	209	163	101	60	104	115	199	50	
56	141	74	252	20	163	202	119	149	0	222	2	49	235	49	64	120	170	14	136	26	187	0	159	250	237	162	64	183	136	112	136	
192	12	198	157	108	42	236	39	189	18	242	18	236	42	33	75	107	231	110	130	96	245	67	225	148	50	218	0	132	120	97	8	
22	201	194	185	84	131	234	200	23	0	218	2	73	202	49	64	120	232	63	241	74	187	10	223	188	239	143	204	181	170	112	136	
239	250	229	90	235	245	156	222	187	95	181	255	8	252	222	191	239	211	247	151	191	111	238	242	30	91	255	255	207	213	254	215	
62	253	224	239	247	215	255	248	55	207	125	135	105	255	223	180	127	251	151	255	255	146	252	255	127	223	175	175	175	247	254	247	
61	143	75	254	182	163	111	115	213	65	223	230	113	227	176	96	126	170	30	188	185	171	36	255	250	239	166	192	189	202	240	49	
231	226	236	10	236	25	212	204	203	255	181	189	66	232	223	27	201	192	226	119	142	103	238	208	30	24	85	127	213	255	218	196	
95	95	230	238	175	84	95	184	237	206	223	167	237	255	159	246	246	247	253	239	205	161	255	235	243	255	239	155	39	247	124	87	
95	215	244	69	178	26	62	188	57	232	95	230	205	38	142	245	55	213	188	238	229	208	45	206	174	255	47	134	46	247	139	117	
53	7	107	172	20	34	239	120	84	196	219	198	81	232	187	96	124	172	22	239	205	179	37	12	112	173	162	128	109	251	112	192	
67	151	226	93	226	48	189	55	121	71	94	247	40	44	150	244	38	15	183	141	213	152	165	199	46	126	218	194	207	196	255	253	
245	93	47	101	40	78	87	176	232	230	166	12	119	53	145	51	32	244	125	110	233	229	177	44	243	235	101	16	96	113	86	114	
255	85	86	204	79	22	254	96	233	128	255	46	74	250	39	247	234	245	254	226	77	131	150	204	51	248	203	27	47	55	104	22	
171	168	224	82	239	253	248	199	219	127	52	187	40	220	214	188	175	171	215	149	150	110	238	243	31	92	213	235	215	140	222	223	
57	99	96	224	53	153	194	17	105	68	188	13	139	8	150	148	138	128	196	108	206	42	100	220	226	217	0	121	103	142	90	76	
58	137	98	186	20	131	234	96	87	1	218	2	97	200	48	64	120	170	23	241	138	187	10	255	176	231	139	192	53	138	112	136	
76	48	249	229	164	110	121	19	57	232	118	116	159	31	209	123	118	157	125	56	152	220	241	136	207	249	231	196	238	224	198	115	
197	190	165	87	172	46	229	159	250	251	6	92	242	225	216	43	1	70	120	28	177	237	255	34	76	42	117	84	200	248	209	41	
2	77	2	158	20	131	142	230	22	0	88	2	32	202	49	64	88	42	19	195	66	170	10	255	32	38	138	136	20	27	48	136	
54	5	66	138	212	163	238	67	7	128	251	2	104	234	49	64	120	170	23	163	24	179	8	223	48	132	131	128	181	106	240	128	
254	245	140	166	155	99	22	236	51	166	143	25	71	119	75	19	145	215	233	227	108	67	219	42	251	199	205	63	161	119	142	66	
108	237	204	101	176	75	71	172	33	164	238	137	195	97	139	18	27	206	109	106	72	176	201	44	238	215	101	21	226	251	206	138	
88	40	151	229	32	14	69	49	112	162	34	72	247	51	1	91	16	100	108	42	73	216	209	8	225	166	117	16	40	242	66	40	
2	205	10	158	20	131	170	226	22	0	88	2	32	234	49	64	89	106	19	195	66	184	10	255	32	38	138	136	20	27	48	136	
214	76	86	150	110	42	108	32	173	146	210	18	238	234	33	91	98	229	127	226	104	197	130	232	148	50	202	128	36	113	97	0	
2	141	2	158	20	163	170	231	22	1	74	2	96	234	48	64	89	42	19	145	18	152	26	255	40	38	138	64	148	10	176	136	
2	157	16	137	181	231	190	239	14	9	90	2	172	126	40	64	217	27	147	161	82	152	81	255	45	20	142	195	20	78	181	27	
49	65	107	77	84	2	239	125	68	0	254	66	115	1	181	100	120	172	6	234	201	179	37	13	112	172	162	0	119	186	112	168	
72	32	151	101	48	78	97	48	32	169	98	72	247	19	0	114	48	116	125	72	1	216	145	8	197	172	96	16	0	162	66	42	
34	165	64	139	252	137	202	239	15	49	56	10	172	136	88	0	219	139	23	17	82	58	75	247	172	20	158	252	213	10	209	136	
52	96	251	200	84	231	67	88	71	128	252	10	51	209	101	52	88	184	18	56	11	178	112	24	81	140	129	40	241	251	116	170	
197	184	149	119	169	44	98	152	123	185	35	84	223	115	73	254	133	70	124	90	147	84	219	32	141	250	119	70	138	227	1	41	
146	205	102	186	20	131	238	228	213	0	240	2	41	202	52	65	106	171	23	227	234	175	10	255	176	200	138	200	117	10	113	136	
205	176	149	227	160	46	97	153	126	185	35	84	215	51	72	250	133	95	124	24	147	212	219	2	205	255	119	68	136	162	1	33	
127	118	234	237	116	62	254	88	121	202	254	230	123	123	151	122	126	237	126	238	173	243	205	202	118	253	227	128	239	247	122	157	
112	33	187	103	48	204	82	16	97	160	107	72	247	209	8	50	178	244	108	72	8	248	131	5	211	252	0	19	96	130	70	43	
0	205	2	158	20	129	134	230	22	0	72	2	32	200	49	64	88	106	19	67	98	170	26	191	33	38	138	8	20	25	48	136	
47	181	209	66	211	125	114	217	107	201	125	108	58	252	204	180	159	218	214	16	151	58	254	225	63	93	21	106	203	199	202	253	
2	141	10	158	20	131	42	230	22	0	90	2	112	226	32	64	89	106	2	128	2	152	10	255	32	38	170	128	20	10	48	8	
124	238	140	53	168	59	68	174	163	186	178	73	143	35	67	155	129	198	236	52	28	105	195	32	138	243	117	189	192	245	202	1	
254	102	196	181	137	58	6	170	178	178	130	249	207	104	91	155	145	199	237	179	60	71	207	162	184	227	205	55	164	125	154	6	
219	81	70	141	45	22	190	104	253	202	242	102	72	248	182	231	254	229	254	231	237	247	151	200	54	123	202	147	31	62	121	149	
58	203	98	236	102	17	221	117	5	12	244	235	43	15	182	68	110	177	135	197	204	171	100	221	242	241	170	145	119	156	164	237	
28	30	150	241	147	226	57	83	188	135	71	179	77	199	34	200	119	53	173	176	48	221	1	206	219	231	63	195	162	172	165	3	
49	159	107	234	182	162	235	247	213	65	222	230	113	239	176	96	126	170	23	157	155	187	44	255	250	239	174	192	189	202	240	241	
56	141	70	254	148	131	238	119	21	0	218	2	33	171	48	64	104	170	14	129	88	187	1	255	250	239	178	192	55	138	240	136	
2	152	11	185	21	167	41	71	30	5	64	23	180	151	32	64	217	59	19	149	50	156	17	255	197	166	154	64	152	8	53	186	
189	183	227	228	189	119	199	255	87	234	188	238	115	124	183	167	93	206	150	47	253	227	125	158	186	207	229	188	255	254	248	253	
230	230	110	254	108	36	253	220	121	94	245	187	121	205	191	121	255	213	55	255	162	118	174	247	87	123	255	141	197	255	115	209	
56	77	106	254	84	147	207	112	197	0	253	2	115	233	177	96	120	234	23	234	200	171	44	189	114	239	163	136	119	171	112	160	
2	184	16	153	108	141	184	207	158	25	80	50	172	154	96	73	207	59	51	17	18	92	66	241	12	18	154	234	148	8	161	137	
255	93	86	204	62	82	95	242	165	192	254	234	91	126	165	245	126	245	252	234	233	163	53	236	178	249	231	150	47	185	108	53	
210	76	70	190	12	130	78	96	189	2	210	2	111	74	33	67	106	229	127	226	104	133	3	239	176	226	202	144	53	59	33	8	
125	253	253	119	180	223	87	184	114	232	175	40	115	121	153	48	17	254	116	106	201	240	251	61	235	239	101	80	233	251	210	35	
198	24	151	181	175	104	184	3	191	147	131	19	204	190	69	75	231	117	127	17	52	197	211	194	149	242	90	27	128	101	5	7	
76	253	191	127	184	205	55	188	230	152	111	32	245	247	201	114	37	126	104	90	67	88	187	61	111	231	101	104	224	243	135	169	
9	174	82	25	244	185	224	103	127	17	120	216	175	160	212	132	11	42	66	28	54	252	198	87	12	158	18	104	194	136	203	140	
40	164	64	153	223	249	228	103	87	55	236	155	163	168	86	132	105	170	162	128	62	250	71	151	46	70	148	97	247	204	220	140	
129	174	65	85	112	171	96	55	116	171	114	252	179	33	128	80	99	46	6	12	176	252	69	14	76	174	48	128	104	128	82	137	
131	178	245	209	238	185	184	143	207	63	49	250	140	174	220	175	175	27	254	17	183	124	239	209	12	18	127	254	214	76	133	173	
206	158	190	183	235	176	189	166	191	223	30	183	236	238	234	207	231	119	255	215	182	93	171	227	206	119	255	207	134	85	173	223	
2	157	18	153	119	133	186	231	30	9	88	34	172	254	32	64	255	59	147	129	50	184	2	255	45	54	154	202	20	8	161	155	
238	253	120	210	239	95	255	248	251	254	181	175	76	253	223	191	191	221	255	231	244	103	190	250	127	91	77	255	79	255	207	215	
32	165	208	131	252	169	232	207	15	49	57	26	140	168	92	0	219	11	23	17	18	58	201	211	44	28	159	124	213	74	211	129	
101	137	25	77	236	77	71	185	99	44	174	8	210	113	8	116	216	198	104	106	89	42	251	21	111	188	69	124	80	42	198	34	
28	201	66	190	84	131	234	208	23	128	251	2	105	202	49	64	120	232	23	243	74	187	10	253	186	237	131	136	53	139	112	136	
26	178	236	161	54	171	184	223	62	55	30	183	173	15	90	8	167	27	159	145	150	156	3	213	206	71	58	231	180	196	157	219	
220	55	202	164	242	34	126	81	48	228	127	255	95	103	131	16	54	237	149	246	184	146	133	14	250	229	45	133	173	243	170	17	
56	19	106	108	86	207	83	112	197	12	254	175	115	157	50	16	124	180	135	106	200	187	52	29	115	237	32	145	119	170	126	123	
120	161	120	106	155	81	81	205	163	21	173	185	111	215	106	16	51	155	205	176	90	67	170	21	251	229	49	255	115	130	166	107	
144	172	213	117	16	42	96	47	116	162	106	80	183	35	128	49	51	14	64	44	121	252	65	15	172	166	117	4	96	224	66	136	
232	164	189	115	137	109	85	143	250	63	165	24	210	117	74	59	129	18	104	16	58	110	251	51	203	211	85	127	208	72	198	106	
60	77	110	254	92	146	207	112	197	0	253	2	115	233	181	96	120	232	23	234	200	163	46	189	114	239	163	136	119	187	112	160	
56	219	120	236	126	195	95	248	134	172	188	43	123	223	35	16	30	249	151	98	72	35	42	61	115	137	37	189	119	186	78	235	
199	190	149	179	168	172	52	191	186	255	18	253	236	230	194	155	135	103	236	21	183	76	219	115	140	18	127	254	136	84	131	89	
6	13	130	158	212	162	174	195	148	130	90	2	40	226	33	72	120	107	19	146	0	154	2	234	48	38	142	136	148	121	177	136	
112	160	25	104	25	205	81	203	227	61	160	24	150	147	64	18	129	128	108	16	26	107	218	17	217	209	17	127	210	0	70	34	
195	30	239	149	226	182	173	55	188	239	94	246	157	38	150	111	39	119	63	141	177	220	165	74	68	47	254	128	140	228	177	253	
124	201	123	110	84	199	67	248	64	132	229	10	115	213	41	48	88	244	68	106	72	35	120	61	113	237	33	24	97	171	118	98	
2	136	18	153	124	165	184	199	30	9	82	18	172	222	32	72	247	59	19	145	18	220	2	247	5	22	154	202	148	8	161	137	
61	114	109	105	147	127	83	88	117	236	247	231	91	93	143	189	92	220	164	118	157	242	117	12	67	235	97	199	251	191	254	245	
25	159	107	234	182	162	107	119	213	65	223	230	121	235	176	96	127	170	31	188	185	155	44	255	250	239	174	192	189	202	240	177	
255	89	86	204	79	82	122	96	237	128	246	42	72	218	39	247	234	245	255	227	77	35	150	204	18	120	202	155	63	47	106	22	
231	94	239	223	230	57	191	220	59	222	119	191	121	252	255	59	191	219	247	215	131	118	175	242	86	123	255	168	197	247	247	245	
99	191	238	80	235	217	253	247	235	246	188	173	42	172	215	183	175	227	245	148	222	107	166	224	62	89	85	187	71	244	206	221	
81	188	151	24	169	173	4	143	255	251	160	76	190	242	68	127	167	231	108	21	191	75	210	113	152	186	87	126	136	64	131	13	
254	252	164	118	169	85	86	252	179	254	188	61	106	253	95	30	157	247	245	247	252	103	250	170	123	95	69	191	195	119	198	87	
220	54	254	55	170	42	21	27	187	191	183	189	79	111	75	27	167	215	237	48	48	101	139	2	218	227	117	183	224	241	135	83	
82	93	115	204	50	226	31	167	29	64	110	162	61	55	37	116	102	243	17	224	97	136	48	255	241	172	6	2	61	208	37	57	
246	252	237	94	139	101	23	188	155	254	157	253	88	253	79	59	149	215	253	115	249	71	251	114	123	30	77	191	209	119	134	115	
252	229	185	122	201	109	71	200	243	178	173	8	86	241	73	59	145	218	88	122	122	99	250	51	251	223	69	60	240	115	198	34	
66	8	214	157	236	40	188	3	175	147	82	16	172	170	113	75	231	103	123	129	16	249	131	192	4	50	222	128	132	96	161	137	
120	106	170	180	44	156	221	54	160	174	148	141	167	168	83	18	204	231	237	69	204	255	196	40	242	245	252	177	100	252	94	75	
25	5	111	229	20	26	111	49	100	96	255	70	83	8	145	97	122	132	28	236	237	176	37	142	242	239	162	132	45	170	240	36	
159	221	252	255	190	247	255	252	31	223	215	183	253	127	191	107	255	243	191	215	247	252	107	255	254	255	255	198	191	255	253	115	
61	221	123	238	213	215	255	241	69	72	127	6	123	93	51	96	252	186	19	110	193	184	56	189	115	237	36	64	127	138	240	251	
166	96	232	58	207	121	149	204	155	247	165	153	174	204	95	11	155	121	227	7	102	102	238	178	87	83	93	63	213	125	215	206	
125	113	115	230	117	86	127	248	105	232	255	110	91	95	159	178	252	213	255	234	201	179	249	232	247	233	165	132	111	187	246	243	
166	98	230	132	109	93	184	72	139	188	181	139	12	140	95	143	234	221	255	67	68	119	170	192	23	16	207	191	71	46	127	215	
2	178	182	216	211	157	56	199	159	53	228	151	8	202	110	76	181	155	131	148	54	253	58	213	27	86	23	103	219	12	173	222	
197	251	155	243	160	142	127	181	169	184	18	104	223	51	65	115	167	119	125	83	241	216	137	102	237	248	47	228	136	146	131	41	
244	101	251	96	226	108	119	216	225	158	44	24	87	215	73	59	55	220	68	122	18	103	168	32	251	137	37	108	224	243	230	227	
246	225	237	6	206	65	151	236	82	247	165	139	83	236	95	18	121	220	227	247	106	98	254	51	127	2	197	63	245	63	246	242	
131	147	226	9	246	176	184	99	121	85	95	183	8	174	158	228	183	31	183	149	151	152	165	199	30	60	154	198	143	132	191	221	
239	98	196	144	109	61	96	216	107	186	176	92	138	136	85	159	137	196	238	94	174	102	218	192	159	90	85	62	207	125	90	4	
186	73	98	186	92	131	234	112	215	0	209	2	97	200	48	64	120	168	23	209	202	187	10	191	178	229	163	200	53	138	112	136	
2	157	16	137	181	231	190	175	14	9	90	2	172	62	32	64	221	59	147	129	82	152	81	255	45	52	142	195	20	10	181	27	
2	201	2	158	20	129	142	230	22	0	88	2	32	200	49	64	88	106	19	195	66	170	2	191	32	36	138	136	20	27	48	136	
199	34	214	149	236	40	233	18	187	251	55	245	221	171	223	95	103	199	127	159	177	85	199	194	222	58	251	164	142	229	3	145	
131	182	245	145	238	185	184	143	223	59	49	254	140	174	220	175	175	27	255	17	183	124	239	211	140	18	127	254	212	76	133	141	
71	182	245	225	236	56	109	159	107	249	154	246	157	46	220	126	231	7	127	157	147	88	231	192	140	254	255	228	140	196	147	117	
6	13	130	159	148	162	46	99	148	128	90	2	104	226	33	64	120	43	19	144	48	186	2	238	8	38	142	128	148	104	49	136	
112	60	154	112	57	233	81	87	163	166	172	40	167	147	64	26	129	190	204	16	10	79	192	16	219	209	21	123	224	64	6	43	
53	77	142	94	157	247	70	196	213	138	237	8	98	209	41	252	216	224	74	106	41	163	122	47	179	191	1	27	210	123	122	38	
169	160	146	91	253	185	224	67	255	21	113	152	175	136	222	140	139	42	2	28	54	124	206	247	14	158	18	105	210	132	203	140	
42	164	68	153	95	249	160	103	87	53	231	155	170	168	118	132	105	170	162	17	62	254	87	151	31	86	146	99	247	12	220	206	
2	189	50	158	239	133	188	229	136	88	89	163	172	254	104	3	239	59	147	129	210	26	138	241	45	16	206	234	20	78	181	219	
35	241	97	75	86	223	170	252	79	64	125	74	48	220	188	164	30	24	18	111	199	178	60	253	39	28	0	106	127	143	91	188	
218	219	38	184	41	192	20	246	151	28	210	167	46	159	34	65	196	243	173	193	78	11	130	245	242	115	254	219	18	20	189	91	
90	155	20	181	131	4	60	167	189	49	130	215	172	39	2	215	167	151	169	133	116	73	147	253	188	114	218	67	58	132	169	30	
218	24	70	156	79	210	184	96	169	208	246	163	8	158	167	239	110	189	186	226	100	215	134	200	22	114	202	139	47	45	108	150	
26	197	70	238	20	131	234	117	133	1	223	2	121	203	56	64	120	170	31	169	90	185	0	221	242	237	170	192	55	138	240	136	
170	98	182	129	111	93	184	73	171	252	241	11	12	140	95	143	234	157	251	145	4	119	130	192	23	80	203	175	71	44	119	215	
38	161	224	193	212	139	234	217	91	161	57	10	10	137	92	8	123	136	23	145	146	50	204	208	30	28	133	236	247	139	210	128	
16	156	11	185	21	227	35	71	22	65	74	19	180	151	32	64	249	59	27	145	51	156	17	255	197	166	154	67	152	8	181	186	
254	223	116	92	169	212	86	182	203	222	180	44	106	126	199	183	135	243	252	98	237	79	234	255	187	251	101	187	90	181	206	95	
70	0	150	148	110	32	184	66	184	146	82	18	204	174	97	75	231	117	191	129	0	215	130	192	20	50	218	138	132	113	33	129	
183	156	229	229	188	55	222	255	87	234	251	254	115	124	182	101	95	206	23	175	189	255	109	158	186	206	229	182	255	254	240	93	
48	161	64	201	220	11	234	205	31	49	185	26	11	8	92	16	121	138	6	177	26	58	73	151	60	220	133	116	245	10	210	128	
66	4	159	145	138	236	184	7	190	147	66	19	156	178	64	74	231	55	107	145	18	221	147	194	205	54	94	67	136	64	161	2	
38	13	66	138	212	163	234	96	151	129	249	2	96	234	52	64	120	170	6	177	26	187	8	255	58	44	131	136	149	107	112	128	
155	159	230	117	179	250	127	183	117	207	94	183	121	63	150	101	39	127	181	141	245	220	165	238	110	127	246	131	167	244	245	125	
2	187	186	208	201	181	184	71	143	21	172	29	140	206	102	14	141	187	203	144	22	107	178	241	27	80	31	123	210	12	175	198	
189	73	106	238	92	146	207	112	197	0	255	2	113	201	181	96	120	232	22	234	201	163	46	191	114	237	162	152	119	187	112	160	
228	164	189	115	168	107	81	139	250	255	165	56	214	117	72	59	131	86	108	50	59	101	235	18	205	211	117	119	224	97	198	99	
86	4	214	156	46	34	188	11	172	130	211	146	76	174	49	75	230	245	127	163	48	199	131	200	144	50	218	128	132	97	33	1	
34	205	43	156	213	195	181	199	159	69	192	3	32	222	38	64	217	171	163	129	127	187	34	255	53	54	158	11	16	28	180	254	
124	241	121	106	218	65	83	233	163	21	173	185	95	215	74	16	59	155	205	242	90	67	170	21	251	197	33	127	115	130	166	115	
208	120	127	116	2	74	53	230	176	134	166	168	63	151	129	123	34	245	108	66	96	205	160	106	241	163	116	3	96	49	39	107	
2	157	18	153	117	133	184	103	30	9	90	2	172	254	32	64	255	59	147	129	18	152	18	255	45	22	154	202	16	8	161	139	
110	146	228	225	111	29	248	25	43	63	179	255	207	174	220	222	239	149	255	133	156	115	239	209	150	251	251	254	151	172	213	117	
123	112	230	229	60	22	250	88	105	194	246	231	91	95	151	127	126	229	95	174	141	243	197	200	214	249	163	144	47	247	106	149	
55	98	234	164	109	31	255	216	43	238	183	143	79	204	95	30	190	205	223	127	140	247	169	202	179	221	141	182	231	255	126	213	
175	223	237	255	172	247	255	191	159	255	222	246	249	255	223	239	223	255	191	223	235	116	239	251	238	251	255	190	159	255	244	121	
251	89	126	204	111	82	223	230	233	224	246	162	27	190	167	247	110	245	252	226	237	191	164	236	242	251	199	147	47	188	110	29	
53	73	106	206	84	147	207	112	213	0	223	2	113	201	181	96	120	232	23	234	201	171	46	191	114	173	163	136	53	139	112	168	
60	73	66	174	84	131	234	240	151	128	251	2	105	203	37	64	120	232	6	194	74	179	10	253	178	237	163	8	55	187	112	128	
211	64	214	205	111	26	174	104	253	194	242	98	200	248	181	231	254	229	254	231	229	247	197	200	54	122	206	130	29	62	121	5	
205	120	145	225	160	44	33	154	62	187	2	84	222	19	65	255	183	84	124	88	51	212	145	66	205	249	39	68	138	241	1	33	
112	233	24	96	88	233	80	135	171	57	168	24	22	147	64	80	129	154	76	16	26	47	202	17	219	145	17	127	80	0	198	42	
160	32	30	121	24	173	96	35	252	9	226	24	183	209	8	16	128	42	72	8	58	173	194	55	193	227	48	81	64	8	66	170	
216	48	151	100	48	78	65	55	33	161	35	120	119	19	0	18	50	180	108	8	25	216	145	13	209	162	48	80	98	128	198	43	
58	195	115	236	38	82	221	101	5	12	246	163	43	15	182	228	110	145	135	225	76	187	101	221	242	241	170	147	119	156	228	109	
130	152	146	153	119	165	184	71	30	9	80	50	172	158	32	72	239	59	147	145	50	188	18	223	13	22	154	194	148	8	161	155	
108	237	149	114	237	109	71	172	251	186	44	8	214	113	73	59	145	82	96	122	114	98	218	50	235	158	69	127	194	115	198	162	
130	184	18	153	109	141	184	71	158	25	80	50	172	158	96	73	207	59	179	17	18	126	66	209	13	16	90	234	144	8	33	155	
57	143	111	254	182	163	79	247	212	73	254	230	113	239	176	96	126	170	30	140	249	171	36	255	250	239	166	192	61	202	240	121	
122	110	196	181	137	58	68	174	162	182	138	233	143	40	83	155	129	199	236	181	92	75	199	128	184	227	205	55	164	124	154	6	
105	235	148	37	169	143	68	39	171	168	170	77	143	34	81	146	132	39	108	21	140	8	195	8	172	245	52	48	202	148	202	13	
76	185	187	109	58	205	51	184	230	136	110	32	243	247	201	112	54	60	104	72	67	24	187	29	79	237	37	40	224	162	7	41	
0	141	11	190	20	131	171	226	22	0	90	2	113	234	48	64	121	106	19	129	34	152	10	63	96	167	170	128	20	11	48	136	
66	136	159	157	108	168	184	7	190	27	82	80	188	170	96	75	231	47	59	145	18	216	131	193	12	50	218	202	132	0	33	137	
2	205	2	158	29	135	142	230	22	8	72	2	32	200	49	64	200	106	19	195	98	170	26	191	33	38	154	8	16	27	48	138	
126	181	156	166	139	102	22	239	147	190	141	9	70	247	75	19	145	215	233	179	124	67	219	42	251	231	77	63	160	119	174	82	
197	188	253	85	236	46	229	191	242	251	38	92	211	113	216	43	1	70	120	28	177	252	255	34	76	47	117	68	232	248	209	32	
28	158	19	169	176	163	67	186	55	15	207	112	215	115	160	84	83	54	12	56	58	136	105	31	232	230	33	212	178	195	164	33	
197	188	145	117	33	44	112	154	123	186	34	92	190	211	65	255	181	93	124	24	163	84	155	67	141	248	69	38	138	113	3	33	
65	185	159	16	168	173	37	135	238	249	162	76	182	178	192	127	131	103	104	24	147	105	242	113	156	58	87	122	200	80	131	45	
120	233	200	101	144	75	103	175	35	164	238	137	163	35	3	16	88	206	237	32	88	184	193	13	239	231	5	53	99	250	206	74	
173	105	130	126	45	221	70	64	215	138	229	0	226	209	49	236	200	104	194	74	75	167	90	59	163	249	65	59	90	127	122	166	
120	227	83	102	17	12	98	24	97	32	107	72	111	193	8	144	176	220	104	106	74	176	217	13	243	253	1	88	98	131	66	2	
0	205	10	190	20	131	171	226	22	0	90	2	113	234	49	64	88	106	19	195	98	184	10	63	96	167	170	128	20	27	48	136	
221	237	144	50	170	75	86	188	114	178	160	104	223	115	73	27	19	215	108	122	107	70	203	50	248	195	101	60	168	241	131	3	
2	141	2	154	21	199	170	231	22	1	72	2	96	232	48	64	88	42	19	145	50	186	24	255	41	38	138	64	145	10	48	138	
101	239	209	64	217	31	66	200	203	180	168	140	130	160	71	150	9	196	202	116	78	107	252	152	62	16	5	127	242	174	86	76	
126	207	146	244	157	179	214	234	211	174	184	11	106	233	37	148	217	246	205	99	124	227	200	174	187	247	5	31	227	127	254	14	
11	191	159	157	242	216	189	247	190	95	86	244	188	246	162	237	39	107	238	148	247	217	166	119	108	39	127	194	138	4	173	249	
56	97	106	97	85	91	83	112	97	100	254	11	3	13	22	16	120	140	133	108	204	178	117	140	243	237	160	21	103	142	126	210	
40	201	120	110	86	201	231	252	70	164	124	10	49	213	166	48	58	184	2	234	66	58	56	61	127	141	33	41	115	170	68	232	
49	73	91	236	20	6	79	125	69	0	250	66	115	89	49	96	88	224	28	234	73	163	81	45	243	172	164	16	53	186	112	40	
0	201	2	158	28	129	142	230	22	0	88	2	32	200	49	64	72	106	19	193	66	170	2	191	32	36	138	8	20	27	48	136	
176	161	68	129	28	11	232	237	15	49	176	26	143	8	28	1	123	137	78	241	58	189	73	221	188	216	139	116	117	8	209	128	
124	233	121	104	250	195	91	235	163	60	188	169	27	151	66	16	79	157	205	242	90	11	234	21	251	197	37	253	113	161	38	243	
2	156	2	154	21	133	130	231	22	9	72	18	160	218	32	64	217	42	19	144	50	170	18	191	41	54	154	74	144	8	176	138	
0	221	2	158	93	133	134	230	150	8	88	2	160	216	48	64	200	106	19	193	98	170	82	191	33	22	158	42	16	24	48	138	
24	141	10	174	20	163	75	242	20	0	223	2	115	227	32	64	120	106	6	234	74	184	8	63	232	165	171	0	52	170	48	168	
205	122	159	21	34	126	49	146	184	254	86	245	156	182	195	47	167	117	236	87	165	213	160	106	68	35	127	130	136	117	7	125	
49	205	107	254	92	131	203	240	212	64	220	2	115	201	177	96	120	232	23	235	203	171	46	191	242	237	162	136	53	187	112	168	
189	156	229	247	180	35	207	254	87	234	243	254	115	124	156	33	223	206	53	175	189	254	109	190	186	239	245	148	237	233	240	113	
83	201	133	157	203	212	44	39	175	83	2	131	44	166	36	214	163	167	251	133	87	9	151	247	181	54	218	2	30	4	169	92	
34	142	43	157	93	225	177	111	30	69	84	51	164	236	38	64	217	59	163	129	54	186	99	255	77	54	154	11	16	72	181	238	
2	157	18	155	85	229	186	103	30	9	88	2	172	254	32	64	252	59	147	129	18	184	82	255	45	22	154	67	16	8	181	155	
2	149	16	139	181	231	190	175	14	9	90	2	236	126	40	64	221	59	147	32	82	152	81	255	45	20	142	195	20	10	149	27	
199	54	223	147	230	40	185	83	250	243	119	246	221	175	217	123	39	111	127	157	181	212	175	194	94	58	255	196	172	225	163	177	
66	0	150	141	238	34	188	66	172	131	211	18	204	162	33	74	99	101	59	128	16	219	131	192	20	54	218	128	132	121	161	0	
195	182	213	147	236	185	184	143	255	59	49	255	140	170	220	175	175	139	127	21	183	124	238	211	140	18	255	254	220	204	131	149	
213	16	229	71	137	126	79	152	99	251	167	28	82	118	223	62	21	196	124	238	153	69	255	98	27	190	69	20	235	115	230	116	
216	150	254	101	50	106	49	63	61	174	126	177	127	55	129	81	55	63	173	32	112	220	161	78	222	231	117	135	230	224	7	123	
66	0	146	156	100	32	184	3	170	139	91	2	172	162	97	74	231	125	59	128	0	211	130	192	4	54	218	136	132	99	33	129	
110	176	243	76	105	221	65	72	67	233	100	8	106	213	236	188	152	152	162	88	3	59	178	209	31	94	17	126	211	174	102	165	
130	13	130	158	20	162	42	99	52	128	91	18	40	226	32	64	120	43	19	144	48	152	2	238	8	38	138	128	20	106	48	136	
126	181	152	164	155	102	23	239	35	174	140	9	78	247	75	18	149	215	253	48	88	67	211	24	251	231	13	191	160	118	142	83	
184	76	98	250	92	131	234	112	215	2	209	2	97	201	48	64	120	168	23	195	234	175	10	191	178	237	163	136	55	139	112	128	
82	74	243	213	102	154	190	214	169	130	114	227	44	142	181	126	230	253	63	198	196	157	164	232	54	122	234	130	37	241	99	189	
189	77	106	238	20	131	207	112	213	64	221	2	115	201	181	96	120	232	23	234	233	163	44	191	242	233	162	136	55	187	112	168	
28	77	10	174	20	131	239	112	20	0	223	2	115	227	49	64	120	106	6	235	72	184	8	63	224	231	171	128	52	171	48	160	
230	122	242	156	107	81	188	194	155	254	116	191	44	254	231	159	167	125	183	3	228	71	178	194	23	18	95	175	31	116	47	215	
83	0	214	141	46	26	168	104	237	194	211	66	200	248	181	231	254	229	126	231	205	243	197	200	148	58	202	130	13	46	121	132	
144	143	126	168	182	131	127	55	132	4	222	231	165	11	178	65	110	163	143	225	248	185	5	189	232	227	170	193	52	136	189	73	
97	96	82	69	16	30	98	16	96	130	103	72	211	19	129	180	16	204	72	106	73	176	209	12	6	237	0	16	74	147	74	4	
80	51	154	48	138	232	16	71	170	181	162	61	166	131	64	90	167	191	108	16	26	75	130	32	152	161	20	123	160	0	135	27	
58	195	107	237	54	82	93	101	5	68	246	162	11	15	182	228	110	149	151	224	88	186	101	205	242	233	162	195	119	142	244	107	
130	152	146	155	119	231	184	66	30	9	83	18	172	222	40	64	255	59	147	145	50	156	26	247	13	54	154	194	148	9	49	155	
208	226	26	56	56	137	48	11	174	61	160	120	167	195	73	89	130	56	108	16	2	37	130	17	144	161	48	121	88	0	15	3	
81	124	153	241	146	238	116	150	63	243	38	80	150	23	65	127	39	126	124	24	35	220	177	98	173	166	21	70	168	80	1	59	
76	254	145	99	170	107	70	152	115	178	172	72	223	99	73	255	23	220	236	122	105	84	217	58	173	215	69	60	170	243	11	32	
130	184	16	155	109	141	184	70	158	25	81	50	172	158	96	73	207	59	179	17	18	92	74	241	13	16	90	234	144	9	161	139	
170	97	182	129	239	93	189	71	171	190	112	27	12	156	119	143	238	157	243	145	84	247	162	192	21	80	219	175	71	124	183	215	
67	235	132	133	172	10	140	7	235	160	138	237	131	32	213	150	128	102	108	21	156	72	199	136	172	52	159	178	140	52	155	12	
24	133	106	234	20	146	235	113	197	1	223	2	113	203	184	64	120	170	31	235	218	171	42	253	242	237	170	200	55	138	240	128	
155	223	230	85	179	214	126	183	125	206	94	183	105	255	182	116	55	255	181	135	244	216	37	239	122	127	127	195	167	244	165	95	
159	222	246	93	179	210	63	246	55	206	94	183	109	254	166	244	55	127	181	198	247	220	45	255	234	127	63	131	46	245	173	255	
108	247	24	75	217	31	71	184	115	36	173	8	82	81	13	180	24	220	64	122	75	34	251	63	53	141	5	124	67	51	78	160	
65	249	19	8	112	141	67	240	235	72	224	76	190	144	224	244	34	168	70	88	195	43	182	125	152	28	2	122	90	2	3	189	
130	152	155	187	116	165	185	82	30	11	81	114	188	211	32	72	255	59	51	1	51	156	91	255	5	182	58	130	24	73	33	169	
64	184	159	155	108	140	168	4	190	25	83	112	180	146	104	75	231	63	59	17	19	92	131	97	76	50	250	232	156	1	161	169	
36	77	66	218	212	163	226	196	151	129	248	2	96	202	53	64	88	232	6	209	26	179	8	255	58	12	131	72	149	59	240	128	
250	107	228	68	109	25	92	85	203	182	180	171	10	137	215	159	8	228	239	74	236	103	230	200	50	89	197	187	103	188	94	14	
188	72	66	254	92	131	234	112	149	0	241	2	97	203	61	64	120	168	6	195	106	183	10	255	242	205	163	136	55	171	112	128	
139	74	194	149	102	178	168	70	61	7	82	247	136	174	180	204	103	45	183	133	180	156	165	194	6	46	250	130	167	213	249	221	
108	161	248	86	249	93	147	156	122	245	45	8	251	229	206	182	23	94	224	94	151	98	234	34	107	221	5	125	194	239	206	244	
44	22	117	95	235	251	181	57	223	222	125	104	254	245	141	191	23	50	230	34	161	224	106	221	7	186	113	146	214	251	69	181	
62	106	234	228	101	31	223	216	57	230	182	139	11	140	87	62	254	205	215	255	204	247	160	202	243	221	133	183	103	253	118	246	
81	149	94	108	154	46	87	191	165	96	175	140	87	39	0	83	86	214	108	108	121	137	89	29	250	167	37	84	40	226	168	16	
92	188	151	87	162	110	117	183	248	187	47	120	222	115	73	255	35	118	108	24	49	249	155	32	143	231	117	6	226	240	195	33	
69	177	241	193	236	8	233	159	107	241	158	238	157	46	220	118	119	135	127	157	147	184	231	192	204	252	191	228	140	130	147	245	
112	227	74	160	80	134	91	252	35	141	248	205	3	195	106	80	124	205	5	244	222	27	136	4	248	196	165	236	33	134	162	89	
57	159	111	254	180	163	75	246	212	72	222	230	113	231	176	96	126	234	30	238	155	187	44	255	250	239	166	192	61	202	240	121	
43	175	98	147	245	181	238	199	31	111	92	255	40	168	246	132	191	171	151	157	182	186	36	246	46	92	158	235	215	220	251	205	
66	172	158	177	138	232	185	7	190	23	74	147	189	183	98	74	163	31	59	145	18	220	147	194	205	39	90	73	132	64	165	74	
239	98	226	212	109	31	254	72	217	238	245	159	74	204	127	159	252	236	215	119	236	119	234	202	23	90	197	175	103	255	122	215	
99	162	228	225	108	27	248	73	43	53	178	239	143	142	212	222	238	141	127	149	148	115	199	208	158	216	203	246	133	172	83	196	
34	205	2	158	92	129	142	230	148	0	88	2	32	202	48	64	72	106	19	195	98	170	2	191	32	36	138	136	21	24	48	136	
116	235	123	248	56	195	91	226	163	60	188	169	23	143	66	16	207	189	205	192	74	75	226	29	251	197	33	253	112	160	38	115	
162	248	0	155	125	133	144	198	158	25	80	16	164	152	112	72	201	42	51	17	2	110	82	181	13	22	154	106	16	8	240	139	
62	12	74	254	20	163	74	112	149	2	223	18	121	235	49	64	121	170	31	170	40	151	10	255	242	239	170	128	55	235	112	128	
62	45	98	225	212	171	234	83	69	160	248	2	9	137	245	0	120	170	23	241	152	187	4	220	62	77	167	224	231	235	112	128	
34	201	16	153	125	133	148	239	158	25	80	16	164	152	48	64	201	10	51	65	66	42	66	181	45	22	158	250	16	24	144	139	
24	13	78	238	20	131	67	113	132	0	223	2	115	99	160	64	120	166	12	234	88	169	9	31	242	229	163	16	54	170	48	0	
94	183	246	0	179	122	60	127	107	237	63	191	76	44	222	148	55	151	237	181	180	217	173	214	58	87	53	215	231	198	143	87	
49	77	106	238	20	163	203	112	212	64	221	2	115	201	177	96	120	168	23	234	201	163	44	191	242	175	162	136	53	187	112	160	
189	220	231	247	180	46	78	190	87	235	250	254	115	125	153	97	127	254	53	175	185	246	109	63	252	239	245	208	237	249	208	49	
23	90	251	212	118	160	187	82	188	128	90	231	61	174	165	74	102	125	55	223	128	153	134	232	20	44	106	128	173	241	33	185	
133	154	155	187	116	165	187	210	30	11	81	118	252	211	168	104	255	59	54	26	35	156	10	247	133	182	58	194	152	9	33	161	
134	140	2	158	20	162	42	99	52	129	91	18	104	226	32	64	120	41	19	128	48	156	0	207	8	38	138	192	20	8	48	128	
184	4	66	188	84	163	234	120	149	130	241	18	105	203	49	65	120	168	6	162	104	183	8	223	146	237	163	8	55	169	112	128	
2	156	18	153	85	229	184	231	30	9	88	18	172	222	48	64	221	59	147	145	18	152	18	255	45	54	154	66	144	12	177	155	
220	255	187	244	138	76	31	179	178	182	142	153	87	231	64	83	39	247	237	66	120	77	171	35	249	227	109	253	32	241	135	115	
130	152	18	155	119	165	186	192	30	9	83	18	172	218	40	72	255	59	19	145	50	156	11	247	13	54	154	194	144	9	33	131	
98	34	192	161	108	9	232	65	43	177	178	203	143	138	84	90	234	141	127	149	6	59	197	208	148	152	139	244	5	136	83	132	
125	33	225	225	244	26	75	89	99	225	251	206	91	11	220	244	126	140	29	253	153	178	237	192	190	252	167	244	175	170	242	117	
83	1	215	141	14	26	232	65	109	192	211	66	204	154	180	226	250	133	126	161	133	179	197	200	148	56	202	10	13	42	121	132	
146	143	234	184	151	210	185	231	158	13	214	179	44	238	54	64	255	187	151	145	54	223	36	231	251	103	190	195	181	68	189	91	
31	72	194	218	87	179	250	64	21	134	215	130	40	202	183	236	122	169	147	219	14	183	52	234	18	94	154	3	191	191	120	140	
155	21	96	163	183	190	250	22	93	73	95	247	139	40	150	228	255	139	149	189	191	184	37	238	238	93	186	194	175	205	88	85	
67	0	199	205	6	18	168	0	236	64	211	194	221	130	180	238	106	165	58	141	129	145	183	192	148	40	202	128	13	170	113	36	
222	126	223	86	162	114	126	179	177	206	207	240	79	119	139	251	55	247	236	162	108	197	165	106	242	227	117	131	162	245	174	69	
237	124	181	71	169	118	79	156	115	250	166	88	218	118	221	255	149	196	124	254	237	86	253	34	63	254	69	20	194	119	226	116	
2	249	20	155	237	173	184	196	142	25	81	50	172	222	120	8	207	59	179	83	18	124	74	241	5	16	26	234	20	25	129	139	
102	122	145	17	104	173	50	210	187	255	48	125	134	180	197	158	133	109	228	16	135	116	128	98	140	22	53	254	200	125	3	215	
131	182	213	147	236	169	188	223	190	123	48	255	156	170	220	235	175	11	127	21	183	124	203	211	12	26	127	228	156	200	131	157	
154	222	226	92	51	214	62	242	63	206	94	167	105	254	183	116	183	255	181	199	228	221	37	255	59	127	15	131	39	245	37	95	
57	159	111	254	182	162	79	246	212	72	222	230	113	231	176	96	126	226	30	204	155	139	36	191	250	239	174	200	61	139	112	57	
227	190	149	16	173	191	196	191	255	59	50	92	134	56	20	191	133	6	108	29	181	109	83	118	156	26	85	118	200	64	203	13	
5	234	159	187	100	140	169	148	62	25	82	80	180	211	232	105	247	27	50	217	19	220	139	113	76	160	122	192	152	1	161	161	
31	78	194	145	118	178	170	214	63	7	90	247	45	138	183	204	103	107	151	157	135	156	4	226	54	46	186	192	175	213	169	221	
60	141	106	232	156	163	203	248	197	0	220	2	81	203	176	64	88	170	23	234	154	163	46	189	250	237	163	204	55	139	112	160	
252	124	254	118	227	62	117	18	241	238	166	61	122	117	199	27	167	246	236	46	168	215	176	42	91	235	117	48	234	245	70	123	
143	180	255	243	230	162	185	87	62	211	87	246	221	255	248	107	55	63	55	157	179	220	174	194	92	47	127	196	173	224	161	241	
138	112	178	145	199	79	189	71	62	247	82	19	140	158	102	13	238	29	179	209	80	254	179	192	21	80	222	231	135	92	165	223	
2	157	16	137	181	199	186	231	14	9	90	34	172	60	32	64	223	27	147	1	82	152	81	255	45	20	138	195	20	14	181	155	
89	219	78	172	38	150	126	55	132	72	222	231	127	171	178	192	230	231	175	207	204	137	4	237	242	237	234	128	60	180	185	25	
109	125	209	69	249	95	70	184	123	226	44	76	223	99	193	182	23	92	232	122	101	114	249	58	174	215	69	52	202	243	10	148	
101	245	209	65	249	95	70	184	123	244	169	12	210	112	77	180	145	76	64	122	239	98	253	30	46	222	5	126	202	243	194	212	
61	77	106	238	84	146	207	112	212	0	223	2	115	201	177	97	120	232	23	234	233	163	44	189	242	237	162	136	53	187	112	160	
28	5	78	172	20	3	78	121	133	128	223	2	91	107	40	64	120	228	29	234	72	161	1	140	242	229	163	144	54	170	48	0	
248	39	253	102	136	74	69	125	224	134	173	24	115	101	65	19	9	182	76	56	120	99	234	10	123	131	117	61	225	226	198	106	
130	72	2	155	20	131	170	198	22	3	82	18	40	202	49	72	123	41	19	145	34	156	0	255	36	38	154	192	148	9	49	136	
51	79	75	158	86	163	239	246	150	64	216	230	49	234	179	96	126	234	23	207	139	187	46	255	48	44	170	136	61	219	112	248	
102	9	208	142	236	160	110	65	43	129	249	10	40	234	117	90	106	239	55	195	26	2	202	224	20	188	138	168	181	115	226	128	
47	126	227	76	123	117	163	222	91	239	124	236	40	244	247	188	31	232	150	28	131	54	182	226	22	28	21	170	207	255	94	253	
70	73	146	142	230	0	174	196	12	129	219	2	140	162	97	74	122	237	42	210	16	155	131	224	52	52	222	136	132	123	177	128	
34	130	59	217	124	225	177	79	30	117	84	179	164	205	110	72	219	27	163	17	50	62	98	215	77	23	26	239	148	8	53	234	
6	204	84	147	46	169	254	232	143	50	155	10	238	8	24	11	175	3	127	67	66	37	75	245	132	18	91	176	84	91	17	9	
173	60	180	113	185	63	114	154	123	250	191	56	223	117	195	63	159	118	252	126	188	244	235	42	207	219	101	247	194	229	70	115	
2	157	16	137	181	231	186	167	14	9	90	34	172	62	32	64	223	59	147	17	18	152	81	255	45	52	154	195	20	14	181	155	
128	200	2	158	92	129	142	230	150	0	80	2	32	200	48	64	72	106	19	195	98	174	2	191	32	38	154	8	21	24	48	136	
30	4	234	254	148	163	238	83	21	3	223	18	121	235	57	72	121	171	23	169	184	183	8	222	242	239	171	128	183	251	240	128	
159	132	235	241	214	162	237	87	54	195	95	210	93	239	248	104	127	255	55	157	179	220	37	194	94	239	191	196	167	224	161	241	
139	182	149	155	238	169	189	223	190	123	80	246	188	174	248	235	167	27	127	29	179	124	170	243	12	30	126	236	156	200	129	185	
19	55	227	131	214	179	171	85	4	197	95	231	105	236	191	4	126	171	151	245	151	152	36	236	60	12	174	192	175	206	181	253	
2	204	2	138	20	163	170	194	22	3	90	2	104	202	33	64	121	42	19	144	34	156	8	255	40	6	154	192	149	11	48	136	
134	132	2	154	20	162	170	66	20	1	83	18	72	202	32	72	121	41	19	176	48	158	0	223	8	38	154	192	148	8	48	128	
193	188	159	83	202	233	181	231	254	91	102	56	180	182	228	127	167	115	106	16	51	221	50	119	29	178	86	66	200	80	131	189	
6	249	16	155	236	141	190	207	143	25	120	42	172	222	125	73	207	59	223	83	82	11	74	241	36	24	158	234	148	91	129	139	
23	31	203	181	210	162	171	80	52	192	91	230	81	231	177	96	118	253	23	223	177	153	4	110	248	175	171	128	173	227	33	177	
51	143	99	190	118	131	239	246	212	64	216	230	49	234	177	96	126	234	23	207	203	187	46	255	48	44	170	136	61	139	112	249	
60	141	74	232	156	163	78	250	133	0	220	2	49	203	177	64	88	170	31	250	24	171	0	189	250	205	163	200	55	171	112	128	
18	222	102	222	114	178	190	226	61	194	218	167	108	254	55	112	247	255	183	199	160	155	37	239	58	62	142	130	37	245	37	95	
50	41	98	226	212	131	238	113	69	128	248	2	41	200	53	0	120	170	23	241	216	187	4	236	58	205	134	128	229	139	240	136	
61	77	110	236	20	130	207	113	196	192	223	2	113	201	177	97	120	160	31	234	232	179	36	140	242	233	162	128	53	187	112	224	
118	9	224	206	220	32	238	217	75	1	121	10	40	170	61	80	122	207	23	194	154	58	200	241	54	172	138	168	245	251	242	136	
70	9	84	135	238	41	254	201	15	50	27	10	238	232	121	10	175	195	127	67	2	49	11	241	180	20	75	164	84	123	129	1	
2	157	18	153	245	165	184	199	30	9	88	18	172	158	48	64	205	59	147	145	18	184	82	247	45	20	154	202	144	8	177	139	
246	236	114	146	246	128	238	224	57	146	251	2	108	202	125	81	127	223	23	211	234	215	136	234	184	56	142	232	37	115	35	128	
10	130	59	249	124	235	177	75	30	125	84	179	188	143	34	104	219	27	163	17	50	190	98	215	69	135	58	205	148	8	53	251	
90	187	10	176	59	139	26	64	170	164	166	173	15	143	98	80	166	189	205	199	78	11	136	29	210	197	171	191	32	6	15	91	
230	77	194	142	252	0	238	196	157	3	219	26	76	234	121	66	122	239	63	211	80	47	202	226	48	52	142	136	149	123	176	0	
89	1	206	197	12	16	232	64	236	0	194	66	152	130	246	230	106	133	122	137	133	131	181	192	148	41	138	8	13	42	121	4	
52	13	110	238	28	163	79	112	196	0	223	2	115	233	177	96	120	168	31	234	200	163	44	61	242	173	163	136	53	171	112	160	
134	216	18	155	245	133	186	196	30	25	80	18	172	218	41	72	253	123	19	211	34	148	26	245	13	54	154	202	144	25	161	131	
79	127	192	7	227	58	62	188	57	238	30	237	205	102	207	159	55	223	236	246	229	208	141	234	174	127	101	134	174	247	139	85	
236	188	245	92	91	123	66	106	251	251	173	120	74	245	132	191	137	246	234	10	49	107	234	235	31	254	81	62	195	237	70	37	
82	151	110	0	242	90	191	253	41	101	30	255	76	44	158	18	183	151	223	181	244	27	173	223	126	22	191	199	229	134	135	95	
193	156	159	31	238	237	181	167	254	123	98	92	246	240	68	59	131	103	122	25	183	125	186	115	140	186	118	122	200	72	131	143	
216	5	70	237	20	2	78	57	165	0	159	2	91	11	56	67	98	133	125	235	120	137	1	140	242	235	226	148	39	170	240	0	
34	224	16	155	108	141	152	143	142	25	80	24	164	152	120	65	201	10	51	17	82	110	66	241	12	16	154	250	80	8	145	137	
88	5	70	236	148	2	78	121	37	0	223	2	91	99	56	65	120	164	29	234	120	139	1	140	242	233	162	144	54	170	240	0	
34	193	16	155	236	141	156	175	142	25	88	24	172	152	124	65	201	10	23	1	82	46	66	181	45	24	158	250	80	8	209	139	
45	253	241	1	221	95	199	184	123	244	44	12	218	124	95	180	157	76	210	126	197	112	125	30	47	94	5	126	203	127	66	244	
109	253	145	65	217	95	103	188	123	232	44	12	250	116	71	182	149	236	192	126	197	112	253	62	47	222	5	54	202	118	66	252	
57	223	111	252	52	167	239	246	213	72	222	230	49	239	177	96	110	234	31	237	201	171	36	255	250	237	174	200	61	152	112	121	
109	237	165	71	233	126	79	157	123	250	170	8	218	116	95	255	145	206	120	62	237	82	253	42	47	126	69	52	194	247	194	108	
222	10	231	215	102	114	187	16	181	214	87	178	73	199	183	239	102	117	191	222	160	213	172	234	94	107	234	193	167	229	53	241	
83	1	67	140	78	10	232	65	109	32	210	66	140	138	52	226	234	133	122	225	141	179	197	192	148	48	138	0	13	10	121	132	
2	72	130	155	20	163	170	66	22	3	82	18	104	202	33	72	123	43	19	144	34	156	8	255	32	38	154	192	148	9	49	136	
125	35	227	230	84	54	74	88	65	224	255	206	91	105	157	240	126	204	22	254	137	178	237	136	118	237	161	172	239	255	122	160	
162	200	2	154	84	131	174	197	22	3	80	2	96	202	48	64	121	42	19	209	98	190	8	255	48	6	155	136	21	26	176	128	
10	219	98	137	119	213	186	238	143	69	92	167	172	204	62	196	254	59	147	197	198	171	52	253	35	85	138	203	23	14	189	223	
62	5	194	252	148	163	238	127	151	131	223	18	73	235	49	64	121	234	31	185	56	179	8	222	250	239	175	192	183	250	240	128	
32	201	2	156	92	129	142	230	150	0	80	2	32	138	48	65	72	106	19	195	66	170	2	189	32	38	154	8	21	25	48	136	
2	157	18	137	181	231	186	231	14	9	90	34	172	62	32	64	223	59	147	1	18	152	17	255	45	20	154	195	148	14	181	155	
184	65	110	236	20	2	78	125	196	128	247	2	83	107	184	65	120	228	29	234	232	163	1	140	242	233	226	128	55	186	240	0	
67	247	111	133	114	0	191	254	40	117	90	239	125	46	190	1	63	199	55	229	196	27	164	253	124	40	239	228	109	150	183	217	
248	129	70	238	132	2	78	48	37	0	247	2	75	11	56	83	112	196	61	234	120	139	1	173	242	235	226	144	39	171	240	0	
105	189	177	7	241	95	102	189	123	232	44	12	250	116	95	182	157	110	112	62	237	240	249	62	47	223	5	54	194	246	74	220	
162	164	16	139	252	137	252	175	15	49	25	24	142	72	88	0	223	11	95	33	114	60	75	215	44	20	27	252	84	10	209	129	
166	164	80	139	236	9	220	41	15	51	177	26	206	8	92	1	219	130	95	49	114	38	73	215	12	24	155	252	84	10	209	129	
210	193	70	230	12	10	76	49	173	50	147	18	79	11	28	83	98	197	125	226	104	199	67	205	178	234	202	144	39	184	240	0	
79	255	240	1	243	27	190	184	59	232	58	237	205	110	215	150	183	77	213	119	229	208	237	234	46	95	45	166	238	247	11	221	
102	237	70	158	252	34	174	232	136	146	217	2	108	234	121	83	123	207	31	243	66	227	200	237	188	52	143	172	5	123	112	128	
90	59	26	182	59	129	26	96	174	172	143	173	15	207	98	80	166	165	253	199	76	75	138	60	210	229	171	187	32	6	47	83	
86	137	210	134	214	9	238	193	47	32	251	10	110	232	125	64	58	207	55	195	16	51	8	249	188	156	143	172	245	59	241	0	
56	9	106	234	212	131	79	117	197	128	221	2	113	203	177	64	88	170	23	250	216	171	40	190	250	205	166	200	55	138	240	168	
139	182	215	155	230	185	189	223	62	115	92	246	189	174	250	237	39	75	55	29	179	252	47	243	188	95	126	230	158	220	137	253	
56	37	106	238	212	131	238	125	69	128	221	2	115	233	189	0	120	170	23	249	154	171	12	173	250	205	166	200	247	138	240	136	
54	137	226	206	212	2	238	221	75	33	252	10	9	169	61	80	120	206	23	250	154	186	136	249	62	236	132	172	247	187	242	136	
2	157	18	153	253	165	184	71	158	9	88	50	172	158	48	64	205	43	19	145	18	152	66	247	45	20	154	202	144	72	177	139	
2	181	16	155	253	173	184	79	30	25	88	48	172	218	104	64	205	27	19	17	18	56	66	215	13	20	26	234	144	72	145	139	
159	133	234	249	150	178	239	215	55	195	222	146	89	239	184	100	127	239	55	152	187	221	37	198	250	239	191	196	167	192	177	160	
49	15	99	254	54	131	238	114	212	64	218	230	49	234	177	224	126	234	23	207	201	171	4	255	176	174	170	136	61	139	112	185	
36	183	250	71	242	43	53	121	59	167	125	184	72	231	206	20	63	30	135	32	80	210	168	66	94	22	49	231	231	226	199	241	
89	3	74	205	13	80	224	80	228	8	215	70	136	128	182	230	104	132	238	136	141	179	167	192	22	105	170	9	59	14	121	134	
34	141	66	158	212	163	174	231	150	0	88	2	96	232	49	64	121	106	19	195	114	187	8	255	56	38	142	136	21	90	240	136	
6	173	16	154	236	137	188	239	143	26	120	2	172	234	125	66	207	43	87	17	82	9	74	241	44	24	143	234	20	88	129	137	
27	215	106	111	51	214	95	181	117	77	95	231	105	111	190	228	118	59	149	239	255	152	53	255	98	109	174	193	63	150	236	125	
136	130	59	249	117	243	177	67	30	61	84	179	141	135	226	72	223	59	131	17	50	188	99	149	205	215	186	193	150	12	53	251	
2	72	130	155	20	131	170	196	22	1	82	18	104	202	33	72	121	107	19	208	34	152	0	255	32	38	154	128	148	25	49	136	
6	4	2	152	148	162	170	99	20	1	91	18	64	202	32	64	89	40	2	176	48	148	0	223	8	38	154	192	148	11	48	128	
156	158	119	87	178	42	23	190	61	174	247	240	107	103	141	23	55	215	205	34	120	213	41	46	234	235	101	151	227	241	134	121	
162	211	54	142	109	85	156	253	141	92	220	47	44	252	190	103	204	123	151	231	196	43	50	241	51	56	202	187	22	62	245	223	
6	140	130	153	148	162	170	71	54	131	91	18	72	202	32	64	121	42	19	144	50	156	0	222	44	38	158	192	148	72	176	128	
61	101	226	78	85	51	207	216	67	192	253	206	91	233	191	244	120	236	22	238	201	178	236	170	118	44	133	172	127	255	122	164	
22	92	98	222	210	146	190	226	189	194	218	163	104	254	55	96	127	255	151	199	160	155	36	239	58	46	158	130	37	245	53	221	
0	201	2	158	28	129	142	230	150	0	80	2	32	138	49	64	72	106	19	195	66	170	2	189	32	38	154	8	21	25	48	136	
30	133	194	254	148	162	110	247	23	131	222	18	89	235	56	64	121	238	31	184	56	155	0	238	250	239	167	192	183	250	240	128	
154	197	234	248	148	178	239	247	55	131	222	18	89	235	184	100	127	238	23	152	186	159	36	238	250	239	191	196	167	208	240	168	
26	213	122	170	183	213	191	255	29	77	92	167	61	222	62	96	255	27	151	181	214	152	56	223	123	93	174	195	55	158	189	223	
60	9	106	236	212	131	207	117	213	0	220	2	115	201	176	96	88	170	23	251	250	171	36	191	122	205	166	200	55	138	240	160	
63	151	96	234	254	27	222	249	31	109	189	175	79	125	190	100	222	147	151	119	223	43	109	223	122	93	133	222	247	143	212	85	
62	201	98	202	84	131	234	244	195	128	248	10	43	201	181	80	120	232	23	210	218	187	12	254	58	237	133	232	119	155	242	136	
90	35	42	164	43	144	90	64	171	140	159	173	111	207	98	208	166	173	253	229	76	195	130	152	210	229	171	155	42	6	47	83	
2	151	43	191	247	227	189	255	30	79	93	183	172	254	190	64	223	27	147	133	247	152	43	255	109	55	190	195	21	78	181	251	
155	215	103	79	55	214	127	189	117	76	95	247	121	95	190	229	118	152	157	239	239	156	45	255	98	123	170	194	63	134	252	125	
216	204	102	239	4	2	76	244	229	18	214	18	75	11	56	67	104	197	61	235	232	247	1	172	178	235	234	128	39	184	112	8	
252	201	70	238	132	2	78	176	37	0	243	2	75	11	60	83	120	197	61	226	120	155	9	173	178	235	224	192	55	171	112	8	
166	132	80	145	252	139	232	43	31	51	177	26	142	8	92	1	219	137	95	49	114	62	73	215	12	30	155	244	212	8	209	128	
166	160	80	129	236	43	234	105	31	51	177	26	206	8	92	9	59	133	95	51	58	118	73	214	156	154	193	244	213	43	211	128	
246	200	70	230	76	8	76	49	41	18	243	26	75	10	12	91	98	197	125	226	72	23	203	225	146	234	202	148	37	187	240	0	
219	68	108	245	46	18	125	48	164	210	150	147	253	111	147	107	102	245	125	239	232	197	39	205	198	235	234	128	38	244	33	105	
138	144	179	249	37	241	49	67	23	93	86	178	157	151	162	236	75	24	183	144	19	156	98	209	199	247	154	195	150	140	45	255	
138	162	162	185	117	253	185	87	31	31	86	181	140	143	98	204	205	59	135	21	50	188	34	211	207	215	26	227	146	140	53	235	
162	189	22	159	237	133	188	231	158	24	88	32	172	250	113	65	205	107	51	193	82	122	74	241	45	16	222	170	80	88	177	139	
2	141	2	158	212	163	174	231	150	0	88	2	96	234	48	64	121	106	19	131	114	187	8	255	56	38	142	136	21	90	240	136	
54	233	194	142	76	2	238	232	137	128	185	2	78	234	57	66	122	229	95	227	72	163	138	237	184	52	143	188	149	59	114	128	
130	132	20	155	252	173	184	79	30	27	89	16	172	250	56	64	205	11	19	17	50	60	74	215	12	22	154	234	144	72	145	137	
7	236	224	211	214	145	190	198	94	227	88	131	40	172	212	40	127	75	19	215	214	188	45	243	46	14	159	228	197	95	241	204	
2	140	2	155	148	162	170	199	54	1	90	18	72	202	32	64	123	43	19	144	50	156	0	222	44	38	158	192	148	74	177	128	
2	223	18	139	181	227	190	231	14	9	88	162	172	62	32	64	255	59	147	17	18	152	1	255	45	20	158	195	148	30	181	155	
34	205	98	158	92	129	174	230	148	0	88	2	104	232	49	64	120	235	19	227	224	187	10	255	48	38	142	136	21	123	112	136	
89	19	58	136	45	80	209	88	196	76	223	103	10	156	183	224	252	132	206	225	141	35	165	200	210	97	162	159	31	14	124	87	
17	15	67	238	22	130	238	113	212	64	219	230	113	195	176	100	126	234	22	239	217	187	12	191	176	172	170	128	61	171	112	161	
32	201	2	154	84	131	166	228	22	0	88	2	96	200	48	64	88	106	2	67	66	186	10	255	48	6	135	40	21	26	48	136	
139	149	123	251	246	230	191	119	28	75	95	246	253	63	184	96	127	27	23	141	243	152	53	247	100	175	186	192	61	202	161	249	
2	173	16	153	252	137	188	239	142	25	120	2	172	234	112	66	207	43	87	1	82	40	202	241	44	20	31	174	148	74	129	137	
