DiorµÏ°ÂÈ«ÐÂ÷È»ó´½²Ê¡ª¡ª2017Çï¼¾ÏÞÁ¿°æ	579 Glamorous	https://www.dior.cn/beauty/version-5.1432748111912/resize-image/ep/0/0/90/0/swatches%252Fcs_3348901318242_e6788c.png	https://www.dior.cn/beauty/version-5.1432748111912/resize-image/ep/0/0/90/0/covers%252FF028512579.jpg
34	201	2	136	68	129	174	228	132	0	218	2	40	202	48	64	104	169	19	195	64	179	2	221	48	36	138	136	21	58	49	136	
11	36	105	201	118	177	249	27	79	65	93	202	185	207	212	36	62	185	23	173	131	50	230	223	70	93	171	168	191	134	80	241	
137	141	106	205	54	146	171	118	84	72	94	98	177	49	176	96	94	58	18	232	225	184	37	191	102	45	162	128	63	138	113	169	
31	105	107	71	86	23	235	120	96	224	223	138	121	76	215	36	62	140	23	239	193	51	173	255	118	13	171	164	39	179	114	244	
93	97	104	69	118	155	235	112	96	224	93	138	121	77	151	36	62	172	87	238	195	48	173	221	119	77	163	164	39	163	115	240	
75	97	104	101	118	154	251	24	225	224	126	130	25	221	151	112	54	188	213	238	197	16	164	220	102	233	161	168	39	167	82	225	
34	188	98	186	95	225	186	230	137	69	216	159	168	188	54	0	237	179	211	193	6	62	82	247	55	20	154	251	213	13	63	222	
98	233	122	26	91	209	146	230	203	92	188	43	32	220	102	16	168	187	195	67	70	43	174	245	51	28	8	123	81	30	79	206	
19	12	107	143	86	163	171	112	109	96	221	198	121	14	183	36	126	169	23	175	131	153	45	255	180	12	171	160	53	135	51	252	
31	91	98	105	35	212	59	208	165	76	222	167	57	157	183	100	238	121	221	199	205	147	49	232	243	121	170	131	39	151	36	127	
137	144	21	249	110	13	57	29	31	59	113	116	157	19	104	73	199	25	55	8	163	84	90	209	197	217	122	236	24	136	129	177	
2	217	50	155	239	133	188	231	140	25	88	34	172	158	96	3	206	59	147	195	210	58	2	241	37	16	222	234	20	94	161	155	
181	129	79	73	149	86	194	121	68	72	249	70	83	88	60	96	216	8	22	126	255	179	121	29	43	168	163	68	121	42	240	164	
56	89	115	228	119	223	118	118	233	204	118	43	47	157	33	48	166	185	149	64	69	185	32	172	243	217	36	131	99	184	71	219	
254	121	106	236	215	215	95	252	17	228	244	175	51	221	51	48	126	252	151	243	232	178	180	190	123	205	165	169	103	189	246	242	
185	131	70	12	92	27	74	121	85	96	211	206	83	72	176	229	120	164	62	239	253	186	69	157	52	106	225	196	127	174	120	4	
33	157	113	73	212	237	231	167	79	73	120	74	50	60	52	96	233	58	18	88	147	56	112	125	47	28	20	66	209	10	197	238	
152	210	250	253	82	131	185	212	86	37	118	230	121	195	168	72	118	253	135	192	192	181	37	221	86	175	50	132	53	152	37	185	
73	152	179	253	215	190	112	55	127	73	126	86	188	63	36	228	167	63	52	24	147	184	49	215	15	255	22	66	154	0	161	43	
57	89	33	237	21	223	71	20	84	200	220	66	179	20	177	100	88	120	22	106	205	184	117	174	225	221	164	16	122	154	84	252	
50	5	82	172	116	43	216	107	25	33	248	10	15	138	52	16	222	141	23	161	24	171	0	222	146	220	138	248	85	136	66	128	
168	93	126	111	117	214	117	119	101	4	254	0	59	61	34	80	202	182	135	72	104	186	81	15	103	237	36	1	115	138	238	138	
57	121	122	76	121	223	219	80	195	232	252	8	59	217	183	52	92	188	214	234	201	179	116	24	83	249	161	25	123	166	106	157	
35	157	115	74	247	221	211	166	79	69	120	2	176	188	180	100	203	58	19	88	147	40	48	253	47	28	20	106	213	139	212	126	
58	21	114	233	247	189	248	83	125	73	126	51	10	29	180	116	238	155	151	149	154	184	96	214	159	221	144	194	247	204	112	95	
75	163	96	25	112	156	233	23	126	89	86	244	189	130	210	244	6	46	54	157	147	152	231	85	12	61	58	192	14	132	195	253	
11	186	17	25	112	141	41	23	46	89	112	116	188	134	226	244	134	43	22	156	151	24	178	85	4	28	58	232	26	132	129	253	
81	217	115	76	83	76	103	246	105	72	110	76	62	51	21	116	34	102	72	110	193	57	48	109	117	168	32	0	107	50	195	58	
90	19	242	229	50	58	40	19	60	172	90	231	173	46	177	192	38	181	238	133	132	184	133	204	148	229	58	128	45	132	33	61	
178	145	52	234	29	197	80	237	143	61	185	27	206	223	108	0	201	155	151	17	90	39	90	215	155	208	8	127	82	10	132	131	
158	178	234	177	150	162	184	71	62	181	83	151	141	140	122	72	191	29	147	149	150	252	148	194	207	67	191	199	165	12	189	211	
2	176	185	249	42	233	57	143	30	63	24	177	189	151	104	72	135	27	191	17	19	12	99	19	197	197	58	251	144	72	133	123	
10	153	162	157	151	192	188	71	29	71	84	23	172	10	50	64	110	43	147	129	214	188	17	195	70	119	154	128	31	12	181	218	
122	99	115	200	50	83	26	64	41	8	245	170	11	158	165	244	126	185	149	226	73	131	36	220	178	193	170	187	55	134	46	55	
2	193	98	136	68	131	174	228	132	0	218	2	72	234	57	64	122	233	19	227	192	179	2	249	48	4	138	136	21	27	49	136	
130	1	162	157	21	134	188	87	21	75	86	19	40	143	32	68	124	43	151	132	242	156	1	203	7	119	154	130	22	12	177	217	
95	83	98	138	133	20	254	157	231	88	254	231	73	206	255	221	124	195	189	247	223	1	62	240	178	121	175	143	63	247	248	87	
237	89	103	78	77	86	71	48	193	96	231	0	83	29	52	119	72	244	58	107	233	179	253	140	115	120	192	20	119	175	116	116	
143	184	61	224	106	143	185	81	143	249	17	95	157	31	96	43	175	145	87	179	145	84	24	212	93	217	107	228	156	169	1	179	
57	165	97	197	116	11	71	127	68	224	126	74	51	49	144	164	26	140	22	44	217	186	117	142	124	205	33	4	111	234	80	168	
2	172	152	249	189	237	184	15	30	5	72	19	172	251	96	72	195	59	27	17	18	152	83	247	205	151	26	107	144	72	133	138	
39	74	111	136	236	48	234	200	207	88	17	199	68	202	255	111	255	73	23	255	135	39	14	241	26	24	207	238	157	191	121	212	
201	157	30	62	148	239	70	183	117	66	206	80	243	120	48	97	93	162	58	47	253	190	95	63	251	175	84	72	121	200	248	8	
37	112	219	222	77	93	194	88	87	202	117	74	114	209	109	172	88	248	22	42	75	38	122	154	23	156	37	58	91	187	112	165	
35	235	72	72	121	145	154	204	203	104	180	170	40	138	247	180	204	169	214	209	142	59	198	241	62	89	137	251	95	14	74	156	
145	185	27	234	184	133	115	253	127	9	116	64	190	147	224	116	228	59	22	88	211	9	58	119	251	220	38	234	24	130	227	169	
0	88	159	253	7	236	177	70	174	129	66	2	180	151	33	106	226	123	59	80	1	249	50	232	197	160	90	2	144	89	37	170	
8	176	187	121	51	188	57	55	62	141	122	244	190	150	224	192	231	57	174	144	19	152	179	86	141	247	58	194	200	0	37	123	
117	65	111	100	52	6	79	112	97	160	255	66	83	75	157	114	126	228	125	238	201	179	173	12	242	235	163	132	109	179	114	32	
117	77	95	238	12	6	79	112	224	128	243	74	83	227	177	115	120	228	108	238	105	163	220	12	240	235	227	28	45	187	114	32	
182	207	13	191	56	135	31	236	158	29	205	129	245	231	40	80	221	91	201	198	106	1	122	63	225	167	175	53	16	19	135	234	
117	77	127	238	28	134	79	112	197	128	250	66	115	217	181	112	120	228	60	234	201	163	17	172	243	239	162	16	61	187	112	32	
133	56	159	241	165	238	105	82	254	177	66	80	149	147	97	105	224	61	58	216	19	216	19	64	205	152	139	68	136	1	33	162	
3	189	187	210	244	252	189	55	254	77	94	36	188	182	246	108	167	59	51	25	147	152	178	245	109	63	62	194	136	66	133	255	
228	89	113	92	77	77	199	121	209	74	245	74	114	217	52	167	88	248	54	106	73	103	250	137	83	250	65	58	87	187	86	162	
9	159	99	69	82	174	171	55	60	65	106	198	121	39	144	116	54	47	18	172	241	152	53	79	36	46	34	64	111	198	161	248	
2	29	178	217	215	231	186	71	30	9	88	35	172	190	36	64	253	59	147	145	18	152	16	255	45	54	158	195	144	76	165	155	
80	205	91	236	18	192	31	230	141	64	236	130	61	55	32	112	102	243	27	194	65	137	32	125	243	173	14	9	49	208	165	58	
99	140	7	188	93	246	234	103	212	73	202	3	112	248	52	240	200	163	18	141	63	139	22	255	57	62	154	8	25	68	120	206	
26	149	18	168	151	197	16	111	15	5	201	23	174	222	42	196	250	155	147	1	94	10	18	213	187	245	26	75	18	12	173	222	
2	189	178	153	183	164	186	71	30	9	88	35	172	158	32	64	247	59	147	145	146	152	2	255	45	54	158	202	144	4	165	155	
155	90	195	191	86	155	250	88	31	98	83	231	61	15	179	200	62	169	151	199	135	188	13	251	86	111	186	128	127	175	41	217	
33	206	78	205	36	139	111	246	68	64	126	230	179	65	178	112	90	160	22	110	201	188	68	63	230	175	160	128	125	154	112	169	
41	181	25	73	244	223	229	119	72	105	124	72	146	52	148	164	152	26	2	40	83	186	112	21	37	141	32	100	81	10	199	249	
27	199	66	172	18	163	110	246	53	98	254	231	125	167	186	208	126	237	151	238	237	147	4	255	242	239	170	132	63	214	42	153	
33	171	123	74	244	140	107	95	107	9	124	72	63	147	244	116	182	138	6	92	147	58	168	93	126	188	36	108	210	138	227	169	
83	199	99	132	20	146	111	246	101	96	218	230	81	134	185	244	126	239	30	239	205	155	37	253	176	108	170	132	45	151	49	125	
107	46	211	224	240	32	185	66	40	129	248	234	28	190	213	152	255	191	23	157	147	58	128	194	92	29	186	168	141	225	43	161	
59	203	67	12	70	131	206	253	85	72	218	226	104	136	180	228	126	236	54	239	205	190	5	255	52	46	228	136	127	190	120	141	
56	197	98	225	212	18	239	247	69	64	254	2	25	41	188	100	122	206	23	232	248	187	37	238	122	237	166	196	39	222	240	232	
158	20	44	157	167	115	189	67	28	87	85	151	237	110	183	109	111	187	151	165	176	212	55	220	213	83	218	131	150	124	173	246	
154	20	188	189	163	114	61	15	29	87	68	179	220	118	162	251	231	179	183	129	181	220	119	200	199	115	222	131	150	117	165	247	
2	153	82	145	246	169	184	103	30	1	80	178	172	158	116	72	255	59	147	145	18	184	0	247	12	20	26	226	149	8	17	137	
22	105	243	225	87	238	234	210	233	172	58	3	9	139	85	14	42	237	87	211	128	240	148	232	23	221	143	161	231	243	119	142	
137	31	106	233	214	147	255	242	68	76	92	166	57	13	179	96	126	42	19	239	244	186	36	191	110	77	170	193	119	143	120	201	
39	202	105	136	124	117	235	200	78	92	85	70	80	204	255	105	249	73	18	255	135	39	46	245	29	8	163	236	221	155	117	245	
2	140	98	137	116	163	168	203	28	17	88	2	8	170	52	73	107	9	19	145	146	186	5	212	28	56	218	196	213	12	113	136	
2	132	66	136	84	160	168	107	148	3	90	18	12	234	56	64	123	137	19	161	18	191	2	199	20	36	138	204	149	9	177	128	
42	225	114	192	125	147	186	228	204	8	244	10	8	136	126	4	248	137	147	243	194	187	0	252	60	89	138	237	87	31	122	137	
183	107	241	200	206	23	206	220	71	250	180	78	0	72	247	174	254	201	22	255	207	103	109	248	62	24	143	190	127	191	120	197	
34	184	184	185	233	237	184	79	155	55	112	25	172	159	68	8	143	27	243	17	22	126	210	243	79	86	91	107	208	76	143	202	
56	9	106	44	19	91	82	97	101	100	246	175	43	13	54	144	248	164	197	101	76	187	20	140	243	233	0	19	103	174	110	90	
2	160	152	177	197	237	176	207	62	55	80	17	172	155	72	8	185	27	131	17	18	92	91	243	205	150	31	103	144	72	133	138	
78	23	223	181	174	96	188	7	172	215	219	183	204	47	15	202	103	55	187	145	20	217	131	192	78	39	254	131	167	244	189	83	
51	0	102	237	110	22	88	88	69	72	246	131	27	29	180	104	238	156	55	172	136	178	101	208	87	249	130	134	119	140	112	213	
39	83	111	202	236	93	199	216	215	88	181	230	83	220	189	108	92	208	30	127	207	35	62	144	51	90	37	222	223	255	244	117	
231	80	111	202	220	212	235	216	205	88	241	231	210	220	191	108	93	208	31	247	175	39	126	247	55	62	170	222	253	191	244	245	
142	48	160	179	103	117	185	88	31	255	85	183	140	158	122	11	254	25	151	215	146	86	186	192	71	81	219	239	150	45	53	247	
3	17	234	221	36	146	40	119	60	1	86	178	57	150	168	96	126	59	151	128	208	152	36	201	70	35	186	128	20	200	177	185	
58	121	98	44	95	223	86	97	129	172	188	175	111	221	38	144	188	177	213	99	76	43	16	157	243	193	33	187	115	46	94	91	
59	201	88	202	91	153	26	228	207	0	228	170	40	218	166	244	102	177	154	194	198	11	126	253	50	125	0	27	63	159	72	14	
18	221	115	205	50	194	31	167	13	64	78	162	61	55	165	100	102	123	149	224	105	152	48	255	225	164	134	130	61	208	36	57	
156	26	158	253	146	226	49	83	156	133	71	179	29	247	33	73	118	63	171	16	50	221	0	234	217	231	122	65	178	169	37	35	
52	1	91	200	84	99	67	88	71	128	236	10	19	209	33	112	88	184	18	248	11	178	112	28	89	140	129	104	177	235	116	160	
27	254	162	158	247	212	190	199	158	79	216	167	44	206	62	224	237	123	147	199	198	15	42	243	51	117	158	235	23	30	189	223	
130	178	46	177	162	195	185	71	62	55	23	179	141	159	90	8	167	25	187	145	18	220	3	210	205	3	255	231	132	4	181	227	
56	217	120	236	124	199	95	248	131	172	188	42	123	223	163	48	94	241	151	98	72	35	42	61	115	137	37	189	119	186	78	235	
2	158	18	153	114	185	184	107	30	69	89	247	172	174	166	196	167	59	163	133	182	156	7	247	12	22	26	227	156	12	13	221	
15	242	146	232	107	181	185	83	138	13	93	42	156	155	226	172	238	25	151	153	19	18	162	208	93	221	186	234	150	6	171	163	
18	73	66	206	84	130	238	100	141	0	251	2	40	234	52	64	122	173	31	195	72	147	0	233	176	172	138	136	53	58	112	136	
120	64	250	236	100	92	249	88	105	14	127	2	27	29	126	122	248	157	53	140	204	54	177	193	87	237	242	9	101	186	118	106	
2	143	39	153	251	209	184	103	142	29	89	179	140	174	36	196	227	59	171	17	86	25	2	213	45	52	154	199	146	4	173	135	
66	232	142	186	11	192	48	192	143	29	2	35	172	215	98	66	224	123	187	209	66	73	138	245	217	50	222	203	16	6	53	75	
26	191	42	184	189	225	17	71	134	13	158	39	172	143	34	64	200	51	143	145	26	139	34	149	233	213	190	219	144	12	181	123	
82	130	142	189	58	2	24	96	54	13	194	167	165	174	34	64	246	53	173	133	12	201	129	77	216	231	186	129	164	0	45	91	
50	153	50	154	95	213	146	196	135	9	217	35	44	220	45	196	252	187	147	209	10	43	26	253	49	4	138	11	51	31	53	223	
34	232	98	138	84	131	170	224	84	2	113	2	40	138	117	64	120	137	19	227	194	178	8	253	20	12	154	236	21	11	113	136	
41	5	123	76	84	207	247	119	196	128	126	2	115	253	52	32	120	250	18	106	64	187	48	46	115	141	36	0	119	138	240	170	
61	251	164	173	60	15	195	248	71	252	144	239	227	73	154	6	88	192	111	111	204	106	95	189	200	24	229	188	125	174	80	201	
58	133	96	225	182	146	124	55	25	1	62	146	9	47	180	64	111	131	21	137	248	152	37	198	174	223	158	192	39	140	240	9	
186	241	98	200	117	147	207	228	201	204	244	14	8	200	54	4	248	233	151	227	201	163	20	254	50	28	134	251	127	30	250	157	
67	17	83	151	50	140	169	55	60	73	90	198	188	190	180	224	54	47	55	141	213	152	53	205	38	62	58	128	14	132	161	125	
176	121	122	76	93	159	211	80	205	204	252	12	50	153	55	52	200	184	214	72	200	183	48	220	83	249	1	19	91	170	110	222	
253	73	95	238	12	6	71	112	224	128	243	74	83	243	161	115	120	228	108	106	73	163	216	44	241	233	227	24	45	187	114	32	
2	157	50	155	237	133	190	231	140	24	88	34	172	254	96	3	239	123	147	129	210	58	10	247	45	16	222	234	20	78	177	219	
6	143	35	139	247	195	187	229	14	69	89	163	236	236	62	0	250	107	147	85	18	184	44	253	45	20	142	195	213	14	245	222	
50	21	112	225	244	173	248	83	125	73	122	51	10	29	180	120	255	155	151	149	154	184	64	214	30	220	146	194	247	204	112	223	
156	8	159	248	146	234	51	67	188	141	102	50	159	151	32	72	99	49	175	16	48	157	0	110	201	231	58	65	160	8	37	35	
58	4	98	232	119	43	200	90	85	33	120	10	11	9	52	16	122	137	23	177	152	186	68	222	83	221	144	193	247	136	114	130	
130	158	27	155	114	161	184	66	30	69	82	247	172	142	34	72	231	59	19	149	183	156	6	247	4	38	58	194	156	8	37	221	
169	203	112	77	108	25	230	248	91	56	112	110	50	200	254	165	218	74	38	111	199	50	238	177	38	89	97	188	95	191	90	141	
186	157	18	184	155	213	18	99	143	13	200	17	174	158	34	208	232	187	135	1	126	139	18	215	185	245	26	75	18	12	173	198	
137	143	106	223	54	178	175	55	84	74	94	114	241	33	176	97	126	58	18	168	225	188	37	191	102	43	178	128	63	136	112	169	
51	5	70	12	93	179	202	105	69	64	223	206	99	72	183	197	120	160	2	237	173	179	85	157	58	8	129	76	127	142	120	4	
9	20	232	209	118	188	249	18	87	73	126	182	153	29	182	108	127	26	151	156	151	184	37	198	78	79	178	192	231	204	116	241	
43	197	98	77	245	147	238	247	84	70	94	150	89	108	182	164	127	42	147	175	245	184	37	159	110	79	175	128	127	254	248	253	
0	164	152	177	149	237	48	207	30	63	8	17	172	147	72	8	137	27	11	16	18	124	91	211	205	151	27	103	144	72	133	138	
22	123	122	224	84	205	235	208	237	172	50	35	41	155	119	8	170	233	23	211	12	185	0	232	155	216	171	163	101	51	103	203	
2	157	114	153	246	161	184	103	30	1	88	34	172	142	52	64	191	59	147	17	146	184	0	215	44	28	154	226	148	8	161	153	
10	159	60	185	186	233	177	7	142	93	92	183	172	189	34	64	199	59	159	17	182	8	70	215	238	85	58	203	148	76	157	219	
59	135	96	13	53	147	78	125	71	96	92	199	107	64	190	228	92	138	150	236	207	154	109	157	166	125	165	164	63	206	248	220	
83	15	103	140	22	18	111	112	229	64	218	230	121	38	177	244	126	231	94	239	201	155	36	253	176	40	170	128	45	183	50	124	
19	15	107	207	22	163	235	112	108	64	223	230	113	110	183	100	126	168	23	175	137	179	45	223	240	12	170	128	61	170	49	224	
137	29	107	221	180	178	175	119	84	66	94	242	249	117	176	97	127	58	19	168	241	156	37	255	102	47	186	192	55	200	113	249	
43	38	105	201	118	179	249	91	74	65	124	202	25	13	150	32	126	185	23	173	145	178	100	222	86	77	170	232	191	142	82	225	
25	77	106	69	86	147	255	116	96	200	126	130	57	77	151	112	126	168	23	238	201	176	36	222	119	109	162	128	39	179	114	225	
170	216	98	154	95	193	178	198	158	85	80	171	168	156	55	128	205	187	147	209	38	62	82	255	29	118	154	235	85	29	63	222	
2	140	157	249	189	237	56	15	158	21	72	16	188	187	32	64	201	59	11	16	50	136	83	215	205	151	154	107	144	72	133	170	
35	131	66	12	127	147	174	109	85	64	244	226	104	200	182	228	126	170	146	239	213	187	6	223	50	62	130	139	127	142	248	141	
250	75	123	236	75	192	31	117	128	132	228	131	61	199	35	83	102	241	179	226	64	135	162	238	243	225	206	9	55	178	36	234	
113	73	95	238	28	134	79	240	197	128	250	66	115	89	49	112	120	228	14	106	73	163	81	44	241	239	160	16	117	187	112	40	
47	59	120	99	242	223	219	180	13	77	60	173	29	29	247	48	134	59	149	125	151	152	36	188	106	221	44	226	255	135	135	253	
62	12	194	222	23	243	90	66	149	6	221	163	97	238	183	236	120	184	147	130	44	147	44	222	18	71	138	131	183	239	60	70	
155	90	202	239	18	146	122	80	53	64	86	231	121	143	179	64	126	237	151	238	171	148	5	239	210	239	186	128	63	143	41	153	
41	151	64	141	245	31	238	127	69	104	92	70	187	32	186	228	92	10	22	45	221	184	117	159	38	93	160	164	126	206	216	253	
74	249	190	215	147	212	189	7	170	133	142	1	188	191	100	194	230	119	249	144	64	201	178	224	111	245	30	67	130	0	173	90	
2	218	132	157	122	144	184	206	158	29	64	231	172	138	34	76	230	43	171	69	6	28	135	245	6	50	218	139	28	4	61	207	
55	25	27	161	180	207	99	192	5	236	179	110	18	28	229	112	252	189	6	243	25	179	105	244	153	148	163	246	113	43	116	113	
81	157	55	221	211	206	49	55	125	73	106	86	60	191	36	116	167	55	48	128	51	153	48	223	189	190	26	66	9	0	161	59	
59	91	98	79	21	150	78	244	69	72	222	198	43	12	183	228	92	232	22	238	205	154	117	253	50	124	132	130	63	159	120	92	
43	54	219	225	247	230	233	86	121	193	124	198	61	171	87	152	126	175	23	153	147	186	148	202	76	221	186	128	239	194	107	185	
50	221	98	234	52	211	222	117	69	68	249	166	43	76	182	64	254	169	151	227	204	171	32	253	178	201	174	195	117	158	244	215	
182	149	20	170	239	237	148	207	143	55	185	27	78	222	108	128	201	155	131	35	114	39	90	215	177	144	11	127	80	78	141	146	
162	114	147	86	109	65	228	71	89	139	112	122	32	152	229	175	232	186	166	145	226	126	130	200	54	24	212	171	65	88	246	143	
58	217	106	170	54	131	222	117	5	64	248	167	59	93	54	64	254	169	151	231	200	171	0	253	242	233	162	208	117	138	240	89	
117	73	111	100	20	6	79	240	225	128	255	66	83	75	177	114	120	228	125	238	201	179	173	108	242	168	163	128	109	179	112	32	
35	177	176	67	244	159	224	87	95	105	121	86	146	152	244	96	185	10	22	29	151	184	21	213	44	28	52	198	221	10	209	149	
40	201	120	110	118	201	223	240	70	164	124	42	49	213	164	48	26	184	3	74	64	58	40	61	119	141	37	41	113	170	70	234	
183	89	101	136	236	5	207	204	142	216	144	199	80	204	255	106	253	193	31	247	207	39	62	240	176	24	175	188	157	127	241	220	
203	203	238	179	238	144	189	167	143	87	22	183	141	174	194	203	231	71	187	213	246	216	167	224	44	115	222	199	132	212	189	220	
202	219	38	184	187	128	20	183	157	93	210	245	172	140	34	193	198	51	191	85	246	137	2	245	170	115	126	219	28	12	189	91	
55	213	99	138	172	39	207	249	71	218	185	231	83	252	253	101	223	218	23	255	221	35	111	152	186	88	167	158	253	255	240	85	
61	54	202	161	244	187	235	82	85	197	126	166	27	140	227	184	124	170	134	188	139	178	36	202	94	205	162	96	239	203	122	249	
35	241	113	75	118	221	234	124	87	64	93	74	48	220	188	164	30	56	18	107	199	186	124	253	39	28	0	42	127	142	80	252	
130	28	55	92	51	242	49	103	189	67	66	176	60	159	36	117	230	51	155	128	51	141	34	223	3	114	154	195	18	4	37	127	
50	73	98	236	86	130	222	117	129	0	210	130	41	207	53	64	110	233	23	195	200	187	4	237	178	236	138	128	39	190	240	136	
41	120	209	78	85	199	195	88	87	136	121	74	50	209	165	164	216	184	18	74	75	182	120	155	55	220	1	40	91	186	114	165	
90	135	22	181	147	34	56	167	189	61	154	183	13	47	42	199	231	151	189	165	52	217	1	213	248	242	218	199	170	4	169	27	
142	218	182	155	173	210	189	166	159	87	86	183	236	174	250	207	199	83	183	215	246	220	47	225	206	115	222	199	150	221	189	127	
188	207	61	254	57	143	95	248	151	60	229	129	231	231	40	81	93	210	79	106	106	65	123	61	249	242	207	60	50	179	132	98	
41	202	67	239	100	139	111	244	68	72	126	196	179	1	176	112	90	168	22	78	201	184	36	63	100	173	34	128	126	154	112	169	
2	157	50	139	151	167	186	199	14	9	88	35	172	158	36	64	244	59	147	145	18	152	16	255	45	52	158	195	152	14	169	155	
186	125	106	252	87	211	127	244	17	196	116	175	59	157	51	49	106	248	147	227	232	190	52	190	115	233	164	169	103	156	254	250	
168	149	90	253	117	220	119	119	181	13	255	16	59	191	32	81	216	187	135	8	122	184	80	31	103	253	48	65	114	136	236	154	
55	231	97	132	237	23	206	253	73	234	185	207	75	108	255	39	217	194	23	231	221	99	253	202	58	92	197	190	127	254	248	220	
6	58	154	148	85	244	186	210	169	204	84	103	172	198	99	78	226	105	130	210	6	219	178	232	19	85	138	11	138	101	47	223	
26	186	166	188	83	146	57	113	151	143	84	247	108	231	168	196	119	123	183	129	34	223	130	207	24	102	251	139	167	36	45	187	
22	58	94	149	98	194	186	66	188	192	82	227	60	150	165	200	38	125	191	211	1	221	134	104	16	32	107	131	45	161	45	145	
111	235	2	138	93	153	170	200	203	60	153	207	40	200	126	134	200	104	234	215	198	43	206	245	30	24	137	255	31	15	88	140	
19	141	99	69	82	222	111	55	49	64	110	130	121	39	144	244	54	174	16	236	209	152	53	207	37	108	2	128	47	198	161	252	
88	72	183	124	13	124	69	7	228	38	170	8	187	191	33	122	193	246	104	8	9	43	179	1	145	255	80	24	64	120	100	42	
58	65	99	225	101	31	248	80	69	96	247	3	27	29	52	96	110	156	31	204	136	179	117	128	87	249	130	146	119	142	112	134	
3	181	187	211	246	252	189	87	238	73	95	116	252	246	254	100	182	59	19	29	147	152	178	215	45	60	26	202	140	66	163	253	
2	188	184	185	233	237	176	71	30	55	104	25	172	191	68	8	143	27	211	17	18	124	210	211	77	22	26	107	208	76	135	138	
2	219	70	153	114	147	188	103	158	21	90	247	44	142	166	196	102	43	167	133	214	152	7	213	46	34	190	195	61	132	173	221	
218	219	46	184	173	192	20	231	133	93	214	167	44	143	34	65	224	35	173	69	78	11	2	245	251	241	254	219	18	28	189	91	
187	205	98	227	212	18	238	247	85	64	222	2	57	43	180	100	127	206	23	234	252	187	45	239	122	207	166	196	39	158	240	232	
177	187	249	101	214	15	207	119	80	232	124	78	51	57	212	48	92	190	20	204	217	186	244	10	127	141	165	184	109	168	210	169	
6	221	50	218	125	149	158	197	143	25	93	34	172	252	46	0	222	123	147	67	214	43	10	247	35	28	14	235	22	95	185	151	
138	153	34	154	235	144	191	231	158	93	84	183	172	190	54	64	207	91	147	199	214	10	46	247	40	53	158	234	22	20	181	223	
138	145	162	221	151	180	188	119	60	9	86	178	44	46	176	96	110	27	151	129	210	152	33	199	71	103	186	192	6	68	181	153	
59	233	122	200	87	209	95	229	199	69	236	11	42	200	62	4	248	171	130	196	78	43	52	253	59	93	132	123	119	158	236	206	
17	217	57	250	48	133	83	245	239	9	116	68	190	211	40	112	228	59	30	88	211	24	56	125	249	217	38	234	24	130	161	41	
50	233	105	40	95	193	219	109	3	100	244	139	42	205	118	16	250	169	135	245	78	58	104	253	123	73	133	251	119	142	246	218	
1	58	187	105	114	172	57	86	63	13	115	244	188	151	224	80	166	57	23	148	147	152	177	87	78	189	58	200	232	128	33	251	
210	48	18	232	11	193	17	72	169	4	165	41	172	223	101	80	230	177	203	176	2	7	130	213	209	209	11	59	16	4	39	67	
93	215	99	170	166	22	222	253	35	218	184	231	89	206	255	81	255	195	157	247	221	3	62	216	250	233	175	140	61	246	241	91	
34	251	59	26	122	193	179	230	138	85	56	171	44	220	102	16	170	187	195	195	70	43	34	117	121	4	62	235	85	26	103	203	
2	150	98	153	246	243	184	71	30	79	90	179	172	142	166	72	255	27	151	145	182	158	36	215	30	22	186	199	149	76	181	223	
88	159	245	109	174	122	69	47	108	14	122	96	191	60	128	246	243	86	108	32	209	169	225	13	165	231	102	19	116	122	197	45	
99	34	67	72	123	145	232	72	105	72	241	234	40	202	253	180	126	185	150	168	199	51	164	213	22	88	130	171	95	134	106	181	
82	90	130	190	43	192	22	214	175	76	218	231	44	206	35	208	230	241	175	199	206	15	130	253	176	52	154	155	28	20	61	91	
74	201	164	179	173	208	189	167	175	87	6	147	173	174	82	75	227	71	251	149	86	88	239	225	239	115	222	197	134	148	189	94	
138	18	114	209	114	152	184	82	61	13	114	247	172	14	166	205	102	57	135	129	160	188	36	197	20	114	58	195	103	132	39	229	
2	157	18	159	125	133	186	97	140	25	89	34	172	254	48	1	207	59	147	131	114	58	10	255	45	16	202	234	20	14	177	155	
61	151	225	236	188	7	78	249	84	232	153	239	83	124	188	96	223	196	21	239	189	51	109	142	250	207	165	180	189	239	112	209	
158	58	187	158	91	212	187	64	172	204	212	7	44	222	103	136	236	121	147	211	7	207	178	232	155	209	138	139	136	37	45	215	
19	4	107	205	22	51	235	123	68	64	223	198	113	111	183	100	126	160	31	173	137	177	37	222	240	45	170	192	61	170	113	224	
54	141	96	136	223	91	198	233	75	101	189	171	66	72	254	132	121	128	215	119	222	43	109	159	62	12	133	255	119	14	220	198	
2	185	18	139	183	133	186	197	14	13	89	35	172	158	34	64	246	59	147	209	18	152	8	245	45	20	158	203	148	14	165	203	
41	217	115	75	87	223	227	252	68	105	121	98	121	220	188	164	56	184	22	234	195	186	60	191	109	141	33	96	119	138	68	169	
56	141	18	252	113	204	116	103	181	15	126	17	63	191	34	208	200	187	135	0	126	186	0	159	227	247	50	3	82	12	236	219	
43	191	98	130	245	181	174	247	79	105	92	78	40	200	246	164	188	42	18	223	151	186	60	247	62	92	142	234	95	15	251	205	
162	148	16	136	239	65	180	239	143	55	185	187	12	254	46	65	235	19	139	33	114	43	10	211	181	20	30	127	212	76	133	210	
50	73	66	222	212	130	238	229	133	0	216	2	40	202	53	64	108	233	23	195	72	171	0	237	176	172	142	136	53	186	240	136	
211	13	111	206	6	18	111	113	101	192	223	198	113	230	183	119	126	228	60	239	233	147	165	204	176	40	234	128	45	162	114	116	
14	200	180	183	173	212	184	167	143	223	22	131	236	238	119	207	199	115	191	149	134	77	171	241	207	115	223	203	146	108	61	95	
47	143	192	137	213	187	235	91	22	101	92	143	137	36	178	164	93	42	146	157	151	154	101	159	14	71	171	229	191	207	88	244	
0	141	28	249	157	237	56	7	158	25	72	16	188	179	32	64	193	59	27	16	50	8	83	213	205	150	26	91	144	72	133	10	
186	204	98	230	84	146	234	246	85	2	214	18	105	43	180	100	123	206	23	235	232	191	37	255	122	239	182	196	55	140	112	136	
113	73	95	236	28	6	71	252	196	128	250	66	115	89	49	112	88	224	12	106	73	163	81	45	241	173	160	16	53	187	112	40	
55	181	97	164	188	7	207	253	65	232	185	239	83	108	220	34	220	199	21	231	253	43	109	142	184	204	175	188	125	126	240	213	
95	31	71	174	82	50	106	113	36	192	251	231	121	110	178	240	126	165	30	239	189	145	37	76	178	239	170	128	45	166	41	81	
41	219	115	201	116	133	239	245	76	72	124	102	189	81	180	36	94	58	22	110	195	184	32	255	100	156	162	192	95	138	225	169	
131	90	138	157	50	128	184	198	30	77	66	247	172	130	51	72	230	107	163	213	166	156	7	127	68	38	186	128	156	21	41	217	
18	157	18	188	59	209	20	103	173	13	216	35	174	190	38	212	226	59	143	1	86	11	2	215	177	116	26	203	16	4	173	79	
67	222	133	157	75	128	44	55	175	83	90	231	172	166	176	231	103	103	187	141	197	92	135	249	36	54	222	130	62	116	161	93	
144	56	30	161	38	207	177	64	172	164	162	9	183	151	99	0	162	49	73	64	64	133	48	28	209	193	43	115	80	10	5	194	
0	164	152	177	181	237	48	79	30	59	24	16	134	179	72	8	201	27	14	16	18	124	67	211	205	150	27	103	144	72	133	138	
31	18	75	233	22	178	106	80	53	192	87	247	89	79	177	200	118	173	151	188	173	149	5	206	210	175	170	128	189	163	41	17	
121	16	168	238	69	116	233	89	83	75	117	26	122	55	126	248	121	140	182	142	25	54	250	211	87	239	210	40	123	10	122	242	
7	94	131	155	54	183	171	210	94	74	90	230	156	196	181	236	119	40	18	29	163	148	37	254	12	46	170	192	156	31	49	245	
204	218	63	241	116	207	177	80	174	124	23	119	157	151	32	75	38	21	79	242	161	117	40	213	213	193	107	196	18	169	5	243	
17	223	27	253	84	198	100	119	228	8	122	102	49	137	48	64	232	170	6	192	69	184	16	173	36	237	178	0	57	152	240	152	
62	26	226	158	87	243	147	66	151	79	221	163	96	252	167	76	120	187	135	147	14	131	46	251	82	103	138	139	183	111	124	214	
2	133	18	137	247	133	188	103	60	9	88	2	172	138	48	64	255	59	19	145	82	184	0	223	45	20	158	194	148	8	161	137	
34	248	34	154	95	201	176	198	159	85	80	171	172	220	55	141	237	59	147	209	38	62	18	245	21	80	154	171	23	29	63	222	
6	221	112	219	255	153	190	229	159	21	25	162	172	220	126	0	223	123	147	83	214	40	46	247	46	28	159	235	85	30	149	207	
9	219	51	234	116	133	111	244	68	72	120	68	191	211	160	112	246	41	22	110	195	184	40	189	229	221	34	200	122	154	225	169	
57	54	234	229	84	247	235	83	84	205	125	134	59	173	179	32	126	168	150	188	139	178	52	142	70	205	162	128	239	206	116	249	
186	93	98	236	182	242	79	55	85	66	254	150	123	109	181	224	126	250	23	234	233	190	53	175	178	239	166	128	63	248	240	57	
26	95	74	190	114	176	190	118	177	78	94	231	45	174	179	192	110	239	149	199	196	153	132	235	242	101	170	131	47	247	187	219	
168	160	56	120	108	237	113	16	235	29	37	24	158	149	74	59	128	24	67	24	18	108	242	17	71	217	80	105	210	129	71	226	
59	221	102	138	221	151	222	229	205	64	252	11	42	220	54	160	202	162	151	231	204	171	48	253	51	25	142	187	87	30	248	222	
49	69	71	204	22	131	74	120	213	0	219	198	115	65	181	229	120	164	30	238	169	179	5	156	48	40	163	0	55	170	112	36	
210	34	30	185	43	225	185	67	174	21	146	179	140	135	98	75	230	25	235	145	50	15	131	208	212	113	154	235	20	4	37	203	
41	203	67	75	116	155	239	245	85	64	126	198	187	1	180	228	122	170	22	206	195	184	101	255	38	124	162	192	127	142	248	188	
43	185	114	226	247	149	223	181	9	72	60	173	61	31	183	52	134	59	149	253	215	8	36	253	107	217	172	234	87	150	199	127	
254	92	102	206	109	210	222	96	201	198	245	167	104	204	55	199	238	241	159	227	204	39	50	236	51	121	202	155	55	191	124	215	
35	187	226	131	244	175	234	83	79	105	89	103	144	136	244	132	222	42	23	29	151	184	20	240	12	28	178	226	220	143	217	149	
2	172	152	185	219	233	176	71	158	21	72	17	172	191	64	8	139	59	147	17	18	120	210	243	13	20	26	107	208	72	135	138	
55	5	66	8	221	247	226	75	69	236	253	14	98	200	182	164	120	170	2	173	157	179	53	157	50	76	129	17	255	78	120	212	
90	219	34	190	163	128	20	247	141	78	210	231	44	143	34	64	230	59	175	193	206	139	2	255	242	118	190	139	28	20	189	91	
58	205	102	234	221	149	223	101	141	12	220	3	43	76	54	96	236	179	159	231	200	171	0	253	49	89	142	153	87	30	248	221	
22	18	203	177	114	162	184	81	60	5	83	247	77	199	160	72	54	61	183	149	145	149	13	68	20	38	171	196	173	162	37	241	
218	141	51	252	83	192	57	103	176	12	124	179	45	167	32	193	98	187	131	128	112	143	162	223	243	231	186	137	51	4	37	251	
59	157	98	77	149	151	222	247	69	74	254	162	105	60	182	164	124	234	151	239	237	186	37	255	35	127	134	130	119	254	240	205	
226	183	246	158	111	56	178	104	201	25	121	255	204	248	190	131	222	91	163	35	148	99	206	193	6	56	66	235	77	111	248	135	
110	233	85	200	249	217	78	238	175	121	172	104	170	183	192	182	77	210	206	218	91	75	107	245	63	210	133	127	146	149	134	61	
27	159	35	169	50	178	187	55	52	69	94	231	189	39	178	228	118	43	159	173	147	152	37	223	236	239	170	192	62	134	169	249	
50	0	99	225	69	12	248	80	69	32	243	66	11	25	52	98	232	148	95	201	200	179	81	192	23	248	130	18	103	139	112	130	
9	161	209	97	180	188	232	3	110	1	122	96	159	26	148	224	151	27	150	24	147	184	101	193	142	253	58	64	197	130	201	169	
2	141	2	153	148	162	168	103	28	1	90	18	172	42	48	64	123	47	19	145	18	152	1	215	12	38	154	192	148	72	177	136	
97	128	185	108	45	108	65	47	98	75	238	8	179	53	64	112	193	148	108	8	9	42	243	19	195	255	48	56	80	72	68	42	
167	106	242	26	95	149	186	64	223	206	113	15	40	200	55	141	236	169	130	215	166	39	46	253	23	24	138	171	85	31	111	199	
43	191	35	74	245	245	243	247	71	77	124	101	184	221	246	36	220	58	151	28	151	186	32	255	111	93	160	235	223	142	244	255	
58	249	105	232	95	199	151	116	132	96	252	171	57	221	54	16	236	185	147	195	75	186	112	189	123	197	137	235	117	14	118	251	
2	159	40	155	250	193	191	247	158	85	92	167	172	174	114	64	239	91	151	197	210	8	62	245	172	20	158	234	20	4	173	217	
218	155	86	181	163	130	60	55	61	3	194	231	44	35	162	213	102	135	191	132	117	153	1	239	180	118	90	130	62	132	169	25	
3	149	123	205	54	212	169	55	124	77	94	2	189	183	182	100	54	59	27	137	211	153	52	207	101	45	186	192	4	128	229	105	
51	77	99	196	84	18	239	118	85	192	222	198	57	140	183	164	126	172	22	239	233	179	36	238	52	108	170	128	103	190	112	252	
91	23	67	140	87	18	44	119	21	224	218	231	41	46	178	196	126	175	151	165	253	154	5	206	62	103	170	128	47	228	184	93	
50	65	115	225	69	77	240	64	101	0	243	2	11	25	52	0	232	144	95	192	72	179	81	192	151	216	130	3	103	139	112	130	
186	78	202	164	99	178	94	70	1	134	222	163	45	143	163	84	110	237	149	199	76	151	128	234	242	229	138	131	47	252	56	154	
235	249	80	64	91	157	182	230	207	49	164	44	168	154	198	180	142	243	250	80	215	43	246	247	62	92	5	127	91	28	202	142	
183	74	70	158	92	147	66	96	197	8	211	66	96	192	181	228	88	160	14	238	236	135	14	191	50	38	163	153	61	47	120	4	
29	14	239	79	38	82	239	112	85	198	95	167	73	44	183	100	126	236	182	239	205	180	37	174	102	111	235	129	119	175	124	245	
2	140	18	159	126	161	186	226	158	19	89	18	172	234	48	64	239	107	19	131	50	24	10	255	44	20	138	234	20	11	33	137	
203	91	43	213	100	156	237	54	232	206	86	70	185	157	179	101	38	110	23	77	225	189	180	236	103	121	182	128	14	148	81	249	
231	82	227	28	108	48	170	72	217	90	209	230	72	200	189	239	254	205	55	231	133	118	174	192	20	56	203	142	93	53	115	213	
80	27	248	77	178	10	189	55	45	172	254	231	239	39	134	84	54	183	237	8	208	184	193	77	244	172	38	128	111	226	143	57	
222	76	86	220	3	210	62	96	181	134	198	18	105	195	35	239	98	245	185	234	108	199	52	238	147	235	202	3	39	181	45	196	
23	18	243	193	50	34	105	80	125	132	83	246	93	194	189	104	118	189	31	186	129	149	37	200	144	172	162	132	45	163	37	117	
49	213	1	164	52	7	206	253	65	232	184	238	83	60	144	160	220	197	93	237	217	171	69	143	184	204	173	180	109	186	208	121	
74	168	180	156	45	212	184	3	143	157	12	1	172	238	118	206	193	51	251	21	6	73	162	209	143	83	223	187	146	12	29	78	
246	90	236	158	126	153	186	200	155	52	145	239	108	204	63	10	191	209	231	119	166	39	14	255	22	54	9	255	213	63	93	199	
10	157	32	233	151	132	190	247	29	17	74	19	140	62	48	64	239	91	27	213	210	152	17	247	47	127	158	68	20	20	177	154	
43	249	112	234	246	149	222	181	9	72	124	163	61	31	182	32	150	123	149	255	214	56	44	253	106	221	172	202	119	150	195	251	
89	159	109	173	178	42	107	55	44	65	94	231	189	39	146	96	38	7	29	173	209	152	37	79	228	175	170	192	45	192	161	121	
2	142	24	143	110	169	186	232	142	55	89	243	236	174	106	67	239	91	131	135	22	31	10	241	28	16	218	175	21	11	5	139	
178	205	98	206	212	130	206	231	133	2	216	2	40	234	52	64	108	227	23	227	248	171	0	239	50	44	142	136	53	250	240	136	
151	95	66	172	182	146	174	244	173	72	218	231	109	202	191	197	126	233	159	231	229	131	4	236	178	112	174	138	45	247	57	85	
63	175	98	8	223	211	134	239	87	96	200	239	72	236	190	132	121	138	130	229	255	59	76	223	56	6	141	127	127	76	248	212	
43	182	233	203	246	185	187	91	94	97	93	246	153	76	222	164	95	27	151	157	151	176	109	211	78	93	186	236	223	206	209	245	
67	202	199	157	67	144	173	166	191	83	74	230	172	230	180	230	102	111	179	205	193	88	166	225	36	54	222	138	22	244	161	236	
57	197	123	236	20	6	79	125	69	8	250	66	115	81	176	96	88	236	31	234	201	187	65	29	241	172	164	16	61	186	240	40	
50	175	97	136	246	219	214	239	79	108	184	239	2	12	182	0	186	138	135	117	214	59	108	255	62	4	37	247	85	14	214	223	
34	107	38	158	109	213	186	192	207	92	112	43	44	204	119	137	200	105	131	199	198	43	10	249	23	16	202	171	85	29	127	223	
10	137	21	249	157	197	180	231	158	17	64	18	188	155	32	64	195	59	59	17	82	8	82	245	237	147	30	91	144	8	133	10	
91	7	79	173	118	50	105	115	36	65	90	214	93	46	178	225	118	133	55	173	181	152	37	204	180	235	234	196	173	132	161	117	
74	169	164	179	173	208	253	167	175	21	6	1	173	175	82	70	193	71	249	145	86	72	226	225	207	115	222	105	6	12	149	74	
8	151	20	185	189	237	48	15	30	61	90	112	174	51	32	200	161	27	174	16	18	24	67	213	205	151	58	227	144	8	133	11	
147	78	70	190	6	144	142	246	148	66	210	231	33	138	179	193	110	227	31	207	237	143	6	255	176	34	234	136	61	157	56	93	
57	147	233	229	52	7	74	120	80	232	242	238	83	61	176	224	94	204	21	237	217	186	69	140	248	239	165	212	61	171	80	49	
58	221	102	172	253	211	222	231	205	64	252	3	40	124	54	4	202	243	151	227	200	171	16	255	115	89	142	155	87	126	248	218	
223	27	235	156	70	242	171	82	84	196	86	231	57	172	183	232	126	236	179	197	133	188	183	234	84	39	234	129	189	45	61	252	
75	205	199	157	99	144	44	167	173	64	74	198	172	166	178	230	102	103	187	205	197	152	166	233	52	38	222	138	62	180	169	125	
54	143	98	128	215	243	150	235	79	228	184	171	66	172	182	4	122	142	151	113	92	187	12	190	58	4	141	247	117	78	244	223	
0	65	95	225	100	204	241	64	237	17	115	2	158	152	100	75	232	153	75	209	2	48	18	192	5	152	2	2	80	11	101	162	
11	159	31	137	114	188	184	119	172	73	90	197	188	175	162	192	166	43	19	141	151	152	22	197	6	60	58	192	12	196	169	217	
15	183	115	67	242	159	250	245	109	9	127	228	221	247	172	164	62	58	150	120	211	184	44	255	46	220	36	194	254	135	227	181	
186	223	114	92	115	208	28	103	185	14	244	177	46	159	164	212	198	187	133	192	110	143	2	235	179	245	22	139	82	148	174	159	
24	16	188	169	3	111	121	90	63	127	95	23	223	151	106	72	183	31	191	16	19	144	51	209	199	247	90	199	186	195	13	115	
58	159	18	236	113	204	84	103	173	13	120	33	46	191	36	208	230	59	135	0	76	187	0	205	179	245	50	131	82	4	174	139	
34	249	38	154	109	193	176	196	142	20	80	163	172	220	119	132	206	59	147	195	70	42	18	241	21	16	154	171	87	29	63	223	
158	56	182	154	51	212	187	64	159	204	213	55	44	222	39	109	236	121	159	211	175	207	50	234	211	113	154	203	154	45	45	247	
6	169	112	219	247	217	190	228	31	117	24	3	172	236	126	0	239	123	147	211	210	56	126	247	47	28	143	227	149	31	149	206	
41	203	83	73	245	155	110	247	85	64	124	198	187	1	180	164	122	170	22	108	211	184	36	255	46	93	36	64	127	142	216	172	
174	26	170	158	125	241	147	64	151	204	213	183	96	204	167	76	220	185	135	147	190	135	46	250	18	119	170	139	151	47	52	215	
34	220	107	72	87	213	183	119	85	68	124	135	48	220	190	36	92	184	19	239	211	186	54	255	103	28	128	203	119	158	244	255	
39	31	34	10	125	243	146	73	215	76	253	239	98	236	183	0	220	170	135	37	159	163	46	159	50	92	137	155	223	111	124	215	
2	157	50	155	247	133	190	231	30	1	88	130	172	190	52	0	255	59	147	209	210	184	24	247	45	22	158	194	21	14	161	155	
250	205	99	220	150	82	95	183	17	70	254	146	105	111	180	85	127	247	23	171	249	143	32	239	242	239	174	128	55	252	240	121	
10	42	198	185	98	176	56	7	46	31	90	183	172	142	130	200	231	59	167	149	22	156	195	209	134	115	250	195	150	68	173	219	
247	91	110	14	111	18	254	192	169	206	247	239	72	204	191	223	238	229	247	231	204	39	140	232	50	120	203	143	111	183	122	215	
6	237	18	139	181	193	190	197	14	13	89	3	172	222	106	64	215	59	147	211	82	24	8	245	45	20	142	235	148	30	165	195	
35	54	203	139	95	243	169	74	31	229	93	135	40	140	119	196	125	169	147	149	135	147	52	210	29	20	155	175	149	78	60	220	
15	92	99	219	55	183	171	82	84	200	95	230	249	196	183	228	127	40	146	156	167	180	45	254	6	111	170	128	191	207	57	253	
211	1	107	205	6	18	237	113	116	194	214	198	81	38	182	113	126	172	61	237	249	145	165	204	242	169	234	128	45	160	241	116	
11	90	130	191	18	150	43	214	62	77	70	231	189	198	179	204	118	43	179	221	167	156	39	255	196	103	186	192	190	149	41	221	
238	92	102	222	109	208	154	96	205	198	245	135	104	204	55	199	238	241	183	227	236	39	58	236	19	121	202	139	87	63	124	215	
43	175	98	147	245	177	252	199	95	7	92	183	40	168	254	140	223	43	147	149	182	250	100	247	46	86	158	227	215	220	250	204	
41	22	227	203	118	247	235	88	84	205	125	230	121	197	187	36	127	40	18	188	131	176	36	142	70	15	162	128	247	207	116	241	
237	88	127	88	108	103	65	248	221	126	116	94	80	221	183	121	200	192	54	110	161	119	114	156	87	153	97	140	95	185	112	241	
158	36	98	145	71	243	168	66	63	247	215	147	13	142	127	141	127	157	147	181	36	213	36	208	154	67	219	231	167	69	61	214	
67	133	6	156	203	210	44	103	173	65	198	147	40	174	54	247	96	167	187	141	117	139	166	207	50	54	218	203	6	4	169	78	
34	243	97	169	102	139	167	252	30	100	80	239	161	204	252	128	126	8	7	103	195	56	77	181	44	0	45	164	125	158	213	249	
49	67	73	229	52	11	74	57	68	224	250	238	83	9	145	96	126	140	53	237	201	178	69	12	226	169	161	132	109	138	112	185	
125	81	203	228	198	2	79	120	4	192	223	230	81	247	185	98	126	221	21	235	217	147	53	136	243	237	239	140	47	187	48	177	
34	209	56	202	111	213	188	237	143	28	184	43	172	158	46	0	238	155	151	193	70	43	82	245	53	25	142	187	21	30	189	139	
11	251	176	147	250	157	186	150	143	113	24	231	172	172	214	164	143	75	215	85	151	40	126	243	46	84	30	254	222	158	139	221	
22	17	250	169	147	103	57	89	63	125	95	135	12	191	106	72	55	159	191	145	23	145	49	208	219	197	26	231	181	67	173	115	
194	169	182	156	109	149	176	71	143	21	4	17	172	158	102	206	128	59	251	17	22	73	146	209	151	112	90	123	18	12	157	206	
89	1	239	229	6	18	109	119	96	66	214	214	25	15	146	114	126	132	31	173	217	191	165	200	242	43	250	128	47	160	242	104	
39	22	106	10	124	243	146	72	223	77	253	175	234	252	183	32	222	41	150	53	135	163	110	159	38	93	9	155	221	239	124	215	
43	147	99	89	247	213	189	123	93	72	80	102	56	220	188	164	221	58	151	41	215	184	52	223	47	30	186	226	95	12	244	253	
134	202	146	158	90	129	190	192	158	53	128	171	44	202	97	202	239	241	139	195	2	15	10	245	52	6	139	127	21	57	173	130	
166	30	110	154	125	243	155	80	159	206	213	183	96	204	167	72	204	57	159	151	174	135	110	254	2	55	170	203	151	47	52	247	
178	205	66	142	92	128	206	231	133	2	216	2	40	234	52	64	104	227	23	227	104	171	2	255	48	44	142	136	21	126	240	136	
155	90	162	187	51	150	59	82	54	76	70	167	173	199	163	204	118	41	183	222	167	156	39	255	198	103	186	128	190	133	41	253	
34	150	102	152	223	243	184	107	143	77	217	183	8	206	62	64	255	187	135	149	150	155	34	221	27	22	154	203	149	14	181	215	
3	155	131	155	176	180	168	151	63	73	90	245	172	170	182	204	231	43	155	149	151	152	7	247	140	118	154	194	158	132	185	221	
34	213	96	202	127	213	222	237	15	77	184	171	42	28	62	0	222	147	215	225	222	43	122	213	59	93	140	255	119	30	222	223	
138	217	22	250	63	193	48	166	159	29	84	50	172	147	32	197	195	59	175	64	98	13	2	245	173	211	62	219	18	12	141	11	
2	141	50	155	183	135	190	231	30	1	88	2	172	234	48	64	255	123	147	209	210	152	25	247	45	20	158	194	21	14	177	137	
27	72	99	159	38	146	238	92	84	68	86	198	57	204	183	228	126	40	150	207	197	152	39	251	38	111	170	128	63	157	57	221	
159	24	163	155	55	247	171	80	86	202	85	214	185	220	183	236	126	40	150	223	167	148	45	251	134	79	186	128	191	143	57	245	
56	135	81	205	53	139	71	125	69	8	255	98	115	113	188	228	88	174	6	106	217	186	97	159	176	173	160	144	127	170	240	41	
199	0	231	133	38	50	169	112	252	203	211	246	89	198	191	239	126	37	58	173	165	149	37	204	20	42	250	196	173	165	49	245	
163	60	171	154	121	245	187	67	159	199	201	191	172	222	118	44	207	43	147	149	167	23	50	251	21	20	155	171	149	77	45	214	
26	217	110	220	51	210	189	101	180	69	214	163	125	223	162	97	126	185	151	225	198	139	38	221	115	103	234	139	55	150	173	115	
34	167	226	155	213	249	172	71	31	71	89	151	8	172	126	140	249	139	131	149	182	250	20	213	62	86	158	227	157	92	255	214	
219	90	191	252	43	84	29	182	169	218	150	245	188	191	183	111	198	117	253	199	229	197	178	233	243	123	94	154	14	244	37	127	
115	135	67	201	246	34	107	123	29	73	123	230	81	38	188	116	126	156	22	172	177	154	37	206	60	46	162	196	61	138	240	245	
14	173	32	179	215	197	186	230	31	49	24	3	172	124	116	32	235	91	147	211	82	56	29	255	47	92	143	99	21	14	21	206	
130	184	190	209	237	245	181	199	223	127	84	22	128	156	118	109	201	27	51	145	146	126	50	208	13	26	222	103	144	88	245	255	
26	217	50	154	79	217	180	198	207	80	68	11	44	156	102	229	170	59	179	65	70	57	50	241	55	81	94	43	83	28	157	206	
49	7	75	69	84	34	235	51	100	72	254	70	81	34	176	112	120	140	6	172	153	178	37	12	20	172	162	0	109	234	112	160	
21	90	107	191	86	242	235	80	116	196	87	199	81	204	179	104	126	236	55	223	133	180	188	238	118	109	170	192	45	175	53	244	
50	12	102	205	84	162	234	99	85	2	250	2	105	105	53	64	123	163	23	161	168	179	5	223	50	238	139	128	183	234	112	128	
147	95	99	140	102	22	172	119	124	202	82	230	57	10	181	229	110	173	23	237	229	155	53	204	48	42	238	128	45	180	185	253	
246	75	226	186	206	137	190	192	139	180	144	239	76	204	55	8	174	241	239	211	70	35	10	249	48	2	207	191	213	63	53	131	
35	188	163	152	249	245	184	67	31	247	88	151	172	158	102	136	207	59	147	149	183	94	82	243	31	84	155	235	157	77	61	215	
58	151	66	128	215	179	178	107	29	160	248	235	104	168	52	132	126	191	147	241	28	187	4	222	56	4	137	247	119	14	124	142	
60	71	111	174	86	66	239	112	132	228	223	135	89	109	183	66	126	228	23	239	201	179	45	140	113	109	235	133	117	255	116	240	
58	151	98	128	215	187	146	239	31	161	248	235	10	172	54	132	254	187	147	49	158	187	4	222	58	20	141	231	247	14	252	159	
11	173	104	67	246	147	255	183	110	65	92	130	185	45	150	32	54	91	151	253	211	152	45	255	111	77	174	192	183	150	209	249	
121	209	73	165	52	15	78	52	65	232	186	110	243	61	144	48	92	228	92	109	201	186	69	143	176	237	172	144	45	154	80	57	
86	4	230	148	195	50	172	66	189	150	219	147	72	234	63	223	123	229	187	166	36	211	132	192	18	42	219	133	165	117	44	70	
131	203	226	221	118	144	170	150	94	0	86	198	165	227	181	100	118	111	51	205	163	220	134	235	6	62	250	128	61	177	57	173	
6	200	80	155	126	129	186	224	158	17	80	130	172	206	48	64	239	123	19	211	34	56	10	247	12	22	155	234	21	9	49	137	
199	163	196	209	226	56	60	151	59	243	18	247	141	46	222	207	39	87	187	149	183	88	135	192	14	26	222	198	175	212	137	21	
31	166	225	225	182	51	171	216	86	99	93	246	153	76	218	172	127	73	151	191	151	180	109	243	76	77	171	228	255	207	81	245	
75	147	91	172	48	140	58	63	44	73	126	229	189	175	170	192	182	11	159	172	151	153	0	215	250	189	42	200	28	130	169	89	
80	147	74	109	50	138	107	55	37	109	255	231	123	39	142	84	54	175	5	172	216	152	197	79	254	237	38	128	111	130	139	25	
250	157	106	204	253	114	223	247	145	78	254	134	105	111	54	198	253	231	159	169	248	171	48	239	115	127	174	137	23	252	252	123	
238	88	102	158	109	116	186	96	137	206	245	35	104	220	55	207	238	241	179	227	164	39	162	232	23	121	202	139	23	63	125	215	
31	35	98	75	246	155	234	220	119	69	125	226	105	8	158	164	58	202	134	223	150	184	45	228	62	76	166	193	231	143	251	197	
41	235	114	75	246	155	234	213	79	5	124	166	41	8	190	164	58	106	134	93	150	184	44	253	46	93	36	225	247	143	251	205	
131	145	97	89	117	181	184	115	95	89	80	246	168	220	188	164	222	59	147	21	183	56	38	215	14	92	138	226	223	140	89	149	
22	177	250	193	146	65	57	93	39	237	93	167	29	159	110	0	62	159	151	177	82	155	180	192	251	133	175	231	165	130	165	243	
163	9	42	28	77	145	176	74	203	20	244	11	40	216	119	141	200	43	226	71	70	47	150	241	19	89	66	43	81	13	122	206	
10	218	18	218	111	209	22	230	143	28	92	34	172	215	34	196	199	59	175	66	70	11	42	245	135	244	58	171	26	31	45	31	
3	151	99	193	246	162	235	215	29	105	90	246	17	46	188	228	127	15	23	188	147	152	37	214	44	14	190	196	173	136	241	253	
67	202	251	253	38	128	253	55	173	75	94	246	189	175	180	96	230	51	63	141	195	28	166	227	102	255	250	138	30	212	161	121	
34	151	38	137	245	243	184	107	29	77	219	183	72	140	182	64	253	139	147	181	150	187	36	221	30	22	154	199	157	12	181	215	
54	37	112	192	253	231	218	65	11	165	185	11	14	223	94	144	220	157	215	241	30	35	88	222	59	92	141	127	199	47	254	134	
203	216	191	252	45	196	253	167	237	82	86	22	188	191	52	107	228	99	59	141	225	109	178	227	231	251	222	10	24	48	225	58	
155	88	162	189	39	213	235	216	87	74	84	134	185	204	179	236	126	104	183	207	175	180	119	187	198	77	186	137	63	157	57	253	
38	22	46	136	188	242	184	83	141	77	223	167	200	238	190	64	223	51	191	181	156	147	34	204	90	55	138	195	148	79	52	211	
17	23	75	133	212	34	231	87	100	73	127	102	17	32	176	100	120	142	6	188	153	184	37	78	52	44	162	196	173	219	240	244	
155	74	98	141	78	146	174	248	20	68	84	199	41	206	179	229	126	233	151	239	205	150	38	253	246	105	234	136	63	189	57	221	
235	89	243	84	109	84	173	103	216	194	112	70	184	156	181	239	206	109	50	77	193	254	182	200	53	56	222	138	77	60	241	253	
67	182	25	152	250	229	185	19	174	93	24	245	188	150	226	204	135	27	238	21	151	73	178	85	140	20	58	250	152	68	137	125	
156	65	234	231	6	82	95	113	5	228	215	131	91	15	187	98	126	221	157	234	73	145	189	136	242	233	142	149	47	186	124	112	
239	91	198	172	238	0	172	103	136	200	216	231	61	232	55	195	110	225	179	231	197	35	198	200	116	33	238	136	13	124	59	217	
42	72	99	247	117	220	239	86	197	192	126	2	59	157	53	228	232	122	147	76	64	184	48	174	99	253	148	1	103	158	116	232	
23	163	162	129	151	23	236	207	47	253	158	151	8	42	254	12	107	139	159	157	150	153	37	192	190	77	158	197	167	4	185	198	
47	12	98	26	95	255	186	72	223	68	93	143	236	204	63	32	158	57	147	21	166	34	126	223	71	95	9	27	215	239	25	212	
26	221	50	152	207	213	180	231	143	93	188	11	44	156	102	134	168	187	211	65	70	43	18	245	51	81	30	123	83	28	173	223	
57	223	107	239	118	22	111	117	36	72	126	230	57	7	176	240	126	142	23	238	209	152	37	173	102	237	162	128	47	154	240	249	
139	155	2	185	177	156	56	151	190	81	66	213	173	138	50	192	230	43	155	149	150	152	22	247	174	117	154	192	156	132	185	28	
163	178	187	208	236	133	189	87	222	223	16	84	132	156	116	43	205	59	51	17	179	110	242	210	13	24	222	234	156	8	213	255	
178	204	98	222	92	130	206	230	149	2	216	130	104	238	52	64	104	227	23	227	232	175	0	255	48	46	158	136	21	62	112	136	
57	151	99	77	181	243	71	127	85	77	255	102	107	104	182	228	88	170	134	40	249	186	101	159	42	255	160	193	127	142	248	37	
26	236	34	129	85	197	186	238	30	57	28	18	44	185	120	0	249	219	147	145	34	186	24	247	255	87	158	103	147	12	181	202	
142	75	2	184	203	209	191	198	142	20	140	131	44	198	99	206	106	251	139	211	66	11	2	241	48	1	142	107	23	125	45	218	
53	75	106	168	12	3	206	112	68	228	146	207	19	8	179	64	120	132	95	239	204	163	5	12	240	9	170	188	125	187	120	88	
80	155	59	232	178	193	155	81	14	13	216	98	156	159	96	96	246	59	31	209	18	11	32	95	249	132	46	234	20	2	165	115	
121	217	25	229	116	15	79	180	64	104	114	108	183	17	144	176	78	228	92	111	201	184	225	45	244	237	160	144	44	154	82	57	
130	141	18	155	151	133	174	231	30	1	88	18	172	106	48	64	255	11	19	193	114	152	25	255	45	22	142	192	21	10	177	136	
37	179	97	65	246	11	235	121	77	105	125	230	80	1	188	36	126	136	22	188	211	176	109	220	44	28	167	196	127	142	240	245	
25	151	71	165	50	38	107	54	52	97	90	199	81	39	184	224	118	140	23	173	177	152	53	78	164	175	170	196	45	134	48	209	
82	74	98	238	50	18	90	124	149	4	208	227	105	175	183	65	126	241	151	229	172	131	4	205	18	118	234	139	55	182	36	223	
202	161	48	248	29	221	80	67	139	29	132	25	174	159	70	84	128	179	217	17	22	15	194	213	211	209	26	123	18	12	15	78	
27	89	107	133	70	150	173	119	84	226	94	198	185	46	146	228	110	175	18	141	197	154	117	206	52	45	190	128	45	148	185	252	
218	157	34	158	223	240	176	103	185	7	201	51	44	254	38	212	225	59	251	129	54	15	146	199	155	54	154	91	18	68	191	78	
91	88	187	220	107	244	153	198	169	202	206	7	60	255	119	122	231	245	185	131	133	71	178	224	211	127	218	138	10	117	39	127	
211	217	59	173	50	196	61	119	45	72	216	102	188	150	162	100	230	59	31	197	211	9	52	223	181	56	42	202	60	4	161	125	
29	31	91	237	118	162	235	114	20	200	90	230	113	103	177	96	118	236	22	238	129	154	52	110	112	173	170	128	45	227	112	177	
151	242	234	201	22	115	107	216	23	103	214	182	73	207	251	236	127	200	151	255	191	149	45	210	154	79	155	228	191	157	56	244	
186	123	226	156	207	16	188	71	217	150	212	163	8	172	119	175	238	253	179	225	196	251	166	192	54	112	206	171	39	124	126	207	
50	45	242	218	87	241	178	67	159	133	73	3	40	216	118	132	250	59	147	17	6	187	26	255	59	92	9	107	247	79	61	198	
1	180	189	249	180	173	169	23	94	91	86	84	151	151	112	104	197	27	23	29	147	252	115	16	205	159	62	192	152	72	145	249	
2	219	48	218	123	209	62	246	143	77	92	239	172	158	230	196	231	59	135	66	199	26	42	247	54	84	26	171	30	158	141	223	
155	72	98	141	38	146	237	89	85	70	84	135	41	140	183	101	126	168	151	205	205	150	39	217	146	121	138	128	63	172	56	253	
22	243	107	224	146	195	127	117	37	237	223	167	25	223	238	0	62	153	23	240	90	155	56	212	251	133	175	229	37	130	165	243	
58	157	34	216	179	247	152	55	31	93	86	55	44	189	38	204	197	187	181	149	190	152	50	215	59	119	216	195	151	12	188	95	
25	157	71	161	16	54	106	50	36	97	202	198	81	39	176	228	118	140	30	236	129	152	53	95	164	175	170	196	175	135	48	120	
152	255	59	232	178	199	31	117	20	12	220	102	157	151	32	64	254	185	23	227	122	155	16	159	249	197	174	232	56	138	165	59	
138	137	10	185	145	132	56	199	190	21	70	149	173	138	114	65	229	43	155	149	246	152	18	247	238	81	154	192	152	4	185	218	
178	207	67	238	210	194	78	236	21	4	249	227	97	207	44	212	126	251	135	227	108	139	12	255	176	228	142	155	53	186	172	12	
33	201	42	223	85	220	229	39	196	73	126	2	176	153	54	100	200	42	19	136	219	184	112	175	103	253	146	1	83	10	248	238	
57	159	114	77	247	210	199	183	85	77	126	102	75	40	182	228	127	170	134	40	189	184	101	191	42	127	162	195	127	140	252	125	
129	178	185	177	236	173	185	31	222	219	17	92	180	156	92	43	207	27	55	21	147	124	242	194	13	26	126	232	156	8	145	251	
252	81	42	236	13	87	87	120	133	196	229	11	83	223	35	114	216	244	157	226	72	163	112	136	243	233	129	25	51	59	116	66	
2	146	34	168	127	211	184	69	158	77	211	167	140	140	62	64	254	57	147	149	150	155	38	213	26	81	154	207	149	12	181	215	
10	223	88	222	122	209	63	245	143	76	92	231	172	215	163	196	198	59	183	194	199	11	42	255	178	85	42	171	30	158	45	95	
75	92	187	252	107	244	155	70	139	75	92	35	60	191	101	120	198	123	181	129	3	11	178	227	83	125	158	139	158	116	35	127	
57	159	114	205	246	251	255	247	77	68	126	230	75	37	182	228	126	166	150	44	253	185	36	255	58	255	162	195	127	143	252	117	
11	146	236	209	246	248	249	19	126	89	94	246	153	63	150	106	103	31	191	157	151	216	167	197	78	111	250	192	175	132	241	249	
27	91	110	221	35	212	61	212	183	76	70	167	41	206	191	125	126	235	183	222	207	148	54	241	195	121	234	129	55	149	45	221	
25	223	105	231	54	150	111	180	100	72	127	230	121	7	184	224	126	202	23	238	193	152	61	189	102	237	166	192	63	154	240	249	
155	89	162	157	165	213	237	95	23	76	84	135	169	156	179	237	126	40	151	207	207	214	118	209	230	121	222	161	63	188	56	221	
43	5	102	8	223	251	184	75	223	69	125	147	200	236	55	44	222	41	147	53	182	178	116	220	71	95	11	67	215	76	245	198	
234	156	58	184	253	213	148	231	205	95	188	59	46	188	38	132	237	179	223	1	118	47	34	247	251	87	30	251	82	76	173	223	
141	64	247	65	36	58	232	16	238	80	51	80	155	136	253	239	226	1	126	91	135	244	47	208	132	248	99	196	212	187	65	101	
252	65	110	230	5	86	95	120	129	228	135	131	91	79	59	115	120	212	221	234	108	151	189	136	243	233	197	21	35	187	124	82	
34	170	40	184	77	225	145	234	138	92	152	43	38	204	119	0	200	35	195	65	6	43	226	177	83	21	26	59	81	12	119	203	
138	51	226	151	231	16	188	103	57	230	83	167	40	172	246	143	238	175	179	133	196	250	166	192	22	112	222	171	7	4	255	222	
6	19	111	168	188	246	185	77	140	197	223	167	196	236	62	64	222	61	187	181	156	155	52	196	251	117	142	206	149	14	181	214	
30	47	138	156	207	209	190	226	134	134	204	135	45	194	115	198	106	105	131	199	68	11	14	248	182	65	207	43	55	125	61	220	
98	216	41	56	125	201	145	239	139	85	176	41	166	156	102	3	201	19	203	17	6	43	114	181	91	19	88	123	208	12	215	218	
25	145	101	165	18	78	111	57	37	96	78	198	247	55	152	116	54	132	28	238	217	144	117	13	164	238	170	128	62	162	32	112	
43	63	198	173	239	20	173	119	136	204	92	231	173	175	242	135	110	175	147	133	193	218	198	200	52	113	238	136	15	236	59	217	
122	202	230	254	27	208	92	228	161	21	198	131	105	239	54	66	232	243	161	197	78	203	162	237	115	243	222	139	39	22	180	78	
53	127	72	79	116	27	206	56	65	232	253	238	83	72	159	180	94	204	22	238	205	178	109	29	38	12	161	180	125	187	90	132	
241	219	91	229	116	14	111	180	96	72	118	108	55	17	145	48	62	204	20	110	201	188	101	45	244	233	32	128	44	155	82	57	
27	243	234	129	245	18	250	205	71	237	158	39	8	136	254	0	248	207	151	213	222	187	165	224	62	93	158	199	143	14	252	207	
26	89	111	222	35	214	125	212	63	76	214	167	40	222	63	121	246	251	191	215	203	145	55	249	83	123	190	131	55	212	124	95	
59	222	114	76	247	218	254	247	93	77	126	166	106	44	182	228	127	162	150	44	253	189	37	255	58	127	130	195	119	142	252	221	
11	147	244	249	183	244	248	55	191	93	86	181	173	191	182	108	135	59	181	149	183	216	35	213	79	251	250	195	150	132	165	95	
113	141	103	197	52	246	107	48	101	72	218	64	83	52	144	244	120	164	60	236	153	152	117	76	161	174	162	192	47	130	112	108	
74	201	50	250	155	208	150	237	135	21	140	35	40	223	46	100	200	51	251	193	82	11	170	245	123	113	142	251	19	6	164	122	
8	185	185	249	179	237	177	151	142	85	12	0	188	191	98	104	131	27	155	17	19	168	114	177	205	213	30	99	144	72	133	251	
43	149	32	141	109	85	252	127	71	94	92	135	169	252	186	229	92	10	151	173	205	58	118	209	199	89	202	171	30	204	188	253	
9	220	179	220	119	232	245	71	235	65	124	34	188	187	36	100	226	123	19	0	3	56	178	225	103	188	30	11	154	80	225	187	
58	220	98	28	19	212	17	231	159	77	198	183	40	190	38	212	229	187	185	129	174	137	54	255	51	119	154	195	51	20	188	95	
3	155	112	219	114	209	190	247	31	69	124	167	172	174	166	100	231	27	151	196	199	26	38	247	54	28	26	235	31	140	173	223	
11	219	121	222	122	209	191	113	143	76	93	231	188	222	166	100	246	59	151	196	199	10	46	255	102	117	42	170	30	142	141	221	
187	128	98	141	108	145	232	120	69	76	213	135	233	204	190	101	92	168	23	175	205	38	103	221	214	121	202	168	55	142	112	212	
42	57	179	220	115	224	187	198	155	73	92	34	60	191	37	112	230	123	151	209	3	139	162	233	115	124	186	171	151	85	39	251	
26	146	38	187	55	199	184	224	157	93	211	183	141	14	62	65	239	17	191	133	190	157	21	213	136	115	218	215	21	12	53	223	
27	222	114	206	118	146	251	246	237	68	126	230	105	44	182	228	110	176	150	236	245	185	36	255	58	127	130	195	63	142	125	125	
106	157	54	216	247	213	156	103	159	93	148	55	44	190	38	196	229	51	183	145	182	139	50	215	123	119	158	219	151	12	189	95	
131	136	10	185	181	132	124	167	190	89	70	21	172	138	50	65	193	43	187	149	118	156	82	247	236	115	158	195	28	4	185	158	
25	147	105	237	54	150	107	176	100	72	126	230	249	87	184	224	126	176	31	238	201	144	117	157	230	237	163	132	63	162	104	113	
26	193	46	160	150	198	153	236	132	85	214	131	157	159	58	65	254	29	191	245	88	155	49	148	251	225	206	197	20	12	181	90	
53	159	235	195	180	54	227	246	100	105	94	230	81	36	190	100	124	206	22	252	153	184	45	46	124	45	166	196	173	219	240	249	
106	218	56	252	125	213	145	230	155	93	180	59	174	60	38	133	205	179	151	1	174	47	98	245	91	95	90	251	83	12	125	95	
53	93	111	76	28	70	79	248	193	204	254	2	115	87	181	117	92	244	28	234	201	163	112	44	243	168	161	24	99	187	116	112	
42	248	49	184	111	201	145	239	142	85	16	169	190	157	96	0	139	59	211	1	66	43	82	181	193	213	26	123	84	12	23	250	
138	171	98	149	199	144	188	99	57	21	88	183	40	172	118	135	238	171	179	133	214	250	134	225	22	112	218	235	7	4	255	206	
107	148	36	173	93	244	169	119	72	89	93	22	188	60	54	231	204	11	147	141	149	58	246	197	85	121	218	72	95	76	249	220	
178	221	67	190	211	195	22	228	149	68	232	163	107	254	34	213	250	251	130	226	125	11	26	191	177	224	142	75	49	6	164	222	
23	7	235	141	214	163	239	69	92	197	93	199	65	236	183	36	126	168	19	173	148	178	36	206	52	4	175	128	245	254	245	228	
46	177	57	225	239	77	89	203	11	57	57	8	30	29	76	48	167	17	85	49	19	56	88	213	221	221	13	246	208	10	131	35	
200	72	253	108	100	76	125	54	97	130	102	8	59	63	17	123	162	244	125	106	192	76	179	8	71	235	244	137	38	176	70	42	
154	243	106	161	52	195	251	252	36	100	150	167	61	15	58	64	254	145	31	231	206	155	57	253	251	193	170	229	53	131	53	218	
14	39	46	155	221	187	176	73	223	13	89	107	104	248	63	136	184	59	151	145	150	162	10	221	119	87	171	139	215	78	93	135	
