DiorµÏ°Â÷È»óÓÔ´½¸à	904 ºÚ¿§·È	https://www.dior.cn/beauty/version-5.1432748111912/resize-image/ep/0/0/90/0/swatches%252Fcs_3348901340694_391e1c.png	https://www.dior.cn/beauty/version-5.1432748111912/resize-image/ep/0/0/90/0/covers%252FY0028808_F002880904.jpg
2	141	2	158	20	163	170	230	22	1	88	2	32	234	49	64	89	106	2	129	2	184	8	255	40	38	138	192	148	10	48	136	
183	81	103	202	221	83	199	220	199	88	180	230	83	204	189	108	93	208	158	255	207	39	62	188	51	74	165	252	255	255	244	117	
10	63	115	69	115	219	179	115	121	228	126	173	45	44	134	180	54	191	198	36	229	184	165	78	54	86	37	131	103	132	7	253	
60	77	106	238	92	130	71	120	213	0	253	2	115	201	177	112	88	232	6	106	232	163	44	191	114	173	161	24	119	187	112	32	
0	88	155	221	110	237	49	70	158	22	82	34	180	151	97	74	226	121	51	74	65	188	178	225	197	160	114	10	16	121	37	171	
189	167	225	228	157	115	207	255	83	234	156	206	83	105	247	166	121	198	150	239	253	99	125	142	58	207	229	188	255	254	252	220	
2	205	10	158	20	131	46	230	22	1	90	2	96	226	33	64	120	106	19	194	98	152	8	255	32	38	138	128	20	27	48	136	
2	201	2	158	20	129	138	230	22	0	88	2	32	200	49	64	88	106	19	195	66	170	2	191	32	36	138	136	20	27	48	136	
195	187	223	55	178	138	59	190	59	201	114	245	253	230	195	82	167	103	108	84	231	220	171	99	172	178	39	130	40	128	35	93	
112	41	189	101	45	79	81	49	99	168	174	8	247	49	0	54	128	244	108	8	72	248	193	8	203	255	117	49	98	170	70	43	
2	141	2	158	20	163	170	103	22	1	91	2	32	234	48	64	89	42	19	129	50	152	8	255	32	38	138	192	20	10	176	136	
45	181	177	67	245	237	229	223	91	121	60	24	30	241	76	52	185	26	82	24	19	120	248	211	111	220	5	102	203	218	195	226	
108	57	249	86	219	237	81	19	107	225	45	24	26	183	68	62	39	254	241	16	19	122	250	96	95	158	21	107	227	227	198	114	
210	168	158	178	139	252	88	71	171	19	162	25	63	191	66	219	225	183	249	145	62	79	146	96	219	227	90	91	160	64	171	10	
245	237	153	103	148	47	70	172	82	170	235	88	215	112	217	48	17	222	76	106	105	242	205	46	168	142	37	52	224	251	194	32	
161	205	69	75	92	15	207	175	84	36	232	8	179	33	20	37	88	138	66	110	123	186	121	63	37	158	148	48	81	154	210	168	
237	68	245	94	201	108	69	29	249	146	165	24	94	115	9	127	17	196	120	42	41	103	251	64	215	250	85	24	194	242	226	32	
87	125	105	71	144	62	79	188	113	226	206	204	219	102	157	52	55	198	124	238	253	208	253	46	175	255	133	148	175	243	130	124	
124	33	211	100	217	14	70	9	33	160	175	8	91	51	65	254	16	244	120	122	25	67	217	10	187	253	5	124	162	227	194	34	
205	236	157	119	232	174	102	174	118	179	107	88	247	121	9	187	153	246	106	74	121	252	219	47	237	239	117	64	224	243	194	32	
134	76	130	156	196	162	174	66	148	130	218	2	40	202	33	72	104	107	51	210	32	183	2	234	48	38	154	136	149	121	49	128	
120	172	188	122	173	237	81	207	179	31	165	25	47	249	98	25	129	155	237	16	30	111	138	49	219	243	85	127	242	64	238	75	
130	184	144	153	189	173	56	143	30	59	80	16	172	178	96	72	135	59	51	16	50	92	67	247	13	22	31	226	144	72	129	139	
109	117	184	103	117	31	119	184	121	232	126	12	223	127	11	48	148	212	92	106	232	240	249	46	231	255	37	20	66	243	66	99	
56	73	106	108	31	91	214	120	69	228	252	143	43	13	54	16	184	164	197	103	204	187	85	141	243	233	0	19	119	174	94	90	
17	221	113	237	182	134	55	183	109	2	106	70	190	55	36	116	246	123	16	40	193	152	49	255	167	252	6	2	50	210	165	41	
244	228	140	52	136	106	68	171	170	178	162	89	198	99	73	27	129	198	104	32	104	69	203	8	184	162	69	61	232	112	194	2	
79	48	138	179	205	60	120	89	59	243	75	215	221	239	91	218	245	207	251	183	23	210	155	192	223	247	223	101	136	231	187	210	
52	142	6	185	12	131	168	234	22	18	194	3	65	232	57	65	121	136	43	133	8	187	71	157	156	38	219	76	189	40	48	136	
222	8	149	189	47	124	120	10	191	155	147	19	207	127	69	203	227	117	253	6	36	69	195	194	151	243	91	27	130	125	9	2	
53	81	91	69	116	22	230	121	112	234	255	102	83	88	189	112	126	204	22	238	205	182	229	14	118	173	163	132	109	162	106	149	
58	203	104	237	38	211	221	117	5	12	246	235	43	13	182	68	110	177	135	225	204	186	101	221	242	249	168	145	119	156	252	237	
92	57	63	101	130	106	29	186	36	54	142	33	151	63	0	123	39	85	125	224	24	201	161	12	211	231	123	213	164	225	167	115	
84	84	191	118	138	108	85	188	224	214	163	24	215	247	73	123	163	244	109	114	121	71	186	40	217	162	101	28	224	115	135	115	
189	87	86	47	176	6	78	184	112	128	239	228	115	99	137	212	86	204	4	238	249	146	77	47	160	239	165	128	46	243	234	161	
176	234	233	59	122	201	203	252	30	232	80	169	117	221	210	16	27	233	55	87	98	126	206	63	252	7	61	236	117	144	23	235	
116	32	194	129	76	41	232	66	175	161	187	10	142	138	65	26	107	237	78	144	10	115	195	192	156	20	155	120	197	107	83	128	
193	108	157	53	168	40	68	174	186	178	162	88	246	35	65	27	129	70	104	28	104	79	195	32	156	178	85	60	192	112	66	8	
70	56	171	240	112	228	186	66	170	232	152	74	156	158	69	58	174	125	91	209	1	67	176	232	153	157	139	186	132	113	39	243	
124	1	123	232	214	227	67	89	68	37	239	10	87	181	32	112	120	156	7	184	24	187	33	28	249	133	161	69	181	139	244	34	
71	188	151	50	137	172	68	135	251	155	170	92	174	242	64	255	133	103	104	29	191	77	218	113	137	242	87	122	136	116	131	5	
6	159	158	179	235	162	189	167	191	159	82	183	204	174	110	75	231	87	191	149	54	216	139	224	172	247	222	195	132	84	173	223	
2	77	2	158	20	131	142	226	22	0	88	2	96	234	49	64	88	106	19	195	66	170	10	191	32	38	142	136	20	27	48	136	
181	77	106	78	20	130	207	240	208	192	253	2	115	233	181	97	88	228	22	234	233	163	44	46	112	173	167	152	117	187	114	168	
234	158	232	155	255	180	186	205	59	93	125	183	108	254	222	96	239	155	183	149	182	62	238	243	127	125	186	203	215	71	255	223	
212	239	158	30	218	172	38	238	190	18	234	80	100	226	33	85	177	102	106	66	112	79	139	127	60	166	87	10	200	115	171	140	
60	169	156	58	27	133	210	200	199	181	165	9	238	249	99	24	136	233	235	211	30	99	90	61	219	215	93	63	241	11	75	138	
2	141	66	159	220	130	174	111	28	1	217	2	232	234	56	64	122	171	59	161	114	154	65	255	52	54	154	192	21	10	177	136	
130	141	16	143	244	131	174	111	28	0	89	2	236	104	56	64	250	43	19	225	114	184	73	255	36	54	138	192	21	10	241	136	
56	77	66	238	20	131	206	120	21	0	216	2	99	203	48	64	120	168	31	226	104	179	0	255	178	237	162	152	55	171	112	8	
187	89	86	207	109	22	174	120	253	74	246	102	120	248	182	231	254	229	190	239	229	247	159	237	50	123	194	130	95	190	121	149	
79	191	255	23	178	90	63	184	56	238	86	236	253	119	131	51	55	119	253	110	245	216	173	110	238	47	111	128	142	246	135	121	
69	146	157	229	168	44	105	156	110	185	51	116	213	51	200	122	149	85	124	124	145	80	201	64	205	168	127	228	136	227	129	33	
2	221	18	143	53	135	190	231	12	9	90	2	172	122	48	64	216	59	19	193	82	152	81	255	45	52	158	194	20	10	177	139	
130	188	146	147	211	237	176	199	30	163	64	19	172	190	96	8	151	59	147	17	50	252	146	247	13	22	30	107	144	76	133	219	
162	184	162	153	245	237	176	71	158	71	80	51	172	188	96	8	201	59	147	17	50	190	18	247	13	22	158	99	148	76	149	218	
2	205	2	158	20	131	170	226	22	0	90	2	96	234	49	64	88	106	19	195	98	184	10	255	32	38	138	128	20	27	48	136	
154	115	62	254	175	223	157	93	191	252	183	63	174	158	39	191	174	177	255	83	231	207	51	216	179	217	126	147	79	28	175	127	
236	102	204	55	56	42	118	184	187	190	167	57	199	99	203	27	147	196	236	126	44	101	203	54	206	247	101	21	194	243	74	3	
254	45	196	183	139	123	86	169	51	182	139	153	207	106	75	155	25	199	233	179	124	70	207	170	184	195	221	55	166	119	158	6	
76	35	187	114	169	236	95	157	163	213	173	136	223	231	75	30	21	250	233	26	26	67	250	32	219	245	21	121	194	211	166	114	
229	238	141	87	172	47	229	159	254	251	10	92	208	97	217	43	1	70	120	30	177	244	255	34	108	10	117	116	140	249	208	49	
74	155	178	222	233	212	189	115	159	221	221	39	172	255	102	68	230	59	191	131	210	75	170	241	219	113	235	235	22	38	173	247	
124	187	186	74	209	205	119	221	163	61	45	40	30	215	107	52	53	218	194	88	26	59	186	113	251	149	5	111	242	146	166	107	
8	191	223	123	186	233	39	183	182	31	110	240	245	247	192	112	39	126	110	216	115	216	171	55	109	239	119	64	160	208	165	249	
226	233	12	154	201	133	92	205	139	23	160	29	36	206	110	27	201	235	123	199	126	79	218	241	211	16	222	59	24	24	254	218	
33	205	37	75	252	143	239	173	87	33	104	72	243	1	156	165	216	10	66	78	251	184	121	63	45	158	20	80	81	138	208	168	
68	197	119	222	188	8	102	168	125	2	250	72	246	114	157	113	243	215	110	106	107	177	107	127	181	190	71	16	64	115	229	32	
94	187	190	118	235	244	94	151	171	219	189	125	63	255	74	58	167	255	253	146	158	75	186	224	219	245	60	251	170	87	166	119	
42	126	46	222	125	245	146	222	207	93	157	175	232	220	63	175	207	123	255	83	134	99	122	245	83	91	154	251	215	95	125	223	
208	89	127	116	2	74	55	38	172	210	2	32	55	23	33	123	162	117	121	98	97	197	48	44	241	163	78	2	32	49	39	122	
56	78	2	44	209	251	102	119	229	235	254	104	74	179	34	180	89	190	214	160	61	155	64	30	183	247	165	131	235	118	234	143	
124	225	249	106	217	103	91	216	35	44	253	8	83	245	73	48	24	220	85	250	8	50	233	16	123	172	37	252	227	243	102	98	
220	149	244	53	139	116	181	191	115	119	174	21	77	60	94	190	51	71	232	129	245	105	191	83	251	127	87	103	227	116	239	95	
8	125	3	100	145	254	102	119	165	133	106	4	202	163	48	212	240	110	203	98	24	153	48	174	177	245	142	1	130	83	247	170	
214	79	126	190	170	194	63	224	172	134	199	163	109	255	43	67	226	117	205	227	100	5	42	106	243	227	111	139	52	115	165	67	
60	217	123	238	23	223	87	244	77	68	252	15	127	221	46	112	250	241	151	98	73	179	56	189	243	249	1	67	127	63	244	114	
83	222	227	69	114	134	107	180	63	233	90	231	121	238	148	116	119	237	127	204	205	156	173	111	62	62	167	198	45	182	96	125	
93	119	57	229	176	46	124	183	32	169	30	249	159	63	192	122	183	213	125	61	153	216	193	4	238	237	45	196	172	225	131	51	
86	223	126	174	154	130	158	236	236	132	139	171	117	126	47	83	246	247	109	227	236	3	47	125	250	163	47	155	53	115	173	67	
112	97	18	108	89	134	66	104	229	8	160	8	70	211	33	144	248	245	202	226	72	3	18	109	145	244	2	27	80	35	102	34	
246	38	196	215	110	42	105	152	59	190	183	247	223	99	223	95	119	197	125	190	168	215	207	194	214	250	227	132	175	245	99	113	
205	238	133	53	161	63	102	154	50	187	38	88	223	33	193	154	17	78	236	30	57	244	203	34	204	207	117	116	194	245	139	32	
2	205	2	158	20	131	42	230	22	0	90	2	96	226	33	64	89	106	2	194	98	152	10	255	32	38	138	128	20	11	48	136	
254	99	226	230	109	27	222	200	75	174	181	139	75	204	95	159	186	197	255	231	204	103	237	200	178	217	197	183	103	191	94	215	
185	222	75	111	114	139	106	112	53	72	116	231	57	7	176	145	126	168	23	238	229	158	4	127	118	169	32	128	127	147	106	217	
60	205	106	254	20	147	207	240	215	0	223	2	113	235	177	64	120	234	31	202	234	187	42	191	242	239	163	0	55	186	112	136	
132	173	86	95	222	171	162	224	124	160	235	200	243	96	9	17	59	230	106	106	32	241	15	127	60	166	71	0	73	235	107	128	
126	180	254	250	237	252	218	220	171	95	189	31	78	255	94	186	239	211	253	144	158	99	250	226	219	223	158	255	199	87	238	119	
72	33	59	103	56	204	115	16	236	9	111	0	255	215	8	114	160	52	108	72	3	169	163	37	197	173	32	80	64	131	71	43	
118	113	253	231	69	78	111	60	105	172	179	14	91	123	29	178	250	213	125	226	73	242	249	200	247	249	231	148	101	51	118	34	
236	236	149	122	137	173	70	142	183	179	160	24	207	211	65	155	201	242	235	18	106	71	203	51	175	211	85	127	210	121	230	162	
2	188	58	153	119	253	184	71	189	93	84	179	172	158	54	8	167	59	179	5	150	188	178	215	15	60	26	195	196	4	135	223	
73	235	54	72	108	157	248	85	233	25	180	76	190	152	244	182	134	33	78	88	199	43	130	209	150	89	34	122	90	142	75	13	
2	188	186	153	243	244	184	103	191	77	92	23	172	190	54	64	167	59	147	145	22	152	178	199	15	63	154	203	132	4	175	223	
181	142	77	103	132	43	103	188	116	162	107	216	211	97	153	49	25	206	108	110	233	244	77	46	228	174	101	20	105	251	208	32	
124	255	125	102	190	91	71	188	225	174	191	40	115	117	137	50	31	246	108	106	232	35	233	46	251	207	101	52	103	251	198	105	
213	188	151	54	169	173	68	239	255	187	160	92	238	242	72	159	165	231	108	20	191	111	218	115	152	218	87	122	200	112	131	15	
131	134	134	157	183	178	184	39	30	75	90	247	236	42	32	204	247	47	179	149	183	216	1	207	44	54	158	195	156	76	185	159	
45	223	220	103	246	58	119	189	118	250	127	228	215	113	139	241	119	110	38	106	253	248	109	62	238	175	101	133	108	251	200	145	
84	119	249	39	178	74	111	184	120	228	75	169	215	124	25	50	54	221	125	99	237	240	253	46	237	231	45	148	100	179	135	113	
199	46	133	21	172	42	172	135	250	251	147	216	130	32	213	175	1	70	108	31	181	109	207	98	140	58	127	248	140	248	219	13	
124	89	120	236	106	85	87	248	135	172	180	43	127	223	41	144	220	249	151	98	72	35	106	189	115	201	37	189	49	187	78	107	
232	164	188	115	141	109	85	143	155	55	165	25	242	61	74	27	137	82	233	16	58	111	219	51	203	211	85	127	208	72	214	42	
139	62	246	208	235	181	184	82	185	223	244	255	172	158	215	175	239	59	215	145	182	111	162	226	22	91	250	235	207	69	47	215	
2	152	146	155	245	165	184	199	30	11	80	50	172	222	32	64	255	59	19	145	50	156	2	255	45	54	154	194	144	72	161	139	
146	133	22	159	214	130	172	111	60	19	83	18	204	106	56	75	123	143	63	177	114	220	1	205	188	50	222	192	21	0	161	128	
124	133	70	236	148	3	70	121	133	160	251	2	67	105	56	81	120	166	14	226	120	171	9	156	178	235	161	80	55	171	240	0	
194	164	148	159	236	44	184	15	186	27	81	16	172	58	72	75	199	87	123	1	48	76	194	193	12	50	90	234	128	72	129	137	
2	152	11	185	21	167	41	71	30	5	64	23	180	151	32	64	217	59	19	149	50	156	17	255	197	166	154	64	152	8	53	186	
2	157	146	153	245	165	184	199	30	9	88	34	172	222	32	64	255	59	147	145	18	152	2	253	45	54	154	194	144	72	161	139	
49	65	107	77	84	2	239	125	68	0	254	66	115	1	181	100	120	172	6	234	201	179	37	13	112	172	162	0	119	186	112	168	
2	141	2	158	20	163	170	231	22	0	90	2	32	234	48	64	89	106	2	129	2	184	8	255	40	38	138	192	148	10	48	136	
56	238	106	189	118	139	255	214	54	174	84	234	53	197	177	32	63	248	23	75	226	182	44	63	116	7	45	160	117	153	23	233	
72	32	151	101	48	78	97	48	32	169	98	72	247	19	0	114	48	116	125	72	1	216	145	8	197	172	96	16	0	162	66	42	
38	33	80	129	252	169	232	67	47	177	177	26	142	138	85	24	123	169	95	145	26	115	192	208	156	152	139	252	229	9	83	128	
205	176	149	227	160	46	97	153	126	185	35	84	215	51	72	250	133	95	124	24	147	212	219	2	205	255	119	68	136	162	1	33	
127	118	234	237	116	62	254	88	121	202	254	230	123	123	151	122	126	237	126	238	173	243	205	202	118	253	227	128	239	247	122	157	
83	126	99	69	114	170	235	246	45	232	122	230	121	206	181	244	54	237	55	239	129	144	165	239	52	44	171	128	109	183	113	253	
237	118	92	69	229	63	102	184	121	170	119	76	218	113	223	191	25	76	98	110	229	246	253	8	102	123	101	36	74	251	202	133	
2	141	2	159	212	130	174	239	28	1	91	18	236	234	56	64	122	43	59	161	112	184	65	255	36	54	138	192	21	10	177	136	
2	205	10	158	20	131	174	230	22	0	88	2	48	232	49	64	89	106	19	195	66	184	10	255	32	39	170	136	20	27	48	136	
54	5	66	138	212	163	238	67	7	128	251	2	104	234	49	64	120	170	23	163	24	179	8	223	48	132	131	128	181	106	240	128	
60	77	106	110	28	18	207	120	192	130	255	2	115	233	177	97	120	228	93	234	232	163	44	46	242	239	167	152	119	187	114	160	
6	13	130	158	212	162	174	195	148	130	90	2	40	226	33	72	120	107	19	146	0	154	2	234	48	38	142	136	148	121	177	136	
60	77	106	222	20	131	207	112	213	128	252	2	115	233	181	96	120	232	23	234	200	163	44	189	114	175	161	136	117	187	112	160	
2	205	10	158	20	129	138	230	22	0	88	2	32	200	49	64	88	106	19	195	98	170	2	191	32	36	138	136	20	25	48	136	
201	170	157	55	104	168	97	34	186	179	34	24	247	35	193	219	3	102	104	28	32	92	195	34	204	163	117	56	192	192	75	8	
252	124	252	116	170	104	85	159	243	255	164	56	31	183	67	59	131	246	236	24	41	71	234	34	219	203	117	61	226	240	134	107	
26	178	236	161	54	171	184	223	62	55	30	183	173	15	90	8	167	27	159	145	150	156	3	213	206	71	58	231	180	196	157	219	
109	181	241	74	217	124	103	152	107	73	109	76	122	247	205	188	21	218	240	250	155	66	251	99	63	221	21	58	202	243	198	252	
2	205	2	158	20	131	174	230	22	0	88	2	32	234	49	64	89	106	2	195	66	184	10	255	32	38	138	136	20	27	48	136	
130	188	146	155	211	237	176	71	30	11	72	19	172	254	96	0	181	59	179	17	50	220	18	255	45	22	30	107	144	76	133	155	
167	244	106	251	246	132	187	216	59	95	117	183	92	204	126	105	255	217	151	247	182	118	158	247	95	123	190	239	221	159	255	215	
197	190	133	87	172	175	229	151	250	187	10	92	210	96	209	43	1	102	104	28	177	252	219	34	12	46	117	16	200	249	209	41	
2	188	178	155	215	233	176	71	30	71	73	147	172	252	38	0	187	59	131	17	22	190	18	255	45	22	30	75	209	76	165	218	
233	42	140	55	137	122	101	158	114	247	38	156	223	35	67	155	1	78	232	28	53	92	255	34	206	195	117	53	234	244	78	88	
109	49	177	70	241	124	115	157	107	225	173	8	122	189	93	190	157	222	112	24	155	114	251	226	31	221	21	106	203	211	194	252	
11	191	99	69	83	218	185	119	61	69	126	175	41	142	150	180	38	191	215	140	164	152	53	207	118	111	16	131	103	132	39	253	
219	81	70	141	45	22	190	104	253	202	242	102	72	248	182	231	254	229	254	231	237	247	151	200	54	123	202	147	31	62	121	149	
56	205	110	254	28	129	203	118	197	0	220	2	51	201	176	96	72	170	31	202	203	171	38	189	242	235	170	136	53	138	112	168	
208	168	158	178	139	236	56	199	170	23	160	25	190	183	66	91	161	179	121	144	54	77	146	113	217	195	94	123	128	64	167	10	
189	183	227	228	189	119	199	255	87	234	188	238	115	124	183	167	93	206	150	47	253	227	125	158	186	207	229	188	255	254	248	253	
58	203	98	236	102	17	221	117	5	12	244	235	43	15	182	68	110	177	135	197	204	171	100	221	242	241	170	145	119	156	164	237	
203	254	255	23	50	126	59	57	56	238	87	244	253	118	130	116	55	125	253	174	225	212	237	79	238	127	111	128	14	164	7	117	
206	158	190	183	235	176	189	166	191	223	30	183	236	238	234	207	231	119	255	215	182	93	171	227	206	119	255	207	134	85	173	223	
254	99	226	230	109	91	254	200	73	238	181	139	79	204	95	159	186	221	255	231	204	247	233	200	179	216	197	183	103	191	94	214	
198	24	151	181	175	104	184	3	191	147	131	19	204	190	69	75	231	117	127	17	52	197	211	194	149	242	90	27	128	101	5	7	
10	150	124	217	121	173	185	190	239	53	124	132	172	143	12	12	167	27	235	16	194	40	91	245	79	222	86	111	90	136	133	187	
130	182	245	209	238	41	185	159	255	63	49	254	204	172	220	175	175	159	110	17	179	124	239	211	12	30	127	246	212	200	135	165	
35	164	162	155	209	181	184	79	31	5	109	145	168	234	62	208	217	43	131	149	22	154	94	247	47	52	158	107	145	70	255	206	
247	54	206	149	110	42	105	24	57	254	247	247	223	99	223	95	119	197	127	174	168	215	207	194	212	58	235	132	175	245	115	81	
60	73	106	254	21	135	238	96	215	0	207	2	113	235	49	64	120	234	19	234	74	187	24	191	243	239	131	8	55	187	112	128	
142	187	62	190	171	214	191	241	191	93	213	183	204	223	38	199	238	123	255	195	246	207	186	245	243	113	235	251	22	23	175	215	
239	48	138	182	205	100	122	216	171	243	135	31	221	255	91	90	249	205	123	183	6	67	218	192	223	245	203	45	138	103	58	210	
16	194	134	173	92	131	168	78	6	48	194	67	33	131	32	64	120	172	42	157	10	153	67	29	156	32	203	64	53	8	48	136	
2	221	18	143	181	135	190	239	30	9	90	2	236	122	40	64	216	59	19	161	82	152	89	255	45	54	158	194	20	10	177	139	
124	255	125	102	170	95	87	184	193	174	189	40	123	117	201	55	30	244	236	106	200	99	232	44	251	201	101	61	99	251	70	51	
112	33	187	103	48	204	82	16	97	160	107	72	247	209	8	50	178	244	108	72	8	248	131	5	211	252	0	19	96	130	70	43	
237	117	120	103	117	79	119	184	121	232	127	8	223	61	9	48	148	221	85	106	233	240	249	14	231	255	37	20	66	243	66	99	
112	160	25	104	25	205	81	203	227	61	160	24	150	147	64	18	129	128	108	16	26	107	218	17	217	209	17	127	210	0	70	34	
28	30	150	241	147	226	57	83	188	135	71	179	77	199	34	200	119	53	173	176	48	221	1	206	219	231	63	195	162	172	165	3	
69	185	151	28	137	172	36	135	255	219	162	92	182	242	64	126	129	103	104	25	51	73	154	113	137	182	95	122	200	80	131	46	
101	137	25	77	236	77	71	185	99	44	174	8	210	113	8	116	216	198	104	106	89	42	251	21	111	188	69	124	80	42	198	34	
56	13	66	238	20	131	206	120	21	0	217	2	99	203	49	64	120	168	23	226	104	179	8	191	178	239	162	136	55	187	112	136	
197	190	141	87	172	46	229	159	254	251	3	92	242	241	217	43	1	102	120	30	177	252	255	34	108	42	117	84	200	121	209	33	
126	228	140	183	139	123	86	168	51	182	137	155	71	106	75	155	25	199	233	243	60	71	207	34	250	199	205	63	164	119	158	2	
89	174	151	48	169	173	64	215	235	155	160	77	175	162	64	159	165	167	108	21	158	75	146	49	152	242	84	122	202	68	139	13	
92	223	254	127	178	138	79	190	55	143	238	164	115	103	128	80	55	254	45	238	120	216	41	47	235	239	117	128	162	243	228	121	
197	184	149	119	169	44	98	152	123	185	35	84	223	115	73	254	133	70	124	90	147	84	219	32	141	250	119	70	138	227	1	41	
2	141	2	158	20	163	170	230	22	1	90	2	96	234	48	64	89	42	19	129	18	152	26	255	41	38	138	64	148	11	176	136	
61	9	110	109	84	130	239	113	228	128	255	2	113	107	177	96	122	228	55	234	233	179	37	78	114	175	226	128	119	187	112	160	
2	205	10	158	20	131	170	230	22	0	88	2	32	232	49	64	89	106	19	195	66	184	8	255	32	38	138	136	20	11	48	136	
213	94	79	164	86	130	110	112	180	224	87	231	85	139	179	81	118	237	31	239	237	213	4	78	246	43	175	132	45	163	58	209	
85	188	151	28	169	173	4	143	255	219	160	76	190	242	68	127	167	231	108	17	191	75	210	113	152	178	87	122	136	80	131	45	
108	98	204	101	40	11	66	136	35	172	190	137	195	97	203	26	25	204	236	126	8	178	203	40	254	215	101	117	226	179	74	2	
56	19	106	108	86	207	83	112	197	12	254	175	115	157	50	16	124	180	135	106	200	187	52	29	115	237	32	145	119	170	126	123	
220	48	25	225	176	111	83	152	38	188	55	57	215	87	73	25	19	212	77	122	56	116	73	20	205	193	33	244	160	171	7	99	
199	46	133	149	172	41	205	135	250	187	146	252	227	160	213	15	129	102	108	29	191	77	207	162	140	50	255	248	132	236	211	44	
57	99	96	224	53	153	194	17	105	68	188	13	139	8	150	148	138	128	196	108	206	42	100	220	226	217	0	121	103	142	90	76	
56	219	120	236	126	195	95	248	134	172	188	43	123	223	35	16	30	249	151	98	72	35	42	61	115	137	37	189	119	186	78	235	
221	147	172	98	173	118	81	25	51	223	149	61	222	253	219	255	183	148	253	61	185	103	251	194	219	251	101	222	206	230	191	115	
37	161	147	154	217	237	130	233	142	113	169	8	214	240	104	180	153	8	106	50	19	99	218	117	153	22	1	126	216	11	139	166	
252	229	185	122	201	109	71	200	243	178	173	8	86	241	73	59	145	218	88	122	122	99	250	51	251	223	69	60	240	115	198	34	
52	96	251	200	84	231	67	88	71	128	252	10	51	209	101	52	88	184	18	56	11	178	112	24	81	140	129	40	241	251	116	170	
130	141	102	159	244	162	186	175	29	73	90	147	236	110	60	64	255	59	183	165	178	152	5	255	44	62	138	194	20	68	177	217	
116	93	127	44	58	66	95	186	32	228	250	171	119	63	131	83	118	213	125	226	72	155	37	44	242	169	101	132	37	179	100	115	
170	131	1	217	237	208	188	107	31	27	245	242	136	206	236	228	223	155	179	130	87	14	238	211	14	118	218	239	23	140	254	149	
2	205	2	158	20	131	142	230	22	0	88	2	32	232	49	64	88	106	19	195	66	170	10	255	32	38	142	136	20	27	48	136	
124	5	102	236	92	2	74	120	69	128	254	2	91	105	188	81	120	164	31	234	152	179	1	140	250	239	129	84	55	171	112	0	
37	133	5	75	157	223	198	173	95	49	105	88	211	8	60	164	217	138	66	121	255	56	93	151	45	158	133	116	217	10	216	132	
210	72	86	157	110	8	236	96	173	18	178	10	238	10	52	91	106	165	127	227	72	39	195	213	148	186	218	152	53	56	97	8	
2	178	182	216	211	157	56	199	159	53	228	151	8	202	110	76	181	155	131	148	54	253	58	213	27	86	23	103	219	12	173	222	
42	222	18	86	209	255	118	246	245	15	238	16	234	246	34	244	205	114	202	64	252	139	48	238	251	247	150	75	194	86	254	158	
220	90	254	116	42	106	93	178	160	190	162	57	95	191	1	91	166	245	109	99	104	197	131	40	211	227	117	17	96	241	39	11	
61	221	123	238	213	215	255	241	69	72	127	6	123	93	51	96	252	186	19	110	193	184	56	189	115	237	36	64	127	138	240	251	
2	196	22	155	230	130	188	239	28	19	83	18	204	234	56	73	123	79	51	161	114	220	11	253	12	50	222	196	20	8	177	136	
110	246	252	218	253	253	159	222	143	95	157	191	236	221	255	172	223	91	255	19	134	35	234	243	119	93	175	191	222	223	157	95	
92	162	252	177	170	104	21	154	170	191	183	185	207	175	203	91	167	213	237	18	62	69	203	32	222	195	119	245	164	241	135	67	
120	227	83	102	17	12	98	24	97	32	107	72	111	193	8	144	176	220	104	106	74	176	217	13	243	253	1	88	98	131	66	2	
2	141	2	156	20	131	170	103	22	0	88	2	32	234	48	64	88	42	19	129	2	186	0	255	32	38	138	192	21	8	48	136	
197	188	159	87	172	174	101	183	242	251	98	84	243	241	217	43	1	102	120	28	177	252	219	34	44	174	117	64	200	249	208	185	
188	201	42	254	93	213	203	224	215	0	197	2	113	201	49	64	120	232	19	203	106	187	58	191	243	237	131	9	115	59	112	170	
90	155	20	181	131	4	60	167	189	49	130	215	172	39	2	215	167	151	169	133	116	73	147	253	188	114	218	67	58	132	169	30	
65	185	151	28	184	204	37	135	238	217	162	76	182	178	96	123	129	119	106	80	19	73	146	113	169	50	87	122	200	16	163	61	
183	156	229	229	188	55	222	255	87	234	251	254	115	124	182	101	95	206	23	175	189	255	109	158	186	206	229	182	255	254	240	93	
0	205	10	190	20	131	171	230	22	0	90	2	113	202	49	64	120	106	19	195	98	184	10	255	96	167	170	136	20	27	48	136	
197	188	145	117	33	44	112	154	123	186	34	92	190	211	65	255	181	93	124	24	163	84	155	67	141	248	69	38	138	113	3	33	
120	159	126	101	178	138	95	187	53	140	254	165	123	39	131	80	54	182	125	172	104	137	33	15	250	239	37	144	43	224	102	121	
32	201	10	158	92	129	139	230	22	0	88	2	49	200	49	64	72	106	19	195	66	170	2	191	112	36	170	136	21	25	48	136	
2	140	2	154	149	231	170	226	22	1	88	2	96	232	48	64	89	42	19	145	50	186	24	255	41	38	138	64	149	11	48	138	
2	205	10	158	20	131	170	230	22	0	88	2	49	234	49	64	88	106	19	195	66	184	10	255	96	39	170	136	20	11	48	136	
120	105	200	37	168	75	85	143	35	164	174	137	131	3	67	16	26	204	237	112	72	50	193	8	254	197	5	61	98	250	206	2	
254	99	226	230	109	91	222	232	9	238	181	171	74	204	95	151	250	221	253	227	76	247	233	200	179	217	199	183	103	191	126	214	
108	117	120	103	116	78	119	56	121	232	127	8	223	127	9	48	150	221	92	106	232	240	249	46	231	255	37	132	66	179	78	51	
126	249	140	182	139	68	22	204	131	183	133	9	70	247	75	27	145	215	233	227	92	67	219	32	251	227	205	63	160	119	174	66	
216	48	151	100	48	78	65	55	33	161	35	120	119	19	0	18	50	180	108	8	25	216	145	13	209	162	48	80	98	128	198	43	
2	157	0	139	181	135	190	239	30	9	88	2	236	122	40	64	221	11	19	161	82	152	89	255	45	54	158	198	20	10	177	139	
56	73	110	254	20	129	203	113	197	0	221	2	115	201	177	96	72	160	31	202	200	171	38	255	242	237	162	136	53	138	112	40	
89	171	151	32	137	141	64	87	235	153	168	77	174	162	64	150	132	167	108	21	158	11	146	49	153	244	20	122	202	4	131	13	
2	180	146	155	209	237	176	71	30	11	73	18	172	222	40	72	189	59	179	17	18	216	26	247	13	22	26	75	144	72	165	155	
2	176	178	155	217	229	176	203	30	87	73	19	172	222	44	8	249	27	147	145	18	186	154	247	13	22	26	107	209	78	167	210	
199	54	206	151	236	42	233	24	187	250	119	247	221	227	219	91	127	237	127	191	161	213	207	194	212	58	251	132	140	225	35	145	
69	185	159	20	168	141	37	167	238	249	162	76	182	178	193	127	163	103	120	88	147	105	246	113	152	58	87	122	200	81	131	45	
127	44	133	181	141	120	64	135	163	179	130	137	163	42	81	159	129	231	232	149	31	74	215	160	140	210	221	59	172	108	146	12	
0	205	2	158	20	131	142	230	22	0	88	2	32	232	49	64	88	106	19	195	66	170	10	255	32	38	142	8	20	27	48	136	
2	153	146	153	245	133	186	199	14	9	88	34	172	190	32	64	254	59	147	209	18	184	18	253	45	20	158	202	144	10	161	155	
215	30	222	87	34	42	171	144	60	246	119	246	221	39	143	95	55	85	111	174	161	212	13	106	212	170	107	132	173	241	1	49	
38	32	82	129	124	139	232	65	45	177	179	10	142	10	85	9	106	137	95	177	18	243	65	196	156	152	155	244	197	8	83	128	
60	77	70	238	84	131	70	240	21	0	249	2	99	235	41	80	120	232	6	226	104	179	8	191	178	239	163	8	55	187	112	128	
112	233	24	96	88	233	80	135	171	57	168	24	22	147	64	80	129	154	76	16	26	47	202	17	219	145	17	127	80	0	198	42	
16	156	11	185	21	227	35	71	22	65	74	19	180	151	32	64	249	59	27	145	51	156	17	255	197	166	154	67	152	8	181	186	
220	178	29	161	160	111	81	25	46	59	163	124	215	23	72	91	149	21	109	48	58	84	89	20	205	193	97	116	144	168	135	51	
58	195	115	236	38	82	221	101	5	12	246	163	43	15	182	228	110	145	135	225	76	187	101	221	242	241	170	147	119	156	228	109	
3	182	245	211	236	169	168	159	126	59	49	254	140	172	220	170	175	159	126	25	179	124	239	211	12	22	127	244	212	200	135	181	
205	252	253	117	236	46	229	191	114	251	103	92	243	113	217	43	1	102	120	30	177	252	255	34	108	47	117	68	232	249	209	56	
72	147	113	203	31	157	123	159	79	37	188	10	175	142	124	228	246	155	174	65	130	40	123	245	175	220	18	126	150	138	133	124	
66	4	159	145	138	236	184	7	190	147	66	19	156	178	64	74	231	55	107	145	18	221	147	194	205	54	94	67	136	64	161	2	
6	13	130	159	148	162	46	99	148	128	90	2	104	226	33	64	120	43	19	144	48	186	2	238	8	38	142	128	148	104	49	136	
173	105	130	126	45	221	70	64	215	138	229	0	226	209	49	236	200	104	194	74	75	167	90	59	163	249	65	59	90	127	122	166	
208	168	158	178	137	228	17	199	162	23	160	25	182	247	96	91	225	179	233	144	58	79	146	113	217	227	222	123	128	64	167	10	
101	239	209	64	217	31	66	200	203	180	168	140	130	160	71	150	9	196	202	116	78	107	252	152	62	16	5	127	242	174	86	76	
184	201	42	254	29	215	199	224	215	0	196	2	51	217	49	96	88	234	27	202	106	171	58	191	243	237	130	9	51	27	112	170	
205	120	145	225	160	44	33	154	62	187	2	84	222	19	65	255	183	84	124	88	51	212	145	66	205	249	39	68	138	241	1	33	
75	54	126	117	178	126	127	63	121	238	126	229	253	127	151	177	55	117	253	44	229	212	229	206	110	255	101	128	46	244	15	125	
9	54	255	53	176	94	61	63	60	239	118	228	222	55	130	253	183	127	252	44	181	216	113	92	230	255	118	130	202	148	143	121	
211	64	214	205	111	26	174	104	253	194	242	98	200	248	181	231	254	229	254	231	229	247	197	200	54	122	206	130	29	62	121	5	
123	112	230	229	60	22	250	88	105	194	246	231	91	95	151	127	126	229	95	174	141	243	197	200	214	249	163	144	47	247	106	149	
128	141	2	143	244	163	174	239	28	1	91	18	236	106	56	64	123	11	19	161	114	184	73	255	44	54	138	68	20	74	177	136	
26	62	107	85	82	247	185	115	60	77	126	179	57	142	182	32	46	191	151	133	180	188	36	207	87	111	186	193	103	132	39	255	
35	241	97	75	86	223	170	252	79	64	125	74	48	220	188	164	30	24	18	111	199	178	60	253	39	28	0	106	127	143	91	188	
127	85	118	140	95	18	94	232	105	164	255	15	75	122	63	215	254	229	238	231	204	163	189	204	178	248	199	23	39	183	106	70	
56	73	106	238	20	147	207	112	212	0	254	2	115	201	181	64	120	232	23	234	200	171	44	189	242	239	160	152	117	187	112	136	
38	13	66	138	212	163	234	96	151	129	249	2	96	234	52	64	120	170	6	177	26	187	8	255	58	44	131	136	149	107	112	128	
2	205	2	158	20	131	174	230	22	0	90	2	32	234	49	64	121	106	19	195	98	152	10	255	32	38	138	136	20	27	48	136	
201	168	156	55	105	248	97	16	250	247	102	28	191	163	74	219	3	68	232	24	39	84	247	33	204	227	113	57	202	133	15	216	
108	237	149	114	237	109	71	172	251	186	44	8	214	113	73	59	145	82	96	122	114	98	218	50	235	158	69	127	194	115	198	162	
2	187	186	208	201	181	184	71	143	21	172	29	140	206	102	14	141	187	203	144	22	107	178	241	27	80	31	123	210	12	175	198	
155	159	230	117	179	250	127	183	117	207	94	183	121	63	150	101	39	127	181	141	245	220	165	238	110	127	246	131	167	244	245	125	
2	189	50	158	239	133	188	229	136	88	89	163	172	254	104	3	239	59	147	129	210	26	138	241	45	16	206	234	20	78	181	219	
124	69	102	206	93	211	74	120	197	0	255	2	91	203	61	80	120	228	63	234	200	179	61	220	115	237	131	69	119	171	112	0	
175	116	241	67	125	127	203	216	91	250	181	88	74	85	221	190	93	220	214	122	171	118	253	210	15	222	5	190	211	255	70	245	
1	0	15	189	4	139	96	6	116	33	66	194	177	1	48	73	104	172	42	156	10	184	69	21	132	162	242	0	60	136	113	136	
110	146	228	225	111	29	248	25	43	63	179	255	207	174	220	222	239	149	255	133	156	115	239	209	150	251	251	254	151	172	213	117	
29	127	75	173	54	171	75	242	52	232	90	231	119	101	177	64	62	236	21	238	169	176	5	62	240	237	33	128	109	251	16	17	
252	120	160	188	77	108	87	200	187	214	164	13	218	251	71	95	201	228	121	78	40	103	218	160	211	251	199	62	203	125	118	114	
19	127	107	77	54	166	239	214	108	200	254	230	57	142	181	112	126	237	23	239	137	145	36	127	176	236	170	128	109	211	115	253	
98	72	82	157	108	8	232	98	173	2	242	10	172	138	117	91	234	165	127	129	0	55	194	193	148	58	218	136	4	40	99	136	
101	39	124	69	236	59	231	170	105	174	190	12	195	40	151	63	25	196	110	110	252	242	229	14	62	127	101	21	193	252	82	100	
248	62	254	116	170	233	81	215	187	191	164	57	63	191	67	27	167	247	237	16	62	79	170	34	219	195	117	59	224	240	135	75	
6	128	150	153	100	130	168	234	30	19	82	2	204	234	56	73	123	47	59	129	0	216	11	221	12	54	223	196	148	8	49	136	
11	191	159	157	242	216	189	247	190	95	86	244	188	246	162	237	39	107	238	148	247	217	166	119	108	39	127	194	138	4	173	249	
160	32	30	121	24	173	96	35	252	9	226	24	183	209	8	16	128	42	72	8	58	173	194	55	193	227	48	81	64	8	66	170	
124	180	241	66	215	127	87	123	67	175	189	40	90	117	200	180	25	158	196	58	25	50	232	18	127	205	5	127	227	234	198	227	
81	149	94	108	154	46	87	191	165	96	175	140	87	39	0	83	86	214	108	108	121	137	89	29	250	167	37	84	40	226	168	16	
2	141	2	156	20	163	174	103	20	1	90	2	32	234	32	64	88	42	2	128	48	152	0	255	40	38	138	192	20	8	176	136	
2	185	18	139	245	133	186	199	14	9	88	34	172	222	112	64	254	59	147	209	82	58	2	253	45	20	158	234	20	14	177	155	
32	205	2	158	84	129	142	230	22	0	88	2	32	200	49	64	88	106	19	195	66	170	10	255	32	38	142	8	21	27	48	136	
34	33	82	129	110	171	232	67	45	177	179	26	142	10	84	8	106	137	95	145	16	191	65	212	156	152	154	244	101	8	115	128	
213	16	229	71	137	126	79	152	99	251	167	28	82	118	223	62	21	196	124	238	153	69	255	98	27	190	69	20	235	115	230	116	
2	184	144	155	109	173	184	206	158	25	81	48	172	218	104	72	135	11	51	17	18	88	202	241	13	22	26	234	144	9	129	131	
66	172	158	177	138	232	185	7	190	23	74	147	189	183	98	74	163	31	59	145	18	220	147	194	205	39	90	73	132	64	165	74	
159	222	246	93	179	210	63	246	55	206	94	183	109	254	166	244	55	127	181	198	247	220	45	255	234	127	63	131	46	245	173	255	
0	205	2	158	20	131	170	230	22	0	88	2	96	232	49	64	89	106	2	195	66	184	10	255	32	38	130	8	20	27	48	136	
155	223	230	85	179	214	126	183	125	206	94	183	105	255	182	116	55	255	181	135	244	216	37	239	122	127	127	195	167	244	165	95	
157	20	247	181	162	58	109	59	125	226	83	246	221	119	153	251	55	133	127	172	181	212	37	202	198	239	111	132	175	228	161	241	
16	77	11	190	92	129	175	114	148	0	88	66	49	195	49	64	72	106	19	203	67	170	2	191	224	167	170	136	53	25	48	168	
36	77	66	218	212	163	226	196	151	129	248	2	96	202	53	64	88	232	6	209	26	179	8	255	58	12	131	72	149	59	240	128	
188	76	70	238	92	131	74	248	149	0	249	2	99	203	57	64	120	232	6	227	104	167	8	191	242	239	161	128	55	171	112	128	
184	73	106	236	20	146	207	112	196	192	254	2	115	201	177	97	120	232	23	234	200	179	37	45	242	233	162	128	53	187	112	168	
166	248	176	218	205	197	176	204	159	89	208	25	172	222	109	8	205	59	243	209	18	103	218	241	29	16	31	111	208	29	167	211	
108	161	248	86	249	93	147	156	122	245	45	8	251	229	206	182	23	94	224	94	151	98	234	34	107	221	5	125	194	239	206	244	
81	124	153	241	146	238	116	150	63	243	38	80	150	23	65	127	39	126	124	24	35	220	177	98	173	166	21	70	168	80	1	59	
252	68	106	110	93	215	194	104	213	132	255	10	115	217	61	113	120	228	63	234	104	167	56	254	115	237	129	25	119	171	116	2	
127	85	102	140	95	26	254	104	237	164	255	175	75	106	191	215	122	197	238	227	204	163	61	204	178	120	143	151	47	63	120	70	
208	226	26	56	56	137	48	11	174	61	160	120	167	195	73	89	130	56	108	16	2	37	130	17	144	161	48	121	88	0	15	3	
24	205	10	190	20	131	203	246	22	0	220	2	115	225	49	64	88	106	6	203	106	184	8	63	224	167	162	8	52	155	48	168	
220	55	254	35	179	122	83	25	53	238	23	181	79	127	203	221	51	93	237	50	60	212	173	128	202	195	101	199	230	231	14	83	
122	31	94	36	42	26	92	55	169	236	190	237	63	63	130	147	166	183	253	164	204	139	193	76	242	249	100	147	110	164	138	91	
77	184	253	119	164	47	103	189	114	251	119	76	243	113	209	43	17	78	116	46	249	248	255	41	110	239	117	36	235	249	210	57	
120	127	124	100	46	75	93	126	161	172	188	168	27	45	195	19	46	244	109	104	200	107	224	8	242	201	101	189	103	248	70	59	
43	175	98	147	245	181	238	199	31	111	92	255	40	168	246	132	191	171	151	157	182	186	36	246	46	92	158	235	215	220	251	205	
216	144	157	241	168	109	81	159	171	123	163	125	151	23	72	91	135	23	109	16	59	77	217	17	201	211	117	116	152	72	135	51	
49	73	91	236	20	6	79	125	69	0	250	66	115	89	49	96	88	224	28	234	73	163	81	45	243	172	164	16	53	186	112	40	
144	143	126	168	182	131	127	55	132	4	222	231	165	11	178	65	110	163	143	225	248	185	5	189	232	227	170	193	52	136	189	73	
184	204	42	250	93	197	211	230	215	0	228	10	178	217	49	97	200	234	19	67	106	47	58	191	243	217	138	43	83	25	116	170	
112	160	136	165	136	38	80	15	34	167	140	9	23	35	74	26	145	132	237	160	28	67	209	0	219	135	61	117	168	96	154	2	
80	51	154	48	138	232	16	71	170	181	162	61	166	131	64	90	167	191	108	16	26	75	130	32	152	161	20	123	160	0	135	27	
189	156	229	247	180	35	207	254	87	234	243	254	115	124	156	33	223	206	53	175	189	254	109	190	186	239	245	148	237	233	240	113	
205	54	255	247	230	58	185	81	248	243	87	246	221	239	249	235	119	125	63	191	177	213	172	194	94	47	127	132	174	225	33	241	
88	168	154	186	137	233	81	199	182	23	132	25	175	243	98	90	161	187	233	144	26	79	154	115	217	199	94	123	176	64	175	10	
58	195	107	237	54	82	93	101	5	68	246	162	11	15	182	228	110	149	151	224	88	186	101	205	242	233	162	195	119	142	244	107	
168	205	43	254	29	197	87	230	215	17	228	2	178	217	32	97	201	234	18	72	106	47	122	191	243	217	146	107	18	25	116	170	
108	247	24	75	217	31	71	184	115	36	173	8	82	81	13	180	24	220	64	122	75	34	251	63	53	141	5	124	67	51	78	160	
83	0	214	141	46	26	168	104	237	194	211	66	200	248	181	231	254	229	126	231	205	243	197	200	148	58	202	130	13	46	121	132	
2	149	0	155	181	135	186	237	30	9	89	18	236	250	56	64	221	11	19	145	114	184	89	255	45	22	155	230	148	14	177	131	
76	254	145	99	170	107	70	152	115	178	172	72	223	99	73	255	23	220	236	122	105	84	217	58	173	215	69	60	170	243	11	32	
97	96	82	69	16	30	98	16	96	130	103	72	211	19	129	180	16	204	72	106	73	176	209	12	6	237	0	16	74	147	74	4	
2	156	2	154	21	231	162	194	22	1	88	2	32	248	48	64	217	42	19	145	50	186	24	255	41	54	138	75	148	10	48	138	
175	113	228	71	237	95	222	216	91	250	181	76	74	88	223	191	222	204	214	110	237	118	253	232	54	88	197	191	79	255	90	213	
2	205	10	190	20	131	171	242	22	0	94	2	113	203	49	64	120	106	19	203	98	152	10	255	96	167	170	136	20	11	48	136	
111	185	211	90	105	221	80	232	203	121	101	8	106	209	236	180	152	248	226	88	3	43	250	241	31	88	5	126	90	142	74	189	
216	150	255	101	50	106	49	59	61	174	126	176	95	55	129	80	55	61	165	32	112	220	161	78	222	239	113	135	230	224	7	121	
130	13	130	158	20	162	42	99	52	128	91	18	40	226	32	64	120	43	19	144	48	152	2	238	8	38	138	128	20	106	48	136	
134	141	36	155	244	163	174	236	94	3	91	18	236	104	56	65	123	75	27	243	178	184	73	255	44	54	158	196	148	75	177	136	
125	188	215	119	180	110	71	190	114	251	110	88	115	113	201	191	17	110	116	58	249	252	185	46	41	239	117	68	234	249	194	41	
126	245	152	164	139	100	23	235	35	174	140	9	78	247	75	18	145	215	233	48	88	67	219	48	251	231	13	63	128	118	142	83	
83	201	133	157	203	212	44	39	175	83	2	131	44	166	36	214	163	167	251	133	87	9	151	247	181	54	218	2	30	4	169	92	
2	157	18	155	149	231	186	231	30	9	88	19	172	254	40	64	221	59	147	145	18	152	17	255	45	22	158	195	144	76	181	155	
236	117	60	103	117	95	119	184	121	168	119	8	223	127	9	49	148	220	252	106	232	240	249	14	231	255	37	20	66	179	70	35	
88	15	220	101	50	106	81	55	52	175	254	177	51	35	130	80	55	182	109	136	104	152	69	14	200	231	48	145	101	192	70	43	
254	97	226	230	109	91	254	232	9	230	183	171	74	220	95	7	250	221	215	227	76	247	249	200	179	217	197	191	103	191	126	214	
248	120	185	252	13	124	85	142	147	182	164	8	187	255	65	155	200	228	121	74	105	103	242	138	211	249	197	57	66	121	86	122	
34	142	43	157	93	225	177	111	30	69	84	51	164	236	38	64	217	59	163	129	54	186	99	255	77	54	154	11	16	72	181	238	
56	76	106	254	28	130	203	113	197	0	215	2	113	203	177	65	88	168	31	170	200	163	34	157	242	233	170	136	55	170	112	32	
45	181	114	226	213	253	123	217	71	97	125	10	91	221	122	180	125	152	146	186	159	50	56	215	127	93	129	109	251	207	250	146	
99	162	228	225	108	27	248	73	43	53	178	239	143	142	212	222	238	141	127	149	148	115	199	208	158	216	203	246	133	172	83	196	
202	186	190	186	171	225	16	151	190	31	148	245	172	175	226	75	199	51	237	17	54	77	194	177	202	243	126	251	144	68	141	91	
2	141	2	141	20	162	170	103	20	1	90	2	104	234	48	64	120	43	19	129	16	152	1	223	36	38	154	192	21	10	176	136	
101	245	209	65	249	95	70	184	123	244	169	12	210	112	77	180	145	76	64	122	239	98	253	30	46	222	5	126	202	243	194	212	
26	65	106	236	20	2	235	112	133	0	223	2	89	203	184	96	120	169	31	235	200	131	36	204	210	237	170	136	55	171	112	32	
237	117	125	103	52	15	119	184	121	168	119	72	223	127	9	49	150	221	125	106	233	240	249	14	231	251	101	148	66	179	66	35	
134	132	16	155	180	167	186	200	30	59	89	18	204	234	120	64	217	11	19	51	50	180	75	247	45	22	155	230	148	11	145	129	
235	122	195	94	107	25	188	220	219	202	116	252	40	204	215	191	159	104	246	14	231	118	238	226	22	94	117	170	79	252	90	221	
28	12	74	254	20	163	107	114	148	0	223	2	115	227	177	96	120	234	23	234	107	153	40	191	240	175	162	128	52	171	48	40	
24	140	10	190	20	131	235	242	22	0	220	2	49	233	49	64	88	106	23	203	10	184	8	191	224	231	170	136	52	139	48	168	
2	156	18	154	21	231	178	194	30	9	88	2	164	218	32	64	217	58	19	145	34	190	90	255	41	54	154	75	144	11	52	138	
168	204	63	254	77	197	213	230	223	18	228	16	178	217	33	105	201	106	19	66	106	111	114	191	195	243	218	59	18	25	116	170	
24	77	11	254	20	131	75	112	20	0	220	2	115	193	177	64	88	234	23	202	105	171	42	191	224	231	170	136	52	187	48	168	
75	177	208	64	233	28	86	157	235	185	174	76	10	178	206	246	166	198	252	88	151	11	243	225	62	92	20	127	138	150	202	13	
98	34	192	161	108	9	232	65	43	177	178	203	143	138	84	90	234	141	127	149	6	59	197	208	148	152	139	244	5	136	83	132	
88	168	154	184	153	233	81	199	183	29	164	57	46	247	98	90	161	187	237	144	26	75	130	49	219	199	22	123	178	64	167	74	
75	255	116	6	235	57	190	190	171	125	62	239	236	46	207	151	167	87	255	102	198	73	239	245	62	123	93	247	79	215	139	93	
154	222	226	92	51	214	62	242	63	206	94	167	105	254	183	116	183	255	181	199	228	221	37	255	59	127	15	131	39	245	37	95	
10	62	251	149	114	234	185	82	188	239	94	231	60	190	231	72	167	127	255	17	161	221	164	106	93	7	62	131	172	117	39	251	
2	140	2	158	20	163	170	226	22	0	90	2	96	234	49	64	120	106	19	195	34	188	10	255	32	38	138	128	21	11	48	136	
134	140	2	158	20	162	42	99	52	129	91	18	104	226	32	64	120	41	19	128	48	156	0	207	8	38	138	192	20	8	48	128	
30	63	254	21	179	250	51	82	189	236	94	167	12	246	227	254	38	125	189	115	149	209	180	234	94	101	43	199	174	229	47	247	
252	124	254	118	227	62	117	18	241	238	166	61	122	117	199	27	167	246	236	46	168	215	176	42	91	235	117	48	234	245	70	123	
248	39	253	102	136	74	69	125	224	134	173	24	115	101	65	19	9	182	76	56	120	99	234	10	123	131	117	61	225	226	198	106	
222	126	223	86	162	114	126	179	177	206	207	240	79	119	139	251	55	247	236	162	108	197	165	106	242	227	117	131	162	245	174	69	
188	4	70	172	84	163	74	120	149	130	249	2	99	203	57	65	120	168	14	226	104	183	8	159	242	239	163	4	55	171	112	128	
223	132	255	245	178	58	109	63	117	243	126	210	93	39	154	127	55	215	61	188	177	220	165	198	254	239	254	196	167	240	161	117	
31	72	194	218	87	179	250	64	21	134	215	130	40	202	183	236	122	169	147	219	14	183	52	234	18	94	154	3	191	191	120	140	
94	183	242	1	243	58	61	61	57	237	63	191	77	47	206	148	55	151	237	48	180	209	173	198	126	87	37	199	231	230	143	87	
2	205	2	158	28	129	142	230	150	0	88	2	32	202	49	64	72	106	19	195	98	170	10	191	32	38	158	136	20	25	48	136	
182	113	242	198	79	87	254	104	137	228	241	11	74	252	127	19	254	253	215	227	76	243	184	200	55	24	199	63	103	127	118	214	
89	219	78	172	38	150	126	55	132	72	222	231	127	171	178	192	230	231	175	207	204	137	4	237	242	237	234	128	60	180	185	25	
237	124	181	71	169	118	79	156	115	250	166	88	218	118	221	255	149	196	124	254	237	86	253	34	63	254	69	20	194	119	226	116	
34	169	18	139	244	133	186	231	14	9	88	2	172	218	56	64	254	59	19	209	82	58	0	253	44	20	142	234	21	10	177	137	
67	0	199	205	6	18	168	0	236	64	211	194	221	130	180	238	106	165	58	141	129	145	183	192	148	40	202	128	13	170	113	36	
146	143	234	184	151	210	185	231	158	13	214	179	44	238	54	64	255	187	151	145	54	223	36	231	251	103	190	195	181	68	189	91	
227	190	149	16	173	191	196	191	255	59	50	92	134	56	20	191	133	6	108	29	181	109	83	118	156	26	85	118	200	64	203	13	
130	72	2	155	20	131	170	198	22	3	82	18	40	202	49	72	123	41	19	145	34	156	0	255	36	38	154	192	148	9	49	136	
134	233	16	155	252	141	184	206	142	25	80	16	172	218	113	9	207	27	83	81	82	110	74	241	44	16	30	234	208	25	129	137	
109	125	209	69	249	95	70	184	123	226	44	76	223	99	193	182	23	92	232	122	101	114	249	58	174	215	69	52	202	243	10	148	
159	52	251	241	214	54	189	83	63	227	79	214	93	239	120	108	119	191	51	189	177	212	189	194	223	239	223	68	175	224	161	240	
34	130	59	217	124	225	177	79	30	117	84	179	164	205	110	72	219	27	163	17	50	62	98	215	77	23	26	239	148	8	53	234	
83	1	215	141	14	26	232	65	109	192	211	66	204	154	180	226	250	133	126	161	133	179	197	200	148	56	202	10	13	42	121	132	
184	69	102	236	4	2	78	113	117	130	246	2	123	73	177	65	122	164	61	234	232	183	5	142	242	235	226	144	39	184	112	0	
93	203	66	36	34	10	78	176	36	132	234	228	67	34	147	208	50	236	108	238	76	147	133	12	176	237	37	132	42	179	106	0	
189	220	231	247	180	46	78	190	87	235	250	254	115	125	153	97	127	254	53	175	185	246	109	63	252	239	245	208	237	249	208	49	
155	21	96	163	183	190	250	22	93	73	95	247	139	40	150	228	255	139	149	189	191	184	37	238	238	93	186	194	175	205	88	85	
83	125	67	12	114	210	190	101	168	192	90	229	60	158	167	212	98	109	149	231	197	153	164	109	52	36	174	131	45	182	59	223	
39	122	226	90	85	181	250	204	95	199	124	14	40	204	255	172	221	232	146	222	135	54	126	243	31	28	149	171	223	223	122	220	
124	13	110	254	93	247	214	232	213	134	255	10	98	217	61	81	248	248	131	106	104	163	26	191	115	239	129	25	115	123	116	130	
2	157	18	155	181	231	186	231	30	9	74	18	172	254	32	64	213	59	147	145	18	152	17	255	45	22	158	195	144	12	165	155	
170	223	38	156	125	209	148	230	149	68	220	167	164	140	54	197	204	58	147	69	238	175	118	191	34	115	154	155	31	28	60	223	
220	255	187	244	138	76	31	179	178	182	142	153	87	231	64	83	39	247	237	66	120	77	171	35	249	227	109	253	32	241	135	115	
109	237	165	71	233	126	79	157	123	250	170	8	218	116	95	255	145	206	120	62	237	82	253	42	47	126	69	52	194	247	194	108	
34	141	114	137	244	131	186	231	78	1	120	2	172	202	52	0	254	43	19	209	210	186	64	253	44	28	142	232	21	10	241	137	
2	141	2	143	20	162	170	103	4	1	90	2	104	234	48	64	120	43	19	161	18	152	1	223	40	38	138	192	20	10	176	136	
173	60	180	113	185	63	114	154	123	250	191	56	223	117	195	63	159	118	252	126	188	244	235	42	207	219	101	247	194	229	70	115	
83	1	67	140	78	10	232	65	109	32	210	66	140	138	52	226	234	133	122	225	141	179	197	192	148	48	138	0	13	10	121	132	
208	186	158	184	154	233	81	199	190	29	160	57	38	227	98	89	225	187	237	144	58	79	138	119	217	163	127	251	176	0	175	75	
134	132	2	154	20	162	170	66	20	1	83	18	72	202	32	72	121	41	19	176	48	158	0	223	8	38	154	192	148	8	48	128	
166	113	114	198	79	71	254	104	137	236	253	11	72	253	127	3	254	253	215	227	72	243	154	200	55	24	199	175	71	127	118	215	
109	113	125	103	37	15	119	184	121	168	119	72	223	123	9	49	150	221	124	106	233	240	249	44	231	251	101	148	74	179	66	51	
222	10	231	215	102	114	187	16	181	214	87	178	73	199	183	239	102	117	191	222	160	213	172	234	94	107	234	193	167	229	53	241	
10	130	59	249	124	235	177	75	30	125	84	179	188	143	34	104	219	27	163	17	50	190	98	215	69	135	58	205	148	8	53	251	
62	65	106	238	20	2	106	112	197	0	223	2	89	203	184	64	120	168	31	234	200	131	8	140	242	237	170	136	55	171	112	0	
82	186	142	186	184	228	16	151	190	95	146	245	166	238	98	74	229	103	237	21	190	77	131	115	216	55	126	219	152	68	173	95	
79	127	192	7	227	58	62	188	57	238	30	237	205	102	207	159	55	223	236	246	229	208	141	234	174	127	101	134	174	247	139	85	
166	224	128	155	252	135	186	200	30	185	81	26	204	200	121	8	219	73	51	243	34	118	75	240	44	22	143	236	149	59	209	129	
236	188	245	92	91	123	66	106	251	251	173	120	74	245	132	191	137	246	234	10	49	107	234	235	31	254	81	62	195	237	70	37	
227	251	224	30	235	153	188	181	251	90	116	255	40	236	214	191	166	235	182	199	245	126	190	241	22	58	93	170	95	180	203	221	
24	76	10	254	20	163	235	80	22	0	223	2	113	203	177	64	120	168	23	203	42	191	42	255	224	231	170	128	53	139	48	168	
2	28	18	155	21	231	178	66	30	9	88	2	164	218	33	64	217	58	147	17	34	190	90	255	5	54	154	10	144	9	49	139	
45	253	241	1	221	95	199	184	123	244	44	12	218	124	95	180	157	76	210	126	197	112	125	30	47	94	5	126	203	127	66	244	
109	253	145	65	217	95	103	188	123	232	44	12	250	116	71	182	149	236	192	126	197	112	253	62	47	222	5	54	202	118	66	252	
168	204	61	248	109	205	149	239	223	31	164	24	166	153	40	105	201	18	234	0	98	110	114	183	231	211	84	123	82	24	213	170	
159	36	167	242	213	246	237	67	247	195	79	18	88	255	112	108	249	175	51	157	57	223	186	194	223	239	159	64	139	96	161	242	
2	72	130	155	20	163	170	66	22	3	82	18	104	202	33	72	123	43	19	144	34	156	8	255	32	38	154	192	148	9	49	136	
2	204	2	138	20	163	170	194	22	3	90	2	104	202	33	64	121	42	19	144	34	156	8	255	40	6	154	192	149	11	48	136	
230	252	180	222	237	253	150	232	139	218	185	61	238	252	126	35	205	115	215	99	242	103	122	255	59	94	77	187	82	127	214	223	
29	76	75	254	20	130	75	112	148	128	223	2	115	195	177	96	120	168	31	234	41	161	32	174	240	239	162	128	53	171	48	32	
18	222	102	222	114	178	190	226	61	194	218	167	108	254	55	112	247	255	183	199	160	155	37	239	58	62	142	130	37	245	37	95	
60	12	74	238	20	162	75	112	148	0	223	2	115	227	177	96	120	168	31	234	40	131	41	191	242	239	162	128	54	235	112	32	
222	76	246	244	134	34	78	150	117	2	210	18	79	43	49	75	122	197	61	227	232	245	5	238	178	251	222	144	39	249	113	8	
2	148	18	155	183	231	186	207	30	9	89	51	236	254	40	64	255	59	147	145	50	152	25	247	45	22	154	195	144	14	181	155	
89	1	206	197	12	16	232	64	236	0	194	66	152	130	246	230	106	133	122	137	133	131	181	192	148	41	138	8	13	42	121	4	
134	236	20	155	236	137	188	135	142	27	120	24	172	138	121	11	207	43	123	83	66	12	74	241	44	16	94	234	20	88	129	137	
193	156	159	31	238	237	181	167	254	123	98	92	246	240	68	59	131	103	122	25	183	125	186	115	140	186	118	122	200	72	131	143	
162	205	2	158	28	131	138	226	22	0	80	2	32	200	49	64	72	106	19	195	98	170	10	191	32	38	154	136	21	25	48	136	
193	188	159	83	202	233	181	231	254	91	102	56	180	182	228	127	167	115	106	16	51	221	50	119	29	178	86	66	200	80	131	189	
188	4	102	236	148	34	206	127	85	130	251	18	75	235	49	65	120	164	31	161	184	183	1	142	178	239	162	132	247	248	240	128	
83	247	106	1	242	27	190	255	43	101	62	239	76	46	158	148	55	135	221	181	214	153	165	223	62	95	29	199	103	150	143	93	
233	108	254	125	40	26	125	150	251	246	102	40	191	183	195	187	39	124	252	14	224	213	227	42	230	255	116	49	226	245	79	249	
3	159	66	141	52	147	178	119	29	13	94	231	172	226	166	196	222	43	142	133	150	152	69	255	38	118	186	195	30	142	185	157	
130	204	2	158	20	163	170	226	22	2	90	2	96	202	49	64	89	106	19	131	34	188	10	255	32	38	138	128	20	11	48	136	
39	188	240	83	246	177	186	222	91	227	93	163	136	220	255	44	159	91	151	157	150	60	172	242	14	28	31	238	215	223	211	253	
2	145	27	154	124	197	177	101	142	77	81	39	164	214	38	64	200	59	11	144	6	139	50	245	5	52	154	203	16	8	165	219	
90	223	78	172	142	146	190	231	140	142	158	167	45	234	178	67	238	231	191	231	204	137	7	239	242	97	239	131	61	126	185	27	
220	132	230	245	212	34	110	255	117	131	254	18	89	43	180	73	123	206	63	184	248	255	5	238	126	239	246	196	167	240	240	8	
28	5	78	236	20	34	75	112	133	128	223	2	83	99	177	96	120	164	31	234	8	131	33	140	242	239	162	144	55	171	112	32	
190	77	106	238	212	162	207	240	149	2	220	18	81	203	177	96	88	232	23	235	232	167	44	174	242	237	171	136	55	251	112	160	
34	141	98	201	244	131	170	231	78	1	120	2	168	8	52	0	126	43	19	241	146	184	64	253	44	28	138	224	85	10	241	136	
2	141	2	136	148	163	170	103	4	1	90	2	96	106	32	64	120	42	19	160	18	184	1	223	44	36	138	192	20	10	176	8	
109	113	121	103	101	15	119	184	105	168	127	72	223	123	9	48	150	220	100	106	201	176	249	172	231	255	37	4	74	187	66	35	
28	76	74	254	20	163	235	80	150	0	223	2	113	203	177	64	88	170	23	203	42	191	42	191	226	239	170	128	53	187	48	160	
2	28	18	155	53	229	178	66	30	9	80	18	172	218	33	72	217	59	147	17	34	188	90	255	5	54	154	11	144	9	53	155	
60	13	110	238	20	162	75	112	196	0	255	2	115	227	176	96	120	160	30	168	152	131	37	31	242	239	163	192	55	235	112	32	
6	4	2	152	148	162	170	99	20	1	91	18	64	202	32	64	89	40	2	176	48	148	0	223	8	38	154	192	148	11	48	128	
214	76	214	182	166	40	126	135	185	130	154	18	205	106	21	91	103	231	127	163	40	197	137	234	180	254	222	128	164	113	225	1	
79	255	240	1	243	27	190	184	59	232	58	237	205	110	215	150	183	77	213	119	229	208	237	234	46	95	45	166	238	247	11	221	
36	183	250	71	242	43	53	121	59	167	125	184	72	231	206	20	63	30	135	32	80	210	168	66	94	22	49	231	231	226	199	241	
136	130	59	249	117	243	177	67	30	61	84	179	141	135	226	72	223	59	131	17	50	188	99	149	205	215	186	193	150	12	53	251	
6	209	144	155	181	197	190	205	30	25	81	50	236	222	104	72	223	27	147	145	50	144	91	247	45	22	159	231	144	10	181	155	
27	215	106	111	51	214	95	181	117	77	95	231	105	111	190	228	118	59	149	239	255	152	53	255	98	109	174	193	63	150	236	125	
156	158	119	87	178	42	23	190	61	174	247	240	107	103	141	23	55	215	205	34	120	213	41	46	234	235	101	151	227	241	134	121	
6	140	130	155	148	162	170	71	54	131	91	18	72	234	32	64	123	42	19	144	50	156	0	222	44	38	158	192	148	72	177	128	
174	44	167	252	205	244	241	67	215	139	197	16	184	255	97	239	201	106	51	145	58	239	242	226	75	255	222	75	146	105	244	162	
105	189	177	7	241	95	102	189	123	232	44	12	250	116	95	182	157	110	112	62	237	240	249	62	47	223	5	54	194	246	74	220	
180	69	70	172	212	34	102	127	21	34	250	18	67	234	49	73	121	198	46	162	56	183	1	142	178	239	214	4	181	249	240	0	
231	252	180	254	253	61	158	252	219	91	177	57	238	253	93	43	159	83	255	99	246	103	234	255	187	94	85	254	214	125	210	87	
130	73	2	158	20	129	174	230	22	0	80	2	32	202	49	64	88	106	19	195	98	186	2	255	32	38	138	136	20	25	48	136	
34	141	66	158	212	163	174	231	150	0	88	2	96	232	49	64	121	106	19	195	114	187	8	255	56	38	142	136	21	90	240	136	
128	154	122	187	118	193	185	82	28	77	83	247	181	143	162	64	254	59	7	129	178	156	35	87	68	161	186	193	20	8	53	219	
89	3	74	205	13	80	224	80	228	8	215	70	136	128	182	230	104	132	238	136	141	179	167	192	22	105	170	9	59	14	121	134	
163	191	96	31	235	157	188	231	123	84	116	175	40	172	214	167	46	107	179	197	247	122	190	241	54	56	222	171	95	196	139	221	
6	76	2	158	20	163	170	66	22	2	89	18	96	234	49	64	89	42	19	131	34	188	10	255	32	38	138	136	149	11	48	128	
166	121	114	222	109	199	190	232	217	200	241	11	104	252	53	3	252	249	183	227	224	243	154	236	53	24	207	171	69	63	118	147	
216	190	142	184	219	253	48	247	182	95	198	181	173	199	98	217	229	171	239	149	55	79	146	55	219	231	63	249	186	4	175	91	
7	236	224	211	214	177	190	198	95	195	92	146	168	204	215	40	63	91	19	157	150	60	46	242	46	30	159	236	213	223	211	205	
162	211	54	142	109	85	156	253	141	92	220	47	44	252	190	103	204	123	151	231	196	43	50	241	51	56	202	187	22	62	245	223	
22	92	98	222	210	146	190	226	189	194	218	163	104	254	55	96	127	255	151	199	160	155	36	239	58	46	158	130	37	245	53	221	
11	159	74	141	54	146	186	119	12	77	94	231	173	10	182	192	222	43	142	133	215	152	101	223	166	117	186	194	28	142	185	221	
2	72	130	155	20	131	170	196	22	1	82	18	104	202	33	72	121	107	19	208	34	152	0	255	32	38	154	128	148	25	49	136	
3	91	231	133	46	18	175	20	205	232	90	230	237	12	181	230	102	101	62	239	197	145	37	232	36	60	238	130	13	191	177	125	
155	215	103	79	55	214	127	189	117	76	95	247	121	95	190	229	118	152	157	239	239	156	45	255	98	123	170	194	63	134	252	125	
44	40	183	218	237	240	145	67	223	151	196	16	172	255	101	239	201	122	179	17	50	110	226	225	79	243	222	107	146	77	245	238	
2	133	2	137	148	163	170	103	4	1	90	2	104	106	32	64	120	34	19	176	18	184	1	221	40	36	138	192	20	10	176	8	
2	141	114	201	214	131	170	103	76	1	88	2	172	40	52	0	122	43	19	241	146	184	1	253	44	28	138	192	213	10	241	136	
40	136	180	253	205	249	177	206	223	23	100	56	174	185	101	207	193	123	170	0	34	110	226	241	71	247	82	59	146	89	5	171	
38	229	134	143	236	3	174	232	30	178	216	10	204	232	121	1	251	201	115	243	66	115	75	216	60	16	207	172	21	122	177	128	
188	76	106	254	212	162	206	251	213	130	221	18	113	233	177	73	89	234	23	234	232	167	8	174	242	235	231	136	55	249	240	128	
60	77	110	238	148	130	75	117	196	128	255	2	115	227	177	96	120	228	30	232	152	163	36	190	242	239	163	192	183	187	240	32	
130	24	144	155	181	229	182	67	30	11	80	18	172	222	33	72	217	59	147	17	50	188	90	255	37	54	154	11	144	73	181	155	
60	205	198	254	212	34	110	255	53	35	242	18	75	43	49	73	121	206	55	178	56	251	1	238	190	239	246	196	167	249	240	8	
60	76	74	254	20	131	79	81	150	0	221	2	115	195	177	96	88	170	31	202	42	175	40	191	242	239	162	136	53	187	112	32	
248	1	70	228	4	2	76	112	133	0	247	2	91	43	32	83	120	132	61	234	104	147	1	140	242	235	226	132	39	169	112	0	
214	13	212	182	164	40	124	175	57	146	154	18	237	106	21	91	247	231	63	131	120	77	203	234	190	254	222	144	164	240	241	9	
230	252	244	222	236	45	254	174	219	187	184	56	236	248	93	11	159	211	127	3	242	103	202	251	190	30	95	254	148	253	211	129	
109	107	120	101	116	31	127	176	105	168	126	72	219	59	149	176	158	236	102	110	201	176	225	44	231	221	37	144	74	187	74	161	
32	201	2	154	84	131	166	236	22	0	88	2	96	202	48	64	88	106	2	67	66	186	10	255	48	6	135	40	21	26	48	136	
7	236	224	211	214	145	190	198	94	227	88	131	40	172	212	40	127	75	19	215	214	188	45	243	46	14	159	228	197	95	241	204	
138	144	179	249	37	241	49	67	23	93	86	178	157	151	162	236	75	24	183	144	19	156	98	209	199	247	154	195	150	140	45	255	
34	205	98	158	92	129	174	230	148	0	88	2	104	232	49	64	120	235	19	227	224	187	10	255	48	38	142	136	21	123	112	136	
138	162	162	185	117	253	185	87	31	31	86	181	140	143	98	204	205	59	135	21	50	188	34	211	207	215	26	227	146	140	53	235	
2	141	2	158	212	163	174	231	150	0	88	2	96	234	48	64	121	106	19	131	114	187	8	255	56	38	142	136	21	90	240	136	
63	151	96	234	254	27	222	249	31	109	189	175	79	125	190	100	222	147	151	119	223	43	109	223	122	93	133	222	247	143	212	85	
2	140	2	155	148	162	170	231	54	1	90	18	72	202	32	64	123	43	19	144	50	156	0	254	44	38	158	192	148	74	177	128	
162	73	2	158	212	131	174	99	148	2	80	2	32	200	49	64	104	106	19	195	98	190	10	255	32	38	154	136	21	58	176	136	
216	190	174	184	219	253	49	119	183	95	246	189	175	183	34	221	165	187	255	132	183	207	178	151	223	247	114	235	242	196	175	219	
139	219	111	221	111	214	189	55	205	94	214	182	56	158	182	231	238	34	190	197	229	141	54	237	38	123	250	131	31	156	253	253	
6	76	130	156	148	131	174	67	22	3	88	2	96	234	49	64	89	42	19	147	32	186	0	255	32	38	158	136	149	57	176	128	
6	177	144	155	236	133	190	205	30	25	89	50	204	222	120	64	255	91	19	211	82	18	74	241	45	16	143	238	148	27	177	131	
254	94	78	118	155	46	95	254	177	182	175	157	73	103	15	31	55	199	237	174	248	197	25	110	243	235	197	21	43	245	170	82	
198	236	144	155	236	169	254	174	159	51	57	24	236	234	89	75	235	203	95	3	114	124	202	243	60	22	95	252	212	91	129	137	
89	19	58	136	45	80	209	88	196	76	223	103	10	156	183	224	252	132	206	225	141	35	165	200	210	97	162	159	31	14	124	87	
