DiorµÏ°Â÷È»ó´½¸à-2017Çï¼¾ÏÞÁ¿°æ	927 Sophisticated	https://www.dior.cn/beauty/version-5.1432748111912/resize-image/ep/0/0/90/0/swatches%252Fcs_3348901316903_6e4645.png	https://www.dior.cn/beauty/version-5.1432748111912/resize-image/ep/0/0/90/0/covers%252FF002875927_V2_DALipstick.jpg
62	178	120	232	185	41	88	137	11	61	181	185	143	15	74	24	223	153	197	49	30	34	75	145	202	209	33	255	246	143	206	83	
42	193	98	192	125	83	250	196	205	1	244	2	8	156	124	101	122	153	147	243	192	179	36	196	51	88	138	207	23	25	244	174	
18	207	15	237	48	194	79	55	132	13	222	195	181	7	176	64	110	51	31	140	75	137	33	223	225	165	186	128	52	130	181	121	
154	144	80	202	75	81	22	105	87	83	245	178	73	218	174	228	219	153	150	162	95	6	111	211	18	255	154	239	59	143	172	150	
17	221	46	169	54	131	187	119	206	69	90	39	181	24	50	64	234	43	31	21	198	184	21	159	228	69	170	192	61	10	177	203	
63	13	106	206	180	146	207	113	85	196	255	135	9	205	183	96	126	168	23	239	249	163	36	238	50	109	162	136	127	175	120	212	
247	67	103	196	76	18	238	112	225	194	243	198	73	8	189	231	120	196	126	238	237	167	165	200	50	40	194	132	47	191	120	180	
2	162	24	155	234	137	184	77	46	53	17	183	140	14	202	88	231	27	239	21	22	9	203	209	156	16	26	255	148	4	143	215	
215	147	122	158	203	52	187	248	27	93	209	87	76	254	62	239	255	219	51	231	151	67	190	241	19	56	202	206	61	39	163	213	
88	157	59	232	145	194	49	103	164	73	202	32	29	151	32	112	224	179	221	144	27	139	48	93	249	229	170	75	32	0	165	122	
155	144	250	222	71	148	255	89	125	71	117	23	108	219	62	196	242	11	147	142	246	167	58	195	83	125	146	11	55	6	233	198	
66	249	150	187	201	196	57	167	171	157	2	1	172	183	96	82	193	119	249	208	82	73	146	225	205	242	222	75	130	4	165	122	
162	232	184	217	85	253	177	198	95	7	116	19	168	153	119	12	217	59	131	17	34	190	114	243	79	30	18	107	215	24	125	142	
85	77	111	100	52	134	79	112	229	192	255	194	83	203	177	112	122	228	61	238	201	147	45	44	242	239	163	128	47	179	112	32	
117	69	79	238	12	6	79	112	225	128	251	74	83	225	177	115	120	228	108	238	233	163	140	12	240	235	227	24	109	187	114	32	
0	63	187	248	184	228	17	87	142	77	200	49	180	215	97	96	196	59	139	145	27	9	114	179	193	181	186	91	144	64	37	123	
185	64	103	77	68	3	103	120	85	226	247	74	83	65	181	117	120	204	54	110	233	182	101	136	116	42	225	0	127	187	112	160	
88	209	31	100	19	206	117	119	224	72	238	32	31	151	0	112	32	180	124	224	89	153	176	77	243	161	34	65	104	0	167	123	
33	161	49	219	237	253	208	207	207	121	189	24	146	216	126	167	201	10	218	17	87	107	250	145	15	88	16	127	210	72	222	174	
0	88	159	253	102	201	53	70	142	22	82	34	180	151	97	74	226	121	43	72	64	188	50	241	197	162	82	10	16	56	37	171	
0	88	191	188	110	224	177	70	142	150	82	35	188	157	97	74	234	121	187	65	0	189	130	224	213	176	122	11	148	121	53	235	
52	129	123	233	214	195	75	121	71	161	255	2	19	23	56	112	120	156	23	248	26	186	97	20	127	141	163	68	53	138	244	162	
124	91	120	238	107	213	86	248	135	172	180	43	127	223	43	144	220	241	151	98	74	35	106	189	243	201	37	191	51	187	70	99	
82	88	187	252	75	192	177	70	140	68	204	35	60	159	101	106	170	179	251	129	70	43	178	225	211	161	90	11	1	24	37	122	
70	56	170	180	110	224	185	66	168	206	94	163	156	189	115	74	230	125	179	209	0	87	162	224	85	52	234	171	133	101	55	243	
0	88	159	221	100	238	33	134	142	146	98	64	180	151	97	106	224	124	42	88	3	149	179	96	133	173	114	0	144	121	101	168	
60	33	123	224	148	235	83	81	70	165	255	10	23	13	113	96	120	157	15	241	24	178	97	156	217	197	161	69	165	139	116	34	
137	223	81	237	244	150	126	183	93	67	106	82	189	51	176	228	247	58	18	8	241	188	49	223	39	255	22	2	26	152	225	169	
70	56	171	208	104	228	186	66	170	200	152	66	156	159	101	42	238	125	91	217	1	67	176	232	149	157	139	186	132	113	55	179	
58	249	98	36	27	95	214	104	129	228	184	175	47	220	103	144	188	241	205	99	76	35	144	157	243	209	13	59	99	62	30	94	
56	89	106	108	31	91	86	120	69	228	252	143	107	13	55	16	56	180	197	99	204	171	81	141	243	201	1	25	119	174	94	90	
5	57	159	241	180	230	105	18	238	217	99	80	149	146	97	107	224	61	58	216	19	208	179	96	205	169	171	64	136	97	97	160	
194	144	25	248	234	77	184	93	158	123	17	251	156	30	72	43	143	19	251	33	243	77	122	211	221	145	123	255	16	8	133	243	
168	161	177	219	205	221	208	207	207	121	36	24	182	152	124	45	201	26	114	25	86	110	114	145	15	88	20	127	210	12	212	238	
10	150	126	201	114	186	184	23	61	13	94	247	140	42	166	196	39	19	143	148	150	156	5	215	78	55	58	195	159	132	45	95	
75	80	248	220	109	92	249	18	233	78	118	2	185	31	23	126	231	149	189	140	196	36	243	193	87	255	210	139	22	244	109	127	
5	185	115	201	244	205	235	209	109	73	124	102	185	213	188	36	62	58	22	216	147	184	48	229	111	156	162	192	207	139	213	241	
2	141	2	137	197	245	188	231	141	16	90	3	140	254	54	197	238	27	147	161	84	187	18	193	53	48	202	207	21	124	185	134	
27	8	38	153	87	183	168	194	159	69	70	151	8	142	55	205	125	171	147	157	182	157	22	255	29	126	154	64	159	5	57	212	
160	233	184	90	205	221	145	207	223	23	100	24	162	153	100	45	201	58	146	17	66	110	114	177	79	88	84	123	210	24	212	174	
187	90	99	222	124	149	202	240	213	72	212	231	57	200	183	228	124	232	151	207	207	183	62	255	50	109	170	136	63	159	120	221	
62	169	98	232	213	199	254	97	69	36	249	3	10	153	52	132	248	171	19	241	90	187	24	255	59	220	135	99	119	14	244	134	
60	97	58	234	53	221	82	88	229	136	253	9	111	219	43	176	216	184	135	114	14	163	10	172	243	221	1	59	114	171	110	131	
157	223	239	135	182	50	175	184	86	234	94	230	241	112	191	229	55	78	62	111	241	240	45	174	44	43	239	132	175	255	217	117	
50	15	106	158	94	225	154	226	141	68	220	171	40	204	55	64	238	243	147	195	6	43	38	253	51	52	138	139	21	15	53	222	
41	92	243	75	118	236	235	86	77	73	124	230	48	21	180	36	126	186	22	140	131	186	116	227	100	44	178	128	255	218	242	253	
2	88	18	157	103	165	190	198	142	10	90	34	172	254	49	64	238	123	179	195	2	152	2	249	5	54	154	138	20	123	33	139	
11	17	167	145	231	112	188	7	77	95	90	227	140	62	246	238	231	11	179	149	149	216	39	192	13	86	222	199	134	92	189	253	
58	219	96	78	127	217	222	250	13	76	124	175	42	205	183	164	110	250	151	66	206	43	110	253	54	124	128	187	127	159	94	223	
107	17	120	225	229	156	248	51	233	72	182	102	159	26	150	246	238	135	223	141	213	42	244	197	22	121	186	195	79	132	251	157	
58	223	106	174	54	129	159	247	133	76	220	167	47	173	51	0	238	243	135	199	204	171	0	189	242	69	170	155	117	190	61	91	
50	216	115	252	87	212	154	118	153	76	220	7	44	159	54	100	238	187	151	197	198	11	50	253	179	126	154	155	23	28	53	95	
32	206	235	195	118	98	235	215	113	109	127	230	17	5	144	116	127	158	23	156	155	186	37	227	118	44	176	192	231	218	246	249	
171	177	160	153	205	157	209	207	207	125	4	29	172	152	126	141	201	10	19	29	87	110	90	177	15	88	88	126	218	12	216	222	
112	75	74	236	22	130	79	244	132	4	254	135	115	7	163	80	126	224	15	238	72	139	0	189	240	237	162	152	53	187	100	56	
75	17	121	193	117	252	248	19	237	73	190	98	159	30	180	244	230	147	158	25	151	168	117	196	150	249	186	211	143	140	89	29	
130	137	98	217	199	129	188	231	30	52	80	19	140	174	118	9	238	59	147	195	208	58	6	241	29	24	222	235	85	28	183	206	
8	146	122	232	116	253	123	214	47	77	124	37	191	223	250	80	215	155	151	29	130	56	50	241	199	253	50	233	148	202	245	243	
186	253	42	186	151	215	190	245	158	9	212	231	44	222	54	129	238	59	151	209	246	139	16	255	187	81	142	203	29	12	189	223	
233	91	51	244	100	141	109	55	233	200	50	76	190	145	48	244	196	34	63	12	193	188	208	201	229	248	48	184	66	136	208	41	
57	104	72	109	118	18	204	222	64	128	244	238	19	9	149	176	110	140	22	204	201	190	212	10	118	237	162	172	125	184	122	136	
2	232	18	153	199	129	190	199	30	3	80	3	172	138	116	192	251	43	147	145	86	190	0	242	44	20	158	227	21	30	241	142	
34	249	34	158	207	197	188	229	138	92	80	175	172	220	102	3	236	123	147	195	198	122	154	241	53	16	222	171	21	30	183	223	
163	217	98	215	231	145	188	229	27	228	112	187	44	222	246	40	254	123	179	199	196	186	174	243	15	24	223	235	85	156	223	223	
131	92	199	156	98	162	173	70	189	202	82	247	44	174	183	207	110	107	51	141	165	221	38	238	52	50	222	130	141	84	49	221	
10	158	118	158	115	144	184	99	189	15	87	183	44	239	38	197	238	59	167	133	52	159	2	239	22	119	218	139	7	4	45	223	
193	145	59	252	101	141	245	119	237	73	48	28	190	153	32	33	166	51	95	1	195	41	50	197	241	152	114	26	72	8	161	59	
184	1	126	224	37	95	112	105	237	56	183	19	74	25	46	123	232	144	223	98	124	165	17	220	211	251	64	87	115	140	124	2	
162	200	177	219	125	221	176	207	95	29	80	18	172	156	124	236	201	27	162	17	38	60	114	247	15	22	26	107	210	12	213	238	
6	232	18	147	231	129	190	197	30	131	88	2	172	202	101	64	255	43	19	147	86	190	8	242	44	20	158	234	149	30	177	141	
41	151	107	201	245	151	255	115	93	73	125	86	25	29	62	96	220	10	147	172	211	186	48	215	111	125	162	196	95	140	240	241	
248	64	124	108	77	79	213	105	137	22	245	9	67	137	38	27	200	180	231	98	104	39	242	29	83	251	208	61	81	40	118	226	
3	221	42	175	54	209	190	231	78	73	88	167	188	156	182	32	239	43	151	133	215	187	4	255	96	109	186	131	29	30	185	223	
139	105	162	152	77	213	184	198	159	80	80	19	172	222	119	205	232	43	147	213	7	222	18	241	7	88	218	171	159	28	57	222	
167	3	106	77	230	18	236	89	93	74	117	246	8	136	182	172	126	140	150	175	149	182	68	194	22	61	178	143	95	189	248	149	
90	152	182	186	139	240	176	199	175	95	30	51	12	190	110	206	167	19	251	145	22	73	130	225	155	119	94	203	130	84	173	223	
47	52	227	193	118	111	235	82	41	225	94	198	25	29	213	44	62	136	23	189	131	176	53	202	95	12	171	228	239	207	114	240	
3	223	123	233	54	211	190	71	78	73	88	226	189	156	182	160	238	59	147	129	199	184	36	253	38	93	186	227	85	8	249	159	
11	8	38	157	85	180	168	70	157	75	210	23	168	250	54	236	200	43	179	141	175	142	82	239	7	126	154	138	30	12	57	222	
170	219	114	154	127	145	190	244	205	76	84	231	168	140	182	196	238	187	135	199	199	58	70	253	54	81	170	235	31	158	253	221	
176	76	170	216	85	247	224	70	215	7	196	18	32	217	53	108	249	184	19	153	42	191	18	191	83	254	154	75	147	8	124	174	
118	89	235	158	95	224	155	192	137	68	216	163	40	252	55	64	234	243	147	195	6	3	62	253	115	36	138	155	53	127	52	222	
90	120	58	224	63	221	179	196	141	224	164	11	30	159	103	32	234	185	219	113	69	35	48	216	243	209	11	59	18	63	37	219	
48	12	18	232	85	167	194	70	87	1	232	2	34	137	37	64	249	170	2	145	26	187	16	191	57	148	146	67	209	72	112	138	
51	89	179	254	3	244	158	214	137	76	220	39	40	255	39	116	236	251	149	195	143	139	50	233	115	124	138	139	31	87	52	127	
19	76	234	217	87	183	235	198	87	3	78	146	25	159	55	108	123	169	19	157	18	156	53	255	95	79	154	65	183	140	113	236	
143	210	21	241	46	31	248	25	221	123	19	246	223	94	188	239	167	17	254	190	247	101	11	215	134	219	122	212	30	140	137	53	
47	45	98	65	215	179	250	82	79	225	124	130	40	156	247	36	62	187	147	220	150	184	36	254	111	92	131	227	231	207	120	237	
185	95	106	252	118	146	235	118	85	72	126	230	51	137	177	96	110	232	22	204	233	190	36	191	114	237	160	128	127	152	112	185	
40	158	120	219	127	169	147	230	95	5	124	50	166	217	36	68	205	58	130	0	34	44	114	191	103	183	18	107	86	9	117	171	
10	205	50	153	87	193	190	231	30	5	88	163	44	158	36	196	238	59	147	193	82	184	2	255	63	84	158	203	23	12	181	219	
122	114	112	224	110	89	249	68	15	108	180	171	13	31	231	110	110	149	223	241	12	51	101	208	214	209	170	191	55	156	37	223	
163	235	98	10	118	145	191	228	95	68	112	167	40	204	246	132	254	169	151	245	198	186	44	255	62	24	174	235	87	158	247	207	
153	157	87	93	212	158	102	55	117	64	250	70	59	50	180	245	108	162	30	232	249	184	53	253	54	170	162	64	47	136	248	60	
11	12	99	145	215	247	168	198	30	65	90	151	153	140	55	236	127	43	19	157	183	156	52	254	14	30	158	192	159	205	57	220	
216	219	95	254	42	66	95	184	165	158	134	231	127	103	160	83	102	244	125	238	104	199	139	173	243	227	227	144	50	178	36	123	
11	191	96	131	118	187	234	214	93	73	94	231	185	8	158	164	126	139	23	221	151	184	69	239	46	77	170	192	175	207	121	221	
33	63	107	107	116	238	107	22	36	73	126	102	179	31	144	112	94	186	23	136	139	186	113	63	103	173	176	192	101	138	198	249	
26	82	118	216	99	208	185	64	189	93	87	163	12	222	38	253	230	185	191	209	6	157	34	229	83	113	90	195	135	5	45	199	
22	206	235	227	150	2	239	247	20	37	218	194	17	47	48	64	127	206	23	157	154	184	13	238	237	143	190	196	165	218	241	168	
10	28	182	244	199	239	117	231	189	166	38	25	174	185	37	93	161	115	83	1	48	249	18	238	251	222	92	51	130	124	215	170	
226	178	61	248	239	77	144	111	154	127	145	191	134	28	76	11	143	19	239	17	51	111	122	213	221	19	88	127	84	8	135	123	
50	152	190	244	199	203	245	230	153	167	118	59	46	189	38	79	163	119	179	1	112	249	16	238	123	95	87	83	131	124	213	203	
72	152	123	235	52	237	123	22	47	77	126	45	191	159	14	80	214	191	191	17	138	184	240	181	199	253	58	195	148	138	213	123	
75	50	251	64	114	116	249	18	107	205	124	236	61	158	215	56	150	61	149	157	135	18	180	194	71	125	58	169	206	199	47	253	
75	27	147	221	245	244	184	19	235	89	90	116	188	186	228	238	199	63	182	17	151	216	146	224	14	124	218	202	138	68	169	21	
56	141	122	234	213	215	214	115	213	0	252	2	123	217	48	192	88	186	147	234	90	187	16	191	123	237	130	73	115	138	252	130	
74	17	138	161	227	52	188	7	171	245	30	167	140	174	78	202	231	7	251	149	148	25	147	192	206	85	222	199	142	70	169	215	
11	159	96	195	246	159	234	244	77	105	91	230	185	8	182	228	126	138	22	221	151	184	101	238	46	77	170	192	255	143	248	157	
11	151	96	193	118	190	232	50	93	72	94	230	185	24	159	164	126	171	22	189	135	176	37	223	14	77	170	192	255	142	121	157	
88	217	63	108	3	192	119	247	161	92	230	32	63	151	32	242	160	247	236	192	73	27	178	117	243	225	98	9	50	16	166	122	
33	214	241	201	116	205	235	83	75	65	124	198	153	221	244	36	127	184	19	156	131	56	116	211	71	28	146	232	255	138	116	249	
183	75	106	142	55	146	90	97	85	196	215	167	73	206	183	228	126	173	149	255	220	131	36	204	50	121	143	139	39	167	124	213	
61	40	172	225	253	63	211	216	75	253	181	15	18	25	95	168	153	204	85	127	158	114	121	144	219	217	129	116	211	47	90	194	
55	64	231	205	76	50	232	72	237	226	242	198	73	168	245	238	104	204	122	239	133	245	231	192	20	42	210	128	239	255	120	164	
117	77	127	238	28	134	79	112	197	128	250	66	115	217	181	112	120	224	60	234	201	163	81	172	243	239	162	16	61	187	112	40	
2	221	18	138	236	133	188	231	140	25	88	34	172	190	112	66	238	123	147	193	82	11	2	241	52	16	222	170	20	90	161	139	
27	158	66	156	87	178	184	98	157	67	82	247	44	238	54	196	255	41	183	133	182	159	22	223	22	119	154	195	159	13	57	215	
8	202	158	189	1	229	61	198	182	23	70	1	173	135	32	200	229	59	171	128	2	220	18	113	197	199	122	9	16	80	37	106	
50	89	51	222	95	196	186	198	140	65	216	67	60	158	37	96	238	243	147	193	131	11	16	253	49	36	154	138	21	27	53	251	
162	168	177	218	77	245	145	71	223	23	196	24	166	216	116	47	201	58	147	1	86	110	242	177	7	80	218	59	210	76	212	238	
159	183	231	197	182	50	239	251	87	234	94	230	121	108	187	229	119	78	62	175	245	244	175	142	62	111	231	132	175	252	121	245	
2	89	130	156	118	132	186	198	142	8	88	162	172	254	49	64	238	123	147	193	2	155	2	249	52	52	138	138	21	27	49	155	
34	249	50	154	239	197	188	231	142	88	88	47	172	252	110	3	238	123	147	195	210	26	154	241	61	16	206	235	21	94	181	219	
209	89	123	76	83	76	103	244	232	72	110	68	62	19	5	119	34	102	82	106	193	185	176	109	117	168	36	0	107	49	99	186	
170	219	96	218	252	145	190	245	221	76	244	247	40	76	190	197	206	187	151	231	246	46	108	255	62	89	174	203	31	158	252	221	
35	144	99	72	103	19	234	80	93	67	112	230	8	136	180	228	126	140	146	221	213	190	100	194	22	124	154	198	95	142	120	157	
22	66	79	169	46	163	169	64	140	131	211	242	213	195	177	72	126	181	63	184	1	151	7	72	208	166	170	132	189	139	33	16	
150	66	111	185	110	3	168	88	148	130	209	247	149	203	185	72	126	169	31	239	136	183	6	200	148	0	170	136	53	169	49	160	
55	32	231	77	76	50	232	72	86	194	243	198	81	232	181	238	120	236	50	175	173	246	111	136	20	42	195	4	253	253	112	164	
57	165	99	69	214	91	231	123	81	230	126	74	83	117	181	164	59	204	22	44	233	176	37	143	63	76	165	132	103	238	84	236	
121	64	122	228	100	84	121	120	97	14	119	2	91	159	254	120	248	156	55	174	200	55	177	192	87	237	242	5	103	170	116	98	
72	157	63	248	185	225	17	7	142	13	206	161	190	215	32	64	196	51	143	16	26	11	98	181	233	245	186	219	144	8	165	123	
130	137	34	153	197	129	188	231	30	4	80	3	172	142	116	68	248	59	147	193	82	186	2	243	45	20	158	227	85	92	181	142	
45	160	168	224	221	111	209	201	75	113	165	25	210	89	94	59	217	128	83	63	26	98	120	144	219	219	193	125	210	47	218	226	
63	77	106	238	244	178	207	113	197	200	255	134	123	204	183	192	120	225	151	239	248	163	36	238	114	109	174	136	119	255	248	208	
18	221	115	204	50	194	31	166	141	64	110	162	61	55	165	116	102	243	149	192	105	136	48	239	241	172	134	2	53	208	36	57	
56	219	122	236	126	207	95	248	131	172	188	43	123	221	163	16	30	241	23	106	72	35	42	61	115	141	33	185	119	186	78	235	
247	64	71	196	76	18	236	112	225	194	243	198	73	8	181	239	120	196	126	238	205	183	165	200	18	40	202	148	111	191	120	164	
11	72	162	153	109	240	184	70	223	73	80	19	172	218	54	236	200	43	179	145	23	138	66	241	7	118	218	203	158	12	249	207	
162	216	48	217	95	189	177	207	95	23	116	22	172	140	36	236	205	26	130	0	34	60	115	247	5	22	18	107	211	12	197	174	
130	137	98	151	231	145	190	231	30	68	112	131	168	174	118	4	254	123	147	199	210	186	14	243	45	28	158	235	85	28	189	207	
31	77	106	198	150	182	239	115	85	206	223	151	73	108	182	228	126	187	151	175	253	187	36	206	122	111	175	192	39	246	248	84	
10	178	172	177	34	171	184	215	62	55	28	183	172	15	82	8	167	27	155	149	150	152	5	245	206	71	58	231	180	196	157	219	
233	131	83	252	116	140	104	51	105	9	123	88	190	27	180	240	134	138	23	12	211	184	2	197	135	249	48	200	94	136	192	41	
86	163	0	129	59	1	56	73	47	53	129	187	140	134	74	218	183	149	239	177	22	3	203	209	156	16	155	255	148	6	175	71	
56	25	106	108	87	219	83	113	101	76	255	175	107	141	50	80	120	188	135	99	204	187	48	29	115	237	32	17	119	142	126	91	
2	233	2	155	213	131	190	199	30	3	80	3	172	138	118	192	251	43	147	209	86	190	16	251	45	20	158	195	21	28	185	142	
2	141	2	153	197	242	188	231	28	18	90	3	140	186	54	197	249	59	147	129	86	154	2	193	37	48	206	203	23	92	189	142	
58	163	112	232	171	73	88	141	11	61	177	185	143	15	78	16	207	147	199	48	26	34	75	149	131	209	26	255	118	142	135	67	
82	163	80	168	43	201	24	77	43	21	177	185	174	78	76	16	230	147	207	16	18	11	202	213	148	208	26	255	16	6	143	11	
117	65	111	100	52	6	79	112	97	224	255	66	83	75	177	114	126	228	125	238	201	179	189	12	242	233	161	132	109	179	114	32	
42	65	114	200	223	83	222	196	205	136	244	10	8	140	61	165	122	249	151	243	192	179	32	204	51	88	134	143	87	31	244	135	
52	32	251	200	84	231	67	88	71	128	252	10	51	209	37	116	88	184	18	120	11	178	112	26	81	140	129	40	241	251	116	168	
41	153	115	193	244	207	235	211	109	73	126	102	185	87	189	164	30	58	22	188	147	184	116	221	47	156	34	192	223	136	65	249	
28	22	150	241	147	230	57	19	188	135	199	179	77	119	34	216	119	53	173	176	48	221	17	206	219	231	59	67	162	164	165	35	
40	173	50	232	213	247	242	230	87	5	124	3	43	217	52	128	216	186	147	81	26	186	80	191	107	221	130	107	211	14	116	138	
10	177	49	153	205	221	180	207	223	57	80	19	172	156	108	237	201	27	179	17	86	120	122	209	15	80	94	111	82	12	157	206	
66	249	151	186	107	192	49	228	175	29	0	33	172	151	96	86	224	123	249	80	66	73	138	241	217	176	158	203	0	6	165	91	
40	141	58	248	213	247	242	230	86	5	124	2	48	249	48	96	216	58	147	88	26	186	82	191	111	221	130	73	211	74	124	170	
162	177	176	217	77	221	177	79	95	21	80	19	172	156	118	141	201	59	131	17	70	122	114	209	5	16	94	43	83	28	213	238	
11	140	167	145	215	247	168	71	31	65	74	131	188	156	55	236	105	43	19	157	151	216	54	252	15	30	158	65	151	76	57	204	
177	64	231	77	76	18	229	120	69	226	246	66	81	129	181	239	120	236	98	234	201	247	231	200	22	42	194	0	127	187	112	164	
11	136	166	153	213	247	184	71	143	81	202	131	40	158	55	204	233	171	187	149	23	153	19	212	29	94	158	67	159	4	185	222	
90	155	166	152	219	208	184	207	175	85	140	167	172	254	102	206	231	51	235	145	22	11	146	241	27	116	158	251	151	6	173	223	
183	75	233	200	207	87	207	221	223	238	148	14	104	206	247	238	252	227	31	255	205	71	47	248	51	88	143	190	55	255	248	117	
75	145	112	160	229	156	248	51	233	89	180	103	159	26	150	119	238	131	159	133	215	40	196	197	214	249	186	203	95	132	235	159	
87	89	226	154	169	208	254	221	191	84	148	199	77	206	255	92	247	193	157	247	199	3	62	240	178	120	143	207	159	183	169	87	
47	160	40	162	253	125	216	201	139	127	181	25	142	12	94	139	201	0	219	53	182	103	250	144	143	89	157	127	210	14	223	198	
46	204	47	218	108	244	235	216	204	93	93	3	88	236	191	107	249	88	179	127	147	35	62	245	95	57	226	205	149	191	117	244	
66	178	64	137	234	137	184	77	46	53	17	255	140	70	74	88	231	27	239	149	22	24	207	209	156	48	155	255	156	4	143	211	
146	94	119	222	46	151	159	228	220	30	209	246	232	92	189	233	238	115	159	227	225	173	62	255	33	91	250	130	93	29	117	253	
50	206	107	138	118	195	186	228	141	68	216	167	40	204	182	5	126	169	151	231	198	171	12	253	48	4	170	227	117	158	117	255	
16	207	31	184	54	135	95	247	132	12	90	99	61	223	160	64	230	177	31	238	66	137	2	253	242	231	174	192	52	154	165	11	
98	160	32	154	109	209	209	237	207	27	145	24	166	216	110	165	201	2	223	1	62	43	106	149	157	84	154	127	18	12	222	238	
94	1	170	160	207	116	185	65	139	197	159	135	76	254	126	74	250	133	187	149	20	3	146	192	218	125	142	207	143	38	185	86	
18	140	218	180	226	201	182	230	189	134	90	163	44	187	33	64	163	123	131	1	112	153	2	234	120	6	94	139	164	120	165	139	
168	56	248	218	109	189	144	71	223	7	116	159	170	201	103	136	207	58	131	16	34	46	82	179	79	95	16	43	219	200	92	154	
185	193	115	76	84	70	199	121	101	64	247	66	83	81	184	53	120	140	18	106	217	179	53	29	113	168	129	68	123	170	242	160	
18	142	250	180	118	194	178	226	189	135	90	163	44	191	32	64	167	249	167	1	4	191	130	238	88	38	62	203	165	40	37	139	
59	218	98	158	110	145	206	244	213	74	220	231	41	204	183	228	126	232	151	207	207	183	46	253	50	121	170	136	127	159	120	221	
255	73	71	174	12	18	72	80	133	192	211	199	95	206	49	235	238	229	189	231	237	195	46	200	146	225	234	136	60	191	48	80	
60	105	120	110	53	201	83	216	231	4	253	9	123	211	43	16	26	248	133	74	74	35	74	61	227	221	0	59	115	155	78	130	
18	203	98	154	86	209	186	230	159	5	88	163	44	142	166	196	110	187	151	195	66	155	14	255	48	68	186	203	55	30	53	207	
185	92	99	254	54	166	79	118	85	202	254	230	59	173	181	101	126	234	23	204	233	190	36	174	242	239	178	128	63	217	112	249	
40	141	56	219	213	229	243	230	86	5	108	2	176	249	52	96	216	58	3	24	18	186	114	191	111	61	130	73	83	10	252	170	
88	18	158	172	42	70	89	57	161	254	199	237	127	55	10	91	102	181	253	172	72	195	211	200	210	243	235	145	42	164	44	115	
123	75	98	12	114	146	206	112	229	196	254	231	105	76	183	244	126	225	151	239	204	131	36	239	50	124	138	131	111	183	120	85	
41	157	58	201	245	159	251	115	92	73	124	70	24	189	54	224	253	42	147	12	211	184	48	223	111	61	178	192	95	140	249	243	
75	179	146	153	253	180	184	19	235	89	72	84	172	186	100	238	197	27	178	21	151	72	210	225	15	121	26	106	138	68	169	149	
10	187	190	184	189	241	144	71	206	93	220	183	172	140	98	128	204	43	143	17	150	169	66	241	202	85	62	251	212	76	189	223	
182	0	106	220	77	214	233	64	213	130	247	18	88	216	53	109	120	168	51	171	136	183	52	200	83	40	203	9	39	175	116	166	
94	54	222	116	107	126	121	90	187	254	166	173	95	247	203	31	183	245	253	180	40	195	179	72	215	255	103	159	170	244	47	83	
98	159	34	158	255	196	190	231	137	72	152	175	44	254	54	2	239	243	151	129	242	43	18	255	63	62	142	187	21	78	183	223	
26	120	114	224	111	81	176	68	141	196	180	43	44	159	103	34	234	177	223	97	64	35	48	200	243	209	10	59	55	61	39	255	
40	160	52	218	109	253	209	111	203	31	181	56	166	153	108	167	201	18	195	1	50	46	234	145	95	17	80	123	210	8	86	175	
162	193	96	200	126	145	186	237	31	69	92	131	45	223	190	64	254	153	147	229	194	26	46	247	62	92	142	238	23	142	177	200	
58	98	96	229	102	89	253	85	41	44	182	235	43	15	150	6	238	145	223	197	204	51	100	192	246	217	170	177	103	156	246	221	
16	143	203	235	150	131	235	244	6	5	218	130	83	35	48	64	121	206	31	252	26	185	13	172	249	143	174	68	181	154	240	168	
59	219	96	205	53	151	78	252	69	72	220	198	43	8	190	228	92	200	22	238	207	154	117	189	34	124	132	144	63	158	248	93	
87	96	231	197	78	50	232	64	232	226	242	194	201	168	245	238	106	196	126	205	133	247	165	192	20	40	202	128	237	255	113	164	
3	204	35	155	213	245	171	71	95	65	72	2	168	254	52	228	217	43	19	157	23	154	114	255	45	62	154	74	144	12	245	236	
131	159	47	156	186	131	189	39	156	82	82	247	172	236	182	197	135	51	187	5	245	173	38	255	164	50	122	202	28	12	185	93	
222	151	6	156	187	178	60	35	189	2	203	215	204	226	34	215	230	167	249	165	252	139	20	204	184	114	202	67	158	100	169	4	
86	162	80	161	234	9	184	73	47	181	177	255	143	14	94	24	175	129	223	181	150	1	76	208	156	208	11	255	156	142	139	209	
218	219	38	184	41	192	20	246	151	29	210	231	174	143	34	65	196	119	173	197	78	11	130	245	250	115	254	219	18	20	189	91	
2	157	50	158	239	133	188	231	140	25	88	34	172	254	112	3	207	59	147	129	210	58	10	245	45	16	206	234	20	78	177	155	
117	73	111	100	20	6	79	240	225	128	255	66	83	75	177	114	120	228	125	238	201	179	173	108	242	168	163	128	109	179	114	32	
114	163	80	168	59	9	24	201	43	53	177	187	143	14	76	144	191	145	205	160	30	2	73	213	144	208	26	255	116	6	143	7	
41	120	209	78	109	149	198	88	83	10	113	74	58	216	181	164	216	248	22	74	195	54	250	187	23	252	33	42	91	191	122	165	
90	135	22	181	163	34	60	167	173	57	154	247	44	39	32	215	231	151	253	165	52	217	1	213	154	242	218	199	42	4	169	31	
215	89	173	168	172	70	207	220	171	252	144	231	93	206	247	122	255	193	93	247	205	7	62	248	176	28	175	188	29	178	183	93	
162	40	178	218	109	245	177	67	223	29	85	50	168	216	118	44	201	58	131	17	146	254	230	241	71	24	210	107	215	13	93	175	
32	172	184	219	221	229	177	79	94	5	124	2	176	217	52	36	217	58	147	25	18	186	114	247	111	29	150	107	209	72	212	170	
34	164	177	219	221	253	161	207	95	23	76	18	160	152	60	100	217	26	18	25	19	62	123	215	45	30	150	107	210	72	213	174	
86	163	64	128	138	9	56	73	47	53	131	255	140	134	74	84	119	149	239	181	22	3	205	213	156	0	139	255	37	6	175	21	
122	179	184	168	219	245	26	95	3	77	220	175	45	191	98	144	254	155	149	145	30	10	178	145	251	197	172	255	179	6	174	219	
172	224	104	105	124	111	203	152	70	252	189	10	83	93	123	32	89	200	23	126	154	38	121	18	111	205	161	253	243	187	84	242	
73	95	15	197	52	158	237	55	232	200	94	100	189	32	147	231	38	102	60	77	197	184	53	172	36	123	110	128	14	180	217	125	
60	131	112	225	247	91	90	216	3	53	53	171	11	15	203	24	63	157	135	242	24	50	105	148	222	205	33	245	247	175	78	195	
42	176	48	154	77	221	176	107	143	115	129	27	140	156	126	134	201	27	211	1	54	43	90	209	31	85	154	127	146	12	157	198	
25	18	69	177	182	162	105	19	52	25	90	246	157	3	176	73	103	15	63	156	147	152	5	212	204	235	186	196	188	128	33	33	
2	9	2	158	118	133	186	198	158	8	88	130	172	222	49	64	238	123	147	193	66	154	2	255	52	52	138	138	21	29	49	137	
14	144	53	217	205	221	176	203	207	53	33	26	140	220	124	172	137	25	226	17	22	58	122	209	15	80	91	111	211	12	141	166	
216	75	115	252	75	192	31	101	129	134	228	131	45	199	33	212	102	249	131	226	64	15	162	239	243	225	206	137	55	178	37	234	
191	150	230	85	182	54	238	255	87	234	222	246	105	108	183	231	127	204	191	173	253	252	61	207	122	111	229	132	175	252	120	125	
49	73	107	238	20	134	79	252	69	128	222	66	115	89	177	96	88	240	29	234	201	163	117	172	243	237	166	16	53	187	112	40	
42	208	181	153	77	213	176	79	207	81	80	19	172	156	126	237	201	27	179	17	134	60	115	209	7	112	218	111	150	12	189	206	
40	217	121	78	86	201	231	244	78	96	124	10	113	221	180	32	58	186	18	106	195	58	60	61	117	141	33	40	117	138	84	232	
66	178	64	137	106	137	184	13	46	53	145	255	141	6	74	80	103	153	239	149	22	16	207	209	156	48	155	255	28	4	143	145	
55	153	233	204	236	69	207	255	79	232	188	71	48	124	247	97	220	210	31	111	197	43	127	248	123	24	239	190	29	248	244	125	
60	96	232	225	124	79	75	216	67	236	188	10	83	29	91	42	88	204	87	126	136	52	249	136	111	201	165	181	247	187	84	242	
241	64	103	205	76	26	236	120	197	226	243	66	89	8	181	239	120	196	122	238	201	183	229	200	22	40	194	4	111	186	112	164	
86	23	183	204	135	102	185	91	157	207	219	247	92	255	61	78	253	215	191	165	185	145	51	202	145	230	218	134	143	111	37	119	
52	48	168	160	172	95	211	72	10	252	181	11	151	29	83	10	137	209	215	115	28	99	120	144	219	217	109	125	208	43	95	210	
35	241	113	74	118	219	235	120	87	64	117	170	114	213	188	36	30	56	18	106	195	178	60	125	39	28	0	168	119	139	70	253	
49	64	231	77	76	11	229	88	69	162	247	66	83	193	181	127	120	204	34	106	201	183	103	8	20	42	225	4	127	186	112	164	
35	48	3	72	85	215	226	73	95	72	113	78	0	216	181	164	216	168	18	237	151	182	52	223	18	28	131	106	91	14	122	148	
11	169	167	155	213	213	168	71	143	85	88	3	172	156	54	228	232	43	179	145	22	153	54	241	15	28	158	75	151	14	189	238	
79	53	144	137	253	188	248	27	235	89	61	85	140	186	126	238	197	15	186	29	151	40	154	208	15	125	26	110	154	71	201	151	
182	75	107	190	70	192	171	96	20	4	85	163	113	207	51	65	126	185	19	231	64	146	38	220	85	33	234	137	53	43	53	240	
191	223	99	218	245	55	206	248	213	74	252	207	105	236	191	165	127	226	151	239	253	39	60	255	50	94	197	156	255	255	248	213	
171	155	108	219	254	145	159	245	29	85	212	247	41	12	190	197	110	147	151	231	254	58	109	255	62	91	174	227	127	140	252	221	
26	60	23	248	83	228	49	66	181	134	70	50	44	151	33	77	229	187	139	144	50	207	50	238	209	130	26	75	130	1	37	187	
25	2	207	161	38	35	233	82	4	3	211	246	149	131	177	72	111	141	63	157	131	180	5	192	196	142	186	192	189	136	49	161	
18	207	98	154	118	209	186	230	151	4	220	163	41	206	166	196	110	187	135	195	70	139	14	253	50	4	170	139	55	159	61	207	
75	145	114	193	229	156	248	49	233	89	180	102	156	26	182	103	238	147	222	145	151	40	196	213	70	121	154	202	31	132	235	157	
163	127	193	133	244	23	206	182	81	234	24	206	145	56	213	167	93	238	22	239	237	250	245	170	46	30	229	180	239	252	90	157	
74	18	191	165	105	92	120	23	41	125	198	245	141	55	2	218	230	149	253	133	149	216	241	192	215	241	250	131	142	164	173	91	
35	234	200	27	116	153	194	204	95	73	124	108	162	200	191	164	89	106	6	95	207	62	78	191	38	29	180	187	93	155	90	141	
27	221	34	142	83	212	191	247	149	76	92	167	56	222	178	228	254	59	151	197	199	139	52	253	115	109	170	139	63	150	173	255	
46	69	114	200	253	211	158	101	205	136	252	162	72	220	63	133	248	185	151	227	192	163	34	204	54	89	134	187	87	62	252	150	
202	4	230	209	6	50	232	18	116	115	150	18	153	43	209	235	103	135	63	153	178	212	165	194	70	111	250	197	167	196	49	0	
13	182	81	227	182	171	232	27	47	97	91	246	157	7	184	236	119	155	31	188	147	176	13	215	140	204	186	196	191	202	161	177	
59	222	98	158	110	145	206	252	213	70	220	167	105	204	190	228	126	235	151	207	239	47	110	255	50	126	218	169	63	223	120	221	
47	190	226	95	117	147	162	248	95	233	84	102	104	248	190	164	121	104	146	121	231	250	60	255	46	94	133	231	223	174	88	133	
63	133	106	198	149	150	223	119	213	206	223	151	89	109	182	96	127	231	151	175	248	187	36	206	123	111	175	128	167	254	248	117	
18	202	218	156	82	192	179	230	62	133	122	163	44	131	36	64	126	251	131	193	2	155	2	239	24	38	58	139	37	8	37	139	
186	196	96	200	87	147	250	234	31	52	80	147	9	206	52	1	127	153	147	161	98	63	44	223	55	89	139	239	23	12	117	206	
181	69	111	44	28	215	194	104	212	192	241	66	115	200	181	161	248	161	222	103	237	163	52	157	178	233	171	17	125	43	121	132	
9	145	113	65	244	255	233	83	109	73	122	102	185	31	180	164	126	26	22	60	147	184	116	223	14	220	162	196	127	136	64	181	
166	8	98	222	77	208	233	64	213	142	245	18	64	216	53	108	248	184	19	171	136	183	34	202	87	56	203	139	23	43	116	166	
35	219	107	206	116	212	255	246	221	73	92	230	56	223	183	100	94	123	23	205	195	154	52	239	98	60	170	136	31	158	116	253	
11	15	43	149	176	150	47	115	180	202	95	230	253	230	179	100	116	47	50	141	229	153	36	78	160	39	175	128	12	228	33	252	
58	89	58	238	117	213	95	212	143	76	252	35	60	223	55	96	254	251	151	195	206	43	48	255	115	253	138	139	23	159	116	251	
188	29	107	220	214	246	207	115	213	78	254	6	59	61	183	100	126	227	23	235	249	171	52	238	115	239	162	136	55	249	244	253	
218	151	195	164	147	50	14	127	16	206	218	231	109	102	163	196	119	231	173	165	237	217	133	206	186	103	175	135	47	228	61	93	
90	179	186	232	243	244	26	223	43	13	92	165	45	255	106	80	215	155	149	145	22	11	178	209	251	245	46	239	146	70	175	91	
122	98	98	225	100	89	252	85	45	36	182	235	11	15	150	6	238	145	223	133	204	59	100	192	246	217	170	177	39	156	246	217	
2	141	18	153	197	242	188	231	60	17	90	3	172	186	36	197	235	59	147	129	86	152	2	197	45	48	222	195	20	92	189	142	
235	151	116	88	253	149	72	63	205	89	94	246	104	34	190	245	78	130	190	172	191	10	103	221	62	24	192	202	30	140	248	61	
27	54	96	129	118	182	232	82	85	73	94	230	41	8	159	228	126	136	23	189	143	176	69	207	14	76	170	128	175	206	121	149	
11	149	42	154	211	245	187	254	190	77	92	183	60	254	190	228	119	27	147	133	247	155	62	247	119	37	154	203	23	70	173	255	
24	77	102	228	20	131	110	118	229	128	222	2	59	41	49	64	106	166	31	201	232	185	0	172	250	237	166	128	39	152	112	8	
48	249	91	106	91	201	87	248	167	76	168	45	55	215	33	16	190	241	71	98	74	35	24	61	241	193	37	63	115	146	70	91	
59	150	228	213	63	54	200	123	87	234	214	214	105	108	182	231	127	196	191	173	189	239	109	222	58	127	245	148	255	236	120	93	
191	222	97	158	108	145	206	252	87	82	221	247	105	236	190	100	127	202	151	239	239	39	110	255	54	78	239	254	63	223	248	221	
130	14	98	153	87	163	190	103	29	38	88	147	45	10	54	65	110	43	147	163	224	190	4	255	54	86	154	163	53	12	189	138	
67	218	133	157	107	144	44	167	171	91	74	231	172	166	132	214	39	103	187	133	213	92	135	227	52	54	222	138	14	116	169	29	
2	157	18	159	126	133	190	97	140	25	89	34	172	254	40	65	207	59	147	131	82	26	10	245	44	16	202	234	20	10	161	155	
29	134	70	195	246	187	106	90	103	33	127	246	89	35	188	228	127	138	30	188	159	176	13	212	158	204	162	196	191	203	105	5	
113	64	227	205	76	26	228	104	108	226	243	66	83	168	181	238	120	196	122	239	205	183	229	200	20	40	194	4	101	186	112	164	
31	50	241	161	102	41	186	216	26	243	17	247	157	141	221	172	63	89	23	159	131	244	140	194	12	76	187	228	239	255	19	177	
41	21	99	65	116	191	232	83	85	73	126	230	27	24	180	164	126	138	22	188	159	184	117	206	30	76	162	192	255	140	120	181	
188	112	115	225	117	79	87	88	65	236	62	11	91	29	113	0	184	140	85	122	200	181	49	138	251	205	37	180	99	187	84	243	
41	126	101	69	116	31	207	50	64	234	90	238	243	40	149	166	92	236	20	239	233	190	101	46	36	46	165	144	111	187	82	253	
236	176	56	160	44	77	209	0	138	245	53	27	159	29	66	10	139	17	223	19	22	100	248	144	223	209	105	127	244	9	95	211	
178	89	51	236	95	197	159	119	149	76	240	11	32	221	55	64	236	187	23	193	238	43	48	191	243	240	138	186	49	12	52	223	
83	90	175	156	94	242	170	66	206	204	218	231	236	236	183	206	98	229	174	197	133	129	38	248	20	38	171	137	189	125	61	93	
95	22	163	236	149	38	25	89	20	203	219	86	93	254	57	234	245	215	61	177	185	195	177	202	153	230	251	142	156	111	49	113	
171	160	177	155	77	253	176	203	95	51	65	26	140	220	124	172	217	27	147	17	55	124	122	211	13	92	155	111	210	12	213	230	
130	135	180	217	180	168	184	23	159	27	90	116	140	174	244	72	135	27	55	149	178	92	2	211	12	30	126	194	148	192	129	1	
115	153	57	204	172	71	223	255	206	236	156	46	54	60	247	98	204	247	31	239	217	43	113	236	249	8	175	184	21	56	244	123	
41	249	115	67	117	215	227	245	86	105	121	102	120	88	188	164	120	40	22	107	195	186	60	255	45	77	39	192	95	142	241	189	
49	64	231	77	76	18	225	72	68	162	243	66	81	128	181	238	120	204	34	106	201	183	101	8	20	42	194	4	109	251	112	164	
186	78	98	236	67	146	95	102	145	134	252	131	45	175	35	212	110	253	151	198	104	159	160	202	243	253	142	139	39	244	38	238	
138	201	2	158	118	129	190	230	158	0	80	2	172	206	49	64	238	107	19	193	98	155	2	255	52	48	138	138	21	24	49	137	
75	150	23	249	48	132	121	55	191	89	90	116	189	55	160	100	199	51	63	136	179	140	51	215	236	190	58	192	158	128	161	57	
49	73	107	236	20	6	79	252	69	128	254	66	115	81	177	96	120	224	28	234	201	163	85	45	243	172	164	16	53	186	112	40	
42	213	102	204	253	211	158	101	205	132	252	162	72	252	54	197	250	243	151	227	220	171	0	204	50	89	206	139	87	126	252	159	
58	7	110	136	31	83	218	104	133	76	158	175	75	12	182	197	120	128	223	229	172	171	101	156	242	113	136	211	119	142	124	86	
211	121	45	164	46	70	79	248	139	232	144	207	117	94	113	18	238	229	93	231	201	7	184	248	177	136	175	188	61	51	39	121	
131	221	111	220	116	150	251	246	220	72	84	230	57	223	183	101	78	59	23	205	227	169	54	255	99	57	170	128	31	152	117	253	
187	219	100	187	254	145	253	255	29	116	244	183	105	44	190	229	111	211	183	231	255	122	111	245	126	91	254	197	63	156	252	221	
171	239	98	146	245	183	238	215	95	111	124	223	40	136	246	132	189	43	151	157	182	190	12	254	46	92	158	227	223	220	251	205	
42	208	48	136	77	213	176	79	143	113	132	27	140	152	126	198	200	9	155	1	70	47	210	209	23	81	154	127	22	12	157	198	
232	221	114	124	99	208	52	247	241	12	116	32	46	151	162	245	206	58	150	192	108	139	162	255	115	249	54	139	114	148	174	235	
86	163	64	128	138	11	56	73	47	53	129	191	13	6	72	84	127	149	207	181	30	3	205	212	152	0	139	255	37	7	175	20	
170	248	33	155	77	213	176	198	207	85	80	27	172	156	118	175	200	57	147	81	6	110	242	241	7	80	218	43	23	13	93	206	
188	116	122	224	246	91	87	216	71	172	53	43	83	221	235	16	122	220	151	122	40	53	40	154	123	205	37	245	247	187	84	227	
43	143	96	137	245	155	238	127	87	101	92	134	137	40	182	164	88	42	146	189	158	186	100	159	46	93	133	225	183	142	216	196	
185	82	34	41	53	151	194	80	86	72	241	103	171	216	183	160	216	40	150	103	207	166	78	159	128	93	171	170	93	47	120	213	
10	177	55	219	219	209	180	237	143	81	1	50	140	158	108	228	227	27	179	17	87	89	186	213	63	16	30	111	158	4	173	182	
188	114	121	224	125	95	91	216	67	236	189	11	91	93	91	48	220	216	213	126	202	39	121	146	251	221	165	189	119	191	86	243	
188	112	251	96	124	79	87	88	67	236	180	108	83	157	225	56	156	212	85	122	201	55	248	26	251	201	37	180	232	187	86	243	
67	145	114	144	236	156	188	55	233	89	48	114	140	158	246	227	230	19	158	145	215	40	134	209	14	88	154	234	28	132	203	157	
23	34	64	161	230	9	248	73	41	181	177	207	143	14	86	24	174	129	223	181	156	18	68	208	158	216	139	246	253	143	203	209	
66	163	64	137	106	9	184	73	47	53	177	255	141	6	74	80	111	153	207	181	22	19	205	209	156	16	139	255	28	4	139	144	
189	119	97	69	116	95	207	152	81	234	181	110	83	89	221	165	92	204	20	254	233	54	109	154	102	216	165	180	127	191	80	241	
156	66	107	189	6	194	235	112	20	142	85	179	85	199	185	73	126	184	23	235	104	150	36	138	208	161	234	137	53	171	53	241	
26	143	98	158	118	209	186	224	150	4	216	163	41	206	167	196	110	187	135	195	78	139	14	255	48	100	170	139	55	143	61	205	
1	148	23	249	180	174	105	55	188	91	90	116	189	55	176	96	231	51	63	153	179	156	33	215	204	190	58	192	156	128	161	57	
43	111	226	149	116	144	238	182	137	140	90	199	169	170	183	198	110	238	151	205	196	152	196	238	38	60	190	128	47	188	120	204	
173	127	101	205	228	23	207	248	84	234	221	230	81	40	245	229	94	236	22	239	237	178	109	188	44	11	175	164	63	255	112	181	
51	143	196	141	230	19	172	255	30	150	88	231	1	40	183	207	127	203	147	165	244	218	71	200	42	15	255	132	189	252	248	220	
91	88	186	189	36	76	125	22	207	75	86	103	189	191	179	106	230	117	189	133	197	20	51	193	199	247	250	130	156	252	53	91	
60	131	120	225	247	91	90	216	3	52	181	171	75	15	72	144	126	157	135	242	24	50	73	148	222	205	33	245	119	171	78	131	
15	203	103	207	46	144	174	176	205	72	91	230	249	204	189	228	118	96	62	207	197	128	47	253	38	120	234	128	31	191	121	61	
59	23	98	129	118	182	232	83	93	72	94	231	9	8	182	228	126	136	23	189	143	176	5	206	30	77	170	192	239	140	120	213	
177	64	103	93	13	27	133	104	212	162	242	18	67	8	181	239	120	164	78	235	233	167	53	142	145	234	194	20	117	56	113	36	
27	158	175	159	38	150	191	242	20	74	86	231	120	252	183	225	254	119	183	199	229	153	47	175	82	47	234	130	29	253	57	253	
98	235	226	138	127	209	186	228	207	77	28	171	168	204	246	166	234	97	251	85	214	43	174	241	62	20	142	251	23	30	221	205	
101	96	231	197	78	50	168	72	76	192	242	66	145	168	213	238	104	204	122	205	133	243	231	192	20	40	194	0	237	249	113	164	
36	18	122	218	100	162	176	80	220	142	113	118	64	201	181	72	216	56	135	163	128	182	2	202	86	60	170	139	85	42	116	131	
223	88	255	84	39	214	118	214	249	194	102	6	62	156	39	174	166	245	176	74	197	253	182	232	115	123	69	3	107	53	105	127	
74	178	183	181	97	220	57	23	171	93	86	53	140	158	70	254	230	61	189	17	151	216	243	193	135	113	90	195	134	4	141	127	
31	2	194	193	22	179	106	72	119	39	247	146	73	130	191	236	123	136	138	188	190	181	45	210	30	78	146	69	183	143	104	196	
210	157	43	190	219	224	27	99	181	71	73	179	52	247	32	80	117	187	147	129	59	139	50	255	249	38	154	203	176	65	164	114	
11	88	103	93	101	158	236	119	221	74	86	86	184	152	182	237	236	44	190	13	197	188	55	193	7	123	210	130	95	172	248	253	
193	157	59	254	114	228	57	183	158	73	90	116	188	183	160	100	231	51	63	8	179	8	50	119	249	190	58	202	24	128	161	57	
53	88	115	70	86	215	231	112	212	192	123	2	81	220	181	36	122	252	18	235	201	179	60	206	49	12	135	0	103	187	112	228	
205	183	187	209	180	172	189	23	250	155	30	112	156	187	212	106	135	23	61	25	179	204	163	194	207	191	254	192	142	192	161	33	
49	64	199	77	76	2	225	72	100	128	242	66	80	128	181	238	104	140	106	136	129	179	167	192	20	40	194	0	101	248	112	164	
31	34	226	193	86	179	234	64	87	167	247	147	73	202	255	204	123	136	130	156	14	183	45	194	26	12	131	69	183	143	120	196	
188	116	115	224	119	111	119	84	17	234	58	110	26	29	229	181	186	156	151	122	233	183	48	142	115	220	37	182	111	254	84	243	
31	98	226	193	102	51	234	88	27	227	21	246	29	137	221	172	63	221	23	159	131	244	141	194	30	76	187	164	175	255	27	181	
156	82	106	253	36	226	75	80	20	14	213	231	81	199	179	72	92	184	151	238	136	150	96	138	194	167	170	129	55	171	52	241	
134	78	70	191	215	162	190	231	157	7	91	147	236	234	63	73	127	107	147	131	48	157	13	255	52	118	222	131	149	93	189	138	
175	80	113	193	229	127	239	218	89	250	48	126	24	21	213	189	93	156	22	122	225	54	113	146	23	216	225	246	91	169	82	181	
188	124	113	225	231	111	101	82	17	238	52	62	30	29	65	61	46	220	87	122	225	246	177	202	85	152	101	164	99	185	86	251	
99	32	227	197	78	16	232	64	104	192	242	66	145	10	213	238	106	141	126	232	141	179	229	192	20	40	202	0	101	168	115	164	
54	35	96	161	102	11	248	80	41	164	177	207	143	15	86	16	46	129	215	245	140	176	69	192	158	216	139	246	111	142	75	209	
188	86	122	224	246	43	87	216	17	174	50	235	79	29	225	17	62	157	133	114	104	55	8	158	250	193	37	183	117	187	68	211	
66	163	64	137	74	9	40	73	46	53	177	239	140	2	72	80	110	153	207	180	18	19	197	209	148	32	138	252	61	0	171	144	
165	118	115	68	100	95	207	89	81	234	181	110	82	85	181	173	94	252	22	110	233	182	124	142	50	88	165	180	111	250	80	245	
171	217	100	187	236	153	253	253	31	116	214	167	233	45	190	69	111	211	191	199	247	120	127	245	110	91	223	212	63	140	212	221	
162	205	70	158	126	129	190	230	156	0	208	2	44	202	49	65	238	123	19	195	98	175	2	253	52	48	154	138	21	24	49	137	
23	135	238	172	238	54	190	239	143	218	216	231	72	238	191	74	255	199	191	231	220	243	47	192	184	126	207	142	149	126	181	215	
42	163	230	155	245	145	252	199	31	85	84	163	40	172	254	140	235	11	147	149	150	250	70	245	46	87	222	227	215	220	254	204	
115	65	99	196	68	26	232	96	73	224	250	66	26	40	181	230	120	132	62	239	205	179	229	200	144	40	202	4	109	42	112	36	
86	163	66	160	27	3	10	73	41	37	161	143	15	130	104	208	126	149	205	245	30	19	141	212	152	128	139	255	33	7	47	20	
121	65	83	236	28	15	71	125	69	8	254	66	123	81	177	240	88	224	14	106	73	163	65	29	241	237	164	16	123	186	240	40	
26	7	98	156	54	179	136	113	133	4	217	231	105	206	183	196	126	169	151	165	156	131	6	221	16	36	170	137	55	174	60	197	
144	4	236	213	4	42	225	18	124	19	254	82	211	41	149	75	107	134	46	8	168	244	69	66	198	175	114	0	229	249	81	40	
35	239	66	139	244	189	234	199	95	65	88	215	168	136	246	132	255	42	18	93	151	184	68	255	44	28	142	234	221	222	217	204	
170	217	50	168	77	213	148	71	143	125	156	11	140	156	102	4	200	145	155	65	86	47	82	209	211	81	154	127	18	12	157	214	
77	135	246	209	180	168	237	23	248	131	30	80	157	41	208	234	67	6	125	28	179	236	197	194	238	191	182	192	206	192	201	33	
188	116	121	225	116	95	223	248	81	238	244	10	91	29	219	33	94	220	151	106	233	182	104	138	115	205	165	181	103	187	86	241	
96	217	61	229	44	77	159	181	204	236	180	10	182	61	80	98	204	114	95	107	209	43	113	41	237	137	239	184	80	58	213	123	
69	16	155	252	124	38	74	24	150	201	209	70	213	255	185	106	212	253	62	191	141	66	250	128	193	191	235	140	152	233	48	49	
67	202	199	157	107	144	172	166	171	81	90	230	172	166	180	230	102	111	179	205	199	88	166	225	36	52	222	138	22	148	169	237	
211	27	107	156	86	242	171	82	212	200	86	231	49	140	179	232	126	237	183	197	133	159	182	234	84	33	170	128	61	45	61	253	
7	216	161	153	251	245	185	203	159	85	88	151	172	222	118	108	199	59	19	149	151	12	62	243	13	22	154	202	148	68	165	253	
186	222	114	124	51	208	20	103	249	14	244	176	46	159	167	245	238	187	133	0	238	175	2	235	179	249	20	139	119	212	46	159	
45	247	115	74	115	159	210	245	69	8	125	96	106	213	172	180	62	184	134	106	219	186	40	255	59	220	37	230	123	138	226	189	
59	148	229	197	125	54	216	59	77	235	222	199	105	44	150	230	239	230	255	173	157	251	117	204	30	127	219	146	239	236	88	93	
160	4	107	174	102	226	189	97	148	134	211	179	113	143	51	65	122	189	19	163	96	151	4	206	80	33	250	129	5	74	52	250	
90	183	226	164	127	54	218	123	3	237	158	239	73	174	214	66	126	199	255	181	156	11	167	218	250	127	175	191	175	230	60	93	
146	234	103	219	74	209	185	236	31	53	84	179	44	199	236	69	127	153	163	209	66	92	46	245	28	0	155	239	55	156	37	237	
15	158	230	159	223	22	190	248	95	214	86	135	104	236	63	101	255	111	179	167	245	241	63	255	63	127	207	7	223	252	125	213	
142	184	249	217	213	245	184	198	94	87	116	19	152	159	119	232	233	27	147	153	54	60	115	243	79	15	158	111	215	93	221	218	
55	204	236	188	78	19	206	250	22	82	208	199	113	236	183	225	127	233	55	175	238	103	79	191	242	111	239	188	61	252	120	157	
11	145	100	129	180	158	236	55	205	73	27	247	185	8	182	229	110	3	31	141	213	168	85	221	38	121	186	192	31	142	249	29	
78	25	187	238	189	244	59	18	175	77	159	33	188	191	99	98	230	119	253	17	151	9	178	226	203	245	10	219	146	103	37	115	
42	183	106	226	242	229	123	87	19	77	93	175	28	255	106	16	190	155	151	149	150	154	176	215	127	77	168	233	189	206	190	211	
86	147	226	172	238	96	190	223	171	220	218	167	109	239	127	66	127	223	191	247	220	67	142	226	190	116	207	142	167	246	181	87	
6	156	18	155	124	133	186	224	142	25	89	50	172	254	48	64	207	123	147	195	50	58	10	247	44	20	139	234	20	11	33	129	
40	139	120	233	180	219	95	181	5	12	125	161	11	15	178	192	158	147	151	234	218	56	40	149	239	253	164	197	119	142	204	225	
2	10	104	93	52	128	104	34	116	131	66	192	177	34	148	96	80	42	59	137	170	156	71	111	4	46	250	128	60	129	112	40	
131	26	195	221	118	146	170	210	94	200	82	230	57	227	181	228	118	110	55	204	163	156	4	239	6	62	186	128	62	181	57	157	
79	139	164	158	13	149	250	168	207	93	148	3	232	236	126	98	205	227	255	215	142	107	239	241	79	91	223	253	151	14	121	204	
73	255	150	241	189	180	188	183	191	27	62	80	156	187	224	230	167	87	255	24	243	105	131	231	111	255	62	206	138	84	169	41	
173	149	125	73	188	55	202	152	77	73	189	86	218	24	190	228	204	130	222	61	191	35	125	215	54	93	162	220	223	207	232	117	
161	145	117	89	244	223	232	55	109	89	115	114	185	28	148	229	110	162	22	12	245	184	101	213	6	122	242	192	127	136	208	189	
31	98	226	193	70	51	232	80	23	163	87	246	9	138	255	172	63	205	23	159	132	245	132	194	22	76	191	164	175	255	59	132	
203	217	100	139	100	156	236	55	205	89	159	246	189	8	182	231	110	131	62	205	213	40	87	229	38	56	250	192	31	142	249	29	
6	207	174	191	141	161	188	167	159	23	210	19	232	235	62	73	201	195	187	131	118	234	75	241	175	118	222	67	149	93	189	202	
30	104	226	130	87	243	234	64	215	199	255	131	73	202	119	204	123	168	130	159	14	183	44	202	26	14	131	5	167	255	124	196	
131	154	161	185	228	229	184	207	30	91	80	87	188	158	118	232	239	27	19	149	183	92	55	243	13	20	190	238	156	4	177	221	
201	5	214	253	181	56	237	23	253	23	126	16	141	35	178	206	227	39	174	24	50	232	3	194	78	255	118	65	198	204	201	1	
147	91	67	143	118	146	236	118	20	64	210	231	49	8	182	229	110	174	23	205	237	156	69	238	52	40	186	128	63	156	120	157	
179	84	83	196	119	91	244	87	25	234	182	254	30	29	165	181	62	157	150	42	225	183	48	202	50	88	37	166	111	252	234	189	
251	23	106	168	180	54	88	119	21	77	223	247	75	63	182	209	252	134	157	165	189	147	33	142	242	249	170	195	190	204	248	87	
42	227	230	137	215	145	188	197	15	85	80	135	8	168	126	132	234	11	131	213	150	186	22	241	46	85	158	231	215	14	255	222	
188	121	115	102	101	95	223	113	81	238	117	10	91	93	183	181	94	252	151	106	233	182	56	142	103	217	229	165	103	190	86	243	
54	99	66	160	19	3	74	72	33	172	177	239	11	130	107	148	252	157	197	247	76	147	0	220	152	196	171	255	33	39	46	22	
35	217	2	156	117	148	230	246	77	72	88	70	56	152	183	164	200	106	22	77	199	186	22	237	36	56	182	138	31	156	120	157	
34	163	226	153	213	251	188	199	31	85	88	135	8	172	126	140	249	11	131	149	150	250	20	213	62	22	158	231	157	92	255	214	
15	52	225	193	246	43	233	82	43	233	25	246	157	47	213	172	63	159	23	157	147	240	165	192	12	76	187	228	239	197	19	241	
59	33	96	229	38	26	248	17	33	224	119	199	11	11	150	20	62	141	21	253	204	176	5	200	214	249	162	132	111	166	106	86	
50	99	96	161	102	11	248	64	41	164	177	207	15	11	86	16	46	129	23	245	204	178	69	192	146	216	136	245	111	142	74	16	
23	94	107	171	86	210	235	80	84	198	95	231	113	204	179	100	126	236	23	223	133	180	60	238	118	111	170	192	173	191	117	244	
170	29	58	168	237	253	149	103	141	108	156	25	140	159	102	132	200	51	219	1	84	47	50	214	243	81	154	123	18	12	157	223	
90	157	123	254	211	196	31	115	129	68	205	34	61	247	32	116	102	251	153	194	83	11	178	255	243	229	138	11	51	98	164	123	
57	151	81	205	53	155	71	61	69	8	255	102	123	113	184	244	88	174	14	106	217	187	97	159	114	237	160	144	127	174	240	41	
222	145	62	186	155	212	153	65	175	221	133	51	140	223	102	67	230	49	249	145	22	77	186	192	219	241	138	219	18	6	37	115	
83	33	195	197	68	16	232	65	105	65	178	66	152	10	213	238	106	133	94	173	141	51	229	192	148	40	138	0	45	40	113	164	
60	124	241	193	199	109	119	82	57	234	60	42	30	23	193	60	63	152	151	26	65	190	48	226	87	205	53	226	231	217	7	251	
185	86	247	68	102	111	229	87	89	238	54	126	90	53	141	63	62	148	23	42	225	247	49	138	119	202	117	134	207	248	84	249	
115	1	67	196	69	26	226	64	73	136	250	66	3	8	181	230	120	132	14	233	141	179	229	200	144	168	138	4	109	42	120	36	
83	163	8	129	74	1	40	65	46	117	147	207	136	2	82	208	104	141	95	253	31	19	197	208	148	0	171	236	61	4	57	148	
10	184	185	217	213	245	177	199	94	95	116	19	184	157	119	104	233	27	147	145	19	60	50	243	79	31	158	103	147	72	253	218	
142	126	20	178	234	173	190	144	138	254	17	253	143	140	227	139	135	113	207	87	215	37	90	240	196	209	107	252	28	127	9	209	
186	101	105	224	205	95	223	223	67	166	188	27	11	13	87	25	217	209	213	114	236	102	121	154	243	221	133	63	115	252	214	122	
162	76	14	158	78	129	188	102	156	2	80	130	180	222	49	65	110	59	19	195	96	190	2	255	20	34	218	138	21	8	49	137	
112	217	61	228	60	205	199	188	200	104	144	72	183	21	16	32	76	212	93	107	201	43	113	61	241	168	46	248	64	154	21	121	
115	16	226	165	124	54	216	123	79	233	218	207	201	60	150	100	254	165	127	149	156	187	229	206	30	127	187	210	231	140	112	93	
101	75	193	207	108	13	79	152	195	200	145	206	241	195	249	118	94	232	127	206	203	3	206	249	244	184	163	184	62	187	80	49	
182	84	111	254	78	98	139	96	148	2	213	178	113	95	56	73	120	241	19	227	41	167	90	111	209	34	234	24	53	123	52	242	
26	181	98	152	211	240	152	103	23	5	221	179	40	174	46	196	111	155	147	129	22	155	38	215	26	118	154	203	183	4	173	222	
3	201	228	191	45	25	252	168	159	114	214	131	237	110	60	103	239	243	191	199	198	116	111	241	135	251	223	147	23	190	81	220	
41	239	98	75	215	187	234	214	71	69	124	166	41	72	190	164	58	74	134	221	150	184	44	255	62	77	36	225	247	143	250	205	
243	23	46	136	61	255	208	115	141	108	158	175	10	12	54	64	204	165	223	53	188	171	113	158	211	121	170	211	87	12	124	95	
167	24	203	155	118	162	171	80	28	194	81	246	148	204	183	104	126	41	19	159	177	182	38	202	84	44	170	136	157	235	49	241	
142	112	183	152	235	213	152	72	159	92	80	49	12	222	103	175	166	57	179	209	135	71	50	208	19	80	91	239	146	21	39	215	
31	38	226	193	86	55	232	82	47	161	95	198	25	10	213	172	63	141	23	157	131	240	133	192	30	12	186	164	239	199	123	148	
75	143	182	217	189	252	124	7	255	95	62	49	140	170	166	222	167	39	238	28	54	233	163	194	174	255	86	67	130	196	173	79	
162	233	42	184	109	217	144	238	138	93	148	41	166	204	118	2	201	59	227	65	70	43	226	181	83	17	90	123	81	28	95	222	
130	76	79	191	78	131	175	120	28	2	81	210	245	238	49	73	126	59	19	131	99	180	74	255	68	38	250	136	53	25	49	169	
175	28	119	86	101	223	255	113	217	202	119	6	104	253	183	167	124	244	150	42	225	245	60	206	39	91	193	131	111	238	92	245	
131	156	187	249	180	167	169	215	94	91	86	84	148	158	112	104	197	27	55	29	179	252	113	215	205	190	190	196	152	72	177	249	
53	65	99	78	86	66	235	112	84	200	215	226	81	220	181	100	122	252	22	235	201	179	36	206	49	44	171	128	101	187	116	245	
114	199	107	174	154	194	95	229	129	68	220	163	97	207	170	64	126	255	157	227	88	139	172	173	243	229	174	153	53	190	180	122	
188	4	206	253	238	98	125	88	20	22	223	179	209	119	171	75	123	208	159	170	56	134	103	130	214	227	226	141	183	249	60	242	
163	94	83	199	230	123	190	118	57	234	122	254	61	62	165	189	46	255	150	226	161	254	36	234	54	10	118	162	239	221	99	189	
203	223	117	139	236	156	238	180	205	89	27	230	188	24	190	230	102	131	62	207	215	44	111	245	38	56	234	200	30	143	217	29	
126	193	180	234	141	65	148	141	135	53	137	27	200	253	104	74	201	211	251	145	26	43	203	145	251	213	143	127	147	14	180	34	
30	125	241	195	151	255	183	215	45	235	189	58	154	55	197	164	47	250	215	218	177	176	56	234	111	221	39	178	231	255	199	247	
79	126	0	178	227	189	63	208	141	254	29	205	143	207	243	174	167	99	223	95	197	0	190	242	198	213	111	250	158	255	9	213	
50	67	64	161	86	11	232	64	41	44	178	207	15	10	86	16	106	129	7	229	76	178	65	200	146	144	170	244	109	142	106	144	
188	94	249	211	166	125	191	214	61	238	62	190	63	55	199	44	63	251	151	218	161	188	33	234	207	143	52	178	231	249	71	251	
223	223	108	178	167	208	190	181	233	94	159	183	236	62	190	247	231	199	189	195	253	15	236	231	182	113	238	203	62	95	189	95	
57	159	114	77	117	187	67	115	69	77	254	102	91	33	182	244	126	174	134	42	185	186	101	159	118	237	160	193	127	142	220	117	
55	89	99	206	86	214	239	112	84	200	83	98	112	220	181	228	122	232	22	239	201	178	52	238	48	44	170	128	109	191	112	229	
115	19	67	164	20	22	194	80	97	104	251	102	3	8	181	244	248	141	4	225	141	179	5	204	144	236	170	134	45	46	122	5	
118	83	74	160	48	3	75	88	37	236	149	239	7	134	235	20	252	141	205	231	204	147	32	204	144	208	171	183	41	38	54	85	
159	20	63	204	70	38	185	80	220	66	87	22	92	255	59	105	118	61	19	175	161	135	48	206	83	43	202	142	63	224	33	243	
75	255	22	208	249	148	60	183	175	29	62	16	172	187	102	230	167	115	254	24	246	73	178	247	175	223	30	235	138	84	169	15	
222	176	62	186	11	228	153	104	141	92	133	27	140	223	110	75	231	49	251	147	50	71	186	213	219	113	203	255	18	5	37	115	
170	157	50	184	253	253	149	103	153	79	188	59	174	188	102	5	139	51	223	17	54	47	18	247	251	85	30	251	146	76	141	223	
35	60	251	217	246	231	251	86	27	73	124	115	60	151	241	36	63	59	19	156	179	154	16	255	111	28	186	234	158	200	99	187	
123	51	10	129	79	21	169	80	44	108	150	239	152	6	210	208	104	133	223	253	141	19	245	208	212	1	170	228	45	4	59	213	
158	104	226	150	71	211	238	64	213	198	213	147	8	206	119	140	120	233	131	215	76	183	52	234	19	68	143	11	167	127	124	214	
10	221	150	251	155	212	60	183	143	25	78	18	172	191	98	230	229	115	187	145	119	73	146	247	171	247	30	203	154	84	169	63	
46	174	224	153	95	241	184	66	23	53	92	179	9	172	246	204	203	155	147	145	30	158	100	214	30	87	154	239	183	77	28	214	
10	223	18	190	59	213	23	246	159	92	92	102	172	215	162	196	199	123	159	66	71	9	42	255	167	247	58	171	26	30	13	91	
81	3	83	197	70	80	233	81	105	9	178	70	152	10	148	230	106	133	14	169	137	51	229	192	148	40	170	128	45	8	113	36	
8	16	179	249	71	221	177	67	222	81	71	18	188	151	34	237	226	57	178	16	19	252	50	209	199	209	90	67	146	12	37	251	
229	29	121	72	252	63	250	218	76	105	191	126	146	28	183	96	238	128	94	125	183	35	125	214	119	157	34	212	221	219	201	85	
30	126	251	211	160	127	255	214	61	239	190	182	59	55	207	44	63	243	215	154	168	252	41	234	127	223	54	144	199	251	229	249	
138	120	186	152	91	245	184	71	159	87	68	179	12	158	103	200	239	185	147	145	54	79	50	210	95	87	154	107	151	4	45	214	
42	148	184	248	253	125	144	111	25	31	188	57	174	63	46	25	143	19	151	17	54	106	98	215	219	223	94	251	210	76	197	219	
121	19	99	193	71	84	233	81	105	76	182	102	152	14	150	246	108	133	142	232	137	179	229	192	148	41	170	128	47	12	119	245	
34	252	57	184	125	201	145	239	138	85	176	185	172	156	98	0	137	19	219	1	70	43	242	181	249	85	26	123	84	12	151	218	
157	221	57	235	172	157	246	245	204	120	123	82	151	24	248	98	238	51	127	95	213	60	89	178	247	233	38	244	125	27	217	131	
143	126	162	150	227	125	127	247	153	206	28	207	108	239	123	166	183	235	151	191	245	103	186	234	191	93	15	170	142	255	11	213	
123	19	40	129	106	85	185	80	36	108	148	239	152	6	210	208	108	132	223	253	205	19	117	208	214	65	170	245	63	132	63	245	
138	162	226	185	51	177	184	87	31	15	86	183	141	143	230	76	255	27	135	149	54	156	5	211	206	87	154	195	182	140	173	223	
186	120	162	158	77	212	182	64	149	206	212	39	40	220	103	205	236	249	147	195	236	231	50	234	19	80	218	139	23	125	124	223	
50	83	74	160	116	11	73	80	1	236	242	239	11	14	183	16	252	133	135	229	201	179	33	204	146	200	170	134	109	142	110	213	
62	189	253	247	149	127	87	247	81	183	62	10	107	61	22	51	249	214	149	2	120	248	121	172	251	223	213	23	227	125	214	234	
151	125	249	211	182	253	190	215	253	203	190	122	184	127	197	160	47	243	223	218	243	169	56	234	63	221	38	146	199	251	197	255	
53	82	67	164	116	18	66	80	65	72	251	230	67	8	183	244	252	140	4	231	141	179	5	140	146	237	162	132	111	175	120	21	
159	78	211	215	226	113	174	230	61	195	122	242	121	46	189	173	127	219	150	238	165	248	36	234	38	222	254	130	231	253	225	189	
191	34	226	212	69	50	238	64	113	134	213	146	73	232	255	174	122	237	19	239	140	247	166	194	18	46	203	141	103	247	122	196	
139	204	4	185	5	148	236	183	212	83	194	87	177	8	50	225	73	130	27	141	239	172	87	245	165	123	218	64	31	156	248	28	
75	253	54	218	219	212	190	231	175	29	12	18	44	190	102	230	229	115	251	192	118	75	186	247	63	126	30	235	146	84	173	79	
57	159	114	204	247	223	255	247	69	68	126	166	11	45	182	228	126	166	150	44	189	185	52	255	58	255	130	195	255	142	252	117	
26	16	50	217	7	249	49	67	95	85	70	50	140	159	38	109	242	25	179	16	23	220	50	209	199	247	18	67	178	12	37	247	
54	213	107	140	238	5	158	239	141	90	152	231	92	254	61	97	223	211	31	231	251	3	10	223	51	24	175	190	29	126	177	83	
129	201	101	203	228	157	236	180	237	89	123	118	185	24	156	231	110	130	54	207	215	184	103	245	38	56	242	192	127	143	249	141	
114	205	67	238	218	192	31	236	129	4	200	163	105	215	40	80	126	243	157	226	88	3	42	253	241	160	142	155	53	178	164	122	
55	143	106	40	60	151	202	248	69	108	152	207	67	232	191	0	220	194	31	111	220	43	77	189	250	77	173	253	125	174	120	92	
152	223	51	232	242	199	31	119	20	8	88	230	61	151	32	96	86	187	23	227	251	154	16	191	249	197	174	232	60	128	165	185	
170	120	184	152	75	241	176	71	159	247	68	179	12	159	103	72	237	57	147	145	38	94	242	210	87	23	154	235	151	28	61	222	
10	223	121	158	123	209	63	247	143	76	92	231	172	222	167	228	230	59	183	194	199	9	42	255	38	85	42	171	30	158	45	127	
30	15	230	169	165	62	92	222	21	55	86	151	15	41	51	205	247	207	173	63	188	248	21	160	186	243	214	71	182	253	248	68	
38	20	254	86	101	254	252	97	205	202	127	2	104	252	182	175	252	52	179	34	197	241	50	200	23	122	65	3	71	238	252	247	
252	249	56	232	159	197	82	142	3	176	132	10	159	157	64	96	201	221	217	209	90	43	217	178	251	213	133	127	178	41	220	34	
12	76	7	189	76	167	174	250	22	2	88	66	249	235	57	204	125	107	51	203	3	180	67	185	132	167	250	136	63	249	49	160	
