DiorµÏ°ÂÁÒÑÞÀ¶½ð´½¸à	665 R¨ºv¨¦e	https://www.dior.cn/beauty/version-5.1432748111912/resize-image/ep/0/0/90/0/swatches%252Fcs_3348901305198_bd5154.png	https://www.dior.cn/beauty/version-5.1432748111912/resize-image/ep/0/0/90/0/covers%252FY0027830_F042783665.jpg
53	68	125	69	36	43	231	48	100	234	255	72	211	33	157	55	90	196	84	106	201	176	101	8	100	169	97	16	101	251	82	224	
2	141	2	158	148	131	170	230	22	0	90	2	96	234	48	64	89	106	19	129	34	152	10	255	40	38	142	192	20	10	176	136	
2	141	2	158	20	131	170	230	22	1	88	2	96	232	48	64	89	106	19	193	34	184	8	255	32	38	142	136	20	10	48	136	
229	96	125	69	100	78	255	16	105	196	231	8	218	31	21	51	30	212	91	106	201	178	241	72	71	185	194	16	67	179	71	240	
2	141	2	158	20	131	174	230	22	1	88	2	32	234	48	64	89	106	19	195	66	184	8	255	32	38	138	136	20	10	48	136	
2	141	2	158	20	131	170	230	22	0	90	2	96	234	48	64	89	106	19	129	2	184	10	255	32	38	138	128	20	10	48	136	
230	64	102	128	76	130	234	64	201	192	209	131	72	204	63	11	126	165	19	231	192	183	142	200	20	40	203	140	5	63	115	192	
35	227	70	46	125	147	142	232	207	132	88	171	104	200	190	133	154	105	194	103	198	35	14	189	32	88	13	59	95	62	90	132	
216	176	179	112	139	237	17	198	171	55	164	24	142	151	76	63	161	19	232	16	26	109	178	209	147	209	82	127	194	64	135	106	
49	69	79	77	84	27	230	120	68	96	122	70	83	0	181	224	120	204	22	238	205	176	101	12	52	168	161	128	125	187	112	164	
44	161	184	243	173	249	80	79	207	189	37	56	142	157	78	46	129	27	234	16	22	106	234	144	207	209	21	127	210	76	205	199	
3	14	66	155	82	146	170	66	63	192	82	199	172	202	182	196	127	43	19	141	165	152	14	254	60	62	143	130	15	4	57	149	
244	112	191	100	72	79	85	88	160	190	165	25	83	215	73	27	76	156	105	122	72	103	251	0	209	137	97	60	97	187	70	226	
73	111	22	208	125	189	176	87	237	29	124	74	172	186	35	135	166	51	238	28	134	43	34	237	255	221	54	139	194	92	173	207	
57	149	26	169	181	222	84	167	57	73	106	93	159	59	10	208	209	139	149	5	95	152	80	151	235	247	54	69	10	68	218	90	
171	114	34	184	109	149	184	88	135	12	84	231	40	205	182	133	220	41	151	213	198	166	34	149	70	89	169	235	87	140	124	223	
220	58	254	116	170	104	17	64	162	191	183	185	31	191	67	26	163	245	237	18	56	69	168	2	219	227	121	247	224	97	15	67	
180	71	109	165	180	75	111	181	36	228	186	233	151	13	153	3	42	196	77	111	89	176	101	8	228	161	166	148	100	250	214	112	
157	205	237	69	166	118	239	186	116	230	94	198	209	117	223	100	127	204	55	238	233	176	125	138	111	79	167	132	167	243	112	240	
82	183	122	129	58	152	57	70	47	37	142	191	173	134	130	84	38	159	235	133	6	73	165	241	180	36	26	59	36	132	135	124	
108	48	177	65	113	78	67	24	115	225	99	8	210	23	77	188	145	28	64	122	11	54	249	26	71	156	1	116	194	163	70	160	
175	112	227	77	69	31	234	88	93	226	114	78	72	200	181	174	124	236	18	111	197	182	117	202	20	58	193	6	79	191	88	180	
27	128	198	133	207	22	232	77	54	209	203	151	73	170	30	194	121	134	251	157	157	217	215	196	94	111	222	69	47	132	249	158	
3	152	255	85	116	230	233	55	124	73	86	80	241	180	148	101	54	47	55	141	179	248	53	79	69	46	250	128	5	128	245	125	
207	112	246	240	110	56	248	80	169	251	183	187	140	159	223	63	175	149	255	149	132	229	165	192	150	90	90	198	199	133	67	213	
9	123	113	71	113	30	111	184	105	232	126	100	254	23	133	180	150	92	84	110	193	176	249	204	39	252	33	130	74	182	67	245	
216	20	158	117	162	46	53	23	184	155	183	124	222	55	10	91	167	55	125	32	160	197	147	74	195	251	118	130	200	96	171	59	
55	143	98	138	214	147	238	253	85	4	220	199	104	232	182	132	122	234	151	255	222	187	12	255	58	12	133	232	127	142	248	204	
123	181	120	228	5	95	213	127	73	236	190	10	27	61	94	183	252	214	221	40	220	187	241	136	243	217	196	55	103	236	222	127	
7	60	179	91	87	229	179	82	94	75	93	70	176	252	245	44	221	59	18	157	131	184	56	255	13	30	27	34	217	75	33	245	
57	52	81	101	21	95	66	16	113	32	238	8	91	49	4	180	152	220	68	40	41	178	241	14	167	223	0	50	107	10	74	162	
2	64	2	153	84	163	168	74	22	1	82	18	8	202	48	72	121	9	19	145	2	150	3	215	20	38	154	196	149	9	113	128	
45	85	113	69	116	30	239	184	125	232	126	96	211	85	149	52	94	220	22	106	225	176	109	78	37	252	33	132	103	187	66	165	
218	180	191	248	171	241	17	71	187	87	164	57	174	191	98	122	235	179	237	144	58	79	178	211	219	211	90	123	146	68	167	123	
67	219	19	138	56	197	139	244	172	72	208	68	188	150	49	224	228	41	30	79	199	11	34	253	177	56	170	186	24	151	33	125	
227	225	226	212	109	28	252	95	217	88	52	26	40	156	126	47	140	139	87	13	228	111	178	193	23	24	214	170	71	220	210	223	
164	72	66	158	68	129	162	64	150	0	81	2	96	200	49	73	88	40	2	67	64	182	10	153	16	0	194	40	85	43	48	128	
169	105	252	101	164	95	117	53	112	224	38	8	179	29	83	59	8	238	81	78	72	248	241	8	103	153	101	49	72	248	218	250	
199	127	229	147	230	176	175	148	206	121	31	246	253	198	221	110	38	99	63	223	211	84	175	243	36	24	239	224	12	215	145	245	
241	112	51	226	21	205	83	120	235	104	33	76	182	211	97	48	180	57	76	98	75	35	24	29	209	216	1	62	88	10	67	107	
72	172	190	218	207	240	176	199	254	23	4	48	172	187	100	75	163	59	235	16	50	109	130	241	95	51	82	75	146	0	237	170	
90	106	122	228	74	209	59	68	173	132	246	171	45	143	161	16	110	177	207	194	64	139	166	232	242	193	46	139	39	22	39	107	
195	247	77	131	226	32	174	23	42	122	155	247	189	14	210	210	39	199	255	151	183	28	141	243	188	0	186	228	12	215	171	221	
117	86	202	164	102	34	107	216	97	235	222	231	83	163	249	90	127	204	53	239	137	215	133	130	208	236	234	132	173	243	112	17	
18	81	82	172	91	193	24	72	173	4	241	171	44	222	37	81	254	185	159	226	72	3	2	221	147	240	10	187	49	39	39	211	
88	189	58	106	147	228	18	198	43	1	236	8	62	223	32	80	179	187	145	208	26	11	152	255	251	213	6	123	242	3	167	27	
252	97	232	102	173	92	85	136	113	182	165	8	75	201	95	59	24	196	109	110	200	103	234	0	211	217	69	61	99	251	94	96	
3	158	141	31	240	156	169	183	190	89	86	244	188	166	146	101	135	43	54	141	179	216	55	119	76	62	126	192	28	128	129	253	
181	21	62	169	20	15	115	248	100	96	238	5	215	81	19	81	120	196	90	111	232	177	89	28	245	169	33	20	104	171	98	66	
236	48	177	96	73	109	81	18	115	247	37	24	30	151	65	62	1	212	113	26	51	118	250	66	77	154	81	44	226	225	70	98	
33	141	113	77	244	139	239	191	116	75	126	64	179	33	156	52	127	74	22	40	227	184	101	127	108	174	52	0	119	218	210	169	
38	104	6	158	68	129	170	96	148	128	81	2	8	202	97	73	104	41	19	194	64	246	10	232	16	0	203	136	21	43	49	128	
1	156	59	91	116	165	171	214	94	75	124	64	48	245	180	36	189	42	18	28	131	184	56	127	111	30	50	192	209	203	97	233	
88	48	25	120	42	204	81	24	162	168	166	104	223	211	64	240	6	189	108	8	11	67	218	17	209	225	33	56	42	128	3	35	
135	255	111	83	230	180	175	156	238	88	30	230	248	221	223	46	55	122	127	255	195	96	174	243	100	8	239	236	141	243	209	241	
112	231	120	232	226	73	119	239	27	45	124	171	7	151	232	16	51	155	199	32	66	58	128	19	252	132	53	191	117	218	134	171	
45	180	209	67	229	125	227	217	91	251	105	88	26	241	221	188	153	26	18	24	147	50	248	210	15	28	17	110	219	203	66	164	
164	229	123	74	254	233	119	239	91	43	121	24	86	213	108	48	153	26	66	56	83	50	184	19	127	140	37	126	81	90	198	163	
118	73	98	198	70	18	254	96	169	192	147	131	72	204	53	99	126	245	215	231	200	163	44	200	18	40	203	140	37	183	115	213	
10	204	182	92	185	212	181	231	191	31	96	16	172	182	36	196	129	59	235	0	50	73	34	247	41	118	94	75	18	20	165	238	
90	44	154	180	17	222	114	98	189	200	206	9	110	250	34	208	240	109	253	5	44	203	146	174	251	247	15	27	10	36	43	2	
50	175	99	76	242	131	107	253	3	164	124	226	113	199	164	20	126	254	7	250	218	154	44	125	124	12	165	228	119	162	230	169	
121	187	65	165	180	31	206	61	70	233	218	238	243	104	144	224	126	238	124	109	157	186	197	173	184	237	175	208	237	174	216	29	
90	181	58	184	147	242	16	111	253	71	237	51	46	254	42	209	179	187	157	177	62	139	16	223	251	247	26	75	226	68	175	71	
130	204	2	158	84	131	170	228	22	0	82	2	96	202	48	64	88	106	2	195	98	190	10	255	40	38	143	200	21	10	48	136	
248	164	190	120	141	241	212	203	215	30	164	27	42	249	110	27	201	242	235	16	42	103	202	183	219	211	85	123	83	104	126	2	
97	48	181	125	29	79	65	59	115	228	102	8	242	113	0	116	144	236	120	40	9	248	243	29	201	186	81	80	74	168	82	122	
3	188	18	26	215	181	178	198	94	65	124	7	44	216	54	164	251	43	146	21	150	186	30	255	46	28	15	107	221	14	107	143	
6	164	240	211	246	161	186	202	10	97	89	147	140	206	92	8	159	27	147	149	146	56	14	210	12	28	155	238	149	79	1	193	
173	64	115	77	69	78	235	88	113	226	98	64	83	17	149	60	120	204	18	106	193	182	245	10	21	186	65	0	107	187	98	180	
2	132	130	137	20	163	168	74	54	3	83	18	8	138	40	72	121	8	2	176	50	180	1	214	12	6	154	196	148	9	49	128	
47	237	99	72	213	213	231	239	215	73	120	74	104	252	189	164	89	234	18	252	247	187	44	255	59	28	5	42	211	126	242	236	
60	53	200	101	176	46	107	16	48	173	111	5	211	35	67	24	93	204	5	62	24	208	209	10	207	239	161	4	232	227	66	178	
134	104	2	158	68	131	170	64	148	128	81	2	96	202	48	73	120	40	19	195	66	246	10	233	0	32	139	136	21	43	48	128	
19	87	78	173	18	130	106	112	164	64	223	231	85	198	178	80	118	173	29	239	205	145	5	92	242	237	170	128	45	131	57	81	
26	157	18	232	147	225	18	103	45	1	236	33	46	191	32	80	242	187	149	144	30	27	16	255	251	213	10	75	178	2	167	26	
31	95	98	140	22	18	207	120	5	196	222	230	121	78	179	228	126	232	149	238	205	147	37	172	114	237	170	128	47	183	120	116	
66	177	150	186	41	197	16	237	175	25	161	9	172	222	108	82	132	51	239	16	18	75	154	241	153	208	94	123	144	2	167	27	
112	184	57	112	169	205	81	214	235	121	164	24	55	151	64	50	129	214	92	24	11	107	242	49	219	217	20	122	192	0	198	123	
66	195	2	152	75	192	60	103	174	21	192	177	172	134	32	81	231	59	171	129	82	11	130	213	181	48	154	203	16	4	167	202	
26	207	202	157	243	144	190	230	191	7	74	179	44	234	182	196	103	107	179	133	102	153	6	255	54	103	158	131	63	212	185	142	
198	25	22	158	203	224	176	65	175	16	129	161	108	214	105	91	226	51	251	128	18	67	154	209	145	48	74	75	16	5	39	146	
16	221	59	248	147	198	95	247	189	141	206	0	63	215	32	112	247	123	29	208	91	137	48	111	249	231	30	74	160	0	165	123	
3	250	197	151	98	136	175	146	46	121	90	230	188	6	213	238	39	79	126	207	199	216	175	241	44	62	62	130	12	151	1	253	
245	83	110	174	76	15	67	120	229	164	167	13	83	81	19	27	60	228	127	110	232	35	89	12	209	168	65	28	121	187	82	226	
1	192	119	91	100	153	237	181	95	81	115	66	241	200	188	228	122	8	54	75	199	184	111	241	36	58	246	64	87	156	209	172	
40	189	73	107	244	235	107	191	54	97	124	196	179	117	208	48	27	26	22	56	27	184	125	63	111	205	37	96	239	202	214	184	
18	154	214	180	114	192	176	99	191	135	82	179	44	182	38	72	167	59	175	145	48	221	2	207	156	102	90	203	164	4	45	203	
116	36	121	96	84	111	67	72	98	172	173	8	83	213	65	48	24	220	68	122	8	50	248	10	219	141	37	61	97	235	70	162	
82	240	18	156	11	192	52	103	173	1	224	33	172	150	32	80	234	179	203	128	66	11	146	213	177	176	30	11	0	16	167	26	
1	203	71	169	116	137	232	37	238	121	114	230	151	136	180	224	230	45	46	85	215	184	68	85	172	32	38	224	28	136	201	133	
121	187	202	171	244	188	106	87	102	73	122	230	179	200	210	96	126	170	22	221	159	186	197	61	254	237	166	200	237	138	250	153	
184	113	122	104	82	198	83	124	160	8	116	44	62	223	33	48	180	185	149	104	195	163	50	29	115	201	32	168	121	146	102	187	
125	116	184	98	13	61	80	216	107	243	173	28	154	217	95	190	153	204	212	30	142	102	250	130	219	221	5	63	203	255	90	98	
41	219	113	73	116	219	239	119	69	104	122	66	51	12	148	164	126	168	22	104	209	184	117	221	36	28	164	192	127	138	208	189	
130	128	130	153	20	162	40	74	62	19	83	18	8	130	40	72	123	9	2	144	50	148	1	214	12	6	154	196	148	9	49	128	
166	8	2	155	84	131	170	65	22	128	83	18	104	202	49	64	120	40	19	129	34	182	2	222	48	38	139	136	149	10	48	128	
2	13	2	159	84	131	174	98	22	0	88	2	104	234	48	64	120	106	19	195	66	186	10	255	48	38	138	136	21	42	113	128	
122	69	66	238	180	34	78	119	41	32	251	10	11	43	20	80	122	199	29	226	72	187	193	238	178	253	170	144	39	219	242	8	
9	217	175	93	124	220	233	180	238	73	86	0	177	149	144	98	68	118	60	72	195	248	247	101	111	57	182	192	0	136	84	121	
205	78	158	183	32	62	124	49	249	138	83	117	255	98	131	219	166	101	124	46	228	197	131	75	230	251	110	128	8	240	43	9	
189	205	122	231	182	58	95	246	113	2	254	130	123	47	145	48	126	222	21	238	248	186	109	174	242	237	164	128	103	243	226	249	
160	204	98	158	84	131	162	228	86	0	88	2	96	200	48	64	120	104	2	83	226	190	10	191	56	6	134	72	85	11	112	136	
238	54	236	152	221	116	152	75	155	127	149	159	8	140	94	155	205	221	211	181	190	102	254	194	31	83	223	255	213	109	222	214	
1	152	245	75	164	238	233	159	111	75	122	100	187	247	148	252	119	62	126	28	147	184	247	241	12	190	50	192	222	202	193	189	
102	122	162	152	105	176	184	66	155	159	88	175	44	172	247	26	207	123	135	149	134	79	130	225	22	20	218	171	151	125	63	223	
66	184	18	152	203	221	176	198	175	53	164	25	172	150	98	84	161	59	235	17	6	75	146	241	221	48	30	123	146	12	143	206	
74	251	180	176	171	217	148	143	171	127	144	189	174	190	78	27	135	83	253	81	214	75	234	241	235	211	126	255	134	84	135	95	
82	187	16	184	171	169	16	71	175	29	184	173	174	138	70	212	167	147	237	1	30	11	194	241	152	212	58	251	144	12	143	15	
18	158	6	149	82	162	56	103	188	7	90	247	44	174	34	192	103	63	171	133	180	152	4	207	156	38	154	195	140	68	41	221	
2	141	2	158	20	131	174	230	22	0	90	2	96	234	32	64	89	106	19	194	34	152	10	255	40	38	142	192	20	10	176	136	
2	141	2	158	20	131	174	230	22	0	90	2	96	234	48	64	89	106	19	195	2	184	8	255	32	38	138	128	20	10	48	136	
2	141	2	158	20	131	170	230	22	1	88	2	32	232	48	64	89	106	19	129	34	184	8	255	40	38	138	136	20	10	48	136	
24	217	124	251	59	209	51	160	198	84	116	35	61	223	34	96	98	185	191	194	66	56	63	245	95	233	34	203	55	134	45	251	
89	52	158	181	171	46	52	23	185	187	162	92	190	51	64	187	167	23	253	16	53	201	147	66	203	255	116	18	136	64	139	27	
57	48	92	101	96	95	80	88	112	40	116	40	83	17	130	48	152	28	68	8	13	242	113	12	71	235	33	35	105	8	74	131	
27	93	107	95	18	146	175	244	116	192	94	230	121	231	179	96	102	243	151	207	225	152	36	239	98	45	174	128	47	182	33	249	
253	64	113	69	69	78	207	32	105	230	231	8	219	29	21	182	120	212	81	234	201	182	241	200	245	248	195	16	67	179	86	96	
3	234	128	153	100	185	168	134	94	75	88	199	172	136	246	236	135	43	179	157	135	60	6	243	4	30	158	170	156	92	25	157	
15	143	64	155	246	145	174	183	141	69	154	199	233	106	190	196	111	99	155	223	246	8	93	255	46	30	142	192	63	142	185	220	
135	253	109	211	230	160	175	157	206	122	30	230	241	228	223	103	55	74	63	255	243	80	174	243	108	8	175	228	140	243	209	245	
168	169	255	117	132	79	213	53	224	160	190	8	179	53	82	51	8	230	121	106	88	248	241	40	103	153	101	49	99	248	214	106	
209	120	19	96	19	205	67	112	232	200	161	76	190	147	64	48	164	185	88	122	67	79	186	125	217	152	3	58	8	3	3	35	
35	175	98	203	246	163	107	95	7	37	124	239	49	225	176	20	126	170	23	252	154	186	68	255	124	12	160	224	255	206	242	233	
64	176	185	114	168	76	81	151	170	249	162	24	150	151	64	122	133	215	125	24	19	73	179	64	217	185	52	126	192	64	135	123	
157	141	237	69	214	86	111	191	116	226	78	130	81	61	151	100	123	204	51	175	233	248	125	142	111	239	135	4	167	242	112	248	
221	120	189	177	44	140	53	150	238	94	34	84	151	147	67	75	133	97	125	95	227	101	19	34	193	203	118	20	200	49	1	107	
121	175	72	167	244	139	74	253	70	224	222	207	115	73	146	96	126	238	20	253	157	186	197	61	254	237	165	224	61	138	216	25	
180	112	189	113	72	111	81	88	50	182	165	24	82	215	73	27	89	156	107	58	40	247	251	0	215	139	81	60	224	121	70	242	
150	81	82	188	75	193	18	104	173	4	225	171	44	214	33	81	234	185	207	194	74	3	18	221	145	240	10	59	49	39	39	146	
124	79	103	110	20	14	79	184	229	140	186	74	123	69	53	183	120	228	76	110	201	163	105	45	179	252	37	16	115	187	116	96	
166	72	2	158	76	129	170	72	150	128	81	2	96	200	49	73	88	104	19	195	64	183	10	249	16	32	203	136	21	59	48	128	
50	189	40	154	157	193	147	230	143	37	140	11	46	252	110	4	169	251	195	209	26	11	26	247	249	20	157	123	209	14	159	126	
205	52	191	98	137	108	81	17	232	251	45	24	214	215	72	59	129	21	88	58	25	101	186	0	211	201	96	125	192	98	135	34	
11	123	117	69	53	30	238	48	105	232	126	108	235	24	149	180	158	76	212	110	197	176	101	204	38	249	33	130	79	182	75	189	
118	73	98	204	78	128	206	96	129	192	211	131	104	204	53	67	126	241	23	231	200	163	6	236	50	40	203	136	37	191	112	208	
66	177	18	152	11	192	28	103	175	21	192	145	172	150	32	80	234	179	235	128	82	15	146	213	177	48	154	91	16	4	167	90	
117	86	203	164	100	38	79	88	65	234	223	230	83	161	249	122	126	204	52	238	137	179	133	10	208	173	226	132	173	251	112	49	
214	17	22	152	203	192	176	73	191	22	193	179	12	214	104	91	226	57	251	128	114	71	130	209	145	48	90	239	17	36	167	211	
66	140	150	222	155	133	180	231	191	29	204	17	172	242	38	70	225	115	235	0	34	73	2	247	57	54	94	75	18	4	173	142	
250	131	127	229	178	66	93	39	37	4	230	178	31	7	162	83	102	151	173	160	120	157	37	13	243	227	112	129	36	128	164	123	
125	57	233	100	228	127	67	218	67	233	60	8	19	53	83	48	216	204	20	124	153	50	241	0	219	205	37	60	203	251	82	114	
53	65	117	69	52	10	239	48	116	224	242	66	83	1	149	49	122	196	20	106	201	176	101	12	36	170	225	16	109	187	80	32	
36	53	233	101	240	46	107	24	36	164	111	4	83	35	209	24	88	204	34	126	25	176	249	8	79	173	161	4	235	235	70	176	
18	207	202	157	211	146	190	231	191	3	74	147	45	234	54	196	99	235	179	133	102	153	6	255	58	102	158	131	55	212	185	142	
35	143	98	138	212	179	238	239	215	196	220	199	104	232	182	132	124	234	151	255	158	187	12	255	58	12	143	201	87	222	248	204	
33	133	121	65	244	11	239	191	117	35	126	82	115	33	156	52	123	142	6	40	249	184	101	31	110	142	52	68	103	218	210	169	
134	96	224	211	70	49	184	200	122	243	81	147	8	204	93	40	63	73	19	151	130	116	175	194	22	12	223	164	197	117	83	212	
173	85	113	69	116	31	239	184	117	232	126	98	211	17	149	181	94	220	86	106	233	176	109	14	36	238	33	132	103	187	66	161	
218	180	191	248	171	241	25	79	191	23	172	185	174	191	98	91	231	147	237	144	58	79	162	211	219	211	90	251	146	68	167	107	
0	141	2	158	20	131	174	230	22	1	88	2	32	232	48	64	89	106	2	193	98	184	8	255	40	38	130	8	20	10	48	136	
203	16	239	157	34	58	185	18	188	95	86	244	157	46	151	107	39	21	125	141	161	212	167	193	198	107	122	128	140	228	33	113	
218	159	122	238	58	192	31	161	161	4	142	163	109	255	35	81	230	247	253	226	104	11	136	255	243	229	171	155	38	162	36	91	
57	133	72	161	240	239	84	55	49	73	111	29	151	51	2	16	145	138	21	28	63	152	81	23	239	239	52	69	168	200	202	146	
43	172	160	27	253	217	146	206	95	73	92	59	168	184	126	132	137	75	211	21	150	42	70	243	46	95	30	251	223	76	219	207	
41	181	89	67	244	175	107	191	118	105	124	196	177	55	216	48	31	94	22	56	147	184	125	63	111	141	165	228	237	202	194	185	
3	14	66	159	87	146	170	98	125	64	90	199	232	234	182	228	126	43	19	141	167	152	4	255	36	62	138	130	31	134	57	132	
57	209	67	172	112	151	78	244	37	72	112	237	59	3	184	240	222	137	22	238	207	154	20	189	178	217	170	128	126	158	234	153	
101	113	17	67	81	95	99	152	107	224	99	72	210	83	77	188	144	92	80	122	65	180	249	24	7	152	1	36	74	179	66	160	
3	204	179	89	116	189	171	150	94	75	122	68	184	184	180	164	159	42	18	29	131	188	37	247	12	30	54	194	222	220	81	173	
166	8	130	155	84	131	170	64	22	128	83	18	104	202	48	64	120	40	19	145	34	182	2	222	52	38	138	136	149	42	48	128	
24	253	26	106	211	229	82	214	57	9	108	0	62	159	32	80	181	187	149	16	18	154	16	127	251	205	36	107	242	67	167	155	
18	106	66	142	74	128	170	84	165	4	210	231	41	143	177	64	110	169	239	199	202	131	135	233	176	96	170	136	37	150	37	216	
164	73	98	158	76	129	162	64	212	0	81	2	96	200	49	73	88	40	2	99	192	183	10	153	16	32	195	40	85	43	112	128	
227	107	236	4	236	25	204	215	195	188	180	173	2	8	215	31	200	228	230	111	204	107	230	216	54	24	229	191	79	188	90	205	
166	64	130	153	76	131	168	77	22	1	81	18	8	202	49	72	120	8	19	145	34	182	2	210	20	36	154	172	149	24	48	128	
96	184	57	114	233	205	81	214	235	125	160	24	182	151	64	48	129	179	89	16	3	107	186	113	221	153	20	122	64	0	199	123	
8	156	58	104	211	231	115	87	117	5	108	0	60	31	32	80	255	59	147	24	18	184	48	95	111	207	16	67	243	0	173	138	
163	161	226	212	237	29	236	97	201	121	113	27	136	172	254	43	204	139	55	165	212	114	226	192	23	24	222	172	69	204	211	221	
49	117	62	169	20	15	67	120	100	228	238	13	246	81	3	81	120	224	91	110	104	163	89	28	241	168	1	16	104	187	82	98	
135	255	109	155	230	160	239	148	238	112	90	230	245	198	223	110	55	111	63	223	211	80	175	243	36	40	175	192	60	211	145	245	
34	251	113	202	124	157	218	252	203	72	176	233	190	220	181	48	142	217	87	71	195	43	42	253	50	216	41	186	95	159	67	223	
3	174	178	154	87	181	178	199	222	13	88	7	172	200	54	128	249	43	131	21	150	190	10	255	46	28	30	235	221	78	187	207	
74	15	54	152	95	181	176	119	205	28	92	11	44	186	38	199	164	51	134	81	134	43	34	253	59	81	78	107	18	12	173	207	
88	44	19	182	19	222	54	96	189	202	234	1	78	254	34	208	176	253	221	35	76	131	144	174	179	247	15	27	34	38	47	70	
59	143	100	46	189	147	222	239	69	4	188	175	107	104	182	148	88	162	223	229	206	171	77	191	58	93	133	219	119	142	218	76	
206	185	144	186	57	205	18	216	175	25	177	56	238	223	108	82	135	51	255	82	18	15	154	243	155	209	10	251	146	3	135	19	
7	91	253	79	50	138	171	152	110	200	94	230	245	70	147	100	54	101	63	223	131	144	47	125	100	44	175	128	140	179	17	245	
130	204	2	158	20	163	170	226	150	2	88	2	96	202	49	64	89	106	2	195	98	190	10	255	32	38	154	128	21	25	48	136	
1	200	109	91	100	139	229	181	94	81	115	66	241	200	156	36	58	8	38	75	211	188	111	117	44	26	118	68	85	154	209	164	
145	16	19	236	19	79	65	80	109	96	161	76	150	147	40	53	176	185	64	42	1	39	48	92	145	152	1	58	88	2	7	50	
130	0	130	129	20	163	168	64	54	3	83	18	8	138	40	72	121	9	19	144	50	148	1	214	12	6	154	196	148	9	49	128	
48	247	90	109	242	11	55	254	54	45	124	234	55	163	168	16	62	219	7	96	66	186	4	63	244	133	36	165	117	218	135	169	
198	96	242	241	102	40	248	80	185	83	243	155	141	143	221	58	175	149	255	149	130	119	132	192	150	122	218	134	199	133	99	197	
160	204	98	158	84	131	162	232	214	2	88	2	96	200	48	64	88	106	2	67	226	190	8	191	32	6	130	8	85	11	48	136	
105	235	20	67	253	157	230	189	107	249	60	76	170	176	212	183	136	78	194	92	215	122	222	253	46	24	5	126	74	158	218	141	
3	160	125	217	100	198	233	20	126	81	86	80	188	22	148	108	103	45	58	157	147	252	119	117	69	58	186	192	4	128	113	252	
188	205	122	231	182	58	94	246	113	2	254	130	123	47	157	113	126	206	21	234	232	186	45	175	242	239	164	128	103	251	114	9	
27	215	107	140	22	146	175	121	20	68	94	231	121	230	186	100	126	168	151	239	237	144	36	207	96	45	174	128	63	182	176	253	
34	13	2	158	84	131	174	96	150	0	90	2	104	234	48	64	120	106	2	195	98	186	10	255	48	38	139	136	21	42	48	128	
41	133	99	73	244	159	234	115	69	97	122	98	25	24	180	164	126	138	18	45	213	184	101	221	46	28	128	64	127	142	216	172	
124	101	185	102	205	77	87	248	195	190	173	8	82	117	73	51	137	212	96	106	72	99	234	40	251	137	69	63	81	123	198	226	
90	171	106	147	19	153	184	102	44	21	134	143	173	6	2	208	38	155	235	133	134	89	151	245	244	33	26	57	45	132	43	28	
118	34	170	158	137	180	75	72	135	29	141	29	224	202	126	78	217	163	249	183	26	67	218	241	217	116	139	251	144	39	62	38	
59	114	34	169	45	151	144	80	69	108	84	231	40	152	183	141	204	41	151	133	142	183	3	144	2	89	184	171	127	12	120	223	
9	156	62	126	51	214	55	183	245	75	94	116	124	247	162	245	213	122	181	12	229	152	48	191	107	255	118	131	26	196	173	127	
248	164	190	250	141	249	80	207	215	63	164	25	38	249	110	27	201	178	237	0	58	111	202	177	219	211	85	127	210	72	238	10	
112	181	122	228	20	111	213	127	65	236	188	11	19	61	94	50	252	157	93	32	220	187	241	14	243	141	160	183	101	234	86	123	
94	89	98	228	22	146	254	112	169	192	147	163	73	142	53	96	126	245	157	231	200	131	36	236	50	237	171	130	37	183	115	85	
60	79	104	110	94	83	207	248	6	100	253	171	115	77	187	0	90	216	135	239	74	50	108	63	114	77	161	189	119	191	86	242	
2	141	2	158	20	131	174	230	22	0	90	2	96	234	48	64	89	106	19	193	34	152	10	255	40	38	142	128	20	10	176	136	
0	141	2	158	20	131	174	230	22	1	88	2	32	234	48	64	89	106	2	193	66	184	8	255	40	38	130	8	20	10	48	136	
2	141	2	158	20	131	170	230	22	1	88	2	96	232	48	64	89	106	19	193	34	184	8	255	40	38	138	136	20	10	48	136	
2	141	2	158	20	131	174	230	22	0	90	2	96	234	48	64	89	106	2	195	2	184	10	255	40	38	138	128	20	10	176	136	
67	189	151	183	171	204	52	135	187	91	162	92	190	182	64	250	167	119	124	144	51	201	147	99	173	246	94	74	136	80	131	63	
195	52	151	213	171	44	36	23	248	251	10	84	188	50	64	255	167	87	124	24	177	221	147	66	141	186	94	2	136	80	163	61	
27	93	106	126	86	146	127	117	117	64	94	162	121	79	183	100	126	240	149	239	233	146	36	175	114	239	174	128	39	182	112	125	
134	77	130	155	84	131	170	64	22	128	83	18	104	202	48	64	120	40	19	195	34	182	2	255	48	38	139	136	21	58	48	128	
5	200	109	91	68	139	231	180	94	80	119	66	241	64	156	96	90	8	54	91	195	180	111	117	36	40	103	68	85	154	209	228	
57	50	92	101	50	91	82	80	112	40	246	104	83	25	134	48	150	221	196	0	140	240	97	14	194	207	32	147	104	128	74	131	
210	145	18	152	139	196	144	103	175	29	128	17	172	150	32	80	201	179	203	128	90	15	146	215	145	176	26	251	16	4	167	26	
90	180	190	248	171	241	25	67	187	31	164	57	174	191	102	95	231	147	239	144	58	79	162	211	219	211	90	123	146	68	167	123	
173	69	101	69	52	26	239	56	117	232	114	66	211	8	149	165	94	204	86	106	233	180	101	142	38	239	33	132	111	187	80	165	
64	176	57	114	200	204	49	150	170	121	36	24	190	151	72	50	133	95	120	24	19	90	186	113	221	185	20	106	200	0	135	59	
119	101	102	198	204	2	206	232	225	192	153	139	72	236	127	35	120	229	87	231	204	99	140	200	50	40	207	156	101	247	114	196	
2	174	162	155	245	249	186	199	30	15	88	179	172	204	118	0	137	59	131	21	54	28	42	247	45	22	158	235	148	12	181	222	
178	81	82	188	75	193	144	64	141	4	241	171	108	222	45	81	234	177	143	226	104	7	10	221	147	240	202	187	53	39	38	146	
33	132	113	77	244	11	239	255	117	99	126	82	83	33	156	164	123	142	22	40	243	184	101	223	44	174	52	68	247	138	208	172	
35	143	98	138	220	179	238	231	87	68	220	143	96	232	182	128	121	234	131	245	214	187	14	255	62	14	143	201	85	222	252	204	
18	143	74	156	83	144	188	231	191	7	202	147	45	170	54	64	107	235	163	133	102	153	6	255	56	38	158	3	53	68	189	142	
34	73	2	140	76	129	142	232	132	0	240	2	32	200	49	67	72	232	19	227	66	35	2	249	48	32	202	184	85	63	112	136	
53	65	125	101	36	10	79	48	100	224	246	64	211	1	145	113	90	196	92	106	201	176	101	12	224	232	97	16	109	187	64	33	
185	140	239	85	213	86	239	251	118	226	70	18	81	57	17	97	121	238	59	173	233	248	61	142	111	111	215	4	167	224	116	232	
50	79	71	191	82	130	46	96	180	128	218	227	97	226	161	193	122	253	38	227	109	211	15	236	52	34	239	128	37	242	48	132	
111	102	193	77	69	94	238	88	65	226	233	72	66	228	213	180	92	220	34	106	201	182	253	202	55	60	133	36	67	255	114	164	
75	29	191	237	187	244	185	23	175	73	94	229	188	190	150	110	135	55	253	149	150	137	163	224	239	127	62	194	134	196	165	127	
235	15	97	69	101	63	234	50	81	234	126	206	104	40	149	165	94	228	182	238	205	186	228	234	38	62	193	160	79	239	88	157	
71	48	179	144	211	242	185	69	254	215	67	246	76	246	238	238	119	95	179	145	183	209	190	194	29	6	159	198	133	116	165	247	
45	36	229	67	209	47	233	90	95	181	111	76	64	37	93	188	89	28	34	188	147	240	121	208	13	30	145	100	211	75	70	244	
185	233	65	111	180	219	78	189	5	104	184	72	243	69	144	180	88	242	220	106	105	168	73	63	163	221	37	208	122	186	218	60	
164	112	189	113	72	111	65	88	178	182	165	24	82	215	73	59	9	220	107	122	40	247	251	0	85	138	81	52	192	121	70	226	
1	190	88	65	244	175	235	190	118	41	126	116	145	49	144	32	127	14	22	188	179	184	69	31	108	143	181	196	237	200	192	169	
218	1	46	188	9	4	28	111	161	142	134	135	45	143	50	83	228	181	253	165	108	79	146	221	243	241	202	155	32	36	188	90	
35	191	116	13	61	251	144	99	207	93	188	34	174	88	182	164	202	51	198	17	150	41	102	221	14	84	10	251	87	12	93	207	
185	201	72	111	52	219	78	188	85	72	254	64	243	89	176	240	88	248	156	106	205	168	77	63	226	237	165	16	127	186	216	24	
11	35	116	69	117	30	232	48	109	200	126	228	234	8	151	180	62	133	222	108	133	176	101	205	38	121	3	131	111	166	74	21	
237	60	189	118	32	108	83	16	240	202	39	24	215	83	65	59	129	116	88	58	41	100	184	2	193	187	64	24	200	99	66	34	
26	74	124	233	42	209	120	24	135	20	116	163	41	207	163	192	102	185	191	194	78	16	70	157	198	193	163	139	55	143	44	75	
44	185	184	211	248	205	177	215	138	121	5	25	148	159	66	40	133	59	83	17	18	106	218	81	111	17	61	111	192	0	143	243	
3	135	7	157	18	146	174	103	188	65	90	199	172	166	182	228	38	43	27	141	245	152	36	239	36	38	158	128	12	4	161	93	
240	41	253	117	140	75	85	53	192	172	182	8	179	61	67	59	8	246	108	106	72	248	225	8	199	137	101	49	97	122	214	106	
35	175	99	201	246	163	235	223	23	37	120	230	32	225	180	148	126	170	23	188	146	186	36	255	60	28	130	224	247	206	242	236	
58	174	96	41	23	211	91	238	23	101	196	155	43	13	22	132	89	138	131	149	62	190	117	191	235	87	144	87	247	140	92	94	
117	66	195	204	102	2	111	88	80	202	250	230	81	227	177	242	126	236	54	238	201	151	164	10	48	174	231	136	45	251	114	161	
57	175	66	175	212	131	107	125	7	164	124	207	113	193	178	20	126	238	23	252	218	186	77	189	126	12	165	228	63	142	242	232	
133	253	111	193	166	144	239	191	230	82	94	230	209	231	219	102	119	74	63	255	195	144	175	115	108	41	175	132	45	242	241	241	
149	120	19	234	83	197	19	112	41	64	225	76	190	151	33	53	166	185	92	106	105	135	48	124	145	208	0	42	72	3	35	51	
109	229	241	70	253	79	71	184	83	234	173	8	82	117	77	54	153	214	112	106	105	99	249	62	107	222	69	62	66	123	214	35	
189	65	59	101	69	94	70	32	113	224	226	8	83	28	21	177	216	196	80	234	205	182	113	140	243	249	129	16	99	59	114	38	
18	106	66	143	74	128	170	212	172	0	208	199	161	195	185	66	110	233	95	231	202	3	206	233	180	32	170	136	61	147	49	152	
74	143	54	200	125	241	176	103	205	13	124	43	172	174	38	198	230	51	195	17	22	43	34	213	127	81	26	75	146	76	173	207	
134	0	130	131	20	163	42	72	54	3	83	18	72	130	40	72	121	9	19	144	50	148	9	214	12	6	154	196	148	11	49	128	
205	121	109	79	54	154	171	56	124	192	86	230	249	86	147	96	54	116	127	255	225	148	45	127	100	41	175	128	45	179	81	113	
94	81	118	164	70	2	186	96	169	224	155	163	77	78	61	3	62	213	253	231	200	131	140	200	176	233	235	134	37	55	51	81	
133	165	237	193	230	23	239	187	238	210	30	194	209	253	253	102	119	76	63	173	227	32	182	219	108	13	175	172	188	240	81	241	
2	141	2	158	84	131	174	226	150	0	90	2	104	234	48	64	120	106	19	195	98	186	10	255	48	38	138	136	21	106	49	136	
83	55	208	69	59	30	62	56	43	160	174	205	205	46	198	182	55	85	232	166	228	67	141	74	190	253	15	63	10	246	11	21	
104	253	55	78	29	207	71	248	239	172	170	12	246	113	0	84	144	96	74	110	75	163	121	61	233	156	5	16	82	58	70	98	
90	45	18	164	19	246	22	96	173	132	202	11	78	250	32	208	178	247	205	227	76	131	144	206	179	231	15	27	34	118	47	6	
61	165	104	97	214	27	239	253	68	96	125	194	89	77	158	32	62	138	23	252	219	176	45	159	126	205	165	228	119	138	250	224	
170	233	34	26	77	209	208	228	147	92	212	43	34	204	119	141	200	170	195	199	78	107	234	177	19	16	200	59	87	29	126	222	
67	225	109	201	76	196	233	12	110	81	198	2	145	20	28	110	72	140	122	221	195	176	247	209	5	56	154	72	5	2	113	236	
94	150	148	223	139	32	157	239	191	55	135	179	204	39	46	79	231	23	237	160	48	77	139	211	216	230	222	215	178	68	165	83	
162	129	230	215	236	161	232	97	201	249	89	155	136	236	124	11	206	171	51	135	208	114	198	192	14	24	203	232	69	110	242	192	
166	9	128	153	204	129	172	75	22	16	81	18	0	136	113	73	120	40	51	147	82	186	67	208	20	0	218	172	21	88	176	128	
6	12	6	158	20	162	170	98	148	2	91	2	96	234	33	65	121	42	10	162	34	145	10	253	32	38	138	128	148	107	48	136	
8	189	58	106	243	237	115	246	101	9	108	0	60	247	32	16	181	59	151	24	146	186	16	127	107	205	52	74	242	82	35	139	
222	180	18	248	57	229	16	219	187	26	177	57	206	223	108	81	151	51	223	33	106	7	154	215	147	213	11	255	18	64	39	19	
134	49	146	152	203	224	184	73	191	22	65	179	44	214	104	89	246	59	179	128	50	71	130	209	17	32	219	107	17	36	39	194	
3	142	2	159	83	147	170	230	157	1	90	199	172	234	182	196	250	107	147	133	166	154	6	255	36	54	154	131	29	4	57	140	
126	226	160	190	41	177	91	136	131	29	153	169	239	206	203	218	209	219	237	83	10	67	234	177	146	245	185	191	150	31	22	99	
32	12	2	158	84	163	162	106	150	2	89	2	96	200	49	64	89	42	2	3	34	178	8	191	32	38	130	8	85	107	48	136	
112	181	125	229	116	110	249	119	104	41	186	11	23	61	20	19	172	151	95	33	216	187	81	77	241	169	224	80	101	8	214	91	
98	141	114	227	244	168	254	39	233	9	251	24	174	42	20	16	238	163	78	0	208	168	64	231	166	252	18	216	68	202	195	137	
51	143	105	161	182	2	239	183	17	237	90	231	9	46	150	64	127	143	21	189	254	152	37	223	124	46	175	196	165	196	244	89	
2	141	2	158	20	131	170	230	22	0	90	2	96	234	48	64	121	106	19	129	34	184	10	255	32	38	138	128	20	10	48	136	
2	141	2	158	20	131	174	230	22	0	90	2	96	234	48	64	89	106	19	193	34	136	10	255	32	38	138	136	20	10	48	136	
134	77	2	159	20	130	174	97	150	128	83	2	104	202	48	64	120	43	19	211	98	154	10	255	32	38	138	128	21	58	176	128	
2	141	2	158	20	131	170	230	22	1	88	2	96	234	48	64	89	106	19	129	34	186	8	255	40	38	138	136	21	10	48	136	
0	141	2	158	20	131	174	230	22	1	88	2	96	232	48	64	89	106	2	193	98	184	8	255	40	38	130	8	20	10	48	136	
210	149	18	152	203	196	148	103	159	31	136	17	172	150	96	81	201	19	219	128	114	15	146	215	145	176	154	123	16	68	167	219	
90	164	190	248	171	241	25	71	187	31	165	57	174	191	110	91	231	155	239	144	50	75	162	209	219	211	90	123	146	68	167	67	
181	71	101	69	52	26	238	56	117	224	114	66	211	8	149	245	122	204	86	110	233	180	101	14	38	238	161	0	109	187	80	164	
118	109	98	198	220	2	206	233	161	194	153	139	72	236	117	2	126	229	87	231	232	35	140	206	58	44	207	156	69	118	242	208	
58	221	118	78	91	213	210	248	205	8	253	2	108	223	45	116	252	177	151	98	194	35	58	253	51	216	0	26	115	27	96	175	
17	196	115	69	246	11	239	255	124	99	126	82	123	32	188	100	127	14	22	40	177	184	37	223	44	174	54	68	119	202	241	173	
11	174	224	147	246	185	190	199	31	55	92	247	173	44	214	140	47	75	151	149	150	88	13	243	46	85	190	229	175	212	155	221	
34	143	98	138	220	179	238	231	87	4	220	135	96	232	182	0	121	234	131	245	150	187	12	255	58	6	143	201	213	222	252	204	
192	252	159	86	170	204	39	166	190	219	2	120	252	246	64	182	167	115	120	82	99	77	186	99	173	178	95	74	136	80	135	57	
193	188	157	87	162	204	37	151	254	91	74	112	188	55	192	255	39	119	120	152	115	216	179	99	237	182	86	2	136	80	163	57	
18	140	134	156	91	128	188	231	182	23	200	147	40	234	38	64	105	171	163	129	118	203	2	255	57	38	158	75	49	4	189	138	
34	65	66	140	76	1	142	108	132	0	240	10	32	200	49	67	72	224	83	227	64	35	2	221	48	32	139	188	85	58	112	136	
125	65	117	103	36	10	79	48	96	232	255	72	211	1	145	115	122	196	92	106	201	176	109	12	228	233	97	16	103	187	80	33	
149	70	199	133	22	2	111	56	52	130	82	230	209	34	145	65	126	204	38	239	233	212	5	14	36	46	239	128	45	179	112	160	
75	189	251	224	182	176	123	23	43	73	94	225	189	191	212	96	167	191	157	157	147	24	164	226	234	253	190	202	142	196	163	93	
229	249	40	62	204	157	214	188	82	242	116	12	243	248	87	49	216	234	114	79	238	122	222	59	110	13	229	60	89	59	90	140	
114	163	110	140	95	211	152	109	207	244	148	171	40	204	246	70	238	165	251	197	222	11	166	221	58	113	143	255	55	14	252	78	
71	41	134	146	225	144	184	64	171	209	67	133	172	206	119	238	166	105	251	85	151	201	150	224	152	80	30	203	140	39	43	197	
66	74	134	189	13	240	184	6	170	95	218	35	172	138	54	202	224	103	251	133	68	217	131	225	148	114	218	131	4	84	61	79	
229	88	189	117	100	110	99	144	112	250	102	28	179	17	1	59	0	68	116	106	169	244	241	42	69	186	112	16	74	241	66	40	
121	54	94	101	51	31	18	112	121	0	238	237	207	58	134	176	182	213	204	32	172	177	81	14	246	247	32	19	107	166	11	21	
255	106	231	68	78	6	239	216	112	182	119	206	81	108	223	63	126	228	117	238	232	118	174	72	86	40	229	172	103	179	118	228	
229	120	181	86	105	77	69	152	232	250	161	88	146	213	197	63	136	116	104	106	97	103	250	32	5	152	65	60	74	177	66	32	
68	184	25	113	193	204	113	222	58	121	100	88	190	151	64	48	161	94	120	24	3	88	186	115	207	189	21	108	202	0	131	187	
37	96	137	75	12	125	130	72	206	234	169	72	210	216	93	168	221	61	122	27	143	39	255	16	3	221	139	61	217	123	90	132	
65	160	175	85	93	86	233	104	118	241	198	2	112	245	48	106	120	236	59	141	9	219	191	76	93	43	223	64	129	40	116	234	
36	77	2	154	84	131	170	97	22	0	91	2	96	202	49	64	120	42	19	211	98	182	10	255	32	38	139	8	21	26	48	128	
112	173	126	102	172	105	85	55	192	190	190	40	243	181	64	51	8	246	108	42	88	235	226	41	227	137	100	57	64	234	198	106	
6	13	6	159	156	163	174	97	132	128	219	2	96	234	49	64	120	34	59	161	16	177	11	221	32	38	203	128	149	106	176	128	
164	72	2	158	76	129	128	64	148	130	81	2	96	200	49	73	88	40	2	67	96	183	10	153	16	32	195	8	85	43	48	128	
51	7	104	69	118	30	250	113	109	232	254	206	43	8	150	116	190	165	94	173	140	185	101	205	150	124	34	147	111	174	122	85	
58	249	224	49	21	219	81	69	87	229	230	159	43	157	86	13	200	186	209	145	30	250	245	145	79	81	144	115	231	12	222	222	
34	13	98	158	84	131	174	104	86	0	88	2	96	232	48	64	120	106	19	195	130	186	10	255	48	38	139	136	21	42	48	128	
198	180	16	184	184	173	24	11	191	26	177	56	206	214	105	89	151	51	255	16	50	5	138	215	153	212	11	254	16	64	3	19	
13	201	109	73	100	155	239	189	70	80	118	66	241	192	152	224	122	8	46	107	195	176	111	53	100	9	167	68	119	154	209	224	
2	141	2	158	84	131	174	226	22	0	88	2	96	234	32	64	120	106	19	194	96	186	10	255	32	38	138	136	21	10	48	136	
161	222	87	31	116	239	165	118	92	79	122	246	48	36	166	5	108	42	2	12	225	188	32	111	36	62	112	130	73	216	112	253	
132	104	130	154	76	129	166	200	150	144	81	2	64	200	121	73	88	104	2	211	66	230	10	160	16	0	207	40	149	59	48	128	
61	167	88	97	148	47	71	191	86	45	124	76	147	49	154	48	29	142	6	60	186	184	101	31	110	205	165	244	255	202	218	137	
49	74	195	204	100	2	207	95	81	194	248	230	49	224	181	244	94	236	54	174	201	182	229	202	52	46	167	136	127	248	114	165	
15	106	78	143	72	128	171	216	164	64	214	198	241	194	187	200	126	232	63	238	131	144	79	104	20	41	170	128	61	179	57	248	
134	140	130	152	212	163	170	71	22	131	83	18	72	202	56	64	121	43	51	145	50	182	0	223	60	38	159	192	149	72	241	128	
94	130	204	191	139	56	154	168	175	55	137	135	237	107	78	202	103	71	233	215	22	65	223	241	222	55	223	255	190	199	137	26	
77	80	126	109	46	58	123	184	228	232	94	166	217	95	147	99	54	116	253	238	197	148	47	140	70	235	227	132	38	183	65	113	
58	18	102	169	39	151	88	66	13	5	210	135	13	138	55	204	206	137	183	149	142	147	23	208	146	121	154	131	30	140	57	93	
41	189	21	75	61	223	70	190	239	105	168	72	254	113	4	180	145	98	72	8	75	40	121	191	175	222	5	122	90	10	66	44	
149	120	27	218	3	237	19	80	109	66	225	72	246	87	1	61	166	185	88	234	41	135	48	76	145	144	2	10	8	51	35	50	
134	96	130	154	132	131	42	192	150	145	83	18	72	194	105	73	120	40	2	210	2	246	10	224	0	0	207	196	148	59	48	128	
82	71	70	133	154	2	174	101	172	128	218	227	193	226	164	71	126	245	111	227	72	147	133	204	176	32	238	129	45	178	173	4	
2	142	2	159	91	145	184	230	158	21	64	147	172	234	54	196	233	43	163	133	38	218	6	255	36	54	154	11	20	12	189	142	
109	245	245	71	181	127	199	168	91	250	41	8	242	120	221	182	145	70	116	106	249	112	249	63	47	223	69	54	202	123	210	36	
45	103	96	5	116	31	238	56	113	172	122	205	195	40	151	148	28	204	4	110	236	178	77	14	38	94	37	132	111	254	90	196	
169	85	60	109	93	79	71	56	68	192	228	12	211	89	19	49	216	236	82	110	233	178	81	12	103	251	5	16	90	186	90	146	
214	97	226	165	6	0	184	72	41	240	147	147	141	14	93	11	46	149	253	231	192	81	133	192	148	72	218	164	37	37	51	209	
61	135	106	65	214	19	239	123	84	228	127	130	81	41	190	32	123	140	23	188	249	184	45	94	126	15	165	196	103	234	248	224	
58	248	96	113	23	219	81	85	23	117	198	143	43	29	86	141	104	184	147	145	14	250	117	149	79	65	144	115	119	12	92	222	
214	232	164	147	174	128	190	132	174	115	146	147	172	174	89	74	231	83	255	215	194	77	143	227	156	20	222	230	132	87	49	89	
166	64	134	157	12	2	168	64	148	130	211	18	64	200	57	75	120	40	59	163	0	183	2	192	0	34	218	128	149	41	48	128	
0	141	2	158	20	131	170	230	22	1	88	2	96	232	48	64	89	106	2	193	34	184	8	255	40	38	130	8	20	10	48	136	
2	141	2	158	20	131	170	230	22	1	88	2	96	232	48	64	89	106	19	129	34	186	8	255	32	38	138	136	21	10	48	136	
2	141	2	158	20	131	174	230	22	0	90	2	96	234	32	64	89	106	2	194	34	152	10	255	40	38	142	192	20	10	176	136	
0	141	2	158	20	131	166	230	22	1	88	2	96	232	48	64	89	106	2	193	98	184	8	255	40	38	130	8	20	10	48	136	
90	160	182	248	171	249	16	79	175	21	161	57	172	191	108	90	167	147	235	145	18	75	130	209	219	211	90	123	146	68	175	66	
6	77	2	155	84	131	174	96	150	0	91	2	96	202	49	64	120	42	19	195	98	186	8	255	32	38	139	128	21	58	48	128	
177	71	117	69	52	10	239	48	117	224	242	194	211	8	149	241	122	196	70	106	233	180	101	14	36	174	161	0	109	187	80	160	
35	175	98	138	213	147	238	229	87	4	92	135	96	232	54	0	89	234	131	117	214	187	14	191	58	14	143	201	213	14	252	204	
253	65	117	103	36	14	79	48	97	232	191	72	211	3	145	119	94	196	108	106	201	176	109	8	230	249	101	16	103	187	66	33	
11	252	115	226	112	148	123	150	59	73	92	225	189	159	244	116	135	187	149	157	151	152	160	247	234	221	190	234	142	134	163	125	
82	189	43	138	27	244	155	242	139	77	157	39	44	222	102	96	228	179	157	213	134	11	186	245	123	85	139	251	23	6	53	127	
108	60	185	98	225	108	115	16	232	202	109	8	86	113	65	58	129	124	100	26	17	112	186	32	71	159	97	40	194	99	70	163	
243	221	111	78	159	82	206	173	81	192	202	206	112	124	55	113	122	231	88	227	237	171	93	111	48	44	140	26	109	118	250	30	
89	44	90	36	48	158	94	96	185	170	254	141	223	234	2	16	182	229	220	165	172	179	148	14	242	255	41	144	104	166	43	19	
16	188	26	123	83	207	51	210	127	1	108	8	62	215	64	48	163	123	82	8	3	184	184	127	127	157	5	35	104	2	3	179	
13	193	108	73	68	27	231	189	100	112	86	2	219	193	218	228	120	136	46	234	203	176	111	157	102	201	167	4	119	190	120	228	
194	150	18	152	235	229	52	103	159	31	152	53	172	150	32	81	197	19	223	128	114	15	146	215	181	52	154	251	144	68	167	219	
166	109	66	142	204	1	142	232	128	146	216	10	96	232	121	3	88	226	19	227	64	35	138	232	48	0	207	172	85	123	112	136	
239	237	1	174	29	213	74	136	131	64	137	77	234	222	88	244	216	234	88	223	79	3	218	191	185	92	143	122	26	15	82	86	
2	141	2	158	84	131	174	226	22	0	88	2	96	234	32	64	120	106	19	194	96	186	10	255	32	38	138	128	21	10	48	136	
201	252	157	87	161	204	37	183	254	91	102	112	252	183	193	255	39	118	120	154	115	216	251	99	47	187	118	0	138	208	167	57	
34	141	98	158	84	131	174	234	86	0	88	2	96	232	48	64	120	106	19	195	130	186	8	255	48	38	139	136	85	42	48	136	
253	107	97	46	108	13	71	188	83	190	176	77	235	73	91	19	92	200	101	111	232	118	206	57	244	216	101	188	119	191	86	234	
134	140	130	155	212	163	170	71	22	131	81	18	104	234	56	64	121	42	51	145	50	182	10	222	60	38	159	200	149	72	241	128	
42	191	40	99	249	253	177	83	1	125	221	189	152	157	194	166	204	26	215	21	147	58	240	132	127	89	48	251	75	142	150	251	
246	44	230	198	220	2	206	105	145	194	153	139	104	108	53	2	125	245	87	167	232	227	12	238	58	46	143	156	101	255	114	0	
45	197	114	74	180	155	222	244	93	8	125	0	75	73	188	52	250	136	6	106	222	184	40	255	42	221	4	66	119	155	224	133	
113	7	107	36	116	143	235	115	104	236	250	207	51	8	150	48	254	165	94	165	140	187	5	76	84	44	170	144	77	138	114	197	
204	252	191	94	185	228	55	168	190	218	110	32	252	247	233	246	23	123	232	10	35	69	186	111	233	183	103	8	2	114	39	57	
196	48	27	72	10	232	33	0	224	66	163	56	150	215	9	121	48	48	88	34	33	133	240	68	21	160	34	88	72	33	39	50	
155	121	59	244	47	213	159	246	204	232	20	2	188	156	119	39	238	121	19	195	197	239	178	232	241	89	206	186	29	56	53	255	
18	142	66	190	82	162	170	231	150	5	202	179	41	234	50	192	123	171	131	133	54	155	6	255	48	38	154	1	53	12	57	142	
49	133	123	69	246	138	239	247	116	35	126	66	113	99	188	100	63	254	22	168	177	184	37	127	126	174	38	196	119	138	225	169	
36	50	255	113	226	106	113	88	50	191	127	56	87	215	201	26	23	28	103	18	2	244	169	0	69	135	113	165	224	227	70	227	
18	133	6	140	156	130	174	237	132	129	218	2	72	234	40	64	120	103	63	224	88	139	3	204	184	36	142	208	20	106	177	0	
240	142	254	118	176	232	83	183	240	15	166	56	119	119	0	18	3	118	76	40	56	173	160	47	251	167	48	89	224	200	198	43	
48	143	97	65	180	91	75	175	87	101	110	130	3	33	148	36	89	142	4	60	56	184	101	159	174	206	5	85	247	140	212	108	
2	170	6	154	91	209	176	199	158	21	192	147	172	202	34	192	233	59	163	129	6	75	2	245	29	50	154	75	16	12	189	206	
106	167	101	8	221	219	207	239	27	117	168	155	42	44	92	148	89	130	227	53	122	107	239	255	61	22	149	127	215	204	214	252	
194	180	18	184	233	173	152	75	191	59	184	56	140	254	96	89	151	59	223	32	50	79	130	215	129	214	27	254	144	68	131	147	
237	245	245	71	181	95	70	184	91	250	111	8	214	120	221	183	145	94	116	106	225	240	249	63	47	255	69	54	202	123	82	39	
202	54	178	188	43	111	152	90	155	207	145	189	140	158	47	27	151	49	221	37	180	71	194	210	147	87	90	191	150	109	7	215	
222	106	206	182	35	178	62	192	161	142	247	165	45	207	35	91	166	245	237	214	12	207	138	232	210	241	234	139	162	247	47	83	
148	88	127	248	55	199	179	198	190	80	48	32	28	159	37	104	171	121	19	80	35	173	48	124	121	141	7	6	209	25	101	187	
18	46	118	188	115	192	176	102	189	5	82	163	44	191	162	65	166	123	239	129	34	201	130	237	178	34	126	139	38	4	37	203	
50	73	64	140	76	3	142	109	132	0	184	10	32	8	52	65	72	128	95	227	72	43	64	157	48	40	138	184	85	58	112	136	
33	188	24	89	61	159	82	182	255	41	44	12	182	176	6	48	129	42	78	24	151	56	80	127	175	158	21	114	88	8	202	14	
95	81	126	237	46	50	127	24	229	232	94	162	217	95	151	98	118	212	253	238	201	145	45	140	230	253	227	128	39	247	112	113	
166	8	2	155	100	169	168	66	28	50	80	18	160	168	112	73	72	42	19	131	50	252	66	226	12	16	218	232	21	9	16	128	
13	106	79	141	72	18	107	216	36	196	214	198	249	198	155	238	126	232	62	238	133	144	103	40	86	105	171	128	63	183	56	240	
120	187	190	118	173	29	85	117	224	156	174	8	39	217	66	19	160	246	236	66	88	107	146	33	211	201	100	57	98	250	206	43	
251	157	102	12	31	6	143	187	112	74	194	87	120	120	22	211	252	199	253	229	236	203	85	127	57	43	236	146	61	100	122	75	
2	141	2	158	20	131	174	230	22	0	90	2	96	234	48	64	121	106	19	193	34	152	10	255	32	38	138	128	20	10	48	136	
82	141	2	140	156	130	174	237	132	0	218	2	64	234	40	64	120	230	127	242	88	139	1	254	184	36	142	216	20	26	176	8	
2	141	2	158	20	131	170	230	22	1	88	2	32	234	48	64	121	106	19	129	2	184	8	255	32	38	138	128	20	10	48	136	
2	141	2	158	20	131	170	230	22	1	88	2	96	232	48	64	89	106	19	129	34	184	8	255	40	38	138	136	20	10	48	136	
118	48	243	68	227	104	103	67	107	175	59	120	94	183	205	190	179	221	116	16	17	115	160	194	25	188	37	166	231	243	199	101	
16	189	91	106	114	203	51	224	181	128	110	32	127	215	32	112	50	249	198	224	3	145	40	127	127	133	37	3	97	130	47	179	
2	141	2	158	20	131	170	230	22	0	90	2	96	234	48	64	89	106	19	129	2	186	8	255	32	38	138	128	21	10	48	136	
89	44	90	38	114	155	94	112	57	200	126	237	95	250	146	16	178	237	149	39	172	178	132	46	242	239	35	137	108	166	43	3	
6	76	2	159	212	131	174	224	150	130	90	2	104	234	49	64	121	106	19	147	34	186	10	255	60	38	143	136	149	123	177	128	
18	140	10	188	91	192	176	231	150	5	192	147	44	162	34	64	233	171	163	129	62	143	2	255	152	38	154	75	49	4	189	138	
134	140	130	155	212	163	170	103	22	131	89	18	96	234	32	64	121	42	34	144	50	190	24	255	40	38	159	72	149	74	176	128	
6	0	134	129	4	34	168	66	36	19	211	18	72	130	41	74	105	4	59	144	0	213	1	194	28	38	218	196	132	73	48	0	
204	180	191	94	185	198	55	248	190	138	110	0	252	247	41	247	151	127	232	42	99	193	186	127	123	183	71	11	2	114	39	115	
17	141	123	77	214	138	239	247	116	1	126	2	113	97	188	100	127	238	22	232	241	184	37	127	124	174	38	196	101	202	225	169	
173	253	191	119	245	95	246	168	123	250	111	8	94	252	77	183	145	126	116	106	225	240	185	62	47	223	69	38	202	123	67	39	
109	117	245	69	229	62	108	61	105	234	62	76	219	60	221	183	151	198	124	46	197	112	245	200	38	122	101	182	78	246	210	125	
61	205	98	107	180	155	238	245	85	64	124	2	235	73	190	36	122	138	6	122	254	184	108	191	110	221	164	68	119	158	208	228	
82	191	83	84	83	194	55	227	185	132	234	170	108	247	36	212	54	255	233	226	96	155	146	127	59	166	5	75	35	32	167	42	
198	36	176	149	46	168	184	10	191	178	145	18	236	202	89	75	119	145	127	177	162	69	139	211	156	22	155	188	132	96	33	129	
6	77	2	158	84	131	174	96	150	0	91	2	96	234	48	64	120	42	19	195	98	186	10	255	32	38	139	136	20	42	48	128	
28	28	123	248	114	227	179	66	142	140	126	34	61	215	161	104	99	177	55	82	0	181	32	126	89	199	35	139	245	41	37	227	
148	88	251	240	118	227	179	66	220	234	86	34	60	159	161	104	106	249	55	211	33	181	32	234	81	143	43	131	181	57	37	123	
66	181	146	154	249	165	188	103	191	59	185	57	140	190	100	89	199	19	223	16	50	75	130	215	189	150	94	250	144	64	167	155	
13	20	213	101	48	62	107	16	116	234	87	228	221	99	145	253	54	108	60	238	161	212	37	12	196	239	99	132	174	163	1	49	
10	148	112	243	166	177	220	55	93	107	127	178	141	31	188	97	207	27	151	137	242	188	33	215	170	223	154	194	87	204	225	13	
229	65	117	71	44	14	79	48	97	234	183	72	211	97	157	55	94	196	108	106	233	246	253	8	247	248	101	16	103	251	66	33	
225	22	107	168	116	174	234	82	108	72	251	95	51	8	52	112	124	173	22	173	169	191	84	78	84	44	170	192	77	10	115	177	
134	64	134	129	4	34	168	66	36	19	211	18	8	138	121	74	105	4	59	145	0	245	1	194	20	38	218	196	133	9	48	128	
34	203	34	154	85	145	138	228	150	5	88	135	96	204	54	0	216	234	131	213	214	186	14	191	58	4	143	105	85	14	252	206	
185	71	117	69	100	26	237	55	116	226	242	194	219	0	149	245	122	164	78	44	233	180	101	14	36	239	224	0	111	184	80	168	
63	176	180	80	155	53	144	75	147	185	164	27	10	188	71	190	141	155	253	17	158	107	210	144	27	223	149	255	219	108	218	151	
194	150	146	154	235	197	180	103	158	95	152	53	172	182	96	67	197	27	255	128	114	15	146	243	189	54	222	251	144	68	165	219	
90	161	150	184	139	193	24	75	175	21	169	9	140	223	108	218	231	147	235	145	22	75	210	209	155	208	26	127	146	4	175	82	
9	226	113	225	246	146	120	151	115	65	124	210	57	15	148	176	63	155	23	156	219	156	36	247	110	205	182	192	175	132	226	185	
90	253	59	202	59	213	155	216	155	77	157	111	60	223	111	112	213	187	149	211	143	11	58	255	251	93	171	251	151	7	55	127	
38	13	130	142	220	0	142	232	128	130	185	10	104	234	57	2	89	226	83	227	96	35	10	238	56	4	143	184	21	123	112	136	
55	33	216	81	147	55	208	75	87	169	164	10	82	248	69	172	157	152	20	56	59	242	113	30	59	142	149	118	235	232	90	132	
191	117	107	65	242	26	111	248	121	230	127	252	91	103	159	53	55	220	20	254	233	150	45	78	254	47	37	132	239	243	66	241	
174	190	104	67	241	253	179	214	48	79	189	189	154	61	206	160	141	26	223	23	183	42	248	167	111	93	48	251	198	207	214	243	
26	234	224	179	86	145	170	214	31	101	80	199	41	136	214	128	63	203	151	213	198	156	13	247	30	68	191	229	47	135	59	220	
130	184	22	154	203	193	176	199	158	21	192	17	172	222	98	64	193	59	235	145	54	75	146	243	29	16	30	107	144	4	173	202	
118	8	230	222	20	2	202	104	81	192	243	139	107	108	29	80	88	237	53	231	168	243	77	239	26	110	195	144	101	175	114	80	
40	183	88	97	242	139	116	191	50	61	126	253	23	55	138	16	151	155	133	48	58	186	65	23	254	197	52	229	232	128	142	147	
20	147	122	232	146	130	27	113	5	45	255	231	77	231	168	80	118	189	135	160	152	147	8	94	242	165	171	197	53	162	165	51	
2	141	2	158	20	131	170	230	22	0	90	2	96	234	48	64	89	106	19	129	2	184	10	255	32	38	138	136	20	10	48	136	
2	141	2	158	20	131	170	230	22	1	88	2	32	234	48	64	89	106	19	129	2	184	8	255	32	38	138	128	20	10	48	136	
4	77	2	158	20	131	170	96	22	0	89	2	96	234	49	64	121	106	19	195	98	186	8	255	32	38	139	8	20	11	48	128	
2	141	2	158	20	131	170	230	22	1	88	2	32	234	48	64	89	106	19	129	2	184	8	255	32	38	138	136	20	10	48	136	
2	141	2	158	20	131	170	230	22	0	90	2	96	234	48	64	89	106	19	129	2	184	10	255	32	38	138	128	20	10	48	136	
26	157	83	92	83	210	54	230	52	0	104	226	41	246	164	212	54	251	130	192	81	155	162	127	59	164	2	139	49	0	47	187	
34	13	98	158	84	131	170	96	86	0	88	2	96	232	48	64	120	106	19	195	162	186	10	255	48	38	139	136	21	10	48	128	
153	235	96	243	246	146	232	215	119	81	118	214	57	11	156	160	127	11	23	156	243	184	37	247	110	205	182	192	111	148	232	169	
25	63	90	164	114	155	126	112	121	200	122	239	79	106	146	144	54	237	149	231	236	146	4	14	246	229	47	129	111	230	43	1	
16	189	90	86	114	194	55	224	161	192	254	160	124	247	168	112	50	251	198	226	65	147	10	127	123	141	37	131	99	162	47	147	
134	140	2	159	149	167	170	231	22	3	73	18	96	234	32	64	121	42	2	144	50	190	24	255	41	38	159	72	145	74	176	128	
9	193	51	251	39	206	111	213	124	73	87	0	189	151	168	228	50	27	30	75	67	184	49	225	229	249	50	64	98	18	161	171	
140	251	216	179	242	137	122	212	58	241	48	253	141	143	194	144	167	217	197	87	87	92	138	55	238	193	45	237	46	149	139	147	
6	141	2	158	148	131	174	224	22	128	90	2	96	234	49	64	121	106	19	131	98	186	10	255	56	38	143	128	149	90	48	136	
47	254	112	115	243	253	191	214	57	107	29	189	157	61	159	44	159	83	215	31	179	62	109	190	111	223	60	246	198	223	151	251	
245	13	117	69	108	46	79	48	97	226	255	72	91	33	149	247	26	196	124	106	233	182	245	238	55	250	65	16	103	251	66	36	
50	141	2	138	156	131	78	238	133	0	218	2	98	234	48	64	120	238	31	227	88	171	8	253	184	164	143	216	21	10	176	8	
219	247	81	163	243	157	58	189	59	125	17	253	31	30	74	144	183	155	149	213	255	28	109	183	190	197	60	230	62	6	139	89	
56	141	122	110	214	130	239	246	116	0	126	2	115	225	176	80	122	238	23	234	248	187	32	127	122	175	166	192	101	226	224	168	
162	235	34	154	93	213	146	228	158	69	80	131	160	204	54	0	216	106	131	85	70	171	46	191	57	20	143	107	85	14	254	206	
169	6	117	101	101	26	236	55	125	226	118	192	155	33	144	245	74	132	238	40	225	188	101	206	6	255	114	0	111	172	72	172	
122	177	18	232	27	205	16	73	175	29	169	41	142	223	104	210	232	177	239	208	30	11	154	209	155	208	10	127	82	6	175	2	
130	132	134	145	148	168	40	2	62	19	91	18	136	34	64	75	99	7	59	144	50	220	3	210	12	34	218	192	132	64	33	0	
128	0	134	145	4	34	160	66	22	19	82	18	0	10	49	74	105	12	42	145	34	244	1	194	20	34	218	64	133	72	48	128	
77	16	213	69	52	62	106	16	125	233	127	100	219	51	151	252	54	68	60	60	157	208	165	204	142	255	97	196	174	167	73	53	
122	48	244	16	249	245	144	79	219	253	181	29	10	152	70	158	141	191	253	17	158	107	211	208	91	89	21	255	199	76	222	207	
39	189	51	86	213	143	231	246	251	172	46	12	46	177	68	20	160	110	82	94	224	249	184	254	63	28	5	114	66	30	195	237	
19	135	66	172	22	162	40	103	52	1	202	231	97	170	178	192	122	175	10	165	124	155	5	79	176	38	186	193	45	132	184	12	
0	141	10	158	20	131	174	226	22	0	90	2	96	234	32	64	88	106	2	194	98	186	10	255	32	39	171	136	21	10	48	136	
66	181	150	154	234	173	188	231	191	59	147	184	140	182	104	91	199	19	255	16	50	75	203	247	156	54	94	250	144	64	161	155	
18	30	66	191	82	130	190	114	188	198	90	231	109	234	178	192	118	239	167	135	164	153	4	239	56	38	174	129	45	164	41	157	
139	249	113	243	246	145	123	212	27	89	84	243	189	223	248	36	151	27	151	221	243	24	46	247	110	221	190	232	62	150	147	249	
2	188	30	154	203	197	144	207	158	31	192	17	172	222	98	64	201	59	235	145	22	79	26	243	153	87	30	123	144	4	173	206	
6	77	2	158	84	130	174	96	22	128	91	2	104	202	49	64	122	43	19	195	98	154	10	255	48	38	139	136	20	59	49	128	
198	4	150	145	78	42	168	74	190	179	219	18	204	226	97	75	99	5	123	144	34	213	139	211	28	38	219	132	132	97	33	128	
217	193	109	223	4	22	111	61	116	66	215	146	241	100	156	103	126	230	60	238	233	188	125	175	226	235	254	128	37	130	240	120	
2	141	2	158	20	131	174	231	22	0	90	2	96	234	48	64	89	106	19	129	2	184	10	255	32	38	138	128	20	10	48	136	
2	141	2	158	20	131	170	230	22	1	88	2	32	234	48	64	89	106	19	193	2	184	8	255	40	38	138	136	20	10	48	136	
2	141	2	158	20	131	174	231	22	0	90	2	96	234	48	64	89	106	19	129	2	184	10	255	32	38	138	128	20	10	48	136	
130	156	146	155	219	229	178	199	158	9	64	19	172	222	32	64	205	59	147	145	50	28	18	247	13	22	154	235	144	12	165	155	
3	139	2	153	117	147	170	71	94	1	88	195	172	168	182	196	200	43	34	133	150	186	71	255	36	22	154	139	28	12	185	140	
124	185	18	234	57	217	82	72	171	12	185	41	47	219	96	144	216	185	205	80	94	43	136	177	251	213	0	123	114	7	46	3	
34	249	40	154	93	193	146	239	142	93	216	43	164	220	118	0	200	59	211	81	86	43	90	181	45	16	142	123	81	8	151	222	
6	186	164	146	233	245	176	207	158	95	17	189	172	254	110	142	133	59	251	21	183	77	154	241	15	18	95	255	152	69	143	215	
48	141	106	78	84	130	239	244	116	0	254	2	115	225	180	96	122	238	22	232	232	187	36	111	122	175	166	128	117	186	224	168	
18	189	114	94	115	201	183	234	237	192	252	32	120	243	166	52	62	251	214	226	67	171	22	255	122	62	7	11	107	130	35	183	
58	141	66	172	148	131	78	254	5	0	218	2	107	234	48	80	120	235	23	225	72	187	0	191	184	229	175	200	53	154	240	8	
24	141	10	190	20	131	174	242	22	0	88	2	113	235	48	64	120	106	23	195	104	186	8	63	224	167	170	128	53	10	48	136	
117	76	101	68	85	126	238	56	113	226	250	74	83	56	21	183	120	196	124	106	173	183	245	142	55	254	193	16	107	251	82	36	
2	141	2	158	20	131	170	230	22	1	88	2	96	234	48	64	89	106	19	193	34	184	8	255	40	38	138	136	20	10	48	136	
38	77	2	158	84	131	174	96	22	0	91	2	96	202	49	64	120	42	19	195	98	186	10	255	32	38	139	136	21	43	48	128	
19	172	97	187	114	137	122	168	57	112	73	233	247	86	136	113	55	155	21	231	235	24	76	125	164	192	42	238	52	131	3	173	
137	14	119	85	117	154	232	55	125	35	126	80	171	40	148	244	202	46	238	12	245	188	101	206	6	255	82	2	78	132	201	173	
130	4	148	145	134	160	168	7	62	19	90	18	140	42	80	75	107	11	59	145	50	220	3	210	12	18	218	192	148	72	161	128	
178	227	110	128	90	129	191	228	129	52	148	251	8	206	254	1	110	177	215	227	232	7	6	215	50	0	175	239	53	158	183	255	
19	15	67	156	18	146	238	119	180	192	218	199	121	234	178	196	126	239	23	173	173	153	4	238	176	46	171	128	45	164	57	213	
19	13	67	140	22	146	238	114	180	192	218	199	121	234	181	228	126	239	31	239	237	155	4	238	48	46	175	128	45	246	56	84	
218	214	87	218	51	218	114	212	237	25	119	242	110	83	172	245	34	209	206	114	34	181	37	237	178	242	34	195	102	151	229	37	
23	118	59	138	58	191	155	216	31	236	157	239	94	214	239	36	183	89	215	103	167	7	60	223	144	20	41	190	28	55	15	117	
90	155	58	186	155	197	16	199	158	29	200	33	172	254	106	64	193	59	171	1	22	11	18	245	217	247	26	123	144	4	173	219	
34	178	114	26	103	185	176	203	235	21	61	189	174	204	206	156	163	11	226	17	150	104	174	241	14	84	16	111	199	6	207	215	
207	90	169	191	42	136	171	16	190	76	87	228	189	198	179	104	70	113	63	79	129	132	46	232	196	45	42	136	28	167	33	113	
114	48	246	148	203	253	144	67	187	255	181	191	12	188	70	158	175	191	253	17	150	79	182	192	27	80	91	251	207	76	143	215	
4	141	2	158	148	131	174	226	150	0	88	2	96	234	49	64	121	106	2	131	34	186	10	255	56	38	135	8	21	122	48	136	
166	140	130	154	221	229	170	199	150	3	67	18	232	250	48	72	249	42	51	145	50	191	26	255	57	54	159	72	145	72	176	130	
23	161	106	195	214	18	239	249	98	113	61	134	81	75	254	38	126	200	19	254	211	49	189	196	126	9	167	228	173	131	243	228	
