DIORµÏ°Â÷È»óÈ¾´½ÃÛ	881 Natural Pink	https://www.dior.cn/beauty/version-5.1432748111912/resize-image/ep/0/0/90/0/swatches%252Fcs_3348901367516_ec6292.png	https://www.dior.cn/beauty/version-5.1432748111912/resize-image/ep/0/0/90/0/covers%252FY0028967_F002896881_v4.jpg
0	140	2	158	20	131	42	230	22	1	90	2	96	226	32	64	89	106	19	128	34	136	10	255	32	38	154	0	20	10	48	136	
10	159	114	221	118	141	191	246	159	13	92	166	172	254	54	68	255	123	151	129	130	184	38	255	103	127	10	139	23	220	37	251	
0	141	18	222	148	163	134	231	86	1	88	2	96	232	48	64	89	106	2	3	50	168	8	191	40	38	135	64	20	74	176	136	
0	205	2	158	20	131	42	230	22	0	90	2	96	226	32	64	89	106	2	128	18	152	10	255	40	38	134	64	148	10	48	136	
227	137	63	87	164	92	109	55	249	74	118	88	254	60	148	183	164	230	124	78	253	252	225	107	167	250	116	144	74	224	202	45	
60	221	3	174	159	135	198	252	198	8	217	66	114	241	56	228	120	234	14	227	91	43	26	191	185	164	165	88	59	27	248	34	
49	97	99	76	116	27	235	120	67	160	252	202	83	200	181	180	126	204	22	238	201	178	108	158	54	236	161	40	119	170	114	164	
70	172	140	179	141	132	60	166	158	183	2	151	228	234	74	75	193	103	249	149	54	73	219	241	204	115	223	219	136	92	153	90	
48	140	28	254	76	193	83	232	151	22	177	11	114	253	37	17	200	243	3	67	106	35	90	189	211	147	65	59	113	43	68	138	
214	56	190	182	43	100	25	2	186	191	135	177	221	191	67	91	231	245	253	147	40	71	147	224	211	243	251	187	128	113	37	83	
82	136	116	81	21	190	120	39	125	17	119	19	10	40	22	125	225	135	181	144	190	188	21	213	15	250	210	71	247	132	248	6	
56	72	124	124	93	223	210	202	199	36	244	11	43	141	55	24	136	176	227	66	10	35	99	189	67	219	1	59	115	157	94	202	
218	95	174	188	169	116	28	39	168	222	134	149	239	174	51	91	229	231	253	135	236	69	178	170	243	115	222	155	4	116	189	95	
98	25	235	188	79	64	189	71	26	6	64	155	37	173	114	8	218	251	179	129	64	94	146	225	85	39	218	43	21	92	180	250	
62	233	144	58	253	217	210	196	139	168	184	41	174	216	71	144	201	251	206	83	30	43	202	177	186	213	5	123	218	31	90	142	
122	105	147	108	75	201	86	100	235	140	248	40	46	219	101	150	160	241	238	64	66	43	130	233	179	244	4	59	99	54	102	15	
203	159	172	159	168	40	173	191	190	91	70	245	221	38	154	107	7	71	121	141	247	76	255	101	76	50	254	196	140	244	137	89	
45	165	241	72	221	95	226	217	78	145	60	64	27	121	245	164	25	24	2	120	147	42	58	28	47	221	5	108	211	186	66	172	
224	17	127	76	236	103	233	53	85	102	247	30	83	45	60	93	92	148	39	168	248	182	117	134	87	186	208	64	85	136	244	242	
231	35	234	156	108	52	232	113	185	138	213	247	64	234	150	11	254	237	53	175	252	215	134	192	22	57	235	138	13	228	122	213	
191	255	98	130	255	211	222	228	201	204	156	175	108	76	183	133	58	227	215	119	244	11	44	254	58	73	173	251	39	159	254	223	
37	92	251	206	116	183	226	89	94	74	125	70	112	216	181	236	124	40	22	46	135	182	62	218	22	45	35	168	221	250	120	181	
25	95	83	77	18	146	111	118	53	130	122	230	105	99	161	180	126	254	150	234	225	152	37	191	38	238	34	128	111	246	99	173	
26	151	243	255	242	210	191	113	30	5	87	179	109	191	174	192	119	63	167	0	50	157	37	255	118	231	58	195	183	140	165	243	
42	253	98	221	119	223	190	230	31	201	122	167	40	188	182	164	238	123	147	197	198	186	116	255	62	125	158	131	87	12	127	223	
3	56	182	153	79	145	176	66	206	217	80	55	172	152	118	43	235	43	146	145	135	105	6	208	12	16	222	107	221	12	121	159	
51	143	102	158	62	147	207	248	213	4	220	231	99	232	182	132	126	234	15	239	236	163	44	191	50	110	163	136	119	174	112	197	
233	188	150	80	137	189	80	7	255	59	166	92	174	176	70	255	129	166	232	28	55	77	242	3	159	123	84	123	202	68	202	14	
180	21	110	65	180	126	121	95	149	93	182	50	18	63	191	107	248	130	31	60	58	241	33	204	75	219	244	197	235	217	252	83	
203	135	135	149	235	114	172	47	187	243	131	242	204	38	220	239	39	87	248	141	117	77	167	192	28	50	223	135	134	116	189	125	
26	160	118	241	239	189	248	71	175	55	176	19	141	138	92	143	239	139	223	149	146	123	211	208	159	217	218	239	199	140	231	143	
217	236	145	62	11	120	7	174	248	82	140	24	255	246	201	183	145	115	92	11	107	71	238	43	177	246	95	58	2	116	7	108	
2	186	186	187	123	169	184	7	175	13	90	229	172	159	36	64	231	59	191	145	18	24	66	213	206	116	154	203	156	4	37	219	
94	241	238	232	58	131	185	89	175	244	151	163	205	222	126	66	254	149	255	213	194	3	175	209	158	121	139	255	53	166	37	209	
98	184	254	249	111	156	248	66	173	21	246	18	172	159	84	90	238	187	255	144	146	251	242	225	223	249	154	203	199	128	231	203	
63	7	101	225	180	114	95	57	69	104	191	226	91	13	158	229	92	149	157	226	217	163	109	140	226	249	163	213	127	175	228	117	
10	221	34	157	215	209	190	230	30	65	88	34	236	254	52	96	247	123	147	209	71	152	42	255	45	54	143	195	21	94	181	221	
155	159	46	189	181	214	156	39	220	95	214	151	239	46	50	193	229	35	157	5	190	201	53	189	234	247	250	195	60	12	189	95	
66	176	17	152	233	197	57	207	175	29	128	17	172	222	108	88	197	27	251	145	18	75	242	209	157	48	154	127	144	4	167	218	
2	150	18	153	179	161	176	103	30	13	72	183	172	170	34	192	223	59	131	133	54	152	2	215	12	54	154	195	152	12	173	155	
41	221	105	109	246	147	239	183	68	72	126	230	113	45	182	32	94	102	19	236	211	184	101	189	110	109	164	192	119	154	240	249	
1	141	11	205	212	147	175	119	76	65	92	70	180	0	176	100	122	42	18	141	211	184	36	255	100	36	170	192	29	10	177	172	
104	49	51	64	97	13	99	80	169	36	100	12	14	147	4	20	32	12	66	76	0	121	176	64	117	152	1	34	74	132	66	242	
228	227	236	97	172	43	76	158	22	178	128	216	211	41	89	59	29	214	125	124	184	116	77	18	239	203	229	244	244	249	208	32	
63	75	98	142	60	146	202	96	197	68	223	167	97	200	183	196	88	160	175	239	204	163	110	189	178	108	163	153	55	175	124	68	
3	140	33	153	149	179	169	39	95	67	90	214	168	14	180	228	201	43	18	149	183	156	101	223	172	54	154	194	156	76	177	252	
35	16	162	89	101	181	176	82	93	75	116	183	8	156	246	40	237	25	147	21	134	182	96	194	23	28	26	226	215	76	116	215	
131	176	133	185	109	175	184	3	63	123	83	81	140	142	84	105	205	29	123	149	183	252	211	208	141	18	218	102	152	12	9	150	
60	171	24	170	221	133	82	200	135	29	188	9	46	201	98	16	200	219	207	83	30	43	202	181	251	213	133	127	82	15	254	66	
65	56	154	231	115	236	121	7	106	193	107	0	188	187	64	112	230	63	57	29	19	152	209	97	207	253	26	74	136	2	43	26	
112	107	24	168	8	141	2	232	142	44	160	77	183	134	99	16	220	121	72	71	78	15	210	61	209	193	11	60	80	59	11	152	
170	207	102	201	247	179	111	254	149	4	124	182	40	101	182	133	78	250	131	238	114	186	44	255	38	89	132	195	119	221	252	253	
217	188	150	84	137	188	80	23	255	59	166	28	174	179	66	255	161	38	236	24	63	77	147	67	155	243	80	90	138	196	139	47	
45	98	164	65	109	63	234	152	79	248	63	76	202	8	221	174	152	68	98	126	133	112	253	128	14	92	5	180	206	255	90	133	
2	205	98	141	255	147	191	238	31	77	92	131	172	238	54	68	255	123	147	149	194	184	38	255	45	28	143	235	151	12	181	223	
217	122	107	101	38	26	237	181	96	226	54	238	17	13	215	35	38	236	124	238	225	252	181	8	118	201	245	160	111	176	66	249	
97	192	137	30	73	84	21	29	114	91	229	88	246	246	202	122	221	198	100	14	207	6	234	3	213	39	118	24	0	114	170	121	
133	93	59	238	164	38	79	188	160	10	56	64	213	119	185	98	22	83	21	234	225	0	24	42	229	169	167	132	52	243	129	33	
9	175	18	187	247	153	184	247	142	13	92	34	173	227	170	196	111	43	146	156	22	152	98	245	46	213	158	203	150	140	169	141	
250	181	62	118	141	125	213	97	249	150	167	24	239	249	90	23	201	227	253	75	232	103	250	163	211	217	219	59	98	100	223	110	
3	141	66	153	244	171	168	7	126	1	74	131	181	170	52	64	99	43	19	149	18	152	5	247	44	60	158	64	148	200	161	136	
177	21	83	197	246	43	107	114	125	64	127	254	83	49	180	53	62	190	22	106	249	188	36	207	50	168	32	192	111	168	240	161	
137	222	47	159	246	230	173	183	28	79	94	246	244	118	178	97	119	107	59	141	243	156	53	127	100	39	254	128	28	88	177	249	
11	139	107	205	150	146	239	51	68	64	94	198	113	7	178	100	126	38	19	239	209	152	37	237	102	41	170	192	47	160	241	112	
106	172	236	24	235	249	144	207	203	247	180	189	42	236	86	159	137	163	227	21	62	111	238	145	94	83	85	127	215	76	222	222	
61	87	99	77	118	27	238	120	85	232	250	230	83	72	181	228	126	204	22	239	237	178	109	158	54	44	161	132	127	187	120	149	
133	22	239	209	182	186	169	19	124	83	94	246	145	125	181	233	103	10	18	61	179	252	53	206	46	15	182	192	239	216	241	245	
10	156	115	223	118	219	254	246	63	67	126	162	172	254	180	228	255	251	183	129	163	184	36	255	54	127	158	129	151	220	117	253	
77	115	253	101	34	90	111	56	40	236	55	236	223	39	219	114	54	212	124	110	193	208	237	8	198	169	101	148	108	243	3	113	
252	148	189	116	153	125	151	11	130	183	173	24	211	125	66	50	137	214	249	16	120	111	251	50	251	215	85	127	208	104	199	98	
56	29	122	108	83	231	82	119	69	8	124	2	63	63	32	16	254	187	134	32	80	186	16	29	243	205	32	2	115	32	102	139	
90	98	98	136	107	17	184	77	175	180	148	167	12	142	103	90	238	157	239	149	14	3	135	208	146	1	138	255	39	4	47	223	
123	51	98	160	255	126	217	83	105	108	191	175	15	12	150	52	254	133	223	181	157	171	229	204	210	121	170	222	111	142	126	85	
14	17	230	157	253	219	248	216	31	252	214	134	236	236	127	77	255	237	191	241	134	240	123	220	94	127	239	197	159	46	113	211	
41	129	98	1	212	155	228	119	69	97	122	86	19	8	150	164	104	142	22	13	223	186	69	197	54	44	178	192	111	140	248	140	
33	24	245	85	100	159	233	23	125	99	118	86	185	17	148	173	110	44	54	12	161	252	117	193	4	58	114	128	207	136	209	252	
90	186	58	244	107	208	184	71	175	29	246	179	172	159	102	82	167	59	255	129	22	73	130	193	215	241	26	139	2	4	175	219	
86	81	242	205	61	15	250	73	111	41	218	2	205	222	29	64	254	157	255	241	138	179	209	208	183	252	139	150	20	42	113	128	
91	114	234	193	102	82	249	88	33	252	87	175	25	15	223	175	62	140	181	173	197	210	165	192	86	73	235	164	47	164	127	245	
55	20	243	136	118	163	249	90	13	193	249	242	28	158	188	104	126	189	23	177	145	183	36	198	148	60	186	204	181	138	112	241	
183	50	234	192	102	18	248	80	117	200	247	247	89	207	253	108	126	169	23	188	137	183	36	194	82	93	163	196	239	174	112	213	
55	8	99	222	118	131	202	80	215	136	241	98	115	200	181	96	122	168	23	203	137	163	12	253	16	46	171	200	125	171	112	129	
155	221	18	222	19	146	30	182	149	136	142	226	108	247	161	228	118	243	188	200	105	137	19	255	162	247	142	147	58	244	168	61	
130	242	181	217	236	13	173	157	158	91	48	245	188	220	125	235	199	27	63	21	227	102	83	209	69	24	126	172	220	88	209	185	
30	10	250	184	247	210	178	65	159	196	87	179	12	222	98	72	243	57	191	19	52	221	38	226	218	87	139	195	164	45	189	199	
26	178	226	129	119	179	184	196	127	55	22	215	140	140	94	172	191	157	147	181	150	244	165	210	30	86	155	231	143	4	189	213	
18	58	231	221	34	178	185	66	189	13	90	231	44	134	167	220	102	61	167	196	2	153	34	233	22	112	186	131	167	133	39	253	
35	216	65	219	116	149	98	216	87	72	125	102	32	209	181	228	88	40	150	78	195	182	110	255	38	28	160	170	95	155	88	173	
218	92	127	60	35	192	63	246	189	194	102	165	61	151	35	243	38	125	181	198	225	157	182	233	242	235	90	138	46	180	47	123	
25	120	59	164	7	141	117	119	233	140	228	13	46	153	51	16	164	168	91	77	192	191	176	73	243	221	0	58	98	60	83	235	
77	38	148	36	161	60	72	154	106	184	42	64	142	34	67	250	133	69	108	30	132	64	137	0	136	249	39	100	128	117	11	5	
151	31	71	133	134	2	173	231	76	226	218	231	40	172	247	231	111	111	31	231	213	152	37	202	32	8	239	128	45	118	177	221	
61	25	113	233	56	115	75	88	69	232	188	168	219	31	129	244	94	149	220	242	9	35	101	158	210	221	161	253	127	191	102	117	
94	51	122	224	55	248	123	83	41	13	191	171	143	31	70	80	238	153	157	146	26	19	160	192	243	221	170	191	167	135	165	115	
255	83	64	168	47	55	90	72	21	232	177	239	75	88	189	156	254	205	159	231	41	39	73	154	146	201	169	190	63	191	120	21	
218	159	78	188	186	130	31	243	180	140	206	229	109	231	35	81	118	255	173	197	116	139	134	111	248	33	174	137	60	180	41	91	
185	95	110	109	102	14	207	118	84	238	246	238	83	45	179	33	124	236	23	110	233	178	101	12	114	235	229	128	119	185	116	249	
80	148	31	245	15	202	53	99	252	122	226	48	94	178	32	107	161	52	106	32	97	253	51	93	209	171	82	3	64	96	37	34	
41	43	193	65	118	203	235	83	99	225	120	238	27	1	213	52	62	172	22	184	155	186	228	206	44	28	165	228	239	138	82	173	
175	255	113	90	227	188	191	215	121	95	125	124	56	55	205	61	15	90	150	154	243	62	186	227	103	28	52	234	219	211	230	189	
44	181	152	171	157	45	219	217	30	61	173	29	223	239	106	0	221	155	147	181	155	34	121	147	205	213	155	124	216	11	157	178	
142	206	230	158	203	240	190	239	159	215	84	179	108	238	110	207	239	123	179	147	54	79	46	243	62	115	223	203	151	125	189	223	
92	176	191	240	169	108	57	23	171	223	135	17	158	255	106	90	167	23	253	16	22	73	178	192	219	243	126	127	130	64	135	115	
39	102	225	1	100	63	203	152	83	254	53	76	194	68	223	61	29	204	86	126	173	246	237	10	14	30	101	180	207	255	90	245	
0	141	2	158	20	131	130	230	22	1	88	2	96	232	32	64	89	106	2	64	34	168	8	191	32	38	130	8	20	10	48	136	
169	237	126	63	207	217	119	228	253	70	125	9	115	252	10	49	139	251	198	67	124	186	126	63	119	255	84	19	113	90	206	206	
148	71	222	63	170	98	135	232	114	194	251	160	83	108	141	98	59	95	236	227	109	231	143	63	224	166	111	133	229	115	167	145	
2	48	122	64	98	25	177	72	105	36	116	236	8	147	132	148	38	156	194	0	1	243	164	64	22	40	1	35	107	128	103	181	
201	134	118	38	97	44	111	55	233	30	111	93	239	32	146	151	162	102	100	46	176	200	163	77	100	251	96	128	66	228	195	109	
236	16	115	92	229	107	229	49	93	198	119	26	90	125	188	109	90	180	55	42	57	182	112	198	85	186	208	64	119	169	228	242	
50	217	98	206	95	209	190	224	135	68	220	163	97	206	182	68	122	250	147	195	78	139	46	253	50	36	138	139	55	158	124	222	
199	144	227	145	229	116	236	159	121	115	2	82	8	190	222	255	247	215	179	157	183	92	181	227	31	62	222	230	135	197	244	124	
168	209	57	74	13	217	151	108	70	100	165	8	242	221	124	36	8	50	219	75	74	38	122	191	99	89	16	59	82	26	212	238	
137	159	47	221	182	246	47	55	20	79	94	246	253	119	178	101	119	126	179	140	225	152	53	191	102	239	246	128	62	220	181	249	
61	205	18	154	189	145	134	236	151	1	205	10	110	208	40	196	216	106	130	122	90	43	26	191	184	213	133	123	18	31	248	140	
49	105	106	78	84	211	234	104	85	224	252	10	115	200	182	52	120	232	18	234	207	179	60	191	51	12	129	41	117	170	122	132	
71	172	140	183	188	136	55	174	158	223	2	55	228	248	90	75	163	111	121	21	54	73	139	241	236	50	255	255	132	124	157	75	
37	161	49	193	189	221	194	185	79	177	45	10	211	88	220	37	153	26	90	121	223	40	123	149	175	216	5	124	210	10	208	36	
70	60	175	178	168	228	56	130	170	191	139	17	212	255	73	74	229	87	121	145	18	65	155	64	217	182	223	215	128	113	181	83	
70	56	174	150	175	112	188	3	234	223	147	51	204	252	95	75	227	103	249	151	148	69	186	192	153	115	223	139	132	116	189	87	
146	200	124	81	39	144	120	6	111	17	54	19	40	26	86	104	163	129	189	144	134	124	23	209	30	218	146	67	183	132	248	14	
2	186	23	181	98	193	184	71	191	25	82	243	172	159	100	64	167	59	251	129	2	221	130	209	149	176	26	131	0	0	37	155	
126	23	224	102	141	61	86	152	3	173	159	143	74	237	95	134	157	214	253	67	140	35	251	176	59	84	197	191	231	127	92	87	
122	251	19	108	121	145	20	103	235	12	248	109	46	154	100	148	204	185	204	64	78	43	130	253	178	244	0	59	91	4	238	143	
75	155	180	29	233	156	189	191	170	91	78	229	188	166	210	126	135	103	123	13	215	73	183	113	108	50	126	202	154	212	137	93	
164	114	249	97	236	15	207	216	82	170	181	94	83	77	217	58	93	220	87	122	169	118	249	18	127	141	165	188	237	251	82	177	
167	50	234	148	230	54	188	85	56	219	87	247	81	184	222	43	255	13	55	173	181	214	148	194	86	47	250	196	141	228	251	149	
57	20	154	173	116	54	168	89	92	202	121	86	89	216	183	104	254	40	22	173	165	182	52	138	4	175	163	136	157	234	121	149	
55	255	110	134	79	151	191	244	201	230	156	175	105	204	183	165	46	225	215	231	196	35	60	252	114	73	207	185	103	255	127	221	
30	218	118	255	19	150	187	244	159	5	215	151	77	207	46	68	103	189	175	166	242	157	61	255	243	231	154	195	183	143	165	245	
51	207	98	142	126	147	206	240	215	4	220	231	99	232	182	132	126	234	7	239	204	187	14	189	58	15	165	137	119	174	120	205	
183	106	226	202	102	146	235	80	197	200	245	230	89	205	245	105	126	169	23	255	140	163	46	200	18	8	171	136	127	175	112	245	
74	176	55	152	41	213	57	79	175	29	228	9	172	158	98	80	196	51	251	128	18	11	242	209	149	177	26	123	18	4	167	122	
74	163	243	238	50	224	59	128	170	13	95	162	253	223	232	96	182	59	157	209	18	8	170	229	205	245	42	203	134	131	167	225	
10	144	46	153	107	209	185	71	142	29	68	177	172	158	98	72	227	59	235	145	18	73	130	209	223	83	154	235	18	4	173	219	
171	34	99	69	116	186	232	83	113	168	125	250	9	137	212	180	126	172	150	152	139	182	228	202	6	124	160	160	79	140	122	164	
199	30	166	28	175	112	188	35	201	214	151	179	232	252	183	239	231	119	251	163	244	71	166	192	18	122	223	155	7	101	61	71	
185	95	103	100	117	30	198	240	113	234	246	111	123	61	181	177	124	228	149	238	237	182	36	174	242	239	224	128	111	253	90	25	
64	11	222	247	178	138	61	55	45	133	127	167	237	35	134	86	38	55	173	128	16	152	129	232	238	247	62	131	230	194	133	43	
189	94	106	236	103	51	94	248	81	234	252	239	91	41	179	145	94	236	149	238	237	183	76	174	242	201	225	189	127	255	122	147	
211	94	78	188	18	134	28	119	177	194	206	231	37	162	178	81	118	229	253	165	237	223	148	78	242	39	238	128	45	244	58	25	
210	12	255	244	90	226	187	66	169	198	210	163	45	255	183	123	38	245	253	195	36	199	166	234	211	38	138	139	165	245	39	127	
150	26	78	144	82	166	185	83	188	133	67	215	45	131	39	73	102	41	51	150	178	221	22	108	84	34	154	192	141	129	33	208	
158	242	234	178	71	151	184	64	63	183	23	151	77	206	126	136	191	153	147	151	134	215	156	210	31	85	155	231	167	22	191	212	
185	87	98	13	118	27	238	120	85	232	250	230	83	72	183	228	126	204	22	239	237	179	69	142	50	108	161	128	127	186	120	149	
169	206	72	159	108	145	175	250	222	74	80	39	177	200	183	96	218	106	6	71	230	190	110	191	100	15	178	168	93	25	121	141	
90	98	98	136	107	17	184	77	173	164	148	167	12	142	226	94	110	157	239	149	14	11	199	208	210	65	186	251	55	4	39	219	
142	58	170	186	205	212	187	64	159	132	196	19	172	206	115	72	236	185	179	211	150	223	50	226	219	85	155	75	133	13	61	198	
27	223	98	12	86	146	238	247	100	68	94	231	41	143	182	196	110	236	151	207	197	152	36	237	114	109	174	128	47	180	248	221	
131	136	247	89	100	252	169	23	127	89	118	84	184	128	180	236	102	42	50	28	147	252	119	193	4	58	114	194	206	136	209	189	
26	49	230	141	45	151	249	89	143	252	214	39	204	206	247	74	254	165	255	241	194	211	163	220	158	121	171	212	23	46	53	211	
146	42	34	152	13	205	144	67	142	93	144	155	172	140	114	0	232	3	203	5	2	43	2	209	145	16	26	187	84	12	181	211	
59	75	99	236	86	147	79	246	197	64	220	226	57	143	183	116	110	185	23	207	201	131	36	253	242	105	170	136	55	183	114	233	
185	222	91	196	228	10	239	247	248	74	254	246	91	33	188	117	63	210	94	106	225	165	36	239	114	175	102	128	111	248	227	177	
123	51	98	224	245	62	217	115	105	108	188	175	11	13	150	52	254	149	223	189	157	171	101	204	242	125	170	210	103	142	118	245	
18	89	26	172	3	195	23	101	169	0	224	171	46	158	32	80	234	185	151	226	72	139	0	205	241	208	10	187	49	48	167	27	
59	222	107	142	126	147	191	240	141	76	220	239	125	206	182	69	126	233	159	231	197	11	46	253	254	125	171	138	31	174	61	221	
63	73	98	204	124	129	202	80	197	192	208	230	41	136	181	96	106	233	23	207	201	163	6	252	114	105	170	136	63	191	112	141	
122	115	98	232	127	81	249	89	173	236	148	143	13	143	118	82	238	189	255	245	203	3	230	220	183	121	171	191	55	134	39	241	
130	179	18	185	185	173	184	87	190	25	64	213	172	159	36	65	198	59	27	145	50	136	82	213	173	240	154	202	152	0	161	155	
186	90	127	206	126	211	219	240	141	76	246	231	104	207	167	116	126	241	151	226	205	167	44	255	114	127	162	139	127	191	116	223	
3	144	155	145	244	235	161	7	62	49	91	240	148	146	208	104	227	63	58	17	19	220	67	85	13	54	58	192	156	8	129	161	
3	135	11	137	148	163	171	103	92	65	90	198	180	32	182	100	120	43	18	141	151	152	37	223	44	52	138	194	28	10	177	252	
42	222	127	222	122	209	255	244	141	76	124	231	124	254	166	112	254	249	151	227	193	171	46	253	118	127	42	138	127	190	103	253	
2	150	2	153	51	179	186	103	30	65	74	247	172	174	34	192	215	43	131	149	55	152	65	223	12	54	154	195	152	12	169	223	
41	5	98	73	213	191	224	83	117	97	123	86	10	8	182	164	120	142	22	29	157	186	85	198	30	44	146	64	239	140	248	132	
163	16	242	201	102	49	184	66	93	75	84	187	140	156	246	40	207	25	147	5	132	182	36	194	6	28	90	170	213	76	113	213	
157	14	167	191	21	162	235	80	84	78	210	231	233	203	51	204	120	233	7	207	232	150	38	235	192	103	170	136	55	253	53	232	
163	38	99	81	228	58	236	87	121	75	116	246	9	40	148	189	127	142	150	172	181	182	36	194	6	30	242	132	207	212	234	165	
221	94	108	97	166	54	223	182	84	254	94	247	25	45	179	107	103	101	181	255	180	252	37	190	110	235	237	196	191	245	92	89	
82	176	191	176	171	100	49	207	171	159	130	49	158	191	104	90	167	23	253	145	18	75	178	192	219	211	94	95	128	64	167	107	
47	115	229	5	237	31	238	184	105	234	54	237	203	44	215	191	30	76	246	111	197	240	239	136	38	89	229	180	79	255	90	213	
48	251	56	234	253	205	87	238	143	60	188	45	166	143	98	16	205	219	199	80	90	43	202	53	251	213	37	127	208	26	198	219	
8	141	2	153	213	171	170	39	62	1	74	2	172	162	48	192	97	43	2	153	18	184	85	255	45	4	158	65	148	72	185	136	
120	233	88	232	61	221	80	81	163	172	188	41	191	155	64	16	200	176	205	64	74	43	194	153	211	221	33	59	114	138	78	11	
9	207	107	205	22	147	239	245	68	64	92	102	177	1	178	228	88	42	18	232	243	184	37	191	102	237	162	192	63	138	248	168	
39	185	106	24	126	145	186	200	95	197	124	175	41	200	247	32	254	169	146	213	134	58	62	255	30	13	131	235	221	143	122	213	
11	159	42	137	246	183	187	119	92	109	92	231	188	44	178	164	78	43	151	29	151	186	116	255	110	29	42	224	158	140	185	221	
63	74	99	216	70	131	235	80	213	136	244	226	59	200	181	232	110	168	23	219	137	163	38	252	16	41	170	136	117	139	112	137	
253	180	188	97	173	127	87	154	239	255	55	60	154	61	206	191	129	84	252	114	157	116	249	144	207	219	117	119	202	109	220	119	
59	4	226	9	85	63	234	90	85	97	127	206	2	136	182	228	120	140	22	61	157	186	85	206	54	60	128	196	255	207	120	132	
214	84	132	149	139	102	148	136	146	178	131	19	72	126	77	207	101	213	249	179	44	69	219	192	153	34	223	183	173	117	61	6	
10	156	114	221	119	219	250	119	127	65	94	162	172	254	182	224	255	171	151	129	166	184	38	255	62	126	158	131	23	204	53	253	
10	141	2	157	215	211	190	231	31	65	88	131	172	254	54	228	255	43	147	129	70	152	34	255	62	119	159	139	23	76	189	223	
126	75	98	174	28	209	202	96	197	68	221	163	99	204	183	196	88	232	143	239	204	163	110	191	178	229	138	153	55	191	124	68	
53	223	99	223	238	129	239	254	214	202	220	230	185	235	177	97	126	234	55	206	203	58	110	249	116	168	239	136	61	251	112	185	
208	2	60	241	40	44	81	16	172	158	182	48	183	19	1	91	134	53	125	8	40	69	195	0	193	235	114	144	0	161	7	35	
52	65	91	229	20	74	67	112	100	160	227	10	87	23	33	112	120	188	77	106	72	177	49	12	241	161	35	16	97	171	102	34	
59	193	106	236	114	18	93	117	37	64	246	130	59	15	178	112	126	155	151	172	200	154	36	205	242	233	170	128	55	128	226	249	
219	170	182	16	41	252	80	7	235	55	166	25	174	130	70	191	129	166	236	28	62	79	162	81	155	251	80	123	130	132	206	78	
66	193	98	233	108	129	252	117	141	64	208	131	173	15	52	96	238	155	159	197	194	11	68	213	182	120	142	234	23	156	241	221	
43	94	127	254	126	137	255	244	205	200	252	238	125	253	181	33	238	249	55	79	225	186	34	237	118	63	239	136	77	186	113	249	
10	152	50	155	95	245	184	199	159	93	84	51	172	222	102	204	205	59	147	145	54	92	50	247	15	86	154	235	150	12	53	223	
170	142	102	222	111	179	252	246	157	22	116	183	104	109	183	135	79	226	147	238	228	239	46	255	38	90	208	131	87	252	124	221	
168	222	190	95	228	18	229	183	212	158	118	114	112	121	181	75	73	118	39	170	232	252	1	42	102	43	244	129	223	248	252	171	
186	46	112	248	235	225	28	67	155	31	184	187	13	143	96	24	175	187	149	128	58	15	2	210	147	209	158	187	179	68	167	211	
147	220	90	222	59	148	30	190	151	0	142	166	104	242	166	228	118	243	188	192	238	143	55	255	178	127	158	155	62	148	40	31	
169	79	149	173	156	14	229	55	92	166	234	70	183	32	17	192	72	102	42	45	248	184	85	15	228	174	38	0	88	248	240	136	
10	141	50	153	245	217	248	231	207	69	92	134	173	230	178	196	107	43	130	24	22	24	54	247	174	213	158	107	150	140	173	220	
2	141	34	141	87	215	190	103	29	69	94	3	172	174	54	100	254	59	147	129	86	152	32	223	63	116	158	195	23	12	189	206	
82	123	18	160	59	137	16	66	169	164	168	41	174	154	100	208	166	177	237	64	14	43	146	209	147	208	26	59	64	0	15	15	
28	239	123	234	242	192	63	220	42	1	125	162	125	215	169	112	54	219	151	243	82	18	44	247	122	165	175	237	181	147	167	161	
86	185	248	98	175	121	86	136	235	125	63	47	78	252	207	62	179	215	236	114	158	49	237	241	251	221	5	247	246	127	207	119	
42	239	0	154	221	213	150	238	159	13	92	7	172	200	38	196	200	106	130	81	86	42	122	255	47	85	143	251	26	30	157	206	
49	233	99	78	85	215	194	232	87	0	248	10	98	216	52	36	120	232	2	99	206	179	124	191	51	12	129	43	117	31	118	134	
85	190	190	189	190	131	21	186	222	166	130	167	245	226	66	65	151	103	125	33	164	201	207	63	232	103	239	213	140	96	21	67	
87	242	135	178	172	116	46	152	250	251	147	246	196	246	251	239	245	69	252	247	191	69	175	224	152	18	255	238	140	119	189	85	
250	91	106	68	100	18	111	116	113	206	246	230	57	137	183	117	126	252	183	234	233	183	164	204	114	57	228	136	111	176	126	185	
84	223	188	167	186	74	63	189	38	53	138	163	245	119	10	66	55	87	125	227	82	72	203	53	232	167	111	212	164	50	133	99	
82	115	174	160	158	96	189	79	174	253	138	163	148	190	83	74	167	87	121	145	22	73	131	64	248	4	255	239	132	80	181	91	
31	242	114	138	195	53	178	200	87	247	77	167	76	218	107	76	127	217	131	211	198	83	31	240	91	5	31	111	191	95	45	198	
195	148	235	209	228	116	236	159	122	115	82	82	152	188	244	248	247	95	51	157	183	124	183	194	15	63	255	228	141	84	251	253	
54	118	104	134	203	51	142	232	0	178	141	142	65	76	95	175	93	221	211	227	204	115	222	232	55	1	207	61	109	255	62	148	
75	195	199	175	50	144	46	53	173	73	91	231	109	226	170	210	54	99	63	236	213	153	14	109	190	103	174	128	44	134	169	93	
32	251	121	232	126	205	87	253	7	172	56	41	55	151	96	16	222	186	7	80	74	58	112	61	127	132	37	121	113	154	198	251	
78	252	234	86	233	249	222	172	203	231	29	137	72	253	127	160	151	127	241	67	196	3	190	243	123	93	141	191	150	255	156	82	
67	251	176	29	123	152	188	183	171	89	76	229	172	166	214	246	166	111	251	28	199	73	166	241	46	60	30	234	30	132	171	253	
99	251	18	156	123	149	176	103	173	76	248	109	172	150	166	148	204	185	206	68	67	11	146	253	180	48	26	186	26	4	43	223	
30	89	123	238	34	210	63	208	173	80	92	162	125	215	163	104	118	249	151	226	65	19	46	249	243	225	239	143	62	243	45	251	
57	20	179	233	180	118	227	87	69	203	250	82	219	60	184	108	92	28	22	57	157	176	117	138	229	188	186	128	175	90	241	181	
11	180	128	161	149	38	175	223	59	123	90	215	157	58	90	172	63	79	23	157	151	156	149	227	236	94	190	196	175	212	187	157	
123	13	102	76	119	150	238	119	229	200	254	230	105	44	182	244	110	167	190	173	221	187	37	204	50	127	162	128	111	230	232	93	
123	95	110	140	126	183	191	243	193	204	222	175	105	236	183	3	110	231	215	231	204	171	52	236	114	111	239	136	109	254	124	93	
158	219	59	250	43	148	62	212	151	12	214	135	41	207	35	196	238	249	191	199	202	135	58	245	243	241	174	201	55	157	173	122	
154	10	195	189	37	242	74	82	21	206	212	231	173	231	179	204	120	232	167	207	41	134	70	235	130	119	250	137	54	253	60	253	
59	203	106	142	126	145	206	244	199	4	220	231	99	232	182	132	126	234	151	207	206	187	78	189	58	13	173	201	119	142	120	205	
50	217	98	218	87	209	158	228	135	68	220	163	40	222	38	228	126	187	147	195	78	155	54	255	51	4	138	203	55	14	52	222	
10	154	22	153	115	240	184	71	63	13	86	179	172	142	166	204	231	59	183	145	38	220	3	215	14	119	186	195	150	4	45	207	
59	90	111	222	126	147	251	240	141	76	245	231	121	207	183	64	126	185	151	230	205	167	46	253	118	109	171	136	127	191	116	253	
165	16	121	93	198	124	229	83	88	74	117	122	80	124	189	45	252	188	54	8	177	182	242	130	23	175	240	136	213	233	208	241	
3	150	3	153	147	163	170	99	30	65	75	247	172	38	34	196	215	43	147	149	23	152	17	223	172	54	154	194	156	12	185	220	
1	149	43	137	150	147	171	119	92	65	94	230	176	32	182	100	88	42	18	173	211	184	53	223	108	37	170	192	28	10	185	252	
162	0	226	136	102	25	184	66	93	67	112	155	140	140	118	40	223	25	19	133	128	182	100	194	20	62	218	168	213	44	49	197	
31	123	199	181	162	10	44	180	169	232	82	229	221	38	145	255	38	111	124	199	213	216	165	104	164	98	239	128	172	246	131	221	
137	220	23	191	41	228	41	178	188	90	194	80	252	215	32	201	229	115	123	3	99	205	27	119	129	178	122	0	24	81	33	57	
177	87	102	77	118	27	206	121	85	232	250	230	83	72	183	229	126	172	22	239	237	179	69	30	50	46	161	148	127	170	120	149	
134	106	14	169	74	128	58	64	172	20	82	167	172	142	99	75	102	41	191	215	6	149	6	224	148	97	170	139	60	23	61	219	
2	114	78	137	106	129	184	70	173	36	208	167	172	142	102	202	110	141	239	149	132	155	199	208	150	81	154	163	21	132	47	221	
35	4	98	9	85	63	224	82	85	105	249	87	2	8	182	172	120	142	22	61	157	186	69	198	22	28	144	196	223	205	120	132	
212	215	156	167	162	10	31	188	164	126	155	247	215	111	11	67	39	215	109	231	236	193	13	45	224	163	111	148	60	251	133	83	
3	152	179	89	100	252	169	23	127	89	114	80	188	156	180	108	198	42	50	24	131	252	54	209	4	62	18	194	206	136	65	237	
122	51	98	232	253	23	248	121	13	236	188	175	11	15	182	80	238	149	223	229	216	43	228	204	247	89	170	248	55	142	246	241	
59	75	98	140	22	146	207	244	193	192	222	231	57	140	183	228	126	237	149	207	205	147	36	239	50	109	170	128	47	183	120	93	
191	18	226	248	110	131	235	80	213	202	241	246	89	201	189	104	126	169	23	187	137	183	36	202	18	104	163	136	255	171	112	177	
51	73	106	236	126	129	207	212	197	192	220	230	57	139	181	64	110	233	31	207	201	163	6	236	114	104	170	152	63	191	112	153	
10	157	50	141	247	151	190	103	31	5	94	131	172	190	54	196	254	59	147	133	214	184	16	255	47	117	158	195	23	12	177	158	
59	218	123	254	126	129	187	240	157	72	116	231	121	207	181	96	110	249	151	199	193	191	46	253	118	111	170	136	125	191	99	249	
170	113	49	222	77	213	185	76	137	84	196	11	172	223	109	199	204	187	147	192	66	3	242	225	55	112	154	43	18	94	52	254	
29	22	50	239	52	179	211	81	212	74	251	102	251	248	183	96	94	40	30	47	141	177	109	158	224	254	162	144	63	238	121	149	
110	111	102	148	205	244	255	226	161	198	156	139	40	207	119	23	236	241	211	215	200	111	178	236	115	88	206	139	7	245	118	222	
158	178	227	179	226	38	191	241	184	191	83	247	77	239	90	139	63	221	183	183	176	214	140	194	92	67	255	228	135	231	167	211	
223	127	231	85	164	30	239	54	120	234	86	230	217	38	151	111	54	108	125	239	225	212	165	106	164	46	239	128	46	245	243	125	
189	94	74	236	101	55	94	112	21	226	252	175	11	41	51	153	94	236	151	230	237	179	68	168	178	219	229	147	111	255	122	151	
63	92	195	228	5	30	78	112	113	194	250	206	107	60	53	181	254	253	149	103	237	179	20	168	179	255	192	18	111	255	122	156	
171	38	99	81	245	191	236	87	125	75	126	84	8	136	180	173	253	42	146	140	181	190	32	198	39	124	146	128	203	220	250	132	
143	238	227	83	213	190	174	215	125	91	122	86	8	42	189	173	253	75	146	158	247	188	56	226	47	30	150	64	203	213	235	188	
10	223	16	154	221	213	182	231	159	29	92	39	172	218	38	196	200	43	131	209	118	10	82	255	47	119	158	203	18	28	173	207	
167	123	225	69	236	15	239	250	91	250	176	78	147	41	213	47	92	220	118	238	201	118	229	200	36	154	229	188	79	249	82	181	
82	185	188	179	170	192	57	143	171	53	136	163	172	191	64	74	231	215	253	145	26	75	203	241	221	148	222	251	132	0	165	123	
10	158	31	189	114	230	185	119	190	77	82	246	188	167	160	192	231	59	179	133	51	220	18	207	132	39	186	192	8	0	165	249	
147	157	111	253	182	134	126	55	85	75	94	243	113	63	176	100	119	126	61	140	248	152	37	175	231	254	182	128	52	200	244	59	
8	159	0	187	213	253	167	231	30	77	94	71	172	34	34	196	105	43	130	145	23	184	88	247	45	69	190	195	155	78	189	222	
59	218	107	158	126	145	251	240	157	76	244	239	125	206	183	96	126	233	23	239	199	23	46	253	118	109	171	168	63	143	49	253	
35	70	226	8	85	55	234	90	87	69	125	207	0	136	183	132	120	168	18	61	140	178	4	158	54	60	128	142	255	239	122	196	
80	171	123	103	118	202	115	101	96	169	123	34	55	145	128	112	50	190	6	80	22	184	165	45	254	165	32	195	101	130	231	139	
27	72	98	237	6	18	111	52	97	64	86	134	121	15	183	100	126	228	21	239	205	144	37	233	114	233	170	128	39	182	112	124	
73	129	17	97	116	156	104	19	109	41	127	76	191	19	128	244	6	44	78	12	147	184	193	197	198	253	48	64	74	130	74	41	
35	218	123	254	126	137	235	244	204	200	116	230	61	205	181	32	110	233	23	79	193	187	38	237	118	169	174	136	61	187	113	185	
190	95	252	254	139	118	157	236	153	158	181	59	108	127	47	11	207	83	243	227	228	103	186	235	115	211	79	191	87	125	133	247	
59	21	106	224	182	58	217	115	105	108	255	175	27	15	182	48	126	141	151	189	156	187	37	204	250	221	170	212	231	142	250	117	
90	51	98	140	126	193	249	89	143	236	215	47	136	223	118	66	110	165	255	241	217	35	163	220	150	121	171	190	63	142	117	209	
58	91	99	236	87	146	78	246	197	72	252	230	59	139	181	224	110	169	151	203	201	139	36	255	242	237	170	136	63	188	112	185	
43	57	98	9	87	181	187	72	95	196	120	135	41	200	55	36	122	169	146	213	134	178	54	223	86	76	139	40	127	12	123	204	
166	0	162	159	68	1	168	64	28	2	81	18	40	202	49	72	122	169	19	131	128	54	2	211	20	0	202	168	21	45	49	128	
74	235	132	187	42	193	187	132	174	21	144	163	172	207	66	66	230	115	255	213	66	73	202	241	220	16	175	249	20	6	21	123	
26	159	103	237	54	134	111	55	28	73	218	231	125	63	180	224	246	183	31	165	249	153	1	239	241	47	186	128	61	200	176	121	
2	251	24	155	253	217	150	239	31	125	92	47	172	220	166	132	205	27	131	81	86	40	106	255	46	20	158	251	22	28	157	223	
42	237	114	90	93	221	146	228	223	12	248	11	34	216	53	164	216	232	131	67	198	43	94	191	51	28	1	123	87	31	126	142	
33	105	229	69	236	31	237	119	75	234	184	78	147	40	213	38	76	238	118	76	201	250	245	136	36	152	229	176	77	248	210	189	
45	133	108	79	188	39	207	185	84	71	255	6	115	97	190	101	92	130	55	238	248	162	127	31	98	171	224	196	127	203	240	160	
89	158	159	165	62	26	24	63	116	226	218	247	247	40	146	97	119	167	252	37	237	217	197	14	248	231	251	149	44	224	25	29	
91	83	231	167	34	26	111	60	109	200	83	230	253	230	189	246	54	101	124	239	197	209	175	236	176	122	238	128	46	182	51	125	
50	217	99	154	95	213	158	230	135	68	216	163	40	222	38	192	238	187	147	193	78	43	50	253	51	4	138	235	55	30	189	222	
30	162	162	179	227	182	238	208	51	191	87	247	205	239	250	141	127	109	183	255	152	211	138	224	156	87	239	196	167	247	171	241	
15	30	247	142	181	183	207	81	197	202	223	230	234	232	179	228	94	160	158	47	189	161	109	238	50	126	162	130	255	239	113	85	
3	123	18	156	123	213	176	70	172	72	92	229	172	150	167	228	230	57	138	196	199	139	50	253	20	52	26	170	24	4	43	221	
3	251	247	93	115	150	57	118	127	73	94	102	60	158	180	244	230	127	179	197	135	216	182	237	14	62	58	130	15	132	35	253	
15	20	179	205	181	62	229	87	93	203	122	114	158	120	184	236	127	46	150	57	149	180	117	194	36	126	18	194	239	252	240	229	
11	188	161	129	245	118	238	223	63	123	90	87	156	58	82	164	47	79	151	157	151	152	149	243	44	94	158	230	143	213	187	221	
27	75	98	188	22	146	207	246	69	76	94	231	57	140	183	228	110	233	149	207	205	155	36	239	114	109	174	128	47	180	120	93	
131	152	187	89	116	172	169	23	255	95	118	112	188	151	180	108	167	58	50	24	179	188	50	215	69	62	50	192	210	128	101	253	
10	158	66	157	114	178	184	119	61	15	90	247	172	174	166	196	247	59	167	133	182	156	4	223	6	118	186	195	158	132	41	221	
74	50	46	129	107	145	184	87	45	61	214	167	173	138	86	202	238	169	255	149	134	154	215	208	214	113	186	131	15	4	57	217	
49	22	103	77	118	27	232	123	84	232	242	238	83	8	180	229	126	140	22	173	237	182	101	30	22	46	160	144	127	168	120	189	
59	91	106	236	118	146	78	119	21	72	254	230	59	139	181	224	110	169	151	201	201	186	36	239	242	237	174	129	61	184	120	185	
10	184	50	153	111	213	184	64	159	93	84	23	172	222	102	201	206	57	179	145	134	94	50	241	7	81	154	235	146	13	45	223	
130	219	58	186	61	197	181	239	31	77	212	39	172	159	38	64	232	59	159	193	118	10	50	255	235	247	158	203	24	28	165	219	
39	102	226	12	85	183	226	72	95	198	124	199	72	200	191	132	216	168	147	45	132	178	100	222	54	28	129	171	223	255	122	196	
3	133	43	137	148	227	171	99	94	65	74	130	180	36	182	100	241	43	18	157	147	152	53	223	44	20	138	66	148	14	177	236	
39	66	226	8	100	179	232	72	93	199	117	223	2	200	191	8	216	168	135	61	140	182	100	130	22	28	154	141	213	253	120	196	
50	235	106	138	126	145	202	224	199	76	220	239	35	200	182	4	126	232	135	207	206	171	14	189	122	13	164	169	119	143	124	205	
123	19	99	76	102	18	236	117	233	200	242	230	105	172	182	231	126	229	182	237	197	187	164	204	50	123	238	130	111	166	249	253	
191	66	235	222	110	128	235	80	209	200	241	230	81	201	183	232	126	168	23	239	137	167	174	200	18	105	163	136	127	171	112	241	
166	0	226	157	68	1	168	72	20	130	81	18	8	200	125	73	122	169	19	131	160	54	130	192	20	8	202	168	21	44	113	128	
20	239	123	234	210	128	127	220	102	4	121	226	121	199	169	112	126	219	6	242	210	147	44	127	122	165	167	205	53	147	167	161	
174	213	254	242	207	116	252	255	155	95	61	55	124	127	110	11	255	211	183	211	126	109	155	227	123	219	252	207	239	95	252	91	
219	155	110	207	178	18	109	53	37	76	86	226	125	54	146	119	38	151	125	233	217	153	37	237	244	105	234	128	39	166	165	109	
32	253	121	193	114	207	231	255	30	40	120	106	52	21	36	48	62	186	3	104	67	58	16	95	125	140	36	48	121	138	198	187	
95	115	165	161	174	86	15	152	106	251	145	230	221	118	217	235	247	213	124	119	143	67	239	160	152	3	239	252	132	247	51	117	
185	76	238	254	76	71	95	116	21	198	252	143	115	109	51	19	88	228	23	238	236	183	116	170	115	171	228	17	117	251	126	218	
221	62	157	180	137	54	21	58	128	254	130	93	215	62	67	123	197	85	253	37	237	71	243	8	209	227	253	180	168	120	24	91	
11	159	49	139	177	253	179	215	31	77	94	117	140	54	162	228	237	27	134	21	151	152	97	247	46	85	62	195	154	78	173	223	
51	91	106	172	110	129	203	214	197	64	216	230	49	205	183	96	110	233	31	207	201	163	38	233	114	41	170	136	61	155	112	248	
66	120	23	152	107	204	184	64	172	21	66	161	172	150	96	218	166	57	234	80	7	137	146	209	149	48	26	74	0	1	47	159	
3	158	27	185	50	246	57	119	60	77	94	183	189	183	162	100	103	59	191	140	51	156	33	223	198	247	186	195	158	128	165	253	
187	90	107	254	126	145	251	112	157	76	245	231	121	206	183	96	126	169	23	239	193	167	46	253	86	105	171	136	127	175	112	245	
35	179	98	72	93	215	210	104	83	236	253	175	98	220	255	52	220	184	146	101	143	51	236	159	59	28	1	255	119	46	118	246	
151	26	130	153	130	178	56	64	62	65	83	247	13	202	115	200	118	41	191	151	135	212	12	208	148	98	154	195	156	5	57	85	
57	98	98	72	85	91	99	88	97	100	245	14	3	129	150	180	120	140	134	252	141	178	245	156	22	108	128	41	103	142	126	228	
70	253	234	86	197	245	191	190	219	143	92	47	120	253	127	36	183	123	179	211	210	72	186	243	111	31	157	235	135	119	215	255	
11	8	150	157	83	144	57	66	190	29	66	177	172	134	34	236	166	61	187	149	2	221	130	225	69	34	90	195	0	4	37	255	
187	75	98	204	5	151	78	117	213	64	244	198	43	204	182	229	124	168	158	238	205	175	52	189	178	105	166	136	127	158	120	252	
74	138	134	157	51	144	56	38	190	29	66	96	172	146	160	238	166	63	187	129	2	217	131	229	13	50	250	195	2	4	45	175	
59	19	99	232	246	83	216	113	13	104	253	238	27	31	182	48	126	141	223	165	221	171	36	204	242	249	170	252	119	142	246	81	
154	28	55	189	11	227	57	106	150	86	194	179	253	247	33	77	97	51	187	129	32	205	51	191	193	226	219	3	178	109	37	242	
2	157	34	137	247	211	188	103	29	5	94	3	172	62	54	196	238	59	147	129	214	184	17	223	39	52	154	195	23	12	189	206	
79	171	152	226	247	61	187	216	139	61	61	10	140	187	90	166	167	95	215	95	150	49	184	241	127	221	15	255	214	95	139	135	
158	46	202	146	165	242	106	81	181	207	215	247	200	231	178	204	127	237	191	158	61	215	140	226	138	119	190	195	166	231	188	245	
10	223	50	153	244	149	190	231	159	13	120	103	172	158	182	196	238	59	151	193	210	184	2	253	46	60	62	203	86	140	185	221	
158	151	3	171	178	161	190	190	140	69	90	231	237	110	170	192	214	83	143	247	183	137	13	191	168	197	174	194	188	143	165	89	
126	121	243	96	247	203	55	200	235	224	58	175	78	252	239	176	183	253	205	115	215	51	172	240	122	77	37	255	239	191	199	119	
28	93	122	236	226	208	127	246	229	200	252	162	61	255	163	112	110	251	151	194	200	139	54	233	243	237	174	169	55	243	45	249	
34	109	99	206	237	112	223	230	137	206	156	139	40	239	119	134	200	243	211	195	196	43	242	234	55	28	206	155	7	119	118	254	
122	49	98	200	124	23	249	121	141	232	244	174	25	143	182	80	238	189	255	225	217	35	226	220	150	249	170	252	55	142	118	241	
59	21	106	224	246	50	219	115	101	237	255	231	27	45	178	48	126	159	149	189	157	186	37	204	218	237	160	196	231	142	246	241	
17	90	107	221	118	129	235	244	214	200	84	230	57	203	177	96	126	232	54	207	193	187	38	253	118	169	170	136	61	185	112	249	
170	232	34	154	93	213	186	66	151	76	244	11	40	140	118	132	232	169	147	199	199	47	50	255	19	85	138	171	87	12	126	254	
139	147	86	191	163	152	188	55	61	83	87	247	237	46	186	229	102	7	191	141	245	156	39	199	166	123	250	192	62	132	169	93	
27	159	98	222	55	242	190	119	213	79	222	167	105	110	182	228	126	247	151	164	253	171	36	239	114	127	154	131	63	236	60	95	
27	159	107	205	86	210	175	119	116	68	94	230	57	46	182	100	102	175	23	237	209	153	37	207	116	45	170	128	53	128	177	249	
10	251	16	147	245	213	179	244	30	125	92	103	172	158	226	132	237	91	135	209	215	56	40	247	44	85	191	239	158	30	189	223	
3	132	39	137	150	178	169	175	124	81	90	214	220	38	188	100	119	7	59	189	183	152	37	215	12	46	186	196	156	68	177	117	
2	223	56	155	253	217	182	239	31	125	88	175	172	156	38	0	207	27	147	85	214	56	106	255	47	20	158	243	20	28	149	223	
34	254	112	90	125	217	146	230	223	12	124	47	42	216	182	132	200	123	131	67	198	46	78	191	38	92	0	187	87	31	94	207	
138	218	150	153	3	176	56	66	190	81	66	243	173	150	162	204	103	57	179	148	50	220	6	241	132	98	26	195	178	5	45	215	
83	159	229	5	182	26	173	55	236	228	218	230	191	44	148	102	38	167	124	13	209	184	229	204	164	238	126	144	44	224	145	125	
93	123	197	165	174	82	79	156	34	248	146	238	223	38	209	182	70	213	252	255	205	67	231	136	184	193	239	188	174	181	19	113	
74	57	161	181	173	120	17	3	171	237	158	169	174	60	67	238	129	118	253	17	29	73	227	128	207	247	125	179	130	108	157	127	
192	22	55	29	42	248	177	2	236	95	23	241	236	46	134	207	167	21	236	0	164	197	39	193	132	243	122	195	130	69	13	127	
146	27	111	89	50	210	185	80	188	72	86	231	57	158	182	228	102	57	155	209	131	153	36	237	6	40	186	130	47	133	37	253	
19	25	127	93	114	210	185	114	188	200	86	230	57	158	180	101	102	61	151	193	161	153	53	237	66	47	186	130	47	128	39	253	
3	189	225	147	245	245	190	215	63	105	94	103	172	62	222	164	175	75	151	157	151	152	61	243	46	30	158	226	143	86	187	221	
90	235	67	206	27	208	27	200	166	4	137	161	108	199	225	214	102	185	235	210	66	3	174	85	153	161	11	187	50	6	39	235	
3	20	242	201	245	182	236	87	95	203	95	118	8	56	182	236	251	46	18	29	183	188	101	194	54	62	22	194	159	236	248	133	
190	91	226	172	238	147	94	213	141	204	212	231	45	206	183	196	110	249	159	199	204	131	6	232	178	109	175	139	55	190	60	93	
50	217	34	216	95	213	158	231	143	68	248	3	40	156	54	228	236	187	147	193	71	43	18	253	51	12	158	107	31	28	253	222	
11	158	66	157	114	182	184	55	61	73	90	247	172	174	166	196	102	47	151	133	181	152	20	207	44	118	186	194	174	132	169	221	
131	32	129	185	69	245	184	66	31	83	65	19	140	138	98	200	217	9	147	149	7	28	18	211	141	86	154	107	152	12	57	214	
50	235	106	154	126	145	203	228	135	4	252	175	35	204	182	4	122	168	135	199	206	43	46	189	114	12	160	233	117	143	124	205	
206	150	245	82	238	114	239	153	91	95	183	246	89	109	220	111	127	214	127	190	179	101	255	226	31	58	247	220	199	235	244	113	
10	157	34	137	247	215	188	103	29	5	90	131	172	30	54	196	238	59	147	133	214	152	20	255	39	116	154	195	23	12	189	223	
10	120	50	152	109	213	184	64	143	92	84	35	172	158	103	77	206	57	179	81	134	7	50	241	23	81	154	235	150	13	45	223	
49	18	103	77	116	31	232	51	116	104	114	246	147	12	148	228	110	172	22	172	137	188	101	12	4	170	176	128	109	136	112	189	
121	249	90	98	19	157	82	244	107	96	172	12	47	154	98	180	190	217	196	80	79	43	144	245	187	221	4	123	107	6	43	31	
10	58	74	177	107	157	185	83	173	29	86	183	141	142	214	74	238	41	255	149	134	152	195	209	198	113	186	131	30	4	41	219	
138	223	57	250	125	196	61	255	159	76	220	39	188	159	32	64	206	59	159	193	98	14	114	255	227	247	190	139	20	24	165	251	
129	152	251	89	116	236	169	23	127	95	118	20	188	151	180	108	167	58	18	24	179	188	48	215	69	62	50	192	210	128	69	253	
59	75	98	140	22	146	207	244	197	64	222	231	57	204	183	100	126	233	21	207	205	139	36	237	114	109	170	128	47	182	120	125	
181	91	235	222	110	129	203	80	213	200	245	230	49	205	181	105	110	232	23	207	201	167	46	232	18	105	234	136	119	187	112	241	
10	157	34	137	215	215	188	103	29	69	90	3	172	62	54	68	234	43	147	129	86	152	17	223	39	116	154	195	23	12	181	206	
15	30	226	158	246	179	238	210	221	202	92	247	104	232	183	236	127	234	158	79	183	165	46	235	54	127	162	130	191	255	120	85	
187	83	227	204	102	22	236	117	237	200	214	230	41	140	182	230	126	237	150	239	205	187	180	200	50	120	234	130	111	190	249	253	
30	107	226	208	233	144	238	208	163	156	222	231	40	239	247	142	110	253	183	221	152	211	142	224	58	89	239	239	167	183	63	245	
255	211	74	174	18	16	74	248	33	72	215	231	107	199	186	212	126	196	221	238	223	135	156	239	178	109	170	200	47	167	186	85	
34	235	96	90	95	221	186	232	203	76	120	11	40	220	126	176	152	233	147	83	198	42	46	253	63	28	9	251	85	15	94	207	
61	217	101	73	189	127	203	186	71	125	252	78	219	37	149	236	93	192	126	126	139	48	125	157	111	223	165	212	255	189	84	117	
151	156	87	219	246	242	166	235	253	194	120	114	104	248	173	164	123	123	22	179	119	189	44	255	58	14	7	198	255	124	225	165	
154	95	122	236	226	210	95	247	149	204	252	162	57	255	183	113	126	251	151	194	236	139	36	234	242	233	174	137	55	246	44	251	
78	171	165	155	59	192	59	144	175	21	7	163	173	199	234	70	102	113	251	220	66	9	170	241	140	116	143	235	54	134	5	234	
41	41	225	197	172	159	237	55	78	232	122	78	179	40	213	164	202	46	118	13	201	184	245	136	37	220	166	176	77	248	210	237	
90	159	103	191	179	226	59	55	189	73	74	231	189	55	164	208	230	51	159	133	145	153	37	239	235	111	186	192	38	132	165	123	
90	159	103	172	247	210	191	55	173	72	94	230	125	63	176	228	102	183	191	169	241	153	5	239	180	255	186	128	63	196	185	121	
90	11	167	221	139	227	45	7	135	63	210	179	140	167	32	207	97	183	175	144	24	217	67	240	153	50	222	195	182	124	180	107	
166	75	98	158	76	209	142	64	151	70	209	171	32	204	183	9	72	184	131	199	68	39	110	185	22	16	202	185	85	63	116	214	
15	191	178	139	240	149	183	215	31	93	92	165	172	190	234	228	207	91	151	85	151	152	105	247	110	85	62	230	158	158	173	253	
39	110	226	158	117	147	186	72	95	70	93	143	104	200	183	0	217	168	131	5	134	182	78	255	54	30	139	171	213	127	126	199	
50	213	101	78	76	87	207	249	85	74	253	78	114	125	188	167	92	210	119	238	249	99	127	253	51	186	225	154	127	251	244	117	
191	90	107	254	110	145	235	80	149	72	245	231	121	205	183	97	126	169	23	207	201	183	46	253	86	73	171	136	127	191	112	249	
187	201	98	206	77	151	206	117	197	76	244	198	43	204	182	229	120	170	150	239	205	171	38	253	50	120	194	136	127	190	248	220	
195	215	99	94	230	144	238	119	121	66	115	246	105	238	188	245	126	239	183	239	245	254	164	231	54	56	238	194	47	148	242	253	
11	251	115	131	246	145	187	246	15	125	92	231	172	142	238	132	223	91	151	85	215	186	108	245	46	85	190	230	158	158	189	221	
91	158	230	220	119	246	190	119	157	79	222	183	104	126	182	228	254	247	151	165	180	139	52	239	50	126	154	139	55	204	189	95	
2	222	56	185	126	201	190	238	30	125	88	167	172	140	42	0	207	27	151	69	198	60	66	255	237	22	30	251	21	28	149	219	
162	218	56	187	127	217	150	238	223	76	116	175	174	156	54	0	206	123	151	67	230	46	98	191	38	87	26	187	85	28	93	223	
154	154	82	153	51	242	56	210	63	71	70	183	13	198	166	220	119	59	191	148	183	156	37	247	142	103	154	195	190	133	45	85	
75	214	246	159	39	208	188	55	173	79	94	183	173	174	190	230	103	7	191	141	198	156	39	195	166	127	158	131	46	196	169	93	
114	78	108	76	109	91	215	232	193	102	188	171	106	76	151	21	184	192	205	103	236	39	36	189	50	94	65	187	119	191	94	78	
73	123	190	117	36	156	189	55	233	204	86	229	188	157	151	102	166	117	253	76	197	253	162	200	230	251	118	129	78	180	205	121	
66	235	3	194	25	208	58	192	175	12	139	163	172	199	228	198	226	177	255	210	66	11	170	245	31	116	138	251	6	135	37	110	
74	51	186	228	177	248	21	7	43	237	159	169	174	188	198	166	134	55	253	17	150	9	225	192	239	245	60	187	134	78	157	127	
75	215	247	158	227	112	188	247	185	95	86	231	108	110	174	255	231	87	181	133	181	201	166	225	50	118	222	139	143	116	175	221	
11	22	246	159	226	50	188	119	185	79	95	247	236	46	150	239	167	63	151	135	229	216	36	201	38	122	122	131	175	244	171	221	
179	143	102	206	205	146	206	119	197	76	253	135	104	236	182	229	120	162	151	239	253	171	100	253	50	56	194	139	63	206	248	220	
168	227	122	96	116	159	119	245	113	76	116	9	27	205	50	16	56	168	135	124	218	186	32	31	123	205	36	109	99	136	230	226	
10	157	34	137	215	213	188	103	29	5	90	3	172	30	54	196	238	59	147	129	86	152	17	223	37	52	154	195	55	12	181	206	
43	217	50	152	95	213	190	231	143	65	88	3	44	156	54	196	236	59	147	197	214	171	18	255	51	28	158	106	95	28	185	222	
7	71	99	195	244	30	239	184	93	200	95	70	209	72	189	228	90	72	22	111	225	176	45	238	36	28	167	132	95	187	80	229	
3	159	67	157	242	178	184	119	189	65	90	231	44	46	166	196	230	43	151	133	183	153	20	207	52	54	154	194	62	196	169	221	
10	120	50	202	109	213	184	64	143	92	148	43	172	158	103	46	206	57	215	211	198	3	50	241	87	89	138	187	22	31	37	223	
51	79	106	236	86	146	222	119	5	64	222	231	49	15	178	96	110	235	23	205	205	155	36	239	114	237	174	129	45	152	248	217	
1	16	123	89	116	236	233	23	252	77	118	116	189	23	180	124	70	58	22	8	177	188	48	71	71	190	50	192	198	128	69	249	
11	18	14	185	97	156	184	18	175	93	86	245	172	139	114	200	230	41	191	149	134	28	18	209	198	81	250	203	30	4	41	219	
128	156	58	89	112	228	185	83	126	79	118	16	188	151	38	104	167	59	19	24	178	188	50	87	79	63	50	194	210	128	229	251	
27	203	107	172	22	144	207	247	133	68	94	231	57	206	182	224	126	234	149	205	205	155	36	239	114	109	174	128	63	150	248	221	
47	75	234	158	244	178	254	220	223	204	92	231	105	232	183	236	255	235	151	223	135	178	46	234	62	127	174	139	159	255	121	221	
3	176	226	147	247	149	186	205	63	105	93	231	236	250	222	164	191	75	179	149	151	152	158	243	14	28	158	231	143	6	187	223	
191	215	98	136	246	146	79	248	17	76	212	239	75	207	191	213	126	200	149	238	238	135	164	191	242	105	172	204	63	183	242	117	
42	255	96	74	125	209	190	254	79	108	120	111	40	220	246	132	142	123	151	195	198	58	46	255	62	93	175	235	95	31	95	223	
91	159	118	222	183	212	126	55	173	77	222	166	108	63	182	229	110	183	191	200	253	139	54	237	178	122	202	131	63	198	173	125	
137	121	115	199	181	221	237	55	77	236	94	110	191	152	148	164	10	42	30	13	193	184	117	142	172	221	38	176	78	140	209	253	
90	159	103	190	179	208	62	55	173	77	223	231	108	255	182	197	102	179	191	133	243	137	38	253	178	123	138	195	62	134	173	125	
43	255	96	94	125	249	214	242	95	76	124	175	42	252	183	180	156	234	150	103	230	42	110	255	54	93	32	187	87	95	94	223	
78	138	166	151	117	132	105	176	191	29	86	71	108	235	58	68	225	107	191	221	2	217	10	245	92	50	254	193	138	142	53	91	
26	142	119	205	54	115	169	111	92	202	250	226	105	122	180	228	127	145	142	161	241	169	37	222	56	38	175	135	119	228	45	173	
155	221	119	222	107	212	189	247	141	74	220	230	60	223	180	228	230	251	183	205	231	143	50	239	51	121	190	138	31	148	161	253	
183	75	107	222	110	145	203	80	197	200	245	230	115	205	181	107	110	232	23	207	201	163	46	232	82	105	234	136	127	187	112	241	
191	91	107	222	108	149	239	112	133	72	245	230	121	205	183	97	126	232	23	239	201	167	46	253	82	73	234	168	127	191	112	249	
187	209	102	248	255	213	159	237	157	76	212	135	104	220	62	229	254	51	151	229	247	171	54	221	51	123	142	203	23	14	253	223	
11	249	114	131	242	153	187	215	31	65	92	167	172	158	254	36	223	91	151	85	215	152	108	247	46	93	62	230	150	142	161	221	
186	215	120	234	102	139	255	245	13	124	117	175	121	29	190	1	254	155	151	231	240	58	12	253	118	217	174	239	119	158	212	219	
3	7	242	139	245	190	190	79	95	203	127	118	200	120	190	228	251	47	146	29	151	184	77	198	46	62	22	195	223	222	249	141	
67	133	111	141	150	178	169	183	124	81	94	214	145	38	182	101	103	7	63	173	179	152	37	87	12	46	186	192	53	128	177	125	
43	208	122	223	103	212	253	117	93	77	116	167	57	223	190	228	126	185	151	141	196	190	52	217	119	125	186	129	55	158	124	249	
51	91	99	220	118	144	206	244	133	72	216	231	57	206	183	228	110	225	23	239	205	163	36	237	50	44	170	136	63	191	120	125	
11	253	112	129	246	145	191	254	15	117	92	167	173	142	254	164	127	27	151	213	199	184	44	247	46	93	142	230	63	158	185	253	
168	177	99	73	244	203	225	117	113	76	116	160	56	213	180	52	88	186	2	120	243	186	52	95	111	25	32	200	119	140	230	249	
9	181	115	215	180	217	253	55	125	76	94	100	191	156	180	229	166	58	158	8	243	184	36	237	166	216	54	130	78	140	213	125	
187	145	102	152	255	215	222	109	221	76	213	131	108	252	62	229	222	179	151	229	254	43	62	221	59	123	138	203	119	14	253	223	
99	159	102	140	213	242	250	98	205	69	218	167	104	110	182	228	237	163	183	165	188	187	52	255	62	62	138	195	159	207	124	214	
130	220	49	185	126	201	190	238	31	41	80	163	172	159	56	64	255	27	151	65	98	60	3	247	229	86	190	243	20	28	149	219	
67	157	102	222	255	212	254	117	141	76	223	167	108	254	190	229	230	179	191	204	246	139	54	253	55	58	202	203	31	142	189	95	
31	158	98	153	147	242	58	194	63	69	86	183	12	174	182	220	119	187	191	149	182	157	37	255	30	119	154	195	191	133	45	87	
42	159	96	94	119	153	190	254	95	76	124	239	40	124	183	164	158	107	151	71	230	58	108	255	38	95	32	179	95	159	94	223	
47	67	234	158	252	17	255	205	31	69	85	167	105	236	255	64	126	235	183	199	198	34	238	251	126	125	175	169	183	191	245	221	
30	178	194	0	147	182	56	209	175	165	79	231	77	206	238	220	55	157	175	180	148	145	28	192	26	70	143	199	175	198	173	85	
227	59	226	28	110	57	180	66	201	254	112	175	8	168	215	27	174	173	230	71	132	114	198	192	86	56	96	171	77	125	91	199	
8	156	126	248	83	244	48	119	52	69	108	19	60	191	34	208	231	59	147	144	54	152	50	215	95	239	18	67	179	64	173	219	
27	219	106	222	118	144	191	119	180	68	94	167	57	238	178	228	102	171	151	205	197	153	36	239	114	109	174	129	39	148	189	253	
75	219	229	159	107	212	186	188	171	93	80	231	108	238	190	246	206	87	183	213	215	74	239	225	14	114	254	207	159	150	173	221	
3	147	247	159	226	20	188	247	57	95	82	247	236	238	190	239	166	123	183	133	181	216	166	225	38	62	254	130	143	244	171	221	
34	221	50	216	223	213	156	231	143	1	88	3	44	156	54	132	200	59	147	193	86	43	18	253	57	28	158	107	87	12	189	206	
10	157	34	137	215	212	184	103	29	69	92	131	172	62	54	196	238	59	147	129	214	152	17	255	47	116	154	195	23	12	189	222	
190	151	103	203	246	147	239	249	69	101	255	226	89	109	188	165	126	146	151	251	251	185	45	253	123	75	167	196	119	143	244	245	
75	215	246	223	115	212	188	167	175	93	94	183	172	174	190	230	231	19	191	133	230	153	167	199	54	125	158	131	6	84	173	95	
55	91	111	206	110	128	239	112	197	72	212	230	57	205	181	101	110	232	23	239	201	35	38	237	114	40	234	136	63	187	112	249	
191	207	66	135	150	50	238	188	85	194	222	199	81	104	191	228	121	198	23	239	237	176	77	174	62	111	175	132	175	255	248	212	
106	80	112	206	109	85	222	116	137	76	180	47	172	158	255	38	238	177	223	99	196	35	32	248	115	89	170	187	87	63	119	255	
26	157	54	252	211	244	48	103	173	69	108	19	44	159	34	209	166	59	147	128	54	139	50	197	211	241	26	75	50	4	173	219	
139	144	131	153	97	180	56	3	191	89	82	117	172	142	102	205	231	43	179	21	183	220	18	209	6	118	26	203	154	4	41	221	
66	147	134	156	119	132	57	80	175	92	87	231	108	207	190	196	246	45	179	221	135	208	146	213	30	48	203	202	62	46	57	215	
55	75	99	206	78	128	207	112	197	192	220	230	49	141	181	102	110	224	23	239	201	163	38	232	112	40	234	136	63	191	112	253	
162	218	120	189	126	137	182	238	95	76	112	175	174	140	54	0	238	123	151	71	230	46	70	255	118	86	26	187	85	28	85	223	
59	207	96	72	254	19	76	255	5	76	252	231	11	76	183	213	126	140	151	236	204	139	101	221	114	105	165	221	63	188	250	253	
59	79	107	174	22	146	206	244	193	192	216	231	57	142	183	224	126	225	21	207	205	139	36	237	178	109	174	136	61	182	112	93	
91	159	102	220	243	240	62	119	173	77	223	167	108	255	190	245	102	179	191	165	247	139	54	221	58	120	138	203	63	134	173	85	
163	157	98	206	245	211	254	99	221	68	253	135	104	236	182	229	248	162	147	239	253	187	52	253	54	56	194	203	87	174	248	214	
189	75	99	254	110	144	203	80	196	200	245	230	113	200	181	107	126	232	23	207	201	163	46	232	82	105	234	136	127	171	112	241	
90	179	243	198	179	216	27	21	41	237	31	171	46	158	206	52	182	191	221	81	215	152	164	234	186	245	44	251	166	134	143	119	
131	213	114	201	246	147	188	255	29	69	94	183	140	142	190	100	127	27	151	180	247	152	37	215	62	28	14	198	55	142	173	221	
67	159	118	218	251	244	186	103	173	77	94	167	104	254	190	117	230	179	183	165	182	139	54	253	63	60	138	203	31	134	173	87	
2	223	96	191	118	137	190	238	30	78	120	239	173	140	55	0	174	123	151	199	198	62	14	255	52	22	58	170	85	29	5	219	
79	158	102	154	211	242	186	167	189	69	218	183	104	174	182	196	231	163	155	149	182	157	37	255	62	126	154	195	151	5	189	87	
35	141	102	138	213	246	186	226	205	69	91	135	104	236	54	229	252	171	179	165	180	186	52	255	63	62	138	67	23	79	252	222	
154	223	16	189	118	129	188	255	31	43	80	226	173	151	40	192	127	27	151	193	98	28	0	255	181	231	186	162	54	28	137	185	
10	221	117	221	110	164	189	254	159	10	92	34	188	191	165	96	206	123	183	129	194	156	66	251	103	255	250	138	22	216	49	169	
98	157	102	222	253	213	254	237	157	77	93	7	104	254	62	97	254	179	179	196	246	10	58	253	55	58	202	203	23	14	253	223	
30	58	234	18	211	208	58	80	165	204	223	167	41	206	231	212	102	249	135	210	150	155	166	224	26	69	142	203	167	167	45	213	
15	63	243	1	242	191	170	82	110	233	122	230	152	172	247	164	190	43	150	29	151	184	52	194	44	28	46	194	205	78	67	245	
3	214	114	223	127	208	188	239	159	93	84	167	172	158	190	100	231	59	191	133	230	9	39	255	38	127	158	139	30	20	173	223	
43	159	96	159	118	155	191	254	95	101	124	239	44	44	183	132	62	251	151	199	231	186	108	255	62	95	170	162	127	141	95	221	
10	141	32	153	213	213	184	103	15	69	92	19	172	62	54	196	200	59	147	145	86	56	112	247	47	84	154	67	22	12	189	206	
10	137	48	216	213	213	180	103	207	29	88	19	172	156	54	132	201	59	147	17	86	40	18	245	47	20	154	107	83	12	157	206	
171	149	119	73	247	223	165	115	93	72	124	226	56	20	180	165	126	58	146	56	243	184	52	221	47	24	2	194	95	140	246	253	
147	237	98	137	214	147	190	254	31	97	92	135	45	142	190	36	127	155	151	237	230	184	44	255	62	76	142	228	55	158	177	253	
11	147	115	223	103	220	124	55	109	72	95	230	190	60	182	228	38	170	150	13	213	184	52	237	38	121	178	130	46	142	217	221	
26	157	114	184	211	241	24	103	21	69	76	179	45	190	34	212	238	187	147	128	62	154	0	223	187	247	154	203	55	4	173	223	
235	154	239	156	127	214	185	120	155	124	84	231	104	204	182	228	246	45	183	197	199	87	190	221	30	59	235	174	31	172	61	253	
170	221	114	249	231	247	254	215	95	79	124	147	9	191	54	228	255	251	151	131	246	188	60	247	103	253	158	135	55	220	253	215	
2	156	59	152	83	241	185	71	190	69	78	50	188	182	38	100	231	59	147	145	51	152	50	215	13	54	154	74	144	68	165	255	
59	135	106	204	254	19	221	127	5	228	252	167	41	12	182	84	126	134	151	173	204	155	101	221	114	125	175	149	55	238	254	221	
7	51	67	140	127	144	184	88	175	76	93	231	44	206	230	196	230	41	191	199	135	7	166	213	22	56	171	138	31	15	61	213	
59	211	113	238	116	83	222	241	9	76	245	239	91	31	190	48	254	209	151	239	201	178	44	253	242	217	160	144	127	190	240	113	
2	206	34	152	75	176	188	199	173	7	216	167	44	142	38	196	238	187	171	133	70	11	6	227	48	52	154	139	23	84	173	223	
51	91	103	206	110	128	239	240	197	64	220	230	49	204	181	101	110	224	23	207	201	163	38	237	48	40	234	136	63	187	112	253	
19	213	114	217	214	147	190	231	29	65	94	183	44	174	190	96	127	155	151	165	246	152	44	223	62	14	158	198	55	156	161	221	
63	157	103	200	215	179	235	250	69	193	254	226	73	109	183	164	126	178	151	249	187	187	61	252	58	93	135	198	247	207	120	180	
186	183	115	192	242	218	123	117	41	109	118	235	15	159	142	181	54	191	149	241	247	152	164	206	62	217	36	227	39	134	134	247	
3	249	239	157	226	212	189	213	43	89	86	231	189	238	190	102	102	75	55	213	215	216	183	225	62	56	254	194	141	148	161	253	
62	237	107	156	222	209	239	237	151	84	212	171	73	204	254	64	122	233	151	237	94	35	238	245	122	105	175	253	53	190	244	244	
27	207	106	222	86	208	255	119	245	68	94	162	41	239	182	100	102	187	151	205	196	153	38	239	114	109	190	129	55	148	244	253	
