È«ÐÂDIORµÏ°Â÷È»ó´½²Ê	765 Ultradior	https://www.dior.cn/beauty/version-5.1432748111912/resize-image/ep/0/0/90/0/swatches%252Fcs_3348901296878.png	https://www.dior.cn/beauty/version-5.1432748111912/resize-image/ep/0/0/90/0/covers%252FY0285300_F028530765_102016.jpg
75	185	57	89	113	148	57	23	62	89	68	84	188	150	226	244	198	43	55	156	147	24	178	85	77	61	58	234	26	0	169	189	
34	225	98	136	84	131	170	236	132	0	88	2	0	136	112	64	120	40	19	241	194	187	2	244	56	0	138	236	21	10	112	136	
14	23	223	181	230	98	188	19	140	215	219	183	77	47	35	203	111	23	187	133	20	209	3	192	70	39	250	129	167	253	181	211	
27	201	98	168	214	145	254	115	69	64	94	131	57	140	182	96	126	185	151	207	220	186	36	252	114	109	174	200	55	174	240	92	
34	233	98	194	84	129	170	192	68	16	241	10	32	136	116	1	104	200	19	211	194	59	136	245	28	8	138	236	85	15	112	136	
16	203	255	213	102	131	189	212	222	53	119	226	93	206	172	97	38	61	38	192	192	176	44	209	84	32	107	132	117	154	165	169	
54	25	66	154	159	209	146	97	132	68	193	163	97	220	39	64	104	187	147	211	94	171	62	189	51	32	138	75	53	15	180	222	
19	142	99	175	86	51	235	248	63	98	89	199	61	14	183	164	63	137	23	175	175	156	45	255	180	78	171	128	189	167	51	253	
163	177	245	85	245	254	232	3	123	81	114	84	136	38	148	255	234	47	130	24	179	248	244	192	7	120	18	98	207	196	199	245	
58	201	98	238	22	146	254	244	197	0	215	131	75	205	52	96	126	185	23	239	200	179	44	221	178	233	139	128	119	190	112	149	
150	22	44	157	162	115	61	67	28	87	69	179	237	102	179	109	103	187	151	165	189	212	37	220	212	50	218	131	148	124	173	116	
155	215	106	68	214	147	175	245	196	70	223	167	89	236	190	164	126	172	151	175	197	177	44	223	114	73	175	132	111	254	249	245	
11	36	105	200	118	177	251	27	73	66	93	202	185	205	151	36	54	185	23	173	129	18	228	223	86	77	171	168	63	166	83	241	
58	73	66	236	68	129	78	115	5	0	88	2	43	171	48	64	122	169	23	195	88	186	0	253	178	237	138	200	55	171	240	136	
2	142	50	137	246	139	190	247	159	105	90	199	140	142	164	64	167	59	151	21	211	185	0	247	36	93	58	230	156	140	129	217	
39	83	111	154	220	221	198	216	215	80	240	231	67	220	191	108	89	192	30	119	207	39	126	181	55	126	133	222	253	191	244	116	
56	73	122	44	23	91	210	97	101	100	246	143	107	13	54	16	250	164	197	102	204	187	21	140	243	233	0	17	103	174	126	90	
51	253	226	158	95	244	154	196	130	77	216	135	104	204	63	0	124	235	147	215	143	131	62	237	51	44	142	139	189	87	55	222	
2	220	178	153	52	128	188	71	142	5	88	38	172	138	48	64	206	43	147	129	130	136	66	209	36	52	154	138	148	92	165	155	
58	149	96	97	213	252	112	19	117	73	126	55	11	29	182	112	237	154	151	149	154	184	100	215	15	221	144	194	247	140	244	223	
10	144	179	121	51	188	185	51	62	141	122	244	190	190	96	192	231	57	174	144	147	152	179	70	141	247	58	194	200	0	37	59	
148	24	223	253	146	234	49	66	158	133	102	50	53	247	33	73	98	127	47	80	48	209	33	40	197	163	114	1	176	233	37	35	
22	104	243	97	87	237	234	210	233	172	56	2	9	139	85	14	42	233	87	211	0	240	148	232	31	220	143	161	231	243	87	130	
82	121	27	176	35	217	179	70	173	132	166	47	44	158	103	16	166	241	207	208	64	139	176	236	241	209	10	43	0	21	47	251	
227	203	92	218	127	155	26	224	141	64	212	170	106	196	165	244	78	176	158	98	71	11	110	253	54	121	0	155	63	159	72	29	
185	121	250	76	121	211	195	120	195	232	252	40	59	217	183	52	88	252	214	234	201	178	228	152	82	253	33	153	123	162	110	188	
37	84	211	200	93	255	67	88	71	200	124	74	114	209	109	236	88	184	18	56	3	50	114	154	23	140	1	58	219	251	112	164	
26	155	230	152	203	240	188	207	175	21	140	167	172	238	102	206	231	51	251	145	22	75	158	241	27	86	222	207	151	68	173	222	
233	107	97	101	53	222	111	53	97	232	126	72	187	53	144	180	24	236	84	108	201	184	229	175	229	253	36	144	102	190	214	121	
227	113	227	70	69	86	238	88	81	194	215	78	80	221	189	254	120	204	51	239	201	247	180	192	19	56	196	142	111	190	114	244	
2	160	152	177	197	237	48	207	62	51	80	19	172	155	72	8	185	27	131	145	18	92	91	243	205	150	159	103	144	72	133	138	
10	152	182	157	253	245	184	207	31	95	92	51	172	190	38	76	199	59	179	1	54	220	50	243	143	119	90	171	146	76	173	207	
184	89	126	239	117	198	116	119	165	12	126	33	59	191	32	80	232	179	151	128	72	184	0	175	231	253	178	1	115	130	236	138	
18	217	50	188	15	213	156	230	135	85	192	7	44	156	54	64	200	51	155	193	78	11	50	253	49	115	218	27	16	28	189	94	
52	207	9	251	56	135	31	252	158	29	233	145	229	231	40	80	221	91	203	194	106	1	122	55	235	165	175	53	16	19	135	234	
2	146	158	185	123	201	184	111	158	53	80	183	172	142	42	72	167	27	163	1	38	92	2	215	12	22	26	239	156	12	13	223	
111	62	211	224	240	36	185	67	40	137	184	234	156	191	213	152	255	187	23	157	147	27	128	194	92	29	186	234	205	97	43	169	
61	251	164	174	60	15	195	184	71	220	152	143	231	105	26	6	88	192	95	111	204	98	95	157	216	90	237	188	127	174	80	74	
118	185	251	66	243	245	91	71	43	205	57	173	10	142	70	16	167	187	133	148	158	26	176	208	123	28	13	235	193	6	198	87	
86	32	214	183	143	34	106	200	171	178	251	2	205	234	93	91	251	229	127	243	24	115	203	224	157	250	207	199	165	251	115	6	
57	74	99	109	70	146	207	116	85	130	250	230	115	4	177	228	126	236	38	239	201	178	101	47	52	46	162	128	119	187	112	124	
25	159	115	69	82	46	170	55	124	65	122	214	125	38	148	240	54	175	2	172	177	152	53	79	52	46	50	192	111	198	161	185	
18	130	174	169	46	130	184	65	14	21	210	167	165	142	54	64	230	13	191	133	6	155	7	213	154	103	250	195	20	12	61	219	
7	13	99	155	214	178	233	115	92	194	91	230	80	238	180	237	126	42	19	189	149	146	36	204	12	46	235	192	141	238	240	245	
122	99	115	200	50	83	26	64	33	8	244	170	11	134	165	244	126	153	159	226	73	131	36	204	178	193	170	187	55	134	46	53	
67	60	187	211	244	252	189	23	254	203	94	68	188	190	246	108	167	63	51	29	131	216	178	244	77	63	190	130	140	64	133	253	
58	121	98	44	95	223	86	121	129	172	188	175	47	157	35	144	188	177	213	99	76	171	16	157	243	193	33	191	115	46	94	91	
52	37	123	224	212	231	99	90	69	129	238	10	19	149	33	112	120	184	18	248	9	178	48	12	217	140	129	108	177	203	116	162	
150	178	174	177	162	195	185	67	190	183	23	179	157	159	90	9	167	25	243	145	50	221	170	208	205	65	255	231	132	4	149	243	
137	185	51	234	180	141	251	255	95	9	116	64	191	147	160	96	230	59	22	88	211	41	40	255	249	221	38	232	90	138	227	169	
39	74	111	136	124	117	234	200	207	88	16	199	68	200	255	109	251	73	23	255	135	39	46	241	26	24	143	238	157	191	121	213	
0	24	159	253	5	236	161	70	174	128	66	0	180	151	97	106	224	123	58	88	3	217	178	96	133	169	26	2	144	89	37	170	
60	18	98	229	69	86	252	80	101	46	246	102	25	25	148	200	120	140	151	234	204	182	17	200	87	233	162	133	111	165	118	146	
58	207	98	136	244	210	238	229	5	77	222	227	65	204	190	196	126	234	151	255	220	155	5	173	58	101	174	197	55	142	252	204	
18	149	18	184	151	197	16	107	31	5	201	23	174	222	42	192	242	155	139	1	94	10	18	213	185	244	26	107	16	12	173	94	
99	105	192	72	121	209	152	196	203	233	180	170	40	138	247	180	204	185	230	208	143	58	198	241	30	92	139	251	91	142	74	157	
73	97	104	109	118	158	123	24	225	224	94	138	153	207	151	112	54	189	223	238	197	16	164	220	102	233	161	184	55	167	82	113	
88	19	115	229	50	58	184	19	108	173	218	230	173	46	145	192	38	183	238	129	132	184	165	204	148	229	58	128	101	224	37	125	
37	202	105	136	124	117	235	216	79	92	116	86	88	204	255	105	249	73	2	255	151	39	46	245	29	8	35	108	209	155	113	245	
164	108	193	145	108	41	170	202	158	178	176	90	221	234	81	11	123	201	110	59	32	103	207	202	156	22	207	60	133	121	83	128	
59	16	110	233	108	22	120	88	69	104	246	131	11	157	180	104	110	156	191	172	140	179	117	144	83	249	128	134	119	140	112	213	
57	37	97	69	116	15	71	127	68	224	126	74	51	33	144	164	26	140	22	44	201	186	117	14	120	205	37	20	111	234	80	40	
91	16	104	201	103	22	248	80	69	104	214	166	25	31	182	108	110	156	159	140	141	146	101	192	87	105	170	132	55	140	116	245	
18	221	115	236	50	194	31	182	13	0	78	162	61	55	165	100	102	115	149	224	73	136	48	253	225	164	134	130	53	240	36	57	
56	219	120	236	126	207	95	248	135	172	188	43	115	221	35	16	30	240	215	98	72	35	40	29	115	201	37	189	119	186	78	235	
90	121	179	228	165	126	29	23	233	141	138	32	159	190	193	254	230	119	253	145	153	201	178	192	185	245	222	218	132	112	165	119	
34	225	2	136	92	131	170	228	132	0	216	2	0	202	48	64	120	41	19	225	66	179	2	221	56	0	138	204	85	10	178	128	
2	200	2	138	76	129	174	101	132	0	219	2	8	202	48	64	104	169	19	195	64	171	2	245	48	4	138	200	85	26	177	128	
73	171	224	25	116	156	233	55	122	89	94	244	189	130	210	116	6	14	52	157	151	152	231	85	76	61	186	192	142	132	219	253	
188	121	106	236	215	199	87	244	17	228	116	175	19	221	51	48	124	252	151	243	251	186	176	191	123	205	165	173	103	189	118	242	
98	152	174	144	83	244	184	7	187	73	210	63	44	30	6	8	236	179	255	145	178	207	112	197	87	55	154	195	141	4	183	95	
82	130	142	172	58	66	25	105	182	5	194	163	229	174	34	64	246	181	173	133	12	201	161	77	217	167	250	129	164	0	45	91	
15	242	154	232	107	181	185	83	170	29	93	106	156	155	226	172	238	25	215	153	19	18	130	208	93	221	186	234	146	0	171	163	
2	175	32	153	217	241	186	99	142	61	73	17	140	142	102	228	201	27	139	17	22	9	10	215	13	20	154	127	144	4	141	134	
73	148	179	253	215	190	120	55	127	73	110	86	188	63	36	228	167	55	48	24	179	184	49	215	79	255	86	66	154	0	161	43	
182	149	52	234	189	205	208	73	143	53	185	27	78	223	108	0	217	155	151	48	26	39	90	215	155	208	1	127	210	14	132	130	
102	206	102	26	125	248	186	226	233	85	120	171	168	236	54	0	235	163	211	213	6	43	174	247	62	52	138	203	213	15	119	222	
51	75	237	13	246	18	238	255	77	232	90	230	81	40	151	36	126	196	22	237	205	178	101	204	60	14	175	132	125	188	120	221	
2	239	22	152	203	193	61	231	190	21	72	179	172	231	102	64	167	59	163	129	82	25	130	245	60	50	30	203	16	80	165	203	
33	141	122	68	84	207	231	114	68	192	126	2	115	253	188	32	120	250	18	106	80	187	48	47	115	141	32	0	111	202	240	184	
66	249	151	184	201	196	48	167	171	29	2	33	172	151	96	86	192	115	249	80	82	73	146	241	205	240	222	219	146	4	165	59	
137	148	61	58	156	247	200	63	116	67	226	80	243	124	56	225	221	162	42	185	191	236	127	63	235	191	86	72	249	200	232	8	
34	141	122	202	254	193	215	231	207	5	60	42	50	189	164	36	74	50	19	88	82	43	34	253	107	156	4	123	209	138	196	59	
34	233	122	26	91	209	178	228	202	28	188	139	32	220	102	16	168	187	195	211	70	43	174	245	127	17	8	251	81	15	111	206	
43	48	127	121	125	223	249	81	239	125	117	45	171	157	150	52	174	189	255	29	143	191	246	213	71	249	49	243	87	140	71	247	
58	89	119	233	39	214	154	80	141	72	214	163	60	159	183	96	238	181	189	195	142	155	49	229	147	121	138	130	7	151	52	127	
86	145	150	189	15	92	120	35	189	133	210	3	237	254	14	222	250	245	255	161	28	219	147	201	159	246	219	199	164	36	45	86	
32	228	82	136	118	131	178	230	28	0	112	2	8	136	52	64	219	41	2	115	66	190	0	182	56	12	150	104	21	9	113	137	
130	188	178	145	211	247	176	199	31	175	72	19	140	190	102	204	245	59	147	145	54	220	146	215	47	22	31	103	146	68	173	207	
12	91	81	37	118	91	182	48	109	168	123	232	79	80	133	180	54	76	198	98	196	176	109	76	38	229	33	135	103	191	79	197	
164	41	90	208	196	169	235	194	25	162	96	138	20	139	101	56	43	251	18	92	16	190	0	234	93	158	17	105	229	169	66	160	
23	123	99	226	54	145	235	112	109	64	249	230	43	206	189	36	126	169	23	239	201	51	44	221	178	216	138	170	61	175	113	245	
80	76	254	93	15	46	181	2	236	182	174	0	255	51	37	111	39	118	106	74	0	229	115	104	197	186	82	18	209	241	69	40	
186	58	106	88	9	253	81	95	235	223	180	157	42	220	118	191	137	177	221	21	142	111	182	209	91	89	81	187	119	12	94	95	
34	143	162	139	215	179	190	239	94	69	88	135	8	168	62	64	255	75	147	149	182	186	12	247	60	22	158	195	149	94	253	207	
73	51	217	101	114	78	59	24	41	236	119	229	157	31	194	112	22	29	223	110	193	144	181	200	70	253	43	134	110	167	7	241	
43	52	120	73	45	181	217	87	77	105	252	97	60	156	150	48	142	63	245	21	159	186	227	208	67	125	184	242	215	196	83	127	
2	174	162	155	247	176	186	234	30	77	88	167	168	174	54	64	255	107	147	149	182	154	44	255	44	22	154	195	149	78	61	207	
178	48	239	240	111	221	153	94	171	249	180	239	58	221	87	59	175	185	247	149	139	107	242	209	19	88	217	187	199	12	86	127	
73	51	81	37	114	10	58	16	44	104	115	229	221	7	139	208	150	13	76	102	133	144	161	204	6	244	34	134	14	167	43	209	
98	157	38	142	255	212	190	231	137	76	152	175	44	252	54	2	237	243	211	195	212	43	58	255	55	52	142	235	23	126	183	223	
17	135	106	253	102	163	104	115	117	1	223	198	57	235	184	65	122	171	23	140	152	155	6	201	210	233	170	128	37	137	240	128	
163	90	107	77	102	18	239	116	84	206	118	230	113	32	183	36	126	236	22	238	197	180	36	235	38	46	226	128	111	248	120	253	
219	223	43	140	50	214	31	53	141	76	222	231	125	22	162	228	230	51	157	229	213	137	36	253	242	105	170	130	62	134	165	125	
26	157	50	192	211	214	187	231	181	77	206	34	8	254	38	196	236	187	147	145	94	155	48	255	59	101	142	195	167	6	173	223	
81	153	152	106	248	132	83	213	111	41	252	72	62	147	96	112	228	59	23	88	147	43	184	115	127	189	38	104	216	130	227	43	
124	157	20	104	153	174	70	191	229	8	170	68	215	115	0	242	129	86	76	56	187	9	89	63	233	239	37	86	218	115	202	35	
130	184	147	155	109	237	185	214	158	89	80	48	188	222	96	105	199	59	147	17	19	92	18	241	69	16	58	234	144	8	1	155	
112	163	170	0	88	31	169	77	98	237	190	141	1	140	94	16	60	133	234	213	222	187	229	64	185	1	46	85	193	6	167	252	
2	142	58	154	215	244	184	103	190	93	88	23	44	236	118	72	239	43	179	149	150	58	166	245	95	119	26	235	213	4	175	207	
34	235	106	26	122	193	179	224	138	12	120	171	40	206	103	16	232	187	131	195	198	11	174	117	84	1	170	171	85	15	39	207	
58	187	98	174	123	147	82	121	161	132	249	173	111	221	2	144	158	177	213	231	204	171	66	157	242	193	168	187	127	6	62	91	
48	81	123	78	118	203	195	124	69	76	125	170	115	213	188	36	30	184	23	106	203	186	108	63	115	28	32	168	119	138	100	253	
45	7	107	217	214	146	237	117	84	193	95	214	81	233	190	100	126	174	19	189	145	186	36	204	110	47	174	196	183	138	240	225	
2	180	119	81	177	206	169	55	237	73	126	68	172	7	132	228	167	58	18	24	147	184	51	197	13	254	18	194	202	132	199	189	
59	135	96	141	181	19	79	125	7	68	93	135	233	70	190	228	94	138	150	238	206	152	109	159	38	125	165	165	63	238	248	220	
74	219	38	184	187	144	148	55	157	93	210	245	172	140	34	193	198	51	191	21	246	137	2	181	170	115	126	219	28	12	189	95	
26	157	16	184	217	229	80	227	159	29	104	19	142	159	34	208	201	155	135	17	30	10	82	215	155	213	26	79	18	12	173	199	
39	233	134	158	93	157	226	232	207	120	81	74	96	200	254	166	200	104	242	95	199	115	206	245	12	24	129	254	95	15	88	140	
34	216	98	154	93	201	178	198	139	85	80	171	172	220	55	0	235	187	147	209	38	47	22	255	53	54	154	107	213	13	127	222	
2	157	50	158	239	197	188	231	137	28	88	171	172	254	118	3	239	59	147	199	210	11	138	245	63	16	206	235	20	78	181	219	
32	192	6	136	92	129	170	228	132	0	216	2	0	200	48	65	104	168	19	227	64	167	2	221	48	0	138	72	21	26	112	128	
90	132	22	161	147	162	56	167	173	63	138	183	77	39	42	67	231	151	173	160	52	217	1	221	250	227	254	199	170	68	173	27	
23	14	107	143	22	163	235	80	93	96	223	198	113	110	183	36	126	169	23	173	137	178	45	223	180	12	171	128	189	163	49	245	
131	156	119	125	51	212	56	39	253	65	70	16	188	159	36	245	230	59	153	128	51	156	48	255	7	254	26	66	58	0	37	127	
2	191	18	152	187	241	176	227	142	61	28	51	140	158	102	196	227	59	203	17	22	9	2	245	189	20	26	255	146	4	173	7	
55	151	99	234	175	53	222	217	133	90	185	231	67	252	255	101	253	219	23	231	223	35	110	186	186	88	133	158	127	255	240	87	
182	149	20	232	239	233	150	203	143	55	185	59	78	222	108	128	201	155	131	51	122	39	90	215	185	144	11	127	80	78	141	146	
142	129	236	189	199	82	189	135	159	215	86	151	205	46	50	75	111	199	187	149	116	216	119	192	239	99	222	199	167	252	173	246	
2	153	50	154	127	133	154	228	142	73	89	35	108	222	168	64	214	59	147	83	146	11	10	253	49	20	10	138	16	31	33	219	
3	177	177	65	244	255	224	87	95	105	123	82	18	24	124	96	249	10	22	25	151	184	21	215	45	28	52	70	217	8	208	157	
58	13	66	236	84	128	78	118	5	8	124	66	59	235	48	64	120	170	23	200	88	186	0	189	178	237	162	200	55	138	112	137	
82	157	183	221	19	198	177	167	251	73	106	18	60	55	36	116	231	183	177	128	51	153	48	255	57	190	26	66	153	0	165	59	
58	66	114	224	50	83	90	96	33	8	245	234	11	14	165	244	126	153	151	226	76	147	4	204	146	193	170	147	39	163	46	149	
34	224	66	136	92	129	170	228	132	0	208	2	0	200	56	65	88	232	19	227	66	163	2	252	48	0	138	232	85	27	112	136	
130	249	162	154	227	192	190	231	158	91	80	183	172	142	50	0	207	123	147	199	214	13	14	243	33	52	158	203	20	22	165	223	
10	188	178	145	211	247	176	199	31	39	72	19	172	190	102	196	245	59	147	145	54	220	18	247	47	22	158	99	146	68	173	206	
162	225	98	200	92	131	202	228	197	0	240	10	0	136	61	0	120	232	19	227	192	167	0	252	52	8	130	236	85	27	114	136	
10	156	176	155	87	245	184	199	31	15	84	19	172	190	38	200	237	59	179	145	54	156	82	255	15	86	26	235	146	76	165	223	
26	221	122	154	83	215	187	228	150	65	221	167	44	158	38	64	110	187	147	195	67	155	56	255	49	69	138	227	55	31	173	219	
117	73	95	238	12	6	71	112	192	128	243	74	83	227	161	115	120	228	108	106	105	163	216	44	241	235	227	24	45	187	112	32	
186	97	122	76	97	222	248	80	109	160	255	2	42	143	39	180	252	188	134	104	204	183	48	204	83	249	128	3	99	142	110	142	
130	129	130	157	181	130	44	71	60	1	82	18	172	2	32	64	234	11	19	129	118	156	1	203	4	54	154	130	4	4	177	141	
59	16	98	225	101	31	248	80	69	96	246	3	11	29	180	108	110	156	31	140	140	179	117	128	87	249	130	130	119	140	112	199	
27	30	202	175	18	3	122	80	53	64	86	231	121	7	179	192	126	173	151	174	165	157	5	255	210	239	170	128	63	167	41	153	
143	206	230	155	166	50	188	166	28	87	70	179	141	47	178	77	71	83	155	215	180	220	47	226	238	123	222	199	150	221	165	93	
57	90	99	77	70	146	207	116	85	0	254	230	115	0	181	228	124	236	22	206	201	178	101	191	54	108	160	128	127	190	120	188	
43	39	211	229	244	224	233	86	43	129	120	198	61	171	85	152	254	175	151	153	147	186	144	194	76	253	154	136	207	198	106	168	
10	157	50	200	245	221	176	103	173	77	60	133	172	158	54	84	238	51	151	17	210	41	48	215	47	93	26	203	86	12	173	219	
9	202	107	206	36	143	239	116	76	72	126	198	243	1	176	96	122	160	22	78	201	184	37	63	100	191	162	128	124	154	112	169	
25	222	57	251	116	135	95	244	236	8	116	68	63	211	168	113	228	57	22	106	195	190	56	125	241	201	34	232	88	130	225	169	
9	16	186	105	114	190	57	23	62	13	123	244	189	151	160	64	246	57	183	148	147	152	177	87	76	237	58	194	232	128	33	57	
186	235	104	40	95	193	219	77	83	236	180	139	42	205	118	16	250	169	135	245	94	43	232	253	123	89	5	251	119	14	230	218	
169	169	112	93	109	29	231	248	90	56	112	78	58	216	254	165	152	74	6	79	198	122	238	177	100	89	97	60	95	191	82	141	
86	33	214	165	207	34	106	72	171	176	243	2	205	234	93	90	250	229	127	243	8	115	203	200	157	248	207	7	165	251	115	2	
20	149	254	89	142	98	181	235	68	31	222	50	80	121	164	79	107	210	171	160	50	235	55	213	91	34	119	207	245	105	189	35	
50	0	98	233	108	6	248	80	69	32	242	131	11	29	52	106	238	156	63	173	136	179	69	192	23	249	130	150	119	140	112	130	
33	171	113	74	244	143	107	85	123	9	125	72	61	131	252	116	246	42	6	92	147	186	168	127	126	156	36	104	210	131	227	169	
2	239	22	152	219	193	181	231	190	21	72	179	172	167	36	68	231	59	163	128	82	25	130	245	61	54	30	75	16	16	165	170	
184	125	106	252	215	215	119	245	17	196	116	175	51	157	51	49	124	248	151	225	104	251	48	174	115	233	164	169	119	152	246	251	
11	177	187	215	244	252	189	87	238	73	95	68	252	254	190	100	182	59	19	25	147	152	50	239	109	61	190	194	136	194	165	251	
130	148	153	249	50	239	57	79	30	91	80	48	188	23	40	105	167	27	31	17	51	92	113	215	197	182	58	226	144	72	5	59	
2	146	155	153	82	161	184	78	30	81	82	247	188	142	32	72	247	27	51	149	183	156	7	119	140	6	186	192	156	8	33	219	
27	141	83	69	210	30	239	55	57	64	106	198	125	39	144	228	54	175	16	172	209	152	53	207	36	108	10	0	111	230	161	252	
58	221	98	142	214	210	174	229	149	4	222	163	97	238	182	196	122	250	147	227	126	155	60	255	58	101	142	193	55	142	188	222	
27	77	67	5	86	19	238	119	116	96	122	199	121	14	183	160	126	236	23	239	229	146	37	255	54	15	170	128	111	183	122	221	
167	17	114	88	91	177	184	72	223	128	125	190	104	218	127	252	254	185	178	177	180	50	22	220	30	24	139	235	159	15	106	135	
233	148	12	191	181	239	68	63	85	75	231	24	242	120	24	97	217	130	58	41	189	254	89	63	239	191	84	64	218	72	216	14	
51	233	122	136	87	209	95	237	199	101	236	11	42	138	62	84	248	171	130	196	78	43	52	253	123	93	132	127	115	30	236	206	
24	90	227	229	69	70	236	82	101	204	122	103	9	29	181	68	104	173	23	201	205	186	48	224	22	233	162	128	111	181	116	211	
167	89	111	136	236	5	143	204	142	88	144	199	80	204	255	106	253	193	31	247	199	39	62	240	48	24	175	188	157	123	241	212	
40	120	209	78	85	199	67	88	87	136	249	74	50	209	165	180	88	184	2	74	75	182	122	155	53	220	1	56	91	186	114	161	
164	104	197	145	108	43	168	202	158	178	176	90	149	170	81	11	107	237	106	25	32	119	207	202	156	22	223	60	132	121	81	128	
3	145	243	189	114	196	45	55	189	73	91	4	189	246	178	116	182	51	55	141	213	153	52	207	37	126	58	194	12	132	161	253	
168	149	122	255	117	220	118	119	213	13	255	17	123	255	32	208	216	179	135	0	120	187	80	15	103	237	48	1	115	136	238	154	
43	54	105	201	118	59	249	91	73	65	92	234	153	13	182	36	62	57	23	189	149	186	100	222	70	77	186	236	183	196	82	241	
216	73	123	220	82	194	31	101	152	128	228	130	61	23	33	117	102	243	18	202	97	139	32	111	113	168	6	9	51	176	37	40	
42	225	98	200	78	131	254	228	197	0	248	2	8	200	61	0	90	233	19	227	192	179	6	245	50	12	142	168	85	31	114	136	
27	142	106	173	214	50	232	119	60	91	94	246	29	170	176	97	127	139	23	173	146	152	37	197	86	233	250	196	165	200	177	129	
47	180	241	83	245	245	170	211	123	91	121	116	136	252	220	172	157	26	146	28	151	62	252	243	15	28	23	238	207	199	243	181	
11	107	147	232	111	181	185	83	142	77	92	42	140	155	226	164	238	57	151	145	150	26	162	208	87	221	170	234	150	78	171	231	
22	120	114	176	98	193	186	66	173	132	242	163	12	159	227	78	166	121	207	210	4	143	130	232	210	64	42	139	37	53	39	215	
162	179	246	86	237	81	244	97	201	139	241	122	40	152	188	166	200	166	198	1	252	111	160	195	18	26	208	155	67	14	252	15	
188	207	53	254	57	207	95	248	151	28	229	1	247	199	41	81	93	241	47	106	106	65	122	61	241	242	207	28	50	59	4	98	
156	136	31	241	146	202	49	67	190	133	71	50	221	151	32	96	99	53	175	16	18	157	33	70	217	231	59	65	160	0	165	35	
156	8	158	249	178	226	49	67	188	141	87	179	173	135	33	72	102	57	175	144	18	157	2	234	201	231	58	193	162	1	37	163	
88	9	183	124	13	108	197	7	238	7	174	0	187	183	53	126	160	247	104	8	73	41	179	1	209	255	82	16	192	120	101	42	
41	91	109	69	100	27	237	182	68	232	118	230	145	40	151	35	78	100	22	237	197	184	101	140	110	75	231	128	111	184	88	253	
7	180	240	131	54	179	186	25	31	113	31	243	205	94	250	236	127	25	151	181	147	148	109	214	14	20	187	230	150	207	153	245	
107	50	119	121	109	221	248	81	235	120	245	105	190	221	86	48	174	189	255	149	142	242	230	213	87	249	35	235	103	133	71	215	
43	203	64	222	95	153	106	248	159	0	85	78	104	195	181	148	58	168	147	239	195	18	14	253	54	88	129	170	63	143	88	44	
123	184	106	88	43	221	208	90	171	95	180	63	42	221	86	62	173	177	213	145	142	111	178	209	91	89	88	187	119	12	86	127	
90	179	186	168	187	244	152	207	171	77	156	167	44	254	110	194	231	27	189	145	22	11	146	193	219	245	158	255	146	70	173	95	
26	133	96	225	183	50	124	55	21	1	126	146	25	43	144	96	110	159	21	188	248	152	37	198	239	239	190	193	167	204	244	168	
60	153	61	233	184	79	91	184	6	121	177	32	215	87	72	112	92	221	76	242	91	10	73	53	237	129	43	124	120	131	134	178	
90	128	150	188	29	94	120	74	191	133	210	3	204	254	38	214	242	245	255	129	12	221	147	201	157	246	219	71	38	44	61	6	
147	207	106	4	82	151	239	244	53	64	94	199	89	203	182	4	126	232	23	239	229	147	20	223	114	14	171	132	111	182	120	221	
91	49	232	229	114	82	121	24	41	224	119	160	221	31	151	116	54	157	181	236	129	144	181	200	199	249	170	132	38	166	7	241	
2	152	27	185	109	165	184	214	158	25	80	112	188	222	96	105	231	59	179	17	3	92	18	241	5	16	58	234	152	9	33	187	
186	159	98	237	244	178	78	119	85	8	124	102	59	171	180	64	124	170	23	168	250	186	32	191	34	237	162	128	63	202	240	153	
166	106	118	26	127	213	186	64	223	92	113	11	40	200	55	140	238	169	131	215	166	39	46	253	23	26	154	171	213	15	127	207	
242	77	66	142	76	130	206	228	133	0	250	2	106	202	53	64	106	225	31	227	72	163	0	236	176	168	142	136	117	122	240	8	
47	253	34	2	245	189	170	246	79	105	92	78	40	136	182	164	188	42	18	223	151	58	60	255	62	92	138	234	95	143	251	221	
59	203	98	77	86	147	238	245	85	64	254	230	33	0	182	228	124	168	22	238	205	186	101	191	54	44	160	128	127	190	120	188	
2	203	14	153	82	129	189	231	190	21	72	179	164	135	32	64	231	59	163	128	66	152	2	117	36	36	158	139	16	16	165	170	
2	157	50	159	125	197	190	227	140	24	89	35	172	254	36	3	239	59	147	131	114	26	10	247	45	20	202	235	20	78	181	219	
1	217	99	94	117	201	231	246	205	64	116	66	48	148	181	36	104	104	18	74	193	185	54	253	37	56	0	2	95	152	117	252	
140	210	63	241	100	207	177	80	174	124	55	119	149	215	232	107	102	52	79	114	224	245	56	84	87	129	99	228	18	169	5	243	
16	223	3	253	20	198	228	119	228	8	122	102	33	139	52	192	232	171	6	192	73	184	16	239	38	236	186	128	57	144	240	154	
27	221	58	186	119	149	191	244	157	76	220	103	44	158	162	100	238	123	151	195	195	139	58	253	115	69	62	202	31	31	169	251	
162	134	88	136	239	201	148	239	143	55	185	187	12	190	110	0	255	19	139	33	114	39	10	211	177	16	15	255	149	76	141	203	
162	201	102	136	92	131	174	228	196	0	240	10	32	200	53	1	72	224	19	227	192	39	2	253	48	8	142	184	85	27	240	136	
2	219	32	155	251	193	190	231	158	85	88	167	172	254	114	128	207	123	147	197	214	8	74	245	44	20	158	235	20	6	165	219	
90	169	59	224	17	196	91	101	169	5	204	8	191	159	96	112	224	187	157	209	90	11	176	165	249	253	10	75	2	2	167	42	
61	147	236	228	244	59	218	248	82	232	152	239	83	125	191	32	125	196	55	245	140	99	108	156	122	207	229	189	253	171	88	211	
40	121	59	225	52	205	115	118	44	172	58	8	183	159	65	48	128	57	87	80	65	185	48	44	225	137	32	48	64	8	71	187	
74	233	172	179	173	208	189	167	143	85	22	147	173	174	82	199	227	71	251	213	86	72	239	225	239	115	222	197	134	140	189	222	
86	32	214	164	79	2	104	72	171	160	243	2	205	202	69	90	250	229	127	241	8	243	195	200	157	240	143	7	165	43	122	130	
30	56	178	154	89	212	187	64	253	204	84	7	44	222	103	200	236	121	131	210	135	159	50	232	155	113	138	139	154	37	45	215	
26	66	115	145	114	218	184	64	61	45	115	243	12	14	164	221	110	189	135	1	134	152	37	197	20	112	58	195	103	133	39	229	
2	205	88	155	244	201	190	197	142	17	89	147	188	206	60	64	195	75	19	87	82	40	10	247	44	28	30	232	148	27	145	209	
202	157	63	220	83	196	177	103	184	73	102	50	60	183	32	117	224	187	179	128	51	157	50	255	89	178	26	202	17	0	165	187	
43	199	96	201	245	151	206	255	69	96	92	198	129	104	182	164	92	42	22	108	221	186	100	159	46	93	132	228	127	142	216	196	
42	189	43	74	245	213	243	119	87	77	124	103	40	156	246	36	220	58	151	84	159	186	48	253	107	93	160	235	219	14	244	223	
18	157	50	184	187	193	16	103	143	13	216	51	172	158	38	196	227	187	143	129	86	11	2	215	185	244	26	203	16	12	173	199	
62	217	98	158	86	211	142	224	149	68	223	163	97	206	190	196	122	250	151	195	124	131	46	191	50	101	138	201	55	142	60	222	
138	156	186	155	87	245	184	199	31	15	84	19	172	158	38	72	229	59	179	145	54	156	18	255	79	119	26	75	146	12	45	207	
25	158	35	185	50	163	185	119	28	65	94	247	189	38	178	64	119	43	19	157	179	152	37	223	236	103	186	192	188	4	161	249	
2	137	144	153	183	128	172	167	60	1	82	18	172	42	32	68	239	11	19	129	82	152	1	231	44	54	158	194	20	84	161	141	
55	5	70	8	93	247	194	105	69	236	253	15	98	200	182	196	120	162	130	172	141	179	60	157	50	12	129	153	127	78	120	214	
63	181	97	164	188	7	206	249	65	234	184	239	83	124	252	130	221	198	21	167	253	43	125	142	186	205	165	188	125	238	240	211	
54	141	96	128	213	219	198	233	87	101	189	139	66	72	62	132	89	138	151	247	222	59	77	159	58	29	133	247	119	14	220	70	
41	203	83	239	100	139	111	244	69	72	124	70	251	65	176	244	90	40	22	78	193	184	45	255	102	253	34	128	126	154	112	169	
31	6	71	175	18	178	106	112	37	192	219	231	121	111	177	192	126	165	31	188	173	149	5	206	178	239	170	192	191	166	41	81	
59	48	66	72	87	153	242	65	105	64	245	175	40	200	191	181	122	169	150	166	133	179	20	221	18	89	0	171	127	175	122	132	
23	222	47	157	15	246	179	242	204	94	222	231	240	252	183	101	108	97	190	199	133	177	63	253	20	34	235	131	93	125	53	127	
162	88	102	154	125	201	178	198	159	85	80	171	172	220	55	141	234	59	147	209	38	47	18	253	21	18	154	171	85	29	63	222	
125	73	95	238	28	6	79	184	196	128	250	66	115	65	49	112	120	228	46	106	73	163	81	44	241	169	160	16	53	187	112	40	
11	154	180	157	173	180	184	186	159	222	20	7	236	254	103	207	213	115	187	149	134	72	58	221	143	83	223	130	146	108	57	95	
25	218	59	106	48	141	87	244	236	72	124	68	191	211	168	112	246	57	14	110	203	152	56	61	241	221	34	232	120	130	161	43	
36	40	213	145	108	43	232	74	222	179	176	90	181	138	81	10	235	237	126	25	2	247	199	192	156	18	219	48	133	105	83	128	
58	249	107	232	87	195	215	101	129	100	252	171	59	221	54	16	234	185	147	227	74	186	112	189	123	193	137	123	117	14	118	250	
40	157	26	252	117	252	112	115	53	13	126	17	63	191	32	209	201	59	135	0	122	186	16	159	99	255	48	75	82	8	236	155	
19	7	111	205	22	35	235	121	77	64	223	198	113	110	179	100	126	161	31	173	153	147	37	222	240	44	170	192	189	170	113	116	
67	202	149	189	74	128	60	55	169	75	74	231	172	230	128	198	38	119	255	133	85	76	134	227	180	38	222	138	60	116	129	93	
218	95	106	252	242	162	189	119	56	7	94	183	45	175	166	81	102	251	135	129	224	159	36	239	114	39	250	131	37	212	167	251	
3	38	234	67	118	52	169	83	122	75	125	214	152	168	222	44	63	31	19	157	147	190	164	194	6	60	186	224	205	194	227	245	
173	195	110	219	244	146	233	117	84	193	87	246	81	233	182	101	126	40	19	157	177	250	38	196	110	41	174	192	191	136	240	241	
43	7	251	233	244	187	249	87	13	73	124	230	153	13	180	36	238	27	151	157	147	184	36	196	70	221	186	192	255	204	211	253	
26	158	74	133	82	50	56	119	53	237	94	231	41	47	178	196	118	175	151	165	189	154	5	207	30	103	186	131	47	196	56	93	
110	217	85	202	121	217	70	236	175	121	188	104	40	215	228	182	72	210	238	218	91	11	74	245	63	220	5	127	90	147	14	60	
10	219	35	154	242	149	190	247	159	73	92	231	172	190	182	192	231	123	151	197	215	153	34	247	46	117	190	194	22	20	181	223	
57	79	106	76	84	146	239	116	116	200	254	194	57	13	183	32	126	168	23	238	201	178	36	206	114	45	162	128	103	186	114	232	
11	159	114	185	182	146	236	55	61	73	94	246	189	46	182	224	110	43	23	141	211	152	101	223	166	127	186	192	63	196	169	201	
58	89	115	236	111	212	222	212	141	72	222	35	44	158	53	96	238	249	151	195	200	11	48	232	179	121	138	139	23	159	52	127	
45	169	67	75	244	155	227	212	123	1	124	192	187	192	188	180	90	138	6	88	147	184	108	255	44	156	34	96	255	139	194	164	
50	0	99	225	69	13	248	80	69	32	242	3	11	25	52	74	232	148	95	137	136	179	81	192	23	248	130	18	103	136	112	130	
3	181	59	216	246	244	185	123	254	73	95	86	188	254	190	100	183	27	19	29	147	137	50	215	125	60	42	206	156	64	161	245	
74	219	22	188	162	128	28	183	157	12	210	231	172	143	34	64	198	59	191	193	86	137	2	245	242	119	254	139	30	20	173	91	
98	182	118	30	109	176	146	104	201	13	249	127	200	248	190	131	218	49	247	35	148	99	206	229	22	56	202	219	79	111	220	135	
117	73	103	68	20	2	111	240	225	128	250	66	83	67	181	114	122	228	92	238	201	163	37	108	112	168	161	128	109	179	114	32	
131	146	10	25	80	182	168	83	116	73	86	214	0	138	182	108	124	45	22	157	183	157	20	207	4	62	186	192	137	4	57	157	
58	115	34	168	85	147	154	64	22	4	193	167	41	200	55	128	252	41	131	231	204	179	28	159	208	69	139	171	127	47	63	214	
2	188	146	153	211	245	176	231	31	23	72	19	172	190	102	204	217	59	179	145	54	220	82	247	47	86	158	99	146	68	173	142	
58	20	114	97	244	191	121	82	13	73	126	182	27	13	182	24	255	155	151	144	155	186	97	198	30	221	48	194	247	204	116	241	
94	106	247	70	99	114	59	192	161	238	183	170	77	255	167	190	54	245	253	226	32	215	172	234	82	103	97	135	231	247	39	119	
10	153	170	186	247	192	185	199	142	85	92	163	172	223	118	64	231	59	147	145	18	26	18	245	77	117	154	235	148	4	181	251	
119	109	78	134	206	1	190	196	136	212	153	142	0	200	247	11	110	225	19	239	196	35	174	232	48	8	207	188	69	123	179	196	
105	132	185	108	45	108	65	47	98	75	238	8	183	53	64	112	201	148	108	8	9	42	243	19	193	255	112	56	80	104	68	42	
3	158	179	153	246	183	187	87	94	73	88	118	188	158	180	236	247	59	18	157	151	156	52	215	12	30	26	194	156	76	169	253	
3	149	123	205	118	212	235	55	124	77	94	18	61	182	182	100	118	59	55	141	211	153	52	207	101	47	186	192	36	128	229	237	
120	159	245	109	190	122	69	191	109	14	122	96	183	60	128	242	243	86	108	32	208	169	225	15	165	230	100	19	116	120	196	41	
47	188	241	65	247	248	163	218	91	235	125	250	24	245	205	188	31	90	151	24	147	50	232	194	15	28	51	238	199	199	71	245	
210	48	59	184	11	225	49	73	175	20	160	185	12	223	97	91	230	49	203	160	34	7	162	209	209	145	11	59	16	4	39	99	
2	137	28	249	157	205	176	39	158	17	72	18	188	187	96	64	195	59	27	17	18	8	83	245	237	150	30	123	144	8	133	10	
223	95	106	52	147	114	127	246	177	206	222	167	105	103	179	228	118	246	132	238	236	155	36	174	114	231	102	129	39	247	172	125	
54	189	98	128	215	243	210	234	95	229	248	171	66	252	119	132	249	170	151	49	30	187	44	158	58	28	133	247	247	78	92	222	
34	205	70	140	204	131	142	229	132	0	248	10	96	200	49	1	72	226	23	227	72	43	2	189	48	0	142	152	85	122	240	136	
1	157	59	221	52	212	249	55	124	77	94	18	184	151	182	100	114	59	23	137	243	184	48	207	103	189	178	192	20	128	229	233	
83	5	111	173	86	50	105	115	37	64	219	198	89	38	182	101	126	133	55	173	189	145	37	204	180	232	234	192	45	134	49	116	
147	1	107	69	6	18	109	113	113	194	215	194	83	38	182	113	126	173	61	239	253	151	165	74	208	171	234	128	45	160	243	100	
42	217	54	186	79	213	184	196	142	29	80	35	172	222	39	136	238	59	147	193	70	43	82	245	21	80	154	171	21	29	61	219	
27	223	51	154	118	213	191	244	133	76	220	231	124	223	175	100	254	251	151	195	195	139	58	253	114	69	174	138	31	30	161	251	
182	112	34	202	75	213	146	232	137	252	145	175	108	220	111	3	252	241	211	227	204	7	186	241	19	0	203	187	21	63	54	215	
61	17	237	228	118	11	74	184	66	232	250	239	83	109	177	32	126	205	53	245	141	242	77	28	250	239	165	244	253	170	80	17	
15	90	198	187	50	128	59	210	62	68	86	231	173	198	163	204	118	43	183	213	167	156	7	253	68	103	186	192	190	149	45	217	
203	11	227	159	98	128	47	150	62	67	86	230	189	230	179	108	102	111	63	207	129	216	166	235	68	62	254	128	46	245	49	125	
167	50	227	159	102	36	169	88	88	75	81	246	200	204	253	45	126	13	55	167	165	246	174	194	20	56	250	142	77	45	115	245	
130	152	186	187	87	245	178	199	31	5	68	19	172	222	34	64	237	59	147	145	54	156	18	255	79	119	154	107	144	12	45	222	
35	31	34	10	125	247	146	105	213	204	253	239	98	252	183	160	216	170	146	37	157	163	110	159	50	28	129	187	221	110	120	215	
166	26	162	158	95	241	146	66	151	76	212	183	40	222	39	204	204	249	147	211	174	143	42	251	19	54	154	139	151	13	52	223	
67	41	182	156	13	182	184	15	159	189	2	3	172	190	103	207	229	127	187	149	150	73	147	217	143	122	223	11	146	36	57	78	
158	120	182	154	19	212	186	64	157	204	213	55	44	222	39	237	236	121	159	211	175	207	50	232	211	81	138	203	154	37	45	215	
30	16	190	169	3	127	121	90	63	127	95	23	221	159	106	72	183	29	183	49	18	144	59	208	199	231	90	199	178	71	45	83	
186	159	98	253	180	178	238	247	21	3	94	246	57	111	180	97	127	42	23	169	249	184	37	255	46	239	190	192	63	204	240	157	
58	249	43	186	87	193	155	100	140	68	220	171	61	223	34	0	254	185	147	195	74	171	50	189	243	197	138	187	117	10	55	250	
125	73	86	236	77	22	71	248	193	128	244	74	123	193	177	247	88	228	164	106	73	163	198	172	242	233	224	8	123	191	122	40	
47	104	66	74	125	145	218	64	201	64	245	175	40	200	183	180	218	169	214	230	207	35	204	221	50	89	130	171	95	142	122	148	
121	73	87	236	28	14	71	124	68	0	254	66	115	65	49	240	88	228	14	106	73	163	81	13	241	169	164	16	115	186	112	40	
242	77	98	206	214	162	206	231	145	130	218	2	104	234	53	64	126	231	31	227	232	171	0	238	50	46	142	128	53	250	240	8	
114	33	210	165	21	10	98	73	105	160	251	3	75	11	37	214	248	197	79	224	12	179	193	204	179	244	130	23	37	42	126	6	
21	74	115	229	38	210	58	80	229	192	83	226	109	198	161	108	102	125	54	234	133	149	36	232	150	232	170	131	39	179	37	197	
88	159	240	109	178	10	55	55	109	172	126	230	47	39	132	84	54	183	172	0	208	184	229	77	244	228	38	144	103	194	199	57	
11	151	105	139	246	179	187	95	94	65	93	230	189	76	190	36	127	27	151	157	151	184	109	215	110	93	186	224	159	206	145	253	
36	32	215	145	108	169	232	66	238	179	178	90	149	136	81	11	234	173	106	153	18	247	195	192	156	16	219	40	132	73	83	128	
2	223	32	155	123	161	154	230	158	68	88	167	172	254	50	192	207	123	147	199	198	10	78	255	44	20	143	235	20	14	5	219	
3	223	51	154	178	149	191	244	157	73	92	230	124	222	170	96	238	123	23	207	195	139	58	253	58	92	190	202	30	158	161	253	
19	157	23	155	210	198	185	119	45	65	72	230	60	150	38	100	230	59	19	133	215	152	48	253	5	54	26	194	28	4	165	253	
6	205	32	155	150	137	175	229	14	17	89	2	188	88	56	64	107	75	19	211	82	56	10	247	45	4	158	96	149	27	145	138	
151	95	66	190	178	146	190	245	169	200	218	231	109	238	187	193	118	235	149	231	229	129	4	238	178	112	174	131	45	247	187	213	
2	156	18	158	127	165	186	225	142	27	89	178	172	254	48	64	239	123	147	131	50	24	26	255	45	22	138	235	20	15	165	147	
201	91	43	149	100	156	239	54	232	206	86	71	60	141	179	101	38	110	23	77	229	157	180	232	102	41	190	128	14	148	81	249	
49	213	97	164	60	71	206	127	65	232	184	239	83	60	144	160	222	197	21	229	253	187	81	143	184	207	173	180	109	170	208	121	
162	38	96	139	245	185	234	71	95	135	88	215	40	136	246	132	255	42	147	149	182	190	68	223	46	84	158	235	223	204	216	220	
114	96	210	164	77	10	232	72	41	160	227	2	13	138	69	222	250	237	111	241	8	215	193	200	149	240	138	7	37	43	115	130	
34	134	82	152	91	193	178	238	142	55	145	187	12	190	104	66	239	49	139	35	54	15	8	211	28	22	91	127	149	8	5	138	
158	36	98	145	71	115	184	66	63	247	87	147	13	142	255	141	63	157	147	181	36	213	36	208	150	67	219	231	167	197	61	212	
74	169	172	179	173	208	252	167	175	117	134	1	173	175	82	198	193	87	249	145	86	72	227	225	207	209	222	91	6	12	157	74	
35	112	170	137	95	247	169	74	15	237	220	143	0	206	119	204	253	169	179	149	143	146	126	210	28	20	155	175	157	78	60	220	
246	90	250	154	127	153	210	200	219	52	145	175	78	204	63	8	190	213	239	115	166	103	12	253	50	54	9	247	245	159	93	71	
43	175	226	147	245	181	254	199	95	79	92	247	168	168	254	140	223	43	151	157	182	250	4	247	46	94	158	235	215	220	251	205	
47	182	233	155	246	185	187	89	94	65	125	246	152	204	222	172	95	11	147	29	151	52	110	243	14	29	186	236	221	206	209	245	
89	159	77	173	178	42	107	55	44	65	94	231	189	39	146	96	54	7	29	173	177	152	37	79	236	175	170	192	45	192	161	121	
74	42	142	185	99	161	57	71	46	31	94	183	140	135	66	72	231	27	175	149	18	156	195	209	196	113	186	195	148	68	173	219	
2	104	114	248	108	137	248	66	239	0	240	106	174	153	85	24	238	185	95	65	194	47	194	240	150	216	10	186	69	137	83	129	
59	111	64	72	215	27	70	125	67	164	252	174	11	0	215	180	88	140	134	252	204	58	229	158	58	205	133	61	119	190	218	140	
34	104	84	185	108	139	232	66	223	176	241	74	172	202	84	8	234	169	107	17	2	246	194	213	20	156	155	48	85	8	83	128	
166	0	226	156	76	32	236	64	209	130	211	18	72	202	53	75	120	173	51	227	160	247	134	192	18	40	202	136	21	45	113	128	
66	27	144	181	170	184	52	23	175	141	154	229	174	170	194	214	134	55	237	1	148	137	195	192	132	244	122	147	140	68	141	31	
117	87	127	238	70	38	159	112	132	200	219	102	85	127	41	96	126	245	31	239	137	131	8	76	113	175	235	144	61	123	33	51	
153	214	103	217	86	146	233	246	85	83	86	246	81	205	188	101	127	40	55	253	235	252	37	142	110	107	254	196	63	140	240	233	
130	144	162	153	83	225	184	71	30	71	80	179	140	158	102	72	255	59	147	145	50	156	82	211	13	22	154	203	149	12	165	210	
223	27	235	157	70	210	171	80	92	228	87	231	217	172	179	232	114	109	170	207	149	184	181	238	84	39	170	193	173	173	61	212	
62	217	98	154	95	209	155	232	151	68	205	131	96	222	46	196	126	251	147	243	94	131	62	189	123	69	143	219	55	15	188	222	
223	84	86	213	3	50	60	112	177	182	151	178	77	119	171	239	39	245	253	170	100	213	45	202	146	227	203	135	39	247	41	37	
9	183	115	67	246	155	250	117	109	9	125	224	155	184	188	164	62	58	150	24	151	184	44	254	46	220	36	194	239	138	203	165	
122	177	98	130	151	209	150	197	11	101	152	171	47	156	126	132	250	155	145	209	94	43	180	247	187	84	142	251	183	14	191	94	
166	0	194	158	68	162	168	64	148	130	209	18	64	202	49	73	120	40	51	131	32	247	130	194	16	34	202	136	21	105	112	128	
121	211	82	76	125	95	71	253	197	76	252	110	107	65	178	244	88	228	142	106	201	35	97	157	114	253	164	153	123	190	252	109	
186	135	102	137	215	211	168	107	21	69	223	183	65	12	182	65	120	139	131	165	254	187	37	223	58	103	138	197	63	140	252	214	
3	153	63	139	211	212	187	247	172	73	94	6	60	182	38	100	230	51	19	205	211	152	54	245	45	44	138	194	24	6	165	253	
39	22	98	8	125	243	146	72	223	205	253	175	98	220	191	160	220	168	130	53	183	163	100	158	18	28	1	11	223	239	124	215	
23	163	226	129	151	55	184	79	47	39	95	151	141	46	126	204	63	11	155	157	150	152	37	210	30	78	154	197	183	196	185	196	
219	139	105	205	166	18	237	55	60	67	214	246	189	46	150	100	102	151	61	141	209	156	37	199	198	111	250	192	39	132	161	125	
3	211	2	158	94	149	172	236	140	76	80	231	172	200	190	192	238	41	147	197	199	31	6	253	52	32	186	136	29	30	57	221	
25	6	91	197	86	42	107	51	100	65	126	70	83	35	176	112	122	140	6	168	217	184	101	12	100	175	162	0	109	202	248	160	
58	79	104	40	95	195	219	230	69	68	252	171	43	13	55	16	238	171	135	231	204	170	100	189	115	77	160	171	117	28	118	219	
11	155	3	187	177	180	168	151	191	73	66	245	172	202	178	200	231	43	187	149	183	152	6	247	172	118	154	194	156	4	185	221	
34	209	48	234	111	197	188	237	143	29	152	43	172	220	110	0	238	19	211	193	70	43	82	245	53	24	142	251	85	30	173	139	
46	236	226	218	127	241	178	67	151	165	73	139	40	220	119	164	217	59	147	21	6	186	10	191	15	94	157	107	215	78	92	206	
89	97	239	196	6	18	109	119	96	194	214	210	25	15	146	114	126	132	95	173	201	157	165	202	242	45	186	128	45	176	243	104	
11	253	104	235	246	146	255	181	69	65	124	162	57	63	150	36	54	219	149	255	214	184	44	253	110	221	174	192	103	215	208	249	
159	90	98	155	50	178	59	82	53	196	86	167	109	198	179	204	118	41	183	156	167	156	37	255	198	103	186	129	191	133	57	253	
9	157	63	221	116	198	249	119	124	77	126	2	56	31	182	97	224	58	23	136	147	184	48	237	103	191	178	192	18	128	229	235	
185	3	107	237	6	18	237	119	101	2	246	242	25	9	180	64	122	132	63	168	217	189	37	207	86	239	242	128	55	168	240	168	
31	28	227	203	54	179	235	80	85	203	95	230	249	212	191	228	126	40	150	191	175	180	45	222	134	79	170	128	191	143	57	245	
29	19	61	111	52	143	75	56	68	232	119	76	247	93	185	97	30	160	28	111	201	176	125	29	193	233	33	144	124	171	80	113	
66	41	182	156	77	149	176	71	159	149	66	3	172	186	102	207	224	47	187	17	22	73	147	209	31	50	90	107	144	12	41	14	
25	7	71	173	23	178	106	113	36	192	219	230	89	98	176	228	118	173	30	173	141	145	5	142	160	230	170	128	62	166	56	21	
57	135	83	205	21	6	71	125	69	8	255	66	115	113	188	228	88	170	22	234	217	186	101	159	176	173	160	144	63	170	240	41	
114	141	230	204	212	130	238	230	129	130	218	130	104	238	52	66	120	231	31	225	232	171	0	239	58	46	142	136	21	126	240	8	
6	202	146	158	90	129	186	224	142	53	144	187	12	234	96	74	239	113	139	195	34	31	10	247	28	6	139	239	21	9	37	130	
11	223	115	218	126	149	158	245	159	72	220	230	125	207	188	100	254	123	23	207	195	11	46	255	114	93	174	138	31	158	161	249	
246	75	202	178	222	139	190	192	155	52	145	239	76	204	55	10	174	241	199	211	38	39	8	245	48	6	143	255	213	59	21	131	
26	206	66	63	19	146	14	166	53	5	78	167	41	167	162	212	113	234	161	204	110	152	37	191	162	103	154	131	55	148	172	76	
32	205	70	142	220	129	142	230	132	0	248	10	96	232	52	65	104	226	23	227	72	43	2	253	48	8	206	8	85	122	240	136	
60	99	98	205	94	131	235	120	70	168	252	230	113	193	177	100	126	172	23	238	202	51	205	156	116	172	161	188	63	170	112	161	
74	169	32	240	189	216	88	167	171	53	140	1	175	159	66	70	192	51	249	1	94	9	226	245	207	209	154	123	2	4	221	74	
10	152	50	217	85	197	185	198	159	13	68	19	172	158	38	72	225	59	179	145	34	156	18	247	71	55	26	75	146	12	37	202	
87	31	243	236	54	2	107	115	20	200	91	230	113	239	181	96	118	253	23	191	145	145	5	78	56	46	175	128	173	226	48	49	
163	60	163	152	125	245	186	67	159	230	209	191	40	206	102	140	221	41	147	151	167	87	242	243	21	20	155	171	29	109	53	214	
42	163	238	139	223	209	188	205	143	21	92	131	8	172	126	130	232	27	179	213	22	184	70	241	46	85	158	227	215	14	254	222	
138	200	22	250	61	193	48	166	158	25	192	18	172	147	32	193	195	59	171	64	98	13	18	247	237	243	26	91	16	8	165	11	
147	95	99	132	98	22	172	119	124	202	210	230	57	14	181	229	110	237	23	237	229	159	53	206	52	42	239	128	45	180	49	253	
31	88	122	246	7	242	179	64	249	192	95	35	126	221	183	232	54	253	149	195	133	179	52	236	83	239	8	131	111	119	125	87	
203	90	191	252	42	20	157	54	169	90	214	245	188	191	183	111	198	117	253	199	229	205	178	233	243	123	254	154	14	244	33	127	
166	0	226	156	68	2	172	65	80	130	209	18	72	200	125	75	120	173	51	163	160	247	130	194	20	40	202	140	5	40	112	128	
130	48	160	155	79	225	184	75	31	83	81	179	172	158	100	73	239	155	179	145	18	222	83	209	29	16	218	235	149	12	53	210	
58	207	97	1	246	139	166	245	68	96	88	239	41	12	180	132	62	168	135	103	211	58	12	253	60	4	173	228	127	158	211	221	
113	221	9	164	60	79	79	54	64	232	154	74	183	52	144	50	222	228	92	237	201	59	113	15	177	205	173	180	45	186	80	57	
71	35	196	209	226	56	60	23	59	243	19	247	141	46	222	207	39	87	191	149	182	88	135	192	14	26	222	198	175	244	137	21	
202	222	175	156	59	244	157	87	171	95	220	245	172	190	166	215	198	115	157	133	231	75	178	225	243	113	250	155	26	84	175	127	
175	226	233	177	70	41	171	216	30	115	80	255	29	204	223	40	127	73	19	247	167	118	239	242	92	13	235	228	221	61	27	209	
2	173	48	147	215	193	175	230	94	49	24	2	172	248	116	0	235	107	19	211	82	56	30	247	45	12	143	99	21	15	145	138	
186	159	98	223	180	130	206	247	85	75	94	182	105	111	182	193	127	171	151	161	249	184	37	255	42	111	190	192	63	140	240	217	
203	202	111	253	36	132	237	183	237	82	86	214	185	15	148	99	102	229	61	207	225	236	167	237	230	251	254	128	47	176	241	57	
134	216	16	154	127	133	186	224	158	25	80	130	172	222	48	64	239	121	147	211	34	10	10	255	13	22	155	234	21	13	49	155	
114	5	86	165	85	42	226	97	45	160	251	11	79	10	4	214	248	133	78	225	124	179	209	204	181	244	138	23	33	42	254	6	
10	249	54	144	207	221	180	199	207	121	52	11	44	156	102	132	168	59	211	65	86	43	18	241	59	81	30	123	82	12	173	223	
139	155	2	187	177	156	56	151	191	81	66	213	173	142	50	192	230	43	155	149	151	152	22	247	174	117	154	193	156	132	185	28	
26	220	98	29	19	210	88	230	23	69	70	183	40	174	38	196	113	171	161	132	110	152	55	255	171	119	158	67	55	148	188	94	
138	248	176	152	109	209	177	198	159	29	84	49	172	159	102	73	201	59	147	17	2	94	82	241	71	17	26	107	18	12	173	203	
49	151	107	201	246	22	239	119	36	73	126	230	17	39	180	96	126	142	22	236	209	154	37	79	124	173	162	192	45	138	240	249	
38	22	38	136	253	242	144	67	140	205	219	167	192	204	63	204	221	57	155	53	148	179	54	220	0	54	138	195	149	79	60	215	
11	203	34	156	110	145	173	236	142	84	80	199	172	206	178	196	238	41	155	197	199	11	38	253	52	33	170	200	29	30	185	221	
11	135	96	201	214	147	238	103	93	69	94	134	169	8	182	228	122	138	18	173	213	184	37	223	38	79	146	64	127	142	249	204	
57	151	83	205	53	251	67	114	85	77	254	102	91	97	180	228	90	170	134	40	153	186	101	159	34	237	160	208	127	143	216	33	
159	72	226	221	54	179	235	88	87	64	212	214	41	204	183	236	126	232	151	207	175	148	109	251	130	127	154	128	63	157	56	245	
19	8	98	223	18	178	122	80	53	68	87	135	105	206	183	124	118	169	191	159	175	149	37	255	18	110	154	128	183	133	52	125	
186	147	106	137	215	211	233	103	21	77	223	183	65	44	54	192	120	138	183	165	220	154	37	223	54	103	186	193	63	140	252	222	
196	104	210	147	204	169	232	70	174	177	177	154	133	128	81	138	106	169	74	217	18	126	198	224	156	144	158	104	132	9	241	128	
39	20	98	24	127	251	146	74	223	65	121	143	234	204	55	32	222	41	147	53	135	166	126	159	6	28	9	27	221	111	93	215	
98	141	198	158	220	128	174	230	128	130	216	2	104	234	52	66	104	231	19	227	96	171	2	239	48	46	206	136	21	122	240	136	
83	88	187	220	75	244	155	66	169	202	222	35	60	255	39	106	228	119	185	131	129	3	178	232	83	127	218	138	143	117	53	123	
6	75	2	152	202	161	174	194	142	20	192	163	45	194	97	202	110	249	139	211	66	3	10	249	52	0	143	45	21	121	45	136	
157	81	234	231	22	82	95	121	1	224	215	162	91	15	251	98	126	221	157	234	201	147	189	136	242	233	174	133	47	186	60	112	
32	141	70	158	204	129	174	230	132	0	216	2	96	232	48	65	72	226	19	227	64	171	10	173	48	32	206	8	85	122	240	136	
58	73	99	246	85	222	111	86	201	132	126	2	58	157	53	228	232	234	19	72	72	184	48	236	99	253	148	1	99	159	116	232	
54	165	112	224	221	239	218	73	11	165	185	11	74	28	94	16	254	155	215	177	30	51	88	214	59	92	143	119	213	15	222	130	
10	218	18	254	59	193	50	166	143	29	92	34	172	211	32	196	195	123	175	66	66	13	10	247	129	247	58	155	18	25	45	11	
154	221	50	152	207	213	180	231	143	93	188	59	44	156	102	132	169	59	211	1	86	43	18	245	123	81	30	107	83	12	173	207	
146	223	19	156	50	192	55	103	173	12	250	229	44	150	34	80	230	187	142	65	99	143	2	239	176	176	10	138	24	0	167	27	
17	23	203	197	214	38	239	151	100	73	122	70	17	32	144	96	123	142	22	188	153	184	37	110	36	44	174	192	173	219	241	181	
195	72	191	252	13	132	237	182	233	90	86	86	188	171	53	107	228	97	59	141	225	108	178	227	199	251	222	8	24	112	97	56	
82	155	59	232	186	197	155	85	142	13	217	34	156	223	96	64	246	59	31	81	82	9	50	81	249	132	46	202	148	2	165	51	
57	238	67	204	86	147	202	104	86	128	216	202	33	192	181	164	122	168	2	232	75	187	36	223	48	12	131	40	55	170	114	172	
104	173	56	224	61	249	81	39	171	61	140	9	175	159	66	80	193	155	221	16	26	9	240	149	251	213	154	123	2	4	214	106	
57	151	114	77	181	243	71	127	69	12	255	102	107	105	190	228	88	170	134	42	249	186	101	159	114	253	160	81	127	206	248	45	
45	60	233	65	246	255	235	218	86	237	92	166	153	28	215	172	63	8	146	189	151	176	125	146	79	13	165	228	239	207	84	245	
2	237	32	131	213	229	186	230	94	57	24	2	172	184	116	128	249	75	147	209	54	56	25	255	45	22	159	103	145	12	189	138	
62	1	106	174	5	86	206	96	197	196	223	3	75	237	59	228	120	228	151	239	200	179	60	136	243	233	194	17	119	191	124	224	
2	141	2	156	148	130	174	103	20	0	90	2	40	170	32	64	120	42	19	144	80	152	0	255	44	38	158	192	148	8	177	136	
130	250	184	216	77	221	176	198	222	127	20	63	172	156	102	168	137	59	179	17	226	111	178	243	79	21	158	107	81	12	221	223	
134	48	176	153	79	101	184	73	31	57	209	50	140	158	108	9	239	25	179	147	146	86	219	209	21	24	218	238	149	13	33	147	
3	186	139	185	228	229	184	215	62	91	80	119	180	158	112	105	229	11	23	149	151	92	2	241	141	19	190	228	148	64	181	219	
159	226	227	169	22	51	235	218	23	99	212	246	93	205	251	172	127	200	31	255	139	149	45	210	154	71	187	228	191	189	56	244	
166	0	226	152	68	34	168	73	84	131	81	18	72	200	121	72	121	44	19	161	128	183	128	194	20	38	154	140	149	104	112	128	
10	219	20	186	59	209	31	246	159	92	92	231	172	215	162	196	199	59	191	66	71	13	10	247	170	215	58	235	30	28	45	95	
239	91	230	172	238	0	172	117	136	200	80	231	57	140	247	203	110	237	151	231	197	50	198	200	52	57	239	136	13	252	123	221	
11	89	107	133	70	150	173	119	116	226	94	198	185	46	151	228	110	175	19	141	197	154	117	202	52	109	190	128	45	148	57	252	
30	17	122	224	22	210	186	65	225	192	222	163	93	221	183	32	62	181	149	241	12	163	36	204	242	229	171	131	231	183	47	83	
34	171	170	137	223	209	186	229	142	77	152	135	8	204	126	0	232	59	147	213	214	41	134	209	127	69	142	239	93	14	253	222	
29	31	75	231	86	166	107	112	36	200	91	230	81	119	176	240	118	253	21	239	129	144	45	14	120	45	171	192	45	163	112	49	
22	243	170	160	244	82	232	197	7	237	154	167	8	142	254	128	248	141	151	245	222	155	164	192	58	69	174	231	133	14	189	214	
186	147	106	137	21	211	233	119	21	77	214	247	1	44	190	64	124	138	183	133	188	155	37	215	114	103	186	197	63	12	252	214	
139	137	10	185	145	149	56	135	190	81	66	149	173	138	114	64	229	43	155	149	246	156	18	247	238	81	158	201	152	4	185	222	
23	72	230	220	18	146	250	216	55	64	214	135	105	206	183	120	118	249	191	215	174	149	39	255	18	110	154	128	183	149	48	93	
25	223	107	199	182	22	239	180	100	72	254	230	113	39	184	96	126	206	22	238	217	152	45	61	102	173	166	192	63	154	240	249	
189	65	110	228	20	86	79	120	33	228	151	130	91	79	187	99	120	212	29	238	77	147	189	140	243	233	165	5	39	179	124	112	
47	92	106	193	212	247	235	218	86	233	124	2	25	253	183	32	121	248	19	248	147	176	53	254	111	77	163	196	247	237	116	224	
155	72	226	157	4	151	236	220	87	72	212	134	41	140	183	108	126	232	55	207	207	182	103	249	210	121	154	128	55	189	112	221	
2	148	244	249	244	162	248	19	31	27	122	179	141	63	52	73	231	155	183	149	178	248	1	215	142	254	218	194	150	196	225	89	
10	149	246	253	180	182	248	55	59	89	86	177	173	63	148	105	167	63	181	149	178	216	35	199	14	255	222	194	134	132	225	95	
67	216	187	252	101	196	253	135	235	67	92	6	188	187	52	106	225	107	51	141	67	44	178	227	199	255	222	10	24	80	225	58	
35	4	102	8	223	251	152	75	223	193	121	131	200	204	63	168	222	41	147	53	182	178	116	156	7	30	9	11	213	76	149	198	
38	19	110	136	189	183	184	69	140	197	219	167	196	236	62	200	222	61	187	53	156	147	18	220	185	119	138	207	156	78	189	214	
10	219	16	218	123	241	54	214	143	76	92	103	172	215	162	196	199	59	166	66	70	10	42	247	182	244	58	171	26	95	13	223	
139	219	34	190	110	145	173	244	140	84	92	167	173	206	179	197	110	41	187	207	199	11	38	253	148	97	170	168	30	30	57	221	
170	159	56	186	253	213	148	103	157	79	156	59	172	188	102	133	205	51	223	1	246	47	66	247	251	85	30	251	82	76	173	223	
21	159	201	195	246	102	239	182	100	73	95	102	209	32	146	96	126	206	22	254	155	184	45	108	108	45	166	196	173	219	241	249	
130	248	48	153	111	209	176	206	159	29	84	51	172	158	102	77	203	59	147	1	70	28	66	241	71	16	26	235	18	28	173	207	
57	159	114	205	247	191	83	246	85	76	254	230	75	45	182	228	126	162	134	44	189	184	53	191	122	255	160	195	127	143	220	117	
26	216	34	25	19	212	48	231	183	93	70	181	40	158	38	84	229	187	177	128	238	156	50	247	35	119	154	203	50	20	172	95	
88	157	63	252	153	198	29	55	188	94	206	4	253	119	32	65	225	55	121	160	113	201	51	221	227	227	90	81	26	32	165	122	
139	59	194	165	239	20	172	119	8	202	84	231	173	174	243	135	110	111	183	205	197	218	198	200	52	121	238	168	15	252	187	221	
195	243	99	128	246	16	174	221	41	233	16	239	8	140	254	164	126	141	23	253	215	27	164	192	62	24	175	238	45	134	251	253	
152	191	51	232	242	199	31	247	20	8	88	226	29	151	32	96	246	187	23	241	123	154	48	191	249	197	174	224	52	136	165	185	
10	223	18	158	123	209	30	247	143	76	92	231	172	223	162	196	198	59	159	194	199	11	42	255	38	85	58	171	30	30	141	223	
123	120	187	188	83	244	27	198	171	201	92	35	60	190	103	120	228	255	181	193	135	27	178	232	83	125	154	138	139	119	38	255	
25	151	71	161	18	38	106	50	36	97	74	198	81	39	184	228	118	132	30	236	145	152	21	95	172	175	170	196	175	131	41	120	
57	159	114	73	183	219	214	247	85	77	126	38	75	41	182	228	127	170	134	40	189	186	101	191	58	255	128	67	127	142	252	117	
34	170	42	184	77	225	145	234	138	92	156	43	38	220	119	2	200	35	195	65	6	43	226	177	83	17	26	59	81	13	119	203	
62	75	118	228	86	194	184	65	129	128	246	163	41	219	165	4	126	177	151	241	72	163	4	204	114	96	170	139	39	164	44	131	
41	201	106	223	85	220	245	39	213	9	126	2	179	153	54	100	200	58	18	136	77	184	112	175	103	253	150	1	83	26	252	174	
3	155	187	252	118	164	184	214	143	73	88	230	188	191	180	96	230	59	183	133	131	9	130	243	67	125	186	138	156	84	33	187	
125	209	106	229	150	86	79	248	33	228	222	134	91	119	186	116	126	196	29	238	217	145	53	172	243	237	163	133	39	179	244	112	
89	157	109	229	18	70	111	49	37	64	79	198	243	55	152	117	54	196	28	238	217	144	117	77	229	238	234	128	62	162	32	112	
2	246	56	209	236	237	189	55	222	123	84	125	180	156	102	9	143	27	23	17	211	126	242	209	77	18	126	234	24	72	151	255	
2	141	2	157	20	131	174	103	4	1	90	2	40	170	48	64	104	43	19	129	80	184	0	255	40	36	158	192	21	8	177	136	
131	25	59	248	187	132	186	214	140	73	216	102	188	223	33	96	230	123	159	213	147	11	18	253	241	125	170	138	28	0	33	187	
25	13	99	193	20	246	75	50	101	73	202	66	211	54	176	244	120	164	28	252	137	152	117	14	175	238	162	192	174	131	112	108	
29	159	107	195	180	114	235	240	100	109	95	230	113	37	155	96	126	206	22	254	155	184	45	108	124	45	166	196	175	203	112	249	
23	3	195	140	150	227	174	65	29	197	217	227	65	236	183	196	126	169	151	165	157	179	36	202	176	6	139	129	181	238	181	212	
10	155	80	158	115	209	62	247	159	77	124	231	172	214	167	196	198	59	134	128	71	10	42	255	38	244	42	171	26	30	45	223	
155	150	103	157	21	214	233	51	29	95	214	215	233	12	190	197	105	130	191	165	255	188	117	223	86	99	250	193	63	140	124	220	
64	92	251	252	119	224	177	70	219	65	92	34	188	187	225	96	226	123	151	1	3	40	162	249	229	245	62	139	148	80	37	171	
25	155	125	239	54	22	110	177	101	72	255	230	123	75	184	241	126	160	29	238	201	176	45	157	230	233	162	128	63	166	120	57	
35	129	96	221	44	149	204	95	87	88	220	7	168	204	191	101	88	170	55	141	206	58	102	217	7	88	206	168	55	252	240	252	
6	35	162	25	223	251	184	73	222	141	121	11	204	248	61	172	216	59	151	177	150	160	66	216	37	30	43	139	213	126	157	135	
2	149	244	249	246	166	184	39	31	27	80	50	172	62	52	72	231	51	183	145	178	232	2	215	14	62	90	194	148	204	161	137	
43	210	40	142	126	145	139	104	140	76	213	231	108	206	186	197	126	129	155	231	197	3	110	253	208	37	170	184	29	14	61	221	
30	193	46	168	151	199	184	77	140	213	210	131	213	220	58	192	220	57	159	117	28	139	22	132	233	225	174	207	148	14	189	210	
18	73	230	222	86	146	254	204	63	64	210	131	104	206	53	104	126	249	191	213	202	151	39	249	50	42	154	136	53	149	112	92	
10	250	48	153	111	209	176	206	31	29	84	35	172	158	102	204	207	59	163	81	70	28	66	241	7	16	26	171	22	28	45	143	
59	135	103	200	247	50	234	112	69	64	254	230	72	32	180	229	126	134	158	238	189	187	37	204	62	120	130	198	63	143	120	53	
59	158	114	73	183	222	251	119	85	77	126	166	107	60	182	228	126	162	150	172	189	188	53	255	58	127	130	195	255	142	252	253	
41	124	234	201	244	247	233	94	86	201	124	2	49	25	183	104	89	56	19	153	131	188	117	222	111	15	183	128	213	216	116	232	
42	42	33	184	45	225	147	66	142	4	152	171	174	205	99	0	204	59	203	1	2	43	66	179	193	85	26	59	84	13	21	203	
139	140	14	185	145	133	124	167	190	31	70	21	172	131	50	81	193	43	155	157	118	28	18	247	236	83	158	201	24	4	185	154	
18	216	34	152	19	213	152	231	159	93	196	183	44	158	38	84	229	187	187	129	230	143	50	247	59	118	154	203	19	20	181	95	
155	222	114	203	55	215	251	116	85	77	94	230	105	221	182	228	119	184	151	152	227	188	53	255	42	95	178	194	63	142	61	125	
55	231	98	130	118	146	238	101	169	192	217	231	72	204	254	148	126	173	151	247	221	147	12	204	58	88	143	199	47	134	250	213	
106	177	57	232	203	205	145	223	10	57	32	9	158	31	72	48	135	19	211	17	82	42	90	149	221	145	24	126	208	8	135	59	
42	145	120	248	245	217	217	111	31	21	180	185	142	63	46	157	151	19	151	17	54	107	34	213	203	223	90	255	214	140	141	223	
11	155	112	222	114	209	190	247	31	77	92	167	172	190	166	228	231	59	151	196	215	24	46	247	54	28	26	171	30	142	141	221	
49	93	121	236	60	71	71	254	69	76	252	6	115	117	179	112	88	250	28	232	201	163	112	61	227	173	160	24	115	184	116	120	
114	202	230	158	31	130	202	204	23	4	192	135	97	202	63	80	120	233	161	199	78	195	15	237	18	42	202	153	53	151	124	78	
34	204	198	158	92	163	170	238	150	3	208	18	96	232	60	64	89	226	19	225	34	175	74	255	60	62	154	200	21	26	112	136	
59	159	114	76	247	219	246	119	85	69	254	167	106	44	182	228	255	178	150	44	252	187	53	255	58	127	0	67	119	142	252	223	
245	89	111	196	4	70	79	240	193	204	246	2	83	87	55	115	120	228	29	234	201	163	53	44	115	169	161	20	35	187	116	112	
