DiorµÏ°Â÷È»óÈó´½¸à	004 Éºº÷É«	https://www.dior.cn/beauty/version-5.1432748111912/resize-image/ep/0/0/90/0/swatches%252Fcs_3348901199520.png	https://www.dior.cn/beauty/version-5.1432748111912/resize-image/ep/0/0/90/0/covers%252FY0027030_F002703004_v2.jpg
14	178	124	225	111	9	249	89	47	189	182	175	140	79	94	8	255	145	255	149	146	123	99	208	223	219	171	247	135	140	71	243	
121	73	78	190	28	146	78	228	197	128	246	2	115	200	179	241	72	224	62	239	76	171	78	173	242	235	166	9	63	190	120	8	
74	155	150	23	163	152	188	39	169	133	106	165	172	190	70	214	166	119	237	144	84	153	130	224	190	244	30	67	138	70	173	15	
90	25	150	188	41	230	120	98	173	14	194	67	172	186	33	219	232	181	239	129	12	139	18	200	145	242	218	131	2	36	45	15	
154	183	54	80	209	149	180	231	245	13	198	57	40	184	38	149	169	187	195	145	126	255	34	223	59	87	158	67	195	4	175	142	
152	112	58	177	36	205	241	65	174	156	181	23	151	159	98	11	232	41	95	21	10	39	178	0	213	193	170	104	0	8	119	242	
19	140	122	249	87	131	232	103	30	1	82	18	189	139	48	96	123	43	19	157	50	152	21	223	205	175	154	64	181	136	241	168	
23	89	43	140	116	198	171	96	205	204	216	130	48	222	183	100	126	169	31	239	201	131	52	253	177	60	138	136	21	51	55	229	
10	143	98	153	244	251	232	103	31	69	90	163	173	172	182	196	234	43	147	21	22	184	4	223	44	85	154	193	150	204	245	220	
27	141	114	94	83	179	190	224	237	0	105	135	105	234	63	212	54	235	131	238	68	131	30	253	50	126	11	11	127	231	43	140	
154	191	46	188	155	148	188	230	191	148	198	151	172	174	38	193	231	123	171	213	102	201	2	255	251	115	30	203	2	20	173	218	
51	143	98	140	86	147	174	103	20	4	90	167	33	232	182	64	126	171	147	133	214	187	36	223	50	44	170	129	53	140	252	204	
59	119	106	10	116	147	234	120	85	72	253	231	115	200	190	160	126	168	22	239	207	179	76	191	58	77	171	128	127	142	120	149	
11	86	11	140	106	87	191	118	140	78	212	239	60	134	163	196	110	129	223	231	197	11	52	202	240	5	170	186	28	28	61	223	
2	143	78	159	180	178	106	99	189	1	95	178	225	98	190	196	121	162	138	132	62	152	13	255	46	54	154	193	148	206	248	4	
139	156	39	153	87	242	184	39	61	71	74	179	172	190	54	228	231	43	179	149	183	156	55	223	13	118	154	195	150	4	189	223	
51	219	99	140	86	145	206	244	197	64	216	230	49	138	181	228	110	232	22	239	205	171	36	255	50	44	170	136	63	158	120	221	
58	203	106	168	94	131	203	252	135	5	220	231	105	207	182	64	126	233	159	221	202	139	46	253	250	77	175	201	55	142	116	217	
43	118	115	73	113	127	170	82	109	105	255	104	8	150	165	188	126	156	198	152	129	178	101	194	23	252	48	226	195	195	102	181	
32	189	40	249	221	207	198	231	86	33	72	2	178	184	112	96	217	42	131	17	90	186	88	191	237	151	157	127	144	88	212	138	
58	197	98	159	213	210	238	101	85	5	207	130	97	232	62	196	120	170	131	169	126	186	93	191	55	111	146	1	55	78	252	142	
6	57	238	215	242	166	171	83	188	141	95	162	80	247	229	106	110	127	51	154	144	219	186	232	77	46	238	128	133	227	165	177	
40	187	104	81	211	217	241	119	101	117	126	167	139	141	214	180	104	174	227	216	159	184	247	161	79	105	144	97	103	140	222	214	
50	239	82	239	82	131	238	246	63	4	120	199	41	239	36	144	126	251	147	206	194	154	4	255	54	236	142	136	117	150	231	137	
84	29	27	174	28	230	135	48	4	0	207	66	245	243	161	96	80	114	30	234	9	129	56	63	241	165	171	152	20	251	49	40	
61	133	82	203	214	135	230	233	95	5	125	18	65	249	60	228	123	10	2	42	242	185	29	215	62	206	7	68	119	138	233	128	
4	12	219	255	240	166	110	82	20	138	123	67	117	243	33	88	126	251	23	138	41	154	8	43	100	166	170	128	185	241	32	138	
210	58	115	80	115	153	184	64	169	140	179	253	13	142	69	159	166	177	207	146	128	207	162	192	147	208	10	235	67	133	39	229	
19	221	59	255	18	212	190	231	158	1	250	98	181	254	36	224	238	59	154	129	71	139	16	253	161	239	190	10	25	16	161	185	
44	45	208	192	254	35	106	202	23	177	248	234	25	235	197	184	127	219	71	240	27	242	198	242	94	140	165	236	247	249	106	160	
41	21	122	73	119	123	162	66	109	105	255	98	26	24	180	164	254	30	214	57	149	187	53	212	22	125	34	83	223	79	107	149	
6	59	235	194	242	194	187	193	171	205	223	167	72	238	245	102	126	125	51	215	144	211	190	224	29	52	143	206	133	179	167	245	
51	31	107	206	86	163	235	114	212	64	222	230	113	236	180	100	126	170	23	237	217	187	36	255	112	46	170	192	61	171	112	253	
92	129	8	163	240	143	90	185	54	33	75	141	215	195	72	208	119	141	141	247	94	16	217	23	254	229	175	101	188	130	138	16	
36	167	112	73	210	131	107	249	51	37	109	138	17	7	8	84	127	156	3	250	82	26	104	87	127	140	133	100	115	130	230	160	
194	204	63	222	75	208	180	103	173	23	226	176	172	190	36	119	231	51	235	128	114	111	34	247	55	178	94	11	80	16	165	47	
173	133	87	75	213	223	166	233	93	65	121	82	122	216	188	165	250	10	18	43	247	179	61	223	63	92	3	70	95	14	249	164	
130	135	21	218	219	240	61	111	191	21	225	177	172	167	44	213	199	19	203	144	50	11	98	215	63	50	218	203	18	4	165	107	
57	109	105	229	116	35	105	54	69	232	222	66	19	33	145	98	106	174	30	172	137	186	101	140	246	205	160	132	165	232	112	104	
139	76	119	85	37	254	236	39	252	90	114	80	170	28	148	175	171	36	126	8	225	253	39	198	7	250	82	2	70	84	65	45	
19	75	99	13	36	154	78	246	93	68	122	230	35	128	183	116	114	232	6	78	205	184	37	253	162	60	34	128	60	157	112	76	
62	56	184	186	207	253	147	194	138	95	29	43	156	220	103	8	175	27	151	19	150	35	58	240	219	93	62	251	221	95	159	211	
104	235	65	44	124	141	67	56	131	12	176	76	35	193	0	148	72	160	111	108	74	47	194	61	177	240	33	56	83	138	86	168	
24	176	186	177	49	207	113	64	166	45	199	5	151	151	66	72	200	41	79	20	10	157	115	18	205	197	178	84	160	10	4	114	
106	60	184	184	185	241	16	11	139	95	172	57	174	190	103	220	195	147	253	17	30	11	242	241	219	213	26	251	146	69	143	95	
9	86	239	95	114	214	239	21	116	202	94	70	121	103	179	109	54	96	22	174	225	148	53	78	103	47	164	128	239	246	228	249	
82	241	62	168	42	193	145	109	234	85	188	41	158	152	42	82	162	177	255	193	86	43	146	85	211	129	58	123	92	2	175	91	
27	88	238	125	41	85	220	24	237	92	247	133	251	205	31	58	238	177	253	199	204	161	119	201	211	251	202	145	71	246	39	91	
91	151	103	204	246	146	237	119	101	72	222	230	121	46	182	100	126	166	55	173	253	155	37	207	48	46	170	128	47	198	240	125	
161	77	76	77	32	14	109	55	53	162	102	148	179	3	146	21	74	38	66	44	97	252	85	14	102	187	112	0	123	192	66	168	
40	179	250	97	241	223	123	253	39	45	252	33	31	191	74	16	252	159	215	144	154	186	48	213	223	221	163	229	226	130	230	251	
98	163	30	138	41	209	152	109	175	125	189	169	140	142	110	242	206	145	207	177	94	11	194	213	155	81	218	251	16	6	175	31	
41	199	105	77	116	19	237	127	85	230	124	102	57	40	182	164	123	172	22	45	245	186	37	223	46	95	165	228	127	172	250	205	
130	80	190	145	37	205	176	65	190	91	83	49	172	158	45	72	166	57	187	17	2	149	18	192	197	16	26	131	144	12	5	211	
26	185	178	125	155	244	180	71	175	29	252	17	174	191	100	166	169	59	239	144	18	41	178	193	227	213	22	11	211	64	167	191	
24	191	250	12	178	210	55	231	40	5	92	161	175	166	162	16	50	59	132	145	18	154	36	111	248	37	62	193	228	64	167	251	
215	106	71	70	118	82	111	240	225	232	214	230	80	70	181	247	50	228	126	238	229	215	173	108	50	42	231	132	47	183	114	116	
93	91	79	175	62	131	75	112	164	200	222	230	247	199	179	96	118	236	63	239	201	129	45	189	240	233	171	144	62	187	49	113	
39	98	229	69	100	62	235	24	41	174	243	230	65	71	221	222	126	204	247	254	129	212	237	200	6	106	227	132	167	255	82	245	
221	81	102	165	100	14	111	56	101	234	246	199	211	1	147	71	126	196	94	239	233	180	85	204	244	234	227	128	111	183	112	17	
102	176	144	186	137	229	144	207	175	29	161	24	142	222	104	158	201	147	203	16	26	75	202	241	153	144	31	127	144	0	167	6	
167	58	96	30	111	217	186	64	95	78	113	175	168	204	183	5	158	41	147	199	198	54	110	255	6	24	11	171	95	63	95	223	
29	91	91	172	50	130	79	112	36	136	254	230	119	195	161	80	126	248	4	238	73	147	36	44	240	229	162	128	59	179	34	49	
57	239	121	64	244	23	223	255	83	172	188	110	27	136	214	48	254	234	6	252	205	58	228	94	122	205	37	252	123	186	226	205	
82	155	150	190	251	128	62	229	175	93	90	231	44	239	98	198	166	115	191	213	82	9	138	245	184	116	142	203	12	6	173	91	
74	87	59	140	106	21	187	88	172	204	212	237	188	150	163	244	246	177	207	227	193	3	32	90	240	53	42	186	24	181	39	253	
10	131	67	200	242	144	188	103	165	13	217	243	41	142	164	196	110	187	135	128	222	139	38	215	54	116	154	203	23	132	173	237	
245	69	198	76	140	26	228	104	228	162	242	74	66	104	181	239	104	196	110	239	237	231	199	200	48	42	199	24	77	120	120	4	
83	1	214	229	6	26	104	33	105	192	178	66	75	42	149	255	106	197	124	175	205	225	197	200	146	250	195	16	45	160	120	4	
91	1	244	229	32	26	120	49	105	224	178	200	207	42	150	254	166	133	125	173	141	216	133	192	130	251	250	130	46	164	75	13	
142	34	174	139	235	51	184	73	63	63	215	183	204	238	106	206	255	159	239	149	54	83	203	208	222	115	251	231	151	69	173	215	
10	86	178	153	115	240	184	70	62	95	88	183	172	158	38	200	239	27	147	145	182	156	38	215	12	23	154	195	151	68	45	223	
9	241	108	65	79	217	161	119	228	85	126	150	137	140	158	165	104	42	202	136	215	186	246	181	103	73	130	105	103	140	223	252	
98	122	112	64	109	157	208	22	235	253	180	109	138	157	215	30	140	180	245	85	142	106	226	144	11	216	48	251	74	141	94	95	
3	135	106	141	117	246	186	59	30	77	94	199	168	46	54	224	253	15	147	133	150	152	117	223	44	61	154	193	149	78	189	220	
6	162	220	153	234	137	168	139	158	55	17	255	141	230	200	72	111	155	235	144	18	72	207	209	12	16	63	237	148	136	133	128	
255	82	119	77	111	30	236	112	121	234	242	102	75	8	157	255	126	196	254	238	237	247	229	200	54	120	226	144	111	189	122	181	
58	153	98	136	87	211	144	103	5	69	220	175	40	28	54	4	236	187	147	129	220	187	117	223	23	116	154	195	119	12	254	222	
186	49	177	225	79	117	57	83	6	250	85	18	157	151	64	175	108	25	147	152	89	114	243	144	197	193	255	166	55	76	149	243	
65	0	215	133	76	8	232	64	232	130	242	66	221	34	17	123	106	197	110	169	69	115	197	192	148	50	202	0	13	104	107	132	
8	188	178	88	209	253	176	71	255	25	108	16	172	187	100	172	129	59	130	16	18	41	50	215	15	215	18	75	210	68	175	174	
195	16	254	216	91	182	24	19	233	31	183	28	12	27	38	254	228	177	222	152	182	15	48	194	19	191	18	91	154	4	40	71	
4	162	192	129	204	9	232	73	174	177	178	203	143	130	72	10	107	137	110	156	18	115	197	208	156	16	159	116	229	8	67	128	
2	220	22	152	61	197	144	102	157	72	208	103	172	222	36	197	206	59	139	1	103	143	82	253	181	48	26	91	24	12	37	159	
179	223	105	235	94	135	203	252	5	72	221	230	115	221	184	97	92	184	23	235	235	179	124	189	114	201	170	216	61	155	240	249	
153	91	125	101	40	6	79	61	101	106	182	228	185	7	153	118	102	5	125	238	201	180	101	80	226	233	231	148	127	176	193	121	
34	186	179	154	109	253	176	67	219	25	113	88	172	216	100	172	137	59	130	17	150	126	146	209	13	16	26	107	208	12	215	135	
34	160	145	152	73	197	152	75	143	21	160	25	172	222	108	10	201	147	203	145	18	75	218	209	157	144	155	127	144	12	39	234	
203	143	38	223	22	176	172	55	92	70	94	182	168	166	182	229	102	35	187	141	224	157	37	239	102	46	218	129	22	204	185	92	
11	149	98	205	117	179	187	103	93	109	94	38	168	56	182	228	250	10	23	45	149	184	37	223	46	93	170	195	31	78	241	253	
52	205	82	206	29	207	199	232	197	0	249	2	115	209	32	100	88	248	2	106	73	171	90	189	241	172	1	24	115	187	112	170	
42	169	90	168	213	129	246	103	143	5	120	11	44	137	102	128	248	187	131	17	94	58	16	245	127	213	142	107	81	10	255	138	
35	143	42	158	252	148	207	119	221	77	252	71	176	200	182	96	216	42	22	13	222	170	98	191	103	61	162	136	93	14	248	205	
10	136	146	153	105	241	184	103	159	23	68	19	172	190	102	196	201	59	163	129	54	30	2	211	7	119	218	43	18	12	45	206	
87	94	227	223	38	34	111	178	116	194	94	230	241	102	177	108	119	236	60	239	233	148	173	106	144	46	251	128	45	243	49	125	
184	37	122	73	118	219	242	113	85	161	125	82	27	217	180	52	122	184	6	120	176	186	36	222	126	205	33	65	103	136	250	163	
19	74	74	157	82	147	186	82	149	68	86	231	33	206	183	76	126	104	38	222	142	156	38	255	38	126	130	131	53	157	40	221	
74	153	16	173	45	29	190	190	175	105	158	0	237	174	122	228	167	87	253	193	130	9	131	245	175	244	154	215	22	22	9	61	
60	177	81	234	90	65	18	232	7	4	185	171	75	223	232	144	126	217	199	226	90	35	204	149	250	197	161	255	119	131	38	147	
11	249	55	129	63	159	185	230	174	125	26	7	172	30	30	0	166	19	251	197	194	41	51	245	175	31	30	214	6	22	1	219	
43	166	32	217	125	253	248	7	95	109	92	21	170	140	150	236	201	170	151	149	190	252	115	215	15	127	154	243	146	12	220	222	
216	56	123	104	106	249	51	66	236	12	246	160	63	151	165	250	34	57	206	82	3	177	162	112	211	225	34	171	99	17	39	235	
31	34	216	11	234	115	186	72	103	248	241	226	201	88	223	170	126	157	238	243	157	114	205	192	20	100	171	239	239	247	43	133	
218	90	110	184	106	161	57	86	165	28	214	167	173	135	227	92	102	185	175	213	138	146	198	241	214	97	186	137	55	149	37	123	
35	239	96	15	221	157	230	239	79	4	92	135	32	232	54	132	216	42	130	77	198	186	78	191	46	28	132	43	93	94	248	204	
11	28	166	221	45	180	188	150	157	91	94	179	172	189	183	239	199	115	187	13	164	204	39	249	7	126	218	138	150	221	57	125	
51	91	98	222	93	151	202	112	197	72	241	239	107	200	183	212	124	224	151	239	205	163	14	253	50	120	129	138	127	175	120	213	
66	177	59	78	121	192	185	104	171	77	185	165	108	222	126	80	182	49	223	65	134	33	186	209	91	28	10	251	84	7	103	119	
170	220	118	221	101	183	156	254	29	91	84	179	44	61	180	229	143	59	151	5	224	188	34	255	35	126	88	130	87	220	81	223	
0	162	64	129	76	9	232	73	46	177	178	202	143	2	64	10	106	137	78	156	18	123	197	208	156	0	155	116	117	8	67	128	
6	121	235	193	254	198	171	192	172	132	218	135	144	207	245	64	126	125	27	221	208	131	182	234	109	44	175	200	133	51	55	241	
130	207	47	159	62	131	175	246	156	8	208	227	180	239	48	65	110	123	27	207	98	137	2	255	97	34	190	144	20	24	181	187	
51	95	107	206	86	162	235	118	212	64	222	230	113	236	181	100	126	170	23	237	137	187	36	255	48	46	170	192	61	139	112	253	
21	141	127	73	159	219	182	235	94	96	232	2	26	56	52	160	251	137	146	99	255	187	61	255	59	79	3	71	125	41	249	132	
6	249	223	193	242	134	171	112	164	129	219	194	209	215	176	64	126	117	51	218	16	145	27	108	109	44	175	196	141	163	161	177	
40	45	208	193	221	163	232	198	87	161	248	170	137	185	245	140	75	251	18	152	26	250	71	216	46	222	151	109	215	216	106	136	
21	85	11	175	180	70	79	125	52	130	207	66	87	115	168	113	119	252	20	234	121	147	57	14	248	167	175	196	40	242	160	32	
221	69	27	238	148	70	79	61	20	128	207	2	215	243	169	96	112	244	28	234	121	129	57	14	243	229	167	16	52	251	176	32	
65	0	211	133	76	8	232	65	232	129	242	66	157	2	16	122	106	133	110	137	1	115	197	192	148	32	218	0	13	40	107	128	
50	239	66	238	209	135	238	231	183	1	232	3	41	235	52	208	124	171	131	204	90	155	8	255	57	172	142	73	81	146	234	136	
246	30	126	118	226	82	95	240	209	222	182	171	91	127	183	59	239	245	181	227	252	199	42	238	91	203	229	147	229	241	126	83	
208	227	58	170	42	65	185	108	174	93	129	169	245	222	106	66	238	145	235	193	70	3	194	17	209	225	42	121	16	2	39	219	
57	223	106	15	116	159	202	248	87	72	253	231	115	200	182	32	94	168	22	239	207	178	76	191	122	77	165	128	125	142	120	213	
121	80	70	101	100	14	109	57	101	234	246	102	83	17	147	119	126	140	126	239	201	180	213	200	84	42	225	128	111	184	120	21	
113	0	199	77	76	26	164	105	224	162	242	74	194	40	149	239	104	196	106	171	205	243	231	72	20	42	211	16	109	104	122	140	
81	1	215	197	76	26	232	33	105	128	178	66	202	42	148	255	106	133	110	169	141	249	229	200	148	58	218	16	109	40	121	12	
2	162	149	153	74	137	184	202	142	53	144	235	141	198	72	10	111	153	234	144	18	104	71	209	156	0	27	125	181	8	5	128	
51	89	99	172	117	213	79	228	141	72	216	198	44	158	181	244	252	233	23	199	205	139	52	253	176	116	138	138	61	31	114	253	
34	226	80	129	110	137	152	74	15	181	176	207	140	14	84	10	142	145	207	85	2	106	195	209	28	16	155	252	85	8	71	201	
10	143	34	153	244	151	248	103	141	77	94	231	172	140	182	196	230	43	23	13	214	184	0	253	46	116	58	195	22	140	189	205	
67	51	112	96	32	156	120	23	169	73	50	104	190	158	198	242	134	181	253	5	215	8	163	193	134	248	26	218	14	132	203	29	
99	114	112	96	108	157	216	22	233	108	176	237	174	28	215	26	142	161	213	69	198	42	224	192	134	216	16	186	79	156	67	95	
47	114	230	157	109	63	168	88	223	250	210	231	200	200	255	175	254	237	254	167	133	247	199	200	22	123	235	142	223	253	121	149	
43	177	96	65	215	221	177	87	229	93	126	183	154	157	214	36	108	186	215	144	223	184	246	149	111	89	162	195	103	140	254	247	
60	141	114	216	223	251	226	234	87	5	236	2	10	232	118	196	121	234	2	121	22	187	14	181	59	198	3	109	243	73	252	134	
130	156	183	95	37	252	161	134	253	31	98	16	168	182	180	239	163	51	106	8	161	253	51	227	7	250	82	2	66	84	101	108	
10	156	38	157	83	246	184	39	61	87	66	19	172	62	54	205	231	59	179	133	182	220	19	223	13	118	218	195	150	4	189	223	
14	34	238	169	235	51	184	73	47	61	215	183	204	206	238	206	255	157	239	149	150	83	203	208	222	83	187	231	151	5	173	215	
34	167	168	139	221	241	190	237	30	101	89	139	64	236	126	0	217	11	131	21	22	58	110	181	63	21	157	239	213	78	222	214	
21	74	107	159	54	162	235	80	116	196	210	231	113	202	183	96	126	168	22	236	173	145	36	126	96	46	170	128	189	187	112	213	
66	198	15	218	201	196	189	167	174	23	200	145	164	238	44	83	205	19	171	128	82	15	226	247	53	54	222	203	16	80	165	234	
58	149	34	159	213	215	230	239	87	69	207	3	96	248	46	196	88	186	162	163	94	187	122	189	63	103	130	67	51	78	252	198	
40	175	58	184	213	233	177	71	159	13	124	43	46	153	98	0	201	187	131	16	26	59	2	247	95	213	16	107	211	12	238	202	
43	143	41	159	124	181	203	119	95	77	92	87	178	236	182	96	216	42	23	13	183	186	98	191	102	63	186	200	92	140	240	221	
10	138	18	153	89	241	176	71	159	5	66	51	172	158	38	204	225	59	147	145	54	156	2	215	5	118	154	75	146	12	45	206	
40	157	19	249	157	207	151	231	214	33	72	0	182	181	32	64	201	58	138	17	90	184	80	191	233	214	149	115	16	72	212	186	
184	201	83	222	29	197	194	224	197	8	240	2	115	217	37	228	88	248	6	74	75	171	90	189	177	248	131	26	115	11	112	174	
123	19	247	197	111	30	232	49	105	202	242	230	137	40	149	255	238	133	254	173	205	243	245	200	22	122	234	130	111	172	123	157	
13	11	115	78	118	134	107	16	108	200	251	102	120	66	181	240	118	225	14	206	197	144	45	110	52	44	162	128	29	167	97	101	
49	207	66	205	86	147	238	247	69	72	250	230	49	136	180	228	110	170	22	205	207	186	36	253	54	44	162	128	127	156	248	141	
11	159	98	201	244	243	186	103	77	73	94	231	168	56	182	100	254	43	151	133	150	184	37	223	46	124	170	195	159	142	253	223	
6	140	14	155	148	226	186	194	158	21	75	179	224	234	62	64	249	43	11	145	54	141	14	119	110	38	154	65	148	73	52	6	
75	207	102	223	246	144	238	55	245	66	94	246	105	234	182	229	118	235	55	175	244	152	38	255	38	110	254	128	63	220	249	77	
55	223	105	234	254	135	207	252	69	72	220	230	113	93	184	96	126	186	23	239	235	179	108	191	114	140	175	212	125	155	240	241	
2	24	23	157	43	229	177	98	156	74	194	103	188	150	32	77	198	51	59	1	1	137	115	221	133	50	90	10	24	8	37	127	
2	158	38	153	115	226	184	66	63	77	90	183	172	142	34	72	247	27	147	149	182	152	7	215	14	118	154	195	150	5	37	223	
210	16	151	181	97	204	56	71	173	153	242	81	140	146	96	223	166	181	239	145	21	221	145	192	149	240	90	66	136	0	163	15	
40	33	88	74	93	181	82	88	83	9	253	8	42	201	63	20	216	184	2	152	10	34	218	223	87	221	129	41	211	138	106	130	
49	75	99	204	78	145	207	244	197	64	220	198	49	204	181	100	110	232	22	239	201	171	38	189	48	40	162	168	63	187	112	252	
51	207	98	140	86	147	174	103	84	5	218	231	33	136	182	64	110	171	151	197	222	187	4	255	48	44	186	193	53	140	248	204	
34	153	98	153	87	217	176	103	13	69	94	179	168	140	54	0	234	187	147	129	86	186	116	213	23	52	154	195	85	12	213	222	
167	27	96	159	111	217	190	96	158	92	81	175	44	204	183	141	174	43	147	71	198	58	110	249	22	24	74	171	93	47	31	215	
14	152	62	187	115	225	177	66	190	93	95	51	140	158	98	200	231	27	187	17	50	152	2	245	13	87	26	203	148	5	45	211	
43	222	107	77	116	211	237	119	94	229	118	246	57	40	182	36	122	44	23	45	229	188	101	223	110	79	182	192	127	140	240	253	
70	176	144	186	73	205	16	200	175	61	161	9	142	214	104	154	201	17	235	16	26	75	218	209	153	144	27	127	144	0	7	6	
92	22	210	84	115	122	57	99	184	167	103	178	77	167	162	222	55	117	233	160	32	221	164	202	222	231	95	131	166	228	47	49	
58	204	34	90	81	213	242	230	151	15	236	7	40	138	54	212	233	235	131	195	78	31	26	255	59	87	158	75	91	22	110	142	
215	96	231	69	102	114	235	64	96	226	243	226	80	76	149	47	58	228	114	239	165	215	173	200	20	42	203	132	109	183	119	244	
10	177	178	120	185	220	16	71	239	29	125	48	174	191	108	182	135	27	223	16	18	43	178	211	203	213	18	107	210	4	167	155	
58	203	107	232	30	193	219	252	135	64	220	163	49	207	178	96	126	185	159	225	75	139	36	189	242	205	171	185	53	138	52	248	
46	84	243	230	231	100	255	217	11	103	121	11	92	253	125	174	63	217	151	175	193	54	184	194	87	94	13	174	231	255	215	243	
198	6	238	145	230	178	184	99	189	135	87	243	12	236	230	78	231	53	175	177	180	213	6	198	94	71	255	199	167	236	189	199	
44	177	122	106	116	207	123	88	103	205	253	8	27	223	238	48	94	184	23	248	138	178	248	84	95	205	35	236	115	139	102	241	
88	120	51	232	59	201	99	80	47	165	99	40	62	151	96	220	98	184	239	88	10	157	179	146	213	244	16	82	34	141	4	115	
44	173	74	241	209	143	107	226	55	164	110	139	19	131	98	80	105	174	3	222	122	154	16	126	127	140	133	101	179	137	202	130	
219	120	190	244	43	244	152	196	169	84	150	23	172	158	103	239	238	117	253	199	175	69	178	192	211	249	202	159	10	53	45	94	
249	201	78	190	28	144	70	244	197	4	228	3	51	201	51	208	72	224	142	206	76	175	70	189	242	233	162	25	55	187	120	10	
73	217	62	241	164	142	125	55	237	200	54	0	190	155	48	115	132	53	63	73	209	157	48	236	231	251	126	192	8	136	193	43	
170	153	62	248	93	221	240	103	237	217	38	8	46	152	102	241	160	59	187	17	70	169	50	253	251	217	86	123	18	12	69	207	
74	158	46	188	25	148	57	167	191	31	196	21	172	175	34	65	205	59	235	149	62	75	82	247	203	115	222	203	18	4	173	218	
146	76	47	223	60	194	174	228	156	138	210	227	245	71	33	67	110	117	63	238	104	205	11	109	225	162	238	144	20	51	53	57	
219	88	174	252	45	214	216	22	175	216	162	21	190	158	55	123	204	181	253	199	204	69	243	200	211	249	202	27	66	116	97	90	
10	176	178	89	253	253	176	67	255	95	117	52	172	152	102	172	129	27	134	16	150	124	50	211	15	87	18	107	218	76	143	207	
24	249	42	160	180	141	90	55	54	73	93	207	159	159	82	0	151	171	23	157	219	26	65	151	255	205	191	236	172	130	185	81	
114	160	16	232	73	197	16	72	143	53	161	11	14	222	100	26	200	145	203	80	26	11	218	209	153	144	155	127	16	8	7	130	
3	50	78	145	98	160	184	67	172	91	119	247	140	198	230	91	166	45	127	149	23	213	130	192	68	48	250	194	140	4	43	151	
93	91	75	108	50	18	75	112	165	200	255	230	91	71	163	244	126	228	92	238	201	131	36	12	242	233	163	144	47	179	34	113	
203	88	181	108	40	12	93	22	173	216	182	100	189	159	215	127	134	245	125	92	129	65	243	200	243	249	38	152	74	180	1	121	
89	91	111	236	62	214	75	112	197	204	214	230	123	199	179	228	110	228	255	238	201	129	52	140	210	233	170	152	63	175	120	113	
41	93	147	102	241	236	119	87	233	200	111	0	62	243	33	240	128	35	84	8	1	145	48	10	167	253	4	2	194	114	194	171	
3	143	34	157	214	178	184	39	60	71	94	183	168	46	182	228	119	43	147	133	182	152	37	223	44	62	154	195	21	68	189	221	
90	106	115	104	107	241	57	70	37	12	246	162	45	159	165	252	38	185	206	208	2	159	166	224	83	225	58	139	103	149	39	239	
162	217	99	138	127	193	191	236	141	76	212	175	44	220	54	1	238	187	147	227	199	47	50	253	55	16	138	187	95	30	55	255	
91	149	103	205	246	146	237	119	101	64	222	230	121	46	182	229	110	167	55	173	253	153	37	207	54	47	186	128	47	132	240	125	
47	51	119	65	241	253	160	81	109	89	123	96	136	28	133	166	238	26	198	152	147	184	113	212	15	88	34	194	195	143	71	245	
23	123	107	204	118	146	235	112	236	200	212	230	49	198	183	100	126	232	31	239	193	131	36	236	176	44	170	136	45	179	115	245	
42	139	98	136	251	208	152	99	157	13	220	179	8	174	166	196	238	187	143	145	94	11	68	215	18	116	154	203	23	132	173	133	
43	178	160	153	245	253	240	7	95	93	92	53	170	156	118	236	201	42	151	21	150	60	98	215	15	95	154	235	210	76	221	223	
37	124	144	153	213	181	130	206	87	3	120	86	160	216	101	172	89	104	2	152	38	38	94	243	44	30	23	110	219	89	105	140	
138	16	63	157	34	226	185	3	188	79	70	179	188	183	34	105	230	57	187	129	49	157	51	221	69	51	250	195	144	8	165	251	
221	77	123	101	50	94	79	184	112	162	174	0	115	119	137	115	118	212	92	234	233	145	253	46	243	239	229	148	34	243	102	40	
35	142	41	185	124	173	233	95	94	73	92	119	180	204	182	96	217	42	23	29	183	60	98	255	78	127	186	200	156	140	241	253	
19	207	98	140	54	147	238	103	68	68	218	231	33	136	182	64	106	170	23	205	220	187	4	253	48	44	186	129	53	140	252	204	
42	188	185	217	253	253	177	71	95	73	124	50	188	156	100	172	201	59	130	17	23	62	114	211	15	93	18	107	215	72	253	191	
184	81	106	236	86	195	91	124	4	64	212	162	49	223	178	96	126	185	23	232	201	155	52	157	242	237	170	136	61	138	116	248	
1	34	80	129	108	137	232	70	174	49	48	206	141	10	80	10	42	9	78	29	2	56	71	209	4	16	26	96	68	136	67	136	
35	89	42	204	124	213	139	244	204	76	220	10	176	212	183	100	76	184	18	75	194	43	118	253	113	60	138	184	21	27	117	253	
10	158	42	155	179	242	185	2	28	77	94	183	172	46	54	72	247	59	147	149	182	152	37	247	12	55	154	195	148	69	61	215	
59	93	67	172	117	215	206	116	21	72	248	199	41	222	55	224	252	171	151	229	205	154	52	255	50	253	138	138	127	158	120	221	
19	219	50	152	87	149	190	247	205	77	94	71	44	154	54	196	238	43	23	197	214	169	22	255	50	44	58	202	63	12	169	207	
51	255	104	43	124	151	202	248	86	76	252	231	115	200	190	32	94	232	23	239	206	171	77	191	126	79	161	248	125	143	120	213	
43	48	49	209	79	125	185	83	77	249	85	82	156	159	210	175	236	57	215	152	157	126	242	192	199	217	218	234	166	140	31	247	
155	157	107	221	214	144	239	55	117	65	94	150	57	47	182	100	102	171	55	141	247	152	53	255	118	111	154	192	55	132	241	252	
130	143	38	157	242	178	184	39	60	71	90	247	232	46	182	196	119	43	179	133	182	152	37	223	44	38	154	195	23	68	189	221	
34	219	107	138	126	193	191	236	141	76	216	175	36	220	62	1	238	185	147	231	195	47	58	253	55	16	142	171	93	30	53	255	
51	207	107	140	86	130	207	119	84	64	216	230	113	40	182	96	126	170	23	237	205	186	4	255	112	44	174	128	61	154	240	217	
40	157	23	254	157	203	151	231	207	5	202	2	174	245	32	197	200	58	139	0	122	169	16	189	249	180	134	19	18	12	244	58	
34	98	72	129	78	9	168	72	14	180	176	171	141	14	64	2	110	153	203	209	2	50	199	209	20	16	139	253	21	8	7	136	
46	153	50	184	221	245	146	207	199	13	204	3	42	252	46	196	217	58	179	81	30	171	58	181	123	85	139	107	146	14	252	214	
20	92	15	191	12	38	111	120	132	194	203	70	245	99	49	75	124	101	59	239	105	129	27	44	193	166	235	0	44	251	48	240	
32	165	184	122	221	245	144	207	70	21	232	0	160	248	110	0	217	155	130	145	26	42	74	247	111	213	150	107	209	74	238	138	
220	197	90	228	148	6	79	188	52	130	206	2	83	119	169	113	112	212	29	234	104	129	49	14	243	239	167	20	38	250	244	32	
40	41	224	201	221	209	236	71	71	165	252	10	169	168	117	132	74	170	130	153	30	186	100	220	47	93	150	105	215	8	252	142	
6	162	140	129	74	3	169	200	38	181	128	143	129	134	64	10	109	157	235	212	10	82	199	208	28	0	139	237	177	8	39	144	
21	217	79	161	18	198	107	240	36	128	90	194	81	215	160	64	126	116	55	248	73	152	17	12	108	172	175	196	45	162	112	160	
49	77	107	206	86	162	203	254	84	64	222	198	113	236	181	96	126	170	22	237	137	187	36	191	112	47	170	192	61	155	112	248	
219	88	102	236	47	86	121	80	229	204	214	166	9	159	183	239	110	180	191	237	205	181	55	200	211	249	194	131	39	173	125	125	
13	91	115	78	118	150	235	88	92	64	122	70	121	194	181	228	126	232	22	238	129	145	36	239	52	45	162	128	31	191	97	61	
2	169	147	254	211	192	188	199	187	1	104	32	172	255	36	112	239	187	131	129	82	10	130	225	53	52	158	43	144	0	167	171	
66	143	129	191	201	228	173	175	190	23	72	145	164	167	40	64	197	27	43	128	82	8	194	115	101	54	222	10	16	64	165	234	
49	217	62	56	157	215	148	231	214	96	232	2	50	184	55	32	233	171	154	17	61	171	18	190	249	87	22	91	217	24	249	142	
194	144	147	145	97	228	57	7	188	75	66	84	188	150	96	222	167	55	122	144	19	156	146	195	157	54	26	66	136	0	167	187	
198	12	183	95	169	236	177	3	255	31	119	16	188	240	100	111	161	51	106	24	50	109	178	227	141	186	82	74	194	65	229	39	
47	114	230	141	111	31	184	88	207	250	210	231	200	200	247	175	254	173	254	165	133	243	199	200	22	123	235	175	223	252	121	149	
6	56	179	154	107	253	176	64	174	89	113	93	188	222	101	171	132	57	211	17	7	103	178	240	21	16	90	106	216	5	39	247	
2	153	98	153	87	201	184	103	61	69	88	179	168	140	54	0	234	59	147	129	22	184	22	215	5	52	154	195	21	12	245	222	
67	241	115	192	104	156	120	7	233	89	50	104	156	158	212	242	166	53	125	149	215	9	130	193	134	56	58	234	12	132	139	29	
223	83	118	68	99	86	121	80	161	236	182	238	27	7	183	255	102	133	221	238	205	131	181	200	210	233	226	149	47	181	111	117	
122	56	83	91	115	249	97	66	175	45	235	56	46	151	196	244	162	184	206	24	3	147	224	212	151	248	0	114	2	135	70	229	
83	85	253	77	46	82	253	191	65	212	54	34	57	61	149	231	110	212	61	232	225	232	119	204	103	107	246	132	103	240	244	123	
216	226	48	168	11	65	25	220	37	20	212	187	175	135	75	85	126	153	207	227	106	7	195	211	209	224	138	189	50	21	39	235	
30	162	238	161	107	19	184	88	175	61	214	167	140	143	238	206	238	157	239	149	150	83	195	208	222	81	171	231	151	132	45	215	
143	50	244	81	111	121	176	16	235	95	53	60	142	156	206	191	167	25	230	21	134	116	226	192	6	89	82	239	206	141	79	215	
126	88	230	4	5	118	86	96	225	198	175	7	106	189	55	222	240	228	249	174	76	161	51	236	147	127	213	19	35	119	126	86	
67	1	117	197	100	24	232	3	233	1	242	66	153	10	148	250	226	133	126	137	149	184	229	192	20	56	218	64	4	128	73	12	
113	1	142	13	76	26	160	105	224	224	242	74	130	168	214	234	104	132	106	169	141	243	199	64	20	32	211	24	109	40	122	140	
3	178	199	161	98	182	168	87	174	81	74	215	157	142	184	232	39	15	59	149	151	152	23	209	4	38	186	192	172	196	169	221	
121	18	83	101	100	78	105	59	117	234	246	110	83	17	145	117	126	140	54	40	201	182	245	8	84	170	97	128	111	168	82	57	
118	249	18	162	57	205	18	192	171	189	161	9	142	214	100	150	128	177	204	80	14	3	154	240	153	208	11	127	80	7	15	23	
42	213	98	203	215	211	188	239	93	69	92	163	40	28	190	228	126	155	147	225	214	186	53	223	47	92	142	199	119	142	252	254	
2	217	54	248	47	213	180	103	239	28	176	33	172	158	36	99	224	51	239	1	66	235	18	245	147	241	90	27	80	12	165	159	
38	185	161	184	217	225	179	194	142	229	72	171	140	252	100	0	201	123	147	209	18	26	90	245	77	20	143	111	212	79	151	210	
10	181	180	248	187	249	144	7	175	25	56	57	172	159	108	146	135	27	207	16	22	9	18	213	139	213	26	123	210	4	167	27	
184	201	110	252	28	193	71	244	197	4	228	3	51	201	51	81	72	224	15	206	74	47	82	189	243	233	160	25	117	153	124	74	
15	147	119	65	231	217	176	113	237	89	123	226	136	156	180	229	238	51	254	81	215	184	39	212	15	88	34	194	87	14	237	245	
74	152	46	188	41	133	25	166	159	29	196	21	172	143	34	64	197	59	251	133	14	79	242	245	203	243	218	91	16	4	45	90	
57	223	99	200	246	135	207	255	69	104	252	230	113	105	177	100	127	162	22	239	233	187	100	159	112	142	167	148	127	250	240	249	
59	218	99	207	54	147	239	119	85	97	118	246	49	45	180	36	126	172	23	141	233	188	101	255	110	14	182	192	127	140	240	253	
27	207	102	158	246	146	238	181	85	66	94	230	105	234	182	229	126	235	55	239	245	152	14	237	38	110	254	136	63	254	248	141	
65	0	210	141	76	8	224	65	108	33	242	66	157	130	0	250	106	132	106	136	1	187	197	192	148	32	154	0	41	8	105	136	
93	68	31	236	4	102	79	56	164	194	207	2	83	119	41	123	112	228	125	238	105	211	57	12	243	235	225	20	42	243	112	50	
28	142	6	184	148	163	171	238	150	21	74	131	209	226	51	65	249	35	43	181	50	152	15	63	233	166	171	76	144	9	117	66	
10	143	98	137	246	179	186	38	95	77	90	179	172	44	182	96	255	59	151	149	182	184	37	255	14	125	186	195	151	140	53	207	
74	189	177	218	241	228	57	151	171	89	28	117	188	255	108	118	135	19	157	17	179	9	186	247	111	60	62	238	154	68	135	127	
69	249	234	37	226	12	191	180	58	234	86	237	149	140	215	120	55	109	53	79	197	148	188	34	76	47	47	164	12	179	19	217	
29	74	103	173	54	130	235	80	116	192	210	230	81	35	177	96	126	164	30	253	169	149	37	206	240	174	170	192	189	187	113	113	
184	201	80	254	61	153	194	228	197	8	244	74	43	216	161	229	200	248	142	74	78	43	74	189	179	249	32	27	115	27	120	142	
143	22	98	155	231	177	184	73	95	107	121	247	72	200	127	172	255	11	146	183	182	182	12	214	30	94	155	239	223	79	121	135	
49	255	107	231	118	203	239	119	69	224	252	238	51	45	180	32	126	170	23	45	233	186	100	255	126	141	36	160	125	218	246	249	
2	150	54	153	179	225	184	35	159	93	91	183	140	238	42	72	231	27	187	145	22	152	11	247	143	118	154	199	148	4	165	215	
9	166	252	97	242	58	249	23	120	127	126	244	153	43	146	184	55	14	151	156	148	184	101	66	78	239	48	197	239	196	203	209	
94	60	247	177	99	242	176	67	187	247	95	179	12	191	98	218	163	61	179	17	16	220	162	192	223	247	91	195	166	101	47	243	
167	52	227	200	95	51	235	88	27	121	125	254	72	197	221	188	127	140	23	190	171	118	236	194	22	24	129	174	199	239	114	245	
218	88	190	244	67	252	49	70	189	30	70	18	60	191	33	123	162	53	187	1	33	221	178	235	211	243	90	11	130	16	37	27	
10	158	186	185	50	224	57	23	62	13	78	179	172	183	34	72	231	59	187	144	18	152	35	197	207	247	186	195	150	68	165	123	
57	223	99	205	118	7	207	246	85	106	222	230	115	45	180	100	126	226	23	237	233	187	37	159	112	174	166	132	127	186	112	185	
162	239	66	24	84	131	162	230	181	132	104	163	32	195	167	85	104	234	2	192	98	155	6	127	124	22	148	203	99	152	126	138	
34	143	66	154	214	129	174	231	21	71	88	231	32	232	190	196	123	170	3	135	247	186	12	255	54	54	142	195	63	142	248	220	
51	93	58	204	124	197	143	228	76	76	220	10	176	220	183	100	88	186	23	75	203	43	116	255	241	60	138	184	21	26	117	253	
27	217	114	158	87	149	190	247	197	68	216	103	60	218	54	196	110	171	18	197	199	171	22	253	50	44	154	138	63	20	169	207	
185	221	75	173	116	199	254	119	20	72	120	199	49	95	54	225	126	170	151	228	237	186	20	191	114	111	162	128	125	154	248	217	
235	17	117	197	109	92	232	21	233	72	251	102	168	30	148	239	238	167	254	205	149	56	245	192	22	120	250	130	79	143	249	189	
50	98	65	129	78	9	232	68	13	36	176	139	142	14	69	0	110	145	207	193	10	35	69	208	148	144	138	185	117	24	7	136	
177	31	108	173	60	143	203	120	212	72	222	199	243	72	179	65	92	160	95	111	173	163	93	29	226	203	169	148	125	169	120	209	
202	242	56	249	41	205	89	29	142	29	132	29	190	159	74	80	196	19	255	20	10	12	243	149	207	209	186	255	16	0	133	123	
186	234	224	190	111	209	154	200	19	6	212	171	41	204	119	136	223	233	167	215	238	7	206	179	82	87	159	187	55	63	60	206	
34	93	106	204	124	213	159	116	76	76	220	2	48	157	183	100	88	184	23	235	202	43	116	255	115	45	162	185	85	155	124	249	
131	143	99	157	214	162	174	55	20	67	90	247	104	46	180	68	118	47	19	165	241	152	5	207	36	46	186	128	61	196	177	221	
19	207	98	140	54	144	238	102	132	68	218	231	33	136	178	68	110	170	23	205	206	187	4	253	48	36	186	128	53	140	120	205	
49	73	107	236	6	0	207	244	196	192	220	230	49	143	177	96	110	232	22	239	201	163	36	45	240	169	162	136	61	186	112	248	
57	81	107	236	86	195	203	120	5	64	213	162	113	221	184	96	126	184	23	235	201	179	52	157	114	137	162	136	61	138	116	240	
42	181	16	218	157	253	18	207	207	25	140	8	174	253	44	164	201	26	218	16	27	43	82	181	171	212	16	123	218	78	157	191	
11	159	38	153	242	179	186	35	28	77	95	183	140	126	178	68	247	51	151	133	182	152	33	255	110	119	186	195	150	4	189	215	
85	73	143	254	12	70	79	56	148	202	211	66	247	247	177	96	88	228	61	239	9	129	59	42	241	174	235	144	24	123	48	48	
40	189	177	121	153	237	145	207	143	53	40	9	142	189	96	132	201	27	194	17	18	42	210	179	205	212	19	127	210	76	135	242	
88	205	94	229	20	10	78	178	53	162	230	2	83	35	33	81	112	244	29	234	104	153	17	142	243	239	229	20	38	184	112	10	
40	177	176	202	93	213	209	65	67	101	237	10	42	152	118	132	216	186	131	17	30	58	240	145	95	85	144	123	211	14	254	206	
49	73	107	238	22	131	207	125	68	64	218	198	113	193	177	96	124	168	22	237	201	187	37	189	240	174	162	128	61	154	112	248	
43	50	230	141	109	31	248	89	207	248	214	231	136	136	247	238	238	173	254	133	133	243	199	192	22	121	203	191	95	172	121	157	
74	128	145	186	233	225	176	239	47	57	41	120	140	246	104	220	193	27	170	145	19	10	202	209	157	182	90	111	144	0	175	135	
32	201	62	184	157	197	149	103	222	69	192	9	182	152	34	0	200	43	202	17	94	43	82	61	233	21	22	123	88	8	173	202	
27	203	230	157	118	146	236	127	87	72	86	230	105	234	182	228	126	173	55	237	205	154	7	221	58	110	238	128	63	172	248	157	
11	141	106	221	214	212	255	103	125	65	78	130	57	46	182	101	102	171	19	141	247	152	52	255	103	111	154	65	55	132	241	236	
2	143	34	155	117	193	184	103	28	77	88	179	172	140	54	64	234	43	147	133	86	184	2	247	36	52	154	195	84	12	181	222	
184	201	120	236	60	201	87	252	197	4	244	3	51	137	50	65	72	160	14	106	74	43	98	189	242	233	32	25	119	154	124	106	
64	148	158	88	170	228	177	15	190	23	102	48	156	255	110	75	231	51	235	16	50	73	147	65	79	55	94	75	208	64	165	163	
153	12	103	237	54	130	107	114	116	200	222	198	91	35	177	101	126	228	60	236	169	185	37	140	240	235	226	192	47	161	112	113	
90	226	113	169	11	65	77	222	39	38	210	170	15	7	193	221	118	157	207	224	74	23	229	209	144	224	186	190	54	148	36	105	
131	177	3	169	18	166	40	87	62	65	74	214	157	134	48	224	102	15	59	157	183	156	53	215	140	44	186	192	172	128	161	188	
34	217	107	136	94	197	191	252	140	72	216	239	112	220	60	0	254	185	19	227	195	35	26	253	53	12	171	190	93	26	53	251	
35	150	41	185	116	173	249	95	95	91	84	119	190	140	190	104	223	11	23	29	179	60	99	215	79	31	58	234	220	140	209	253	
142	56	179	154	67	245	177	66	190	89	65	80	188	222	96	172	165	57	147	17	19	77	178	209	5	18	26	234	152	5	39	183	
202	24	226	209	103	244	248	2	61	87	86	147	140	158	119	239	231	189	191	149	164	220	181	194	7	122	218	195	135	133	45	215	
171	176	185	217	119	253	177	87	95	91	116	30	188	156	102	44	205	27	146	17	151	62	114	211	79	95	18	107	219	72	221	255	
187	143	104	97	182	27	127	55	113	47	126	191	11	45	150	17	62	131	149	175	252	188	37	206	230	221	240	129	103	212	222	125	
60	125	90	98	113	205	82	208	33	140	189	9	63	159	97	144	190	185	196	82	78	43	152	60	251	221	36	59	98	11	78	11	
33	19	215	69	100	110	233	19	101	105	122	118	51	49	148	244	110	140	54	8	129	184	117	192	6	168	112	128	111	200	80	189	
51	222	99	207	54	131	239	116	85	97	214	230	115	45	180	100	126	238	23	205	233	188	101	191	118	46	178	128	127	152	240	249	
65	1	85	193	100	152	232	3	236	1	242	66	189	10	148	238	98	135	110	24	19	56	229	193	20	56	26	64	77	136	201	44	
143	48	242	209	99	252	184	2	187	127	119	181	140	158	215	255	167	29	183	149	134	84	182	192	7	89	218	231	134	133	47	215	
30	162	230	169	43	147	185	72	175	61	214	167	140	143	110	74	238	149	239	149	30	147	163	208	222	113	139	215	151	134	45	211	
143	114	240	81	111	125	248	80	107	127	53	191	140	28	223	191	175	157	247	21	134	116	247	192	23	88	82	239	207	141	79	215	
90	98	106	160	43	81	185	77	175	189	150	167	13	143	230	66	238	149	207	245	10	3	161	208	218	81	170	247	55	134	37	115	
105	1	134	13	77	90	160	65	96	225	242	78	131	136	150	226	104	132	106	137	157	251	215	192	20	33	194	9	105	40	122	140	
24	89	35	189	38	193	171	88	22	64	80	227	189	205	49	196	126	121	147	207	67	146	18	189	197	197	170	168	55	191	53	184	
43	48	48	193	111	157	249	83	205	121	84	54	136	158	214	47	206	25	151	156	133	254	226	192	135	217	218	234	174	140	24	247	
130	90	182	188	11	197	176	70	175	31	146	49	172	158	37	75	228	51	235	129	2	77	2	243	145	50	90	11	16	20	37	219	
42	249	177	168	217	237	180	207	10	233	88	9	188	223	69	128	157	59	147	17	3	58	210	241	109	20	158	235	210	94	151	251	
11	188	147	145	115	252	57	71	62	75	74	48	188	150	96	244	231	59	186	144	19	156	178	195	141	52	26	66	138	68	165	255	
72	0	80	129	108	136	232	3	236	17	114	66	189	130	64	218	106	41	106	24	1	184	198	192	4	177	154	64	4	8	75	136	
120	35	139	172	28	6	66	88	70	129	202	66	179	163	33	64	88	236	42	193	8	187	209	136	209	164	130	0	160	170	48	8	
12	207	5	185	157	167	67	174	22	5	202	3	135	99	49	196	65	42	43	125	56	136	83	191	233	246	143	92	178	29	52	40	
9	32	84	129	100	137	233	6	174	53	86	132	173	130	210	203	34	9	106	156	2	56	70	209	4	145	58	96	12	136	9	136	
10	159	50	153	180	179	186	51	93	13	90	247	172	108	182	192	255	59	151	181	182	184	4	255	46	126	186	194	158	140	185	149	
2	158	46	185	183	240	184	39	157	79	90	183	172	190	38	192	231	59	191	133	182	152	4	255	174	119	154	195	156	76	173	95	
42	185	176	232	253	189	146	207	143	13	124	9	174	249	111	228	221	59	151	17	22	42	122	145	111	221	13	123	210	78	157	207	
130	210	146	155	75	241	176	70	158	29	65	51	172	142	110	200	228	27	163	145	22	156	2	241	5	50	154	75	144	13	173	135	
27	137	110	217	215	212	233	231	229	5	78	2	57	186	54	100	104	171	51	137	22	154	54	245	127	47	154	65	55	6	245	238	
50	81	83	228	87	67	86	101	1	168	184	43	11	29	37	20	248	157	134	225	72	179	64	140	178	200	128	183	119	154	102	23	
35	33	231	141	109	31	232	65	77	232	210	238	136	152	214	239	238	173	254	197	133	178	199	192	22	120	202	171	79	140	121	141	
222	80	54	166	34	66	26	48	173	90	147	179	95	127	169	203	166	245	253	99	160	197	129	204	210	227	106	146	38	167	37	19	
223	159	120	178	183	156	222	181	121	74	60	253	175	59	158	149	167	131	149	167	252	40	20	239	234	221	238	195	111	134	203	87	
32	153	62	186	29	201	144	103	206	21	128	9	166	152	34	1	200	51	234	17	94	43	82	61	249	146	84	91	80	8	165	10	
145	20	63	253	37	95	245	51	253	122	215	50	223	60	180	235	234	52	126	41	253	245	113	156	135	251	114	18	76	40	81	55	
138	159	38	155	242	150	188	55	31	93	95	247	204	126	178	193	247	59	151	133	182	152	11	215	47	119	250	199	22	4	181	215	
10	20	178	153	247	244	184	66	63	15	91	147	140	190	54	204	231	59	179	145	22	152	18	194	15	54	154	195	134	69	45	215	
106	237	80	72	93	221	82	238	67	1	236	10	42	209	102	244	216	154	130	72	78	42	218	247	59	221	0	123	115	143	90	14	
185	93	99	172	116	214	206	116	84	74	208	70	53	94	49	225	92	163	23	231	237	158	116	191	179	233	170	128	53	152	112	249	
127	177	113	192	249	95	74	88	99	96	189	110	27	87	204	180	94	152	214	250	155	50	120	212	159	217	129	254	127	135	74	181	
25	91	213	237	34	42	110	50	44	226	122	230	221	35	161	74	38	101	46	110	193	144	21	8	196	239	98	128	60	251	1	25	
34	155	34	154	215	149	186	247	14	93	88	231	40	142	166	192	236	187	167	213	151	154	70	245	30	68	186	203	157	14	189	223	
159	90	231	224	38	18	203	208	229	202	151	230	91	207	181	111	110	228	93	255	137	167	44	232	210	233	235	148	175	191	112	113	
223	18	244	227	46	58	249	24	171	123	151	247	221	79	223	111	55	149	253	191	149	69	173	208	218	73	235	244	175	231	1	117	
43	189	56	201	189	189	80	207	207	29	188	12	142	152	38	164	205	26	222	16	150	43	114	213	175	93	16	127	218	76	217	143	
131	140	1	185	22	228	105	87	52	67	66	210	181	22	144	96	99	43	18	157	179	156	117	87	141	44	186	192	188	128	177	168	
218	98	98	160	43	83	57	77	175	36	158	171	13	143	230	68	238	149	207	241	10	7	161	208	210	81	138	255	55	134	37	83	
221	80	187	236	52	70	71	24	116	200	215	100	83	247	169	114	80	244	60	106	41	199	161	10	241	175	167	152	160	187	116	97	
37	224	105	73	124	217	203	200	75	117	125	10	179	221	94	48	91	152	19	92	3	54	254	147	79	29	129	125	85	139	86	240	
218	0	150	182	111	26	124	32	173	190	151	50	109	179	35	223	162	245	252	107	96	69	131	200	150	241	106	147	6	101	9	3	
185	193	99	238	20	131	203	121	87	64	211	198	115	193	184	228	124	168	22	239	235	187	44	159	176	236	162	128	63	142	112	248	
157	93	59	165	34	198	63	240	164	206	94	167	93	247	35	65	38	113	157	239	225	149	48	46	241	229	46	128	36	243	37	115	
43	167	176	195	245	189	184	75	27	41	125	57	140	254	92	148	159	27	151	17	146	58	202	211	15	93	31	238	215	78	139	135	
252	93	59	102	229	93	87	244	113	234	244	40	114	53	129	53	216	242	132	106	233	182	120	46	115	219	101	58	106	251	198	59	
2	135	34	155	247	193	186	231	30	77	88	131	172	204	62	64	250	43	147	149	214	184	6	247	45	20	154	203	21	14	181	207	
242	253	44	184	75	193	157	239	131	117	132	187	60	159	98	3	239	187	179	209	114	79	242	241	123	65	223	255	53	28	181	250	
144	28	126	252	38	214	125	115	189	14	246	19	63	31	38	65	238	181	159	160	120	157	48	206	211	235	250	131	49	32	101	91	
216	20	254	245	38	70	125	55	61	75	119	50	29	63	180	123	230	183	61	136	241	156	49	203	215	239	250	129	36	224	165	123	
9	226	147	217	96	156	185	23	238	25	118	112	172	130	228	239	134	43	50	28	195	92	162	209	4	248	122	202	18	128	161	173	
64	144	156	217	203	164	177	31	174	21	101	21	188	243	96	75	167	51	107	144	18	73	147	81	79	167	82	75	216	64	165	146	
27	219	102	141	118	146	238	119	71	72	90	230	57	138	182	228	110	175	55	205	197	152	5	253	54	40	170	128	63	158	248	157	
178	93	122	204	116	213	223	116	93	76	252	2	50	29	183	101	88	186	151	235	234	175	116	255	115	61	162	169	85	26	124	251	
73	17	237	5	79	88	160	19	108	97	246	70	163	8	146	238	104	140	234	9	149	184	245	192	22	97	114	65	107	12	91	156	
194	107	76	153	40	169	105	150	47	60	82	245	165	3	147	95	102	166	127	222	162	216	69	241	196	48	250	128	156	145	16	25	
32	89	107	173	102	131	175	254	4	64	80	239	181	141	177	0	126	57	23	237	193	58	4	29	116	133	171	172	125	184	49	185	
17	79	107	236	54	2	239	245	32	192	222	230	113	47	177	96	126	230	21	239	201	155	36	47	240	173	174	128	45	242	112	249	
184	193	121	202	22	203	71	237	69	68	252	10	115	21	184	96	88	146	6	106	91	43	120	157	243	233	164	84	119	154	212	234	
14	48	242	145	99	252	184	66	63	127	119	177	140	158	87	172	167	25	147	149	150	84	180	192	15	28	26	231	134	69	47	215	
40	246	122	99	116	143	103	244	112	12	125	44	51	1	152	48	62	184	6	106	226	186	32	47	111	141	36	192	97	154	198	169	
179	93	59	204	116	197	143	228	92	76	220	2	51	156	183	101	92	186	23	107	233	175	116	191	241	188	170	152	21	26	117	253	
33	17	245	69	100	110	233	23	109	73	123	118	147	21	148	252	110	174	54	8	153	184	117	64	4	168	114	128	109	200	194	189	
26	89	3	237	39	209	168	90	21	64	84	226	191	133	177	228	126	56	151	237	9	178	18	157	128	197	138	168	63	189	57	184	
131	130	169	185	116	173	233	95	94	121	80	118	157	137	188	104	223	11	23	29	179	60	97	215	76	31	186	228	156	140	81	249	
163	178	185	217	101	173	185	95	95	123	84	87	156	152	126	40	207	27	23	21	151	60	114	211	79	95	58	230	220	12	209	255	
154	223	2	186	179	208	158	229	157	77	218	231	108	222	182	192	230	179	159	213	246	139	14	255	186	101	142	203	63	6	189	95	
19	203	98	158	22	148	234	246	132	4	202	199	33	136	50	196	108	170	19	207	206	171	4	253	48	36	138	8	53	159	120	204	
53	65	99	202	94	215	203	104	197	64	241	98	113	217	189	228	124	168	22	238	201	163	46	189	50	136	163	8	119	171	112	164	
139	159	54	155	180	182	186	51	29	13	95	247	204	106	182	197	247	43	151	165	182	152	1	255	46	127	186	194	30	140	185	133	
134	226	146	155	203	145	176	204	142	21	65	179	140	206	110	201	236	25	163	209	6	86	2	241	5	16	218	111	144	29	173	199	
10	153	98	154	247	209	188	103	141	69	91	179	173	222	54	196	102	59	147	129	86	137	54	245	34	116	154	203	22	12	173	222	
34	139	65	203	85	145	138	237	79	1	120	194	40	206	188	228	216	26	130	200	86	58	108	253	47	28	138	107	23	14	252	172	
2	197	34	136	213	193	174	231	6	69	88	131	33	140	62	196	88	138	147	193	94	154	20	245	41	20	158	73	21	30	188	220	
51	91	99	221	86	150	235	244	85	72	210	198	49	8	181	228	126	236	23	207	201	184	117	237	52	46	170	128	63	152	112	189	
29	92	207	181	164	102	110	114	180	202	218	199	113	63	177	235	110	229	55	238	169	145	53	104	115	235	230	128	175	241	96	217	
6	120	240	211	231	253	184	198	203	255	61	191	140	156	87	174	175	25	147	21	134	116	190	208	15	28	30	239	215	93	15	215	
176	92	58	222	52	213	159	118	92	78	252	2	179	93	183	97	88	186	23	235	232	175	116	191	241	233	170	153	117	152	117	251	
211	223	99	158	63	208	158	228	157	64	216	231	109	238	182	229	126	243	191	231	229	11	46	255	184	96	142	202	63	30	177	93	
29	95	79	225	52	2	107	48	4	200	222	230	151	7	177	97	110	180	31	252	137	152	65	140	228	225	170	128	44	170	48	49	
184	92	122	222	116	215	151	118	92	78	252	3	58	93	183	97	88	186	151	235	232	175	48	255	243	43	186	153	87	216	124	251	
0	143	123	249	48	226	107	55	188	9	94	96	181	7	176	97	66	50	29	136	243	152	33	127	229	173	170	192	20	192	37	41	
2	155	62	223	62	130	187	35	140	13	90	231	244	237	180	68	110	51	43	5	144	168	67	255	100	54	138	138	28	8	49	155	
154	12	11	184	113	242	120	99	189	74	211	179	44	158	50	209	238	171	151	149	62	159	0	223	146	115	154	203	20	4	173	215	
55	110	106	72	116	147	203	216	65	236	252	174	11	200	183	52	126	232	22	254	141	179	36	222	50	28	165	180	255	191	122	213	
0	22	255	213	38	122	181	55	124	39	126	50	221	61	36	107	167	23	234	0	128	185	49	194	71	255	114	3	228	200	197	123	
222	18	230	189	43	48	184	26	189	82	86	247	205	175	241	207	103	213	191	167	177	85	135	192	148	114	250	204	191	229	41	117	
185	157	115	233	151	223	199	245	68	96	127	2	83	29	48	101	120	178	18	104	123	184	61	157	107	201	132	84	119	138	212	240	
2	145	34	139	215	209	190	239	15	69	88	135	12	142	126	196	255	27	147	149	86	26	28	213	47	20	158	239	151	14	189	222	
34	175	60	203	253	253	145	143	207	125	188	9	142	28	102	80	199	3	207	21	150	41	104	213	239	157	48	127	208	10	141	79	
10	188	178	155	247	244	184	66	63	13	91	19	140	190	118	204	247	59	147	145	22	152	18	214	15	116	154	195	134	69	45	215	
167	247	99	64	252	7	239	220	83	248	177	126	18	220	252	165	221	136	23	127	235	118	236	210	62	24	165	236	95	159	210	245	
237	87	247	236	180	70	71	57	113	202	247	100	211	215	161	119	86	252	60	106	233	214	225	14	224	251	229	136	46	186	116	49	
222	18	214	213	99	48	56	3	59	159	87	246	204	190	206	206	39	93	191	144	148	213	135	194	150	115	90	135	174	229	169	133	
134	163	18	138	203	129	188	201	142	28	137	171	140	206	111	10	237	25	195	211	86	3	138	208	21	16	202	111	144	94	45	199	
2	145	34	155	213	225	176	199	30	69	89	179	172	220	58	0	217	27	147	145	18	186	18	247	13	20	154	107	149	14	181	210	
131	130	233	249	100	173	233	91	30	121	81	246	157	137	248	104	223	8	23	29	147	188	99	209	68	30	186	228	156	140	81	241	
187	140	71	216	28	147	202	120	85	66	208	214	113	201	176	229	124	168	22	239	233	191	118	191	176	106	171	192	63	141	112	180	
90	149	250	254	243	244	191	197	57	71	79	131	125	255	46	64	183	127	179	129	18	152	184	227	247	255	158	131	164	82	173	91	
8	145	153	185	19	196	48	63	38	81	106	21	157	183	64	64	131	59	35	144	19	152	211	17	205	229	30	76	152	0	161	154	
39	182	248	65	253	253	240	91	75	253	61	108	10	220	223	188	157	138	198	24	151	50	254	210	15	93	21	255	203	206	94	215	
6	56	178	147	243	253	184	66	63	93	93	147	140	158	119	140	167	27	147	149	150	156	50	210	15	20	26	227	135	69	45	215	
206	90	228	177	234	32	185	146	159	255	18	247	140	174	215	79	231	69	255	149	180	68	199	192	76	114	251	254	142	245	21	85	
86	178	253	176	170	120	57	155	171	255	22	245	140	255	206	90	167	23	253	16	150	69	171	210	138	214	127	239	132	228	5	87	
161	251	115	65	246	139	239	113	121	12	116	230	48	5	180	52	126	56	2	120	209	184	100	108	44	28	36	192	103	136	198	181	
129	217	255	83	244	206	237	23	124	73	118	112	177	23	152	120	6	58	22	24	243	188	113	97	69	186	50	192	196	128	193	249	
226	185	108	152	75	193	189	71	139	118	132	171	40	157	102	15	204	59	243	193	66	75	242	241	87	16	218	187	23	92	55	250	
163	33	98	141	109	25	248	71	205	96	219	207	136	136	246	230	234	141	126	197	149	187	197	192	22	120	138	59	77	142	249	140	
91	147	112	244	55	156	220	49	121	92	52	173	239	127	158	149	151	161	149	165	252	40	28	221	234	223	254	199	111	164	203	87	
83	145	107	193	22	70	171	52	100	225	94	230	81	52	156	100	54	132	58	253	145	144	181	68	125	44	170	196	45	130	241	117	
210	99	98	160	11	1	56	71	173	36	154	135	13	143	102	192	238	149	207	245	78	7	129	208	147	80	138	255	39	6	165	74	
26	217	98	154	118	209	190	229	141	21	92	179	45	222	190	196	102	59	147	195	86	9	30	245	50	117	154	203	22	142	173	222	
185	92	111	252	36	102	79	114	213	202	222	2	55	54	177	121	108	240	21	235	233	151	52	174	177	235	234	128	37	249	116	121	
16	197	60	251	148	197	125	63	132	85	78	3	245	127	42	97	96	51	27	160	78	136	115	157	239	231	254	65	48	10	165	122	
47	151	228	143	236	55	174	249	79	122	217	231	104	44	191	173	255	195	183	167	149	50	111	253	54	30	239	182	223	255	216	221	
166	112	98	192	103	119	184	64	141	236	241	187	12	156	119	40	254	153	151	247	132	183	32	192	23	24	139	175	87	125	119	215	
26	189	59	234	157	213	83	252	207	76	220	7	60	222	102	32	248	59	151	215	215	43	58	245	251	89	143	107	26	15	245	255	
6	112	178	147	119	244	184	66	63	77	95	19	140	158	127	8	255	59	147	145	134	148	186	226	15	20	154	195	133	71	45	215	
184	200	127	238	14	66	199	236	197	6	244	162	115	5	181	97	106	240	15	106	104	39	36	189	114	235	224	17	119	186	116	104	
54	8	18	186	11	193	146	224	137	4	177	43	142	222	111	9	218	177	143	243	12	3	10	248	155	212	11	63	144	47	47	71	
163	9	99	131	236	152	168	67	237	65	250	90	136	8	148	235	234	175	90	133	213	186	196	224	20	56	138	74	77	14	251	132	
91	146	112	180	55	156	216	49	57	93	52	175	175	107	150	20	190	161	149	165	220	40	4	221	202	219	250	199	111	164	91	87	
46	48	176	137	111	117	184	202	31	31	89	19	204	254	127	140	223	25	179	145	6	118	91	210	7	22	155	175	215	95	61	199	
186	93	122	252	13	86	156	119	149	14	220	35	41	125	55	193	232	243	151	227	108	175	0	238	115	251	222	155	119	252	124	219	
131	159	11	157	62	130	169	51	156	73	90	247	180	237	180	64	102	43	59	141	243	189	7	95	100	36	170	200	29	8	177	121	
46	112	224	201	237	117	152	202	91	255	25	187	136	252	95	142	223	93	179	149	134	118	219	194	7	30	219	191	215	125	94	215	
2	151	3	189	226	162	60	103	61	15	74	243	172	46	32	81	247	59	23	133	112	153	0	223	181	54	218	130	4	68	165	223	
26	145	250	253	179	232	188	71	62	11	126	179	173	191	38	72	167	31	167	128	18	152	3	195	223	231	58	131	233	64	173	155	
59	105	99	76	116	211	207	69	85	196	252	143	43	140	183	176	122	232	150	207	205	187	52	238	114	93	133	1	127	190	118	220	
210	102	66	160	3	3	126	71	45	38	146	155	13	15	100	64	238	145	207	167	72	3	1	194	179	84	154	191	37	92	165	74	
135	147	238	151	222	16	172	237	142	213	91	247	96	236	254	195	255	67	179	247	247	217	46	193	44	0	207	199	29	46	189	213	
6	53	178	139	247	244	186	74	31	13	89	3	140	222	111	204	247	27	147	145	22	152	24	214	15	20	154	203	150	71	45	199	
183	116	226	192	231	118	252	81	89	238	183	191	8	188	247	43	254	253	151	167	172	247	180	194	23	88	206	167	231	255	118	215	
200	153	60	186	61	205	177	228	142	29	176	41	174	222	46	65	198	51	223	67	86	41	90	181	239	209	122	251	82	14	133	203	
78	157	250	254	211	228	59	210	59	69	79	131	60	255	42	80	119	251	179	195	18	26	186	227	127	45	142	77	167	211	165	242	
179	72	69	217	76	151	200	122	85	114	208	214	48	8	181	237	72	168	22	236	237	254	119	223	20	26	209	144	63	137	112	236	
109	30	117	93	108	62	107	58	69	194	126	228	187	119	129	247	70	124	62	46	129	144	247	140	70	251	96	152	62	169	64	177	
161	154	89	169	118	129	187	95	30	65	112	247	181	140	166	64	206	11	134	85	183	190	101	183	44	9	58	192	93	136	113	217	
71	186	218	145	226	48	184	2	43	19	94	247	140	174	214	78	103	223	191	149	151	220	135	194	30	118	154	199	141	197	169	149	
45	81	96	106	108	7	203	216	70	120	241	238	89	90	189	56	220	152	23	255	137	50	92	148	118	216	161	252	95	191	114	145	
16	129	61	235	156	207	103	61	6	1	203	3	247	119	40	96	240	147	59	168	90	24	91	21	237	164	130	64	48	10	164	42	
136	220	63	121	48	206	113	182	252	91	118	80	191	87	160	113	167	18	22	24	163	141	50	111	231	191	50	192	202	144	231	187	
163	227	119	81	246	155	173	117	125	12	112	230	40	68	180	165	126	56	2	124	211	184	36	205	44	24	38	194	71	140	230	189	
47	122	232	4	78	29	251	216	203	252	52	175	25	204	215	6	46	204	87	127	197	118	254	224	118	8	37	188	111	191	86	213	
26	217	34	154	95	209	190	237	143	84	93	131	108	206	62	196	253	27	147	195	86	11	58	245	51	117	138	205	23	14	189	222	
191	112	233	177	78	77	251	216	83	241	81	143	25	204	95	40	63	217	23	223	135	114	124	144	95	73	173	236	253	191	87	210	
47	147	230	0	252	51	238	248	79	224	191	239	73	236	191	164	95	197	247	239	157	179	109	220	42	94	237	244	223	255	88	213	
178	147	106	169	118	147	187	72	30	29	85	179	13	219	174	64	234	25	151	243	38	23	12	211	86	73	170	175	53	13	61	195	
99	148	53	208	127	213	152	119	137	249	144	126	12	158	244	182	198	49	223	129	177	11	50	215	27	94	154	250	22	4	167	127	
38	163	176	154	221	245	178	201	91	253	121	11	12	204	126	8	217	11	131	21	22	58	234	242	13	20	31	111	209	79	215	215	
147	207	99	156	30	146	143	238	149	68	216	227	105	206	182	229	126	249	183	231	239	15	38	255	176	100	174	202	55	188	49	125	
134	112	226	192	229	117	184	64	137	234	209	183	12	158	119	8	238	185	151	151	192	183	48	194	23	28	154	167	197	95	117	215	
74	155	49	170	43	201	19	188	143	12	184	105	174	223	40	68	134	19	239	67	82	41	74	245	249	212	42	250	22	14	5	107	
238	88	242	212	109	85	190	200	139	190	180	43	72	252	127	143	235	209	179	227	68	103	186	224	23	90	207	175	87	127	125	215	
199	141	174	158	220	150	190	233	142	220	147	151	84	236	126	67	237	99	59	247	182	65	190	245	61	0	239	205	21	47	185	212	
38	88	178	154	237	116	190	200	159	30	85	19	12	222	111	76	251	89	179	211	70	118	154	240	23	16	203	175	151	127	61	215	
169	220	121	187	118	177	185	55	20	79	92	247	189	12	178	97	79	59	151	13	167	188	101	191	108	203	186	192	63	141	149	249	
33	12	239	221	100	162	233	18	92	75	94	82	145	48	180	104	73	46	50	140	145	188	101	222	4	47	242	128	157	233	112	232	
153	223	110	189	54	146	111	55	52	72	94	230	61	39	178	97	118	110	55	140	233	152	37	173	230	235	178	128	47	152	176	249	
43	253	59	202	252	213	223	221	79	73	124	108	188	223	246	32	221	59	23	92	211	43	58	255	111	221	175	234	30	158	211	249	
127	46	234	12	126	59	202	122	69	196	221	207	107	236	215	160	126	232	215	175	140	182	231	138	118	77	137	168	103	239	90	84	
2	159	47	159	178	130	173	247	188	73	90	247	180	167	176	64	102	43	27	141	243	152	5	127	228	39	190	128	156	208	177	249	
146	159	159	191	178	128	189	103	188	77	90	247	188	166	32	64	230	51	31	133	115	137	1	239	172	54	190	194	148	0	165	253	
187	181	107	79	85	215	215	125	85	76	253	7	120	252	62	164	248	186	147	231	239	186	124	191	119	77	132	171	127	14	252	254	
233	88	113	93	125	191	105	50	237	202	118	84	187	135	177	252	70	52	62	12	161	188	116	206	71	255	48	144	26	172	64	189	
7	191	207	145	240	164	168	135	174	89	90	215	149	174	212	106	231	127	51	157	151	216	149	224	12	60	190	196	140	193	177	213	
255	4	228	68	238	50	222	154	201	242	191	154	75	108	223	47	127	196	53	239	189	99	237	202	118	127	197	188	231	255	80	117	
57	129	113	76	85	83	79	109	81	5	252	10	43	40	190	180	88	138	6	108	222	186	100	159	119	253	128	105	115	142	238	236	
182	1	224	219	198	32	232	72	91	19	81	18	72	202	125	72	126	201	23	243	146	54	142	194	22	24	206	172	149	255	241	128	
45	104	128	217	237	177	72	192	87	153	116	10	136	209	241	236	89	168	18	92	10	114	74	176	14	92	149	105	178	157	120	164	
114	96	2	136	75	1	170	69	141	32	128	139	0	130	36	80	232	149	75	179	72	3	192	192	177	0	138	63	17	24	166	142	
14	151	56	155	245	241	187	212	15	93	93	183	236	94	174	228	223	27	151	209	151	8	107	247	46	93	174	207	158	15	189	215	
166	116	226	144	231	38	252	68	153	202	243	179	12	156	119	43	238	253	151	167	176	247	0	194	23	24	222	162	197	125	245	215	
161	33	2	137	76	9	160	65	236	32	202	90	128	136	52	98	104	141	74	133	84	187	197	192	20	32	138	88	69	8	249	132	
28	157	250	250	215	244	127	214	19	77	108	3	60	255	42	64	249	251	147	210	18	154	186	243	127	237	142	75	179	87	165	251	
30	141	226	138	143	241	142	232	23	4	205	131	105	238	63	196	121	219	171	195	30	11	62	247	187	101	143	77	183	127	189	214	
138	92	54	188	173	116	188	102	157	158	210	19	172	190	55	207	233	243	143	131	108	239	18	234	179	115	222	11	151	124	61	223	
62	141	34	138	141	241	206	238	135	20	220	3	96	204	63	204	249	202	131	247	94	43	26	245	59	71	159	125	147	95	124	222	
47	121	227	128	77	69	239	212	131	248	80	78	24	157	117	167	76	232	19	223	193	119	146	224	55	24	141	172	79	191	114	248	
233	26	202	29	118	178	200	18	113	194	246	244	155	8	151	244	94	172	22	173	173	182	229	142	6	127	178	136	239	165	122	213	
88	131	123	238	50	208	89	55	161	13	142	168	175	39	170	80	86	179	205	128	26	11	33	93	251	229	58	209	54	130	39	107	
131	199	103	91	247	155	172	101	221	72	115	246	232	76	188	165	126	42	130	173	247	180	44	223	46	24	134	194	95	142	241	181	
80	157	95	236	155	98	23	99	161	130	170	34	92	247	32	82	227	247	249	160	121	139	18	79	243	231	66	11	177	98	165	115	
