菁纯柔润唇膏（丝绒雾面版）套装	#295（丝绒）清醒	http://www.lancome.com.cn/on/demandware.static/-/Sites-lancome-master-catalog/default/dw84615e65/images/LAN_PRO_IMG/Product Set/LAN00284/L9602300U.png	http://www.lancome.com.cn/dw/image/v2/AARM_PRD/on/demandware.static/-/Sites-lancome-master-catalog/default/dwcc61a713/images/LAN_PRO_IMG/PRO/295-1.jpg?sw=490&sh=490&sm=fit
96	185	223	190	170	204	21	165	170	93	186	41	116	247	64	18	175	247	109	194	82	107	154	117	217	178	119	91	65	2	167	251	
253	173	155	84	213	110	103	251	115	155	174	24	83	117	72	54	217	222	108	58	123	227	251	42	123	255	69	77	195	104	246	162	
18	95	22	191	29	198	246	228	149	140	218	35	110	254	37	196	232	245	175	195	76	187	11	254	177	246	206	3	49	62	124	95	
132	105	94	93	10	130	174	98	180	128	226	129	177	195	37	19	110	117	107	206	96	207	131	108	96	170	67	8	65	177	35	136	
60	253	184	107	221	79	215	236	87	253	173	24	82	121	78	24	217	222	67	122	120	115	249	54	123	223	5	127	211	91	198	226	
124	77	246	237	157	210	118	244	245	140	222	3	73	251	35	194	248	244	175	226	108	179	3	238	243	239	231	131	55	63	252	3	
229	36	141	51	168	102	104	11	54	251	227	80	209	50	88	123	201	143	126	157	59	214	203	0	141	186	251	196	136	65	242	160	
90	147	105	161	42	128	24	49	134	172	146	231	173	15	224	64	230	181	253	229	72	9	131	212	218	193	239	247	60	166	37	91	
245	78	143	239	44	6	79	48	196	202	211	68	243	97	177	107	88	228	60	238	169	167	81	44	224	171	226	16	24	251	112	32	
187	148	101	157	79	118	141	107	85	82	196	150	120	126	186	239	95	147	179	175	237	214	119	223	21	42	218	128	63	228	48	244	
186	147	40	169	188	133	216	111	23	125	208	183	163	108	58	0	220	139	151	133	222	58	67	151	207	213	184	253	85	12	252	211	
14	32	131	64	73	45	105	72	183	55	163	28	8	131	72	158	41	132	107	156	2	87	155	80	29	154	81	60	227	229	35	160	
11	182	221	255	238	38	120	158	31	251	86	118	253	243	201	239	247	79	63	156	163	212	203	234	206	255	255	132	158	248	41	41	
252	62	156	122	171	168	80	19	178	159	165	57	7	231	66	91	195	183	237	16	56	111	194	2	219	227	117	89	224	104	142	3	
61	159	194	235	150	187	234	248	71	173	223	230	99	233	191	68	121	234	30	220	158	177	109	191	190	205	175	244	191	203	88	132	
42	173	67	218	217	241	10	79	151	1	236	136	40	247	36	180	89	186	195	144	26	139	90	255	59	212	137	107	147	134	174	174	
153	140	71	190	148	162	111	247	84	195	222	214	113	227	176	228	125	238	62	141	185	155	5	239	248	175	190	128	189	232	248	56	
153	119	111	37	34	90	63	48	100	204	94	228	221	6	147	113	118	60	221	238	193	144	165	12	228	233	42	128	44	182	35	241	
52	132	73	171	254	35	163	59	22	57	121	251	215	105	200	0	91	11	39	60	50	54	73	23	76	134	179	252	245	203	209	161	
29	135	102	235	156	147	74	248	132	132	223	198	251	107	186	224	126	163	31	239	220	137	109	157	250	237	171	213	55	143	248	128	
95	109	122	229	50	94	127	240	61	228	254	130	95	127	131	112	62	253	223	238	200	145	61	238	247	253	47	133	39	179	39	113	
18	178	110	161	58	131	153	112	140	205	158	167	173	15	146	0	238	161	221	181	142	137	69	205	218	65	170	211	44	140	61	91	
13	206	7	189	164	6	172	183	84	18	82	214	221	35	176	233	103	68	59	239	241	148	69	222	228	35	255	196	30	185	177	32	
85	85	223	228	160	116	109	53	160	210	15	68	215	119	73	123	117	213	61	234	73	208	179	64	211	235	231	12	168	243	162	48	
45	100	242	234	246	187	239	216	95	195	125	202	95	200	253	164	127	249	23	159	131	182	172	218	118	77	39	172	255	255	115	165	
19	155	71	185	146	162	57	215	190	65	90	247	253	231	176	72	119	63	55	149	179	216	7	255	204	38	190	192	172	192	161	249	
206	20	180	149	170	42	188	15	190	115	11	177	204	63	136	75	167	87	251	17	176	204	71	226	134	115	94	151	150	244	141	81	
125	85	37	96	136	111	71	216	225	234	165	72	211	119	9	187	16	192	76	110	41	35	120	28	241	203	97	52	234	243	70	112	
3	50	166	141	61	158	184	86	235	73	217	229	172	140	182	162	174	41	223	149	135	169	164	205	6	125	154	195	79	6	123	221	
157	7	5	249	149	135	234	184	84	16	194	214	209	97	49	197	120	192	42	238	49	188	93	191	36	235	227	68	127	169	120	32	
120	182	158	48	169	41	84	207	179	191	164	57	15	187	72	155	137	215	237	16	58	111	194	17	219	211	117	127	226	72	206	11	
10	176	183	217	235	221	185	215	143	121	116	126	156	223	108	172	175	27	255	16	147	122	250	209	207	209	63	239	218	12	133	255	
29	93	121	231	114	78	127	248	61	224	127	166	223	127	137	112	54	221	95	238	193	144	61	238	247	237	39	132	45	179	35	241	
207	221	174	159	164	54	239	183	116	95	95	86	241	114	191	239	89	102	53	239	249	212	125	175	36	63	254	128	140	119	240	101	
121	64	127	237	68	26	111	56	117	162	246	66	83	3	149	117	122	140	46	234	201	180	101	140	214	235	226	4	103	170	96	32	
172	18	218	186	226	233	177	72	60	5	115	183	77	211	106	24	254	27	131	18	18	180	10	34	68	225	34	203	241	11	111	211	
3	177	191	93	116	158	185	99	122	89	116	70	48	188	182	39	172	58	18	13	183	248	180	205	15	56	18	130	205	8	115	255	
248	40	148	112	41	191	80	130	235	186	160	88	142	27	65	159	129	245	236	80	60	111	210	240	155	216	65	127	194	117	74	6	
3	45	173	133	148	167	174	71	94	161	88	198	177	40	181	33	76	43	19	141	192	248	85	232	37	12	158	32	221	88	209	168	
60	121	120	98	53	205	87	248	65	172	252	8	127	89	27	48	184	248	213	106	202	51	120	189	243	205	37	61	99	187	86	43	
11	168	234	97	85	214	250	82	23	225	111	135	9	143	118	164	124	172	147	156	156	184	20	206	95	205	139	67	239	142	120	222	
20	253	170	190	218	195	191	205	22	132	88	163	117	255	43	0	255	251	3	211	66	155	10	63	249	135	175	169	181	123	165	211	
151	150	202	149	242	42	109	159	63	227	119	247	89	35	155	93	119	206	55	188	177	212	13	78	94	46	255	196	175	245	248	209	
149	68	227	79	150	50	239	112	116	194	243	82	83	96	181	100	126	228	62	174	233	182	109	142	176	238	167	128	239	251	112	100	
35	253	194	12	221	31	230	237	93	234	252	78	106	248	183	180	248	238	182	111	221	186	212	238	54	62	135	42	95	126	250	140	
201	200	47	252	32	146	77	182	212	90	70	176	249	103	179	109	70	98	61	206	233	205	39	189	226	251	254	128	22	149	48	104	
161	173	251	85	246	239	189	71	88	201	120	18	52	189	52	32	186	58	19	13	227	186	48	75	119	12	36	130	197	232	227	171	
25	135	126	239	178	3	95	249	4	64	223	194	219	103	186	97	126	183	159	238	216	137	109	189	250	233	170	212	55	163	168	97	
124	249	154	238	185	92	87	253	163	140	172	9	63	255	66	82	182	255	237	66	90	11	154	33	251	237	37	127	98	178	238	11	
188	215	115	106	243	123	87	248	245	2	125	250	75	213	173	180	63	210	134	106	251	165	42	191	51	205	37	79	119	251	230	181	
95	64	143	165	2	98	41	12	164	215	199	135	221	231	59	202	118	68	185	188	9	213	181	128	197	231	218	132	174	247	61	112	
71	188	132	159	143	54	174	188	158	251	66	87	252	250	91	239	181	71	123	191	183	65	155	255	44	46	223	252	156	119	185	149	
49	141	107	254	212	163	239	247	84	65	254	66	113	233	180	96	121	234	23	137	187	187	44	255	120	175	166	192	245	202	240	168	
157	12	231	205	134	50	239	123	84	194	211	210	219	44	149	237	126	204	62	174	233	244	101	202	180	234	239	128	173	249	113	229	
177	68	101	205	68	35	239	254	85	34	244	66	83	33	181	117	120	204	22	234	233	182	101	191	118	170	226	132	119	249	112	168	
176	197	105	237	92	11	103	254	87	34	252	10	83	1	176	113	120	140	23	234	233	182	101	31	246	137	161	180	117	184	80	168	
77	160	144	24	233	124	113	139	235	93	36	24	142	178	78	222	129	10	232	24	22	110	186	209	143	217	19	111	210	69	207	198	
168	37	106	97	244	10	111	119	113	160	247	26	19	9	144	49	122	172	70	57	248	186	101	14	126	237	176	64	101	136	194	160	
2	144	156	191	168	36	188	175	142	31	90	37	236	119	41	74	199	83	59	5	0	128	27	241	197	54	94	135	144	126	165	91	
2	153	142	185	241	228	184	199	190	93	90	183	172	198	34	72	239	59	179	149	54	216	18	247	205	54	158	203	144	68	165	219	
248	13	250	227	244	186	123	18	121	1	127	18	155	11	148	120	106	174	23	152	154	184	225	198	198	253	178	128	229	203	194	161	
19	141	235	219	150	162	239	247	86	67	90	210	121	236	180	96	127	171	23	157	179	184	44	255	124	46	190	192	181	200	241	252	
220	124	31	115	170	239	85	158	183	254	38	60	215	119	73	59	39	119	124	114	107	212	249	60	233	195	117	84	170	241	135	115	
221	124	191	119	176	110	79	158	114	235	166	88	255	119	193	123	53	246	124	124	169	213	185	42	249	235	101	16	162	241	1	57	
182	96	174	147	133	102	188	200	154	182	177	147	73	236	127	10	249	125	211	183	36	247	152	194	25	222	223	167	197	127	247	214	
3	89	163	136	246	196	185	196	206	193	90	103	188	158	119	96	230	107	51	213	135	152	182	224	60	60	142	138	156	31	49	223	
236	180	157	126	233	126	87	190	49	31	236	24	210	117	9	63	153	214	108	106	57	98	251	35	239	255	85	95	194	123	198	99	
33	131	213	77	146	47	170	15	78	33	106	202	195	32	132	100	22	94	98	24	17	184	125	29	44	174	5	80	217	234	193	172	
14	184	179	144	233	253	185	71	175	221	181	189	140	223	102	30	175	59	255	149	19	79	186	209	95	81	31	235	194	4	167	243	
35	18	200	153	84	183	152	78	22	69	221	151	129	142	62	72	221	11	19	157	159	154	119	213	6	47	154	192	157	141	248	212	
3	43	194	169	176	164	170	214	46	193	88	199	173	142	209	64	238	255	23	213	159	154	134	224	172	164	170	136	141	147	35	216	
217	211	118	239	42	18	95	57	165	68	183	166	127	87	170	119	102	213	253	234	233	129	101	237	242	251	98	144	47	182	160	113	
149	221	255	90	182	115	231	254	94	218	95	114	80	120	189	109	123	90	22	107	241	244	63	127	105	14	103	132	253	251	249	165	
231	73	238	212	199	86	254	97	217	198	247	31	72	249	119	31	234	229	179	231	228	247	182	232	19	122	197	11	7	253	254	198	
9	25	251	221	215	247	179	214	94	65	78	2	188	188	53	232	114	123	178	81	145	184	54	248	69	47	154	1	151	121	117	172	
74	58	189	188	237	252	185	142	235	95	148	189	172	174	119	122	199	99	255	21	150	75	242	225	223	115	90	187	150	77	47	223	
246	6	108	136	108	51	206	106	17	254	148	255	3	108	183	143	95	128	215	167	172	39	68	218	18	91	201	191	221	253	94	21	
3	184	174	152	237	245	184	199	222	95	88	23	172	190	118	104	205	43	179	149	150	74	114	241	13	50	222	107	144	76	189	222	
56	205	36	237	29	207	71	175	87	38	236	11	115	57	52	196	217	250	147	106	104	190	89	191	227	223	133	53	115	126	212	106	
11	9	139	141	180	166	235	146	46	65	94	199	181	167	179	232	88	110	59	221	131	152	245	233	140	47	186	128	140	167	121	248	
39	110	131	128	236	39	162	202	94	251	152	90	148	248	249	168	217	73	18	191	135	247	172	224	25	22	207	238	152	121	51	164	
76	252	159	247	170	78	53	247	176	187	0	124	245	247	65	27	167	119	125	2	113	221	154	40	237	195	127	32	168	112	135	187	
180	255	253	95	202	99	167	254	82	178	124	242	113	119	173	175	127	94	6	234	241	246	45	126	105	142	103	164	245	249	231	161	
42	176	160	115	233	253	209	83	131	125	183	61	170	29	78	158	141	154	213	17	159	122	242	161	95	89	20	243	203	76	222	223	
9	204	58	95	69	253	177	230	92	3	102	18	185	249	52	109	185	58	34	8	97	188	50	191	79	223	86	64	83	88	105	170	
238	186	186	186	233	244	185	67	171	221	180	61	172	254	102	26	207	163	255	149	150	75	162	224	223	81	158	251	130	68	175	215	
188	255	209	234	211	35	95	252	19	198	253	191	89	231	233	213	127	218	135	254	106	7	40	58	123	207	165	172	179	247	166	241	
169	204	58	95	213	223	229	247	87	38	100	18	179	57	50	32	89	170	2	8	248	188	112	191	103	223	16	97	83	216	212	234	
95	13	231	229	145	22	111	51	165	196	207	199	249	102	147	231	116	230	253	190	189	217	61	140	234	239	239	128	167	230	240	116	
66	145	172	141	141	117	180	143	142	125	154	47	236	252	126	66	205	87	251	129	150	33	219	209	13	55	223	191	152	94	157	95	
178	197	20	206	29	85	86	236	139	22	172	10	106	251	47	151	216	210	200	98	110	35	122	255	179	248	192	59	83	63	110	14	
85	64	172	171	140	69	158	136	198	116	145	3	211	88	123	106	217	65	125	115	142	37	95	176	249	207	239	253	181	59	213	66	
38	77	130	158	212	131	174	193	22	130	89	2	96	202	33	64	120	104	2	194	96	183	10	254	48	38	143	136	149	123	240	128	
143	14	231	151	226	114	111	118	49	206	95	214	73	46	147	239	109	255	151	175	253	214	45	234	118	99	254	129	167	245	188	252	
29	151	99	235	182	163	235	250	4	65	219	231	219	111	184	96	126	155	31	189	153	145	45	159	232	197	175	196	191	203	53	241	
212	114	147	228	34	0	22	80	161	168	161	104	87	211	105	26	54	253	76	226	72	87	136	64	144	128	47	174	40	50	35	3	
208	194	30	240	42	201	85	119	182	63	167	185	87	167	66	19	167	145	109	2	104	79	10	17	243	195	117	125	112	112	133	99	
56	141	106	254	212	163	239	247	86	1	254	2	121	235	180	96	121	235	23	185	186	187	44	255	122	239	167	192	245	202	240	136	
0	148	156	159	180	34	61	175	30	3	74	118	252	114	40	65	211	95	50	129	51	220	83	255	172	54	254	2	156	88	177	9	
81	139	3	162	22	32	234	82	100	32	218	102	55	2	208	64	110	143	14	197	201	155	69	101	176	132	170	128	45	10	48	8	
221	76	255	118	160	110	71	150	117	171	174	16	243	119	17	122	49	228	124	42	41	197	121	42	243	239	101	16	162	241	96	40	
1	11	89	195	36	136	169	17	174	0	27	194	181	195	209	96	102	51	62	220	131	0	70	81	132	140	170	128	28	130	81	184	
54	253	251	254	214	195	191	237	22	196	120	163	113	255	33	0	251	251	19	243	82	179	26	127	121	135	175	137	181	122	165	210	
20	221	59	235	150	199	55	252	52	128	202	2	215	247	41	64	114	121	31	242	105	177	56	63	233	167	47	68	48	123	165	179	
92	213	95	238	50	70	71	184	164	0	203	0	87	119	41	113	114	212	125	106	105	129	57	45	241	235	39	20	32	179	165	50	
195	176	160	158	46	136	184	8	187	242	17	191	172	206	95	11	167	241	253	135	230	69	142	211	132	18	219	190	4	36	3	85	
198	232	164	151	46	0	188	128	174	243	147	147	172	46	80	75	103	87	127	151	194	93	139	227	156	50	223	160	132	37	49	137	
179	149	110	159	129	214	188	101	148	87	199	151	113	46	62	99	236	163	155	135	253	221	52	239	35	107	218	1	13	4	249	220	
101	212	153	79	109	94	70	153	106	122	45	92	210	48	92	182	145	76	112	42	209	52	249	19	39	189	1	52	88	99	202	180	
172	9	122	251	244	168	123	144	121	1	119	18	155	43	157	121	238	171	23	216	186	152	96	228	198	249	178	192	228	139	224	161	
82	95	23	191	61	194	118	228	189	204	218	103	111	254	39	198	252	253	175	195	77	177	137	239	181	246	206	131	52	62	125	95	
212	6	188	247	164	96	53	39	188	159	151	48	213	55	73	75	225	87	109	130	48	197	171	66	197	227	254	135	128	112	165	35	
252	190	158	184	171	168	84	71	179	159	161	189	15	235	66	219	135	183	237	16	62	79	194	0	218	243	116	123	234	68	142	19	
117	226	236	168	28	45	74	218	19	91	144	223	147	73	91	10	89	192	93	127	158	103	95	177	218	223	161	252	253	189	122	82	
100	32	138	88	9	181	192	72	178	146	161	8	194	202	77	184	217	104	106	146	14	103	218	16	27	210	195	61	192	99	106	134	
179	245	106	174	114	132	186	117	56	76	121	223	61	206	62	16	254	171	19	165	231	159	16	207	114	77	174	168	13	70	35	219	
94	95	214	239	61	210	126	244	181	140	218	35	107	191	51	192	248	245	191	227	76	187	139	238	243	247	142	131	39	191	124	27	
218	30	156	188	171	57	88	11	191	63	130	189	175	171	107	219	167	215	237	133	62	79	130	51	210	243	120	185	184	69	11	27	
51	150	104	154	118	180	122	249	19	79	117	247	104	75	190	81	255	139	23	174	182	150	156	215	94	47	176	238	61	143	250	215	
189	221	126	122	247	59	246	252	85	82	125	242	123	125	191	37	63	210	134	106	229	229	60	191	122	207	101	69	255	251	232	151	
245	176	201	168	28	45	202	152	22	243	144	223	211	72	88	170	153	192	93	119	191	103	223	51	153	30	137	124	253	169	88	80	
21	183	78	235	156	175	195	248	199	232	191	102	115	104	191	97	120	226	94	254	191	161	45	189	186	204	167	208	189	139	80	85	
71	249	132	157	142	83	172	174	222	250	146	110	252	250	211	239	243	69	122	253	165	203	223	221	188	46	255	254	172	116	57	93	
94	125	114	231	83	94	126	240	61	172	254	3	95	123	17	208	118	253	255	234	72	147	153	238	247	237	175	129	47	183	47	131	
143	189	126	211	244	156	123	144	59	89	119	48	189	95	253	105	39	123	23	218	179	248	42	230	110	217	38	196	134	131	193	177	
27	143	195	189	146	130	107	247	54	65	94	214	125	231	176	228	119	239	63	141	241	153	4	255	252	175	190	192	175	132	169	185	
31	77	122	231	114	94	127	240	61	228	254	130	93	127	131	112	54	253	95	238	192	144	61	238	247	237	175	132	39	179	39	241	
189	220	252	88	194	115	254	254	86	146	252	242	91	117	173	189	127	218	134	250	245	230	63	126	123	207	101	5	255	249	238	177	
168	100	111	227	116	11	231	119	117	161	247	26	147	9	144	49	106	172	70	40	249	190	97	78	102	139	244	64	103	136	210	168	
61	100	250	238	118	51	238	216	126	192	125	202	93	200	253	160	127	249	23	255	129	178	172	218	242	205	47	164	255	251	107	161	
11	184	51	217	237	221	185	215	143	121	116	126	188	222	100	236	239	59	255	17	151	107	186	241	31	209	62	235	222	12	141	255	
2	153	135	185	249	228	56	199	190	89	90	81	188	247	32	72	205	59	187	149	18	200	82	247	141	54	190	202	152	68	165	187	
10	184	179	216	233	253	185	87	175	89	52	189	188	159	102	158	207	59	255	21	147	75	242	241	79	81	190	235	142	4	167	251	
32	191	253	85	202	99	173	255	18	178	116	246	81	39	197	175	95	94	114	184	249	250	231	94	111	175	247	164	247	248	230	185	
120	253	122	102	176	205	87	252	33	140	252	9	63	219	64	16	186	255	197	98	74	43	152	45	251	205	37	57	98	178	238	11	
27	141	107	251	212	131	239	247	86	65	222	194	113	237	180	96	121	170	23	153	187	187	44	255	120	47	174	192	245	202	240	232	
253	76	227	109	148	50	207	123	85	194	251	82	83	40	181	100	120	204	62	174	185	182	101	142	176	238	167	128	253	249	112	100	
121	64	103	109	68	10	105	112	101	162	246	66	83	3	149	117	120	140	46	168	201	182	101	140	214	235	226	0	103	168	112	32	
34	176	169	155	237	253	176	143	158	95	88	21	172	188	122	106	201	27	187	21	150	106	242	241	141	22	222	251	144	76	149	223	
78	221	180	179	171	60	188	175	191	27	11	177	236	126	77	79	135	87	251	23	54	72	219	227	173	114	95	198	150	119	137	15	
3	176	181	155	237	253	176	207	222	127	49	125	140	188	94	42	143	27	251	17	150	124	251	209	13	26	95	255	208	76	151	215	
67	218	131	167	32	133	41	21	14	105	27	199	188	150	112	192	164	53	63	133	129	25	145	193	133	36	186	128	12	14	17	121	
179	147	33	57	149	221	208	97	95	105	113	93	130	152	126	32	153	11	23	21	254	56	112	151	139	93	16	243	88	12	217	215	
29	151	103	235	180	3	75	184	5	104	223	230	223	103	184	229	126	150	157	239	249	145	109	157	234	233	171	212	62	175	52	113	
36	77	194	158	212	131	166	105	150	130	121	2	96	232	49	64	120	106	2	67	80	179	8	255	48	38	135	8	85	122	176	128	
74	186	185	184	237	252	185	223	171	95	148	189	172	190	95	90	199	27	255	21	150	75	242	241	223	113	122	251	150	76	135	255	
56	141	66	234	212	163	198	247	23	1	248	2	115	233	48	64	121	234	6	48	26	187	8	191	122	239	167	72	247	218	240	136	
252	196	33	184	141	103	79	254	23	178	156	90	95	245	121	205	89	218	189	251	123	71	219	178	249	199	229	188	190	253	180	32	
219	211	102	238	40	18	93	57	165	86	183	254	75	103	170	247	102	213	253	238	232	199	109	205	242	251	226	150	54	180	168	101	
220	120	159	244	40	79	17	184	166	188	182	40	255	215	65	11	34	116	108	114	105	101	187	40	217	243	99	120	98	185	5	51	
151	150	198	85	242	42	237	223	63	243	119	247	89	99	159	93	119	206	55	188	177	212	13	194	92	46	255	196	175	228	225	177	
219	87	111	101	32	94	127	48	45	206	150	228	223	31	147	243	118	85	221	239	233	129	117	200	226	249	106	144	46	247	37	113	
70	129	153	175	190	32	190	137	14	53	11	201	212	247	104	66	215	87	59	149	18	0	219	211	237	180	143	254	148	122	133	51	
220	93	95	239	34	66	79	184	36	166	211	162	87	119	137	83	118	212	109	234	105	145	41	44	241	163	231	148	36	179	36	97	
177	68	109	205	76	11	229	118	85	34	246	90	83	33	144	53	120	140	86	232	233	190	101	158	118	138	240	180	119	248	80	168	
16	77	123	237	22	67	143	252	20	132	218	162	247	127	33	64	126	253	31	227	104	145	77	46	249	167	175	132	37	186	53	251	
185	12	229	221	100	50	239	50	84	226	242	210	243	44	149	235	111	238	55	207	169	252	101	234	132	235	250	128	237	249	80	188	
108	50	248	66	233	124	113	27	235	255	181	61	142	149	207	254	129	132	236	20	151	103	250	208	207	217	117	127	202	228	206	87	
219	195	103	238	173	18	78	185	133	52	183	198	75	75	186	247	110	197	127	238	252	139	109	221	242	251	227	212	55	166	224	68	
108	212	253	94	233	127	87	155	123	255	175	56	222	119	201	63	149	214	108	58	57	100	251	18	255	255	117	126	210	240	198	115	
36	245	153	115	252	237	87	140	27	186	41	24	214	113	73	56	147	90	119	26	51	98	219	51	111	222	21	126	216	123	195	163	
197	117	221	71	98	30	110	152	121	232	111	108	223	115	141	255	54	84	124	106	225	240	249	76	38	251	101	4	74	243	75	49	
93	206	206	77	13	50	110	190	101	3	206	198	75	98	178	230	112	196	172	174	205	144	215	225	54	239	194	1	47	246	248	4	
168	147	40	253	180	133	93	57	22	13	84	247	49	15	48	65	92	154	151	196	250	156	65	149	231	227	184	201	54	136	180	251	
2	146	255	95	98	242	185	112	108	13	119	231	105	236	190	40	190	59	151	129	150	184	47	117	70	47	250	131	213	194	101	239	
25	141	199	254	148	178	111	247	245	194	222	214	113	227	176	228	121	238	62	142	249	155	37	239	250	239	190	192	191	232	240	60	
11	164	221	255	238	54	121	158	127	243	86	82	253	227	220	239	247	79	62	156	181	216	235	243	142	255	255	132	142	248	233	41	
181	213	115	126	230	173	246	252	221	66	121	123	114	248	60	49	191	251	6	99	229	181	28	255	50	60	5	50	125	251	200	135	
69	118	92	71	116	30	102	152	109	234	127	108	211	80	157	115	148	68	108	110	229	240	93	12	38	187	37	132	72	179	75	5	
101	17	152	103	228	30	230	184	106	234	51	76	215	120	223	120	149	76	116	110	213	180	217	26	76	191	97	116	72	187	74	133	
93	13	149	205	164	38	79	178	69	72	222	66	218	51	145	238	84	198	60	236	9	152	113	204	192	190	226	132	186	243	112	41	
202	234	128	178	141	249	16	142	191	149	4	57	174	229	66	143	129	90	233	17	18	110	202	177	137	81	93	123	194	92	159	74	
88	249	159	174	170	204	159	221	174	156	178	169	253	215	64	82	174	119	109	194	66	75	154	117	249	161	47	153	64	50	167	123	
57	200	164	255	29	247	69	191	87	97	206	2	251	189	50	228	89	166	187	8	9	168	113	189	227	255	212	81	146	222	220	106	
120	182	150	48	169	169	84	207	171	63	160	253	143	163	72	155	135	215	236	16	62	75	194	49	154	211	117	127	234	76	142	27	
58	150	122	127	114	166	185	119	60	143	121	247	121	47	190	1	254	59	135	132	224	184	36	79	68	143	250	129	69	194	101	249	
7	44	129	161	21	239	168	2	90	225	24	74	149	56	85	168	185	237	16	149	7	240	212	208	141	28	155	118	205	73	83	196	
132	74	142	53	8	163	236	2	180	154	226	209	209	163	1	11	41	101	106	206	32	245	67	104	68	162	99	0	65	241	33	0	
108	148	221	125	169	110	81	154	127	191	167	56	214	245	73	126	145	84	108	56	41	116	251	18	223	255	117	62	210	232	70	51	
53	114	196	164	172	45	78	216	66	250	145	207	83	104	91	27	93	192	124	111	141	99	223	32	144	202	229	188	253	251	218	144	
152	111	7	161	50	135	175	246	164	142	248	231	173	15	49	129	110	51	135	231	224	157	0	254	224	208	46	128	47	150	39	153	
8	191	88	185	178	170	55	183	52	13	90	245	167	35	128	80	23	127	132	48	186	216	65	63	236	231	36	194	172	192	135	25	
178	151	33	169	189	141	214	47	31	105	208	125	182	28	48	0	221	139	29	5	255	46	65	151	169	84	190	242	28	12	144	91	
67	222	173	158	43	252	20	55	171	91	15	109	172	190	130	247	165	119	253	5	215	73	186	245	179	115	120	219	26	4	143	95	
88	252	191	183	162	110	29	191	182	219	206	48	255	247	1	123	39	127	125	154	121	216	187	40	233	227	127	128	162	240	165	123	
102	177	184	168	252	109	27	137	11	109	153	173	206	253	90	80	215	159	253	21	154	2	218	211	217	85	141	255	148	46	149	83	
3	121	43	174	86	132	171	85	172	192	72	71	188	222	115	96	236	43	19	221	199	155	182	233	169	41	142	40	13	30	49	248	
6	77	130	158	212	131	174	225	150	130	89	2	96	234	49	64	120	106	19	195	98	186	10	255	48	38	143	136	21	122	240	128	
72	191	29	101	180	42	100	183	100	25	74	96	247	51	128	114	129	86	124	56	17	152	65	61	236	255	118	68	8	194	211	41	
44	117	189	82	253	109	215	221	91	251	189	24	214	253	77	62	153	90	118	122	121	98	251	50	107	223	5	62	210	123	198	243	
111	178	233	115	233	125	153	218	171	125	181	189	154	28	222	190	141	151	221	21	159	98	250	129	223	217	48	255	207	205	158	215	
21	60	129	129	180	39	161	202	94	249	152	66	150	48	241	40	217	76	30	57	155	243	105	128	153	4	175	244	136	105	49	229	
163	140	46	157	141	212	252	167	220	95	198	19	224	124	62	107	201	66	187	163	126	205	58	247	3	123	218	87	16	12	252	198	
220	189	157	115	170	79	85	184	183	254	166	56	255	119	73	59	39	247	125	122	105	197	187	42	203	211	117	20	162	241	7	123	
112	78	189	126	44	102	79	162	249	30	246	0	107	107	53	123	193	230	61	10	40	111	99	173	195	254	208	25	210	241	116	40	
208	76	31	252	44	226	17	170	156	158	130	48	182	87	33	75	193	113	237	98	104	197	99	46	193	227	122	27	16	57	37	107	
182	104	238	214	199	70	188	229	249	246	163	19	72	254	127	27	233	229	251	227	228	231	156	226	51	58	207	7	69	116	254	198	
246	229	193	202	157	36	78	216	19	2	137	90	67	215	233	212	81	218	29	254	107	7	218	179	187	252	133	254	190	247	240	36	
120	233	5	126	13	93	70	232	131	56	172	8	98	211	37	150	200	210	237	74	74	3	218	189	179	217	193	59	18	59	94	42	
34	13	98	158	212	131	174	109	86	128	89	2	104	232	52	64	120	234	19	195	240	179	10	223	48	46	143	136	85	58	240	128	
213	75	14	172	8	6	95	184	36	174	135	143	87	99	27	83	116	197	125	238	104	199	89	62	240	227	237	148	40	179	48	82	
134	12	130	155	212	162	172	67	62	131	83	18	72	234	48	72	123	43	51	145	48	220	10	202	28	38	159	192	148	104	177	128	
6	77	2	158	212	131	174	99	22	128	91	2	96	234	49	64	120	106	19	195	114	186	10	255	56	38	143	136	21	122	176	136	
134	12	130	155	212	163	174	67	22	131	83	18	72	234	49	72	121	42	2	145	48	182	2	238	16	38	159	0	149	120	177	128	
90	95	23	159	53	214	183	228	189	204	222	231	108	254	167	196	254	253	175	227	77	179	43	239	177	246	174	131	23	62	61	127	
114	187	151	178	171	173	20	199	171	123	168	253	174	166	64	158	135	195	236	20	31	75	218	241	152	210	93	126	136	84	139	31	
91	190	133	184	137	172	28	7	191	219	138	221	174	230	64	223	165	231	253	149	63	79	146	224	152	242	94	250	136	68	139	95	
75	248	244	149	175	19	181	191	95	251	150	102	188	184	215	239	103	70	250	157	231	73	231	221	46	46	255	246	191	244	57	109	
61	189	252	93	201	55	220	255	87	178	116	210	89	127	213	63	127	222	182	184	253	254	119	94	126	207	245	165	251	240	234	184	
94	95	94	191	53	198	126	228	181	204	218	39	111	255	35	192	252	253	191	227	76	155	137	238	183	247	142	131	45	191	124	95	
189	236	196	88	193	55	92	255	83	178	124	82	91	115	193	191	93	206	22	184	252	118	79	154	122	207	229	173	187	240	234	128	
40	191	237	85	244	223	237	55	22	183	118	214	177	39	212	175	77	54	247	140	249	248	245	142	79	239	245	128	199	200	206	248	
2	176	177	153	237	237	176	207	142	123	25	125	140	188	88	10	135	27	255	17	150	104	218	209	13	20	126	254	148	76	149	223	
27	141	107	254	148	131	235	119	86	65	222	194	113	237	176	100	121	170	23	153	249	185	45	255	120	239	174	192	183	138	240	232	
10	184	177	217	233	253	185	215	175	89	60	253	188	159	228	174	207	59	255	145	147	79	242	241	79	89	62	235	158	76	143	251	
182	111	97	201	236	47	77	255	3	190	188	206	19	37	213	22	77	148	93	188	200	46	229	154	246	136	165	188	119	248	82	184	
121	16	239	77	70	122	225	82	117	228	246	78	19	41	149	255	120	140	238	168	137	182	245	8	215	235	240	16	111	168	126	248	
139	185	50	217	237	189	185	215	143	89	124	126	188	222	230	172	239	59	255	145	151	123	242	241	15	89	62	234	94	12	137	255	
198	221	149	151	139	112	62	140	158	183	131	178	236	246	107	207	199	87	251	211	118	77	171	226	172	50	223	215	148	119	173	87	
155	141	71	159	146	146	110	247	188	65	94	214	125	231	176	228	119	175	63	140	227	153	39	255	252	239	190	192	63	132	169	185	
121	0	127	229	68	106	105	18	101	2	246	82	27	3	148	252	106	132	46	168	137	180	117	200	214	233	242	0	103	136	96	32	
61	116	98	239	22	55	234	216	69	200	253	70	91	201	185	32	126	201	23	251	137	179	61	206	242	205	175	132	255	251	107	145	
10	189	148	155	184	164	57	143	30	25	72	116	188	182	128	200	197	59	63	145	19	72	195	247	140	55	190	202	152	64	169	153	
92	77	122	231	18	90	127	240	61	172	254	2	127	87	179	112	126	253	159	234	200	145	45	238	247	237	175	129	39	179	111	99	
33	175	170	190	252	141	247	249	94	13	121	15	243	232	62	0	217	235	23	71	214	58	222	63	252	141	173	232	93	106	210	195	
94	121	114	229	51	94	126	240	61	140	254	39	239	95	21	208	126	253	223	226	204	145	185	236	247	253	175	129	47	183	111	155	
56	255	90	110	240	143	87	244	33	140	252	13	63	219	3	16	190	251	197	106	72	186	152	61	243	205	37	41	99	178	238	139	
229	114	184	103	100	30	231	184	120	234	51	108	215	120	223	58	150	76	116	110	197	244	221	10	100	189	101	180	72	187	75	133	
185	12	225	109	148	59	79	58	84	226	242	82	83	40	145	105	121	206	54	170	169	254	101	46	244	239	244	132	245	249	112	40	
121	205	103	222	148	146	111	247	245	66	222	70	123	227	180	228	121	230	30	140	253	155	36	255	250	239	190	192	47	236	240	108	
164	137	126	243	244	168	107	144	125	17	119	18	187	11	157	89	107	235	23	218	178	184	108	230	110	185	34	192	229	155	226	161	
149	23	110	174	156	143	79	248	229	252	187	111	83	104	187	99	126	228	94	239	249	227	45	221	186	138	229	212	61	171	112	85	
220	79	79	237	20	6	79	188	36	172	218	199	247	103	161	65	124	244	45	238	104	145	105	44	241	163	239	148	36	187	52	120	
185	76	101	215	4	43	237	246	84	34	246	82	243	33	149	109	123	206	54	168	169	252	101	174	212	235	240	128	103	216	80	168	
169	12	229	247	100	58	233	18	84	242	114	82	243	40	153	235	111	238	54	141	169	252	101	234	132	251	242	128	237	249	80	168	
168	204	111	243	100	139	237	53	125	19	119	82	211	1	156	49	107	174	86	10	241	252	101	231	102	186	246	64	103	152	194	160	
92	66	253	229	34	10	111	24	33	166	231	232	83	103	137	90	118	212	109	234	72	212	233	10	247	175	101	132	32	243	70	97	
209	215	213	69	162	10	111	181	40	186	22	96	215	51	128	119	38	86	124	106	241	204	165	46	164	170	100	148	40	240	131	41	
91	188	149	186	137	252	28	199	191	83	136	221	174	254	96	223	231	227	253	149	63	79	146	225	153	242	94	123	154	68	137	94	
94	121	144	164	187	96	27	130	139	229	142	167	140	183	67	206	230	117	233	81	1	1	130	194	216	244	15	191	142	126	13	91	
243	82	245	212	40	20	92	60	169	222	182	252	234	111	159	127	231	213	253	174	236	71	227	192	146	250	218	158	6	244	98	125	
201	201	189	253	45	157	85	188	199	28	6	0	191	25	33	98	196	114	57	72	194	12	115	177	199	249	80	19	18	24	80	43	
9	148	149	159	188	123	41	159	30	123	95	244	220	54	202	236	215	15	190	152	51	216	239	215	204	55	254	196	158	76	137	121	
116	251	205	232	236	37	79	218	3	176	176	207	19	195	217	26	93	200	111	254	139	103	211	17	184	136	229	252	61	185	210	16	
212	94	76	237	8	6	79	184	36	166	199	135	83	103	11	83	116	212	109	238	104	215	89	46	240	227	229	148	32	179	36	112	
47	182	232	66	237	125	241	27	123	127	61	253	154	125	222	188	157	154	151	28	159	50	254	210	79	93	53	239	223	206	222	247	
107	177	240	74	221	221	87	255	67	45	109	8	10	249	78	180	153	154	214	24	90	42	250	179	127	221	21	127	211	78	218	14	
67	128	109	144	235	248	121	39	171	117	15	153	204	70	94	88	167	7	121	21	22	8	238	213	79	127	26	199	6	132	131	70	
111	178	240	65	237	125	217	219	75	127	61	189	142	29	223	188	159	159	215	29	159	114	250	194	95	93	53	255	207	206	222	247	
8	149	45	225	157	223	225	51	206	185	31	0	155	17	80	34	1	22	222	56	83	184	113	20	239	201	167	85	130	138	213	50	
165	181	181	87	253	127	215	187	91	187	188	24	214	121	77	54	153	94	124	58	251	98	251	58	111	223	69	62	210	122	194	163	
169	180	181	85	253	95	213	191	83	251	188	24	210	125	92	54	153	222	118	56	251	106	251	143	111	223	21	126	194	104	214	255	
173	78	65	175	240	114	239	85	20	198	93	214	209	71	163	237	89	106	2	238	97	148	109	46	100	37	162	128	58	255	240	240	
73	155	21	111	176	142	70	180	101	8	42	100	247	51	128	242	134	118	108	74	201	136	89	61	232	247	36	80	8	130	193	41	
181	207	215	94	198	47	230	250	85	18	123	95	99	105	61	9	63	195	6	103	253	247	14	255	50	30	69	70	253	249	224	134	
220	248	191	118	42	79	81	184	191	254	166	56	255	247	201	123	183	245	253	74	41	69	251	104	219	243	117	158	34	177	6	115	
109	180	181	87	253	127	81	59	123	251	181	56	210	125	76	62	157	30	252	56	57	114	251	14	79	255	85	118	194	232	198	243	
9	196	27	202	224	16	109	247	124	74	92	100	189	131	185	232	55	10	22	14	193	157	36	99	102	159	54	136	30	210	169	185	
124	161	177	106	201	89	86	175	75	53	172	9	14	117	72	150	145	210	232	16	90	43	203	177	191	213	21	127	210	70	206	98	
197	89	221	69	98	30	110	184	121	234	99	100	223	55	141	247	54	213	124	106	225	212	253	74	38	251	103	132	106	243	3	49	
11	160	221	247	252	254	121	159	127	251	118	22	253	251	222	255	231	79	126	156	183	216	255	241	14	251	255	196	142	192	137	141	
243	175	97	197	236	115	205	127	83	238	156	238	1	36	213	36	77	188	23	172	233	62	229	218	58	92	133	188	247	252	118	252	
189	85	123	100	116	15	79	120	81	232	125	78	83	93	187	49	126	168	22	110	233	178	52	14	115	201	161	164	127	187	114	241	
237	54	249	98	169	124	83	26	235	255	61	253	223	63	207	190	135	212	252	30	189	100	248	130	219	217	117	191	234	231	78	119	
215	213	107	136	142	97	159	200	204	80	152	243	93	220	189	96	126	209	31	243	207	39	38	119	176	8	175	204	61	49	177	117	
68	169	153	171	210	140	43	137	26	49	73	10	149	227	72	80	115	223	3	216	18	26	216	83	253	164	143	108	176	35	129	160	
253	127	193	160	172	39	78	155	3	250	184	207	19	33	209	158	93	196	109	254	235	103	223	138	250	205	165	188	239	252	210	81	
31	88	167	180	3	117	189	198	140	214	142	131	173	174	51	239	39	113	251	135	197	149	55	224	213	71	222	3	178	124	45	124	
56	141	66	238	212	163	198	247	151	1	248	2	115	233	48	64	89	170	6	33	26	187	8	191	250	239	167	64	247	202	240	136	
248	127	104	225	236	47	77	191	3	190	188	207	147	33	209	22	13	196	93	188	232	110	197	154	250	216	165	188	127	248	82	185	
181	182	8	168	84	37	202	120	18	67	197	223	81	231	26	17	93	202	19	238	187	146	88	23	217	173	171	108	185	137	250	144	
108	126	217	114	161	124	83	152	187	255	55	124	95	119	203	159	151	84	236	26	161	68	251	34	203	255	101	255	170	243	78	115	
155	89	7	144	11	215	125	117	173	210	134	7	188	151	51	237	100	161	219	239	97	133	50	220	243	91	218	2	10	148	41	124	
167	223	121	0	254	153	190	255	205	118	48	239	32	28	247	53	39	3	23	102	230	61	44	255	126	10	5	190	61	252	213	221	
129	132	229	213	182	34	237	183	119	243	247	214	209	35	156	111	111	198	126	188	185	252	109	206	46	46	247	196	175	224	240	245	
53	119	110	238	60	103	203	248	229	232	255	102	91	89	187	97	126	197	95	255	173	163	61	204	242	204	163	148	237	251	112	85	
30	91	122	228	119	94	126	112	45	204	254	39	111	223	183	208	126	253	223	226	205	147	48	204	242	253	175	131	47	183	111	219	
134	140	130	155	148	162	174	71	62	131	83	18	72	234	32	72	123	43	51	144	50	156	8	206	60	38	159	192	148	72	177	128	
0	141	2	158	148	131	174	227	22	128	91	2	96	234	48	64	120	106	19	195	114	186	10	255	32	38	143	0	21	90	176	136	
155	140	71	223	18	146	106	119	181	67	94	214	125	230	182	229	119	175	63	140	229	221	37	255	178	239	186	128	47	132	169	253	
30	95	122	229	50	86	127	240	37	204	254	35	95	127	179	112	118	253	223	234	200	145	41	238	243	237	175	129	39	179	39	243	
139	185	20	155	185	220	57	175	30	89	212	52	188	150	138	205	199	27	255	144	51	76	227	247	140	179	254	219	154	12	137	219	
139	184	50	217	237	189	185	215	143	91	244	127	188	222	230	175	207	59	255	145	183	111	242	243	143	89	62	234	222	76	169	223	
139	184	181	217	237	253	185	223	175	89	148	125	188	159	68	174	207	27	255	21	147	73	242	241	207	89	158	234	158	204	139	255	
2	179	181	187	253	237	185	207	158	121	25	121	156	188	72	138	135	27	255	17	147	120	203	211	141	20	63	254	156	76	129	211	
27	141	106	251	148	147	235	119	85	1	223	2	121	235	176	100	121	170	23	169	186	187	44	255	250	239	174	192	55	138	240	232	
74	176	185	186	237	253	185	223	171	123	148	29	156	191	94	191	205	19	255	21	147	79	250	209	223	89	94	254	154	76	135	251	
195	114	245	212	104	60	124	30	171	222	182	253	172	190	197	127	231	213	253	134	165	71	226	192	150	250	218	186	142	245	99	95	
35	143	197	93	200	39	204	63	87	179	240	84	33	43	213	63	77	230	102	136	253	250	69	222	46	222	213	132	251	232	194	140	
67	184	244	213	238	159	188	55	215	243	214	246	168	56	212	102	71	246	122	137	164	248	247	218	110	126	215	146	143	236	209	13	
244	94	236	165	8	14	79	184	52	238	199	13	83	99	19	83	112	228	125	238	104	214	217	42	241	171	225	20	40	243	112	114	
34	157	143	181	245	206	101	55	185	203	98	17	182	53	20	21	161	46	49	12	113	248	16	15	47	254	84	2	64	72	211	234	
185	68	237	247	68	43	101	54	116	51	247	82	243	33	152	105	123	238	54	138	169	244	101	42	212	235	240	0	101	217	80	168	
76	82	217	101	96	106	111	48	49	174	127	224	211	39	129	118	54	212	124	234	201	212	233	74	231	238	103	132	34	243	70	33	
92	70	221	229	34	46	111	24	49	174	239	196	215	39	129	90	118	212	109	238	72	212	233	8	245	175	229	132	32	243	70	112	
185	12	233	127	212	43	103	58	85	227	246	82	83	33	145	121	121	206	54	170	169	254	101	46	116	175	240	132	253	249	112	168	
83	185	135	146	137	173	12	135	175	83	136	92	174	246	66	254	165	103	248	21	23	75	218	241	153	50	94	122	138	84	131	92	
73	0	244	209	101	248	233	19	109	21	118	20	153	11	150	255	98	15	174	152	147	188	117	192	198	249	242	0	198	196	205	160	
57	48	238	77	79	63	209	83	117	236	246	42	11	28	151	191	124	156	254	44	140	190	229	136	215	235	112	17	103	172	126	236	
91	185	151	186	203	157	20	199	171	113	128	221	174	230	70	158	135	227	236	21	31	75	218	241	185	82	93	122	138	84	139	93	
216	79	47	167	52	6	79	188	52	172	214	199	247	103	17	65	124	228	61	238	232	144	113	44	241	227	235	144	36	187	52	120	
56	141	98	254	148	131	206	119	213	1	254	2	115	233	176	64	120	170	6	184	250	171	8	191	250	239	166	64	247	138	240	136	
211	211	117	252	44	30	93	57	169	126	151	255	79	31	158	127	230	133	125	238	237	71	243	204	146	250	219	158	46	180	241	85	
53	183	40	175	252	175	227	248	86	44	249	13	247	233	58	0	220	106	23	127	154	178	123	63	237	141	43	120	93	43	83	195	
83	249	151	186	139	197	5	199	175	81	128	157	174	246	98	94	227	227	124	21	31	75	154	241	153	210	95	122	152	84	167	94	
56	255	122	110	116	143	127	247	112	12	124	8	115	113	162	48	60	250	6	106	72	186	56	63	127	205	37	128	115	146	230	187	
132	12	130	158	149	167	174	67	22	131	75	18	96	234	33	64	121	42	2	144	50	190	24	255	41	38	150	64	144	106	176	128	
197	88	217	69	98	74	111	176	104	234	115	224	221	55	133	242	54	93	124	106	193	212	253	106	38	175	103	132	108	179	67	49	
70	220	165	151	139	112	63	172	158	183	139	163	204	230	239	207	215	87	233	243	118	69	239	226	169	54	223	223	150	119	165	118	
139	184	124	217	237	189	185	159	191	121	118	52	188	155	214	254	207	27	255	157	151	88	243	241	14	217	158	234	158	140	137	221	
69	112	221	101	36	14	103	152	104	234	127	108	215	48	217	50	22	76	92	110	197	244	221	72	228	189	101	4	76	243	75	129	
165	12	237	247	228	170	233	146	119	115	119	82	243	105	153	107	123	238	54	156	187	244	231	226	70	186	242	128	237	233	80	168	
172	204	111	243	100	138	237	176	125	19	119	82	211	97	152	59	107	234	102	74	241	244	109	103	198	251	246	64	103	153	194	160	
172	205	127	251	244	136	127	144	253	18	119	18	251	67	189	91	107	202	23	250	242	244	106	238	110	251	231	196	229	187	97	161	
36	141	66	158	212	131	174	225	22	128	89	2	96	232	48	64	120	106	2	195	114	186	8	255	48	38	143	8	85	42	176	136	
250	56	210	246	83	84	120	80	51	164	71	158	47	151	67	223	246	253	149	144	105	94	176	138	155	209	31	43	46	164	47	123	
143	125	125	214	188	135	255	184	219	248	53	226	253	223	253	39	150	113	31	254	227	101	42	254	110	219	231	172	22	179	65	249	
161	63	65	193	204	175	77	55	19	170	184	92	178	33	84	16	205	174	83	140	233	58	208	26	45	28	148	48	88	200	82	184	
7	207	199	221	206	34	236	238	219	146	122	87	64	104	189	79	251	199	51	63	241	233	15	227	44	62	87	134	221	248	241	133	
242	88	252	252	47	232	17	2	139	134	98	42	46	249	39	90	194	113	233	67	0	77	130	249	211	179	88	27	148	41	5	11	
141	71	99	31	212	123	103	220	84	98	93	218	115	229	187	237	57	106	18	110	237	148	44	63	103	207	165	160	55	255	212	224	
162	172	159	245	213	175	101	55	57	171	74	88	182	49	16	21	129	62	17	8	121	248	81	14	141	254	212	34	136	200	210	168	
111	122	241	87	237	61	102	152	235	250	52	108	202	240	221	190	7	100	246	94	129	112	238	224	14	90	101	190	206	255	74	117	
89	217	85	111	59	14	70	180	109	72	186	108	255	83	128	246	22	116	236	106	73	137	201	61	168	252	36	144	42	162	3	57	
229	164	181	83	252	47	212	43	123	187	57	88	222	121	76	58	155	94	108	56	50	112	203	30	47	222	85	118	192	232	195	163	
167	142	197	28	206	35	236	239	95	210	120	82	66	104	61	15	121	195	102	175	241	230	15	123	60	30	85	12	253	249	240	132	
213	204	110	223	140	50	173	239	244	18	198	18	113	224	50	105	121	230	58	175	120	253	63	127	117	43	215	1	53	248	241	104	
37	93	111	79	116	15	239	112	68	200	127	198	113	69	181	33	126	104	22	110	225	176	61	12	102	15	161	128	125	187	80	241	
71	105	187	64	96	247	121	81	225	232	231	8	18	214	247	60	172	169	86	158	141	147	176	64	83	29	5	46	201	242	98	116	
223	205	67	168	230	33	174	219	84	74	216	242	29	216	177	228	127	201	23	185	235	55	5	223	176	4	175	172	189	124	185	169	
204	122	253	246	34	94	95	180	185	254	22	108	255	119	203	255	23	117	253	234	225	68	171	170	194	251	101	128	42	247	7	121	
86	154	227	160	215	34	176	99	33	165	218	119	8	41	100	218	227	151	169	145	16	219	129	228	30	103	218	195	165	5	252	99	
227	63	65	65	204	39	76	191	19	242	184	204	19	39	213	146	77	140	70	188	233	110	213	26	44	156	133	60	221	248	82	184	
5	31	186	91	176	190	191	212	124	200	126	100	245	99	183	109	54	106	30	94	165	184	45	110	106	157	38	128	216	243	105	93	
134	141	2	159	148	131	46	227	182	130	90	2	104	226	32	64	121	107	34	194	98	186	10	255	40	38	158	128	20	120	161	136	
102	104	189	92	108	228	75	2	235	200	228	0	176	139	85	122	192	100	121	90	3	111	242	104	71	56	144	25	64	177	118	42	
38	78	74	218	209	177	110	228	185	14	117	178	104	227	174	221	121	235	135	234	116	210	8	253	54	178	250	129	19	215	234	132	
130	241	34	153	207	193	188	239	30	87	80	147	172	190	110	0	239	27	147	129	82	26	18	209	45	16	158	239	21	28	181	218	
33	143	141	21	204	15	237	55	94	191	126	84	176	32	148	171	201	102	98	141	241	248	117	106	45	62	247	0	193	104	192	232	
36	141	66	158	212	131	174	224	22	0	89	2	96	232	48	64	120	106	2	195	82	186	8	255	48	38	139	8	85	43	176	128	
130	140	130	155	149	166	174	199	54	131	74	18	72	234	32	72	121	43	19	144	50	156	16	255	45	38	159	64	144	72	177	128	
0	141	2	158	212	131	174	227	22	0	91	2	96	234	48	64	121	106	19	195	114	186	10	255	32	38	142	8	21	75	176	136	
134	140	130	154	149	231	174	71	22	131	67	18	96	250	48	72	249	42	19	145	50	190	26	255	41	54	158	64	144	72	176	130	
2	13	2	158	20	130	174	98	182	130	90	2	40	234	48	64	120	107	19	195	114	154	2	255	40	38	142	128	20	107	48	136	
79	122	241	71	99	88	127	144	105	238	118	236	104	247	223	190	54	252	246	78	193	80	175	232	6	120	101	170	79	247	74	253	
9	207	197	157	204	66	173	175	94	243	190	198	152	32	213	206	75	102	106	157	241	233	231	106	44	46	127	20	197	120	249	232	
253	223	106	44	214	38	239	218	84	68	126	247	113	200	190	64	118	206	6	239	230	183	53	47	112	45	162	140	125	189	248	213	
210	233	135	154	137	197	1	199	175	81	128	24	174	246	100	254	225	243	250	209	27	79	186	243	185	18	95	123	144	84	167	110	
251	171	134	186	137	189	92	199	171	25	128	25	46	162	66	222	133	227	253	21	62	75	130	243	155	85	92	123	130	68	138	79	
28	200	174	223	141	178	228	239	246	19	198	2	96	233	57	107	105	230	106	138	88	235	27	253	91	43	215	1	179	121	248	42	
135	14	156	155	170	54	190	172	158	19	147	247	196	106	175	203	199	67	171	167	52	197	75	114	166	171	254	135	156	83	169	5	
86	214	172	134	169	112	30	168	142	186	138	163	205	230	109	202	213	85	253	243	74	65	203	176	185	246	239	255	152	119	61	54	
210	137	154	165	146	38	184	103	16	133	202	151	21	174	96	66	110	159	34	149	52	219	148	2	153	164	158	69	161	72	161	144	
45	205	132	157	205	115	165	255	222	210	156	178	248	100	187	175	121	66	250	174	113	235	111	115	108	39	255	21	215	252	249	224	
10	152	147	218	219	245	184	199	159	19	68	19	44	223	100	236	229	59	147	145	51	15	18	247	27	86	154	107	154	4	173	223	
56	16	230	101	69	122	240	83	101	109	246	27	11	13	22	124	104	156	238	0	156	186	245	128	215	249	208	19	231	140	126	222	
197	112	221	101	34	106	55	152	104	234	51	232	223	55	137	59	22	85	124	122	161	244	237	72	228	187	101	132	204	243	3	49	
142	124	127	255	108	11	253	184	191	154	53	48	253	223	253	107	167	209	63	250	225	69	42	254	78	219	239	140	22	177	65	161	
139	0	246	249	229	184	120	23	237	21	118	16	141	139	182	239	227	43	174	156	150	156	38	193	70	249	210	195	198	132	237	140	
205	94	255	101	32	14	111	48	48	166	103	196	211	39	145	115	54	244	124	234	233	212	253	106	231	235	227	132	32	243	70	112	
245	116	204	231	136	110	79	24	49	226	231	13	211	115	75	91	80	196	125	238	40	214	217	8	215	235	229	52	168	243	82	114	
37	255	57	169	188	175	227	218	86	108	248	77	247	97	81	0	221	72	71	127	138	178	89	63	237	141	39	124	208	251	87	225	
226	249	27	246	105	221	116	231	191	74	100	8	46	255	100	177	164	59	255	0	99	107	178	255	179	209	84	59	64	16	143	191	
218	249	50	188	75	192	61	231	191	4	212	163	44	223	34	69	226	187	239	129	118	11	130	255	241	114	90	171	55	20	167	219	
32	255	122	111	116	143	119	247	112	12	124	100	51	119	162	16	127	250	6	104	242	186	32	63	110	143	36	192	113	138	230	185	
216	85	47	239	44	14	79	60	52	174	199	68	243	99	25	81	80	196	125	238	105	147	121	14	241	235	229	16	32	186	116	120	
140	204	255	243	100	168	237	176	253	19	119	82	255	227	153	123	107	232	126	10	227	244	111	227	70	187	247	196	230	249	64	161	
133	4	245	215	228	42	233	146	255	83	119	82	243	233	221	111	107	78	62	24	179	244	239	227	78	186	243	128	231	233	81	160	
37	95	57	169	244	175	227	248	86	236	248	71	215	121	49	0	216	104	23	127	136	178	89	62	237	141	39	100	209	251	86	227	
130	238	100	91	237	243	244	166	221	30	23	19	104	105	62	207	225	98	171	35	230	229	43	255	39	123	209	195	87	213	252	238	
44	180	213	85	250	107	177	107	123	175	49	56	222	113	204	53	183	31	110	56	49	248	233	94	94	158	117	246	224	224	195	163	
92	12	174	95	141	50	236	206	246	179	198	2	96	233	17	107	105	230	121	137	24	219	159	104	95	43	223	1	163	113	242	42	
164	12	130	158	221	229	182	71	150	7	105	18	160	248	32	72	217	106	130	17	50	190	26	251	57	22	151	107	209	120	244	130	
71	243	223	161	42	136	57	24	171	245	179	229	252	198	202	82	166	37	126	212	3	9	235	193	156	176	11	254	140	130	35	85	
181	72	127	81	134	207	169	192	92	224	98	146	209	28	21	41	126	177	51	115	229	244	117	4	93	138	207	68	229	185	81	160	
58	48	230	205	69	127	248	87	69	237	246	31	11	28	22	44	232	156	255	145	156	255	245	140	87	251	208	211	231	140	246	255	
191	69	230	95	139	122	110	254	213	210	94	178	73	120	191	239	121	198	186	254	252	208	47	170	46	122	213	135	255	253	248	132	
244	49	187	112	246	226	177	71	184	133	226	16	21	219	97	24	202	61	33	17	56	199	176	2	217	160	11	76	196	0	103	162	
69	127	253	103	36	14	103	176	104	234	122	100	215	33	145	114	22	100	108	110	193	176	237	44	228	191	103	132	76	243	67	33	
231	88	111	160	110	7	253	176	12	242	146	239	85	12	243	75	206	133	63	247	233	86	117	12	220	10	239	140	44	186	16	89	
127	119	193	56	203	53	135	219	18	118	160	207	83	100	79	191	93	193	208	247	255	67	255	16	185	195	141	60	249	253	246	84	
25	30	241	45	50	58	31	51	53	198	95	228	255	103	130	228	23	110	148	46	165	144	101	170	230	255	32	128	46	229	13	245	
86	211	88	173	46	8	150	41	44	42	51	239	230	8	140	64	182	21	236	35	70	53	143	85	148	166	107	151	124	40	141	3	
27	29	96	77	50	58	95	51	109	194	95	167	251	125	150	100	54	60	157	110	205	144	101	142	226	253	32	146	54	230	4	117	
32	172	180	90	157	237	149	231	207	31	140	24	166	240	100	47	201	114	234	17	58	107	74	53	137	18	86	123	208	88	212	174	
63	91	114	10	177	213	87	247	21	76	92	165	170	149	167	164	222	58	148	84	223	186	100	180	170	221	36	235	30	158	188	255	
28	163	196	71	138	3	79	185	2	182	173	175	89	103	203	31	55	215	108	190	80	66	47	24	106	134	101	244	191	247	166	240	
89	239	80	69	115	154	102	188	97	40	126	236	107	1	154	212	54	204	132	110	205	184	165	191	254	237	36	193	111	134	202	13	
35	30	72	157	84	147	104	51	85	226	212	230	145	32	145	229	79	188	18	137	233	218	85	220	142	22	254	160	29	232	56	157	
218	252	147	154	217	245	18	198	191	83	128	24	174	214	100	247	193	243	248	17	123	79	154	243	153	82	31	123	146	68	175	46	
92	243	136	166	56	1	94	184	2	172	137	173	247	254	75	80	215	221	125	243	78	3	203	49	248	229	175	189	184	115	9	19	
21	30	110	61	134	46	125	191	116	86	70	199	19	41	19	75	39	134	89	173	237	248	53	76	226	43	215	4	237	240	249	88	
250	164	244	80	217	249	88	199	187	23	164	153	42	175	78	159	137	139	237	144	62	79	210	211	219	211	84	123	226	196	206	94	
130	140	130	154	149	231	174	199	150	131	74	18	232	250	48	72	249	43	19	145	50	158	26	255	41	54	158	75	144	72	176	138	
6	141	2	158	84	163	174	226	22	0	90	2	96	234	48	64	121	106	19	195	114	186	10	255	32	38	142	136	21	91	48	136	
6	141	2	158	84	162	174	226	182	2	90	2	104	234	48	64	120	107	19	195	50	154	2	255	40	38	158	136	21	89	49	136	
160	172	146	154	205	229	180	199	158	31	96	16	172	248	96	8	201	122	130	17	50	254	90	243	13	22	86	107	208	72	245	138	
205	118	189	101	32	46	107	24	120	234	55	120	223	55	201	59	182	85	124	122	161	244	185	74	199	251	101	132	192	243	7	49	
140	76	255	247	108	40	237	154	255	146	119	80	223	227	217	123	107	236	126	10	161	244	239	226	78	187	247	132	230	249	65	161	
133	4	255	219	164	46	233	27	255	219	119	80	223	227	221	111	199	78	126	24	179	244	111	194	206	186	119	196	198	233	193	161	
245	85	143	231	36	14	111	60	32	170	231	68	243	119	9	115	112	196	124	238	105	150	249	12	229	235	229	0	32	179	112	112	
33	223	123	95	116	139	239	247	117	13	124	228	49	103	180	52	95	122	6	76	243	186	101	127	110	142	52	192	127	138	226	185	
82	185	123	156	203	208	52	103	191	5	204	187	44	247	36	208	235	187	251	129	82	11	162	247	179	183	26	235	53	0	167	123	
0	249	154	254	81	205	181	103	254	75	104	8	52	254	98	48	165	59	82	0	71	191	146	123	117	181	22	43	72	16	135	155	
5	253	61	237	60	175	67	186	118	168	106	76	247	113	1	0	156	108	95	126	9	184	121	63	237	221	37	116	80	187	83	225	
211	97	83	168	50	9	90	104	41	192	177	143	15	207	97	144	182	185	95	230	79	7	144	222	178	217	11	58	47	167	35	80	
65	141	191	71	172	46	239	191	238	251	190	64	251	33	156	102	199	70	124	12	145	169	239	229	236	190	119	212	196	242	209	105	
42	16	228	81	69	252	240	3	109	93	247	23	138	31	22	95	232	159	239	16	158	184	245	192	71	249	18	195	231	140	254	215	
95	147	140	174	168	6	142	168	138	216	139	228	245	114	203	98	213	87	124	247	223	1	203	32	184	231	239	156	152	115	169	1	
26	143	98	156	222	129	159	103	23	5	216	167	41	174	178	68	110	171	151	197	222	155	6	255	120	4	186	201	55	140	189	205	
139	146	182	219	225	252	184	7	255	29	117	49	172	154	110	221	135	59	183	20	150	92	34	241	15	249	90	203	146	4	173	207	
150	246	124	81	143	121	180	170	222	87	36	147	64	109	78	75	165	82	233	50	182	101	59	119	75	83	87	119	209	89	237	214	
92	233	166	214	13	144	224	200	230	145	195	2	96	227	121	90	96	228	107	209	10	203	155	97	219	37	207	25	131	35	115	10	
92	201	134	222	13	208	132	236	198	17	202	2	98	249	96	202	232	228	234	194	24	107	138	177	219	34	215	91	147	58	252	10	
76	171	147	166	243	128	79	156	35	141	75	205	110	227	72	212	54	206	173	95	26	10	138	225	184	244	5	238	162	247	166	73	
49	138	109	8	204	7	205	127	68	86	192	199	17	44	55	201	109	136	3	173	203	234	119	29	85	43	223	12	149	188	116	248	
121	255	27	170	240	157	90	247	63	73	92	109	63	223	162	240	215	187	149	93	223	154	120	63	251	253	52	232	186	130	170	91	
111	120	235	71	102	24	255	176	121	206	118	238	120	47	223	190	126	221	183	206	197	242	173	224	86	127	231	130	111	247	106	253	
33	93	59	173	52	143	231	214	222	236	122	68	183	217	33	0	216	108	23	125	137	184	112	62	237	221	39	0	208	123	87	235	
104	169	180	59	137	253	21	143	206	55	168	24	174	184	64	138	129	19	232	17	22	105	210	49	137	214	84	123	208	76	135	46	
86	193	233	64	138	80	207	233	34	245	173	138	83	103	221	58	59	209	125	254	91	3	175	16	58	207	101	253	245	243	238	112	
149	86	76	147	142	35	174	164	220	247	131	247	209	106	175	75	247	71	42	183	181	213	77	62	168	3	255	84	157	123	177	192	
140	68	255	255	108	10	125	184	191	146	53	18	253	195	253	75	111	69	127	234	224	69	43	254	78	155	239	140	20	185	97	161	
111	250	241	71	98	28	255	176	105	200	119	238	104	110	223	246	54	245	247	206	193	82	175	224	22	120	103	138	79	183	107	253	
166	94	206	95	207	50	182	175	221	23	175	151	96	104	63	207	217	199	235	227	52	231	79	251	38	51	221	23	221	125	252	134	
95	239	164	213	141	18	172	174	215	242	142	130	136	34	215	238	65	70	248	220	212	73	231	232	170	126	215	223	135	252	249	12	
116	227	249	76	154	81	155	200	10	132	188	170	83	237	253	2	54	209	228	112	219	35	175	17	186	141	37	252	245	170	47	113	
223	84	191	246	44	54	157	216	157	250	151	124	220	127	221	47	135	85	253	175	161	71	235	234	211	251	123	158	134	241	37	115	
243	23	102	68	186	26	92	53	237	196	182	189	75	60	150	119	6	245	253	38	253	201	101	206	42	122	68	146	238	244	196	117	
3	183	90	165	242	26	62	183	56	109	94	229	221	46	138	80	54	95	151	36	245	152	165	79	174	127	62	196	44	194	139	221	
0	183	249	101	242	43	189	63	60	111	126	253	213	39	138	16	55	31	70	32	240	184	229	79	110	166	53	196	100	192	135	249	
155	159	39	197	177	210	91	182	165	92	158	181	170	39	166	231	198	118	140	108	253	137	37	207	234	121	166	215	62	164	44	95	
236	98	133	231	44	78	79	152	32	186	163	72	215	71	201	59	16	212	125	106	105	84	201	8	197	128	101	52	2	251	86	49	
122	172	148	184	201	189	80	207	187	23	164	25	46	187	102	159	201	147	249	16	62	79	210	241	155	211	84	123	146	68	202	78	
110	235	209	210	219	209	110	248	59	160	109	72	104	199	205	148	51	218	163	218	67	18	202	243	63	84	133	110	50	183	6	164	
2	149	16	153	235	197	188	239	30	25	88	51	140	190	104	64	223	27	147	129	82	26	90	215	45	22	158	239	144	76	165	219	
6	77	2	158	84	131	174	230	22	0	90	2	96	234	49	64	121	106	19	193	34	186	10	255	32	38	142	136	21	27	48	136	
34	188	146	154	253	229	180	199	158	11	72	16	172	248	96	72	201	58	179	17	50	254	90	243	13	54	158	75	144	72	181	138	
205	52	189	101	160	46	105	24	120	242	39	88	223	55	73	59	151	85	124	58	161	212	185	72	207	219	101	4	200	243	67	48	
132	4	255	255	108	42	109	154	255	146	119	80	223	227	217	123	107	68	126	10	161	244	239	226	206	187	119	132	228	249	65	161	
69	132	189	243	188	46	249	159	255	235	191	80	223	243	220	110	151	22	124	24	179	233	171	214	207	255	119	212	194	200	193	33	
229	85	61	109	4	78	71	184	96	168	231	68	211	119	9	113	80	196	124	110	233	144	249	12	231	235	229	20	8	187	80	48	
120	233	18	186	29	205	18	230	207	5	136	9	166	208	96	84	200	243	232	81	74	43	218	181	185	213	4	123	16	30	158	14	
33	223	122	95	118	139	239	247	117	73	124	228	49	99	180	52	127	234	22	44	211	184	101	127	110	142	52	192	127	154	194	185	
18	237	27	252	90	192	63	103	190	5	248	163	61	254	32	80	254	187	131	128	66	155	162	127	241	229	62	171	48	16	167	251	
60	105	66	234	83	199	78	96	33	132	225	11	43	219	57	145	248	169	20	234	76	179	24	156	243	201	129	57	115	47	102	194	
16	125	63	188	50	207	55	102	188	192	110	32	182	215	33	96	178	123	89	64	65	185	18	63	241	197	7	2	96	82	39	186	
42	143	98	154	247	145	174	103	23	13	88	231	40	175	182	196	78	171	151	133	222	154	70	255	62	20	154	203	23	140	188	205	
34	16	228	145	101	253	176	7	45	93	247	63	142	31	6	89	237	159	255	145	158	186	113	192	135	120	82	195	195	12	214	215	
108	133	236	103	172	42	101	191	236	187	191	0	211	105	152	122	75	70	108	40	153	233	111	14	238	191	117	84	196	234	210	32	
65	141	185	71	188	12	207	191	111	233	190	64	251	233	220	102	211	70	124	76	217	41	235	227	235	253	39	220	196	250	209	105	
110	133	194	206	195	48	94	143	43	7	79	142	76	231	239	220	119	214	186	142	28	19	191	224	51	119	212	143	174	247	184	84	
103	167	210	94	195	120	54	143	59	7	109	136	72	242	206	252	183	222	162	16	22	26	170	226	62	62	20	111	138	247	234	135	
35	207	96	26	221	157	182	238	95	93	124	15	168	232	118	128	153	107	146	71	198	58	78	247	62	28	31	107	85	31	219	206	
166	181	160	147	221	249	180	199	30	253	88	191	140	172	126	8	153	27	147	21	182	122	250	211	45	20	159	239	197	76	151	223	
34	221	32	158	95	192	190	230	158	85	88	163	172	254	55	64	238	251	179	193	98	10	210	247	53	54	158	171	21	29	181	222	
204	76	253	255	108	42	125	186	191	178	183	82	221	99	213	107	111	69	127	234	225	69	171	248	198	155	255	188	22	249	97	161	
24	159	59	173	178	195	31	55	4	77	222	167	183	55	160	64	86	59	29	129	218	152	33	63	225	231	170	144	52	136	181	123	
195	158	102	86	58	18	88	180	221	94	151	183	104	126	190	127	199	243	255	102	245	77	111	239	30	122	80	210	6	133	36	125	
63	65	98	206	118	147	235	112	69	64	255	198	121	207	183	228	126	172	31	238	201	179	37	220	114	237	163	128	55	175	120	117	
227	220	102	84	106	24	188	38	185	210	114	189	12	60	214	123	167	245	247	167	228	126	230	194	22	58	94	138	69	164	83	221	
125	71	85	103	176	30	70	184	97	168	187	76	211	99	137	183	28	196	108	106	233	178	205	46	164	237	229	148	107	251	74	33	
227	94	118	86	105	116	56	50	249	94	119	189	104	190	198	127	167	247	231	134	165	95	175	231	22	58	208	139	10	229	110	95	
2	48	214	156	120	11	184	107	159	184	176	170	236	254	101	11	223	189	255	177	16	99	130	221	156	154	75	190	148	40	3	129	
6	172	148	157	248	137	184	233	190	146	176	0	236	226	105	75	247	107	127	176	34	65	202	223	156	22	79	236	144	96	1	129	
43	143	98	200	247	147	190	103	77	13	124	230	40	136	182	228	126	43	147	133	214	186	36	255	54	124	138	195	127	140	249	141	
199	92	253	246	44	36	157	152	155	250	183	120	220	127	213	111	135	117	127	239	225	71	235	224	210	251	255	158	6	241	65	113	
134	236	148	151	252	136	174	168	190	146	82	2	236	234	73	67	115	107	123	210	98	84	203	251	44	22	207	172	132	122	33	128	
2	159	106	153	247	211	190	103	94	77	124	167	44	172	182	192	238	43	135	133	214	186	36	255	46	69	186	195	93	12	189	223	
218	90	38	188	47	210	28	36	189	222	146	183	239	14	163	75	230	245	253	231	236	205	39	237	176	243	254	147	44	60	61	95	
187	76	99	222	86	147	203	240	85	64	212	198	57	205	183	229	126	232	151	239	237	191	36	255	50	105	162	136	63	191	120	252	
155	94	102	221	70	146	174	244	157	66	214	246	104	78	183	229	110	97	159	239	229	165	36	255	50	42	202	130	63	189	121	221	
237	98	196	67	109	31	198	152	67	186	181	76	75	72	223	191	24	196	100	126	236	118	237	128	22	88	229	188	207	191	90	133	
2	48	150	133	108	15	184	71	47	41	210	58	140	158	0	8	238	29	255	17	16	251	193	212	148	50	90	242	132	12	161	155	
45	180	128	11	253	61	194	153	91	121	61	92	202	88	222	172	217	8	18	63	159	50	221	147	14	28	129	124	219	79	218	132	
253	199	200	103	148	26	71	168	112	166	239	130	67	97	155	212	123	206	96	106	108	240	109	46	250	239	37	21	103	243	218	0	
2	152	246	147	101	252	184	2	175	93	115	53	140	158	110	72	175	155	191	17	150	188	242	225	15	56	90	195	192	12	69	215	
4	172	132	149	92	137	40	235	190	146	82	2	236	226	73	67	115	111	106	176	98	80	203	223	12	22	207	44	128	96	33	128	
134	176	176	154	91	241	184	72	159	23	197	179	44	222	110	204	253	27	147	145	54	71	58	243	31	22	155	111	147	15	173	214	
16	79	31	172	50	194	63	102	164	140	218	163	119	167	33	80	102	247	205	224	104	139	33	111	241	231	46	129	32	144	37	123	
35	223	99	75	244	155	239	255	95	65	122	230	249	224	180	164	126	42	22	140	211	184	101	255	44	30	182	192	95	142	209	253	
245	92	127	101	36	78	103	48	112	234	231	8	215	51	129	115	112	244	124	106	105	244	249	14	245	235	97	20	96	51	70	35	
105	165	185	249	244	159	111	191	119	105	124	76	191	159	216	112	151	138	22	156	211	154	232	63	238	207	52	228	188	130	194	249	
89	133	185	227	180	172	107	159	127	235	255	80	223	243	216	112	151	14	124	24	155	56	233	151	235	255	55	212	194	192	193	33	
12	4	253	247	172	42	121	26	255	187	191	16	223	227	217	122	199	71	126	26	177	229	235	194	206	255	119	20	134	225	65	33	
205	48	189	119	40	110	105	24	120	250	39	16	215	55	73	59	131	84	124	58	161	196	249	10	199	251	99	20	192	241	67	48	
76	52	189	247	172	44	249	26	255	187	191	48	221	255	205	107	199	119	127	26	177	101	235	224	207	251	123	180	130	227	1	161	
140	92	158	247	108	174	249	210	191	186	55	48	156	255	225	91	231	117	127	10	32	197	170	224	199	251	123	128	132	241	1	161	
2	149	16	153	255	133	188	239	30	25	88	50	172	190	104	64	223	27	179	145	114	152	10	247	45	22	158	238	148	72	161	155	
198	28	190	246	111	236	185	208	171	250	183	58	220	255	101	107	231	117	255	3	160	69	186	224	215	251	123	158	130	115	5	243	
130	221	32	158	95	197	190	238	158	89	208	179	172	254	36	65	237	123	147	195	98	15	90	247	53	52	158	235	21	29	181	219	
34	191	160	147	253	237	180	199	30	125	88	191	140	188	102	8	141	59	147	17	146	90	202	247	45	22	159	239	148	76	151	219	
162	203	96	154	125	217	190	236	223	84	80	143	104	204	63	64	201	235	147	71	230	43	110	255	63	28	143	171	85	31	93	222	
38	239	96	26	253	217	182	236	223	125	120	15	168	236	126	0	185	107	131	87	214	122	46	247	63	30	31	111	85	31	223	222	
