兰蔻空气轻垫柔雾唇釉	#379 草莓甜心	http://www.lancome.com.cn/on/demandware.static/-/Sites-lancome-master-catalog/default/dwca3c9948/images/LAN_PRO_IMG/PRO/L6986300U.png	http://www.lancome.com.cn/dw/image/v2/AARM_PRD/on/demandware.static/-/Sites-lancome-master-catalog/default/dwc5528e14/images/LAN_PRO_IMG/PRO/matte-379.jpg?sw=490&sh=490&sm=fit
229	160	189	115	173	109	81	11	82	123	165	24	214	113	72	59	129	22	104	24	59	100	251	2	205	155	117	125	192	72	198	34	
134	4	130	153	148	162	168	67	62	131	83	18	76	202	56	72	123	43	51	145	50	148	1	198	12	6	155	196	148	64	177	128	
134	13	2	158	84	131	174	96	150	128	89	2	96	234	49	64	120	106	2	195	98	186	10	255	48	38	143	136	21	123	48	128	
6	4	130	153	212	163	170	71	22	131	91	18	72	202	56	72	121	40	19	145	50	150	0	202	8	6	154	196	149	106	240	128	
89	221	104	199	118	146	239	240	116	224	223	162	121	111	159	112	126	252	191	238	200	144	173	255	246	239	175	128	39	183	115	121	
2	232	146	155	112	141	184	196	190	25	81	16	172	210	104	72	167	43	51	16	2	220	138	245	12	22	26	194	144	0	33	137	
2	168	18	155	96	141	184	64	190	25	81	16	172	194	40	73	166	43	51	16	2	220	2	241	4	50	26	202	144	9	33	137	
36	36	130	137	212	163	162	75	22	131	121	18	0	200	57	72	121	40	2	49	18	182	0	194	16	6	146	0	149	104	176	128	
28	205	98	231	22	154	238	240	117	96	254	130	121	77	148	96	126	238	63	238	202	184	109	255	126	239	167	128	39	174	112	216	
131	168	224	147	230	49	188	207	58	115	80	151	172	174	214	40	63	219	147	149	182	220	172	243	30	30	222	230	133	84	147	221	
126	205	230	231	212	10	110	244	85	128	250	2	107	41	53	66	126	206	127	227	232	243	201	174	178	239	164	128	103	251	112	8	
166	120	160	154	79	193	184	200	139	118	145	191	140	220	127	11	207	153	243	211	6	118	218	241	21	16	219	191	21	29	23	214	
166	112	226	154	79	225	184	200	143	85	209	187	12	222	110	11	239	153	179	211	22	118	218	224	29	16	218	239	149	13	53	214	
2	16	18	155	101	141	184	65	158	25	81	48	172	222	96	73	230	57	51	17	18	148	2	209	5	16	90	202	144	9	33	131	
230	98	224	18	237	49	248	200	203	126	181	191	72	204	223	15	203	201	243	215	134	102	238	240	30	24	223	255	215	63	94	198	
2	253	18	159	235	197	188	230	158	26	88	33	172	254	97	1	238	123	179	67	66	90	154	241	37	16	94	171	16	81	167	155	
25	13	107	207	214	178	235	119	117	65	255	198	113	110	180	100	127	174	22	189	185	185	37	223	58	111	162	192	191	194	240	244	
57	141	106	110	212	178	239	123	85	64	255	2	115	233	180	112	120	174	22	232	184	187	37	63	114	239	160	192	119	202	240	168	
27	237	104	207	118	179	255	57	126	68	93	134	253	79	147	100	62	187	31	239	227	144	45	223	254	205	171	128	55	134	17	241	
2	128	146	155	246	171	184	207	62	17	82	18	172	194	120	72	247	43	34	145	50	220	75	247	12	22	158	192	148	8	161	136	
184	133	102	236	148	18	206	253	85	192	254	2	91	233	188	97	120	230	31	234	248	187	37	142	242	239	166	132	103	190	240	8	
2	217	146	155	238	133	184	207	158	25	80	179	172	222	96	72	239	59	179	149	18	92	2	241	12	16	218	234	148	12	161	139	
40	125	58	103	48	143	119	176	117	136	126	8	255	127	1	16	148	126	93	106	200	176	57	47	231	255	32	16	66	147	66	171	
184	189	126	122	243	255	115	247	53	9	124	24	127	119	0	17	183	187	196	32	58	187	56	63	251	207	112	67	226	192	130	139	
25	77	71	239	20	130	79	117	4	128	218	66	115	99	177	228	120	228	30	234	73	145	1	190	248	236	167	128	62	186	112	40	
2	125	18	158	239	197	182	230	140	154	88	2	172	254	97	3	238	123	147	67	66	58	154	233	53	16	78	170	16	121	37	155	
59	49	244	227	189	183	218	94	31	233	125	57	31	191	150	36	158	31	213	93	158	250	105	252	75	217	57	242	199	199	194	255	
38	93	54	222	79	196	190	226	136	198	248	43	172	254	37	3	238	251	179	195	96	43	154	239	53	52	206	43	85	127	39	219	
112	64	66	164	12	9	200	68	45	32	176	10	43	10	37	16	106	129	78	226	72	35	64	204	176	200	130	48	117	26	82	136	
191	189	124	99	253	255	251	247	69	109	253	54	27	157	158	164	238	59	215	93	191	184	121	183	127	221	36	195	231	143	206	247	
131	151	69	157	242	42	173	55	60	83	90	246	221	38	156	231	39	7	62	173	181	216	101	199	12	58	250	196	60	196	129	245	
164	173	64	211	244	137	238	225	189	19	176	26	206	106	92	1	123	195	78	115	114	107	72	255	188	158	143	92	197	8	195	128	
134	12	130	158	148	162	170	67	180	130	83	146	8	238	49	72	127	43	19	147	48	212	2	234	8	38	143	128	132	97	177	128	
57	13	106	234	212	163	107	127	117	1	255	2	115	107	180	96	120	170	23	184	154	187	37	255	250	239	162	192	183	202	224	160	
210	207	134	190	11	192	30	239	191	23	224	147	108	238	44	83	234	243	235	130	106	79	138	255	177	246	222	27	49	116	167	10	
50	193	80	225	36	8	236	101	41	0	242	10	143	10	20	80	234	129	31	226	72	186	65	205	182	248	138	144	101	130	226	136	
164	205	64	159	220	137	238	229	157	35	248	26	234	104	28	17	121	202	78	99	120	51	72	255	180	30	135	112	85	122	211	128	
80	1	82	137	222	136	104	65	45	33	242	10	142	2	32	80	106	133	78	240	24	155	193	196	156	48	138	88	5	10	161	0	
134	12	130	158	20	163	174	66	22	2	91	2	96	234	49	64	88	42	19	131	34	172	10	255	32	38	138	136	148	107	48	128	
134	164	226	144	198	162	184	69	190	211	83	147	76	238	120	73	127	61	179	181	176	213	130	194	28	6	223	196	133	100	181	209	
102	79	102	78	119	146	222	96	237	204	255	167	72	236	191	84	254	229	223	231	236	163	44	206	51	62	135	131	71	255	124	71	
102	93	118	222	95	196	190	98	137	206	249	43	108	252	55	34	238	245	211	227	228	43	154	238	55	54	143	139	69	127	119	215	
142	191	120	115	177	247	155	215	23	77	93	181	157	93	254	164	159	59	151	61	179	184	56	190	107	221	37	231	222	199	157	243	
155	125	230	237	60	146	250	158	237	200	126	167	249	223	183	102	254	253	245	237	204	176	167	239	98	249	174	138	39	182	112	125	
118	93	102	94	119	210	254	96	233	198	255	171	104	236	55	112	254	245	223	227	236	163	44	238	51	62	143	139	71	119	118	215	
166	13	98	158	84	131	174	96	86	128	89	2	96	232	49	64	120	104	19	195	224	178	10	255	48	38	139	136	85	123	112	128	
161	175	119	81	244	143	167	247	126	168	120	96	48	210	132	36	127	106	2	124	243	248	108	127	44	30	39	64	73	137	195	173	
2	253	166	145	245	229	188	199	30	95	90	19	140	190	102	72	239	27	147	145	118	216	19	243	45	22	158	199	148	92	181	219	
246	99	228	10	207	113	150	200	203	116	181	171	72	204	127	31	235	193	227	247	30	99	238	241	26	80	205	191	215	127	126	214	
134	109	22	155	236	173	190	198	140	154	88	2	172	226	97	67	202	107	51	210	64	186	66	240	36	16	79	170	80	121	33	137	
246	99	100	26	207	81	220	200	139	212	181	171	72	204	127	31	233	193	227	247	70	99	238	240	26	16	205	255	87	63	126	214	
126	63	176	202	251	244	154	218	139	205	157	47	12	252	127	54	159	251	213	81	150	3	186	242	59	93	141	255	215	95	183	87	
202	89	246	237	44	18	248	62	143	216	126	163	237	159	244	102	166	221	245	196	138	252	163	217	202	249	249	142	103	164	1	93	
86	141	194	151	212	137	238	228	61	19	178	10	236	106	13	89	123	227	95	226	104	243	72	239	188	158	223	128	165	112	227	136	
126	49	224	2	223	117	146	200	139	245	173	143	72	252	127	158	205	215	251	209	158	35	190	240	27	84	141	191	215	127	254	86	
254	221	98	90	155	245	150	252	137	94	189	63	106	252	111	54	173	243	221	227	191	35	58	247	123	93	205	187	211	119	190	87	
138	209	246	237	44	19	88	63	143	249	126	179	205	191	246	38	134	189	245	133	200	220	163	213	234	249	251	142	55	132	129	221	
116	236	194	155	220	168	238	229	61	2	250	18	232	106	41	81	121	199	78	162	122	251	201	239	188	54	158	0	149	121	227	136	
81	157	153	239	184	44	15	190	62	137	218	64	247	119	129	96	54	119	125	76	9	136	217	43	233	172	47	144	136	115	129	57	
244	141	194	155	220	41	238	225	61	35	250	18	232	106	41	89	121	195	78	162	122	251	73	239	188	54	222	68	149	120	225	136	
254	221	34	126	155	212	158	244	137	94	189	63	106	253	63	55	133	243	213	247	255	39	58	255	251	127	5	187	211	119	254	87	
56	141	66	171	212	163	66	91	55	33	250	2	107	203	56	64	121	170	14	176	26	187	9	159	186	205	162	64	247	202	240	128	
2	149	22	153	245	229	188	199	60	31	90	19	140	190	40	73	231	27	187	145	50	152	19	214	45	54	158	199	144	92	165	219	
32	172	146	137	86	131	170	103	30	1	88	2	44	202	32	64	123	43	19	144	82	186	2	255	60	4	154	72	85	10	177	136	
220	84	157	247	136	110	87	152	160	182	131	24	215	119	73	91	1	212	109	106	120	197	251	40	241	162	101	20	160	243	133	98	
255	223	114	126	179	244	95	180	153	78	29	181	106	125	191	53	151	243	149	119	255	77	56	175	123	127	116	211	223	247	222	127	
20	141	194	147	220	169	238	227	61	34	187	18	236	106	105	73	123	227	78	146	104	123	73	254	188	22	223	4	149	120	97	136	
1	157	127	85	172	238	165	183	236	216	122	96	240	120	132	35	171	118	118	40	209	249	51	109	45	170	118	192	73	98	227	169	
124	237	35	126	93	196	86	236	183	12	232	9	110	237	56	16	184	234	193	70	74	43	186	191	251	245	5	11	82	31	246	234	
246	108	150	190	79	3	102	232	191	146	226	26	100	234	109	91	249	229	106	226	108	71	154	122	57	162	207	63	49	121	122	130	
93	63	255	231	170	126	95	152	161	236	158	228	223	119	195	251	182	247	253	110	137	193	185	168	226	249	111	148	174	247	13	113	
93	141	11	172	240	76	79	191	32	73	250	108	247	243	136	112	51	206	124	236	89	26	136	47	248	173	37	204	40	226	130	49	
32	239	95	69	118	142	231	252	96	0	122	204	115	97	140	48	30	254	70	106	225	184	85	47	36	172	37	64	105	162	194	169	
37	126	31	119	176	79	167	247	112	234	116	100	247	113	129	57	23	124	86	106	225	244	121	46	236	207	117	128	72	240	195	185	
110	181	129	115	249	253	22	151	147	185	140	56	174	181	72	148	205	122	241	16	27	90	208	178	173	213	28	115	218	77	154	187	
104	176	188	117	41	109	81	15	59	187	37	24	178	125	72	58	145	22	125	0	42	100	219	19	207	223	81	63	192	72	70	43	
132	108	150	190	205	161	166	200	246	146	225	26	96	224	105	75	249	111	106	146	34	231	154	115	29	166	215	44	193	123	99	130	
239	242	245	115	233	125	92	153	123	251	181	253	223	255	222	191	151	213	253	54	191	103	239	194	222	219	117	255	206	247	206	119	
73	16	173	173	41	108	81	26	43	123	131	25	214	23	11	122	128	21	125	5	9	68	243	17	197	243	120	60	136	101	6	114	
221	112	61	96	56	111	67	152	227	248	167	8	215	87	193	59	20	212	124	126	41	101	249	28	217	201	33	116	98	163	66	97	
72	188	174	50	145	252	113	135	184	95	142	25	190	181	66	123	129	62	249	17	62	217	242	37	207	83	84	83	130	68	159	122	
148	164	157	251	150	43	168	11	126	179	195	82	213	105	88	75	115	31	123	57	50	244	75	86	140	170	95	68	132	232	145	160	
29	65	95	103	130	79	79	189	36	250	175	137	247	103	9	27	54	229	93	110	73	193	57	60	225	203	101	148	96	243	131	112	
188	73	107	238	68	3	239	252	87	160	244	2	115	201	181	96	122	232	22	234	201	179	44	184	242	237	165	128	119	187	112	168	
61	73	107	238	196	2	239	244	85	192	222	198	115	205	181	96	126	236	23	239	201	179	44	232	114	233	167	128	127	187	112	248	
6	13	2	158	84	130	174	98	180	130	91	2	108	234	33	64	120	107	51	194	96	154	10	238	56	38	143	136	21	123	33	128	
90	141	22	94	155	209	28	239	191	23	206	0	104	242	38	212	161	51	234	128	118	73	10	255	59	118	159	75	18	4	173	14	
131	180	189	177	190	47	184	143	190	179	147	241	213	63	92	107	231	31	123	17	178	252	95	86	205	154	127	214	148	72	145	163	
159	121	246	229	38	146	250	176	239	224	126	163	73	223	215	102	190	253	181	255	204	240	175	236	202	249	239	130	39	167	81	85	
239	188	180	90	173	253	208	218	219	127	180	61	174	252	78	191	141	211	255	19	183	111	250	243	139	219	85	255	218	77	79	223	
15	23	127	237	246	178	191	55	29	201	94	231	221	109	190	192	94	127	151	53	177	176	101	206	110	127	46	198	158	254	169	241	
56	141	98	238	212	131	238	248	101	0	252	2	123	235	52	17	122	235	23	235	200	187	12	253	246	201	163	136	119	174	114	136	
93	81	151	231	185	78	79	188	162	168	170	64	223	119	73	246	16	84	124	122	89	129	217	40	233	236	37	20	42	179	129	49	
207	50	245	247	173	126	127	152	57	254	183	253	207	127	223	255	183	213	253	63	189	85	239	194	158	251	103	182	134	247	79	117	
130	221	178	221	245	172	188	231	191	27	122	18	172	190	52	64	239	91	127	129	242	120	130	247	45	62	30	194	132	80	163	139	
40	105	170	126	89	221	87	39	175	196	108	137	191	229	3	16	128	114	235	76	78	40	114	59	231	245	5	57	82	190	94	250	
66	221	48	155	255	228	188	230	191	91	88	51	172	190	100	64	231	91	179	209	114	8	18	247	61	22	158	235	148	84	165	155	
2	220	189	191	172	175	173	191	62	123	154	113	244	63	16	104	199	87	127	1	211	205	91	119	205	182	126	208	156	80	129	59	
133	220	223	113	144	166	47	222	190	11	234	213	213	103	41	24	61	81	102	252	51	213	59	127	105	134	47	196	201	241	163	176	
100	173	192	147	252	168	234	194	187	17	184	26	206	234	77	81	123	203	78	48	50	99	200	235	188	158	143	124	197	121	195	128	
131	175	23	25	252	159	174	231	223	232	90	98	160	200	180	161	251	43	114	85	247	248	71	255	44	30	31	66	93	8	249	141	
73	165	152	88	249	117	89	207	123	85	44	24	142	226	66	60	131	10	224	24	22	74	186	211	138	221	21	127	146	196	207	196	
26	48	246	252	62	179	216	30	155	249	125	187	205	255	148	42	190	253	181	165	144	240	231	221	138	251	219	210	231	165	67	87	
106	169	172	115	201	205	117	167	163	125	142	25	186	53	66	50	129	246	249	4	74	88	242	53	239	247	84	115	2	68	150	122	
72	165	50	112	209	252	113	231	253	29	106	24	42	250	110	48	169	170	200	16	30	169	178	103	251	255	20	75	194	64	231	14	
203	124	118	237	60	183	250	30	175	232	126	177	221	223	214	102	134	125	253	239	192	245	163	211	230	249	169	174	39	181	85	119	
76	228	188	96	201	68	85	175	227	191	172	24	156	255	80	58	129	215	121	184	90	75	250	80	235	223	87	125	130	112	230	226	
60	116	31	101	36	47	71	120	101	170	171	76	87	81	1	59	56	244	76	106	201	181	89	12	225	203	97	52	106	251	66	177	
106	52	180	90	205	255	208	79	195	191	173	24	10	189	102	159	201	182	235	16	60	111	250	144	27	219	85	127	211	76	222	246	
93	255	19	103	177	158	78	181	49	168	110	108	255	115	129	244	22	254	148	106	249	154	217	174	168	253	37	128	42	182	138	33	
6	132	130	153	148	162	168	71	54	3	91	18	72	234	40	72	123	47	19	144	50	156	1	222	44	38	158	196	148	72	177	128	
4	77	2	158	20	131	174	226	22	128	91	2	96	234	49	64	120	106	19	195	98	186	10	255	32	38	143	8	21	123	48	136	
6	4	130	153	212	163	170	71	22	131	90	18	72	234	56	72	121	42	19	145	50	182	0	206	44	6	158	196	149	74	240	128	
6	77	2	158	20	130	174	226	182	130	91	2	104	234	49	64	122	107	19	195	96	154	10	255	40	38	142	136	20	123	49	128	
6	77	98	158	214	130	174	224	156	194	91	131	72	238	53	96	126	237	147	231	224	183	14	238	52	46	143	136	5	127	113	212	
240	205	70	254	95	3	70	236	245	128	226	11	99	201	33	83	120	228	106	227	108	231	91	239	177	162	199	27	97	58	248	10	
36	36	130	137	212	163	166	79	22	131	120	18	0	234	56	64	121	42	2	17	18	186	0	202	56	6	150	68	149	88	240	128	
131	168	226	147	214	177	188	207	126	115	80	147	172	174	86	40	63	219	19	149	182	252	174	243	30	14	159	228	133	84	179	221	
31	133	99	175	86	162	235	248	84	64	91	194	89	237	184	96	126	233	23	239	145	178	13	207	244	108	171	196	53	171	49	240	
118	77	102	70	237	89	214	228	233	230	188	141	106	108	23	23	202	230	205	103	204	35	252	232	50	88	69	59	71	255	222	94	
38	77	66	158	84	131	174	224	22	128	89	2	96	232	49	64	120	106	2	195	98	186	10	255	48	38	139	136	21	123	48	128	
93	85	110	229	54	26	127	124	125	192	126	166	251	111	147	113	62	229	95	238	233	176	45	206	246	239	39	128	103	247	83	113	
34	37	244	234	244	187	250	95	127	185	253	2	239	239	244	48	255	219	23	216	154	248	43	253	190	222	159	230	215	207	195	133	
176	68	66	164	4	9	206	69	45	32	250	10	43	10	37	16	106	137	78	226	72	183	65	206	176	232	130	48	101	26	82	136	
15	189	112	123	253	181	251	215	95	105	125	46	25	221	223	36	223	27	223	124	183	186	105	246	127	221	52	234	215	143	228	247	
137	220	253	95	162	86	191	183	124	95	87	244	253	127	154	99	23	86	181	14	241	220	47	111	102	111	126	128	30	244	165	249	
38	133	116	211	244	139	238	233	127	145	184	10	238	106	28	16	251	195	127	177	218	250	72	253	190	158	199	196	213	170	226	128	
47	159	49	211	247	221	191	253	87	77	221	110	249	125	190	164	255	154	159	61	151	58	120	255	127	95	175	198	223	142	189	247	
18	193	214	149	102	10	252	238	63	146	178	2	239	106	17	83	127	227	127	161	40	251	74	205	188	214	223	132	165	56	33	136	
242	205	134	188	203	128	14	239	191	23	224	147	108	226	36	211	233	243	235	128	122	79	218	255	177	182	223	59	16	112	167	14	
2	253	18	159	235	197	190	230	158	26	88	34	172	254	97	1	239	123	179	67	66	122	18	241	37	16	94	171	16	89	39	155	
242	197	66	129	68	9	110	101	45	0	186	10	175	10	4	80	106	129	78	226	72	191	64	207	180	248	138	144	101	18	226	136	
48	201	194	159	92	139	238	237	63	33	248	10	106	104	60	81	123	227	95	227	122	251	73	253	60	62	207	116	117	122	242	136	
210	133	66	129	244	136	110	101	45	0	187	10	142	10	0	80	106	131	95	240	88	27	64	214	180	144	138	208	53	10	163	8	
11	223	106	255	117	86	255	245	93	77	222	167	253	127	190	229	254	91	159	239	197	155	109	253	119	127	174	146	30	254	189	253	
59	125	98	239	60	18	254	63	237	74	126	163	235	223	182	100	254	255	191	239	238	184	175	255	230	253	174	138	55	214	240	221	
34	221	34	158	127	193	190	226	140	68	120	171	172	254	39	3	238	123	179	195	98	58	154	255	53	54	206	171	85	127	55	219	
129	175	23	153	246	139	166	231	222	160	90	194	244	232	180	33	235	43	42	77	245	248	71	127	44	14	95	64	85	8	209	140	
142	191	116	115	177	247	223	191	31	207	93	181	253	125	190	37	151	123	149	61	179	184	40	190	107	223	61	198	246	221	149	251	
25	140	107	203	212	178	235	119	117	65	254	66	121	107	180	100	127	174	22	188	185	187	37	255	126	111	166	192	183	202	240	228	
62	141	102	238	148	18	206	253	117	192	254	2	91	233	188	97	122	230	63	234	248	187	45	174	242	239	166	132	39	191	240	8	
6	248	146	155	105	133	184	200	158	25	80	48	140	222	104	73	231	25	51	81	2	84	138	241	13	16	95	238	144	17	33	131	
191	63	240	250	247	245	222	223	27	201	29	189	46	252	255	52	151	123	149	21	190	10	168	250	235	221	45	251	214	215	135	223	
230	121	48	130	79	197	188	204	139	248	144	43	12	222	101	11	204	241	243	195	194	71	218	240	21	16	207	191	17	63	7	219	
57	133	106	233	212	179	235	119	85	65	254	2	115	235	180	96	120	170	23	184	152	187	37	191	122	239	162	192	183	202	240	160	
2	160	150	155	244	171	168	143	62	49	83	18	172	194	104	73	251	11	34	144	50	220	75	215	12	22	159	196	148	72	161	129	
130	201	18	155	236	133	188	207	158	25	80	146	172	222	96	73	239	59	179	145	82	88	66	241	12	16	222	234	148	88	161	137	
24	221	87	111	177	86	78	183	53	10	254	64	251	119	161	228	119	246	157	234	249	152	89	175	235	255	165	128	42	246	232	57	
44	125	58	103	49	207	119	176	125	136	127	8	255	127	9	48	180	124	93	106	200	176	57	47	231	253	33	16	66	179	66	43	
152	188	126	122	219	239	113	247	183	27	252	24	127	255	32	49	167	179	215	16	58	251	58	63	251	223	116	67	226	64	166	187	
57	69	71	206	20	147	78	125	133	128	223	66	115	99	185	228	120	228	30	234	73	163	13	190	178	236	167	144	63	186	240	40	
89	77	106	239	86	18	238	121	117	224	255	130	123	111	159	112	126	252	63	239	232	145	45	255	246	239	175	128	39	183	114	224	
6	12	130	158	148	163	174	67	22	130	91	18	96	234	49	64	89	42	2	131	50	188	10	255	32	38	138	128	148	107	48	128	
29	204	139	109	176	99	79	191	52	138	186	96	211	119	129	48	59	70	124	172	9	137	33	31	232	239	167	212	160	242	162	33	
15	151	123	237	242	50	191	191	29	192	94	231	221	111	182	96	118	127	23	238	241	152	101	238	110	239	46	196	47	254	161	249	
177	77	95	109	48	14	111	188	96	8	126	68	115	33	129	49	62	100	100	110	233	184	21	47	100	171	36	128	105	179	66	185	
72	173	56	58	153	245	16	239	239	29	140	17	174	246	98	208	161	59	234	145	22	75	186	247	219	213	30	123	146	4	175	78	
9	221	19	191	178	206	47	182	52	202	90	100	253	119	161	224	119	126	54	202	225	152	17	63	237	167	62	128	10	113	161	185	
60	205	98	231	84	154	238	249	117	96	254	2	123	73	181	96	122	238	63	234	232	177	109	255	254	237	163	128	39	190	112	128	
76	48	189	57	169	108	81	11	171	95	135	57	158	183	74	122	129	31	253	16	18	76	243	0	205	243	80	127	130	65	135	99	
6	112	22	154	108	133	184	72	142	25	81	32	172	218	105	73	238	57	51	83	2	20	10	241	5	16	90	234	144	11	33	131	
102	121	98	202	207	85	158	200	137	220	153	47	12	220	127	43	236	209	215	243	200	99	250	224	55	16	207	191	85	127	246	215	
93	207	20	103	161	30	78	190	101	170	190	68	239	51	137	247	21	70	236	106	201	208	73	173	162	251	101	148	42	247	136	45	
236	48	181	100	41	109	81	24	235	254	167	24	223	209	73	63	147	212	109	58	9	103	251	16	223	219	97	126	74	163	70	35	
118	125	96	198	207	114	222	236	201	246	188	175	72	124	95	51	232	213	221	227	204	99	252	232	59	88	205	191	103	127	246	86	
255	255	176	122	187	117	22	252	211	254	157	175	74	253	127	55	157	243	213	119	254	67	186	187	251	95	101	255	247	255	214	119	
104	48	188	121	201	109	81	31	123	59	37	24	150	53	72	58	129	30	233	16	18	116	211	17	199	249	80	119	210	64	198	35	
255	223	240	122	187	244	222	252	219	90	157	189	110	253	255	52	151	211	149	119	254	67	58	255	123	223	237	255	215	247	182	127	
244	104	150	158	77	131	134	232	222	186	160	91	98	227	109	27	233	228	106	66	104	103	138	59	17	162	223	59	81	121	98	130	
218	125	118	239	174	178	220	31	143	234	122	179	237	159	52	98	166	247	245	197	224	253	163	255	162	251	190	138	39	212	193	93	
109	37	216	67	249	125	89	25	91	191	61	24	206	115	74	158	19	95	228	56	51	82	249	210	79	223	53	125	202	71	139	161	
2	221	176	155	255	197	190	230	190	27	88	51	172	190	100	64	231	123	179	193	98	24	26	247	45	22	158	235	148	85	165	219	
255	223	246	122	187	244	222	252	219	90	157	189	110	253	255	53	151	243	149	247	254	67	58	255	251	95	109	255	215	247	182	127	
40	237	49	123	253	205	85	167	91	181	173	25	174	59	70	144	137	75	194	24	114	106	251	119	111	159	20	123	82	82	198	234	
44	189	56	91	249	221	87	175	91	25	44	24	242	117	76	52	137	90	211	90	122	42	250	55	111	223	4	123	210	88	194	162	
56	133	66	233	212	163	66	95	53	1	254	2	107	203	48	64	120	170	6	184	26	187	1	191	250	207	166	64	247	218	240	128	
221	127	63	231	50	78	95	148	48	206	214	228	255	87	131	115	54	245	221	126	233	213	169	46	242	233	39	144	46	243	39	121	
130	109	22	159	237	141	182	230	140	138	88	2	172	250	97	67	238	123	19	67	98	59	2	251	45	16	78	170	16	121	33	139	
154	253	118	239	254	147	220	23	143	107	127	179	237	159	180	98	174	159	247	133	242	221	235	215	162	251	158	130	39	214	193	223	
61	77	107	238	212	18	239	244	85	192	254	198	115	237	181	96	122	238	22	239	201	179	44	236	114	233	167	128	127	250	112	232	
2	221	178	153	245	229	188	199	30	95	90	19	140	190	98	72	239	91	179	145	114	216	19	247	45	22	158	199	144	92	181	219	
159	189	118	234	254	179	218	154	143	121	127	187	205	159	190	106	167	223	247	151	150	251	239	246	202	253	186	194	231	199	195	215	
255	223	246	126	177	244	95	180	219	222	29	189	127	253	191	52	151	115	181	71	253	69	46	175	107	255	109	223	134	247	214	119	
86	133	210	157	214	138	236	235	63	146	242	2	236	106	40	73	123	235	95	160	112	123	73	223	188	54	223	132	149	104	225	128	
2	9	98	157	84	131	170	99	124	0	90	2	44	202	52	64	122	171	19	193	192	186	2	239	52	44	138	128	21	8	113	136	
34	125	182	158	255	196	190	226	136	138	88	2	172	254	37	2	238	123	147	195	96	43	146	239	61	22	142	171	21	125	33	155	
242	239	22	190	153	129	6	237	151	152	160	75	98	224	40	19	248	227	106	227	106	111	138	61	185	162	199	59	81	58	162	10	
191	223	242	254	165	180	222	244	217	90	61	189	124	253	191	63	135	115	149	71	246	77	46	239	235	127	125	218	150	247	151	87	
102	93	118	222	223	198	190	98	137	206	249	43	108	252	55	2	238	243	211	195	224	171	154	239	55	54	142	139	21	127	55	215	
2	140	2	138	84	131	170	103	22	1	88	2	40	202	48	64	121	43	19	145	18	186	0	255	60	4	138	200	85	10	177	136	
146	181	246	238	254	171	218	63	155	241	123	187	205	191	52	2	174	223	183	151	144	250	79	247	158	250	219	194	39	143	129	217	
2	137	2	156	84	131	170	71	22	1	122	2	40	202	32	64	120	171	2	128	66	186	2	255	52	36	138	128	21	8	113	136	
27	69	104	237	246	187	255	125	125	64	94	130	249	111	151	96	126	187	23	239	241	144	109	223	246	205	171	128	55	255	241	225	
130	186	224	155	238	169	188	207	27	119	80	183	172	190	86	9	175	27	179	149	182	124	142	241	28	18	94	235	149	76	151	223	
2	221	146	159	247	172	190	230	190	27	90	18	172	186	52	64	231	123	51	65	114	56	146	247	61	62	30	202	148	88	163	139	
89	223	25	236	176	14	79	183	112	232	74	108	247	51	128	113	54	254	28	104	217	26	241	61	249	229	39	192	40	162	163	41	
127	75	212	70	169	30	70	189	225	168	175	108	235	115	129	246	20	228	236	110	205	161	205	168	170	253	69	150	170	183	202	37	
2	253	178	147	245	213	182	198	30	95	88	51	172	190	102	8	237	91	147	81	118	248	26	227	47	22	158	239	149	93	189	223	
40	109	34	124	25	221	87	103	175	196	108	9	174	221	38	144	144	122	219	64	70	41	178	191	99	253	4	27	82	30	222	250	
130	161	148	155	244	171	168	143	62	49	82	18	172	194	104	72	243	11	34	144	50	220	75	247	12	22	159	228	148	72	161	137	
2	132	130	153	148	163	170	199	54	3	90	18	72	234	56	64	123	43	19	145	50	156	1	214	44	6	158	196	148	72	177	128	
6	77	2	158	20	131	174	226	150	128	91	2	96	234	49	64	120	106	19	195	98	186	10	255	32	38	142	136	21	123	48	136	
6	132	130	152	148	163	170	71	20	129	90	18	64	234	40	64	121	42	2	144	50	186	0	206	40	6	158	192	149	74	176	128	
6	77	2	158	148	130	174	226	182	130	91	2	104	234	49	64	122	107	19	195	96	154	10	255	32	38	142	136	20	123	49	128	
32	164	130	137	212	163	166	79	22	131	122	2	0	232	56	64	121	106	2	177	50	186	0	202	40	6	150	64	213	90	176	128	
2	253	18	159	227	133	60	238	62	26	88	32	172	246	96	65	247	123	179	64	66	216	26	241	45	16	30	170	16	80	163	155	
102	125	48	134	239	69	158	236	137	250	184	43	44	252	101	3	142	243	223	231	192	35	202	248	55	24	143	191	85	127	183	219	
3	172	226	147	214	161	190	207	94	99	88	147	44	174	116	8	127	203	19	149	182	252	13	243	60	14	158	228	133	92	179	216	
34	221	50	158	127	197	190	230	158	76	88	163	172	254	37	1	239	123	147	195	98	59	154	255	53	54	206	171	21	93	53	219	
25	141	107	203	212	178	235	247	117	65	222	66	121	235	180	100	127	174	22	173	185	187	37	255	122	111	166	192	183	202	240	236	
31	13	106	239	182	147	255	253	125	64	94	130	217	111	182	100	126	251	23	239	240	152	109	254	246	237	175	128	55	255	241	233	
54	45	246	235	252	171	250	222	255	161	249	18	207	235	93	16	255	239	119	145	186	250	207	247	190	220	143	236	231	219	227	137	
130	253	22	159	111	197	190	230	158	10	88	34	172	254	33	65	238	123	147	195	98	186	18	255	53	20	94	170	16	121	37	155	
57	141	106	234	212	179	235	255	85	1	254	2	115	233	180	96	120	170	23	184	152	187	37	191	122	239	166	192	183	202	240	168	
130	237	20	155	236	161	188	207	158	27	80	18	172	222	112	73	239	59	179	145	114	92	66	243	44	16	222	234	148	88	161	137	
60	205	102	238	148	2	110	253	85	0	254	2	75	105	60	97	120	198	63	234	248	187	13	174	178	239	166	132	55	187	240	8	
15	189	114	235	252	191	250	255	95	105	255	162	237	255	190	36	255	155	223	253	150	187	109	253	254	223	167	234	247	143	225	213	
146	255	135	156	27	194	14	239	190	30	200	87	164	226	32	215	233	247	106	192	107	79	210	127	177	38	222	155	25	112	175	30	
2	253	22	158	237	133	190	230	156	138	88	34	172	250	97	65	238	123	19	67	98	58	2	255	61	20	94	170	16	121	33	139	
139	223	252	127	246	22	127	191	211	91	94	180	253	127	190	99	151	119	181	14	243	220	175	191	102	255	125	132	182	244	165	121	
48	133	70	159	220	139	238	239	63	176	251	10	238	234	60	16	123	235	127	243	90	187	75	255	188	158	199	84	117	42	243	128	
242	205	66	131	68	8	110	103	45	2	187	26	10	10	4	80	106	131	95	162	104	191	64	239	180	188	138	144	37	90	226	136	
50	197	198	143	92	139	238	239	63	16	251	10	238	234	60	80	123	239	127	227	74	187	75	255	188	190	207	148	117	58	241	136	
246	141	80	131	214	136	110	231	45	0	187	26	14	10	48	80	106	131	31	243	120	63	64	246	188	148	138	192	53	11	161	0	
58	233	114	239	124	18	254	253	109	64	254	131	239	239	188	96	254	255	159	239	200	185	237	253	182	255	142	138	55	190	241	221	
56	141	106	234	212	163	106	255	87	1	254	2	123	235	48	64	120	170	23	184	154	187	8	191	250	205	167	192	247	218	240	136	
129	141	14	155	222	201	165	231	222	21	202	18	164	224	50	193	105	42	106	25	119	249	87	127	60	6	94	72	93	8	185	140	
142	157	116	243	182	183	222	191	31	219	92	181	253	127	191	37	151	115	149	63	242	220	47	191	106	223	253	198	247	220	133	251	
38	77	98	158	84	131	174	224	86	128	89	2	96	232	49	64	120	106	19	195	226	186	10	255	48	38	143	136	85	123	48	128	
246	255	226	198	223	86	222	254	137	238	188	47	106	125	23	50	253	247	213	231	252	107	120	238	59	126	141	191	231	127	246	95	
102	93	182	222	255	196	190	226	153	202	216	35	236	254	53	2	238	115	151	195	224	171	18	238	53	62	142	139	5	127	119	219	
108	125	58	103	49	143	119	184	121	136	127	8	255	115	9	52	180	254	93	106	192	176	185	175	231	255	37	16	66	179	66	43	
184	188	190	122	249	253	81	247	183	27	252	56	63	247	32	89	165	179	255	144	58	79	58	55	251	223	116	203	226	64	230	155	
53	141	78	206	20	146	78	248	69	0	223	66	115	99	184	228	120	230	30	234	217	163	13	191	178	175	163	128	61	171	120	36	
6	105	18	154	236	129	190	200	142	24	89	2	140	202	105	75	206	25	27	83	66	3	10	240	4	16	138	170	20	91	161	129	
230	125	50	206	239	5	158	236	137	234	152	43	76	252	117	2	206	243	215	227	224	35	90	234	51	24	143	190	85	127	183	219	
203	223	191	95	184	214	63	191	182	95	94	244	252	247	170	107	215	126	189	206	247	76	175	255	110	111	127	128	158	244	173	121	
58	205	98	239	148	154	110	253	117	192	254	2	123	105	181	64	122	239	63	234	232	177	109	255	246	239	167	128	55	191	240	128	
134	12	134	158	148	163	174	103	148	131	91	18	96	234	48	65	121	42	19	145	48	254	8	238	40	38	142	192	148	104	176	128	
242	93	96	198	223	127	214	239	137	238	188	175	106	124	23	18	204	247	223	227	252	43	248	238	51	126	205	187	71	126	214	95	
134	121	18	138	237	37	190	204	142	26	24	42	140	222	97	10	238	89	215	67	66	3	10	240	53	16	143	174	20	123	33	131	
6	105	18	155	108	169	184	200	174	25	81	0	172	194	105	72	230	9	34	82	2	20	138	241	4	16	10	236	20	27	33	129	
250	221	226	70	149	90	86	167	121	198	190	143	107	108	23	52	251	230	205	102	252	171	125	239	123	127	133	19	103	254	222	94	
92	69	110	239	22	18	110	252	117	192	254	130	123	111	189	117	126	253	127	235	232	179	45	238	246	239	167	128	39	183	242	160	
93	132	196	39	147	122	71	63	119	231	239	148	203	99	138	204	115	198	232	184	61	212	125	142	170	231	213	85	162	238	204	68	
130	190	224	155	230	169	188	207	30	87	80	183	172	174	118	9	175	59	147	149	182	126	142	243	12	22	94	235	149	76	151	221	
2	253	178	147	245	213	190	231	30	95	88	51	172	190	102	0	239	91	147	81	118	250	26	243	45	22	158	235	149	92	173	223	
2	253	178	155	245	229	190	231	30	95	88	51	172	190	98	64	239	91	147	145	114	216	26	247	45	22	158	231	144	92	181	219	
137	191	46	27	221	219	165	255	86	253	126	22	232	224	50	133	121	106	226	153	247	248	127	63	109	7	119	65	219	12	253	254	
255	255	244	126	187	247	94	253	211	250	29	189	125	253	255	55	151	123	181	119	253	67	170	191	107	223	237	255	151	247	150	119	
157	4	196	183	149	58	111	9	118	167	199	144	203	99	139	207	123	78	232	186	57	212	109	14	140	231	199	5	166	239	201	128	
57	13	107	238	212	146	239	244	69	192	222	194	115	237	181	100	122	238	23	239	201	187	44	237	114	237	167	128	127	186	112	232	
38	125	98	30	255	213	190	232	223	204	93	143	104	252	63	32	222	251	147	231	198	35	126	255	63	30	143	187	85	127	63	215	
255	221	244	254	191	148	222	189	219	218	61	185	109	255	255	55	151	115	149	247	254	99	42	255	235	223	109	254	150	247	166	87	
130	245	118	255	172	129	252	247	191	107	250	179	237	255	28	65	239	191	255	133	226	253	195	215	166	255	158	130	6	212	225	217	
25	221	18	127	179	158	111	182	117	202	94	100	255	115	163	228	119	126	188	206	233	152	53	191	234	255	38	128	42	245	168	109	
255	221	244	126	191	148	94	188	219	218	29	189	111	253	255	53	151	115	181	119	254	71	42	255	235	223	109	254	150	247	246	87	
189	126	135	63	11	119	7	248	22	254	213	126	123	244	235	205	125	236	238	98	173	215	187	59	217	231	101	189	187	125	46	247	
2	13	2	153	84	131	170	103	20	1	90	2	40	202	48	64	120	43	19	129	114	186	0	255	52	36	154	128	21	8	113	136	
27	207	82	111	181	150	94	183	117	14	254	32	107	123	178	244	87	230	172	44	252	184	109	255	234	255	4	211	114	246	232	77	
244	254	15	158	79	67	167	236	148	190	226	94	98	224	43	211	120	228	106	226	105	247	219	63	180	34	231	29	121	57	60	152	
244	126	143	158	79	67	167	236	182	190	226	94	96	224	35	219	121	236	106	226	105	247	219	42	21	34	239	29	41	121	62	154	
31	159	123	239	242	50	255	191	61	192	94	230	253	47	182	96	118	223	151	239	241	152	45	239	238	255	174	196	63	246	161	249	
156	52	228	39	155	122	71	57	119	230	239	150	75	101	139	223	121	196	232	186	61	245	125	142	187	231	197	23	235	247	92	86	
0	141	2	139	84	131	170	103	22	1	88	2	40	194	32	64	120	42	2	208	18	186	0	255	40	36	138	72	149	10	176	136	
72	176	184	113	185	237	17	143	187	29	36	56	158	151	74	58	129	27	253	16	18	74	242	17	207	213	20	127	130	4	135	99	
6	77	98	158	214	130	174	224	156	194	91	131	72	238	53	64	126	249	147	231	224	147	12	238	52	46	143	136	21	127	49	208	
150	173	118	251	254	171	252	105	159	51	251	146	207	174	60	66	239	159	127	145	242	249	79	215	190	254	155	194	37	206	193	129	
24	221	51	255	177	214	111	182	55	73	94	70	255	119	160	228	117	122	181	200	235	152	57	191	235	255	182	193	58	214	169	185	
237	52	221	83	253	63	115	154	123	187	61	24	210	125	77	190	157	92	228	58	51	118	251	50	15	223	113	118	202	235	74	181	
180	207	15	143	222	75	230	237	180	164	226	78	98	192	40	209	120	228	106	227	105	247	91	125	180	34	199	21	121	58	248	136	
175	189	240	242	182	183	222	223	27	203	29	187	237	255	255	32	151	251	149	183	182	106	168	239	170	221	143	254	151	247	131	223	
41	165	192	91	209	251	228	207	118	53	108	144	41	99	138	212	121	78	162	156	50	250	255	55	110	239	149	101	243	196	234	136	
173	180	177	67	253	125	209	159	123	127	61	24	202	121	76	188	153	26	98	56	51	112	251	19	79	223	21	119	210	74	198	167	
34	221	34	159	255	193	190	230	158	76	88	163	172	254	37	65	238	123	147	195	98	58	26	255	37	54	206	171	21	93	53	219	
6	77	2	158	148	131	174	226	150	128	89	2	96	234	49	64	120	106	19	195	98	186	10	255	32	38	142	136	21	123	48	136	
2	132	130	136	148	163	174	199	22	129	90	18	64	234	40	64	121	42	2	176	50	186	0	222	40	6	158	192	149	90	176	136	
6	77	2	158	148	130	174	226	180	130	90	2	104	234	49	64	122	107	51	195	96	154	10	255	48	38	142	128	20	123	49	128	
130	172	226	147	214	163	190	207	30	99	88	147	172	174	118	0	127	91	19	149	178	156	13	247	60	14	158	224	149	76	177	216	
32	164	130	137	212	163	166	199	22	131	122	2	0	232	56	64	121	106	2	17	18	186	0	238	40	6	150	68	149	90	176	136	
2	132	130	153	148	163	170	231	22	3	90	18	72	234	40	64	121	43	19	144	50	156	0	223	40	38	159	192	148	74	176	136	
27	141	99	206	212	178	239	247	117	65	222	198	121	238	182	228	123	238	22	189	185	187	37	255	58	111	166	192	183	206	240	236	
57	141	106	206	212	179	239	255	85	64	254	2	113	233	180	100	120	238	22	248	153	187	44	255	122	239	166	192	247	202	240	168	
56	141	106	235	212	179	238	255	85	1	254	2	115	235	176	96	121	234	23	184	152	187	41	191	250	207	167	192	247	218	240	136	
130	140	6	156	148	162	174	231	148	131	90	18	96	234	32	73	121	110	42	176	48	253	3	254	40	38	222	192	148	120	176	128	
53	199	74	206	20	131	75	248	86	0	249	70	115	96	189	96	88	234	14	238	175	163	109	63	242	174	161	208	61	187	112	4	
152	156	158	254	185	237	84	247	191	27	252	56	126	255	32	89	167	243	253	0	58	239	10	247	251	255	119	219	178	192	167	27	
101	253	123	71	116	31	119	184	121	8	255	8	250	121	157	52	158	220	70	106	201	176	249	255	231	255	37	146	66	187	66	33	
62	197	102	238	156	2	110	253	85	160	251	2	75	105	61	65	120	198	63	226	248	187	9	174	178	239	135	196	55	187	240	8	
226	253	50	198	255	37	158	239	137	234	184	59	108	124	52	18	207	243	223	231	240	43	72	239	63	30	143	186	69	126	151	219	
134	93	16	138	236	1	190	239	143	154	184	42	172	254	117	2	207	115	95	227	96	3	10	250	52	24	143	190	20	123	163	137	
27	207	98	95	177	218	95	182	117	199	110	133	107	108	183	244	115	110	188	204	236	216	37	175	234	255	20	131	39	212	236	93	
11	221	114	239	244	159	254	253	93	104	255	163	237	127	190	100	254	251	159	239	212	187	109	255	254	253	175	198	55	174	241	247	
178	201	118	143	124	139	238	237	127	128	251	2	238	234	60	65	122	239	127	227	232	187	203	253	180	186	143	148	117	58	241	136	
39	95	102	158	127	147	190	232	221	204	248	167	104	236	55	64	254	235	151	231	228	171	110	255	54	62	143	139	87	63	124	215	
130	93	146	159	255	133	190	230	158	138	88	2	172	250	33	64	239	123	179	195	98	184	2	255	45	54	78	170	16	121	33	139	
2	253	146	155	245	197	190	231	30	93	88	51	172	190	98	64	239	123	147	209	82	216	26	247	45	22	158	235	144	92	181	219	
137	183	46	27	221	223	181	255	86	125	222	55	248	244	170	165	121	10	238	153	247	249	127	55	127	71	119	201	219	76	253	255	
174	189	116	242	182	183	222	191	31	219	125	187	237	127	190	33	151	243	149	183	242	248	40	255	170	223	255	198	151	244	193	95	
57	13	107	206	84	146	239	240	197	192	254	66	115	233	181	100	120	238	23	234	201	187	44	239	114	237	167	128	119	251	112	232	
38	93	118	222	255	196	190	226	157	138	216	35	44	254	53	64	238	251	179	195	224	171	18	239	53	54	142	139	21	125	53	219	
218	158	210	190	186	232	28	151	191	23	218	181	175	254	32	89	231	247	253	145	50	77	202	247	184	247	62	219	180	196	165	91	
62	189	242	235	252	187	250	222	127	233	253	163	239	255	221	36	255	219	215	253	154	187	109	255	254	223	143	238	247	223	227	213	
143	221	246	255	164	54	126	190	251	219	94	176	249	255	191	111	151	127	181	206	226	252	175	239	106	255	253	130	167	244	197	121	
130	221	148	153	236	169	188	239	158	27	80	50	172	254	112	73	239	59	59	145	114	92	66	243	172	18	222	234	148	88	161	137	
252	77	102	231	22	18	110	252	117	192	254	2	123	105	181	117	126	228	127	235	232	179	173	238	242	239	231	128	103	247	242	128	
128	165	135	155	212	171	44	143	62	51	82	82	164	194	104	73	123	11	34	144	50	220	75	215	12	22	159	68	148	72	161	136	
52	173	70	159	220	171	238	239	63	161	251	10	238	234	12	80	123	239	110	242	90	251	75	255	188	30	143	124	85	43	243	128	
27	207	114	95	181	222	94	191	119	79	254	52	107	105	182	244	215	238	172	12	254	184	101	255	234	255	20	83	179	212	236	79	
134	105	22	154	236	137	188	204	174	16	120	0	172	194	105	74	226	11	74	210	66	0	138	241	36	16	15	172	20	91	161	137	
138	255	143	159	153	214	165	247	190	206	222	55	180	230	163	71	105	102	238	132	101	223	243	127	245	39	254	145	24	116	189	127	
62	205	102	239	212	138	110	253	117	0	254	2	107	105	188	64	122	237	63	235	248	179	77	255	242	239	135	128	55	187	240	8	
242	205	66	130	196	8	110	231	61	2	186	26	14	42	40	81	107	131	78	162	120	63	72	239	180	182	158	208	53	90	226	8	
31	141	106	239	246	155	255	253	93	192	255	130	121	111	190	96	126	255	23	239	248	184	109	255	254	239	175	192	55	255	240	233	
34	173	66	138	84	131	170	71	6	1	120	2	40	202	52	64	120	42	19	209	18	186	0	255	56	12	138	200	149	10	240	136	
2	13	2	157	84	130	170	103	60	1	90	2	44	138	32	64	106	43	19	128	96	184	0	239	52	38	154	128	21	8	49	136	
32	141	2	138	84	131	170	71	22	1	88	2	40	202	48	64	120	42	2	209	18	186	0	255	48	36	138	72	21	10	176	136	
2	141	2	154	84	131	170	103	20	1	88	2	40	202	48	64	120	43	19	129	82	186	0	255	48	36	138	192	21	10	177	136	
2	141	2	153	84	131	170	103	20	1	90	2	40	202	32	64	120	43	19	128	82	186	0	255	32	38	154	128	21	10	177	136	
121	93	91	111	48	30	71	48	97	200	255	68	115	115	129	112	54	228	76	110	201	177	53	44	242	237	32	128	107	179	66	49	
25	207	82	127	179	150	127	182	119	78	94	36	239	243	163	228	119	106	182	204	239	152	39	191	238	255	182	130	58	213	169	237	
38	253	34	158	255	213	190	232	223	204	89	171	104	252	55	0	255	123	147	195	198	35	46	255	63	28	143	171	85	127	63	215	
2	253	178	155	247	213	190	230	30	93	88	35	172	252	102	0	239	123	147	81	86	248	10	247	45	22	159	235	148	94	173	223	
109	112	243	68	105	93	83	24	233	234	167	72	90	151	69	190	180	244	124	122	137	103	176	72	211	217	97	62	194	179	66	51	
155	221	118	239	124	18	254	252	125	72	246	163	237	95	191	97	254	245	223	239	236	179	109	239	182	249	142	130	55	190	241	221	
27	157	123	239	246	18	255	189	61	192	94	230	253	127	182	96	126	255	151	239	213	152	45	239	238	239	175	192	47	247	241	249	
255	253	244	126	191	23	222	189	219	250	29	185	108	255	255	55	151	87	181	247	254	99	170	255	107	223	237	254	150	247	208	119	
223	252	246	94	189	20	222	188	219	218	21	181	110	253	255	37	151	123	181	239	238	69	170	255	235	223	237	190	150	247	240	125	
24	221	54	255	181	151	127	182	23	9	94	70	255	247	160	228	119	122	183	200	235	152	115	191	239	255	150	131	58	220	169	189	
125	182	174	22	217	127	83	219	119	255	255	61	75	244	203	252	125	222	238	50	189	210	255	178	95	231	117	199	234	239	236	87	
92	62	134	55	139	127	83	216	55	238	239	23	203	102	203	236	121	236	236	186	189	212	255	170	223	231	245	135	235	127	108	87	
2	253	146	155	247	197	190	230	158	27	88	2	172	254	33	64	239	123	147	195	98	26	26	247	45	22	158	235	20	81	165	155	
122	157	96	94	181	250	86	175	123	103	190	157	107	108	30	117	251	199	205	36	190	171	125	255	251	127	21	87	247	196	204	94	
45	54	189	115	253	127	243	154	123	255	53	124	218	124	223	191	157	77	236	58	183	116	251	34	79	223	101	246	202	249	207	245	
76	176	184	113	233	253	113	23	171	61	37	56	158	151	74	186	135	27	237	16	18	88	250	64	207	209	53	127	130	192	143	99	
43	176	240	81	253	221	209	31	123	125	53	24	138	29	222	188	137	26	214	24	151	122	243	149	79	219	16	127	210	140	222	255	
191	126	166	55	11	119	87	216	55	238	215	55	107	117	139	255	125	236	236	102	173	215	255	170	211	231	229	151	235	127	124	119	
32	173	2	138	84	131	170	71	6	1	120	2	40	202	48	64	120	170	19	209	18	186	0	253	56	4	138	104	21	10	240	136	
6	77	2	158	148	131	174	226	22	128	88	2	96	234	49	64	120	106	19	195	98	186	8	255	32	38	142	136	21	123	48	136	
130	140	6	157	140	162	172	239	180	19	218	18	104	170	48	75	105	103	59	161	112	217	3	239	60	38	222	192	132	88	177	136	
2	133	2	152	148	163	174	231	22	1	90	2	96	234	40	64	121	106	2	144	50	186	0	255	40	6	158	192	148	90	176	136	
6	77	2	158	148	130	174	226	150	128	90	2	104	234	49	64	120	107	51	195	98	154	10	255	48	38	142	128	20	121	49	136	
32	173	162	137	212	163	174	207	86	129	90	2	64	232	56	64	121	106	2	177	178	186	9	255	44	6	150	64	213	90	176	136	
2	173	226	155	214	161	190	207	30	99	88	147	40	174	118	0	127	235	19	149	146	186	14	255	60	14	159	224	149	92	177	216	
53	207	107	47	28	131	79	248	86	64	249	198	115	96	185	80	120	200	14	238	203	162	77	63	248	174	167	148	53	187	112	32	
210	141	134	159	154	160	188	167	190	19	218	147	236	230	32	67	103	247	127	132	50	205	139	243	188	54	223	192	132	116	161	73	
218	190	214	254	235	233	28	247	191	27	252	185	191	255	32	91	231	243	255	0	50	207	2	247	250	247	127	219	130	212	167	27	
223	253	246	254	188	54	222	190	251	218	118	177	109	255	151	111	151	119	245	231	236	237	171	239	235	255	93	130	134	245	97	95	
217	127	174	31	187	246	53	246	182	206	222	181	248	247	163	231	109	126	255	196	237	223	243	175	255	99	255	131	170	116	172	255	
37	253	121	69	244	31	127	184	121	72	126	72	122	121	157	52	190	220	86	106	193	176	105	255	119	188	37	150	67	187	66	165	
150	205	80	191	198	40	110	231	57	18	184	18	239	106	61	81	123	195	31	227	120	175	8	255	180	254	222	136	181	120	225	8	
60	141	102	238	156	146	206	253	85	128	255	2	75	233	60	64	120	230	63	234	248	171	109	173	186	255	167	220	119	187	240	0	
139	183	46	127	249	223	181	255	87	127	223	181	248	253	186	229	221	30	255	5	247	253	123	183	127	127	117	199	94	206	188	255	
130	253	157	185	188	141	188	239	158	27	90	242	188	190	48	73	231	59	63	129	114	205	67	247	172	146	254	194	148	88	161	137	
226	157	240	182	255	47	158	239	187	99	184	59	110	125	28	16	253	215	223	165	248	107	88	255	63	126	221	222	199	108	214	91	
226	221	240	222	252	5	190	239	153	170	184	58	236	126	116	2	207	243	95	163	240	107	72	239	60	30	159	186	21	120	163	137	
2	140	130	153	148	163	170	231	54	3	90	18	104	226	40	64	121	43	19	144	50	152	0	255	40	38	158	192	148	72	176	136	
2	13	2	157	84	130	170	103	60	1	90	2	40	138	48	64	122	43	19	129	114	152	0	239	36	38	154	128	21	0	177	136	
0	141	2	138	84	131	170	103	6	1	120	2	32	194	32	64	120	42	2	208	82	186	0	255	40	36	138	72	21	10	176	136	
0	141	2	154	84	131	170	103	20	1	88	2	40	202	32	64	120	42	2	192	82	186	0	255	32	36	138	72	21	10	176	136	
0	141	2	156	20	131	170	103	20	1	90	2	40	202	32	64	120	42	2	128	82	184	0	255	32	38	154	0	21	10	176	136	
38	93	178	222	255	196	190	230	156	138	216	35	172	254	53	64	238	123	179	195	224	187	18	239	53	62	143	139	21	125	53	219	
38	255	98	158	255	213	190	232	223	76	88	171	108	252	55	0	222	123	147	199	198	42	42	255	63	30	143	171	85	63	63	223	
57	13	107	238	84	146	239	115	85	64	254	66	115	233	180	100	120	238	22	234	201	187	44	255	114	237	162	128	119	170	240	232	
210	156	150	191	186	169	60	167	191	83	154	183	173	238	32	75	231	247	255	149	50	77	131	255	188	118	222	218	148	68	165	89	
52	173	70	143	220	139	238	237	63	160	251	10	238	234	40	80	123	239	110	242	90	187	75	255	188	54	143	124	85	43	227	128	
138	215	143	158	223	225	237	239	158	95	221	23	236	226	58	193	105	171	238	133	115	79	126	247	189	39	254	217	29	92	189	248	
252	77	102	231	150	18	110	252	117	194	254	2	123	105	189	117	126	229	127	235	232	179	237	238	242	239	231	128	103	247	242	136	
128	133	157	153	180	171	44	175	62	51	82	82	180	226	104	73	115	11	59	144	115	220	75	119	172	22	190	68	156	72	129	168	
124	77	102	239	150	26	110	253	117	192	254	2	123	107	181	100	126	229	63	235	232	179	109	238	242	239	175	128	39	191	240	136	
27	221	107	239	182	18	255	253	61	192	94	166	125	111	190	224	126	255	159	239	209	152	45	255	254	239	175	128	39	246	233	249	
154	223	102	95	181	218	95	183	119	79	126	149	107	236	182	244	243	234	181	12	254	184	55	255	171	127	148	131	118	212	252	95	
62	205	102	239	220	11	206	253	117	128	250	2	107	235	61	80	122	238	31	226	248	187	9	255	186	239	135	128	119	187	240	136	
243	221	242	246	247	22	222	247	25	235	186	59	104	124	20	49	255	247	245	161	252	235	232	239	59	126	159	146	7	124	242	95	
108	48	240	81	233	253	113	19	235	253	61	56	142	151	198	190	167	26	197	24	19	120	178	192	79	217	21	239	194	196	143	243	
39	79	72	239	92	3	238	248	22	160	217	194	209	105	185	32	124	236	23	239	201	50	77	190	52	12	175	172	61	187	120	128	
34	169	98	136	212	131	170	199	70	1	120	2	40	200	52	0	120	171	19	209	146	186	0	253	60	12	138	232	85	10	241	136	
191	191	230	126	185	247	214	255	151	255	255	189	106	252	190	61	223	255	245	21	190	255	111	255	123	127	117	243	215	253	246	87	
125	112	249	96	97	125	243	80	105	232	180	8	30	156	69	190	190	221	220	122	133	119	176	0	219	221	33	118	203	51	75	183	
226	205	118	255	108	10	254	252	125	2	242	130	237	79	61	65	254	245	127	227	232	247	77	239	182	250	207	130	55	190	241	137	
172	183	220	211	223	251	227	203	94	127	189	30	200	226	94	137	121	203	206	186	51	115	127	119	29	7	191	253	217	75	207	212	
27	221	50	223	181	151	126	246	87	79	94	54	173	247	162	228	119	122	182	200	239	152	114	191	239	255	150	139	58	220	168	253	
92	120	255	84	107	92	113	16	233	202	182	108	126	215	197	190	166	245	236	74	129	103	186	192	211	249	97	154	74	179	103	51	
230	188	244	222	254	161	158	191	155	219	25	187	236	255	93	56	159	251	247	151	178	111	142	255	42	94	223	254	151	245	147	221	
47	179	112	65	253	253	241	27	107	125	53	60	138	28	206	188	143	26	214	24	151	120	251	208	79	217	49	247	194	140	206	247	
27	12	99	207	214	178	239	119	117	64	222	198	121	238	182	228	126	239	23	173	189	153	36	255	54	111	170	192	175	166	241	253	
109	50	240	69	235	124	113	18	107	253	62	60	30	191	199	190	166	189	253	24	149	242	241	192	87	249	113	227	202	229	79	247	
79	126	255	87	99	126	127	144	59	238	118	252	252	255	199	191	183	125	253	78	165	212	187	234	214	255	119	162	142	245	15	255	
207	126	254	119	99	126	127	150	57	238	118	253	253	255	199	254	183	253	253	78	165	212	173	234	214	255	119	131	174	247	15	255	
72	86	215	189	77	90	237	184	120	246	246	134	253	107	27	219	123	229	238	171	105	119	247	203	212	163	255	133	15	188	125	88	
2	141	2	155	148	163	174	231	22	1	90	2	96	234	56	64	121	106	19	145	50	186	9	255	40	6	159	192	148	74	176	136	
34	173	162	139	212	163	174	239	86	1	88	2	96	232	56	64	121	106	19	145	146	186	8	255	40	6	159	192	213	90	176	136	
3	173	226	155	212	129	174	207	30	65	88	131	40	236	54	0	127	235	19	149	150	186	12	255	60	14	159	224	149	94	177	216	
210	188	246	187	186	160	188	231	191	83	218	183	173	254	50	73	231	243	255	149	178	205	143	255	188	118	222	202	148	84	161	89	
194	141	134	159	140	34	172	231	180	19	218	18	104	226	48	67	105	102	59	129	112	221	11	239	60	38	222	128	132	120	177	8	
53	207	73	171	28	3	71	232	86	32	249	194	83	65	185	64	89	200	2	238	75	178	77	63	236	142	165	52	125	187	112	168	
167	180	228	222	252	191	222	223	31	251	253	189	108	253	223	56	159	255	247	23	182	111	239	255	42	126	93	254	215	253	215	95	
10	189	210	254	234	169	124	247	191	3	122	185	173	255	36	24	167	255	247	128	50	250	138	243	222	255	119	202	230	208	167	155	
37	253	123	69	244	15	238	254	121	168	122	104	87	249	149	48	190	204	70	106	193	178	133	95	54	156	39	132	73	186	67	169	
60	141	102	239	188	3	78	253	69	128	252	10	67	105	188	80	88	230	31	235	216	171	77	189	250	255	165	220	119	187	240	8	
219	253	246	255	190	182	92	191	159	218	214	177	108	255	183	127	151	127	253	133	238	205	171	255	170	251	221	146	134	244	225	95	
2	157	159	189	188	173	189	167	190	27	218	113	188	190	32	64	199	51	127	129	115	201	67	255	237	182	126	146	144	72	161	187	
142	213	118	239	254	27	254	253	93	232	247	179	239	127	188	97	254	215	223	239	248	252	109	255	190	251	207	198	119	191	241	213	
194	197	244	254	246	2	222	191	155	179	57	146	237	239	60	67	191	247	55	161	240	236	11	255	170	254	223	150	151	252	193	9	
153	150	172	155	253	221	181	255	150	95	221	55	248	245	170	229	125	154	255	133	247	75	251	183	255	103	255	255	154	76	189	247	
254	77	230	230	76	10	110	252	117	162	250	10	107	105	61	83	120	229	127	227	232	243	201	238	178	239	231	132	103	251	114	136	
143	181	246	123	187	183	254	251	31	123	95	181	93	253	254	101	151	95	255	55	246	253	43	183	107	255	125	198	214	206	180	247	
61	182	220	145	223	255	227	217	126	255	181	62	220	230	223	141	121	143	238	177	183	115	127	214	221	7	239	245	219	109	95	247	
155	191	114	217	189	213	93	247	95	95	94	55	170	255	182	228	215	58	151	140	254	216	115	247	235	223	148	227	178	220	236	95	
31	205	110	239	182	18	127	253	53	192	254	134	125	111	190	224	126	255	191	238	217	152	45	255	246	239	175	128	39	183	225	249	
63	205	102	239	150	18	110	253	125	192	254	2	123	107	190	100	126	239	63	239	248	187	109	239	246	239	175	132	55	191	240	200	
121	83	123	100	98	94	87	120	97	200	247	108	91	87	133	118	54	245	84	106	201	179	180	8	242	233	96	136	107	178	106	49	
162	205	147	158	221	5	190	239	153	163	184	90	236	234	116	3	239	99	91	161	112	107	152	239	61	30	95	58	148	120	161	136	
6	77	2	158	148	131	174	230	22	0	88	2	96	234	49	64	120	106	19	195	96	186	10	255	32	38	142	136	21	123	48	136	
2	141	2	152	20	130	170	231	20	1	90	2	40	202	48	64	120	42	19	193	82	154	0	255	32	36	138	192	21	10	176	136	
32	141	2	138	84	131	170	103	4	0	88	2	32	202	48	64	88	42	2	209	82	186	0	255	40	36	138	72	21	10	240	136	
32	173	2	138	84	131	170	231	6	1	120	2	32	200	48	64	120	42	2	209	82	186	0	253	56	4	138	72	85	10	240	136	
2	141	18	157	86	130	186	103	60	1	90	130	44	142	48	64	126	59	19	129	18	152	0	255	36	38	154	192	21	4	177	136	
34	173	98	202	212	131	234	231	71	0	120	2	40	200	52	0	120	170	19	209	210	186	0	253	56	12	138	200	85	10	240	136	
186	221	230	127	181	222	222	183	127	79	254	183	106	253	54	116	247	255	189	133	254	252	247	255	171	127	212	147	119	212	244	95	
52	205	102	239	212	11	230	237	117	160	250	2	107	234	61	80	120	238	14	226	248	187	73	255	186	238	135	20	117	186	240	136	
150	77	246	247	238	10	254	232	125	162	219	2	77	234	61	75	127	245	127	227	224	247	143	238	190	254	207	132	37	255	33	129	
102	34	243	197	108	42	232	74	123	177	240	200	140	171	213	186	191	253	119	28	16	242	195	200	30	58	83	166	197	225	67	164	
79	122	254	119	99	126	57	152	59	206	246	229	253	255	199	255	183	253	253	150	133	215	175	232	214	255	119	131	174	247	47	255	
207	124	246	247	119	62	254	222	57	234	254	183	253	255	223	127	191	253	255	231	164	244	173	234	247	255	239	130	135	247	103	255	
47	178	113	65	253	253	241	83	235	253	53	124	142	156	198	190	175	25	223	16	151	120	240	192	79	217	49	255	207	140	207	247	
230	204	118	255	108	10	254	253	125	130	243	146	237	111	61	65	255	245	63	227	224	246	79	239	182	250	207	130	55	191	241	137	
182	165	86	143	254	139	238	237	63	160	251	10	238	234	60	81	122	207	127	227	120	243	73	255	188	186	143	212	117	59	241	128	
182	165	116	235	246	11	254	253	127	160	251	130	207	111	29	65	254	223	95	243	250	178	77	255	190	220	143	198	247	255	225	129	
130	229	244	255	252	41	252	237	63	19	251	146	237	110	28	65	255	223	127	161	242	254	203	255	190	254	222	134	149	222	225	137	
166	172	244	222	252	171	254	175	155	179	185	155	236	238	92	8	191	219	247	151	178	110	206	255	46	30	223	254	149	253	195	153	
134	189	246	222	252	163	190	239	155	155	89	187	236	254	60	1	159	123	183	133	242	79	138	255	186	126	223	254	149	252	145	217	
246	237	246	191	252	43	238	238	127	178	250	18	237	234	93	83	255	239	127	227	248	247	203	255	190	254	223	212	165	123	225	136	
3	157	226	155	254	161	190	239	159	83	218	179	236	238	54	105	231	123	191	149	182	89	142	247	188	62	223	234	149	92	177	93	
34	237	226	155	212	131	174	207	94	65	88	2	40	232	52	0	121	235	19	209	210	186	12	255	60	14	159	192	149	30	241	200	
66	141	134	159	148	162	174	231	182	19	218	18	232	234	48	64	113	111	59	129	112	221	11	255	60	38	223	128	148	88	177	136	
82	141	242	190	250	160	62	231	191	67	90	131	173	238	50	80	247	251	191	149	146	219	138	247	188	118	222	202	180	84	163	89	
53	205	73	175	150	3	70	236	86	160	200	194	115	97	57	64	89	200	2	234	107	178	93	63	188	134	133	52	125	187	112	168	
82	185	210	255	242	137	62	247	63	1	120	163	173	239	100	80	255	251	183	212	18	154	138	243	190	255	30	234	182	214	163	153	
33	175	91	101	244	143	239	119	124	136	122	104	181	235	181	48	62	110	70	104	192	186	128	79	124	188	39	128	73	170	99	169	
219	244	246	95	169	181	92	255	191	91	214	181	110	255	190	127	215	255	255	133	254	223	235	243	251	127	221	154	150	212	164	127	
194	197	246	254	254	34	220	175	155	179	179	146	236	239	60	75	191	247	127	163	242	237	139	255	174	254	223	150	151	244	193	9	
56	205	100	239	188	155	78	188	69	160	254	10	251	105	180	64	90	238	31	105	216	186	109	189	238	253	165	212	119	154	208	8	
0	157	151	189	184	173	188	55	190	27	90	96	188	183	32	192	199	51	127	1	115	9	19	255	173	182	126	138	24	72	161	57	
159	189	246	251	190	183	222	251	159	251	95	179	77	253	254	109	151	95	255	55	182	253	175	247	234	255	77	214	215	237	241	87	
162	141	150	158	221	37	172	239	154	131	168	26	236	234	56	1	249	99	91	129	112	111	90	255	189	22	223	122	144	120	163	138	
32	141	2	138	84	131	162	231	4	0	88	2	32	200	48	64	88	42	19	209	82	186	0	253	40	4	138	72	85	10	176	136	
16	141	10	188	20	130	170	103	52	1	90	2	49	162	32	64	104	43	19	128	82	152	0	127	224	167	186	192	20	0	161	136	
2	141	2	152	20	130	170	231	4	1	90	2	32	234	32	64	104	43	19	192	82	152	0	255	32	36	138	192	21	10	176	136	
122	114	222	197	111	122	233	90	171	237	246	206	141	139	87	158	106	141	255	152	137	243	247	192	150	185	250	169	239	245	111	249	
57	115	123	100	118	26	91	120	97	200	255	110	91	93	147	48	62	236	84	110	201	179	164	8	242	237	33	128	111	178	98	241	
121	82	239	156	77	94	241	120	251	254	246	110	250	247	131	255	124	228	238	174	205	119	247	201	215	99	243	157	43	188	126	255	
38	188	244	222	252	187	222	223	159	251	121	187	236	255	220	9	159	255	247	151	178	107	235	247	46	126	223	254	151	253	211	209	
223	146	164	251	253	95	53	249	151	127	213	183	219	253	234	239	253	158	255	37	255	79	251	149	223	123	255	255	190	140	189	247	
29	179	236	145	223	255	241	89	254	253	183	63	222	222	210	175	125	141	238	145	151	123	255	212	223	67	235	245	239	45	93	247	
242	173	245	218	223	235	216	239	91	51	170	26	110	126	28	25	249	159	115	145	58	235	91	247	155	62	223	87	209	72	231	10	
52	205	102	175	220	11	198	237	117	160	250	10	107	234	60	80	120	238	14	227	248	187	9	255	186	238	135	20	117	187	240	136	
26	156	118	221	189	245	124	247	223	95	92	55	170	254	182	100	231	171	183	132	254	152	118	247	171	127	150	203	22	204	236	223	
126	77	102	238	92	10	110	252	117	162	251	10	107	105	61	83	120	229	127	227	232	179	201	238	178	239	231	128	103	187	114	136	
62	205	102	239	150	18	110	253	125	192	254	2	123	107	190	100	126	231	63	239	232	186	109	237	246	239	175	132	39	190	240	200	
50	157	230	124	181	220	220	183	191	67	250	167	42	253	54	112	255	255	181	129	234	248	243	255	59	126	158	131	87	84	244	95	
79	114	254	245	123	126	185	88	171	204	246	229	253	255	215	190	182	125	255	181	133	209	167	200	222	251	111	131	239	247	47	247	
15	178	113	97	239	189	248	83	235	249	180	125	142	156	214	190	175	145	223	17	151	104	162	192	159	217	50	254	199	140	199	247	
207	208	116	255	175	31	254	185	93	250	215	167	253	127	158	101	255	213	191	239	228	244	111	255	230	251	239	134	23	190	245	119	
102	205	102	159	220	11	238	236	93	130	250	10	236	232	61	65	123	239	127	227	224	247	75	239	180	62	207	136	21	123	241	128	
166	76	246	223	108	42	254	236	125	130	251	18	236	234	29	75	255	237	127	227	224	247	203	235	182	190	207	128	5	251	113	137	
117	79	79	102	22	2	71	240	224	128	235	202	115	225	185	51	120	228	76	238	201	163	140	44	240	168	165	16	109	187	114	32	
182	229	118	239	246	43	254	248	127	160	251	130	79	111	29	17	254	223	95	243	184	243	77	254	190	220	143	196	231	255	225	129	
134	76	150	158	217	175	166	231	188	130	234	17	228	242	33	199	233	239	106	67	100	255	138	238	189	54	222	3	144	125	165	142	
102	204	114	141	238	11	238	236	125	162	250	10	236	232	61	64	123	239	127	227	200	179	73	239	180	62	207	136	53	122	113	128	
6	237	150	158	217	128	166	230	188	130	202	1	228	226	33	205	233	107	106	67	96	217	154	111	61	54	223	11	128	121	161	142	
22	204	150	156	94	130	174	232	158	130	208	2	100	234	33	65	249	233	42	227	96	235	10	255	56	38	207	10	21	120	33	138	
34	168	246	220	252	171	248	219	159	249	240	139	236	255	245	8	175	255	255	149	178	123	139	241	30	126	223	250	151	236	83	217	
98	180	246	222	110	149	252	255	63	219	246	185	108	254	220	121	215	223	255	133	162	223	235	211	30	126	223	154	134	196	227	95	
246	196	118	255	238	11	254	233	125	162	243	18	205	106	61	65	255	197	127	227	224	247	73	255	190	254	207	132	117	187	241	129	
198	164	246	254	254	163	252	171	159	179	243	154	204	238	60	73	255	215	127	163	242	229	155	247	62	62	223	222	149	236	193	1	
223	178	166	241	239	223	185	91	231	253	151	191	159	157	242	111	239	149	255	149	159	127	231	212	223	219	251	255	191	140	189	247	
134	188	246	251	190	163	218	248	159	243	243	147	205	255	125	41	191	255	255	183	178	229	159	254	138	254	223	222	151	237	113	85	
43	50	114	241	45	217	249	83	233	253	180	188	142	156	214	171	174	177	223	21	151	109	242	192	158	217	50	251	207	140	75	213	
15	114	254	229	127	126	249	88	43	236	246	165	221	159	215	62	190	189	255	181	133	208	231	200	207	249	235	131	198	167	103	247	
59	115	123	100	98	94	89	80	105	204	252	236	31	31	135	182	62	157	213	236	205	183	229	200	210	249	34	146	111	166	110	245	
63	50	230	229	127	127	185	90	231	253	246	175	153	159	215	175	238	189	255	149	143	243	231	200	223	91	251	191	239	173	127	247	
107	90	230	221	111	94	121	114	247	254	246	175	27	159	182	255	238	188	255	140	205	247	231	193	87	123	243	143	111	172	126	255	
187	252	118	253	46	159	252	227	255	242	246	171	110	253	181	113	239	253	255	199	236	255	99	223	186	123	221	150	103	172	81	79	
98	189	246	220	245	164	252	231	63	1	234	19	172	252	52	208	239	251	251	129	178	251	211	255	63	126	158	26	149	76	241	10	
54	205	102	238	220	11	206	253	117	160	250	2	107	233	52	80	120	231	63	227	248	187	73	253	178	238	135	148	119	187	240	8	
62	205	102	239	150	154	110	252	101	192	254	2	123	107	180	96	126	239	31	235	216	187	109	237	250	237	175	132	55	191	240	136	
98	173	150	158	221	165	204	239	155	19	168	27	110	234	124	24	233	227	107	145	126	107	202	247	185	182	223	127	209	72	250	138	
10	188	114	217	61	245	248	231	223	93	92	51	172	190	54	100	239	59	191	144	150	58	114	247	143	94	154	235	150	140	253	223	
124	73	102	230	20	26	110	252	117	128	251	2	107	105	189	82	122	229	127	227	200	179	237	236	178	239	231	132	103	187	242	136	
182	172	150	250	221	173	208	207	219	179	168	26	46	250	108	155	233	187	99	17	62	111	218	243	153	214	87	127	209	72	250	10	
1	157	31	253	184	173	56	55	190	9	90	96	180	179	160	96	198	59	63	8	19	152	19	127	173	182	58	202	24	64	161	57	
56	201	114	239	54	155	94	244	77	160	254	10	123	105	180	80	122	236	95	107	200	184	105	189	254	253	165	208	119	154	80	9	
33	143	91	117	116	139	233	119	124	8	122	96	181	171	176	48	126	43	6	12	240	186	4	79	52	188	34	128	69	136	99	169	
18	169	210	239	242	139	254	229	63	1	120	130	45	238	36	80	126	251	159	208	82	155	8	253	190	254	14	192	53	134	163	153	
49	237	75	173	214	139	102	239	86	160	200	194	243	225	49	64	120	236	2	234	105	186	93	31	172	134	165	36	117	122	80	168	
66	141	130	159	212	162	174	239	190	3	218	2	104	234	48	64	113	239	59	129	82	153	139	239	60	38	158	192	148	90	177	136	
118	233	150	158	201	203	54	230	191	180	224	9	174	242	97	223	233	231	234	83	28	235	154	232	185	242	95	59	128	127	175	14	
6	173	196	159	252	171	174	239	190	179	248	18	236	234	104	67	123	235	127	130	50	89	203	255	188	22	223	236	149	120	241	128	
52	205	10	30	17	134	70	172	212	130	202	0	115	225	41	80	17	226	0	106	106	139	30	63	161	166	133	24	113	115	240	40	
