菁纯柔润唇膏（丝绒雾面版）套装	#197（丝绒）亲爱的	http://www.lancome.com.cn/on/demandware.static/-/Sites-lancome-master-catalog/default/dwa97898d3/images/LAN_PRO_IMG/Product Set/LAN00284/L197200u.jpg	http://www.lancome.com.cn/dw/image/v2/AARM_PRD/on/demandware.static/-/Sites-lancome-master-catalog/default/dw94a8f4be/images/LAN_PRO_IMG/PRO/197-1.jpg?sw=490&sh=490&sm=fit
29	135	110	235	186	163	75	248	4	64	223	194	251	71	186	96	94	187	31	253	153	139	109	157	234	237	171	208	53	131	56	225	
236	148	159	126	237	108	71	190	49	31	238	24	210	245	9	62	153	214	108	106	57	98	251	35	235	255	69	29	194	123	198	34	
185	204	104	253	21	255	199	247	87	38	78	26	19	57	54	32	89	234	2	42	248	188	117	191	231	207	21	21	115	248	212	138	
72	180	156	54	41	236	145	43	250	31	169	25	182	57	74	26	129	7	104	1	54	106	194	35	205	247	82	123	64	65	135	2	
221	68	203	165	246	58	110	209	116	227	83	214	95	108	187	232	119	204	62	191	189	212	13	206	190	111	175	132	173	247	249	17	
88	93	150	175	61	194	246	228	181	172	218	35	111	255	33	198	248	245	175	227	76	251	147	238	179	247	198	19	55	63	124	31	
188	223	115	122	247	251	247	252	245	10	125	114	91	85	173	164	63	82	134	106	227	181	44	191	51	207	37	71	119	251	228	181	
74	56	171	185	233	236	185	67	171	221	84	189	172	191	83	30	207	59	255	149	146	75	242	224	207	81	158	235	134	69	183	251	
149	221	255	90	182	115	231	252	94	218	95	114	112	124	189	109	121	90	22	107	241	244	63	127	105	14	103	196	253	251	249	181	
2	152	174	185	177	228	184	199	190	79	74	183	172	230	34	72	231	59	187	149	22	216	18	247	205	54	158	195	148	68	165	219	
49	74	77	239	44	2	79	188	68	2	208	198	243	97	177	97	88	224	46	238	201	166	71	41	224	170	226	24	61	251	112	40	
107	176	164	83	233	124	17	23	35	127	245	61	138	188	94	190	205	158	253	17	159	250	243	128	79	121	208	243	202	76	222	215	
75	160	144	88	201	244	16	207	251	29	37	24	174	210	110	190	129	11	224	24	22	75	186	211	11	223	22	111	210	4	235	142	
33	135	213	77	210	47	171	47	94	161	110	200	99	98	132	20	54	94	98	44	17	184	93	63	44	174	5	80	217	234	193	172	
148	105	94	85	10	130	190	98	172	132	226	161	216	227	37	3	46	117	106	226	96	233	3	108	112	170	71	0	65	177	35	160	
57	204	229	237	21	118	79	190	85	70	78	2	243	41	182	100	89	234	19	46	236	152	117	175	231	239	132	0	55	253	116	236	
40	204	123	115	87	255	177	230	84	2	110	18	59	249	36	228	57	58	130	8	96	188	48	191	111	207	22	67	83	88	97	170	
124	77	254	253	141	66	126	124	245	142	218	3	73	251	33	66	248	244	239	226	108	179	3	206	243	239	231	129	55	251	124	2	
11	8	171	157	116	166	235	146	30	65	94	198	177	169	179	232	89	110	51	141	129	152	245	249	4	47	186	128	156	229	121	248	
31	93	121	231	114	78	127	248	61	224	127	166	223	119	137	112	54	221	95	238	193	144	61	238	247	237	39	132	45	243	35	113	
10	176	55	217	235	221	177	223	159	121	116	126	188	223	108	164	239	27	255	16	147	124	250	209	143	209	30	239	90	12	133	255	
19	159	203	189	146	162	41	247	62	65	90	247	253	231	176	64	119	63	55	157	179	216	5	255	236	46	190	192	173	128	161	249	
69	96	189	105	169	109	85	155	111	63	164	25	150	19	75	59	129	0	108	26	90	68	251	16	199	153	81	60	208	113	198	98	
7	164	131	129	204	39	170	202	94	123	153	86	84	232	121	168	249	75	18	159	151	83	61	194	29	6	187	228	157	105	49	228	
45	100	226	234	246	187	251	216	95	195	125	202	31	216	253	160	63	249	23	31	131	182	172	218	118	93	39	172	255	255	115	165	
95	109	122	229	50	94	127	240	61	228	254	130	95	119	131	112	54	253	223	238	200	147	189	206	247	253	175	129	39	179	39	113	
107	127	194	142	119	148	126	87	169	204	220	207	44	202	119	148	254	251	151	213	198	11	144	234	58	125	142	171	15	30	123	159	
248	45	248	229	244	58	121	19	121	1	127	18	27	11	148	120	106	174	22	152	184	186	229	206	198	253	178	192	229	137	194	129	
42	176	160	19	205	221	209	71	183	125	183	61	170	156	94	172	137	186	231	149	158	122	246	177	15	89	148	123	195	12	222	222	
168	37	104	97	244	11	237	119	113	160	247	26	19	9	144	49	122	172	70	57	248	186	101	14	254	205	164	64	101	136	194	160	
11	106	234	193	86	150	185	80	86	133	86	134	24	142	242	100	126	189	179	221	148	188	180	194	94	13	139	193	175	132	45	244	
180	247	253	95	210	99	167	252	82	182	125	242	81	119	173	173	127	218	134	234	241	246	45	126	107	142	103	164	245	243	231	225	
3	179	171	77	119	158	169	115	123	73	124	102	40	188	182	39	172	47	18	13	183	248	180	205	15	60	146	202	205	4	115	255	
59	186	234	165	54	144	184	80	43	77	214	167	169	140	214	0	206	173	253	149	142	187	196	193	194	117	170	211	109	142	59	223	
82	155	4	165	42	131	56	49	140	252	146	231	173	15	66	67	230	53	255	229	92	201	67	220	206	83	239	215	28	12	53	91	
124	249	186	102	185	205	87	252	227	172	188	9	63	223	72	16	182	253	205	82	90	43	152	49	251	221	37	127	98	179	206	3	
134	160	135	81	201	47	105	217	183	55	99	92	72	195	72	158	61	132	107	156	18	85	155	82	29	216	81	116	227	133	34	160	
65	55	221	229	240	46	105	19	121	170	126	112	159	51	129	122	134	60	125	28	177	216	225	74	207	255	112	128	136	224	66	33	
141	206	15	153	174	2	172	184	92	18	210	242	221	35	176	233	103	69	59	239	241	156	5	126	228	34	250	196	60	177	177	32	
188	119	209	170	211	35	95	220	51	70	253	191	89	231	235	84	127	217	133	254	122	7	136	186	251	197	165	172	179	247	166	243	
8	252	159	247	234	78	53	255	184	155	0	121	181	247	64	27	167	127	91	2	113	207	154	106	253	167	127	32	136	112	167	187	
18	143	6	190	148	163	190	231	150	5	218	231	105	234	50	192	125	235	143	149	62	139	12	255	184	102	142	193	157	78	184	152	
130	203	146	155	253	149	180	198	30	31	80	19	172	138	98	136	237	107	131	85	70	56	2	247	44	22	30	235	16	93	173	207	
184	254	107	40	114	195	187	246	32	76	84	171	17	157	160	17	126	153	151	225	193	159	164	31	117	33	170	173	101	129	38	251	
250	77	68	206	29	86	198	236	129	6	236	2	98	125	53	215	88	242	217	106	104	35	122	175	179	250	192	27	115	255	126	46	
10	181	59	113	241	205	57	183	187	121	62	24	156	183	68	50	135	27	85	24	179	216	176	87	239	223	54	230	138	64	135	251	
221	188	189	118	184	110	83	184	241	251	167	28	223	119	72	51	23	212	124	122	249	77	249	46	251	251	101	116	170	225	131	115	
75	148	157	255	254	38	120	158	31	187	86	114	252	243	233	235	247	95	63	152	163	212	139	227	206	255	255	132	158	248	169	41	
0	148	156	191	180	34	188	175	30	3	74	118	252	114	40	65	215	95	34	129	51	220	83	255	172	54	222	2	156	88	177	139	
36	132	105	170	252	107	163	74	86	49	249	90	83	109	88	8	91	138	38	57	179	38	75	23	93	142	179	124	245	203	84	160	
35	73	38	140	29	149	154	230	204	68	200	7	160	136	55	64	200	99	27	197	134	171	22	237	48	60	138	25	93	30	121	222	
13	15	207	229	144	54	107	51	52	197	207	198	249	102	147	224	118	239	31	188	189	153	37	172	236	239	175	128	175	231	177	112	
94	116	177	226	139	100	127	152	171	255	143	11	92	247	75	30	167	213	253	154	2	69	187	224	219	215	223	191	162	119	135	114	
252	62	156	254	170	232	81	19	176	158	165	57	55	243	67	91	195	242	237	18	58	111	194	34	219	227	116	121	224	233	142	3	
151	150	202	135	242	42	109	157	61	227	87	247	89	35	155	89	119	206	55	188	177	212	13	78	94	46	255	196	175	245	248	145	
17	141	107	254	212	163	239	247	84	65	254	66	113	233	180	96	121	234	23	153	185	187	37	255	120	47	174	192	245	202	240	168	
149	68	99	79	150	50	239	112	116	194	247	82	91	96	181	100	126	228	62	174	233	182	109	206	48	238	163	128	239	251	112	100	
217	119	107	173	50	10	175	120	108	200	94	228	221	70	146	113	118	61	29	239	225	150	165	14	244	233	43	128	12	179	35	241	
39	111	194	140	213	31	238	237	93	234	248	79	74	232	183	164	248	238	150	111	221	186	220	234	54	62	135	171	95	126	250	140	
19	46	229	173	158	35	174	71	79	227	216	195	165	44	53	34	239	235	19	133	132	184	69	200	164	84	158	178	181	254	177	204	
61	191	194	227	148	191	234	218	87	169	223	110	235	233	255	196	123	234	30	157	155	184	13	191	190	205	165	244	191	207	88	133	
199	156	133	159	143	54	174	185	158	251	67	87	252	250	121	239	181	71	59	127	247	69	155	255	44	126	223	204	158	119	185	20	
253	104	148	112	41	63	80	130	227	186	164	24	15	27	65	191	129	213	108	80	60	111	210	176	219	217	65	127	226	165	74	2	
29	151	107	235	178	163	203	250	4	65	223	230	219	111	168	96	126	187	31	253	153	153	109	191	232	205	170	196	191	203	33	241	
3	188	174	153	237	245	184	199	222	95	88	23	172	188	118	104	205	43	179	149	150	78	114	243	15	22	218	107	144	76	189	222	
153	141	199	188	148	162	111	247	212	194	218	214	113	227	176	224	121	230	62	140	185	155	4	175	248	175	190	128	61	232	248	56	
177	77	97	205	92	35	239	250	85	34	254	66	115	33	181	117	120	204	22	234	233	182	101	191	118	170	226	132	119	249	112	168	
176	197	105	237	84	3	111	254	87	34	252	10	83	1	184	113	120	140	23	234	233	182	97	31	246	137	161	180	117	184	80	168	
42	173	2	168	221	135	75	111	37	4	204	5	99	193	50	84	88	174	11	237	90	139	64	191	251	116	136	72	38	6	246	232	
151	12	231	197	134	50	239	50	84	194	211	214	217	110	149	237	127	237	62	239	233	246	101	234	164	234	239	128	173	249	113	245	
60	117	184	106	221	111	215	204	83	253	173	24	82	189	74	24	217	222	99	115	56	99	249	54	123	223	5	127	211	91	198	226	
214	123	139	164	10	64	62	65	168	128	131	235	197	215	97	83	38	245	253	226	72	71	138	64	177	160	239	157	36	50	37	19	
86	80	143	167	2	6	45	16	164	214	195	199	213	199	41	74	102	117	187	174	65	213	159	64	193	35	239	132	44	50	37	112	
35	189	235	85	244	191	173	71	92	99	120	198	176	172	180	32	207	43	19	13	211	184	116	201	37	28	142	162	205	120	211	188	
19	141	235	219	150	163	239	247	86	67	90	210	121	238	180	96	127	171	23	157	183	185	44	255	126	46	190	192	181	202	241	236	
1	141	111	78	148	147	135	245	84	64	124	70	112	224	182	100	88	106	18	111	243	186	44	63	104	46	39	192	93	186	240	236	
70	27	158	191	171	36	61	143	174	141	74	39	236	247	33	74	230	119	185	209	16	136	155	225	201	182	94	139	144	115	165	91	
2	220	156	191	171	38	188	174	142	95	90	39	236	126	43	74	231	83	59	133	4	216	27	241	197	54	94	131	144	126	41	219	
247	73	230	84	199	22	126	112	249	246	183	31	72	235	255	159	238	228	247	238	228	215	190	232	50	123	197	131	15	253	252	70	
56	76	100	237	29	103	71	190	85	38	236	3	115	105	52	228	88	202	147	106	232	178	117	191	227	239	133	16	119	254	212	106	
103	32	141	51	232	110	104	10	54	251	227	81	209	242	89	59	201	143	126	156	31	212	203	64	141	186	251	196	136	97	98	160	
78	186	186	184	233	244	185	67	171	221	180	61	172	254	102	90	199	35	255	149	150	75	226	224	223	81	158	251	130	68	175	215	
248	182	158	112	169	235	80	207	179	191	164	57	79	179	74	27	137	151	237	48	62	103	194	2	219	211	85	127	226	72	206	11	
199	28	167	159	164	54	239	182	84	95	95	86	241	98	191	111	89	230	52	175	249	212	125	171	36	62	254	128	157	119	240	117	
252	75	90	228	96	138	87	112	169	136	122	104	62	243	33	18	162	229	68	106	64	171	128	108	243	225	36	9	96	179	99	35	
217	135	126	238	186	18	95	249	165	64	159	194	255	71	186	117	118	245	253	238	248	139	109	253	242	235	226	149	55	166	169	65	
145	68	77	239	36	6	79	60	84	66	231	86	243	99	185	101	84	196	60	238	233	133	85	47	240	171	226	0	57	251	112	56	
124	173	155	102	213	110	103	235	115	154	175	24	83	245	76	54	57	222	100	42	123	227	187	43	123	239	69	76	195	242	246	162	
20	221	27	239	150	199	55	244	52	0	75	66	215	247	41	64	242	123	27	106	115	177	25	63	233	167	39	64	176	123	165	179	
68	35	153	101	40	44	83	26	42	169	59	120	215	51	201	16	150	86	109	8	0	32	201	2	199	252	33	148	192	227	67	33	
67	89	131	136	247	212	187	198	143	201	90	231	188	190	247	96	230	107	50	85	135	153	182	224	60	60	142	202	156	31	57	223	
50	125	251	108	210	200	183	79	59	5	120	170	53	159	229	48	62	187	23	1	66	186	164	75	113	164	46	170	229	208	167	235	
35	148	74	139	85	183	202	118	21	69	205	151	40	46	54	228	77	170	147	156	191	154	117	247	15	63	154	66	159	140	248	212	
88	155	123	224	58	66	27	120	39	164	190	170	93	23	224	112	38	149	189	240	90	11	41	220	249	197	47	255	54	130	37	59	
212	202	62	240	138	201	85	115	182	62	167	57	87	135	64	19	39	177	109	2	120	111	43	21	241	195	117	125	112	128	135	99	
130	4	220	157	170	106	188	15	188	51	67	178	204	62	9	107	167	23	251	1	48	212	71	194	196	50	90	134	148	116	141	3	
217	211	118	239	50	2	95	61	165	76	151	230	127	119	170	119	102	213	253	234	233	129	37	237	242	235	98	146	47	182	161	121	
156	124	31	115	162	239	53	159	182	186	10	124	247	119	65	91	39	127	93	58	123	212	187	40	237	195	117	36	170	241	135	59	
2	145	172	159	205	101	188	142	142	125	154	7	232	108	62	74	205	83	251	129	4	105	91	241	7	54	222	147	217	126	157	222	
2	52	180	149	164	166	184	138	62	219	82	49	140	254	117	75	151	95	179	21	178	220	139	211	12	30	223	134	148	100	1	219	
225	160	149	90	204	173	96	79	203	59	161	88	182	152	68	59	137	131	106	17	55	111	210	81	29	26	81	122	216	72	211	140	
246	76	114	212	79	213	222	96	217	130	225	27	104	250	55	191	248	225	162	227	236	103	54	234	51	26	207	11	65	125	124	6	
221	72	191	119	36	78	79	180	116	194	198	80	243	119	145	123	49	100	124	110	105	212	57	42	193	239	119	16	162	240	225	40	
101	244	177	77	73	94	70	153	123	123	105	88	210	114	76	182	145	76	80	42	193	116	249	19	39	188	69	52	74	114	194	180	
1	153	73	211	68	136	169	16	172	0	91	194	177	3	209	96	110	50	62	201	131	56	95	117	132	140	170	192	12	10	113	184	
22	132	236	219	14	99	146	168	206	51	153	3	208	120	60	106	217	81	123	115	150	161	95	181	137	46	203	85	213	43	117	130	
159	94	231	151	194	114	61	119	49	226	95	247	93	38	147	175	39	255	183	167	181	220	45	234	44	98	254	129	175	245	173	245	
192	159	155	254	234	36	61	183	184	27	74	92	245	247	0	75	167	127	125	169	177	75	154	107	253	167	126	168	136	112	163	27	
205	81	147	103	32	14	111	184	125	170	119	100	223	115	137	244	54	84	124	106	225	208	153	10	164	254	101	132	42	243	1	33	
176	68	109	197	92	11	109	126	85	162	246	90	83	33	144	53	120	140	87	168	233	190	101	158	118	138	225	164	119	248	112	168	
2	157	135	153	241	228	56	199	190	25	90	241	188	247	32	72	197	59	187	149	18	218	82	247	141	54	158	202	152	68	165	187	
73	30	155	245	240	172	121	23	57	139	126	112	191	51	192	122	134	63	125	24	177	216	161	66	207	255	114	192	136	192	195	43	
36	254	253	93	202	99	173	255	82	178	124	246	81	103	133	47	127	94	38	168	249	250	111	79	45	143	247	228	229	248	230	177	
31	93	123	231	114	78	127	240	61	224	126	162	221	127	145	112	54	253	87	238	193	176	61	238	247	237	47	132	39	179	39	241	
71	252	133	149	254	22	47	186	94	251	18	118	124	250	255	239	179	103	122	191	247	65	191	255	44	46	239	198	156	117	177	85	
11	240	51	219	235	221	185	215	143	121	116	126	188	222	100	164	175	59	255	17	147	127	250	209	207	209	62	239	90	12	141	255	
27	143	195	191	146	130	111	247	62	65	90	215	125	231	176	192	119	255	63	157	243	153	5	255	252	47	190	192	189	132	161	185	
61	116	250	110	246	183	254	216	127	202	125	202	93	216	253	160	127	249	23	255	129	182	172	218	118	205	39	172	255	251	107	165	
56	141	164	253	21	254	71	166	85	103	238	2	107	57	53	228	201	238	153	40	40	184	113	189	227	255	144	17	179	124	92	110	
134	176	181	147	172	235	184	15	94	51	83	242	220	124	92	73	223	27	59	17	179	124	75	215	12	22	255	230	156	72	145	145	
93	164	144	41	159	57	162	73	86	33	233	10	131	200	124	224	185	159	202	145	30	51	157	19	185	164	3	125	249	10	137	132	
41	239	80	97	245	31	109	183	115	169	62	92	155	33	210	180	3	142	68	60	249	248	225	150	238	223	53	116	202	156	202	169	
102	32	130	88	73	181	192	200	186	178	161	72	64	194	101	154	217	232	106	186	13	103	218	82	27	152	195	63	193	113	106	4	
111	178	232	114	233	125	217	219	67	125	181	61	154	28	222	190	141	154	223	17	159	106	251	129	95	89	48	255	207	205	222	215	
23	177	137	129	148	111	171	218	86	249	155	86	144	48	80	44	121	10	26	189	147	24	125	214	141	6	171	244	153	107	17	228	
236	212	253	127	233	111	85	190	123	255	173	56	210	117	13	63	145	214	236	58	57	102	251	18	255	255	117	126	194	248	198	115	
28	249	159	247	170	79	55	252	182	254	166	32	255	247	65	19	39	119	125	66	33	73	187	41	233	195	119	16	160	241	7	251	
220	185	189	119	168	111	85	184	183	254	166	56	223	119	73	59	167	246	108	74	105	69	123	58	203	243	117	20	162	241	7	115	
132	76	14	61	8	130	172	98	180	154	226	209	241	163	1	75	72	101	107	206	104	221	67	104	68	162	99	0	65	177	33	136	
220	152	157	119	40	79	85	184	191	190	166	56	223	247	73	123	35	116	108	106	121	69	123	56	203	211	101	52	242	177	5	51	
99	181	67	142	85	244	154	109	9	65	201	207	40	220	62	228	252	139	147	133	207	43	180	207	51	60	138	43	29	14	186	220	
3	121	43	174	86	132	171	69	142	192	72	71	180	222	119	96	230	43	19	221	199	27	182	227	61	44	142	42	28	30	185	222	
19	143	7	158	148	130	174	231	148	64	218	199	97	234	176	196	124	234	26	229	189	139	14	255	184	102	142	192	29	78	184	220	
82	95	22	191	61	198	118	228	189	204	218	39	111	254	39	194	252	253	175	195	76	177	139	238	177	246	206	131	49	63	116	95	
2	249	162	155	253	201	180	198	30	87	72	151	172	206	42	72	203	43	131	17	86	88	26	247	45	22	30	107	16	92	173	222	
179	181	106	174	114	148	254	119	24	76	88	223	44	202	54	16	254	171	23	165	230	158	144	207	114	109	174	170	13	14	187	223	
94	69	122	229	115	86	127	112	61	172	254	131	93	127	19	112	62	253	223	234	200	147	189	206	247	237	175	129	39	179	47	35	
189	213	126	90	247	123	246	252	85	66	127	114	91	125	191	173	63	210	134	106	245	181	60	191	122	207	101	5	255	251	232	135	
57	141	71	254	148	178	111	247	244	194	222	70	113	225	176	228	121	238	62	173	185	155	36	191	248	239	174	192	63	234	240	40	
53	226	236	40	28	61	194	216	83	83	176	95	211	73	94	10	217	200	93	127	191	103	223	179	154	95	129	124	253	173	90	86	
0	188	127	87	118	194	177	103	92	199	115	179	49	29	180	33	111	59	19	129	241	252	37	109	70	14	122	128	101	136	229	251	
157	215	252	93	174	115	167	254	94	250	94	114	89	124	255	175	127	82	182	123	241	244	47	255	106	15	103	132	255	249	249	181	
94	95	246	237	157	198	254	244	181	140	222	35	105	251	49	192	248	244	191	227	72	185	131	238	243	239	238	131	55	191	124	27	
29	204	23	237	36	46	77	182	85	42	90	66	215	49	177	109	81	100	60	44	105	184	81	156	228	254	255	196	62	248	80	40	
196	6	189	247	168	108	61	135	190	159	22	48	205	51	65	75	163	87	109	128	32	69	35	194	197	243	126	133	128	112	133	43	
21	183	78	235	188	191	203	248	199	236	255	102	123	232	191	100	126	234	94	254	159	177	61	189	186	204	167	208	189	139	88	85	
58	55	74	158	243	242	254	103	49	67	125	183	104	110	190	148	254	171	151	165	255	154	20	239	50	127	152	131	47	198	250	223	
188	247	221	92	218	119	79	250	18	178	124	242	89	103	233	189	127	218	134	234	121	214	57	126	123	207	229	236	243	241	230	241	
197	101	197	69	168	15	77	156	104	250	34	200	215	53	217	191	6	196	124	110	225	212	249	8	164	184	101	148	72	243	131	49	
172	9	122	235	244	170	123	144	121	1	127	18	155	43	157	120	238	175	23	216	154	152	97	228	198	249	178	192	228	203	226	161	
151	134	202	23	242	42	111	223	55	227	119	215	81	99	159	93	127	206	55	188	177	212	13	206	124	46	255	196	175	244	249	209	
120	253	26	110	177	205	87	252	35	140	188	9	63	219	64	16	186	255	205	114	90	43	216	45	251	237	37	125	98	178	238	11	
35	167	106	142	253	159	246	237	95	232	252	79	98	232	62	160	216	238	178	111	221	187	222	255	62	127	135	43	93	126	250	156	
33	141	111	78	156	147	231	245	212	64	108	2	113	224	182	96	88	106	18	110	241	184	60	63	107	47	39	64	117	186	240	236	
216	30	156	188	42	41	80	154	178	63	166	189	47	163	75	91	167	215	237	16	62	79	130	51	210	227	112	185	184	65	15	27	
2	184	165	155	237	253	184	143	158	95	88	21	172	188	122	104	205	11	187	21	150	74	114	243	205	22	222	235	144	76	149	223	
229	49	24	71	228	62	102	184	120	234	55	76	215	112	221	250	149	76	116	110	133	244	217	10	14	191	97	116	72	179	74	133	
223	135	102	239	185	18	95	185	133	92	159	198	219	71	186	231	126	215	253	238	248	137	109	157	250	249	235	212	54	174	168	65	
177	76	101	205	4	35	239	250	84	34	246	82	211	33	181	109	120	204	54	234	233	182	101	190	116	234	242	132	119	249	112	168	
82	189	149	25	153	192	148	239	170	21	168	17	134	178	68	214	193	83	232	16	90	75	210	119	169	182	30	127	16	0	167	142	
10	185	51	144	233	221	185	215	175	93	181	189	140	223	102	30	239	59	223	149	19	107	186	209	95	81	31	235	210	12	167	243	
27	141	107	251	150	131	239	247	84	65	90	210	121	238	180	96	127	171	23	157	179	185	44	255	124	47	190	192	181	138	241	232	
141	189	126	211	244	188	123	144	57	89	119	48	189	95	189	121	39	91	23	218	179	152	40	230	110	217	38	192	134	131	193	177	
236	117	185	122	253	109	215	141	219	187	173	24	214	253	77	60	153	122	119	90	57	98	250	58	111	223	5	126	210	123	198	163	
90	137	82	228	90	128	90	112	5	160	138	139	61	135	96	80	118	181	191	244	72	27	129	222	250	197	139	232	55	130	40	10	
6	77	130	158	212	131	174	225	150	130	89	2	96	234	49	64	120	106	19	195	98	186	8	255	48	38	143	136	21	123	240	128	
1	166	141	113	176	42	97	31	126	59	11	112	214	51	136	120	147	14	124	24	51	200	73	18	204	175	191	196	128	64	211	33	
223	115	111	101	34	94	95	48	45	238	151	228	223	31	147	127	54	213	253	238	233	129	53	200	226	249	107	144	46	247	39	113	
144	201	29	189	28	76	69	189	148	16	128	16	247	81	40	67	192	18	89	105	106	109	83	61	225	227	110	16	24	24	145	58	
144	124	127	241	118	203	181	119	20	130	122	226	53	29	161	33	63	59	23	17	96	188	37	14	109	139	62	128	101	200	165	171	
143	221	166	159	229	54	239	190	218	222	95	54	216	120	191	239	81	70	53	111	245	244	63	239	110	127	255	132	142	255	248	101	
20	239	107	173	214	195	191	237	20	132	218	163	113	239	33	0	126	249	23	227	72	147	45	46	249	133	175	129	53	58	181	251	
180	83	115	78	98	109	167	200	204	32	121	234	118	220	173	56	190	89	70	99	193	35	24	125	49	136	32	58	89	91	195	177	
120	190	150	48	169	169	84	207	179	63	168	61	175	163	72	155	137	215	236	16	62	107	202	49	219	211	85	127	202	92	142	11	
66	145	153	175	172	32	62	141	142	21	11	165	244	247	104	66	215	87	59	5	18	0	219	209	205	180	63	174	148	122	165	51	
181	68	101	77	28	35	207	122	85	34	254	66	115	33	181	116	120	196	38	234	233	183	101	63	112	174	161	20	119	249	114	168	
169	183	40	169	244	189	208	59	86	125	92	63	131	44	114	1	220	10	135	21	150	58	96	149	78	73	160	229	221	76	212	211	
219	211	118	254	43	22	93	61	161	94	183	254	107	103	138	247	102	213	253	238	232	71	239	237	242	251	230	144	38	180	168	125	
11	180	221	253	254	50	121	158	63	251	118	118	253	243	205	239	247	79	62	152	183	216	235	250	206	255	255	132	158	248	169	41	
56	141	66	238	212	163	238	247	23	1	248	2	113	235	60	64	120	234	6	177	26	187	8	191	122	205	167	200	247	218	240	136	
134	12	130	155	196	162	168	65	60	131	83	18	76	234	49	73	123	41	51	147	48	215	10	194	20	34	223	132	149	121	177	128	
78	157	180	179	171	172	188	167	190	27	11	49	236	126	72	203	135	87	251	23	178	72	219	227	173	114	95	194	130	85	133	27	
157	12	229	237	132	50	239	122	84	226	210	210	243	44	149	233	127	204	54	175	169	254	101	234	132	235	254	128	173	249	112	236	
220	85	127	231	34	74	71	184	36	166	231	34	87	119	137	115	114	212	108	234	105	213	41	44	241	163	103	20	32	243	36	35	
220	120	159	244	56	77	17	156	190	188	182	40	255	215	65	11	162	116	108	114	41	103	187	40	217	227	99	24	96	57	5	115	
88	252	159	247	170	110	61	183	180	219	70	48	255	247	64	123	39	127	125	130	121	220	187	41	237	227	127	160	160	112	165	123	
148	199	31	174	154	67	31	248	164	132	218	163	87	103	41	65	118	245	77	226	104	131	9	60	249	161	175	213	48	179	37	115	
230	77	254	222	205	100	252	224	217	198	224	11	104	252	55	27	200	227	179	227	100	231	146	232	51	58	204	11	65	125	124	206	
192	166	217	113	242	232	33	31	62	51	114	240	180	183	200	89	51	31	38	16	50	220	195	19	76	167	118	196	164	192	135	171	
109	189	189	85	253	126	69	187	115	219	188	24	210	117	77	55	153	222	108	56	59	110	251	11	107	255	69	94	194	104	198	226	
69	119	220	71	116	30	102	152	109	234	127	108	215	82	141	246	150	68	108	110	229	244	105	8	38	191	37	132	74	179	75	5	
40	151	40	169	244	161	88	59	22	53	93	247	145	45	122	1	222	26	151	53	158	26	65	21	206	193	169	229	180	200	148	211	
70	179	184	168	172	37	159	137	15	125	155	45	204	252	74	64	215	23	255	145	26	3	219	211	249	20	143	255	148	110	149	83	
183	247	109	224	206	3	222	248	17	246	176	239	83	12	223	17	126	221	21	247	237	119	109	156	250	202	237	182	61	184	118	213	
223	64	175	167	5	118	105	16	166	231	199	23	217	199	59	238	112	228	185	188	9	213	189	130	211	239	203	5	162	247	61	112	
188	183	108	69	62	83	155	248	68	228	156	231	81	109	150	39	126	84	215	234	224	161	45	156	122	75	237	149	119	174	118	241	
131	185	168	155	156	149	204	207	158	215	132	23	161	200	127	139	201	10	27	157	183	108	90	50	175	9	159	60	157	88	249	220	
203	150	28	191	57	220	16	191	175	89	134	117	238	54	130	246	135	23	253	5	183	77	163	247	138	119	122	211	26	4	137	95	
150	12	174	151	133	230	172	2	188	150	130	19	200	62	55	107	233	119	251	131	32	213	2	234	133	114	219	3	129	117	61	134	
144	79	111	173	20	67	111	252	36	172	218	163	243	39	49	65	126	245	13	239	104	145	9	46	241	231	175	144	37	187	52	121	
189	252	252	93	202	55	220	255	87	146	124	210	89	111	183	191	127	222	182	168	253	254	127	94	106	207	245	133	251	240	234	176	
252	127	108	225	236	39	79	223	3	188	188	207	19	9	209	30	13	196	117	254	200	98	215	146	250	201	165	188	127	248	210	177	
185	76	101	205	4	43	205	118	84	34	246	82	83	33	149	125	121	206	54	168	233	254	101	142	212	234	240	132	119	248	80	168	
94	95	22	191	53	198	126	244	181	204	218	39	111	255	51	192	252	255	191	195	76	155	9	238	183	247	142	131	55	63	124	91	
27	141	107	251	148	131	235	247	84	1	222	130	121	239	180	96	121	170	23	153	251	187	44	255	120	111	174	192	183	138	240	168	
189	12	225	109	148	59	207	122	85	226	246	82	83	32	149	237	121	204	54	170	169	190	101	14	180	239	176	132	245	249	112	40	
138	185	181	217	233	253	185	87	175	89	84	253	188	159	196	174	207	59	255	145	147	74	242	241	207	89	190	235	158	12	143	251	
122	187	150	50	169	169	84	207	171	59	168	253	174	162	64	158	133	211	236	16	30	75	202	49	152	210	85	123	202	92	138	31	
38	13	98	158	212	131	174	109	86	128	88	2	96	232	53	64	120	106	19	195	208	179	10	255	48	46	143	136	85	58	240	128	
73	188	147	240	241	236	57	151	185	25	126	84	188	183	96	250	167	59	189	16	51	216	146	227	239	255	62	202	138	64	171	59	
41	175	112	65	181	155	100	55	121	173	126	124	139	41	214	180	11	174	198	28	248	248	229	198	174	223	20	69	194	220	202	236	
2	176	161	187	253	237	184	207	158	89	88	93	172	190	120	72	205	27	187	21	18	72	210	243	141	20	158	250	144	76	149	251	
90	186	150	176	171	172	84	199	171	155	168	221	143	166	64	219	135	247	237	21	30	75	210	177	152	214	94	127	138	84	171	27	
90	62	132	190	169	188	28	15	187	219	128	221	175	166	66	219	167	167	236	149	62	79	146	177	152	243	94	251	136	68	139	95	
90	95	23	175	61	214	255	228	189	204	218	39	111	254	55	196	254	253	191	227	76	147	171	239	183	247	143	131	37	63	61	87	
2	189	148	153	185	164	57	143	158	25	218	112	188	150	32	200	205	59	63	145	51	200	211	247	141	54	190	202	152	0	161	155	
147	141	39	158	148	135	175	230	212	64	202	134	112	228	54	101	120	226	26	239	253	171	63	255	185	46	142	64	29	46	176	252	
101	114	184	103	100	30	231	184	120	234	51	108	211	120	223	58	148	76	84	110	197	244	221	10	100	189	101	180	72	187	75	133	
2	253	178	155	237	193	180	237	158	87	89	147	236	238	106	64	251	123	163	67	86	88	26	243	45	22	94	107	16	94	165	222	
149	151	110	174	188	143	75	248	229	236	191	111	123	104	191	99	126	228	94	255	249	227	61	221	184	200	165	212	61	171	112	85	
121	141	103	222	148	146	111	247	245	66	222	70	115	227	176	228	121	230	62	172	253	155	36	191	250	239	166	192	47	248	240	108	
198	221	149	191	139	116	60	135	158	215	139	51	204	246	107	207	231	87	187	147	53	205	27	226	169	50	223	87	144	117	173	87	
94	121	114	229	19	94	126	240	61	140	254	39	223	95	17	208	126	253	255	226	72	145	185	236	247	253	175	129	47	183	47	147	
1	141	111	94	156	215	199	229	212	64	236	2	113	225	50	101	88	106	18	106	114	171	62	63	105	15	5	65	117	186	240	232	
40	191	237	85	202	87	173	55	22	179	246	246	177	39	148	175	79	246	242	140	249	248	245	30	111	175	247	144	231	232	206	185	
117	250	204	160	12	5	75	216	7	241	144	207	83	65	89	27	93	192	93	254	155	71	219	17	216	136	229	252	189	185	80	16	
172	141	126	243	244	168	123	144	125	17	119	18	187	75	189	121	111	235	23	218	178	184	104	230	110	185	34	192	229	139	225	161	
29	77	122	231	50	94	127	240	61	236	255	130	95	119	147	112	62	253	223	234	201	144	61	238	247	237	167	133	103	179	103	241	
61	117	242	235	22	55	234	216	103	200	253	70	91	249	189	32	126	201	23	251	137	179	60	222	242	205	175	164	255	251	107	145	
164	205	124	243	244	138	239	117	125	3	119	18	211	9	152	49	106	174	70	74	248	190	97	238	118	171	242	64	103	136	194	160	
139	248	54	217	235	157	185	215	143	121	116	126	188	222	230	228	239	59	255	145	151	92	242	241	143	89	62	234	94	12	137	255	
188	111	109	200	236	47	77	223	3	188	188	238	19	5	209	14	77	196	117	252	202	38	231	144	242	200	229	252	55	248	86	249	
33	175	234	190	252	141	247	253	94	77	249	15	115	232	62	0	216	235	23	69	214	186	222	63	126	13	167	233	93	42	250	195	
220	67	93	229	34	74	111	184	48	166	247	226	215	103	137	83	118	212	109	234	104	212	233	10	245	163	231	132	36	243	36	97	
75	249	244	157	174	83	173	191	222	250	150	102	156	184	215	239	103	118	250	153	165	201	231	221	60	42	255	246	175	252	57	109	
155	207	71	191	146	146	110	247	54	65	94	214	125	227	176	228	119	239	63	140	243	153	37	255	252	239	190	192	63	132	169	185	
120	255	90	110	241	207	87	244	33	140	252	9	63	219	2	16	190	251	197	106	72	187	152	63	251	205	37	41	98	178	238	139	
211	205	39	158	141	212	143	167	212	66	200	2	112	244	53	103	96	102	56	207	105	205	62	255	49	42	207	24	21	116	177	108	
94	122	176	164	175	0	23	146	139	174	154	231	141	175	65	198	231	117	173	1	72	1	208	194	209	244	207	151	174	126	5	59	
155	101	1	170	21	212	79	93	4	65	205	6	183	199	58	228	88	170	153	253	235	139	248	191	161	253	142	56	26	134	248	252	
111	178	232	99	233	125	217	219	75	125	189	61	154	28	222	190	159	147	215	21	159	114	251	211	95	93	49	255	207	206	222	247	
151	134	198	85	214	34	237	243	55	227	119	215	81	99	158	93	127	206	55	188	177	212	13	206	92	46	255	196	175	228	248	212	
108	180	245	93	249	127	81	154	123	251	167	56	222	245	205	63	145	92	108	56	41	118	251	26	207	255	117	118	194	224	70	115	
197	81	221	69	98	30	110	184	121	232	99	108	223	51	141	247	54	84	124	106	225	208	253	74	38	171	101	132	106	243	67	49	
108	52	153	114	233	124	83	152	251	191	63	60	94	115	75	158	147	84	253	58	57	70	250	34	203	223	101	255	138	243	78	51	
213	23	199	101	176	42	110	51	116	170	219	228	215	51	129	247	54	198	124	170	185	208	5	14	160	174	231	132	168	226	163	33	
72	155	149	103	160	14	70	180	101	168	170	100	247	51	128	210	134	118	108	106	89	168	217	45	160	247	101	16	10	178	194	41	
132	12	130	155	212	163	174	67	20	131	83	18	104	234	49	72	121	42	19	147	48	182	2	254	20	38	155	0	149	120	177	128	
68	169	153	170	222	45	43	137	26	177	9	10	213	243	72	80	247	223	59	208	18	26	217	115	253	132	15	108	144	107	129	32	
143	156	230	221	239	54	246	190	219	218	86	118	104	121	191	111	119	70	55	127	244	244	175	238	110	126	215	134	255	253	240	231	
6	210	239	73	42	64	187	216	78	93	91	227	241	204	188	104	126	89	63	227	146	33	47	113	68	44	171	205	85	147	165	241	
232	72	189	124	44	212	75	130	243	138	230	0	187	171	21	122	192	228	125	74	8	78	227	171	195	255	208	25	146	177	116	40	
11	160	245	247	254	246	121	159	127	243	118	22	253	167	222	254	247	95	190	152	183	216	255	241	206	255	255	196	142	204	233	221	
243	82	247	220	41	20	92	61	169	94	183	252	107	79	159	255	230	213	253	238	236	71	227	192	146	250	222	158	38	180	98	125	
111	54	241	98	233	124	81	27	235	255	189	61	154	61	207	190	135	148	253	30	159	102	248	128	207	217	117	183	202	231	206	119	
134	142	124	89	159	187	176	239	223	22	52	51	44	88	39	15	171	50	138	49	54	109	46	255	42	83	86	127	247	12	205	143	
106	225	144	42	205	217	20	204	139	21	172	9	174	213	76	150	137	210	195	81	90	43	202	177	63	85	21	127	210	30	206	238	
4	77	2	158	212	131	174	225	150	128	89	2	96	234	49	64	120	106	19	195	98	186	10	255	48	38	143	8	21	122	176	136	
69	95	92	69	116	30	102	184	104	232	126	108	215	112	157	115	182	68	108	110	229	240	205	76	102	187	101	132	72	179	75	5	
127	50	249	97	233	124	89	155	107	255	181	253	159	29	223	190	135	149	253	31	159	103	252	128	223	249	117	247	239	229	78	247	
134	12	146	155	214	162	168	67	62	131	83	18	76	234	56	73	123	43	51	145	48	212	8	194	28	38	223	196	133	104	161	128	
9	184	254	209	244	186	249	191	127	249	118	148	253	235	214	253	247	111	254	29	183	248	255	247	14	127	119	198	206	132	233	221	
212	79	78	173	8	6	79	184	52	174	198	135	83	103	11	83	124	212	109	238	104	199	73	44	240	227	239	148	36	179	36	112	
143	60	231	145	195	55	188	87	29	231	70	151	9	46	243	172	47	59	130	156	181	220	52	202	46	87	223	71	239	252	137	212	
8	193	61	233	173	223	125	63	206	53	6	0	159	33	120	99	128	2	123	40	82	56	115	149	111	219	117	85	18	136	213	40	
104	227	176	42	201	217	87	238	203	53	168	41	174	201	74	150	137	211	232	83	74	43	202	177	253	213	21	63	82	30	198	74	
30	90	135	180	131	71	189	230	140	242	130	135	189	190	35	203	175	101	251	199	197	133	20	232	208	103	94	19	13	124	41	90	
7	178	185	147	237	253	176	79	223	127	57	125	140	188	78	42	135	27	255	17	150	124	250	209	13	22	95	255	208	76	135	215	
56	141	66	234	212	163	198	247	23	0	248	2	115	235	52	64	88	170	6	49	26	187	8	191	250	205	167	64	247	218	240	136	
67	212	52	158	250	184	61	175	171	91	14	189	188	254	142	114	135	19	253	5	214	9	175	245	54	118	58	202	30	132	139	95	
135	207	149	151	130	42	174	174	62	51	91	242	196	122	13	75	167	87	59	147	49	208	11	226	44	50	223	198	133	115	129	133	
187	164	1	170	85	132	235	125	16	65	201	215	245	79	56	129	221	139	19	175	251	134	24	175	161	253	138	40	63	206	243	216	
73	148	148	155	188	251	33	191	30	123	95	244	221	118	202	236	87	15	174	24	51	216	111	215	204	55	255	196	158	72	137	113	
108	105	144	46	77	133	87	200	195	12	168	8	42	216	99	16	216	224	226	66	78	35	202	185	243	212	133	57	82	63	110	10	
117	80	204	165	8	46	95	152	48	226	143	13	211	99	91	90	84	196	125	238	8	215	217	10	209	239	233	21	40	243	26	18	
75	248	244	213	143	147	188	55	87	243	214	230	168	56	215	102	71	118	250	137	197	120	247	220	110	126	215	146	175	236	89	109	
94	91	54	174	61	214	127	244	189	204	222	167	108	222	167	228	254	253	191	231	205	147	171	237	183	247	175	131	46	63	61	127	
226	190	97	69	204	7	205	63	19	170	184	206	3	41	213	23	77	132	87	172	233	126	213	154	62	156	181	188	125	232	82	189	
38	141	98	158	212	131	174	101	86	128	89	2	96	232	48	64	120	106	2	195	242	186	8	255	48	38	143	136	85	42	176	128	
134	140	130	155	212	162	174	71	62	131	83	18	76	234	48	72	123	43	51	145	50	156	9	206	28	38	159	192	148	72	177	128	
6	13	2	158	212	131	174	97	150	128	89	2	96	234	49	64	120	106	19	195	98	186	10	255	48	38	143	136	21	122	176	128	
132	12	130	159	149	167	174	67	22	131	75	18	96	234	49	64	121	42	2	145	50	190	24	255	41	38	150	64	149	106	177	128	
49	141	213	93	200	55	204	191	87	179	176	82	9	43	213	63	77	198	38	136	253	250	71	222	46	222	213	196	255	248	226	142	
86	95	122	238	52	194	127	240	189	204	222	39	111	255	39	64	254	253	191	227	204	145	169	238	179	253	175	131	47	179	109	91	
204	122	221	119	161	124	95	152	177	254	54	108	255	247	203	63	23	116	253	106	225	68	171	34	195	251	101	180	234	243	7	113	
198	221	181	151	139	112	63	140	158	183	131	179	236	246	107	207	215	87	251	211	118	69	239	227	169	118	223	223	132	119	165	126	
83	185	135	154	137	172	12	135	171	83	138	93	174	182	66	254	165	231	121	21	31	75	210	241	153	114	94	122	136	68	163	92	
11	176	253	241	237	252	121	159	191	251	246	18	189	191	222	238	239	79	255	152	151	216	251	209	143	251	223	239	142	204	201	253	
147	141	47	158	156	199	239	229	212	64	198	2	113	228	54	101	120	230	58	239	105	187	63	255	185	42	207	0	21	121	177	108	
9	182	148	155	188	251	57	159	62	123	95	244	220	182	202	236	215	15	254	24	183	216	239	215	204	119	255	228	158	204	137	241	
134	245	146	155	221	229	182	237	158	95	89	55	236	254	106	64	221	91	179	131	114	82	26	247	45	22	143	239	16	94	165	211	
33	213	123	71	116	14	111	240	112	72	126	68	115	113	144	48	62	108	22	110	225	176	53	47	102	175	32	128	109	187	82	249	
215	147	111	206	238	7	111	249	237	252	183	126	90	74	191	115	110	197	127	239	249	231	63	220	240	42	225	148	61	169	112	113	
43	175	242	81	245	157	120	55	121	73	126	88	171	41	214	180	131	174	230	28	182	248	224	198	46	222	20	67	194	204	202	237	
43	189	245	85	252	159	252	55	87	187	118	208	177	47	148	47	77	182	126	136	253	248	117	158	111	254	244	128	239	232	200	156	
94	121	122	228	119	94	126	240	173	204	254	103	79	223	167	212	254	253	223	226	205	147	176	236	243	253	175	131	47	183	111	83	
234	176	177	184	237	253	185	223	171	127	180	29	172	191	78	158	207	19	255	21	147	75	242	241	223	89	30	255	146	76	135	255	
25	205	103	222	148	146	111	247	245	64	222	66	115	225	180	228	121	238	62	168	249	187	44	255	250	239	166	192	55	238	240	108	
74	157	146	248	147	228	48	215	191	25	76	16	188	183	96	124	167	59	187	16	55	73	146	227	251	246	30	75	138	64	173	59	
94	93	122	231	50	86	127	240	37	140	254	34	95	127	179	112	118	253	223	234	200	145	169	238	247	237	175	129	39	179	39	243	
227	191	193	197	236	39	76	187	19	242	184	206	19	33	213	22	77	196	77	188	233	110	215	154	190	156	133	188	189	248	82	60	
215	211	117	244	46	30	92	57	173	126	151	255	79	95	158	127	230	149	125	238	253	69	119	204	146	250	203	150	46	188	241	117	
31	119	110	239	62	39	203	248	229	232	255	102	91	89	187	100	126	205	95	255	141	163	61	204	250	205	171	148	255	235	96	21	
116	78	204	165	8	14	79	184	52	166	231	141	83	99	19	83	116	196	125	238	104	214	217	40	244	235	229	148	40	243	32	112	
211	82	245	212	42	28	92	28	171	222	178	253	238	159	205	127	231	213	253	134	237	71	227	192	146	250	222	190	14	244	99	93	
135	132	197	151	150	42	236	191	119	243	247	214	217	35	158	111	127	198	127	188	181	220	109	206	12	46	247	196	175	228	249	213	
185	12	225	127	84	59	103	62	85	226	242	82	115	33	145	121	121	206	38	170	169	254	101	46	52	239	240	4	245	249	112	168	
37	191	40	191	252	175	243	248	86	44	121	13	243	233	58	0	221	106	23	119	158	178	122	63	236	141	35	104	221	107	82	195	
2	179	185	187	253	237	185	207	158	121	25	125	156	188	104	202	135	27	255	17	147	104	202	209	141	20	62	254	148	76	149	219	
83	185	151	186	139	229	20	199	175	83	136	157	174	246	96	222	231	227	120	21	31	75	154	241	153	86	94	122	152	84	163	94	
56	253	122	110	240	143	95	247	112	140	124	12	51	243	34	16	62	250	7	106	72	186	24	63	123	205	37	97	99	146	238	187	
92	74	205	229	32	14	111	56	49	174	231	204	83	103	129	90	118	212	109	238	72	212	233	10	245	175	229	132	32	243	68	112	
220	79	78	165	4	14	79	176	36	174	198	135	247	39	19	83	116	228	125	238	104	148	81	44	245	171	231	144	32	187	52	120	
169	68	229	215	68	43	237	182	84	51	247	82	243	33	157	105	123	238	54	138	169	244	101	170	68	235	240	128	231	249	80	168	
27	140	71	223	22	146	107	119	181	67	94	214	121	231	178	228	127	171	63	140	229	157	36	255	186	239	186	192	47	132	185	124	
172	204	127	211	100	138	237	177	125	19	119	82	243	97	152	63	107	138	119	10	241	244	109	231	102	250	246	64	103	153	192	160	
139	157	20	155	185	132	57	175	158	25	212	52	188	150	32	201	205	59	191	144	115	76	195	247	173	179	190	202	154	4	169	187	
164	141	126	251	244	136	123	144	253	16	119	18	253	67	185	89	123	235	23	218	178	244	104	238	110	187	166	196	228	155	97	161	
143	61	125	210	188	151	255	184	223	248	53	240	253	223	253	47	150	113	23	254	227	101	46	254	111	219	239	238	22	179	65	241	
27	141	107	254	148	131	235	119	85	65	222	66	121	235	176	100	121	170	23	153	249	187	45	255	250	239	174	192	55	138	240	168	
69	112	220	101	52	14	103	152	104	234	127	108	215	112	217	50	22	76	92	110	197	244	221	8	228	253	37	4	76	243	75	145	
109	48	177	82	233	127	87	152	115	255	61	124	90	245	203	190	151	92	244	58	147	116	250	66	79	223	101	191	202	247	78	115	
139	184	50	216	237	221	185	215	143	91	244	127	188	222	230	166	239	59	223	129	247	111	50	243	31	89	62	235	94	12	169	255	
202	57	147	132	27	212	57	3	171	228	142	151	140	183	99	198	166	117	251	85	5	13	176	194	155	84	15	59	134	172	45	94	
91	187	151	186	235	157	20	199	171	113	160	253	174	230	66	158	135	227	236	21	31	75	218	241	152	210	93	122	202	84	139	31	
139	184	177	216	233	253	185	223	175	89	148	253	188	159	100	174	207	59	255	21	147	79	242	241	223	89	30	251	158	12	143	255	
22	71	106	160	180	83	95	89	21	204	149	239	79	79	243	69	94	248	157	247	248	131	41	236	250	209	173	249	182	191	180	113	
208	202	61	245	39	207	85	166	223	55	34	27	110	27	36	82	162	69	104	64	66	45	19	245	211	243	80	19	112	24	69	107	
88	189	55	254	219	205	53	231	173	77	40	9	46	255	34	17	164	51	249	0	114	11	18	253	251	241	30	59	2	4	167	91	
135	77	66	138	245	176	110	240	57	10	85	214	108	194	186	212	114	107	22	238	99	151	140	247	180	56	170	232	62	215	185	133	
215	177	251	65	195	93	121	203	47	97	38	29	25	7	70	60	37	155	226	156	151	24	53	82	95	205	16	101	235	132	134	246	
141	71	99	191	212	121	231	216	84	102	93	218	113	229	187	229	59	106	2	110	225	150	44	63	116	79	37	160	55	255	212	224	
88	115	250	231	42	24	126	148	171	172	190	232	239	187	201	82	166	245	237	66	192	1	139	224	246	245	39	147	102	178	47	11	
51	207	103	141	118	19	174	124	93	224	90	230	105	40	180	164	126	237	150	239	197	176	77	255	38	110	175	128	127	190	121	157	
73	217	17	102	57	14	70	180	237	8	186	108	255	115	128	246	134	116	108	106	73	41	217	45	160	252	36	144	74	178	66	57	
225	164	140	187	157	253	80	15	94	115	129	25	150	56	90	235	193	2	121	21	63	108	219	151	207	215	223	127	152	76	152	6	
116	233	218	226	84	165	98	192	178	161	168	10	17	243	105	16	249	253	2	208	10	83	152	114	25	140	133	108	129	123	98	170	
148	6	30	185	138	98	188	15	188	23	143	145	197	42	39	75	227	19	106	163	52	197	11	82	193	131	126	5	144	113	173	2	
139	176	185	218	237	253	185	223	175	89	180	29	188	159	118	191	205	27	223	21	183	79	242	241	159	89	158	250	154	140	139	223	
38	141	98	158	212	131	174	104	86	0	89	2	96	232	48	64	120	106	2	195	242	178	10	255	48	38	139	136	85	43	240	128	
134	140	130	155	149	166	174	71	62	131	75	18	108	234	32	72	121	43	51	144	50	156	24	254	45	38	159	64	144	72	177	128	
114	205	166	158	141	196	69	231	215	150	194	0	226	240	52	111	201	230	120	195	72	75	186	173	177	50	223	27	16	118	244	110	
3	142	50	94	117	189	248	231	255	95	124	16	172	184	246	164	167	42	150	12	182	41	34	247	47	94	18	203	90	140	217	207	
203	169	134	154	137	188	92	199	171	25	128	93	174	178	66	222	165	231	252	149	31	75	146	243	153	118	94	123	138	84	171	12	
32	172	181	90	157	249	149	199	223	23	136	24	166	184	100	164	201	58	234	17	58	107	106	183	173	86	28	123	208	76	213	238	
59	141	110	254	20	179	235	115	85	1	223	2	121	235	176	100	121	170	31	168	186	187	45	255	250	239	162	192	55	138	240	168	
83	137	46	158	141	198	197	229	212	22	206	2	96	242	54	111	232	230	58	235	88	203	59	253	177	42	223	17	17	58	244	110	
134	181	178	152	255	229	180	235	158	91	88	63	236	254	106	0	221	91	243	177	114	67	154	215	61	22	143	239	144	108	165	211	
33	93	123	71	118	78	239	240	125	72	126	66	113	85	181	52	58	108	22	110	193	176	53	111	102	46	32	128	111	187	66	249	
90	123	210	166	58	8	126	208	175	128	170	199	77	207	65	210	54	245	237	198	77	1	157	224	178	229	15	24	47	183	43	24	
34	172	242	81	245	188	248	39	249	29	126	25	174	168	214	180	131	42	230	20	182	248	162	231	46	126	22	67	202	140	203	141	
138	179	181	179	253	237	185	223	159	121	17	125	156	188	72	139	135	27	223	17	179	104	218	209	141	17	63	254	152	76	139	243	
18	207	106	188	94	131	191	239	150	132	216	167	45	204	178	64	126	235	159	231	206	27	6	255	240	101	175	171	53	188	189	207	
250	171	210	16	251	153	84	199	187	53	164	153	42	171	70	158	143	179	238	20	62	79	194	243	250	89	20	123	227	132	138	14	
195	80	253	212	110	60	253	30	171	255	179	253	156	190	199	123	231	213	253	135	229	71	243	192	150	186	254	190	140	244	67	127	
61	191	41	175	188	175	195	248	86	172	249	77	247	225	25	0	93	74	95	127	154	178	89	63	237	133	37	116	112	235	83	227	
211	233	151	154	139	197	1	198	175	81	128	25	174	246	96	254	225	243	248	209	95	79	154	243	153	16	31	122	144	20	167	126	
218	249	51	252	75	221	117	231	187	4	164	9	46	255	32	149	160	59	251	64	98	75	178	253	179	242	94	59	66	20	167	251	
86	220	164	150	169	80	158	168	142	187	139	229	204	230	109	206	213	87	253	243	88	65	219	240	169	247	223	223	152	119	173	55	
32	223	123	79	116	207	111	247	117	12	124	96	115	117	180	52	126	250	6	72	243	186	40	63	111	143	36	192	115	138	230	169	
67	29	191	85	252	142	237	55	254	171	122	84	176	40	20	98	205	119	122	141	161	248	209	78	45	62	214	0	200	200	208	188	
252	85	111	231	4	14	111	184	53	174	230	4	243	99	17	83	112	228	125	238	104	148	113	46	245	171	229	0	40	187	112	120	
165	4	237	215	228	171	233	146	117	51	119	82	243	97	153	109	123	238	54	136	171	244	109	163	70	170	242	128	229	249	80	160	
33	141	141	85	228	143	237	55	94	191	114	84	176	42	20	59	201	174	114	8	241	248	113	78	45	62	212	0	200	232	192	168	
140	204	127	243	228	168	237	176	253	18	119	16	223	67	153	123	107	232	110	106	243	244	107	231	78	251	246	196	231	249	65	161	
235	176	177	248	237	253	89	223	171	125	181	29	158	191	94	191	143	147	255	21	183	75	250	209	219	217	95	255	154	76	207	255	
197	117	221	101	32	46	55	152	104	234	55	108	223	49	137	59	22	85	124	122	161	244	237	72	228	187	101	132	204	243	67	49	
23	143	70	152	230	18	236	235	172	30	80	230	8	226	191	93	123	75	22	172	84	211	38	221	50	42	255	141	181	116	123	197	
2	210	84	137	106	10	180	125	141	50	115	231	68	10	172	75	38	21	238	35	195	180	13	93	20	50	122	134	124	154	129	17	
161	63	8	73	140	23	204	159	86	242	188	206	145	3	209	164	77	140	66	188	235	46	85	155	44	205	135	124	91	248	106	188	
6	173	144	147	180	163	186	128	62	59	91	16	204	234	72	72	151	123	51	83	50	220	139	243	12	22	95	194	148	83	161	129	
146	159	202	133	210	38	180	103	48	37	74	151	5	38	66	66	111	223	35	133	17	217	149	98	188	37	158	66	173	72	185	208	
140	204	126	251	252	138	127	184	191	146	53	18	253	195	253	91	127	193	23	250	226	196	42	239	110	219	231	132	116	185	97	161	
7	88	234	10	18	149	170	216	87	65	100	134	96	204	191	108	62	40	130	220	135	161	61	127	18	30	0	74	253	147	40	212	
111	126	249	87	227	124	127	144	57	238	119	236	120	127	223	190	55	221	183	206	193	84	189	226	86	127	117	162	238	247	70	117	
97	120	233	76	108	204	73	150	234	64	104	8	178	155	21	122	192	250	121	72	195	8	242	41	87	60	144	56	88	17	82	42	
141	206	230	221	197	123	175	254	214	82	92	186	217	101	187	175	121	74	178	234	241	244	47	187	108	47	247	133	151	253	253	224	
67	156	181	215	172	190	237	191	238	123	158	244	253	46	156	238	135	71	126	156	147	201	111	247	142	190	127	212	142	192	129	125	
2	13	2	159	212	131	174	99	148	130	90	2	104	234	48	64	120	107	51	195	96	186	2	255	56	38	142	128	21	104	33	136	
166	12	130	158	205	229	166	71	150	3	97	18	32	248	53	8	217	106	34	145	50	47	26	251	25	30	158	43	209	88	244	138	
213	87	74	136	246	48	111	218	84	68	94	246	113	200	190	96	118	200	6	238	231	183	52	127	114	45	163	204	61	185	248	149	
131	180	36	27	221	245	161	167	222	91	5	16	164	220	94	239	201	10	218	145	247	77	126	247	13	83	222	227	152	68	159	254	
84	159	116	233	62	139	146	227	207	60	50	235	134	24	164	67	166	85	237	99	86	33	1	149	178	240	97	215	116	41	141	7	
218	139	126	188	107	192	157	103	191	4	208	163	44	238	34	81	238	179	239	129	118	11	130	253	240	99	218	139	53	4	173	219	
70	182	216	165	242	42	57	59	57	175	127	253	205	55	136	208	55	31	253	32	176	216	197	78	236	167	47	198	164	226	143	177	
64	210	221	175	42	10	180	188	10	58	51	237	228	96	136	74	151	85	110	35	193	100	203	69	132	38	122	150	92	42	9	153	
167	120	127	67	78	222	185	192	237	212	102	134	19	12	149	43	46	52	82	124	225	245	52	72	15	8	68	4	101	186	87	252	
130	249	162	152	79	193	188	239	30	87	80	147	172	158	110	0	239	27	147	129	66	26	18	243	53	20	158	235	21	28	181	218	
30	199	204	66	202	35	95	249	2	182	173	175	95	103	203	31	55	211	197	190	120	66	47	56	250	131	101	252	191	243	135	112	
162	172	182	158	205	229	148	199	222	27	224	24	164	248	101	9	201	122	179	17	50	111	210	179	13	18	222	107	208	72	245	138	
2	141	2	159	84	162	174	226	182	130	90	2	104	234	32	64	122	107	51	194	114	154	2	255	40	38	158	136	21	89	33	136	
250	169	192	56	137	249	88	71	187	87	164	153	46	175	70	159	137	131	237	144	62	79	210	211	219	209	212	123	226	196	206	94	
114	201	46	222	13	213	215	228	206	20	206	2	98	240	36	102	200	242	234	67	88	43	10	189	241	54	207	27	16	58	252	46	
2	181	148	152	253	37	188	239	158	250	152	59	140	254	96	64	223	25	243	49	114	75	138	223	61	22	159	254	144	108	161	211	
3	174	114	82	245	252	248	231	255	29	126	25	172	168	118	148	133	43	230	21	182	120	162	247	47	30	22	75	194	12	207	207	
86	243	140	166	168	18	30	168	142	168	139	229	213	250	73	66	213	85	125	243	77	65	203	49	186	231	239	253	156	115	25	19	
197	118	189	103	32	110	127	24	120	250	55	120	223	55	201	59	151	85	124	106	225	244	249	74	199	251	101	132	192	243	3	49	
140	204	207	243	228	170	109	176	189	18	119	16	247	99	153	123	107	232	110	106	97	244	107	103	198	187	247	68	230	249	64	160	
133	4	255	215	180	42	233	27	127	211	119	80	251	99	157	111	67	78	126	24	179	244	111	194	206	190	119	196	198	233	209	161	
65	141	237	69	172	46	237	191	238	251	190	64	243	41	156	102	71	70	124	12	209	233	239	229	236	191	247	148	196	242	209	105	
253	124	141	101	8	14	79	24	49	166	231	12	83	51	1	91	88	228	125	110	105	214	249	42	247	235	229	20	105	243	82	112	
5	255	57	173	60	175	67	186	118	172	106	76	247	113	1	0	153	110	95	127	139	184	121	63	237	221	37	116	208	251	82	233	
146	185	27	220	203	221	52	103	191	67	228	26	60	255	36	48	162	187	243	0	115	43	178	247	51	183	86	43	16	0	175	187	
245	85	143	231	4	14	111	60	32	174	239	68	115	119	9	83	80	196	125	110	105	146	249	12	241	235	229	16	32	187	112	120	
32	223	122	75	244	139	111	247	117	13	124	228	51	103	176	48	95	122	6	72	242	186	96	127	110	142	52	192	127	136	230	249	
75	125	135	149	53	142	173	55	174	232	78	68	188	181	16	230	132	55	123	13	193	217	177	239	109	63	30	0	10	4	17	248	
82	203	114	188	75	192	29	103	191	7	208	163	44	239	34	212	238	187	175	129	90	15	130	247	240	118	154	171	55	4	167	91	
218	236	147	154	153	245	2	198	191	83	128	25	174	214	100	247	225	243	250	145	127	79	154	243	153	80	159	123	146	4	175	46	
26	207	98	188	94	131	191	231	23	132	216	167	45	238	178	68	126	235	151	197	206	27	6	255	248	36	175	137	55	188	181	205	
140	100	127	255	108	11	253	184	191	154	53	18	253	207	253	107	111	81	127	234	224	69	43	254	78	155	239	140	84	185	97	161	
111	120	235	86	102	24	255	148	121	206	118	238	120	47	223	190	126	221	183	206	197	246	173	224	118	127	229	130	111	247	106	253	
134	172	148	147	188	169	190	204	190	155	88	16	236	234	105	72	151	107	51	83	50	80	139	243	44	22	79	238	148	115	129	129	
215	86	111	149	166	46	111	178	52	246	214	247	83	109	159	11	55	230	77	174	232	213	53	108	242	43	241	128	37	241	212	113	
59	73	99	13	52	151	238	244	68	232	90	198	113	104	181	228	120	236	22	239	205	176	125	253	36	110	175	128	127	191	120	156	
9	143	164	93	141	55	172	191	214	179	142	130	136	32	215	239	73	70	234	136	240	232	103	202	111	127	215	21	215	252	216	172	
53	142	107	136	212	6	237	255	84	86	196	199	17	32	183	73	125	136	2	173	250	234	117	29	96	43	215	12	181	252	116	248	
134	246	124	83	159	121	180	202	223	23	37	179	200	253	110	47	167	90	203	50	182	101	191	247	79	27	85	127	211	221	221	246	
149	70	76	155	142	34	175	164	220	118	131	247	209	106	191	75	243	71	42	183	180	197	77	126	160	35	254	213	156	83	185	197	
34	172	98	209	245	249	248	167	223	117	114	155	168	172	54	64	235	171	151	5	182	184	118	247	47	30	154	227	215	12	220	222	
111	251	225	71	98	24	254	176	105	236	118	238	104	12	215	182	38	237	246	238	197	114	175	224	54	120	101	170	79	183	75	221	
48	163	229	136	76	83	200	251	71	244	168	207	3	44	83	134	76	136	194	189	143	42	119	152	30	86	197	61	255	172	126	220	
93	241	154	38	138	4	30	153	226	201	139	236	223	242	203	98	182	213	108	243	223	1	143	96	248	229	47	220	168	51	169	17	
21	31	110	53	166	50	109	191	117	86	86	231	5	33	179	77	55	134	13	173	224	209	37	12	242	107	239	132	237	240	249	81	
84	164	156	177	157	109	16	11	254	115	135	25	214	57	74	123	129	23	232	17	62	109	219	19	203	215	85	119	144	72	141	2	
29	155	150	165	178	82	51	53	53	77	214	244	207	55	130	228	86	100	140	60	189	152	101	142	170	247	38	198	174	164	169	117	
126	163	228	72	202	1	93	249	3	244	172	205	89	103	95	158	31	209	249	252	218	3	207	80	122	79	69	188	243	246	2	240	
3	183	88	165	242	26	60	55	56	109	94	245	205	39	138	208	55	31	245	45	245	216	229	79	238	247	62	197	44	194	139	217	
91	21	100	77	178	58	94	51	237	196	191	181	75	62	150	119	166	247	221	38	189	129	101	204	98	123	4	146	174	246	196	117	
9	159	18	163	181	243	179	55	21	77	95	228	237	39	162	196	95	42	132	44	157	152	36	175	234	213	174	195	158	206	189	253	
6	199	140	147	142	51	190	172	158	179	155	247	229	106	223	11	251	67	123	247	52	193	75	224	174	7	255	215	140	123	153	133	
95	237	228	213	143	18	142	174	239	246	142	162	200	230	215	230	99	70	248	252	244	73	239	234	186	126	207	159	134	244	249	100	
219	222	116	84	41	94	81	178	245	254	182	60	106	34	134	255	33	196	236	96	237	77	163	239	26	123	85	211	42	164	76	95	
207	94	191	214	44	55	157	88	157	250	151	124	220	127	221	47	135	85	255	175	169	71	235	234	211	251	123	158	134	245	37	119	
205	116	189	101	32	46	127	24	120	250	55	84	223	119	201	59	151	85	124	106	161	212	185	74	199	251	101	4	192	243	67	49	
120	205	50	174	29	197	86	228	199	4	200	8	230	216	32	68	216	250	232	67	78	43	218	191	185	245	134	123	16	14	124	46	
88	173	176	121	153	253	16	143	158	53	168	25	174	184	74	128	129	19	232	17	18	105	211	55	169	215	20	127	208	76	133	14	
2	188	148	153	253	167	188	111	31	187	216	59	140	190	96	64	207	31	247	145	50	91	67	215	61	22	159	254	144	76	161	219	
132	68	255	255	108	42	105	154	255	146	119	16	223	227	217	127	107	76	110	138	161	244	239	114	78	187	119	4	230	249	65	161	
56	109	122	110	85	198	111	112	101	128	238	2	115	115	51	16	120	232	3	238	72	179	56	45	115	237	161	1	107	187	106	154	
2	172	50	155	245	249	184	231	255	93	120	17	172	174	118	16	163	43	227	21	54	124	50	247	15	54	30	75	208	4	207	223	
69	132	189	213	188	46	233	159	255	203	191	80	223	115	156	110	151	6	126	24	147	233	171	214	205	255	119	212	194	200	193	33	
120	237	176	190	153	221	86	167	203	5	136	8	174	248	64	208	192	115	232	65	94	11	210	179	187	245	12	59	16	26	150	42	
229	85	29	111	4	14	71	184	112	170	231	68	211	119	9	115	80	196	124	110	233	146	249	12	231	251	225	20	0	179	82	48	
33	223	122	91	244	139	239	247	127	77	124	228	49	103	180	52	95	42	22	12	243	184	101	127	110	142	52	192	127	154	194	185	
65	141	169	71	188	12	239	191	239	233	190	64	243	169	212	102	210	70	124	72	217	41	239	225	233	253	39	216	198	250	209	105	
16	125	63	165	17	207	103	246	254	236	110	8	246	241	33	80	176	118	88	104	97	185	48	62	233	205	5	16	72	51	7	122	
16	253	218	252	82	193	181	103	190	5	232	163	61	254	32	80	162	187	147	128	70	139	162	127	241	229	62	139	49	0	167	219	
134	164	148	145	252	171	188	203	190	179	88	16	236	234	121	75	247	79	123	49	50	84	138	211	12	22	79	238	148	112	1	137	
114	139	107	190	250	209	60	103	158	13	216	179	45	207	38	80	239	187	167	129	90	11	162	247	243	101	186	235	21	0	167	251	
89	173	177	234	180	156	79	191	123	105	90	76	191	254	208	240	151	239	29	29	219	26	232	191	185	253	47	232	142	130	131	121	
42	207	66	140	87	129	175	247	23	12	92	231	41	137	182	196	92	171	151	197	206	154	68	255	52	52	142	137	55	156	188	205	
212	48	156	179	136	109	81	10	242	243	135	24	215	247	75	27	129	85	109	16	26	101	219	2	201	195	113	117	128	97	7	98	
162	110	254	81	226	234	180	199	186	190	116	177	16	191	231	43	227	127	55	0	100	93	160	66	118	42	254	131	229	112	199	203	
134	165	148	153	248	171	60	235	190	19	72	16	236	226	104	64	247	43	123	48	114	88	10	215	44	54	79	238	144	96	161	129	
2	156	50	155	117	249	184	103	255	85	80	21	172	172	54	64	203	43	179	21	182	60	50	247	15	30	26	75	212	12	221	222	
198	116	253	246	108	43	253	184	159	186	183	114	221	255	253	111	239	85	127	234	225	69	171	250	70	154	255	188	22	249	97	161	
130	149	16	153	255	197	188	239	30	27	88	50	140	254	104	64	247	27	147	145	82	26	10	211	13	22	158	238	144	72	161	147	
157	69	167	179	141	39	142	172	212	251	139	215	217	104	57	235	217	67	234	247	125	197	95	174	225	195	239	20	153	127	177	208	
122	252	148	184	137	245	80	199	155	19	160	25	46	186	98	191	201	251	251	17	126	79	210	241	155	211	92	123	154	76	138	14	
2	221	34	159	95	196	188	238	158	85	88	163	172	254	38	65	239	123	179	193	98	26	146	245	53	52	222	171	21	28	181	219	
166	183	160	145	213	237	176	79	30	253	89	191	140	188	102	8	221	27	147	145	182	122	90	210	13	20	159	239	213	76	151	211	
79	69	194	142	195	48	126	133	35	7	207	138	78	227	206	222	119	214	186	142	28	18	143	225	54	118	212	11	174	247	184	4	
76	235	209	174	211	0	79	152	35	165	75	237	206	227	72	212	115	206	173	222	90	18	203	241	252	244	141	236	182	247	164	51	
92	231	144	166	251	0	79	184	3	164	9	173	239	227	73	84	87	205	173	255	90	18	203	241	252	148	141	236	182	183	6	3	
110	253	210	82	211	216	102	204	59	1	109	104	104	243	204	244	49	222	162	218	83	26	138	227	63	60	21	111	131	215	234	172	
110	159	210	74	211	56	118	143	35	3	111	168	72	243	206	220	55	222	162	218	19	26	170	226	62	127	20	79	170	215	234	36	
29	199	140	183	140	34	142	168	150	247	131	199	213	106	91	11	253	71	104	247	252	193	95	32	232	195	239	84	140	123	153	64	
16	93	59	229	52	207	103	246	124	200	106	0	182	177	33	64	240	124	27	120	65	185	49	46	225	189	39	0	88	58	69	251	
215	84	245	214	44	36	157	152	159	250	183	120	220	127	221	111	199	85	125	175	225	71	235	224	211	251	251	158	6	241	101	115	
40	201	24	250	93	205	87	239	6	5	108	9	55	145	34	16	200	186	131	80	74	42	82	53	239	197	20	121	48	10	206	138	
2	180	144	153	253	175	184	103	30	57	82	51	172	190	32	64	207	63	179	145	50	218	195	215	29	22	154	226	144	12	129	155	
128	164	148	153	248	171	44	111	190	179	72	16	172	226	96	64	243	15	106	48	50	88	67	223	44	54	95	108	144	96	129	137	
33	201	35	76	85	213	231	230	69	64	248	66	176	220	180	164	72	250	18	200	203	186	118	253	33	60	130	8	83	26	240	172	
2	188	50	154	243	244	176	103	190	93	120	17	172	254	102	64	165	59	147	17	54	57	50	215	15	22	26	107	208	4	175	207	
128	164	148	153	188	171	40	107	62	179	88	16	140	226	96	72	243	15	42	48	50	92	67	219	12	22	95	108	148	96	129	137	
2	143	98	158	243	209	188	103	31	5	92	163	40	238	182	196	223	187	131	133	86	154	70	255	62	20	158	235	23	142	189	220	
236	36	189	119	172	110	65	24	112	250	167	24	211	113	73	59	137	212	124	58	41	244	249	10	207	219	101	20	192	241	70	34	
16	239	58	189	18	194	63	231	52	12	222	163	181	199	34	64	126	187	143	192	74	139	33	127	241	229	174	129	49	144	167	235	
33	223	115	75	116	139	239	255	127	65	126	228	177	71	180	36	127	42	22	204	211	184	101	127	110	30	54	192	95	154	194	185	
73	165	185	233	244	158	75	191	126	105	126	92	191	191	216	240	151	143	20	28	155	154	233	55	255	255	54	236	190	128	144	121	
93	133	185	227	188	46	121	159	127	235	191	80	223	243	220	104	151	6	124	24	187	57	235	210	235	255	55	212	194	200	193	33	
245	81	29	101	36	78	103	184	112	234	231	0	211	115	9	115	208	212	124	106	105	244	249	12	229	235	101	20	104	179	66	48	
132	36	253	247	172	46	233	154	254	187	55	80	223	227	217	123	103	70	126	26	161	229	235	226	206	251	119	132	194	225	65	161	
205	52	189	119	168	110	105	24	248	250	167	24	223	55	73	59	133	85	124	58	33	228	249	64	207	251	117	20	192	241	67	112	
196	92	191	247	108	172	249	146	191	186	183	48	221	243	225	107	199	117	127	138	161	69	235	224	198	251	127	188	196	249	65	161	
130	221	32	158	95	197	190	238	158	89	88	183	172	254	36	64	237	123	147	193	98	10	90	247	61	54	158	171	21	29	181	219	
38	191	160	147	253	237	188	199	30	253	88	191	140	188	102	8	141	59	147	17	178	218	82	247	45	22	159	235	149	76	151	211	
34	207	96	158	125	217	190	236	223	85	88	139	104	204	63	0	201	235	179	71	230	58	110	255	63	30	159	235	85	31	93	206	
34	239	96	155	253	217	182	236	223	117	88	15	168	232	126	0	249	107	131	87	214	122	46	247	47	30	159	107	85	31	223	222	
110	237	210	82	219	145	118	232	59	177	44	40	104	243	207	180	59	218	162	218	71	82	138	243	63	28	133	111	131	87	106	164	
46	89	115	76	95	91	66	122	87	160	252	234	10	149	181	180	126	252	134	106	73	187	101	222	55	92	1	62	119	189	110	180	
