菁纯柔润唇膏（丝亮水润版）套装	#202（丝亮）日与夜	http://www.lancome.com.cn/on/demandware.static/-/Sites-lancome-master-catalog/default/dw53b80aa3/images/LAN_PRO_IMG/Product Set/LAN00284/L9596800U.png	http://www.lancome.com.cn/dw/image/v2/AARM_PRD/on/demandware.static/-/Sites-lancome-master-catalog/default/dw2ba615bd/images/LAN_PRO_IMG/Product Set/LAN00284/L9596800U.jpg?sw=490&sh=490&sm=fit
59	186	234	165	54	144	184	80	43	77	214	167	169	140	214	0	254	173	253	149	142	187	196	195	194	117	170	195	109	142	123	223	
9	24	187	221	119	246	187	214	94	65	94	66	188	188	183	232	243	111	50	9	133	184	52	249	69	47	154	0	157	121	113	237	
16	93	150	173	45	198	246	228	181	140	250	35	111	255	37	198	248	245	174	227	76	187	19	238	179	246	198	3	55	63	124	31	
188	223	115	106	247	251	247	252	245	10	125	114	91	85	173	164	59	82	134	106	243	165	44	191	51	207	37	70	119	251	228	181	
73	160	176	24	233	252	112	15	251	93	37	20	174	210	78	222	129	10	224	28	22	78	186	241	11	217	22	111	210	68	235	198	
149	221	255	90	182	115	231	252	94	218	95	114	112	124	189	109	123	90	22	107	225	244	63	127	105	14	103	196	253	251	249	181	
180	247	253	95	210	99	167	252	82	182	125	242	81	119	173	173	127	90	134	234	241	246	45	126	111	142	103	164	245	243	230	225	
123	125	194	134	87	148	190	87	169	200	220	207	44	206	119	148	254	171	151	85	198	11	144	238	58	117	142	171	15	30	59	159	
2	152	174	153	177	228	184	199	190	79	74	151	172	230	34	72	231	59	187	149	22	216	18	247	205	54	158	203	148	68	165	219	
10	176	51	217	239	221	177	215	143	121	116	62	188	223	108	236	175	27	255	17	19	123	58	209	95	209	30	239	90	12	133	255	
45	100	243	106	246	185	239	216	95	195	125	202	159	233	253	164	63	249	23	31	131	178	172	218	118	93	39	172	255	255	115	161	
49	74	77	175	44	2	75	156	68	2	208	198	243	97	177	97	88	224	46	238	233	166	79	57	224	170	226	24	61	251	112	40	
242	111	250	206	242	208	63	71	25	197	124	171	41	175	166	16	126	187	135	144	238	154	228	234	118	165	62	171	53	208	167	249	
7	164	131	129	212	39	170	202	94	121	153	86	84	252	121	168	249	75	18	191	183	83	125	210	29	6	155	228	156	105	49	228	
26	187	238	165	58	131	155	80	134	237	158	167	173	15	210	2	238	181	221	213	138	137	65	205	218	197	170	211	45	142	61	91	
11	8	171	157	116	166	235	146	30	67	94	70	181	173	179	236	89	110	51	13	129	152	245	233	4	47	186	128	156	229	121	248	
142	32	135	81	201	45	105	88	167	54	227	29	76	195	72	159	45	132	107	158	0	87	155	80	29	218	81	44	227	229	35	160	
124	77	246	253	141	210	118	126	149	140	250	3	105	251	35	194	248	244	239	226	108	179	3	206	243	239	231	3	55	255	252	2	
234	176	160	19	233	124	113	19	163	95	183	29	138	188	94	158	205	158	253	16	158	122	250	161	79	121	80	243	202	196	222	215	
9	170	234	193	87	146	251	80	118	229	70	135	25	143	242	228	126	172	147	156	134	188	180	198	94	77	139	69	175	142	121	240	
162	181	251	93	119	210	177	119	89	197	116	182	56	189	182	37	106	62	147	8	247	250	180	203	119	45	54	163	111	128	231	255	
248	37	248	229	244	58	121	19	121	1	127	18	27	11	148	120	106	174	6	152	184	186	229	206	214	253	178	192	229	137	194	129	
188	119	209	170	211	39	95	220	19	78	253	191	89	231	235	84	127	217	133	254	106	7	136	186	250	197	165	172	179	247	166	243	
95	109	122	229	50	94	127	248	61	228	254	138	95	119	131	112	54	253	223	238	200	147	189	206	247	253	175	133	103	179	47	97	
221	68	203	165	246	58	110	240	117	227	83	214	95	44	185	232	119	204	62	191	189	212	13	206	254	111	175	132	173	247	249	81	
39	111	194	12	221	31	174	237	95	234	248	79	74	232	183	164	220	236	150	111	205	179	220	250	54	62	135	171	93	126	250	156	
185	201	111	238	20	210	71	120	69	192	247	2	115	209	183	96	120	228	14	234	233	179	61	189	242	233	163	0	127	171	112	40	
18	155	203	185	242	130	189	215	190	65	90	247	189	199	176	64	103	59	183	149	179	216	7	247	236	38	190	192	188	132	161	217	
31	93	121	231	114	78	127	248	61	224	127	134	223	119	139	112	54	221	95	238	193	144	61	238	247	237	39	132	45	179	35	113	
9	133	108	219	150	218	237	191	86	81	70	146	241	67	186	97	83	10	18	168	243	152	117	29	111	171	254	68	62	128	240	40	
29	135	110	235	186	163	203	248	4	64	223	194	251	111	186	96	94	187	31	253	155	137	109	159	234	237	171	208	53	131	168	192	
141	207	15	153	174	2	172	184	156	18	194	242	213	35	176	233	103	69	59	239	241	156	5	126	228	34	251	196	60	177	177	32	
124	249	186	102	185	77	87	252	163	140	188	8	63	255	66	16	190	255	205	106	90	43	152	33	251	253	37	125	98	178	238	35	
42	162	160	19	197	221	240	7	187	93	53	29	170	204	94	156	137	170	198	16	30	108	250	241	79	81	148	107	195	12	222	222	
248	182	158	112	169	171	80	199	179	191	164	57	207	243	74	27	137	150	237	48	58	103	194	2	219	211	117	127	224	72	206	3	
153	196	79	237	52	6	79	188	84	66	231	214	211	99	184	101	94	196	60	238	233	180	93	15	224	170	226	4	63	250	240	32	
252	62	156	254	170	232	81	27	178	158	165	57	55	247	67	91	131	242	237	18	58	111	194	42	219	227	116	57	240	233	198	35	
74	56	171	185	233	236	185	83	171	221	84	189	172	191	83	26	207	59	255	149	146	75	242	224	207	81	222	235	134	69	183	251	
139	133	39	154	213	148	110	253	221	81	69	22	104	108	62	229	121	138	19	239	247	156	62	247	47	58	202	68	31	140	248	212	
125	173	155	70	213	126	103	233	115	158	175	24	82	241	77	54	185	222	100	122	123	243	187	34	251	255	69	77	195	251	214	162	
29	151	107	235	182	163	139	250	4	65	223	230	219	111	186	96	126	187	31	253	153	153	109	190	232	205	175	196	189	203	161	241	
32	131	213	77	146	47	162	143	78	33	106	192	227	32	132	100	22	30	34	24	147	184	117	29	44	190	1	80	209	202	192	172	
253	168	212	96	41	63	80	146	227	179	164	24	15	27	65	191	129	213	108	112	62	111	211	144	219	219	65	127	226	37	74	2	
3	184	174	154	237	245	184	199	158	95	88	23	172	254	114	104	205	43	179	149	150	90	50	241	15	54	222	203	144	76	189	222	
167	51	36	136	205	53	204	89	71	127	21	95	128	137	87	143	204	136	243	47	175	38	222	144	6	24	201	190	223	221	218	213	
217	215	119	239	50	2	95	189	165	76	151	230	127	119	168	119	102	213	125	238	249	129	37	173	242	233	98	144	47	182	161	113	
40	204	123	115	87	253	177	230	84	130	110	18	59	249	36	164	57	58	130	8	96	188	48	191	111	207	22	65	83	88	101	170	
35	132	74	155	85	183	234	119	21	69	205	151	0	46	62	228	93	170	147	156	191	154	117	255	15	63	154	67	159	141	248	212	
124	249	122	226	53	221	87	216	97	172	188	8	127	217	73	48	184	248	213	122	74	35	248	189	243	221	37	61	115	187	78	43	
8	252	159	183	234	78	53	247	186	219	160	105	180	247	64	27	167	119	123	2	112	203	154	105	253	135	127	32	128	112	167	187	
19	46	229	173	158	35	174	71	79	227	216	195	173	44	53	34	239	235	19	133	132	184	69	200	172	86	158	178	181	254	177	204	
101	224	156	105	169	109	85	138	111	55	164	24	150	19	75	123	129	8	104	26	94	4	251	16	199	153	84	61	208	81	134	66	
151	150	206	149	242	42	109	157	61	227	119	247	89	35	155	93	119	206	55	188	177	212	13	78	94	46	255	196	175	245	248	209	
75	134	221	253	190	38	124	158	31	187	86	118	253	243	233	239	247	79	62	156	163	212	139	195	206	255	255	132	158	248	41	41	
149	68	227	79	150	34	239	112	116	194	247	82	91	96	181	100	126	228	62	174	233	180	101	206	48	238	163	132	239	251	112	100	
52	132	105	170	222	99	163	74	86	49	185	219	83	77	88	8	123	139	55	49	50	38	75	23	92	142	187	252	245	203	116	129	
28	124	159	115	170	239	53	214	182	186	10	124	247	119	65	27	39	127	93	58	115	220	27	40	237	195	117	36	168	241	135	187	
131	198	4	154	95	150	168	252	159	83	85	215	108	227	190	197	119	3	147	239	247	77	30	255	42	122	218	206	31	133	185	212	
255	73	230	212	199	22	126	113	249	246	183	31	72	235	255	159	238	229	243	238	228	211	190	200	50	123	197	135	15	253	252	70	
148	105	86	93	26	130	190	226	172	132	226	129	152	195	37	23	46	117	106	194	96	201	130	108	96	168	67	8	65	177	35	128	
35	73	38	140	29	149	154	230	204	196	200	7	160	168	55	64	200	99	27	197	132	171	22	237	48	60	138	25	93	31	121	222	
19	71	197	169	158	35	175	207	94	130	216	195	165	104	49	69	127	171	27	165	134	176	69	217	180	4	143	36	181	248	177	140	
56	204	100	237	29	127	71	190	85	38	236	3	115	41	52	228	88	202	147	106	232	190	117	191	227	239	133	20	119	254	212	106	
94	82	143	183	2	66	41	16	164	214	195	135	221	199	105	74	118	117	185	247	65	213	191	64	192	163	235	132	44	114	37	112	
177	77	109	205	92	35	239	250	85	34	254	66	115	33	181	125	120	204	22	234	233	182	101	191	118	170	226	132	119	249	112	168	
157	119	11	173	114	18	47	120	40	202	89	228	221	70	130	113	118	45	86	239	225	146	37	14	228	197	42	128	12	178	35	241	
7	89	203	152	230	212	184	198	143	193	90	231	188	190	247	104	226	107	50	85	151	153	182	224	28	60	142	138	157	31	57	223	
24	50	26	170	242	139	48	69	60	69	75	245	79	134	42	208	183	59	134	17	150	158	4	78	144	231	58	67	168	6	175	215	
61	159	194	235	148	187	234	250	71	173	223	230	99	233	191	196	121	234	30	252	159	185	109	191	190	205	167	244	191	207	88	132	
42	175	2	136	213	135	75	109	165	4	206	133	99	193	48	84	88	174	3	252	90	155	0	255	251	52	128	72	34	134	246	232	
35	189	235	85	244	191	173	71	220	99	120	198	176	172	52	32	222	107	19	13	211	184	116	201	37	28	142	162	205	120	211	252	
159	12	231	197	134	50	239	50	84	194	211	214	217	110	181	237	127	237	62	239	233	246	101	234	182	234	239	128	173	241	113	245	
184	37	104	97	244	11	231	119	113	160	247	26	19	9	144	49	122	172	70	57	248	186	101	14	254	205	164	64	101	136	210	160	
182	89	238	116	205	114	188	192	152	150	241	147	73	252	119	11	237	253	179	199	228	119	186	128	83	123	207	143	197	125	119	210	
5	164	141	51	192	239	105	11	62	123	227	81	213	34	88	56	217	143	120	156	27	220	203	66	141	154	255	196	136	64	130	160	
236	52	157	126	233	109	87	186	49	126	173	24	246	119	11	63	145	214	108	42	121	70	251	35	231	255	85	58	194	251	198	99	
88	155	115	224	58	194	27	248	167	164	190	170	29	151	224	112	54	149	157	240	74	11	41	222	251	197	47	207	54	130	37	59	
94	112	179	246	129	100	127	144	179	254	135	16	93	183	73	126	39	213	253	202	73	69	187	226	211	215	223	164	162	243	167	114	
199	157	133	159	143	54	174	172	158	251	67	87	252	250	121	239	181	71	59	127	247	193	155	255	44	110	223	204	158	119	177	148	
60	237	56	107	221	111	215	236	87	125	173	24	82	121	94	24	217	222	67	114	122	115	249	54	123	207	5	119	211	91	198	226	
6	25	158	191	139	38	180	142	14	95	90	39	236	127	35	74	231	119	187	129	20	136	27	225	193	54	126	131	144	119	45	91	
194	158	188	155	162	106	188	135	158	223	94	241	204	63	130	203	135	87	191	17	176	220	75	226	15	51	126	195	132	93	141	91	
161	160	149	88	204	173	224	79	218	59	0	88	180	184	64	59	129	43	106	17	55	126	218	81	13	18	81	122	216	72	211	140	
68	48	217	101	40	46	118	26	40	171	187	104	215	35	201	18	151	84	109	40	0	32	201	2	198	254	113	148	192	227	67	33	
221	72	191	127	36	78	77	181	116	130	198	80	243	115	145	123	113	100	124	110	105	244	57	46	225	239	117	0	34	240	240	40	
18	70	166	215	133	70	174	166	52	131	202	194	233	238	117	70	121	119	57	129	208	153	31	234	169	110	222	3	133	118	181	12	
176	197	105	237	68	11	111	254	87	34	252	10	83	1	153	113	120	204	23	234	233	182	97	31	246	137	161	180	117	184	112	168	
214	114	139	166	10	64	60	64	168	162	131	227	197	199	105	74	54	213	233	226	64	69	154	64	144	160	207	156	36	50	37	18	
57	165	42	168	253	163	75	79	71	69	204	5	176	201	50	80	216	138	19	253	30	155	64	31	248	124	138	72	158	6	250	202	
82	185	127	122	170	201	151	167	175	28	188	41	58	223	68	82	166	243	109	66	90	107	186	113	251	252	7	123	81	130	231	59	
159	94	231	151	194	114	61	119	49	194	95	247	93	38	147	175	39	255	151	167	245	220	45	234	44	98	254	129	175	245	173	245	
25	141	79	190	148	162	111	247	84	195	222	214	113	227	176	228	121	238	62	141	185	155	5	239	248	175	191	128	189	232	248	56	
26	123	194	173	82	160	186	214	42	129	216	227	45	143	209	64	38	251	135	213	134	26	134	99	244	229	170	169	173	147	39	153	
1	9	73	195	70	168	169	16	174	0	27	194	177	3	213	96	110	51	62	201	3	56	95	117	132	140	170	192	12	10	81	184	
252	11	90	100	96	136	71	112	169	136	122	104	63	179	33	18	162	228	68	106	64	171	128	108	242	169	37	9	98	179	102	35	
210	193	162	128	150	2	174	238	44	177	146	146	140	46	112	67	127	197	63	241	248	219	129	228	184	32	158	196	133	28	177	72	
22	128	60	219	14	115	146	168	206	55	153	19	208	120	62	107	217	81	123	115	150	229	95	245	137	46	235	85	213	43	245	130	
2	25	172	143	141	101	188	143	142	93	90	131	228	236	63	74	200	119	251	193	22	41	219	241	13	55	222	139	148	127	157	222	
212	202	62	240	170	201	85	115	166	62	167	185	87	151	64	17	39	177	109	2	120	109	43	52	251	195	117	93	96	128	133	99	
38	253	250	252	222	195	191	237	158	196	248	163	113	254	103	0	255	251	19	211	82	179	58	255	121	7	175	171	213	122	165	210	
0	148	156	191	182	34	173	175	30	3	66	86	244	114	40	65	215	95	34	129	51	220	83	255	172	54	222	2	156	88	177	136	
246	76	114	212	77	213	222	96	217	134	225	27	104	250	55	191	248	241	162	227	236	103	182	234	51	26	207	11	69	125	124	6	
20	221	27	239	150	199	39	244	52	0	75	66	247	247	41	64	242	123	31	106	121	161	57	63	233	167	39	64	48	123	165	35	
240	96	14	172	76	66	121	76	160	194	130	9	84	211	27	91	216	197	91	239	40	199	211	72	208	41	195	29	8	51	50	2	
37	40	9	188	108	132	2	88	198	72	89	68	181	192	177	224	80	40	18	95	199	54	222	61	132	160	170	56	28	139	16	128	
203	210	237	211	173	253	189	63	239	127	183	183	220	156	222	107	175	151	255	149	247	109	255	209	79	123	255	223	84	76	213	87	
38	77	130	158	212	131	174	193	22	130	89	2	96	202	33	64	120	104	2	194	96	183	10	255	48	38	143	136	149	123	240	128	
20	125	251	250	210	195	183	204	158	132	120	163	117	255	33	64	255	123	19	211	82	187	26	127	249	135	175	11	181	123	165	210	
15	63	185	210	240	244	187	152	187	221	29	228	188	247	239	62	151	123	151	92	147	72	186	224	79	29	47	238	142	199	7	251	
7	44	193	161	22	239	168	2	94	241	25	79	151	40	85	168	155	15	17	21	151	120	221	208	141	28	139	116	205	73	19	212	
38	69	226	158	212	131	174	109	86	130	248	2	96	232	61	64	120	232	19	195	240	179	10	255	52	46	143	136	85	58	240	128	
82	95	23	191	61	198	246	228	189	140	218	39	111	254	39	198	248	255	174	195	76	177	11	239	177	246	206	131	17	62	116	95	
120	182	150	48	169	169	84	207	179	63	168	61	143	163	72	155	129	215	236	16	62	75	202	49	219	211	85	127	234	76	142	11	
220	108	253	118	168	46	87	186	249	186	167	24	95	115	73	123	35	212	124	122	120	111	155	34	251	251	101	84	226	241	198	35	
0	244	127	119	118	194	181	103	92	194	122	226	53	29	164	33	63	59	23	129	224	252	37	108	108	15	118	128	101	200	101	251	
3	197	45	137	188	193	141	175	142	113	140	128	245	38	152	99	67	2	123	173	211	8	119	21	237	24	254	220	20	154	145	104	
236	212	253	127	233	111	85	190	123	255	173	56	210	117	13	63	145	214	236	58	57	103	251	18	255	255	117	126	194	248	198	115	
90	95	246	237	189	198	254	228	181	140	218	35	105	251	49	192	248	245	191	227	76	187	131	238	243	231	238	131	55	191	124	27	
23	189	137	129	148	47	171	218	86	249	155	82	144	48	208	40	121	10	26	189	155	24	125	214	141	6	171	244	145	107	17	228	
17	165	146	107	147	63	162	73	70	33	235	74	195	136	124	224	57	159	74	49	30	177	157	31	189	228	1	116	241	74	201	4	
133	78	14	53	8	130	108	34	180	162	227	209	209	35	1	9	57	101	106	238	96	213	1	78	4	162	97	0	65	177	41	0	
155	105	3	169	48	134	235	212	172	200	218	197	157	134	179	64	238	105	29	221	219	152	16	236	232	177	174	192	12	135	41	216	
11	166	221	253	254	50	120	158	127	243	118	82	253	227	221	239	247	79	62	156	181	220	235	250	142	255	255	132	158	248	105	41	
25	141	199	254	148	178	111	247	212	194	222	198	113	227	176	228	121	230	62	142	249	155	36	175	250	239	174	128	191	234	240	56	
3	148	156	155	188	161	169	47	30	51	91	118	252	115	8	72	215	27	59	145	51	220	91	215	140	54	254	70	156	72	153	25	
31	151	70	235	156	155	75	248	197	236	155	230	235	104	186	68	120	230	95	255	191	161	125	189	186	205	175	208	63	143	208	84	
78	157	180	147	171	172	188	167	190	27	11	49	236	126	72	79	135	87	251	23	182	72	219	227	47	114	95	194	130	85	141	31	
94	109	122	229	115	94	127	240	61	172	254	131	95	127	19	240	62	253	223	234	200	147	189	238	247	237	47	129	39	183	47	35	
252	190	156	184	171	168	84	87	179	159	161	61	15	227	66	219	135	183	237	16	62	79	194	0	218	227	117	123	224	96	142	19	
44	117	185	82	253	109	215	141	219	187	173	24	214	253	77	58	153	122	115	122	59	98	250	50	111	223	5	126	210	123	198	163	
237	189	189	85	253	126	69	187	115	251	172	24	210	117	77	54	153	222	108	56	59	106	251	14	107	255	69	126	194	104	102	226	
216	150	158	180	42	169	88	150	182	63	167	189	207	227	74	91	167	151	237	133	44	71	138	19	210	195	121	189	168	112	15	83	
73	202	194	173	50	2	46	158	38	1	206	224	221	163	129	244	118	197	60	204	65	16	133	65	212	165	175	132	174	178	41	40	
119	78	191	126	45	38	95	50	241	142	239	64	122	123	53	123	205	229	61	174	168	195	107	236	211	254	194	26	131	243	112	35	
185	65	111	238	20	215	67	120	197	72	247	70	115	209	179	113	120	228	30	238	201	179	60	157	243	233	163	0	127	171	112	96	
157	223	252	93	174	115	183	254	94	242	94	114	89	124	253	175	127	82	182	123	241	240	47	126	106	143	103	132	255	249	249	181	
117	73	151	102	9	78	71	168	161	160	162	8	119	113	1	123	128	244	124	106	9	225	153	40	241	234	69	16	224	115	66	34	
61	100	234	234	246	187	234	216	94	193	125	206	95	201	189	160	127	233	23	191	131	178	172	222	242	205	39	164	255	255	123	161	
27	223	71	189	146	130	47	247	62	1	90	247	253	231	176	192	119	63	63	157	243	152	6	255	252	47	190	192	173	132	161	185	
11	176	55	219	235	221	185	215	143	121	116	126	188	222	100	172	175	59	255	17	147	123	250	209	207	209	62	238	90	12	141	255	
27	205	107	219	148	131	239	247	86	65	94	210	121	236	180	96	127	171	23	157	243	185	45	255	120	47	190	192	181	202	241	232	
31	93	123	231	114	78	127	240	61	228	127	162	93	127	147	112	54	253	87	238	193	144	61	238	247	237	47	132	39	179	39	241	
1	180	157	113	176	170	97	159	126	59	74	112	215	51	136	120	19	6	124	24	51	216	65	23	236	175	62	196	136	192	211	33	
157	87	111	101	34	94	127	48	101	238	150	228	223	55	147	123	54	85	253	238	237	129	53	200	226	249	110	144	46	247	15	113	
189	76	227	77	148	50	207	57	84	194	251	82	83	96	181	100	122	204	62	170	169	183	101	142	176	238	166	128	247	249	112	100	
35	167	234	142	253	159	246	237	95	232	252	79	98	232	62	128	216	239	178	103	220	186	222	255	62	95	143	43	93	126	250	140	
3	176	180	153	237	253	176	207	207	127	49	61	140	188	94	43	139	27	251	17	150	108	250	209	15	26	94	255	208	76	213	223	
120	253	26	102	177	205	87	252	35	140	188	9	63	219	64	16	186	255	205	98	74	43	152	45	251	237	37	61	98	178	238	11	
2	153	135	153	241	228	56	199	190	25	74	209	188	183	32	72	205	59	187	149	18	218	82	247	141	54	190	202	152	68	165	187	
151	150	206	211	226	42	109	223	63	243	119	247	89	99	159	93	119	206	55	188	177	212	13	194	92	46	255	196	175	244	249	209	
221	135	102	239	185	19	95	185	133	68	159	198	219	71	186	231	126	215	221	238	248	137	109	157	250	249	171	212	54	175	168	65	
90	137	82	228	91	128	90	112	37	160	142	138	45	7	32	84	102	181	159	248	10	11	129	204	248	196	139	233	55	130	40	42	
177	76	97	205	4	35	239	250	84	34	246	82	211	33	181	109	120	204	54	234	233	182	101	190	52	238	226	132	119	249	112	168	
220	221	95	239	34	66	71	184	36	164	219	34	87	119	137	115	114	212	109	234	105	129	41	44	241	163	103	148	32	179	36	51	
109	178	176	82	233	124	113	159	235	127	181	61	138	61	79	254	193	134	236	20	158	99	250	144	207	217	117	255	202	212	206	87	
145	209	29	191	28	79	69	189	148	80	128	20	247	89	40	67	192	2	89	105	107	237	83	63	225	161	238	16	24	24	145	58	
43	168	48	88	205	213	208	207	203	93	188	8	140	154	118	188	201	11	194	28	22	43	250	241	91	221	85	127	210	4	239	207	
157	12	229	253	132	50	239	122	84	226	210	210	243	44	149	233	127	204	54	175	233	254	101	234	132	235	254	128	173	249	112	228	
176	68	109	205	92	11	109	126	85	34	246	90	83	33	144	53	120	140	87	232	233	190	101	158	118	138	225	180	119	248	112	168	
168	100	110	225	84	11	231	119	117	160	247	26	147	9	144	49	122	172	87	40	248	190	97	78	118	143	180	64	101	136	210	160	
184	37	120	101	244	10	107	115	113	33	247	26	19	11	144	17	122	174	70	152	184	186	65	14	246	237	178	64	229	137	194	128	
172	9	122	235	244	170	123	144	121	1	127	18	155	43	157	121	110	175	23	216	186	152	97	230	198	249	178	192	228	139	226	161	
216	76	223	127	132	110	71	183	117	130	230	16	247	115	1	122	51	246	108	42	104	229	57	42	243	239	117	16	34	240	228	40	
192	160	221	83	234	233	161	79	62	59	113	112	148	179	200	89	51	31	98	16	51	92	139	83	76	162	126	228	224	64	135	163	
93	141	197	237	164	54	111	190	101	2	74	198	217	35	177	238	86	70	60	236	137	144	117	193	132	254	202	132	174	247	48	36	
2	184	173	185	237	229	184	199	158	95	88	21	172	190	114	72	205	59	187	149	150	74	114	241	205	22	158	235	144	76	181	223	
10	185	51	144	233	253	185	215	175	93	181	189	140	223	102	158	239	59	223	149	19	107	186	241	95	81	31	235	218	12	167	243	
25	204	23	237	36	46	77	182	85	42	90	66	215	49	177	109	81	100	60	44	105	184	81	156	228	254	255	196	62	248	80	40	
69	118	220	71	116	30	102	152	109	170	127	108	211	82	157	247	148	68	108	126	229	240	121	12	38	187	37	132	74	243	74	5	
179	55	66	142	211	242	190	103	57	66	253	247	40	46	62	148	254	171	147	165	253	154	4	207	50	125	138	139	47	198	250	221	
227	181	3	142	87	244	154	109	27	65	201	223	44	220	62	228	220	139	147	133	239	43	188	255	51	124	138	43	29	78	58	220	
219	211	118	238	42	18	93	61	165	86	183	254	107	103	138	247	102	213	253	238	232	199	109	205	242	251	230	146	38	180	168	125	
37	244	152	71	229	30	230	152	106	122	125	76	210	120	92	50	153	76	84	110	205	180	217	8	37	189	33	52	200	243	218	149	
110	178	232	114	237	253	209	219	163	125	181	189	154	220	222	190	205	154	221	17	159	114	250	145	223	89	48	255	195	205	222	215	
3	125	43	174	116	132	170	71	168	192	88	71	181	202	119	64	254	43	19	221	199	155	144	234	188	44	174	168	28	22	59	217	
36	32	130	64	9	53	234	72	182	162	225	72	0	226	101	156	217	204	106	156	8	87	155	82	27	222	147	125	193	99	106	164	
28	248	159	247	170	78	55	190	182	222	142	32	255	247	64	123	39	119	125	66	97	201	187	40	233	195	119	144	168	243	135	123	
56	141	66	238	212	163	198	247	23	1	248	10	115	235	52	64	121	234	6	17	26	187	8	191	250	207	167	72	247	218	240	136	
77	85	215	196	193	6	111	61	225	202	43	68	88	115	153	126	116	196	124	238	217	194	241	200	117	190	231	128	170	243	226	48	
117	164	45	168	28	61	194	216	71	83	153	95	211	72	94	11	217	128	93	63	191	103	95	151	155	94	129	124	221	141	120	84	
40	183	40	169	244	189	241	154	70	125	92	173	145	44	242	0	221	10	135	21	158	58	96	21	79	69	160	237	213	77	84	211	
20	207	107	173	150	195	191	237	20	132	218	163	113	255	33	64	126	249	23	227	104	147	13	46	249	165	175	129	53	186	181	251	
212	207	31	174	154	67	31	248	164	140	218	163	87	103	41	81	126	245	77	226	104	131	9	60	241	227	175	149	52	179	36	115	
70	179	184	168	172	33	158	137	14	125	155	173	204	252	74	64	215	23	255	145	26	3	219	211	249	21	143	255	148	110	149	83	
36	254	253	93	202	99	141	255	82	178	124	246	81	103	133	47	127	94	38	168	249	250	103	79	47	142	247	228	229	248	230	241	
188	247	221	92	210	119	79	254	18	178	124	242	89	103	233	189	127	218	151	234	121	214	57	126	123	143	229	172	243	241	230	241	
217	188	191	253	162	108	61	191	182	219	70	48	253	247	64	123	39	127	125	138	121	220	187	35	229	227	127	128	160	112	165	123	
228	56	184	57	169	237	17	139	250	63	32	25	150	147	67	88	129	27	232	16	54	76	194	18	205	247	53	125	208	64	15	11	
38	77	130	158	212	131	174	229	22	130	89	2	104	234	49	64	120	106	19	195	96	183	10	254	48	38	143	136	21	122	240	128	
41	196	36	251	141	223	197	191	86	115	133	2	251	61	48	237	89	58	186	8	217	120	123	189	75	207	213	117	210	14	220	232	
87	248	132	157	142	23	172	170	158	251	210	103	244	250	211	239	179	71	123	253	231	201	223	253	60	42	239	254	140	116	57	21	
134	8	130	155	196	162	168	65	188	131	83	18	76	202	49	73	121	41	51	147	48	215	10	202	20	34	219	192	149	121	161	128	
189	213	126	122	247	123	246	252	85	66	127	242	91	125	191	173	63	82	134	106	245	181	60	191	122	207	101	5	255	251	232	183	
52	83	115	78	98	105	167	204	204	0	121	234	118	220	173	57	190	209	70	98	193	39	56	121	49	168	98	58	81	91	195	177	
230	77	254	222	205	100	254	228	217	198	224	11	104	252	55	27	200	227	179	227	100	227	146	232	51	58	204	11	65	125	124	206	
141	221	166	159	229	54	239	190	218	222	95	54	216	120	191	239	81	70	53	111	245	244	63	239	110	127	255	132	142	255	248	101	
66	129	153	174	186	100	63	141	14	21	11	193	244	231	104	66	215	95	59	20	18	0	219	83	237	180	191	172	144	114	165	59	
196	14	189	247	168	104	61	131	188	159	23	48	205	51	73	75	163	87	109	130	32	69	43	194	197	227	126	133	128	113	133	35	
183	247	109	224	206	7	222	248	1	254	176	239	83	12	159	17	126	213	21	247	237	119	125	156	250	202	237	182	61	186	118	213	
135	206	148	151	166	42	175	174	60	51	67	114	220	34	136	203	35	71	42	171	113	220	13	99	44	38	254	196	140	113	169	160	
36	77	66	158	212	131	174	109	22	128	88	2	96	232	49	64	120	106	2	195	82	179	10	255	48	38	135	8	85	122	176	128	
38	77	2	158	212	131	174	225	22	128	89	2	96	234	33	64	120	106	2	194	98	186	10	255	48	38	143	136	21	122	176	128	
134	12	130	155	196	162	172	67	62	131	83	18	76	234	48	72	123	43	51	145	48	212	10	202	28	38	159	192	149	104	177	128	
94	95	22	191	53	214	126	228	181	204	218	39	111	254	35	192	252	255	191	195	76	187	9	238	183	247	142	131	61	63	124	223	
143	220	230	221	239	50	246	190	219	210	86	118	104	121	191	111	119	70	55	127	244	244	63	238	126	126	245	134	255	253	240	231	
233	47	232	69	172	31	77	55	65	238	188	205	147	41	211	6	72	166	71	141	232	58	245	138	111	89	181	176	127	252	82	248	
82	95	86	191	61	214	127	100	189	204	218	39	111	254	35	196	254	245	255	227	77	147	168	239	181	246	143	131	45	55	61	87	
149	151	111	170	156	143	75	248	229	232	191	79	115	104	187	99	126	228	94	255	249	227	61	221	184	200	165	212	125	171	112	85	
11	176	221	247	236	190	121	159	63	251	86	114	189	187	220	238	231	95	127	152	151	216	235	241	142	251	255	224	142	200	137	173	
94	121	114	231	19	94	126	244	61	140	254	35	207	91	17	208	126	253	255	226	76	145	137	236	247	253	175	129	47	183	47	155	
61	116	226	239	22	55	234	216	103	200	253	70	91	233	189	32	126	201	23	251	137	179	60	222	178	205	175	164	255	251	107	144	
155	207	71	159	146	146	111	247	54	65	94	214	125	227	176	228	119	239	63	140	243	153	39	255	252	239	190	192	63	132	169	185	
139	248	54	219	235	189	184	215	143	121	116	126	188	222	230	228	239	59	255	145	151	88	242	241	15	217	62	234	94	12	137	255	
28	77	122	231	50	94	127	240	61	236	254	130	95	119	147	112	126	253	223	234	200	146	61	238	247	237	167	129	103	179	111	227	
2	185	149	153	185	164	57	143	158	25	218	112	188	150	32	200	205	59	63	145	19	200	211	245	141	54	190	202	152	0	161	153	
139	185	55	217	233	253	185	215	175	89	124	253	188	223	228	174	207	59	255	145	147	75	242	241	207	89	62	234	158	12	143	255	
243	195	103	222	44	26	76	185	173	118	183	223	74	79	188	87	110	196	127	238	236	71	111	205	178	58	195	158	62	188	224	85	
252	127	108	225	204	47	79	223	3	188	188	207	19	9	209	22	13	196	117	252	200	98	213	154	250	200	165	188	127	248	210	177	
189	83	107	238	28	135	67	112	197	72	247	102	115	217	179	97	88	164	30	238	233	167	36	156	242	233	161	152	119	171	112	96	
202	186	177	184	237	253	185	223	171	95	156	61	172	191	94	30	207	27	255	21	147	75	242	241	223	81	30	251	146	76	135	255	
27	141	107	250	148	131	239	247	84	65	222	194	121	239	176	100	127	170	23	153	251	185	44	255	120	111	174	192	183	138	241	232	
2	177	177	185	253	237	184	207	158	89	88	89	172	190	120	72	205	27	187	21	18	88	194	241	141	20	158	250	148	76	149	251	
132	12	130	155	212	163	174	67	22	130	83	18	104	234	33	72	121	42	19	144	48	190	8	254	32	38	155	0	148	121	176	128	
243	82	247	222	40	16	92	61	169	94	183	254	107	79	159	255	230	213	253	238	236	71	239	193	146	250	222	159	38	180	226	125	
212	79	78	174	8	6	79	184	52	174	198	135	83	103	11	83	124	212	109	238	104	199	73	44	240	227	237	148	36	179	36	112	
151	134	198	85	214	34	237	243	55	227	119	215	81	99	158	93	127	206	55	188	177	212	13	206	92	46	255	196	175	228	240	148	
189	12	225	109	148	59	207	122	85	226	246	82	83	32	149	232	121	204	54	170	169	190	101	14	180	239	180	132	245	249	112	40	
33	175	234	190	252	141	247	253	94	77	249	15	115	232	62	0	216	235	23	69	214	186	222	63	124	13	167	233	93	106	250	195	
56	141	106	238	212	131	239	247	214	0	252	2	113	233	176	64	121	234	23	216	154	187	8	191	250	239	166	192	247	202	240	136	
7	182	185	147	237	253	176	79	207	127	57	125	140	252	78	42	135	27	255	17	150	124	250	209	13	22	95	255	208	76	135	215	
120	255	122	110	240	207	87	244	97	140	252	9	63	211	2	16	190	250	197	106	72	186	152	63	251	205	37	41	99	178	238	139	
30	90	135	180	131	71	189	230	140	242	138	135	189	190	35	139	175	97	251	199	197	133	20	232	208	71	94	19	13	124	41	90	
220	66	221	229	34	74	111	184	49	174	247	226	87	103	137	91	118	212	109	234	104	212	233	10	245	163	229	132	36	243	36	97	
148	79	47	165	20	3	111	188	36	172	222	163	247	39	33	65	126	244	13	238	104	145	73	46	241	231	175	144	37	187	52	121	
40	191	237	85	202	87	237	55	22	179	246	246	177	39	148	175	79	246	246	140	249	248	245	30	79	175	247	144	231	232	206	185	
185	76	101	199	100	43	237	246	84	34	246	82	243	33	149	109	123	206	54	168	169	252	101	174	196	234	242	128	103	216	80	168	
169	12	229	247	100	58	233	18	84	242	82	210	243	44	145	235	111	238	55	141	169	252	229	234	132	235	250	128	229	249	81	232	
180	45	124	243	244	138	107	113	117	1	247	18	147	3	152	25	106	174	70	90	250	190	97	46	118	171	178	64	229	139	194	160	
189	252	252	93	202	55	220	255	87	178	124	210	89	127	181	191	127	222	182	168	253	254	127	94	106	207	245	133	251	240	234	176	
75	249	244	157	174	83	173	191	214	250	150	102	188	56	215	239	103	118	250	153	229	233	231	221	60	43	255	246	175	252	57	109	
172	141	126	251	244	168	123	144	125	17	119	18	187	11	189	121	111	235	23	218	178	184	108	230	110	185	162	192	229	139	224	161	
197	81	221	69	98	30	110	184	121	232	103	108	223	115	141	247	54	84	124	106	225	212	253	74	38	251	101	132	106	243	67	49	
7	211	107	72	42	192	187	200	206	81	217	226	209	220	252	104	126	81	127	227	135	33	175	113	68	36	171	204	85	147	165	241	
94	122	144	164	175	0	23	146	139	174	154	167	140	175	65	198	231	117	173	81	64	1	208	194	209	244	143	183	142	126	5	27	
88	219	149	103	160	78	70	180	101	136	170	96	246	115	128	242	128	118	108	106	217	136	219	45	161	255	37	16	10	178	194	41	
43	164	11	174	84	4	235	121	16	67	73	215	245	79	56	145	93	139	19	175	251	150	88	143	225	239	154	104	61	138	242	208	
101	114	152	103	164	15	231	184	104	234	51	76	215	120	223	58	150	76	84	110	197	244	217	10	100	189	37	180	72	187	75	133	
187	165	9	175	21	213	79	93	22	65	205	22	247	199	58	224	88	170	153	173	251	143	252	159	161	237	142	56	56	138	242	248	
219	62	134	190	169	188	28	15	187	251	128	221	175	174	67	219	167	167	237	149	62	79	146	241	154	243	94	251	138	68	139	95	
188	111	109	200	236	47	77	223	3	190	188	206	19	5	209	6	76	196	85	252	200	38	231	144	242	8	229	188	55	248	86	249	
90	186	150	176	171	172	20	199	171	155	168	253	143	166	66	219	135	247	237	21	30	75	210	161	154	214	94	127	170	68	171	31	
53	242	204	160	76	7	79	216	3	240	144	207	19	65	89	27	93	200	93	254	155	71	219	17	216	136	229	252	189	185	80	16	
217	7	197	101	176	10	110	61	48	170	50	104	215	51	136	243	54	198	124	238	249	201	165	14	164	170	101	148	40	240	194	33	
198	221	149	191	139	116	52	143	158	215	131	51	204	246	107	207	231	87	187	147	53	205	27	226	169	50	223	87	144	117	173	87	
120	187	150	178	171	173	20	207	171	59	168	253	175	162	64	154	133	211	236	16	30	75	202	49	152	210	85	127	234	68	139	31	
104	233	176	46	73	137	87	232	195	12	168	9	170	216	75	150	200	210	232	66	78	43	202	49	251	212	5	59	82	31	70	14	
220	56	253	118	171	79	85	184	187	250	166	56	255	247	201	127	183	245	253	74	121	69	251	58	219	251	117	62	226	241	6	115	
8	193	61	233	173	223	125	63	206	53	6	0	219	33	120	99	128	2	123	40	82	56	115	149	111	219	117	85	18	136	213	40	
232	72	189	124	44	212	75	130	243	202	230	0	187	171	21	122	192	228	125	74	8	78	227	171	195	255	208	25	146	177	116	40	
134	207	149	151	134	34	174	166	62	51	91	242	196	122	13	75	167	87	59	147	49	208	13	226	44	50	223	198	133	115	129	133	
143	62	231	17	195	255	188	87	21	231	78	215	137	46	119	172	63	59	146	156	181	220	52	202	46	94	223	98	239	252	141	212	
10	143	2	159	215	144	172	103	28	5	88	231	172	226	166	196	126	43	130	133	82	184	6	255	36	36	186	202	23	14	177	205	
68	169	153	170	222	45	43	137	10	49	9	11	213	243	72	80	247	223	59	208	18	26	219	115	253	132	15	108	176	107	129	34	
236	180	181	85	253	126	209	59	123	251	189	24	210	117	76	60	153	30	108	56	59	122	251	30	79	255	85	118	194	104	70	243	
155	89	7	176	3	215	61	116	173	210	134	135	188	151	35	237	102	33	219	239	101	133	50	220	241	91	218	2	62	116	41	120	
205	204	148	151	226	42	175	167	190	19	75	80	252	114	137	203	179	71	42	94	51	220	75	98	44	34	126	64	140	115	137	41	
221	9	43	188	13	192	199	98	132	198	196	3	180	220	51	107	200	224	59	199	109	15	178	172	209	33	234	25	28	45	53	106	
56	141	110	254	148	163	199	247	213	0	254	2	115	233	176	64	88	234	6	234	248	171	40	191	250	239	166	72	119	218	240	168	
111	183	240	82	237	125	209	93	123	125	61	61	138	156	222	188	157	130	198	20	159	106	250	210	79	221	21	255	210	198	206	215	
207	176	181	243	237	108	249	31	175	123	151	217	157	191	92	106	167	151	255	145	147	101	251	209	79	123	127	222	198	204	209	115	
134	14	215	151	198	34	174	230	93	147	91	242	192	42	53	79	235	127	2	179	48	254	79	234	36	50	222	7	133	113	161	132	
18	63	154	188	211	228	48	67	123	135	104	7	44	178	99	88	246	127	128	144	20	218	144	192	209	244	26	11	128	96	47	206	
37	165	149	83	252	45	70	141	91	187	57	88	246	113	77	58	153	74	110	122	114	96	219	50	109	158	69	126	208	123	194	163	
115	23	109	69	30	51	155	58	68	228	158	174	83	45	151	37	62	148	125	237	169	179	101	30	82	46	169	148	109	169	116	125	
32	13	98	158	212	131	174	105	86	0	121	2	96	232	48	64	120	106	2	195	210	178	8	255	48	38	135	8	85	42	240	128	
220	79	110	165	4	14	79	176	52	174	198	135	247	39	19	83	116	228	125	238	104	148	89	46	241	171	231	144	32	187	52	120	
83	185	151	186	139	228	4	199	171	83	136	29	174	246	98	222	231	227	252	21	31	75	154	241	153	86	94	122	152	84	163	94	
4	205	2	158	148	131	174	227	150	128	88	2	96	234	33	64	120	106	2	194	66	186	10	255	48	38	135	8	21	122	176	136	
43	173	229	85	180	159	252	55	87	187	118	208	177	47	148	175	77	62	119	136	253	248	117	158	47	254	244	128	207	232	192	156	
123	187	151	186	235	157	20	199	171	113	160	221	174	230	66	158	135	227	236	21	31	75	218	241	152	210	93	122	202	84	139	29	
215	211	117	244	46	30	92	57	173	126	151	255	79	95	158	119	102	149	125	238	253	69	119	204	146	250	203	150	46	172	241	117	
27	140	71	223	22	146	107	119	181	67	94	214	121	231	178	228	127	171	63	140	237	157	36	255	190	239	186	192	47	132	185	124	
30	93	122	229	50	94	127	240	45	204	254	2	95	127	179	112	118	253	159	234	200	145	41	238	243	237	47	129	39	179	39	243	
94	91	54	158	61	214	127	244	189	204	222	167	236	254	167	196	254	253	191	227	205	145	171	237	183	247	175	131	7	63	61	127	
139	189	20	155	185	132	57	175	158	25	84	116	188	150	160	193	207	59	191	144	115	72	195	247	173	179	190	202	152	0	137	187	
75	184	244	213	143	147	188	55	87	243	214	230	168	56	214	110	103	246	250	137	197	120	247	220	110	126	215	146	175	236	217	45	
83	185	135	186	137	172	12	135	171	83	138	93	174	182	64	222	165	231	248	149	23	73	146	241	153	114	94	122	136	68	131	92	
139	188	50	216	237	157	185	215	143	91	244	127	188	222	230	238	239	59	223	129	183	111	50	243	31	89	62	234	222	76	169	223	
57	141	103	222	148	146	79	247	213	64	222	66	115	233	180	228	120	238	62	168	249	187	44	255	250	239	166	192	55	234	240	108	
49	141	213	93	200	39	204	191	87	179	176	82	1	43	213	63	77	198	38	136	253	250	69	158	46	222	213	196	255	248	226	140	
189	80	111	236	60	135	67	112	197	192	247	6	115	217	187	97	88	164	14	106	201	167	52	156	211	233	161	24	127	171	112	112	
139	184	177	216	233	253	185	223	175	89	148	125	188	159	100	174	207	59	255	21	147	79	242	241	223	89	30	250	158	140	139	255	
86	95	126	174	52	194	127	240	189	204	218	167	111	255	39	64	254	253	191	227	204	147	129	238	179	245	174	131	45	179	125	91	
70	221	181	151	139	112	63	140	158	183	131	179	236	246	111	207	215	87	251	243	118	69	239	227	169	114	223	223	132	119	165	126	
94	123	114	228	119	94	126	240	173	204	254	103	79	223	39	208	254	253	255	226	205	147	144	236	178	253	143	131	47	183	111	87	
69	116	220	101	52	15	103	152	104	234	123	108	215	120	217	50	22	76	92	110	197	244	221	8	228	189	101	4	76	243	75	145	
185	12	225	111	212	59	231	62	85	226	242	82	83	33	145	121	121	206	38	170	169	254	101	46	52	238	240	4	245	249	112	168	
37	191	40	191	252	175	243	248	86	44	121	13	243	232	58	0	221	106	23	119	158	178	122	63	236	141	35	104	221	43	210	195	
215	19	111	142	236	15	111	248	237	252	183	126	90	74	191	115	110	196	127	239	249	231	63	220	248	42	225	212	61	169	112	113	
27	141	106	254	148	131	235	119	85	1	222	2	113	235	176	100	121	170	23	169	249	187	45	255	250	239	174	192	55	138	240	168	
172	141	126	251	244	136	123	144	253	16	119	18	253	67	185	89	123	235	23	218	178	244	104	238	110	187	166	192	228	155	97	161	
56	253	122	110	112	143	127	247	112	140	124	12	115	115	34	16	62	250	7	106	72	186	56	63	123	205	37	65	99	146	238	187	
9	182	148	155	188	251	57	159	62	121	95	244	221	182	202	236	87	15	254	24	179	216	239	215	204	119	255	228	158	204	137	241	
172	204	127	211	100	138	237	177	125	19	119	82	243	97	152	63	107	138	119	10	241	244	109	231	70	250	246	64	103	153	192	160	
169	12	229	215	68	43	237	182	84	51	246	82	243	33	157	105	123	238	54	138	169	244	101	170	68	235	240	128	231	249	80	168	
56	141	106	238	148	131	238	119	87	1	254	2	115	233	176	64	120	170	23	184	250	187	8	191	250	239	166	192	247	138	240	136	
2	179	185	187	253	237	177	207	158	121	25	125	156	188	72	74	135	27	255	17	147	120	203	209	141	20	63	254	148	76	149	219	
11	160	253	241	237	252	121	159	255	251	246	18	189	187	222	238	239	79	126	156	151	216	251	209	79	251	223	236	142	204	201	237	
106	178	177	184	237	253	185	223	171	123	180	29	188	191	78	191	207	19	255	21	147	75	242	241	223	89	30	254	146	76	135	251	
61	119	110	239	60	119	203	248	229	232	253	102	91	89	187	100	126	205	95	251	141	163	61	204	242	205	171	148	255	251	96	21	
198	211	171	172	104	4	29	252	26	93	209	247	85	238	248	73	246	141	63	239	208	71	170	81	208	32	234	204	20	168	181	241	
227	191	193	193	236	39	76	187	19	242	184	206	19	33	213	23	77	196	77	188	233	110	213	154	174	156	133	188	189	248	82	60	
151	132	197	213	150	34	236	191	117	243	247	214	209	35	156	111	127	198	127	172	185	220	109	206	44	46	247	196	175	228	248	213	
132	12	130	159	149	167	174	67	22	131	75	18	96	234	33	72	121	42	2	144	50	188	26	255	41	38	150	0	148	104	177	128	
116	94	204	165	8	14	79	56	48	166	231	141	83	99	19	91	116	196	125	238	72	212	217	10	244	239	229	148	40	243	112	82	
226	190	97	69	204	7	205	63	19	170	184	206	3	41	213	23	77	164	87	172	233	126	213	154	62	156	149	180	125	232	82	189	
204	122	253	118	42	126	95	180	177	254	54	108	255	119	203	123	7	117	253	106	225	68	187	42	195	251	101	132	42	243	7	113	
88	189	55	254	217	205	53	231	173	77	40	9	46	255	34	17	164	51	249	0	114	203	50	253	251	243	30	59	2	4	167	91	
73	217	85	102	57	14	70	180	233	8	186	108	255	115	128	246	134	244	108	106	73	41	217	45	160	252	36	144	106	178	74	41	
108	180	245	117	121	127	113	27	123	187	183	56	222	253	204	63	147	92	236	48	49	112	251	22	95	255	113	118	194	225	71	163	
10	135	2	155	215	144	174	103	28	5	89	227	172	230	174	196	126	43	131	133	86	152	4	223	44	52	154	195	23	14	189	205	
30	103	107	160	180	83	95	89	21	204	149	239	75	79	243	69	94	248	157	247	248	131	41	172	250	209	173	249	182	191	180	113	
134	140	130	155	148	162	172	71	54	131	83	18	76	234	32	72	123	47	19	144	50	220	10	230	12	38	159	192	132	72	177	128	
92	82	204	229	0	14	111	56	49	174	239	140	215	103	129	90	118	212	109	238	72	212	249	10	245	175	229	132	32	243	102	112	
218	120	210	244	19	84	90	80	59	228	6	191	47	151	99	215	246	253	133	20	41	94	144	138	187	213	15	43	174	52	47	123	
228	172	213	119	232	42	118	170	251	179	171	56	223	243	77	31	179	214	108	42	48	119	203	98	191	222	85	54	192	241	195	162	
109	54	241	66	233	127	87	152	115	255	61	124	90	245	203	190	151	92	244	58	147	116	250	98	79	223	101	191	202	247	78	115	
87	49	251	65	211	93	57	219	111	101	38	28	25	23	71	60	53	155	226	156	151	24	53	82	95	205	16	100	235	132	135	118	
208	201	61	253	15	205	85	164	207	53	38	2	46	153	36	66	162	51	109	64	66	45	35	177	195	251	80	19	50	24	5	43	
175	70	66	154	245	176	110	244	185	10	89	214	108	194	186	213	121	235	23	238	96	151	8	255	52	112	170	136	46	215	186	133	
141	71	99	191	212	123	231	216	84	102	93	218	113	229	187	165	59	106	2	110	225	150	44	63	117	79	37	160	55	255	212	224	
13	207	135	151	228	34	175	188	148	183	91	214	220	98	185	203	93	71	34	254	113	208	79	106	44	39	239	132	142	243	169	176	
116	232	155	194	80	229	98	198	146	161	168	10	16	211	101	16	249	252	3	210	10	83	152	96	57	140	133	44	129	123	98	130	
229	164	245	119	252	47	214	171	123	187	57	120	222	249	77	62	155	94	108	58	50	116	203	26	175	222	69	118	192	106	67	163	
167	206	215	28	198	43	238	239	215	210	122	87	82	105	61	15	59	194	38	175	249	246	15	255	60	62	85	70	253	249	240	132	
232	249	21	247	233	205	84	183	171	248	180	8	191	183	65	151	132	247	253	64	105	123	250	189	231	217	85	59	82	156	198	59	
159	197	67	184	214	33	110	235	29	74	88	243	92	249	185	229	127	203	23	239	243	23	4	215	176	4	175	206	63	124	185	161	
134	140	130	155	148	162	174	199	62	131	67	18	104	226	32	72	123	43	51	144	50	156	24	254	45	38	159	64	148	64	177	128	
139	176	184	250	237	253	185	223	191	91	180	25	188	159	126	191	205	27	223	21	183	79	242	243	159	89	158	250	154	140	139	223	
6	141	2	158	212	131	174	227	150	0	89	2	96	234	48	64	121	106	2	195	114	186	8	255	48	38	142	136	21	106	176	136	
36	141	66	158	212	131	166	104	22	0	89	2	96	232	48	64	120	106	2	195	114	186	10	255	48	38	131	8	85	43	176	128	
142	179	189	179	253	237	185	223	159	121	17	125	156	188	72	139	135	27	223	17	179	120	202	209	141	17	63	254	152	76	143	243	
165	4	237	215	228	171	233	146	117	51	119	82	243	97	153	109	123	238	54	136	169	244	109	163	68	170	242	128	229	249	80	160	
195	80	253	212	110	44	253	30	171	255	179	253	156	190	215	123	231	213	125	135	225	71	243	192	150	186	254	190	140	244	67	125	
211	233	151	154	139	197	1	198	175	81	128	25	174	246	96	254	225	243	248	209	95	79	186	243	185	16	95	122	144	20	167	126	
99	157	191	85	124	142	237	55	254	171	122	84	176	56	20	98	205	119	123	137	161	248	209	78	45	62	214	0	200	200	208	188	
65	132	229	213	172	58	237	191	236	242	190	212	241	44	156	111	15	70	126	173	241	248	111	237	238	58	247	196	174	240	209	109	
0	156	159	213	245	206	117	103	184	139	110	16	62	183	36	49	161	54	51	8	113	248	16	111	125	63	84	2	64	72	211	171	
197	112	29	101	32	110	115	24	120	234	55	104	223	117	137	59	150	85	124	122	161	244	233	12	196	251	101	132	200	243	67	49	
140	204	127	243	100	168	237	176	253	18	119	16	255	99	153	123	107	232	110	106	243	244	107	231	70	251	246	196	231	249	65	161	
189	81	107	238	76	198	195	112	197	200	247	70	115	217	177	97	88	160	22	110	201	167	52	140	211	233	163	136	127	171	112	241	
70	212	164	159	169	16	158	172	142	187	131	231	236	246	109	207	213	87	249	243	114	69	219	224	169	246	223	223	156	119	141	55	
252	85	79	231	4	14	79	56	53	174	230	68	115	103	17	83	112	228	125	238	104	148	113	46	245	171	229	16	40	187	116	120	
219	171	134	186	137	188	76	199	171	25	128	93	174	178	66	222	133	231	252	149	31	75	146	243	153	118	94	123	138	68	171	15	
32	223	123	79	244	207	111	247	117	12	124	96	115	117	180	52	126	250	6	104	251	186	32	63	111	143	36	192	115	138	230	169	
60	191	41	175	188	175	195	248	22	172	217	77	247	225	24	0	93	74	95	111	186	178	89	63	237	143	37	116	112	171	87	225	
218	139	126	188	235	192	157	103	191	4	208	163	44	238	34	81	238	179	239	129	118	11	130	255	240	99	218	171	53	4	173	91	
23	72	234	11	18	149	203	216	87	65	236	134	98	204	63	36	63	136	2	220	143	161	61	127	42	60	1	74	253	151	104	212	
148	6	30	185	138	98	188	47	188	23	143	145	197	42	35	75	227	19	106	163	52	197	11	86	193	163	126	5	144	113	173	2	
213	87	74	136	246	48	103	218	84	66	222	246	49	200	190	96	118	200	14	238	230	183	38	127	114	45	163	200	61	153	248	21	
130	241	34	152	207	193	188	239	30	87	80	147	172	222	110	0	255	27	147	129	82	26	18	211	45	20	158	239	21	28	181	218	
188	82	123	108	60	223	83	120	197	76	245	110	115	221	187	113	92	176	158	106	201	167	98	29	211	233	33	153	115	171	70	115	
235	176	177	250	237	253	89	223	171	121	181	29	158	191	94	191	141	147	255	21	151	75	250	209	223	217	95	254	154	76	207	255	
166	12	130	158	213	231	166	71	22	3	72	18	96	248	48	64	249	106	2	145	50	190	26	255	57	54	159	75	209	120	244	130	
10	156	26	153	87	241	176	194	30	23	88	179	140	158	102	200	235	27	131	145	54	28	18	247	13	23	154	107	144	13	45	214	
140	204	126	251	252	138	127	184	191	146	53	18	253	195	253	91	127	193	23	250	226	196	42	239	110	219	231	196	116	185	97	161	
169	45	129	225	205	207	100	23	66	250	40	8	176	23	81	182	137	46	82	28	65	28	208	154	45	221	149	52	26	88	82	184	
2	141	2	159	84	162	174	99	148	130	90	2	104	226	32	64	120	107	34	194	114	154	10	255	56	38	142	128	21	106	161	136	
173	206	230	157	197	123	175	254	214	82	92	186	217	101	187	175	121	74	178	106	241	212	47	59	108	15	247	133	151	253	253	224	
67	156	181	215	172	190	237	191	238	123	158	244	253	46	156	238	135	71	124	156	147	201	111	247	142	190	127	212	142	192	129	125	
86	177	153	166	154	80	22	168	162	160	137	169	231	246	73	210	150	215	236	243	30	3	143	25	185	229	47	127	128	35	47	51	
161	63	8	201	140	23	204	159	86	226	172	206	145	3	209	164	77	140	66	188	235	46	85	154	44	221	135	124	91	248	106	188	
2	176	23	185	105	205	177	64	174	25	81	101	188	158	96	200	198	57	235	17	19	120	210	209	133	48	122	234	24	8	13	147	
29	199	204	66	202	51	95	249	18	182	173	175	95	103	203	27	55	215	197	190	120	66	47	56	250	131	109	188	191	243	131	112	
111	122	249	87	227	124	127	144	57	238	118	236	89	127	223	190	55	253	183	206	193	84	253	226	86	127	101	166	239	247	70	125	
167	120	127	67	70	222	185	84	237	212	102	134	19	12	149	43	46	52	82	124	225	245	52	72	15	10	68	6	101	186	87	252	
131	180	36	27	221	245	161	167	222	91	5	48	160	220	94	239	201	10	218	145	247	77	126	247	13	83	222	99	152	68	159	254	
181	121	127	97	142	15	185	192	76	224	98	146	81	28	21	43	110	113	114	127	229	244	55	4	93	10	79	80	229	185	81	164	
97	121	233	78	108	204	69	22	234	64	104	72	179	153	149	122	192	250	121	72	203	10	242	41	71	188	144	56	88	18	82	42	
23	143	70	152	230	18	236	235	172	30	80	231	8	226	191	89	123	75	22	172	84	211	6	205	50	42	239	141	181	244	123	197	
210	159	202	133	210	36	180	103	48	37	202	151	5	38	64	66	111	223	35	133	57	154	149	98	189	36	158	66	173	72	185	148	
137	150	81	157	98	58	43	58	60	70	86	230	253	38	130	229	55	75	150	46	225	156	101	47	196	239	122	128	62	229	1	249	
0	210	221	175	106	40	160	60	12	202	90	229	228	32	136	202	6	85	238	33	193	248	195	33	4	166	122	128	92	42	9	153	
212	183	221	101	242	107	55	59	58	174	63	184	95	119	203	18	55	95	108	50	49	208	169	74	252	134	101	167	228	226	135	193	
6	70	103	30	224	242	174	230	180	94	114	225	224	238	173	217	251	107	134	230	92	209	44	109	36	34	250	129	1	85	230	197	
70	182	216	165	242	42	56	51	57	175	123	253	205	55	136	208	55	31	253	48	176	216	197	78	204	167	63	198	164	224	143	177	
100	180	213	117	252	107	241	107	123	191	51	120	222	249	204	59	187	94	108	56	49	248	235	30	156	158	117	118	204	232	67	161	
79	122	248	118	99	94	127	152	57	238	118	237	254	127	203	254	151	245	245	102	197	84	171	234	70	255	101	135	174	247	15	115	
253	247	161	8	141	53	203	216	66	85	172	157	67	196	95	62	93	200	104	254	159	103	255	51	251	88	135	124	251	213	246	212	
75	125	135	149	53	140	173	55	174	232	78	68	188	181	16	230	164	63	251	13	193	217	177	239	101	63	30	0	10	20	17	248	
164	172	146	158	221	229	150	199	158	15	72	18	164	252	32	72	217	122	130	17	50	190	90	187	41	22	150	75	208	72	180	138	
2	141	2	158	84	162	174	230	182	130	90	2	104	234	32	64	120	107	51	194	50	154	2	255	40	38	158	136	21	89	49	136	
250	169	192	56	137	249	88	71	187	23	164	153	46	175	66	159	137	131	237	144	62	79	242	211	219	209	212	123	162	196	206	78	
218	252	147	154	153	213	18	198	191	83	128	24	174	214	100	247	225	243	248	145	127	79	154	243	185	80	159	123	18	4	175	14	
86	243	140	166	168	18	30	168	142	168	139	229	213	250	73	66	213	85	125	243	77	65	203	49	186	231	239	253	156	115	25	19	
197	114	253	101	32	78	111	48	120	234	51	96	223	55	137	59	182	85	124	106	225	244	185	72	197	251	101	132	64	179	3	49	
140	108	127	255	108	11	253	184	191	154	53	18	253	207	253	107	111	81	127	234	224	69	43	254	78	155	239	140	84	185	97	161	
138	216	146	185	199	245	177	198	30	21	68	19	140	158	98	204	237	59	163	145	38	28	18	243	77	87	154	107	146	13	61	223	
61	90	107	238	108	6	203	112	196	202	255	102	83	217	177	96	94	160	22	238	201	167	100	140	82	237	163	136	127	187	112	113	
60	82	123	108	44	223	83	120	197	76	245	238	91	221	171	112	94	180	159	106	201	167	96	156	210	233	33	152	119	171	100	113	
140	204	253	251	108	168	237	184	255	18	119	16	255	227	153	123	111	200	110	106	225	244	107	241	78	187	247	132	247	249	65	161	
65	141	237	69	172	46	237	191	238	251	190	64	243	41	156	102	67	70	125	8	209	233	239	229	236	191	247	148	198	242	209	105	
4	255	61	173	188	175	67	186	118	172	42	76	247	113	1	0	153	110	93	127	139	184	121	63	237	221	37	116	208	251	82	225	
210	185	27	220	203	221	52	103	191	67	228	26	60	255	36	48	162	187	243	0	83	43	178	255	51	181	86	43	16	0	175	187	
82	235	114	188	75	192	29	103	191	7	212	163	44	207	34	212	238	187	175	129	90	15	130	247	241	118	154	171	55	4	167	223	
32	223	122	75	244	139	111	247	117	13	124	228	51	103	176	52	95	122	6	72	242	186	100	127	110	142	52	192	127	136	230	249	
245	85	175	231	4	14	111	60	48	174	231	76	243	115	9	83	80	196	125	110	105	146	249	12	245	235	225	16	40	179	116	120	
36	93	57	237	180	175	227	178	84	172	250	68	215	113	49	0	216	108	23	127	137	176	121	62	237	221	39	20	208	251	85	225	
8	19	217	171	230	32	161	25	14	221	91	231	252	78	204	200	214	27	167	17	147	144	79	64	76	0	58	192	156	10	153	153	
3	176	181	217	122	157	56	18	190	57	82	224	189	151	192	109	167	25	122	28	150	216	231	213	78	90	122	194	130	128	1	173	
10	115	23	184	105	237	185	67	142	93	20	45	140	158	98	140	134	57	251	17	3	67	178	209	85	17	58	235	154	12	15	251	
21	142	105	136	212	6	237	255	84	86	196	199	17	32	183	73	125	136	2	173	250	234	117	29	96	43	215	12	181	252	112	248	
9	143	164	93	141	55	172	191	214	179	142	2	136	32	215	239	73	102	234	136	240	232	103	202	111	127	215	21	211	252	216	172	
4	128	212	221	180	42	104	11	119	179	98	82	211	107	20	73	115	78	34	152	56	248	69	70	140	174	215	68	164	224	240	0	
107	251	234	4	118	25	190	252	107	236	180	239	72	140	214	150	190	205	215	231	197	115	172	232	62	89	175	191	111	190	95	221	
151	70	76	155	142	34	175	164	220	118	131	247	209	98	191	75	243	71	42	183	244	197	77	62	224	162	254	197	156	83	185	193	
134	182	124	83	159	121	180	142	218	23	37	178	192	253	78	47	39	90	203	50	182	101	191	247	79	91	87	127	195	93	221	246	
95	237	228	213	143	18	142	174	239	242	142	162	200	230	215	230	99	70	248	252	244	73	239	226	186	126	207	159	134	244	249	108	
6	199	140	147	174	51	190	172	158	179	155	247	229	106	223	11	251	67	123	247	52	193	75	224	174	7	255	215	140	123	153	133	
111	251	225	71	98	24	254	240	105	236	118	238	104	44	215	182	54	237	246	238	197	114	174	224	54	120	103	170	79	183	75	253	
50	187	229	136	76	83	200	123	71	244	160	207	3	44	211	134	73	136	194	181	141	42	119	144	30	68	197	125	255	172	126	220	
39	241	164	152	203	53	30	218	3	83	140	143	75	236	91	191	93	219	211	247	158	67	222	241	187	70	205	124	251	255	170	148	
93	241	146	38	138	4	30	153	34	201	139	236	223	242	203	98	182	213	108	243	223	1	143	96	248	229	47	220	168	51	169	17	
91	21	100	68	186	58	94	51	237	196	191	181	75	126	150	119	134	247	221	38	189	193	101	206	98	121	4	146	166	246	196	117	
215	86	111	149	166	46	109	179	52	246	214	247	83	109	159	11	55	230	77	174	232	213	53	44	242	43	241	128	37	241	244	113	
153	155	150	165	178	82	51	53	37	77	222	244	207	55	130	230	70	124	140	44	189	152	37	142	234	247	38	198	174	164	173	117	
126	163	228	72	202	3	93	248	3	212	172	207	73	103	95	158	31	209	249	252	218	3	239	80	122	79	69	188	247	246	2	241	
111	120	235	70	102	24	255	148	121	206	118	174	121	47	223	190	126	221	183	206	197	242	173	224	118	127	229	130	111	247	122	253	
75	183	216	165	242	26	60	183	56	109	94	245	221	39	138	208	55	31	245	45	245	152	229	79	238	247	62	197	44	196	139	217	
35	219	98	74	178	211	94	181	205	76	156	165	170	220	182	116	222	59	159	86	222	171	100	252	106	92	4	219	118	158	164	125	
219	222	20	84	41	94	81	178	245	254	182	60	106	38	134	255	161	196	236	96	237	77	39	239	26	123	116	211	42	164	76	95	
91	239	132	132	57	155	15	174	43	228	142	236	175	162	211	246	38	229	252	221	77	75	229	190	184	213	143	191	14	52	11	29	
207	94	191	214	46	55	157	88	159	250	151	124	220	127	221	47	135	85	255	175	169	71	251	234	211	251	123	158	134	245	37	119	
162	126	254	81	226	234	180	199	186	190	116	243	20	191	231	27	227	127	55	16	100	93	160	66	118	43	127	135	165	240	215	203	
76	231	144	166	251	0	79	184	35	164	9	169	238	227	73	84	87	204	173	250	90	18	203	241	252	148	141	236	182	183	6	3	
110	159	210	78	211	56	118	143	43	3	111	168	72	243	206	220	55	222	162	218	19	26	138	226	62	127	20	79	130	215	234	4	
163	94	67	207	102	146	238	252	85	64	88	230	113	8	181	228	126	224	22	239	229	190	101	255	52	46	162	128	63	159	112	189	
56	18	122	108	42	31	89	88	133	204	247	175	91	221	179	120	94	180	159	40	137	163	100	156	210	249	32	156	119	175	102	115	
110	253	210	66	211	216	38	204	59	1	109	104	104	243	204	244	49	222	162	218	83	26	138	227	63	60	21	111	131	215	234	172	
166	183	160	145	213	237	176	79	30	253	89	191	140	188	102	8	221	27	147	145	182	90	90	210	13	20	159	239	213	76	151	211	
253	116	157	103	12	110	71	24	112	166	167	8	211	113	73	59	216	196	120	110	105	230	249	40	225	235	197	20	72	243	82	112	
65	141	169	71	188	12	239	191	239	233	190	64	243	169	212	102	210	70	124	72	217	41	239	225	233	253	39	216	198	250	209	105	
16	93	63	165	49	207	103	246	252	236	110	4	246	209	33	64	176	112	90	106	97	185	48	62	225	205	5	16	72	59	7	122	
16	253	90	252	114	193	181	103	190	5	236	163	61	254	32	112	162	187	147	128	70	139	178	127	241	229	62	139	49	0	167	219	
114	175	107	190	250	192	60	103	158	5	216	163	45	239	38	80	238	187	167	129	82	11	162	247	243	101	186	235	21	0	167	251	
33	223	122	91	244	139	239	247	127	77	124	228	49	103	180	52	95	42	22	12	243	184	101	127	110	142	52	192	127	154	194	185	
89	173	49	234	180	156	79	191	123	105	90	76	191	254	208	240	151	239	29	29	219	26	232	191	185	253	47	232	142	130	131	121	
229	85	29	111	44	14	71	184	112	170	231	76	211	119	9	115	80	196	124	110	233	146	249	12	229	187	225	20	0	179	82	48	
69	132	189	213	188	46	237	159	239	203	191	80	223	115	156	110	135	6	126	24	147	233	171	214	205	255	119	212	194	200	193	33	
198	84	253	247	108	43	253	184	159	186	183	114	253	255	253	111	239	85	127	234	225	69	171	250	70	154	255	188	86	249	97	161	
132	68	255	247	100	42	105	154	255	146	119	16	223	227	217	127	107	76	110	138	161	244	239	114	78	187	119	4	198	249	65	161	
197	112	189	101	32	46	125	24	120	242	39	92	223	55	201	59	151	85	124	122	161	212	185	72	199	251	101	4	192	243	67	49	
86	237	134	151	156	136	238	228	191	176	147	2	236	234	73	67	107	231	127	210	114	89	203	227	188	38	207	196	5	122	177	8	
2	149	16	153	255	197	188	239	30	27	88	50	140	254	104	64	247	27	147	145	82	26	10	215	13	22	158	238	144	72	161	147	
215	84	245	214	44	36	157	152	159	250	183	120	220	127	221	111	199	85	125	175	225	71	235	224	211	251	251	158	6	241	101	115	
29	199	132	183	140	34	142	168	150	247	131	199	213	106	91	11	253	71	104	247	252	193	95	160	232	195	239	85	140	123	185	64	
2	221	34	159	223	196	188	239	158	93	88	163	172	254	38	65	239	123	179	193	66	26	146	245	53	52	222	171	21	28	181	219	
212	237	156	95	157	234	102	175	246	151	107	18	99	225	73	75	121	238	40	130	106	124	223	63	45	166	197	45	225	123	220	10	
235	252	148	184	137	181	80	199	155	19	160	25	46	154	98	159	201	187	251	17	126	79	210	241	155	83	92	123	154	68	138	14	
39	207	96	158	125	149	190	232	223	93	93	143	232	232	55	65	201	107	179	71	198	58	110	255	38	62	142	171	85	31	121	207	
79	69	194	206	195	48	126	134	35	7	79	138	76	227	202	222	119	214	186	142	20	18	159	225	54	118	212	11	174	247	184	4	
16	93	59	229	52	207	103	246	124	200	106	0	182	177	33	64	240	124	27	104	65	185	49	46	233	189	39	0	88	58	69	251	
131	178	157	217	48	142	56	18	62	25	82	112	180	147	196	104	166	57	63	20	147	220	195	85	196	186	122	192	152	0	1	161	
65	143	157	229	48	46	111	51	52	171	122	80	245	51	128	96	23	102	4	44	241	152	65	15	236	174	38	128	40	224	129	169	
27	73	99	207	54	147	235	112	101	192	222	198	121	79	183	228	126	236	63	238	201	177	45	253	118	109	163	128	63	175	120	253	
167	221	112	90	93	157	182	232	95	68	125	15	104	248	118	160	155	107	146	71	198	58	62	247	46	30	5	43	95	31	91	206	
6	60	176	145	239	229	184	75	30	251	89	191	172	252	71	8	207	27	147	145	146	90	202	210	13	20	159	175	132	77	23	211	
39	179	97	11	254	21	234	216	75	121	89	238	72	76	222	172	94	8	150	255	151	50	111	208	14	24	169	238	223	143	88	213	
60	71	114	229	116	75	83	120	117	236	255	47	91	1	139	16	122	204	7	110	104	178	105	142	246	237	33	20	99	191	102	195	
172	222	191	31	184	244	23	183	154	223	94	117	244	244	235	43	133	118	224	18	243	252	251	35	104	55	117	194	202	125	132	123	
86	232	196	158	12	129	106	232	191	176	177	10	236	234	73	19	123	225	110	226	74	99	202	221	156	162	207	184	33	34	99	8	
195	150	245	21	162	44	189	159	62	123	18	246	220	38	220	47	39	7	123	157	179	92	183	66	12	10	127	196	140	212	129	125	
212	239	142	31	157	235	103	174	246	190	107	22	98	224	107	75	113	110	232	66	122	237	203	63	45	166	85	47	225	115	220	10	
59	17	122	236	42	27	89	89	5	192	255	175	91	157	191	120	94	181	159	108	136	163	101	156	210	249	32	156	119	174	98	113	
84	232	134	151	28	136	234	232	191	176	147	2	232	234	105	67	121	230	110	194	106	105	203	253	188	34	207	124	5	42	49	8	
16	111	63	237	50	194	63	230	180	12	254	163	183	151	33	80	118	251	207	192	104	137	33	111	241	229	42	129	33	144	37	107	
33	223	115	75	116	139	239	255	127	65	126	228	177	71	180	36	127	42	22	204	211	184	101	127	108	30	182	192	95	154	194	185	
73	165	185	233	244	158	75	191	127	105	126	76	191	191	216	240	215	142	20	28	155	154	233	63	254	255	54	236	190	128	208	121	
93	133	185	227	188	46	105	159	127	235	191	80	223	243	220	104	151	6	124	24	187	57	235	214	235	255	55	212	194	200	193	33	
245	81	29	101	36	78	103	184	112	234	231	0	211	115	9	115	208	212	124	106	105	244	249	12	229	235	101	20	104	179	66	48	
132	36	253	255	172	42	233	154	255	187	55	80	223	227	217	123	103	70	126	26	161	229	235	226	206	251	119	132	194	225	65	161	
205	52	189	117	168	110	121	24	250	250	167	24	223	55	73	59	133	85	124	58	33	228	249	64	207	251	117	20	192	241	71	112	
196	92	191	247	108	172	249	146	191	186	183	48	221	243	225	107	199	117	127	138	161	69	235	224	198	251	123	188	196	249	65	161	
2	149	16	153	255	133	188	239	30	27	88	50	140	254	104	64	215	27	179	145	114	152	10	215	45	22	158	238	144	72	161	139	
130	221	32	158	223	197	190	238	158	89	88	55	172	254	36	64	237	123	179	193	98	26	90	247	61	52	158	171	21	29	181	219	
38	191	160	147	253	237	188	199	30	253	88	191	140	188	102	8	141	59	147	17	178	90	74	247	45	22	159	235	148	76	151	211	
34	207	96	158	125	217	190	236	223	85	88	139	104	204	63	0	201	235	179	71	230	58	110	255	63	30	159	235	85	31	93	222	
34	239	96	155	253	217	182	236	223	117	88	15	168	236	126	0	249	107	131	87	214	122	46	247	47	30	159	107	85	31	223	222	
46	89	115	76	95	91	66	122	87	160	252	234	10	149	181	180	126	252	134	106	201	186	101	222	55	92	1	62	119	189	110	180	
