黑金限量菁纯柔润唇膏	#264	http://www.lancome.com.cn/on/demandware.static/-/Sites-lancome-master-catalog/default/dwac0e7590/images/LAN_PRO_IMG/PRO/L7877900U.png	http://www.lancome.com.cn/dw/image/v2/AARM_PRD/on/demandware.static/-/Sites-lancome-master-catalog/default/dw82c030e0/images/LAN_PRO_IMG/PRO/L7877900U.jpg?sw=490&sh=490&sm=fit
209	95	31	173	48	142	39	124	172	204	254	229	247	102	163	113	246	229	236	102	233	137	33	109	240	176	43	144	24	51	35	121	
2	133	130	136	148	162	174	103	20	1	90	18	64	234	48	64	121	42	2	177	16	184	1	206	40	38	158	192	149	74	176	128	
130	201	2	158	20	129	174	228	22	0	80	2	32	202	49	64	120	106	19	195	98	186	10	255	32	36	142	136	20	27	48	136	
121	73	114	109	36	26	92	21	105	0	254	8	11	11	149	117	42	172	100	106	204	176	101	200	178	249	0	144	103	154	194	45	
223	122	255	52	106	94	63	210	185	238	246	237	254	214	135	255	166	117	236	102	229	197	178	106	214	251	103	154	10	245	15	117	
30	205	106	206	148	147	238	254	84	128	222	2	113	235	181	96	120	238	63	235	200	187	44	239	250	111	175	136	55	251	240	136	
219	92	118	253	42	150	62	240	189	202	86	163	237	223	183	103	230	125	255	231	228	213	167	238	246	123	202	130	6	181	33	253	
109	50	176	82	233	125	81	27	115	255	189	61	218	253	207	190	157	158	246	28	159	114	251	144	95	223	117	255	202	205	78	247	
101	65	98	101	100	26	200	16	105	224	246	10	11	9	151	56	218	164	118	122	140	182	229	200	22	248	0	16	103	191	82	5	
130	141	146	157	230	139	172	239	158	2	88	2	172	226	32	65	123	107	51	128	114	248	2	223	44	22	223	128	20	104	177	136	
33	32	215	229	124	15	232	74	127	161	243	72	178	25	148	56	220	157	126	9	137	250	211	204	149	186	243	0	77	136	66	40	
29	205	91	239	210	130	255	245	52	192	126	199	121	239	179	112	126	239	23	238	205	155	45	255	254	237	175	128	45	243	225	216	
3	157	114	156	246	144	190	103	61	65	88	167	44	238	182	96	254	43	147	133	214	186	36	255	54	60	154	202	85	4	163	221	
244	77	214	238	25	110	71	200	161	160	171	8	119	243	73	83	240	244	104	114	40	99	155	40	185	224	197	31	161	115	102	34	
34	189	98	216	245	221	254	231	207	69	120	1	168	204	54	32	203	43	147	149	210	186	50	255	47	30	22	75	85	14	247	222	
92	109	251	231	22	78	95	152	49	128	206	2	223	87	17	113	118	253	93	234	104	209	249	232	243	233	143	1	38	243	38	34	
28	114	255	231	50	78	127	244	40	236	118	229	221	55	129	34	54	117	221	234	193	208	57	44	231	239	103	132	103	179	39	249	
100	32	147	227	204	110	97	72	99	179	163	24	215	243	73	58	89	220	104	58	24	119	217	2	221	150	209	124	128	227	82	162	
29	5	122	97	86	59	235	120	116	224	127	130	89	13	155	96	62	156	23	184	137	176	37	206	118	237	163	132	231	171	112	225	
38	32	0	137	76	3	168	73	6	176	209	2	128	200	113	73	89	8	51	177	66	114	75	208	28	0	203	172	85	104	48	128	
182	65	2	142	28	130	202	96	133	128	211	2	67	202	57	64	120	232	14	227	72	167	10	204	176	224	139	152	53	59	48	0	
101	48	245	127	236	125	209	30	107	251	185	120	254	125	205	62	143	87	126	16	155	98	251	192	199	254	113	58	202	251	199	247	
64	204	150	156	236	140	188	238	187	27	120	16	172	170	116	82	207	107	102	1	50	126	130	243	44	62	94	42	208	80	227	137	
2	140	2	139	148	163	170	231	22	1	90	2	96	234	32	64	121	42	2	144	18	186	0	255	40	38	154	192	149	74	176	136	
72	233	57	104	120	141	83	182	228	9	76	8	247	83	0	112	128	122	93	72	75	26	82	61	237	253	36	88	24	18	131	43	
220	27	253	103	46	95	89	184	61	250	183	124	223	55	137	127	38	84	253	106	185	229	121	168	203	219	101	148	122	171	69	115	
237	122	252	117	41	124	93	154	187	254	183	189	159	215	195	63	135	212	252	62	169	71	235	0	215	251	101	191	202	245	6	115	
233	113	54	108	237	205	181	245	252	232	96	12	190	216	34	49	176	105	66	98	229	123	18	29	245	216	69	42	74	48	195	138	
96	160	213	125	124	75	224	42	127	176	226	72	246	19	4	121	218	188	122	40	9	250	195	92	141	190	83	52	64	168	66	168	
77	151	202	163	176	42	122	25	50	75	95	253	223	99	138	88	55	143	253	188	188	144	201	14	206	231	169	197	172	227	138	19	
151	94	70	159	18	178	170	240	189	66	211	247	73	234	191	205	127	237	191	239	165	213	13	255	16	46	235	132	63	247	41	213	
220	109	247	230	155	74	75	232	241	160	163	8	91	91	1	83	114	245	125	250	40	199	153	238	251	233	197	29	162	179	102	34	
2	133	130	137	148	162	168	71	52	1	90	18	72	234	56	64	121	43	19	177	50	152	1	206	40	38	158	196	148	74	177	128	
36	167	123	83	242	171	99	25	119	45	127	248	83	101	136	60	63	158	38	56	18	240	109	71	79	174	48	196	227	202	198	161	
40	45	185	115	188	237	69	23	118	173	41	24	183	49	64	16	129	42	76	24	56	248	227	62	237	159	53	112	192	200	198	171	
97	201	91	78	48	141	79	180	96	0	238	72	115	225	176	52	88	232	20	110	201	186	101	61	96	172	32	24	121	186	66	168	
79	120	246	119	104	58	254	152	187	250	22	169	253	255	215	58	183	125	253	207	160	212	175	234	78	255	239	164	166	247	67	245	
34	205	114	205	246	130	190	231	30	1	120	2	44	234	52	64	254	107	19	129	210	186	0	255	60	60	142	200	21	10	241	137	
64	32	247	237	60	203	112	8	175	176	226	8	191	159	0	114	162	189	127	0	0	249	195	221	151	248	81	114	64	136	69	42	
28	108	95	229	3	110	83	16	165	134	174	0	223	83	65	123	34	244	92	106	9	193	177	8	211	201	1	20	34	243	38	42	
37	48	181	219	236	45	241	26	207	187	185	88	246	249	93	58	143	123	126	25	147	98	251	112	141	158	119	58	216	73	211	161	
106	172	34	80	217	221	89	71	187	21	132	25	174	183	70	180	129	186	217	24	62	75	178	231	219	221	20	123	130	4	214	126	
34	157	114	140	244	135	190	231	31	9	88	162	44	254	52	64	255	187	23	129	210	186	64	255	60	62	158	202	21	10	241	137	
34	237	2	158	92	131	174	231	150	128	88	2	32	232	48	64	88	106	19	195	66	187	10	191	56	36	143	168	21	58	176	136	
238	52	244	247	236	58	216	152	123	251	53	185	207	127	221	59	151	213	253	183	160	116	235	194	142	223	93	190	199	245	67	85	
244	96	149	53	8	106	65	8	186	178	35	24	215	179	73	27	193	68	104	50	40	85	219	0	149	226	75	52	160	113	6	34	
16	157	26	185	145	204	16	167	239	0	200	1	166	191	32	80	128	59	201	1	94	171	16	127	233	245	18	67	80	0	175	10	
171	188	113	88	91	221	153	231	219	117	164	24	42	156	70	180	141	155	211	0	255	47	240	247	123	95	16	123	83	12	14	254	
218	96	126	236	41	201	121	73	175	4	248	137	191	223	96	82	254	157	127	160	78	7	194	209	215	249	139	127	22	130	39	162	
234	172	34	88	89	221	113	231	171	93	172	25	42	159	102	20	161	186	219	4	86	15	178	247	127	93	16	123	82	4	78	254	
2	173	130	159	212	131	174	231	22	128	90	2	40	170	32	64	121	111	19	128	112	152	0	254	44	6	158	128	4	88	177	136	
146	205	86	158	86	130	238	230	189	130	210	2	108	234	53	65	110	235	55	195	96	249	2	239	48	46	207	128	53	56	33	136	
156	117	127	229	50	110	127	244	37	238	254	160	223	55	129	51	54	213	221	234	233	208	121	204	227	203	103	132	38	243	6	113	
216	153	27	238	157	204	71	181	240	8	238	8	247	247	32	113	144	126	72	106	121	11	184	61	249	225	36	120	48	34	230	42	
135	20	105	21	162	58	45	63	60	226	87	244	221	54	155	121	55	175	21	173	177	212	101	78	228	43	122	132	172	240	131	117	
112	5	194	140	92	42	194	104	45	160	218	10	74	234	49	64	120	196	110	225	8	163	129	204	176	164	138	28	53	42	112	0	
65	31	99	12	116	14	239	49	124	200	91	228	241	113	176	112	54	102	55	239	209	184	5	110	116	46	42	128	108	162	241	57	
15	243	185	161	244	95	187	220	43	253	20	237	156	254	195	42	191	93	223	117	151	81	168	200	222	85	175	166	142	182	15	215	
128	40	221	119	228	43	232	3	126	179	99	208	149	163	209	27	43	110	98	24	48	248	199	96	132	170	115	32	228	225	195	160	
34	124	185	208	120	229	185	215	203	251	48	121	188	191	117	59	143	59	87	17	130	99	242	194	85	28	190	186	213	80	71	251	
11	219	125	79	50	220	255	180	47	77	119	228	254	253	142	164	182	123	183	78	211	184	235	245	102	249	36	130	95	150	141	249	
31	123	123	128	50	139	63	240	45	76	92	238	127	197	179	52	54	249	85	235	205	145	44	125	240	4	45	160	39	179	7	245	
162	172	106	184	206	225	185	231	159	87	80	183	32	172	118	1	233	171	163	133	54	62	38	243	95	0	154	235	117	8	117	222	
91	101	126	225	247	30	255	255	105	230	126	139	63	63	215	177	63	223	215	189	236	248	181	206	255	223	143	133	231	214	254	255	
55	251	121	203	54	88	219	184	43	204	61	230	114	94	207	48	246	68	125	66	207	32	175	249	42	188	161	150	45	163	86	117	
45	178	225	10	253	127	67	217	67	237	253	108	74	244	206	188	93	136	166	60	159	50	255	146	30	85	33	254	251	207	222	245	
3	172	226	147	214	161	186	231	62	97	90	147	172	46	54	32	127	27	19	149	150	152	13	247	44	14	158	192	149	68	177	220	
131	152	191	188	74	196	189	71	190	219	82	87	180	159	96	43	165	51	115	149	97	77	178	64	221	2	254	138	8	32	165	243	
130	186	112	155	122	249	184	199	30	85	81	183	172	206	118	8	175	59	147	21	182	28	110	247	12	22	26	235	221	13	133	223	
1	112	155	177	98	174	57	22	62	235	90	84	180	183	97	104	183	127	55	17	131	216	146	66	205	166	62	228	136	80	1	185	
66	122	250	152	107	224	189	199	187	95	88	191	44	142	103	10	175	187	227	145	6	127	162	193	23	54	222	171	197	84	39	223	
88	77	78	172	146	194	63	231	164	132	206	163	49	183	35	81	102	247	57	224	104	139	4	44	248	167	174	129	37	240	36	90	
79	95	107	247	242	121	255	144	57	95	127	239	253	109	223	125	54	95	183	255	247	240	191	224	246	249	46	160	239	247	135	245	
15	223	108	235	170	86	255	248	175	126	95	229	221	126	223	244	247	213	255	239	197	17	45	242	126	93	239	198	158	246	41	87	
32	205	98	204	84	131	238	236	199	0	248	2	104	232	52	80	120	232	2	227	192	187	10	255	62	44	135	72	85	59	114	136	
122	237	106	184	223	249	250	207	159	5	72	139	45	202	118	208	227	171	147	21	6	11	6	255	187	85	159	123	181	76	31	206	
60	0	122	101	70	42	107	88	100	34	127	2	83	11	153	120	122	140	6	234	136	180	45	10	214	237	33	132	101	235	66	161	
27	51	111	237	242	94	255	125	53	204	87	231	89	79	150	225	62	253	151	253	245	216	45	206	110	107	175	192	111	166	252	245	
196	228	149	83	92	43	225	140	122	179	35	24	215	81	73	27	57	204	106	56	34	244	219	18	157	142	85	116	224	88	195	160	
50	141	66	140	84	131	106	234	7	160	248	2	40	202	48	80	120	236	23	241	72	187	0	253	60	36	142	136	53	10	112	136	
47	187	121	115	166	222	255	176	61	238	119	228	255	125	219	44	94	123	151	94	209	176	109	160	206	223	111	194	238	215	215	241	
94	133	246	229	255	59	250	202	239	181	254	139	75	255	61	246	123	223	255	248	10	179	157	222	255	253	135	7	231	255	111	162	
34	234	38	154	125	213	186	204	159	95	144	139	108	204	63	8	169	227	235	71	38	103	42	255	19	86	27	155	85	31	117	79	
42	176	240	241	173	253	216	223	171	121	181	61	142	156	222	62	207	155	221	17	158	98	227	193	223	89	56	255	199	140	214	215	
34	189	116	248	253	221	248	223	255	93	240	31	170	221	86	24	205	187	255	17	154	107	242	247	31	94	150	251	215	12	214	223	
239	189	187	240	253	253	241	219	235	249	188	30	154	221	86	38	169	154	223	145	191	107	186	211	27	93	133	255	203	76	246	247	
196	124	159	254	41	236	49	194	190	31	165	24	246	247	97	91	193	113	235	2	32	69	186	98	213	183	90	59	128	113	7	98	
13	219	99	11	50	218	187	212	108	72	94	229	217	29	146	112	54	117	223	223	197	145	45	126	106	61	34	192	126	151	35	217	
174	255	54	62	123	223	154	248	159	236	157	237	238	255	46	149	150	121	255	103	230	67	250	191	235	87	41	187	86	174	7	211	
126	233	242	239	207	93	254	237	119	162	247	11	91	217	92	240	250	221	255	207	92	247	221	225	247	217	199	57	103	190	252	2	
47	254	249	195	252	126	255	249	107	253	125	230	217	125	222	166	127	221	183	255	147	240	237	228	46	95	175	230	239	247	247	245	
2	77	2	158	84	131	170	96	148	0	89	2	40	234	48	64	120	104	19	195	64	187	2	253	48	36	138	136	21	43	48	128	
162	155	238	152	235	224	153	103	153	85	244	159	44	174	118	11	206	187	247	133	190	75	242	209	87	48	218	251	213	68	183	223	
0	168	187	120	217	245	185	207	186	29	236	24	56	159	100	24	233	155	211	144	18	107	178	113	123	223	150	111	209	0	230	234	
171	221	120	225	231	127	255	254	109	230	60	163	223	63	215	48	63	223	247	111	229	184	109	254	111	221	239	167	119	253	95	251	
231	120	54	218	127	181	186	80	249	73	245	63	12	220	55	56	238	185	247	87	164	239	58	228	19	94	27	250	199	45	115	215	
3	176	183	121	48	206	48	55	62	89	82	117	180	150	128	113	133	61	61	20	147	216	19	85	12	62	122	194	8	0	1	191	
33	201	107	78	84	199	235	244	68	64	116	70	113	213	177	48	120	232	18	238	201	178	52	61	119	9	160	0	125	187	114	248	
2	221	144	159	252	133	188	239	159	169	248	42	172	250	96	64	239	251	127	129	82	11	75	255	60	22	159	250	148	88	161	137	
28	36	122	229	118	50	122	90	37	224	127	130	89	15	177	116	126	157	23	172	136	176	37	206	246	237	162	132	167	231	114	193	
15	91	109	141	60	86	219	152	43	232	212	231	217	92	151	224	158	253	245	239	205	146	237	252	226	121	171	132	79	183	62	245	
71	19	255	245	232	172	189	83	169	155	122	112	188	255	204	122	231	51	127	20	146	80	130	192	92	188	126	138	132	96	161	179	
1	154	159	249	238	173	185	218	62	27	80	112	180	247	160	105	167	59	63	17	179	92	19	81	205	178	122	200	152	1	33	177	
162	40	238	144	141	221	153	199	155	95	148	155	44	172	119	15	201	51	251	21	38	111	178	225	27	82	94	187	198	92	31	222	
54	243	234	36	120	8	219	88	43	236	181	237	14	205	214	22	190	253	245	247	201	51	170	192	248	88	45	254	79	166	71	243	
223	100	118	230	103	123	127	252	61	182	255	139	255	223	63	121	255	221	255	239	232	119	237	254	247	251	207	157	39	255	102	98	
66	225	210	239	78	11	238	237	61	130	251	138	207	234	28	80	250	205	107	235	72	179	203	253	180	190	207	12	117	122	227	136	
223	89	108	235	189	159	255	248	61	192	247	179	223	95	151	236	254	253	255	239	184	182	127	254	247	255	235	199	167	183	255	245	
10	18	246	221	119	255	185	115	63	253	118	55	172	159	150	237	174	61	183	129	151	220	113	213	15	95	90	195	158	132	111	255	
128	184	27	249	226	207	177	87	30	207	80	115	148	159	96	8	175	59	19	17	115	220	18	22	205	134	62	224	144	8	133	187	
167	122	224	154	110	185	186	200	95	215	113	255	232	204	255	8	223	105	147	87	134	118	238	243	30	28	79	235	221	191	31	213	
2	133	2	136	148	162	170	103	20	1	90	2	64	234	56	64	121	42	2	177	18	184	0	223	40	38	158	192	149	74	176	136	
56	22	230	225	213	118	245	23	117	79	247	55	11	45	22	205	105	142	175	144	188	184	113	134	215	231	210	67	227	76	252	246	
220	109	118	237	23	74	95	228	165	132	206	2	127	127	17	115	122	245	93	234	104	211	17	236	243	251	199	17	38	243	38	34	
157	93	87	229	54	14	79	48	37	232	90	100	215	19	129	117	54	228	93	110	233	144	17	12	228	232	33	144	46	179	80	49	
130	168	134	145	124	137	168	230	158	147	82	18	172	234	112	65	105	106	34	145	34	252	66	243	12	22	222	232	213	9	17	136	
128	201	2	158	20	129	142	228	22	0	80	2	32	200	49	64	88	106	19	195	98	174	10	255	32	38	142	8	20	25	48	136	
8	47	152	113	176	169	83	31	114	169	46	120	183	51	64	16	3	26	76	24	26	248	193	47	239	199	52	113	226	192	202	41	
38	121	54	218	239	149	190	196	219	200	240	43	44	222	55	57	238	251	247	215	194	103	178	240	23	56	26	170	215	29	227	223	
34	176	112	248	253	189	216	223	223	89	180	57	170	157	94	56	205	155	255	17	158	107	226	215	159	222	150	254	215	140	214	223	
102	176	240	249	253	189	248	95	251	121	181	57	142	253	94	58	207	155	255	17	158	107	235	209	159	222	21	254	214	204	214	215	
21	205	123	239	22	130	111	240	36	192	254	195	115	111	179	112	126	237	31	238	201	153	45	47	242	237	167	128	37	178	96	248	
60	5	122	229	214	50	126	87	117	161	255	130	89	15	185	112	126	142	23	184	152	178	37	142	114	237	162	132	231	254	240	224	
34	189	96	217	245	141	248	239	79	73	120	11	168	156	116	0	221	187	151	17	146	58	82	247	47	28	150	234	213	14	214	219	
2	141	98	141	214	130	190	103	60	65	88	131	172	238	54	96	126	59	19	133	210	186	4	255	60	60	154	200	21	6	177	204	
2	140	2	153	212	163	170	103	22	1	90	2	32	234	32	64	121	42	2	144	18	184	0	255	40	38	138	192	149	10	176	136	
32	205	66	142	84	131	226	109	7	0	248	2	96	202	36	64	120	168	6	224	74	187	2	253	60	44	130	104	85	10	114	136	
96	32	213	213	92	75	97	11	126	176	226	72	247	3	0	120	50	188	106	8	1	248	195	93	157	162	83	52	64	8	71	168	
215	92	246	245	34	50	184	82	189	218	210	179	204	254	167	107	231	117	255	135	164	213	163	232	150	122	91	130	166	245	33	87	
244	109	87	246	141	74	78	232	241	178	163	26	83	83	5	91	224	245	105	242	104	199	217	236	185	250	199	19	33	49	102	34	
5	36	213	115	220	43	96	136	126	179	41	88	247	113	73	40	25	14	106	24	51	112	203	17	141	142	85	36	240	203	67	160	
244	109	150	254	25	10	70	232	161	176	162	8	102	243	97	91	232	244	104	114	104	103	155	40	185	178	69	31	64	115	102	34	
7	172	224	155	214	177	186	202	30	97	89	151	172	206	62	32	127	27	19	151	150	152	45	247	44	12	154	224	149	79	177	220	
192	232	150	159	108	140	184	239	190	27	112	16	172	170	96	82	199	11	34	16	50	124	130	243	44	54	94	106	208	16	163	137	
156	89	255	229	50	78	127	144	165	196	246	164	255	23	145	35	54	117	253	238	233	213	49	236	227	233	103	128	38	179	37	113	
84	54	222	187	170	106	49	75	190	159	95	177	79	247	234	90	55	31	237	16	18	209	139	64	222	231	123	199	164	227	173	67	
108	165	179	83	221	237	97	123	239	121	109	24	150	245	72	54	137	26	106	24	19	122	250	82	77	156	21	108	194	74	198	162	
114	5	66	172	20	42	74	72	45	160	251	10	75	10	53	80	120	141	31	225	8	179	65	204	176	236	138	148	53	42	114	0	
221	82	125	229	46	94	89	24	105	234	22	108	223	87	137	123	54	84	253	106	201	244	241	140	215	251	97	148	46	187	5	113	
92	80	253	229	40	94	89	56	45	254	183	40	223	119	205	255	182	213	253	106	137	116	251	200	207	251	97	150	102	163	5	113	
102	56	242	85	228	62	250	18	123	235	127	169	204	191	213	58	183	253	245	23	128	112	174	194	30	222	93	174	199	245	67	213	
128	141	18	157	22	171	40	103	30	130	90	18	172	162	32	64	123	43	51	128	48	184	0	255	44	38	154	0	20	72	33	136	
78	108	246	245	102	186	250	146	187	242	126	139	237	239	213	62	167	253	245	207	128	212	166	234	94	255	239	160	167	245	67	217	
153	121	51	28	199	207	117	117	253	194	96	8	46	209	33	181	178	121	226	106	97	191	18	221	177	88	68	42	74	52	131	174	
226	249	38	152	237	193	156	204	159	87	148	187	44	204	126	9	235	211	251	67	70	103	154	241	51	82	223	63	87	29	247	94	
39	172	224	75	246	177	250	216	91	227	125	138	72	204	223	44	63	219	23	159	150	50	238	247	30	28	143	236	247	207	83	229	
255	62	240	98	225	124	91	146	233	255	189	189	159	63	223	62	167	213	221	22	189	102	248	226	223	221	113	255	198	247	70	119	
32	185	184	121	248	236	49	23	250	29	104	56	182	247	64	56	129	59	66	16	18	104	210	19	205	151	54	106	208	0	199	171	
23	6	71	141	150	50	170	121	52	226	219	215	89	110	191	228	127	231	63	175	181	149	13	206	52	46	235	196	175	231	57	85	
36	167	243	67	242	171	233	91	119	45	127	226	81	103	140	60	63	158	6	152	146	250	109	92	12	46	33	196	231	194	198	245	
34	141	82	137	244	131	190	231	30	1	88	2	44	168	48	64	254	171	19	129	82	186	64	255	60	52	158	232	21	10	177	137	
34	141	98	205	246	131	190	103	14	1	88	2	40	170	52	64	254	43	19	129	210	186	0	255	44	60	142	192	21	10	241	137	
94	50	242	131	163	122	56	83	187	255	95	183	77	230	207	222	183	255	237	16	150	209	172	192	158	119	127	199	166	231	47	87	
170	176	55	80	89	221	89	103	251	125	164	24	170	158	70	181	137	155	215	16	191	111	114	213	75	217	20	123	195	4	206	254	
5	33	213	195	236	41	225	136	126	179	57	88	246	113	89	42	59	91	106	25	19	112	219	82	13	158	21	52	196	123	195	160	
180	72	66	142	28	131	130	104	132	128	209	2	66	200	49	65	88	232	14	99	72	167	10	156	144	160	131	24	21	59	48	128	
84	32	157	115	160	106	65	11	126	191	7	56	215	35	200	90	51	78	108	24	26	212	233	2	205	167	117	116	160	225	135	33	
205	122	189	119	162	126	117	148	48	254	22	252	255	119	203	251	7	116	253	78	225	212	187	42	198	251	117	128	42	245	15	121	
28	205	106	238	148	147	110	254	116	0	222	2	123	235	177	96	120	238	31	235	200	187	44	255	250	237	175	128	55	187	240	136	
6	186	224	155	118	177	186	202	30	71	89	183	172	206	126	8	63	59	147	151	150	156	46	247	12	22	154	226	149	15	21	221	
80	32	87	233	108	203	104	72	175	32	226	8	151	147	4	82	226	157	107	0	10	179	195	80	149	184	2	58	64	136	71	168	
2	141	2	159	148	131	174	103	52	1	90	2	40	170	32	64	120	43	19	128	82	152	0	255	44	38	158	192	20	10	177	136	
217	91	62	172	42	30	63	244	164	206	214	164	253	23	163	247	102	117	253	238	225	197	165	236	242	243	110	128	2	181	37	121	
87	52	199	7	162	58	170	24	105	226	91	230	93	110	221	255	55	69	125	191	133	213	173	200	20	46	235	132	175	247	11	85	
38	32	4	137	76	3	168	72	6	176	209	26	128	136	112	10	72	136	83	161	0	54	75	208	20	0	139	252	85	41	48	128	
40	157	27	100	177	143	87	183	230	41	174	72	182	241	0	16	144	114	76	104	90	169	80	61	235	213	36	80	66	10	198	43	
110	107	212	78	109	25	70	204	195	148	180	40	42	200	207	158	200	194	228	106	78	99	206	177	50	81	69	63	83	191	94	142	
15	126	250	85	106	63	187	82	251	238	126	173	158	158	215	58	167	125	255	94	133	247	164	234	86	125	39	162	198	245	15	245	
122	135	110	46	19	208	93	39	161	68	239	161	107	47	18	87	98	166	237	133	92	139	164	141	243	113	216	139	103	134	190	74	
88	217	27	238	25	206	87	245	224	8	237	8	119	211	32	113	208	244	76	106	73	139	152	61	243	233	96	56	50	34	166	42	
108	32	145	65	205	107	67	8	99	163	235	8	210	241	73	188	89	76	96	58	25	242	217	0	141	148	1	116	194	107	82	160	
87	54	197	7	166	58	234	24	105	226	91	230	217	42	223	238	55	69	125	191	149	208	141	192	28	110	239	132	175	231	91	213	
170	22	118	44	123	63	152	122	157	202	248	237	110	255	164	21	222	49	255	37	173	167	66	159	146	255	105	187	94	172	6	215	
33	11	67	13	116	130	234	54	100	1	90	194	113	224	176	112	114	174	50	205	129	152	5	111	36	44	162	192	45	131	112	168	
21	4	251	71	230	42	235	89	120	226	119	194	89	37	157	111	63	220	22	170	177	244	45	202	86	171	227	132	229	227	97	225	
241	77	116	69	228	26	236	23	105	224	250	10	11	9	149	56	234	166	119	99	204	178	229	200	54	248	132	16	103	254	210	12	
32	205	98	204	92	131	170	236	212	0	248	2	96	200	52	64	120	234	2	225	194	187	2	255	50	44	131	40	85	10	114	136	
29	93	123	239	54	10	111	184	100	224	255	230	115	103	177	112	118	244	28	238	201	176	45	46	242	175	37	128	109	187	96	113	
97	32	217	229	124	11	224	3	110	161	226	72	150	16	16	120	216	172	122	8	1	186	193	68	4	190	50	0	76	136	114	168	
188	4	122	101	214	42	123	89	117	162	255	18	91	11	153	88	58	140	6	186	184	180	33	10	210	237	33	132	231	235	98	161	
249	5	114	69	164	58	126	55	105	2	254	8	43	43	148	112	170	166	70	42	204	176	101	202	166	248	0	144	103	250	194	13	
34	173	240	155	252	137	188	239	159	9	248	26	172	238	124	0	223	155	127	145	210	107	194	247	60	30	159	250	148	8	161	137	
109	48	249	101	45	124	81	24	107	251	55	56	223	127	206	254	151	212	253	10	137	116	249	128	199	253	97	191	202	237	70	115	
109	58	248	65	236	61	251	210	123	255	61	188	155	253	215	188	159	92	247	28	147	114	239	210	79	93	53	254	198	237	70	245	
146	76	86	156	86	130	190	230	157	130	210	18	108	234	53	65	110	229	63	195	96	223	2	239	52	42	218	128	21	57	49	137	
220	104	87	116	11	107	81	0	225	162	162	8	91	55	65	59	34	244	108	122	41	199	179	40	211	200	65	16	162	177	102	34	
80	32	83	232	9	201	121	72	175	36	160	9	143	139	96	80	250	157	107	224	74	3	194	213	209	240	138	125	113	2	39	162	
160	205	2	158	92	131	174	230	148	0	88	2	32	234	48	64	88	106	19	195	98	187	10	191	56	6	142	8	21	26	176	136	
103	181	177	241	252	45	241	155	219	249	185	120	150	249	221	42	223	155	95	17	179	106	250	194	15	156	53	254	204	200	82	167	
143	156	232	115	162	58	63	183	124	107	95	180	221	63	155	109	23	95	159	191	181	220	45	230	110	127	126	196	166	213	131	125	
38	166	224	155	215	177	186	202	30	23	89	183	136	200	126	8	219	11	131	149	150	62	78	211	12	20	155	239	213	79	189	198	
48	169	58	248	89	197	177	199	134	13	236	3	32	159	100	0	233	187	131	144	26	59	50	119	123	133	158	107	209	0	230	170	
0	73	2	158	84	128	170	98	132	128	90	2	40	194	33	64	104	104	2	194	64	187	2	239	48	36	138	8	21	43	49	136	
3	255	234	177	242	176	186	199	174	205	94	167	44	142	246	0	238	43	147	213	150	153	4	238	62	69	174	195	205	4	173	223	
159	91	107	67	50	154	235	184	37	72	95	231	251	77	187	228	54	140	23	239	193	148	45	254	230	109	42	128	111	151	35	249	
16	157	27	225	178	227	59	179	52	225	74	224	183	55	32	96	183	59	29	176	51	152	17	63	233	135	43	64	168	1	133	51	
47	49	240	195	237	61	248	91	171	121	189	57	140	31	222	62	143	147	215	149	150	98	234	208	15	89	156	254	199	206	211	215	
15	251	107	239	52	22	251	176	109	76	223	230	249	93	154	116	62	213	221	239	193	176	109	237	238	125	170	192	111	135	119	117	
34	190	171	185	212	228	189	71	158	71	88	151	164	142	118	8	205	43	19	149	182	158	114	227	69	39	186	139	148	76	183	218	
240	5	96	101	228	42	206	103	105	2	250	26	42	42	20	16	106	166	78	34	248	187	69	206	54	184	2	16	101	250	194	8	
2	133	2	138	148	163	170	231	20	1	91	2	64	234	56	64	121	42	2	177	18	184	9	255	40	38	158	196	148	74	176	136	
6	236	162	155	214	163	170	202	30	99	89	147	44	206	120	0	127	75	19	151	146	156	13	247	44	4	159	196	149	15	49	216	
224	5	112	69	228	42	206	39	105	66	250	26	170	40	20	18	74	167	87	35	248	187	197	202	54	56	6	16	101	254	210	8	
130	204	2	158	20	129	174	230	20	2	88	2	32	202	49	64	120	106	19	195	98	190	10	255	32	38	154	136	20	89	48	136	
38	97	64	136	76	11	164	76	6	160	240	10	128	8	81	10	104	140	83	243	64	51	65	152	52	0	139	184	85	59	210	128	
36	179	226	65	242	139	239	121	55	165	119	244	81	103	158	20	126	142	6	252	178	184	45	94	108	190	165	196	239	130	194	241	
139	177	23	94	203	221	52	101	253	64	229	14	108	250	44	181	162	59	234	98	113	235	58	253	51	88	71	43	91	4	171	174	
38	65	4	136	76	3	168	72	6	176	240	2	128	130	97	74	104	136	2	242	0	55	67	208	20	0	139	252	21	59	48	128	
34	133	80	139	244	131	170	111	30	1	121	2	168	200	60	64	90	139	19	145	18	186	73	223	44	28	154	232	213	10	241	136	
15	120	242	116	114	191	187	210	189	234	126	173	29	159	247	60	166	125	247	221	132	153	164	234	86	125	63	138	199	245	39	249	
86	61	242	209	243	174	186	66	59	233	123	187	12	255	85	24	183	127	215	17	144	249	128	202	30	92	15	226	199	229	35	211	
10	124	242	244	102	178	250	82	187	202	126	163	45	191	245	120	166	127	183	213	128	216	162	234	22	255	159	130	135	245	99	221	
34	133	98	203	246	131	170	111	30	1	89	2	40	234	60	64	122	43	19	129	210	186	0	223	44	60	138	192	21	10	241	136	
45	182	177	83	253	253	243	155	91	255	125	124	202	245	223	188	149	74	182	30	151	112	254	146	15	95	117	239	218	239	222	245	
2	140	2	154	148	163	170	103	20	1	90	2	104	202	32	64	121	42	2	144	18	154	0	255	40	38	138	192	148	10	176	136	
47	180	240	65	252	61	248	91	75	121	61	56	138	61	222	60	221	154	215	28	158	50	235	210	78	93	145	254	215	206	210	215	
8	177	153	121	240	141	49	31	126	13	124	96	190	147	64	48	151	58	6	24	18	56	194	21	237	149	52	104	208	8	135	171	
34	164	80	203	252	137	248	239	31	49	248	10	172	200	92	0	223	139	55	17	18	58	202	215	28	30	159	254	213	10	211	137	
130	76	198	157	70	162	188	98	156	130	210	146	104	238	49	73	111	111	59	131	96	223	2	239	20	38	218	128	5	121	49	136	
188	5	66	172	212	34	78	121	37	160	251	10	75	75	44	80	120	172	4	226	120	179	0	142	178	237	131	20	103	171	242	128	
2	140	2	155	20	130	170	71	54	1	90	18	104	194	32	64	123	43	19	144	50	156	0	255	40	38	154	192	148	8	177	136	
157	17	254	225	246	42	253	93	112	161	119	178	89	47	152	107	55	221	21	184	177	240	165	194	94	175	231	196	231	240	225	177	
221	62	190	118	169	126	23	154	179	254	55	60	95	247	203	191	149	124	236	26	189	197	187	42	203	223	117	191	234	245	14	115	
130	204	2	158	84	131	174	230	148	2	88	2	32	234	49	65	120	106	19	195	98	191	10	255	48	38	138	136	21	24	48	136	
2	141	2	159	148	131	174	103	52	1	90	2	40	234	32	64	120	43	19	128	82	152	0	255	36	36	154	192	21	10	177	136	
239	124	240	246	231	60	90	146	249	250	61	189	223	127	223	63	167	213	213	87	164	70	168	226	223	223	125	190	198	247	71	119	
133	37	157	67	212	43	96	137	118	177	99	88	211	96	73	41	57	78	106	56	51	240	207	18	140	130	85	100	224	75	210	160	
170	176	60	90	73	253	17	206	155	31	164	25	46	159	110	31	129	27	195	16	62	79	250	241	219	211	80	127	146	4	142	238	
205	126	252	118	163	126	95	152	179	254	54	189	255	127	203	191	151	117	245	70	229	68	171	170	195	255	117	143	174	245	14	115	
252	97	215	102	9	78	68	76	225	128	162	8	123	83	73	255	32	244	108	106	73	71	147	8	179	232	69	27	99	51	102	42	
196	90	159	94	40	76	21	188	170	222	183	108	246	247	137	95	134	116	108	98	225	69	171	105	240	178	101	154	8	50	7	121	
24	205	98	236	20	130	206	244	228	128	222	2	123	235	177	64	122	236	31	235	200	187	5	189	242	237	175	144	55	186	112	8	
2	133	34	139	214	131	170	103	30	65	89	2	44	234	52	64	126	43	19	129	210	186	4	223	44	44	154	192	21	14	177	136	
34	165	96	203	252	169	248	75	95	33	121	138	136	205	92	0	223	155	23	145	146	58	79	215	30	28	147	238	215	206	210	129	
29	77	110	237	22	2	111	240	36	192	254	2	123	107	177	112	122	229	29	234	200	177	37	173	242	237	167	128	39	179	96	96	
36	36	221	229	204	43	224	200	122	179	169	24	215	240	73	58	59	76	106	58	50	114	201	66	13	140	71	52	192	123	67	160	
229	165	157	241	252	45	224	11	90	177	49	88	150	88	92	43	155	27	122	57	51	110	203	210	12	152	23	124	204	136	211	160	
34	176	240	248	124	137	248	95	79	57	176	58	142	221	92	24	223	155	255	17	154	122	195	209	158	220	19	254	214	140	211	145	
43	176	61	81	237	221	209	27	107	121	181	56	154	29	94	63	141	147	213	17	159	106	243	213	207	217	16	255	202	4	198	247	
70	56	246	213	226	168	184	67	191	251	211	179	204	190	101	90	167	61	255	149	144	221	130	194	156	62	91	198	132	100	33	83	
86	28	246	149	98	162	184	67	189	211	83	179	76	254	53	75	231	53	191	149	176	213	135	194	20	62	219	130	133	100	33	147	
88	167	208	97	177	59	97	31	35	165	46	24	143	35	202	148	19	14	236	24	26	184	193	135	238	215	21	117	226	198	142	8	
8	177	152	249	251	237	49	15	58	61	40	25	188	151	64	88	135	27	163	16	18	88	210	81	205	149	62	111	144	64	135	155	
92	112	241	101	99	126	121	24	107	248	54	168	223	31	197	126	182	213	253	34	129	116	241	192	215	249	97	182	230	181	71	115	
39	104	224	95	70	153	254	200	91	226	116	142	40	204	215	188	63	233	19	223	199	54	174	250	30	28	141	172	215	247	91	245	
182	4	2	172	12	34	202	96	133	130	251	2	67	200	57	65	120	168	31	227	104	167	0	142	144	224	139	156	53	43	112	0	
102	253	52	152	207	197	148	239	143	124	152	15	12	255	110	19	237	155	251	209	82	107	154	213	59	80	207	255	23	92	183	219	
60	5	98	225	214	50	110	119	117	129	254	2	91	43	189	80	122	142	23	184	184	178	37	142	114	237	166	132	231	250	240	128	
219	88	118	126	42	22	127	116	181	202	214	165	255	223	179	119	118	245	253	238	232	199	167	234	242	251	110	138	38	182	37	125	
6	121	182	218	237	149	190	196	207	88	240	3	172	222	117	11	238	123	247	215	194	99	170	241	55	24	142	170	85	93	227	203	
218	72	127	229	35	90	121	48	173	164	182	162	127	31	129	127	166	245	253	238	72	213	161	204	211	251	235	131	38	181	37	115	
0	232	134	155	116	137	168	198	190	17	82	2	172	138	97	72	73	106	34	80	34	252	66	245	12	22	218	104	84	9	17	136	
2	141	2	137	148	163	170	231	22	1	88	2	32	202	48	64	121	42	19	145	18	186	0	255	40	4	154	192	149	10	176	136	
93	73	127	229	54	10	111	56	100	224	254	198	127	103	177	112	118	244	93	238	201	177	45	12	242	233	35	132	103	179	96	113	
61	5	110	97	214	50	239	127	116	160	126	2	89	43	188	96	126	142	23	184	184	176	37	206	126	239	166	196	231	250	240	160	
156	5	250	97	214	42	124	91	117	162	255	18	91	43	153	89	126	140	6	184	184	177	1	138	242	237	160	196	231	240	226	128	
0	232	150	155	124	141	188	199	190	25	112	16	172	202	120	88	195	43	34	81	66	126	138	241	44	18	94	106	80	16	161	137	
94	147	218	163	178	42	60	255	62	53	95	247	77	39	234	88	119	159	173	149	182	216	141	86	254	231	63	197	172	196	173	17	
87	133	103	133	150	50	239	63	100	226	91	198	81	38	188	228	127	198	63	173	245	145	37	206	60	46	239	196	175	230	241	117	
89	90	59	244	99	86	127	116	33	206	246	228	127	23	131	255	118	245	190	238	201	150	161	234	246	243	98	130	42	183	39	125	
86	51	226	128	242	242	58	81	59	229	95	183	76	238	238	92	183	159	191	149	148	211	172	194	62	116	143	199	167	198	175	215	
2	140	18	157	22	162	184	103	60	3	90	18	172	170	48	64	126	43	19	129	48	152	0	255	36	38	154	128	21	72	33	137	
172	181	247	83	250	235	53	111	127	61	127	48	94	247	204	116	51	30	102	16	50	248	171	85	109	184	53	231	226	64	198	163	
167	122	224	28	110	153	190	200	27	214	112	175	40	204	247	9	222	233	183	87	199	118	238	250	54	24	79	174	93	189	95	213	
112	160	23	140	90	201	1	72	166	176	224	8	118	210	72	82	112	188	106	96	10	67	211	21	153	160	67	125	0	34	38	34	
227	54	23	172	120	47	152	123	157	202	216	253	220	254	180	49	150	61	127	37	177	7	3	223	144	62	41	186	28	236	3	149	
115	32	66	200	77	13	224	72	77	32	224	74	10	153	52	212	120	140	2	104	8	51	208	216	21	188	128	58	123	14	82	134	
212	108	23	244	75	10	102	224	185	162	162	10	70	227	65	91	232	245	104	226	104	199	155	104	149	162	199	28	32	49	35	34	
112	97	83	232	29	79	66	72	165	32	160	10	3	219	33	80	248	177	75	226	72	35	80	156	147	192	128	63	113	42	102	34	
36	73	2	158	84	129	170	96	150	0	88	2	32	202	49	64	88	104	2	195	66	186	2	255	48	36	138	8	21	27	48	136	
210	72	127	245	38	2	124	96	173	130	146	131	111	31	49	83	102	245	125	227	104	197	1	204	243	250	206	147	38	176	37	42	
216	90	127	229	34	94	125	48	173	236	214	166	191	31	131	107	38	53	253	238	201	149	161	200	211	249	106	128	38	180	37	123	
215	49	243	193	162	58	171	25	121	225	83	246	93	62	220	238	54	85	125	189	181	209	173	194	28	44	47	196	175	230	163	245	
205	80	251	228	38	94	117	16	105	234	54	236	159	23	193	122	38	180	253	106	193	148	177	8	215	249	97	148	46	177	7	113	
60	5	102	229	214	50	110	247	85	128	254	2	91	43	188	80	122	206	23	250	248	186	37	142	250	239	166	196	231	222	240	136	
6	204	2	139	148	163	170	230	22	1	90	2	72	234	56	64	121	106	19	177	18	152	8	255	40	6	159	196	149	91	176	128	
34	13	130	158	84	163	174	226	20	2	90	2	96	234	49	64	120	106	19	195	96	186	10	255	32	38	154	136	21	123	48	136	
215	183	226	128	242	146	186	69	59	197	87	183	76	206	254	80	127	173	151	181	182	223	172	198	62	28	143	207	167	134	183	213	
38	165	96	203	212	163	170	201	94	33	121	2	72	200	124	64	121	139	19	177	146	50	72	215	60	12	139	236	213	75	240	128	
26	73	102	236	20	130	110	112	229	128	218	2	107	203	49	65	120	229	31	227	200	137	1	237	178	233	170	128	55	170	112	8	
26	205	98	238	20	131	234	116	197	0	218	2	107	200	52	64	120	169	31	225	200	187	0	253	178	237	170	128	53	138	113	8	
7	232	226	155	214	147	174	206	94	227	88	131	40	204	119	40	127	105	19	215	198	190	44	251	60	14	159	172	149	31	49	220	
226	132	114	197	244	40	250	39	121	3	250	26	170	40	20	18	203	167	70	33	184	190	197	207	54	62	18	144	197	232	66	137	
154	214	94	177	242	10	60	191	55	55	118	247	109	7	138	81	55	223	207	180	246	220	13	127	254	231	62	197	61	144	171	153	
2	140	2	137	20	163	170	103	22	1	90	2	40	202	48	64	121	43	19	145	50	152	0	255	40	38	154	192	149	10	176	136	
167	187	99	65	240	142	235	113	61	164	119	198	217	67	180	20	124	172	19	254	209	184	125	222	44	158	135	196	111	134	226	240	
182	4	66	172	12	34	204	73	149	130	219	2	67	202	41	72	120	164	14	162	40	167	0	202	144	228	138	136	53	123	48	0	
123	175	54	94	253	189	178	227	237	29	124	15	46	248	38	181	172	163	202	69	150	43	58	253	59	88	64	107	91	79	235	207	
2	12	150	157	198	162	168	99	188	130	90	146	108	238	49	73	127	127	51	129	48	221	2	238	20	38	218	128	133	96	33	136	
128	140	6	158	20	163	174	102	20	2	90	18	96	234	49	64	89	106	19	131	96	190	2	255	32	38	154	0	20	120	48	136	
83	197	239	197	150	18	239	189	100	224	222	194	81	44	190	102	126	198	63	239	209	184	37	206	116	46	238	132	37	242	240	252	
39	104	226	215	86	147	174	196	95	226	116	138	40	204	247	32	127	233	19	223	198	182	172	250	54	12	143	168	85	255	115	204	
150	189	114	144	242	163	186	67	187	225	83	179	12	254	100	0	167	63	151	149	176	223	8	206	62	30	15	198	165	5	167	211	
2	133	34	139	214	163	170	105	30	1	89	2	232	234	60	64	122	43	19	177	146	186	12	223	44	44	138	192	21	14	241	128	
180	101	64	137	204	43	174	79	12	162	184	10	0	136	113	2	104	142	95	227	72	51	193	194	52	0	143	56	21	122	240	136	
38	36	224	201	94	59	234	216	91	227	253	10	72	201	221	44	91	136	23	187	154	54	236	210	30	28	129	236	247	239	82	132	
216	73	126	228	18	18	79	112	165	192	246	2	127	75	177	113	126	229	125	234	232	145	37	140	242	233	235	144	39	179	32	40	
11	125	242	230	114	179	250	86	189	200	126	162	61	191	183	36	190	123	215	221	130	187	164	234	118	221	186	136	231	215	99	249	
66	176	242	193	246	173	184	75	63	57	121	186	140	158	68	8	183	31	247	17	146	56	130	208	28	28	27	230	196	14	131	147	
2	133	2	143	148	131	170	101	4	1	91	2	104	234	40	64	120	42	2	128	82	184	8	255	32	36	138	192	20	10	176	136	
2	16	242	151	210	162	184	67	190	131	91	179	204	190	116	72	119	63	187	149	144	221	130	194	28	46	218	194	133	68	161	209	
19	205	111	193	182	18	175	191	126	97	94	198	217	38	190	100	119	71	62	253	243	152	45	255	60	46	174	196	173	146	177	125	
121	204	185	127	53	249	71	174	126	75	250	40	183	188	129	224	241	242	124	9	75	248	227	63	149	239	52	147	112	88	84	43	
7	13	226	158	214	162	190	65	188	193	219	135	72	238	55	64	127	239	179	149	148	155	142	202	60	44	143	200	133	103	177	213	
98	157	116	220	95	245	158	239	139	90	188	11	40	191	38	35	237	243	215	129	244	43	178	255	63	120	222	187	87	76	119	223	
98	189	52	248	223	229	180	111	139	251	152	31	12	190	70	19	237	147	251	145	210	107	210	215	63	16	223	255	145	76	167	219	
221	65	126	229	38	10	95	48	97	224	246	130	91	7	147	119	118	244	125	238	233	181	165	140	242	233	97	148	103	179	98	113	
239	126	248	119	227	124	95	152	59	238	118	189	127	255	223	191	151	127	245	22	165	84	174	234	79	255	117	163	238	245	78	127	
134	200	146	155	214	129	190	206	30	19	80	147	172	206	121	72	127	123	147	211	34	156	10	247	44	6	159	198	149	21	161	153	
45	177	129	9	221	255	227	91	87	105	125	76	80	208	220	188	25	14	50	28	151	58	127	23	12	30	21	102	219	14	218	245	
34	161	80	169	94	129	234	73	31	1	249	10	41	202	60	80	122	139	23	145	26	186	74	213	30	220	131	236	245	138	240	128	
204	114	183	86	105	124	17	24	178	254	118	108	254	247	203	255	21	116	236	98	129	71	171	0	87	243	113	139	138	245	39	123	
15	62	241	83	227	125	249	154	123	255	116	236	217	253	223	190	23	126	247	30	135	116	238	226	78	95	117	166	206	247	79	245	
156	5	82	225	214	34	108	95	49	163	246	18	91	43	56	89	123	141	21	184	56	183	1	202	242	235	182	196	167	240	226	128	
111	122	146	22	109	153	86	216	235	248	177	108	110	216	207	158	142	228	236	70	205	99	202	232	18	88	97	186	74	191	74	29	
33	160	29	193	236	9	232	47	78	179	49	88	148	24	88	42	139	9	122	25	19	124	195	84	140	158	119	124	220	8	195	160	
2	233	6	155	236	137	168	198	190	17	80	2	172	202	113	72	74	107	34	81	66	248	74	241	36	16	222	168	84	25	129	136	
162	125	50	220	236	133	188	207	143	26	120	35	172	254	117	3	238	123	23	199	194	43	130	241	55	24	78	170	84	124	163	139	
62	69	98	232	212	34	78	247	21	1	250	2	75	43	52	80	122	207	23	241	184	187	1	142	178	237	166	196	183	219	240	128	
34	161	112	201	124	169	248	75	79	41	121	10	142	156	92	0	254	153	23	17	146	58	194	209	30	92	27	238	85	142	83	129	
130	77	2	158	92	129	170	98	148	0	88	2	32	202	49	64	72	106	19	195	66	174	2	255	48	36	138	136	21	59	48	136	
2	140	26	159	22	162	170	103	60	1	91	146	52	238	48	64	118	59	19	129	50	152	0	255	36	38	186	192	148	2	33	137	
86	40	243	101	98	106	120	18	235	176	50	168	31	159	197	126	166	189	125	24	128	245	160	192	215	248	65	182	231	225	71	39	
47	186	133	17	253	189	170	154	91	249	29	252	200	224	222	172	29	74	182	29	151	88	255	243	14	30	189	238	222	205	218	213	
5	164	212	121	140	43	101	175	118	179	107	80	211	97	216	201	17	14	106	28	114	248	205	23	140	134	117	100	248	136	217	160	
39	148	224	139	118	179	186	72	31	65	89	183	72	204	254	40	127	139	147	181	150	178	44	215	30	28	139	238	149	207	113	213	
152	196	254	225	214	10	125	255	113	179	118	146	89	47	216	59	63	221	23	184	176	252	37	198	126	203	247	196	167	144	224	169	
68	42	215	165	98	42	40	2	60	178	74	240	213	35	193	218	51	108	110	172	0	212	133	66	132	166	107	132	164	225	35	161	
0	233	158	155	236	137	188	199	190	25	112	16	172	202	104	9	203	43	34	80	82	120	202	241	44	16	94	104	80	24	131	137	
167	123	226	159	206	145	190	237	31	230	80	167	40	204	247	9	126	121	147	199	198	118	174	251	54	28	207	170	93	125	53	221	
47	96	224	65	108	59	235	88	83	226	245	154	75	76	223	62	127	204	22	63	141	118	237	194	94	94	193	254	231	255	82	229	
1	30	159	181	34	34	169	51	60	138	90	246	221	35	177	105	118	125	63	173	161	212	5	74	132	166	122	128	140	224	33	177	
6	40	146	145	242	170	184	67	190	161	115	18	140	170	64	72	183	45	123	145	18	217	130	194	28	54	27	230	132	96	35	129	
38	77	98	158	84	129	170	96	212	0	89	2	32	200	49	64	88	40	19	195	194	182	10	255	48	4	138	136	85	59	112	128	
204	63	243	114	227	124	55	146	169	238	63	60	30	247	203	190	167	118	213	82	177	69	184	162	211	221	37	179	130	247	7	115	
219	88	50	88	51	246	24	22	127	73	246	52	44	158	166	252	164	177	189	144	191	141	51	213	83	127	24	211	154	133	172	127	
139	244	253	209	226	58	185	190	58	115	30	242	157	31	220	43	39	87	125	156	243	220	173	246	78	11	126	196	39	208	135	249	
0	237	31	153	236	137	188	239	190	19	120	80	180	234	120	1	203	11	59	17	82	120	130	241	44	16	126	108	84	88	129	137	
6	204	2	154	148	163	170	230	22	1	88	2	96	234	49	64	121	106	2	209	2	184	8	255	40	6	143	192	149	91	176	136	
2	13	130	158	149	167	174	99	22	10	88	2	96	234	49	64	120	106	19	195	32	186	26	255	33	38	138	8	144	123	48	136	
134	13	130	158	212	160	174	67	180	128	90	2	40	234	49	64	108	107	19	211	50	154	2	239	56	38	142	136	149	97	161	136	
146	65	70	174	28	131	234	109	133	0	218	2	107	202	36	65	122	161	95	224	72	171	3	221	178	232	138	144	53	138	113	8	
36	169	82	137	86	139	234	75	15	33	249	10	8	138	52	16	122	169	6	177	18	186	72	221	30	140	131	108	245	10	115	128	
16	133	10	174	148	163	170	105	20	1	91	2	113	226	40	64	120	42	19	162	18	152	9	63	232	229	170	192	20	10	176	128	
2	140	2	138	20	163	170	103	22	1	90	2	32	234	32	64	121	42	2	144	18	184	0	255	40	38	138	192	148	10	176	136	
38	164	98	139	84	163	170	200	86	1	121	2	64	200	125	0	121	136	19	179	146	178	14	215	28	14	139	236	213	75	112	128	
19	204	107	195	22	130	239	254	124	96	94	198	253	38	182	101	119	207	31	239	227	152	45	255	188	46	175	192	45	130	49	125	
98	156	116	220	95	245	184	230	139	75	252	31	40	188	54	34	205	243	211	129	182	47	114	255	63	62	154	251	215	12	215	223	
2	12	130	159	214	162	170	99	180	131	91	130	108	238	48	64	127	47	51	145	16	152	0	238	28	38	154	192	133	99	49	128	
2	12	2	158	84	163	174	99	20	2	91	18	96	232	48	64	121	106	19	131	48	184	0	255	32	38	154	128	149	106	48	136	
38	96	226	192	76	59	234	200	83	162	245	10	72	200	253	40	121	204	23	251	128	118	236	218	30	12	133	172	213	255	82	132	
2	140	2	152	20	163	170	103	20	1	90	18	40	202	32	64	121	43	19	144	50	156	0	255	32	38	154	192	148	8	177	136	
182	4	194	164	132	34	204	79	21	131	242	18	11	170	49	73	120	140	31	161	56	183	1	202	176	230	206	132	165	120	240	128	
166	76	34	158	84	131	170	96	212	130	81	2	96	200	49	64	120	104	19	195	224	182	10	239	48	38	138	136	21	43	112	136	
218	73	118	228	46	10	92	112	161	130	246	10	75	139	177	83	110	229	125	234	232	215	129	204	242	235	226	144	39	177	98	8	
2	177	82	193	246	171	186	65	47	33	121	162	140	158	100	0	190	59	151	17	18	184	8	208	28	28	10	230	197	11	163	145	
6	176	178	147	210	162	184	67	190	1	91	163	140	222	120	72	119	63	179	145	146	152	136	192	28	38	154	194	133	6	161	209	
99	188	118	26	219	181	146	230	207	85	236	15	44	186	39	21	239	163	195	133	150	43	50	253	63	92	26	123	211	68	111	207	
163	105	226	159	86	145	174	101	91	194	113	131	104	236	255	32	126	235	19	199	198	182	174	251	54	12	143	168	85	190	243	204	
163	233	98	92	70	17	238	249	121	66	117	130	104	236	190	52	126	233	55	239	196	182	174	251	54	44	135	168	119	190	242	228	
10	101	242	239	116	48	250	94	45	65	252	131	169	239	189	100	254	155	215	141	130	171	102	201	102	253	186	136	167	214	99	217	
22	254	118	144	242	131	188	103	189	195	83	179	76	222	52	0	191	185	151	149	208	157	14	214	60	22	159	198	133	4	167	209	
134	13	226	158	214	130	174	67	156	193	217	151	104	238	54	64	127	239	19	181	178	155	132	238	61	44	143	200	133	46	177	208	
16	133	10	187	20	162	171	120	20	1	91	2	113	234	56	64	121	43	19	163	50	152	8	127	236	167	170	192	149	75	49	128	
217	65	118	228	98	26	125	48	57	194	246	138	91	15	149	127	102	245	253	238	232	213	165	200	246	251	224	128	39	181	98	97	
130	201	146	155	214	131	190	199	30	0	80	130	44	206	49	72	127	123	147	209	98	156	10	255	60	6	159	128	21	92	177	153	
131	105	226	159	198	147	190	229	30	230	80	135	44	204	119	8	126	123	147	199	196	186	46	251	52	12	143	168	21	126	177	221	
15	201	99	81	149	151	239	113	124	128	123	70	217	192	180	228	124	172	18	222	217	188	117	254	45	254	143	64	75	175	240	244	
183	96	226	68	78	27	238	88	89	226	117	158	74	204	223	191	126	204	55	239	237	118	236	194	22	26	197	172	103	255	90	245	
88	31	249	127	54	169	51	158	126	13	126	234	239	53	129	112	54	255	172	64	170	184	101	63	244	231	48	131	244	217	69	41	
27	159	69	175	114	58	126	186	45	96	122	231	237	47	131	208	54	231	255	230	133	152	13	127	166	231	42	128	44	247	11	217	
9	182	145	227	178	174	40	55	60	171	91	244	221	51	136	212	55	31	60	28	179	152	1	78	172	247	62	196	174	192	137	57	
32	164	192	133	92	11	172	103	28	162	240	26	128	40	16	2	105	166	95	161	120	187	65	206	52	22	158	56	197	104	80	136	
9	166	208	97	178	58	104	63	119	175	126	244	207	35	128	244	55	14	236	60	185	220	69	14	174	239	53	197	238	196	203	13	
70	178	159	243	226	168	185	81	186	57	115	240	156	215	200	26	167	31	119	17	146	92	138	80	76	146	122	230	132	1	131	177	
111	122	243	14	107	216	191	88	235	200	53	236	236	212	207	190	150	101	254	78	197	35	238	224	22	56	97	186	78	183	11	245	
83	205	107	199	150	2	239	190	116	98	222	194	113	36	158	97	118	198	63	239	241	249	173	111	124	42	238	132	37	242	241	124	
96	128	242	213	116	10	232	35	121	1	242	26	174	42	20	16	235	165	78	1	176	170	68	207	158	190	82	80	197	8	67	137	
60	205	102	231	212	18	110	246	85	128	254	2	91	43	188	64	120	206	23	234	248	186	45	174	122	239	166	196	231	218	240	136	
2	237	135	153	236	169	172	199	190	17	88	66	180	202	105	72	203	107	34	80	66	120	66	241	36	16	190	168	28	88	129	168	
162	189	58	220	236	133	188	239	143	26	120	35	172	254	53	3	239	123	23	133	242	43	130	251	55	28	222	170	84	104	33	139	
39	36	234	155	86	163	186	200	30	67	81	147	80	206	127	72	127	137	19	183	182	150	14	211	28	15	171	236	149	11	49	208	
158	172	244	243	226	58	124	187	51	51	126	146	61	47	216	27	39	223	181	154	162	220	45	231	222	203	254	196	167	197	193	137	
1	160	145	209	108	137	233	15	78	49	113	88	149	19	216	40	131	10	98	25	19	124	195	81	12	152	58	108	156	136	193	160	
128	76	2	158	92	129	170	98	148	2	80	2	32	202	49	64	72	106	2	195	98	174	2	255	32	38	138	8	21	25	48	136	
79	120	240	87	102	28	123	152	123	222	119	172	249	255	223	190	55	253	181	206	133	84	174	226	70	255	245	170	167	247	78	253	
91	223	119	231	178	74	63	183	45	232	94	228	253	55	128	231	38	119	61	236	241	152	37	236	236	243	110	128	46	214	165	121	
182	96	226	68	76	59	238	88	123	162	245	10	74	201	213	62	122	236	119	234	200	119	236	202	22	14	65	172	103	251	114	132	
18	27	216	255	50	169	191	214	63	12	126	231	173	99	163	64	118	123	175	66	130	152	75	251	230	183	58	131	190	209	13	57	
34	238	62	26	219	245	176	231	143	93	120	11	44	190	102	0	239	59	195	149	38	43	42	245	63	22	30	107	209	28	175	207	
2	236	2	154	148	131	174	230	22	129	88	2	96	202	49	64	121	106	2	209	98	184	8	255	40	6	143	192	149	90	176	136	
2	141	130	158	149	165	174	231	150	9	88	2	160	234	49	64	216	106	51	193	50	170	18	191	33	54	154	8	144	73	48	138	
89	205	110	199	22	18	239	248	116	226	222	2	113	41	145	97	126	198	61	234	233	249	173	109	118	47	231	128	39	243	113	104	
41	41	35	11	213	149	238	246	87	192	90	70	176	200	181	164	220	234	18	221	223	186	119	255	61	30	158	64	95	142	120	156	
2	141	2	138	20	163	170	103	20	1	90	2	96	234	32	64	120	42	19	144	18	184	1	255	40	36	138	192	148	74	176	136	
87	157	71	175	178	10	111	185	45	192	91	230	253	102	145	116	54	231	127	239	213	153	45	239	180	108	175	128	45	183	35	125	
36	108	234	171	84	163	170	200	86	162	121	2	81	200	125	8	89	104	19	243	162	182	14	186	88	13	171	172	213	123	112	128	
6	140	130	159	148	162	170	67	54	1	91	2	104	234	48	64	123	47	51	145	18	152	8	239	44	38	138	192	132	67	177	128	
96	128	243	213	116	136	232	3	123	1	242	82	174	10	20	88	234	161	78	17	146	252	64	197	158	190	82	64	69	8	67	137	
0	141	130	158	148	163	170	99	20	3	91	2	96	234	48	64	121	106	2	131	18	184	10	255	32	38	130	0	148	107	176	128	
163	233	226	221	212	147	174	234	86	66	88	3	40	232	54	32	122	235	19	199	214	186	172	251	54	12	143	168	85	63	243	204	
130	173	226	159	198	131	190	226	30	192	88	135	108	238	54	0	126	251	147	199	208	154	14	251	52	4	143	160	21	125	177	217	
2	140	2	153	20	163	170	71	22	1	90	18	104	234	32	64	121	43	19	144	50	156	1	255	40	38	154	192	148	10	177	136	
130	229	116	237	60	162	250	127	45	1	250	130	237	79	28	65	254	155	95	241	162	184	65	221	166	249	138	130	23	212	225	137	
6	253	98	154	210	130	190	103	188	129	91	163	108	238	52	64	127	187	147	145	208	155	10	254	60	14	143	192	133	6	161	209	
130	73	130	159	214	131	190	231	30	128	82	130	44	206	49	64	127	123	147	211	98	152	10	255	60	6	159	128	21	94	177	153	
2	217	242	217	118	143	186	199	191	105	91	163	12	190	116	64	167	63	151	5	146	185	12	211	62	60	11	198	53	92	161	211	
163	137	98	92	198	147	238	234	93	64	124	130	104	236	182	48	126	239	23	207	213	186	166	255	54	44	139	168	87	174	114	204	
242	104	226	84	68	2	108	80	241	130	246	10	106	201	117	24	120	236	102	234	200	247	128	202	22	46	193	136	103	177	98	136	
162	15	66	218	95	241	248	103	29	132	124	171	40	238	183	197	254	187	179	148	38	27	38	255	62	82	158	235	23	92	124	207	
6	185	82	128	214	129	186	195	175	1	120	162	12	222	116	0	110	187	23	211	18	187	0	244	60	28	14	234	69	3	163	129	
66	24	118	218	100	188	248	23	235	25	51	48	172	159	244	89	134	179	55	17	146	173	34	209	6	248	26	194	86	132	225	9	
219	73	118	198	226	18	125	245	49	194	118	146	121	47	183	127	102	245	183	238	225	223	165	234	118	251	246	128	39	180	224	125	
19	141	111	199	22	162	239	249	108	96	95	130	121	103	187	96	118	239	63	239	193	152	45	253	252	47	171	128	53	243	113	121	
34	252	62	216	223	237	184	231	143	91	248	31	188	190	102	0	205	51	211	129	178	62	82	247	63	30	158	251	209	8	135	219	
208	65	70	172	12	3	76	109	165	0	211	10	107	74	40	65	120	160	110	226	104	167	67	221	176	224	202	24	53	168	240	8	
134	96	235	186	206	163	171	200	22	194	81	147	81	206	125	72	127	121	19	247	162	214	14	242	92	14	175	172	149	123	49	208	
75	159	86	71	179	190	122	55	109	105	62	228	238	50	142	244	55	6	220	44	183	152	37	255	174	255	52	194	42	198	137	29	
171	9	98	222	246	155	127	116	125	224	126	138	105	238	183	244	126	190	183	236	245	186	36	254	62	126	130	194	55	142	112	253	
6	233	146	146	210	128	186	193	62	1	91	130	12	206	112	64	126	187	147	209	18	155	10	244	60	4	138	200	133	7	161	145	
176	68	194	136	148	34	102	230	53	35	218	18	3	170	49	73	120	204	14	177	56	191	1	194	176	230	214	84	165	121	176	0	
32	160	201	149	92	11	168	99	28	163	242	90	176	42	16	66	104	173	78	129	41	254	65	206	28	22	218	40	141	40	112	136	
92	95	120	111	114	138	127	51	61	132	126	230	255	97	131	80	54	255	132	110	216	184	13	47	254	239	38	192	111	163	129	57	
28	133	10	171	148	163	203	248	4	1	217	2	81	227	40	64	120	42	23	226	26	177	9	63	232	229	171	196	181	11	48	128	
34	220	62	220	223	237	184	231	155	91	248	27	188	190	36	32	205	179	215	129	182	47	82	247	63	62	154	251	213	8	215	223	
9	226	16	251	100	153	225	156	94	57	84	112	189	147	200	236	3	10	38	24	3	188	67	177	196	217	50	224	222	137	137	169	
28	133	27	175	150	34	107	121	36	1	223	130	85	103	56	64	126	139	31	234	24	145	9	31	232	229	170	196	52	130	161	32	
183	105	234	68	198	26	236	96	89	226	116	143	64	172	247	47	126	236	55	239	229	247	164	200	54	10	199	172	101	253	122	212	
12	94	122	239	118	138	127	113	125	140	126	230	189	207	161	96	118	121	134	82	210	152	101	255	238	231	46	192	52	131	165	169	
0	189	29	185	236	141	172	255	62	27	120	112	180	178	96	65	231	27	51	24	83	88	3	81	44	16	127	236	152	80	161	169	
187	247	98	4	114	27	254	253	49	100	124	239	107	13	190	148	62	205	151	238	236	186	36	255	118	93	36	167	111	158	206	221	
16	173	66	137	84	139	234	99	143	33	250	2	12	138	32	64	122	169	14	240	18	185	0	221	188	132	139	100	85	11	241	128	
158	237	244	247	226	168	124	183	59	179	62	147	109	111	88	27	39	243	53	143	178	220	11	247	238	223	255	164	167	244	129	129	
35	141	98	204	86	147	254	119	125	65	124	130	40	173	182	116	126	170	23	236	198	186	38	223	118	62	134	136	119	140	240	236	
52	108	235	169	212	131	175	216	86	226	84	3	81	201	113	8	121	105	23	255	168	182	12	26	240	143	175	164	181	123	112	160	
2	140	2	154	20	163	170	103	20	1	90	2	40	226	32	64	121	42	2	128	18	152	1	255	40	38	138	192	148	10	176	136	
36	13	162	154	212	163	162	192	86	1	89	2	96	232	49	64	120	106	2	145	146	186	10	255	40	38	135	64	149	107	176	128	
167	105	234	213	196	3	173	69	88	194	80	139	81	236	247	40	122	237	19	199	228	246	164	202	116	43	239	160	69	120	242	208	
251	193	114	204	198	18	125	119	113	66	118	146	73	47	188	119	126	214	55	234	249	187	167	237	118	122	198	136	39	180	226	108	
2	141	130	159	86	131	174	230	30	0	90	131	44	238	49	64	126	123	147	199	114	152	2	255	60	6	159	128	21	124	49	152	
38	97	226	200	212	147	174	196	86	193	90	2	8	200	253	96	120	233	19	209	194	179	38	234	62	12	143	204	213	30	240	140	
83	159	86	76	242	186	122	190	109	73	126	230	108	34	134	244	38	135	222	172	151	153	37	255	62	127	2	194	47	132	169	93	
29	205	110	207	22	146	239	245	100	224	223	2	121	107	185	96	126	230	63	234	216	185	45	253	118	239	167	128	39	186	112	104	
34	156	63	223	252	205	185	231	158	25	88	83	180	190	36	0	205	59	51	129	179	62	82	247	45	54	186	234	144	8	135	187	
34	156	106	152	223	241	184	103	159	21	252	187	40	220	38	16	235	187	147	145	54	43	54	247	63	22	154	235	213	76	253	222	
87	205	107	207	50	2	111	188	108	192	223	198	113	102	178	116	118	229	127	239	217	152	45	109	244	45	175	128	37	178	33	113	
43	169	66	137	245	159	238	231	95	65	92	6	40	136	182	228	120	42	18	13	215	186	20	255	62	60	150	234	95	14	248	156	
2	188	58	152	219	197	176	231	159	93	120	27	36	222	110	0	237	59	147	145	54	47	50	247	63	22	30	107	209	8	167	223	
2	72	127	218	100	168	248	4	175	25	50	80	164	138	124	73	166	171	55	17	146	45	2	241	4	56	26	202	212	129	193	129	
128	8	91	153	116	168	232	6	188	17	115	80	180	2	20	72	170	41	70	17	19	188	192	85	4	58	58	64	204	8	65	168	
214	204	198	183	148	42	110	231	59	51	251	18	111	42	12	89	123	207	14	130	120	252	73	239	188	206	222	132	225	113	227	8	
137	218	144	217	179	153	48	31	127	25	116	118	173	147	163	236	103	26	134	24	134	188	35	211	134	223	50	195	190	140	9	141	
27	194	114	89	55	187	120	158	127	77	118	245	175	10	190	252	55	10	172	28	182	188	37	215	142	255	48	199	246	140	205	77	
23	223	67	175	54	139	235	248	13	192	90	231	125	78	178	96	118	249	31	255	197	144	45	253	180	108	171	192	61	143	33	245	
9	143	147	189	180	143	47	183	54	138	90	64	181	179	161	224	86	106	54	72	99	152	65	63	228	167	62	0	24	216	161	169	
0	8	137	149	116	169	168	7	28	33	114	82	180	2	16	72	106	168	18	137	17	252	65	69	4	6	186	64	12	8	113	168	
62	201	226	199	70	26	234	240	75	224	118	2	105	201	245	112	126	237	55	203	200	178	175	225	30	127	199	128	103	190	114	140	
29	219	122	235	114	138	122	116	45	128	127	231	125	79	162	64	118	249	151	238	193	144	13	253	246	237	42	128	63	179	41	145	
150	141	194	147	148	42	238	231	61	179	251	18	74	42	56	73	121	207	31	147	120	255	73	238	188	166	222	196	165	121	241	8	
160	12	2	158	21	165	138	66	22	2	64	18	32	232	49	72	216	106	19	131	34	174	26	191	1	38	154	8	16	105	48	136	
10	159	23	137	187	227	27	182	141	76	222	229	140	39	160	197	70	51	143	229	145	137	97	253	172	244	42	210	62	132	165	125	
28	133	77	235	146	34	75	184	4	33	223	130	215	103	168	65	118	214	29	238	25	129	105	61	248	229	171	212	54	163	160	113	
243	233	98	70	70	16	239	240	105	224	244	142	40	140	247	164	126	205	55	207	199	63	172	235	54	44	139	168	103	183	115	253	
9	189	17	185	240	143	45	183	62	41	90	80	181	179	160	96	85	59	54	8	115	216	81	63	237	134	62	224	24	80	161	169	
98	151	110	4	246	74	190	119	169	229	155	175	64	44	150	18	191	247	215	165	244	251	165	206	62	38	173	215	101	238	246	223	
187	214	98	4	118	147	254	244	57	100	118	239	105	140	190	149	62	237	151	239	237	183	36	255	54	123	128	199	111	150	122	221	
128	8	138	185	20	163	169	70	62	3	82	18	53	138	32	64	123	41	19	144	34	156	0	94	68	167	186	192	148	8	49	136	
3	89	122	216	237	181	220	215	175	89	52	33	172	222	255	123	198	59	23	85	134	33	34	209	3	88	90	234	214	148	225	215	
146	223	102	212	246	211	190	245	157	228	244	167	8	222	182	33	174	249	151	231	244	191	44	254	62	24	207	195	119	188	167	215	
66	183	111	133	246	42	191	247	168	100	90	239	117	172	156	3	62	231	87	165	245	187	164	77	124	46	239	128	77	232	247	217	
67	159	126	12	114	178	248	119	233	68	126	231	40	46	150	113	38	167	54	133	149	25	37	221	62	62	42	195	109	132	107	93	
31	89	67	175	114	130	107	112	37	192	91	231	125	79	177	240	126	169	23	238	205	144	45	253	182	236	171	128	63	167	33	241	
34	156	106	152	222	225	185	103	158	69	120	179	32	188	38	0	235	59	147	145	54	58	118	247	95	23	154	235	213	72	181	222	
8	157	19	189	240	237	185	247	30	73	88	82	180	247	32	64	245	59	19	1	115	184	18	119	237	134	58	104	24	72	165	187	
87	73	106	207	22	26	111	120	100	192	223	130	113	71	151	116	126	236	125	238	201	145	173	109	240	173	171	128	37	179	115	97	
51	207	115	77	118	211	166	247	77	64	122	226	40	216	180	228	126	170	22	73	199	186	36	255	52	44	38	130	119	158	248	173	
2	188	59	184	218	229	177	239	158	93	88	27	180	190	96	0	239	59	19	145	50	122	146	119	93	6	58	106	208	72	167	251	
20	141	198	151	148	42	230	231	53	179	210	2	106	34	41	89	121	206	46	146	120	251	73	238	188	166	222	64	133	120	177	8	
130	240	155	152	232	165	185	87	190	25	112	112	188	150	100	73	199	27	23	17	131	79	2	81	69	24	58	238	152	0	161	185	
137	138	19	185	116	172	233	18	60	9	86	84	181	131	176	228	83	42	6	24	51	188	65	39	196	167	58	192	136	136	9	169	
179	236	98	204	86	146	234	240	89	66	212	139	40	204	182	165	126	233	23	239	229	183	164	255	54	40	138	168	103	191	114	252	
67	222	122	9	114	186	184	55	125	77	126	183	44	46	182	84	167	163	206	20	182	189	37	223	62	62	50	195	253	132	237	93	
60	141	102	239	20	131	110	248	85	128	251	2	107	105	57	64	120	238	23	227	200	187	9	253	186	239	135	196	119	187	112	136	
23	73	107	239	54	131	235	112	45	192	95	198	121	78	187	100	126	169	31	239	201	144	45	221	244	45	171	128	53	171	49	245	
137	138	19	185	116	168	169	22	62	25	114	80	189	147	160	232	135	43	34	25	19	188	2	83	68	167	58	64	152	128	129	169	
25	221	19	255	176	143	102	183	52	9	78	68	183	51	160	228	23	122	28	72	107	152	81	63	161	255	38	0	58	210	137	41	
34	110	234	152	118	241	184	70	158	151	88	187	32	140	119	8	237	43	131	149	134	63	38	242	94	21	158	235	213	92	127	206	
187	233	98	74	86	145	234	248	65	96	245	138	41	205	247	52	126	168	23	239	207	50	44	253	54	72	129	232	119	143	114	237	
30	233	228	239	126	137	248	184	175	177	22	131	237	207	220	66	166	249	127	221	194	72	207	253	206	217	239	232	55	166	1	201	
51	204	102	12	70	179	250	240	105	68	126	199	104	76	183	181	126	237	151	239	197	179	36	253	54	42	202	128	111	191	122	221	
130	249	187	216	236	133	188	199	143	89	16	97	180	158	117	107	166	59	23	21	211	107	2	209	85	24	254	234	220	80	161	187	
178	201	98	206	68	144	234	240	65	0	244	2	105	201	244	100	122	236	55	202	200	191	174	227	22	108	131	136	103	170	114	140	
20	205	196	151	148	10	110	231	63	179	242	10	238	106	9	91	123	231	110	146	120	250	73	237	188	166	223	68	225	112	227	8	
66	159	86	216	123	243	56	55	141	73	126	230	44	182	166	245	198	51	158	128	149	153	36	221	62	112	26	195	30	132	45	29	
31	27	226	79	38	50	186	80	77	68	255	231	105	44	183	228	118	229	191	238	133	177	37	232	22	125	170	131	127	255	105	213	
29	73	106	239	22	147	251	120	100	192	223	130	121	79	191	96	126	184	31	239	202	177	45	221	118	109	171	128	55	171	113	224	
230	234	230	24	223	241	184	206	219	87	180	191	8	204	119	94	239	129	227	149	182	111	38	211	27	30	155	239	215	29	127	215	
2	156	59	184	124	228	185	103	158	75	88	87	180	255	48	96	239	59	51	145	179	155	18	255	93	38	186	200	157	8	181	187	
103	174	228	24	207	177	184	202	219	87	124	191	8	232	118	29	235	139	163	149	182	111	166	241	30	26	219	239	215	77	127	198	
108	83	215	174	42	139	22	25	143	204	185	237	238	237	233	210	214	113	238	98	157	35	202	136	234	245	37	186	94	191	168	17	
