兰蔻空气轻垫柔雾唇釉	#186 元气甜蜜	http://www.lancome.com.cn/on/demandware.static/-/Sites-lancome-master-catalog/default/dwd89d8dc8/images/LAN_PRO_IMG/PRO/L6985600U.png	http://www.lancome.com.cn/dw/image/v2/AARM_PRD/on/demandware.static/-/Sites-lancome-master-catalog/default/dwed684d6b/images/LAN_PRO_IMG/PRO/matte-186.jpg?sw=490&sh=490&sm=fit
246	104	214	222	79	3	70	232	183	178	225	26	96	251	109	91	249	228	107	226	108	71	218	107	19	170	199	63	33	57	114	130	
6	12	130	158	20	163	174	67	22	2	91	2	96	234	49	64	120	106	19	131	32	188	2	255	32	38	138	136	148	107	48	128	
134	13	2	158	84	131	174	96	150	128	89	2	96	234	49	64	120	106	19	195	98	186	10	255	48	38	143	136	21	123	48	128	
25	77	71	238	20	130	79	116	69	128	218	66	115	99	177	228	120	228	30	234	201	147	5	158	176	236	167	144	63	186	112	40	
57	188	127	122	211	255	115	247	55	67	236	24	127	255	2	176	183	187	214	16	63	155	58	63	251	223	52	67	226	192	167	251	
60	125	58	103	48	223	119	48	125	136	127	8	255	127	1	48	148	126	85	106	200	176	57	47	231	255	32	0	98	179	66	163	
34	193	244	236	116	26	252	189	95	88	252	131	235	237	180	96	255	221	55	237	202	184	43	221	174	250	199	198	87	190	208	77	
132	73	6	155	236	169	172	197	188	19	83	18	140	138	105	75	106	139	46	210	114	116	203	224	148	16	218	8	20	89	177	128	
188	69	102	236	148	18	206	253	85	32	254	2	91	105	188	101	120	228	63	234	248	187	37	142	242	239	166	132	119	186	240	8	
2	217	22	155	237	133	184	207	158	25	80	51	172	222	96	73	239	59	179	21	82	92	2	241	12	16	222	234	148	12	165	219	
131	168	224	147	230	177	188	207	58	115	80	147	44	174	214	40	63	219	179	149	182	220	172	243	30	30	222	228	133	84	179	221	
166	112	224	154	79	241	184	200	139	118	145	187	140	220	127	11	201	153	243	211	6	118	250	241	23	16	219	191	85	29	23	214	
92	237	110	231	86	26	239	240	117	224	223	130	123	109	149	112	126	252	127	238	232	179	173	239	246	239	175	128	39	183	114	104	
239	98	228	18	237	29	252	200	203	254	181	159	72	200	223	159	202	197	231	119	132	103	238	224	30	24	197	191	199	63	94	199	
142	255	166	155	237	221	126	246	207	222	92	7	174	239	119	103	201	106	134	198	198	184	122	249	175	216	199	43	18	255	245	223	
42	239	18	190	107	209	190	226	139	156	92	171	172	239	35	133	238	123	179	195	66	90	138	253	55	113	207	171	23	127	47	251	
15	253	18	222	239	213	182	246	207	222	124	6	172	250	99	39	234	123	130	67	70	123	186	249	191	217	79	43	19	127	47	207	
29	13	107	207	214	178	235	119	117	65	254	198	121	111	180	100	127	174	22	188	185	184	37	223	62	239	166	192	191	202	241	228	
126	253	98	202	159	245	150	236	139	94	157	175	106	220	127	54	205	211	221	243	238	35	186	243	123	85	141	191	247	127	254	87	
255	221	50	90	187	245	222	244	153	79	157	63	106	253	63	52	141	243	213	195	255	35	58	247	123	93	12	251	215	215	166	119	
58	209	246	237	46	19	88	63	155	249	126	179	205	255	244	54	158	189	181	165	216	216	227	213	202	251	255	206	55	132	131	217	
130	88	210	158	102	160	186	194	157	138	80	34	172	216	49	73	238	107	55	195	34	189	2	235	20	50	218	138	213	89	49	137	
255	221	242	126	179	244	223	180	217	94	157	189	106	253	191	55	151	243	149	103	255	15	184	239	123	95	124	251	223	247	222	127	
56	141	66	235	148	163	98	127	53	1	254	2	107	203	40	64	120	170	14	184	26	179	1	191	250	237	163	64	183	202	240	128	
56	13	106	235	212	163	111	127	85	1	254	2	113	227	177	96	122	170	23	168	152	187	37	255	242	239	163	128	183	218	240	160	
166	24	242	222	79	229	186	64	156	130	113	163	44	220	53	8	254	249	147	195	34	191	26	235	21	54	202	139	85	125	37	155	
166	77	98	158	84	131	174	96	86	128	89	2	96	232	53	64	120	104	19	227	226	178	10	255	48	46	139	136	85	123	112	128	
60	141	102	231	212	138	238	240	117	32	250	2	107	105	188	64	120	206	63	242	250	187	77	239	62	239	135	196	103	138	112	136	
6	48	178	155	109	165	184	65	158	25	81	16	140	222	104	73	230	57	147	17	146	213	2	209	5	16	90	202	144	13	33	147	
230	98	228	18	237	21	252	200	203	254	181	191	72	200	223	159	203	193	247	247	198	103	238	224	30	24	197	191	199	191	94	199	
166	48	162	154	79	245	184	200	158	85	209	179	140	222	110	11	239	153	147	211	22	71	250	240	29	16	218	239	149	13	53	215	
13	252	31	119	36	79	39	246	100	234	122	100	247	115	129	51	21	116	70	42	225	244	121	44	229	207	117	128	104	243	195	185	
124	205	98	231	20	146	238	240	117	96	255	2	123	105	180	100	122	206	63	234	232	187	109	239	126	239	167	128	39	174	112	136	
30	141	212	247	246	11	254	250	61	146	176	10	239	106	25	89	127	227	95	224	104	243	72	239	190	223	223	160	165	248	99	136	
132	108	150	158	205	161	166	200	246	147	225	26	228	224	105	11	249	110	106	146	34	231	154	115	25	166	215	44	193	123	99	130	
166	96	224	154	111	113	184	200	139	247	213	187	136	204	127	15	203	201	179	215	6	118	254	240	31	16	219	239	215	63	126	214	
2	160	18	155	105	173	184	64	190	25	81	16	172	222	104	73	230	59	51	17	2	92	10	241	5	18	90	234	144	1	33	139	
86	141	192	183	212	136	238	227	63	146	178	2	237	106	41	89	123	227	95	162	122	123	72	255	188	246	223	164	181	248	161	8	
124	205	198	231	220	10	78	252	21	128	250	2	67	41	53	82	120	204	127	227	104	243	201	174	178	239	196	128	103	251	240	136	
239	106	228	6	109	29	246	200	233	190	181	13	74	200	223	159	170	196	230	102	196	103	238	224	22	88	69	191	67	191	90	199	
131	159	109	223	226	18	173	55	124	91	95	246	253	54	150	101	39	7	54	173	241	156	101	111	100	42	250	192	60	192	145	253	
38	141	112	211	244	137	238	233	127	17	176	10	202	104	28	17	251	227	95	49	250	106	72	255	190	158	199	220	213	8	195	128	
86	141	208	183	214	169	238	227	63	178	179	2	237	106	121	65	123	227	95	147	106	123	73	255	188	214	223	132	181	104	33	136	
230	106	100	18	109	89	188	200	203	246	181	169	136	204	95	31	136	193	227	71	196	103	238	240	22	80	201	191	71	61	94	214	
195	158	69	155	178	166	168	183	62	91	91	245	220	38	132	205	167	7	63	149	183	216	111	247	12	50	122	198	156	197	137	93	
250	193	114	224	38	8	222	117	41	0	250	138	43	15	20	16	238	129	23	226	200	191	65	207	178	249	138	144	103	154	226	9	
36	204	192	159	252	137	238	229	29	35	248	10	234	104	28	81	123	195	95	99	104	51	72	255	180	62	207	124	85	120	211	136	
2	160	148	155	228	169	184	143	62	17	82	145	172	222	104	73	231	27	179	149	18	220	75	245	12	18	222	230	148	12	161	153	
36	36	130	153	212	163	162	79	22	131	121	18	0	234	41	72	121	40	2	16	18	182	0	202	16	6	146	36	149	120	176	128	
82	1	82	137	222	136	104	65	45	33	218	2	142	10	48	80	106	135	95	241	26	27	193	196	156	176	138	200	37	10	161	8	
130	72	198	157	100	160	234	194	157	130	82	2	172	138	53	73	234	235	55	195	32	252	2	232	148	58	218	136	5	121	113	136	
174	191	120	115	177	247	155	214	31	77	93	181	29	125	191	36	151	59	149	85	183	152	40	190	107	221	45	231	254	199	159	243	
187	113	230	237	60	18	254	156	239	200	126	163	233	255	183	102	254	253	181	237	206	240	167	205	226	249	174	138	39	182	112	93	
134	4	130	153	148	162	168	67	62	131	83	18	76	202	56	72	123	43	51	145	50	148	1	198	12	6	155	196	148	72	177	128	
6	4	130	153	212	163	170	67	22	131	91	18	72	234	40	72	121	40	2	144	50	182	0	202	12	6	154	192	149	74	176	128	
253	116	31	98	48	79	67	152	229	234	167	72	215	87	193	51	20	228	76	126	105	229	249	12	241	201	37	52	98	179	66	97	
34	165	244	244	244	187	250	218	59	185	60	10	143	255	244	16	255	251	23	56	178	107	170	223	138	222	151	254	199	228	67	137	
134	36	162	147	214	162	168	65	156	195	211	147	76	238	112	72	127	45	51	149	176	215	2	194	28	38	159	200	133	110	177	208	
9	221	21	231	180	46	111	190	36	186	90	96	247	51	129	227	23	86	124	42	97	216	89	45	236	163	127	132	40	242	129	41	
131	151	237	157	226	10	173	55	120	75	86	246	245	38	150	103	55	71	55	173	241	220	101	79	36	42	254	128	44	224	145	253	
186	64	114	228	38	11	94	116	105	32	250	10	43	11	53	16	126	129	23	98	200	183	69	202	178	249	128	144	103	154	114	9	
127	61	176	106	251	244	155	222	139	205	157	45	14	252	255	180	159	251	149	81	159	3	186	242	187	93	173	255	223	87	190	215	
159	185	116	107	189	183	218	127	79	233	125	54	27	157	150	36	142	59	215	92	159	184	105	246	111	217	41	226	87	143	196	247	
27	101	104	207	118	179	239	123	63	192	93	130	253	111	159	96	54	185	31	239	227	144	45	223	246	77	171	128	55	166	25	241	
104	229	163	122	221	205	86	236	187	93	109	9	238	253	40	16	145	122	193	82	90	35	154	55	235	245	20	123	210	22	214	250	
30	100	226	195	84	51	234	90	95	163	125	2	9	201	253	44	123	137	23	153	138	182	44	194	126	205	159	164	167	251	112	132	
31	100	226	195	86	179	234	90	95	227	95	2	25	202	255	44	123	137	23	153	134	180	45	218	94	77	191	228	183	223	112	228	
110	79	102	190	127	130	191	224	137	140	249	175	104	237	55	215	238	227	243	231	96	35	138	255	119	127	207	139	87	127	119	211	
92	81	149	231	137	78	71	156	32	184	131	72	223	119	73	118	48	84	125	122	73	193	249	40	233	226	101	20	34	179	1	33	
46	189	128	115	217	221	22	183	19	57	172	24	170	245	72	180	205	250	209	80	91	90	216	183	175	213	20	115	218	93	154	186	
104	172	179	118	249	252	80	7	249	15	235	25	162	184	14	154	193	58	232	16	62	234	242	39	207	247	16	91	194	72	198	74	
132	165	189	241	190	47	168	11	126	179	211	82	213	123	88	75	119	31	123	57	178	252	79	86	140	170	255	68	132	232	145	160	
232	176	188	117	41	109	81	59	123	191	37	24	214	121	72	59	145	20	125	32	106	116	219	19	207	219	85	119	66	96	70	35	
210	207	198	190	11	128	30	239	191	22	232	147	109	239	36	83	238	243	235	194	106	79	138	255	179	242	222	27	49	116	167	10	
254	253	224	122	139	245	150	220	147	95	157	63	106	253	111	6	157	211	213	243	254	103	186	243	123	93	13	255	243	127	254	87	
57	141	106	78	84	146	199	113	85	192	254	10	115	225	180	112	120	238	86	234	249	187	44	47	114	173	165	128	101	250	114	168	
33	239	83	77	118	138	231	191	124	0	122	96	115	65	140	48	58	126	70	104	227	184	101	63	36	172	37	64	101	146	194	169	
58	49	246	236	126	179	216	63	155	249	95	187	223	223	182	34	150	189	181	181	144	248	103	220	202	251	251	206	39	141	129	215	
150	24	226	222	111	244	186	80	221	202	83	163	40	252	55	107	238	121	183	211	160	247	182	232	19	56	202	138	135	117	117	215	
57	159	107	206	244	178	239	247	69	200	254	230	115	233	180	96	126	238	6	234	217	187	44	175	114	237	166	128	127	250	240	185	
135	96	235	147	102	17	190	216	31	227	85	215	157	206	255	172	127	201	151	223	199	212	172	194	6	14	191	164	175	189	57	213	
72	173	174	50	129	221	116	167	175	119	14	9	174	253	18	82	161	42	249	5	70	121	178	53	239	119	84	123	2	68	223	74	
28	93	87	231	177	78	79	188	37	136	254	64	123	119	1	244	54	246	189	234	105	145	25	175	227	239	37	128	42	247	224	57	
89	159	139	164	176	72	79	191	32	72	218	104	215	115	128	112	50	198	124	232	89	11	161	45	248	229	47	204	168	162	163	33	
92	52	157	247	136	110	85	152	160	182	135	8	215	119	73	91	17	212	109	50	120	69	251	32	217	163	101	53	160	115	134	98	
26	4	234	233	214	163	239	223	23	3	124	2	25	235	176	32	127	171	23	153	154	184	37	254	254	205	174	192	183	218	241	232	
126	59	226	14	203	117	150	202	139	237	189	47	72	252	127	30	141	243	255	147	134	35	186	240	27	85	13	191	211	127	126	87	
255	223	240	126	161	244	95	183	89	206	29	181	123	125	158	53	151	115	149	71	253	76	60	175	107	255	124	219	142	247	222	119	
221	59	253	231	168	126	95	152	169	252	191	236	223	119	203	251	166	247	253	110	153	193	233	168	234	251	111	148	166	247	7	113	
34	172	130	139	84	131	170	103	22	1	216	130	40	206	48	64	125	187	19	145	82	187	0	255	60	4	154	200	85	10	177	136	
220	108	101	119	9	47	79	184	177	186	167	88	95	83	73	59	33	244	125	234	104	69	137	60	243	203	229	180	34	243	2	35	
29	97	31	103	130	79	111	185	164	232	175	136	247	103	9	51	52	214	125	238	73	144	57	61	225	203	101	144	96	243	131	112	
72	164	174	50	145	252	49	135	252	95	142	25	190	189	66	123	129	54	249	17	62	72	242	39	207	115	84	75	194	68	143	122	
132	204	207	121	144	166	47	207	62	10	242	213	213	231	41	24	61	81	102	188	35	197	59	95	233	134	175	196	137	112	163	176	
201	223	219	231	242	8	111	183	48	74	122	244	247	247	192	112	54	127	61	238	241	24	169	43	228	229	46	136	44	242	167	121	
239	246	245	83	233	125	124	157	123	251	181	125	207	127	222	191	151	221	253	52	191	102	235	194	159	223	117	255	206	245	206	245	
229	120	149	101	44	47	66	154	67	250	162	92	211	1	81	59	137	196	108	126	169	102	249	0	199	218	69	60	200	249	82	48	
90	141	54	94	155	209	20	239	255	22	174	1	108	250	38	245	163	51	232	128	118	73	58	253	187	246	30	11	18	68	173	14	
106	169	172	119	201	221	85	167	163	117	172	9	178	189	67	50	137	246	249	0	74	90	243	49	231	215	220	51	130	84	214	250	
151	82	227	147	214	147	187	216	63	71	87	247	9	206	255	72	127	137	151	149	167	148	45	210	30	14	191	196	189	149	33	213	
1	157	127	77	168	238	164	183	236	88	122	96	240	126	132	98	175	118	126	8	145	169	51	125	47	174	118	194	73	66	231	169	
80	157	153	190	176	172	79	158	62	73	90	76	247	247	0	96	215	255	61	5	11	24	219	59	253	230	62	136	184	80	129	57	
38	13	194	150	220	130	238	224	189	130	240	10	232	106	61	88	123	227	95	211	104	235	72	238	60	30	223	136	229	121	114	136	
3	223	18	219	179	149	62	230	159	31	92	167	172	182	102	100	239	123	147	210	102	152	58	247	175	86	158	235	146	93	173	223	
230	236	128	154	61	141	66	168	143	184	152	8	226	202	88	18	209	198	127	115	106	103	203	247	189	148	143	124	16	11	18	8	
130	249	178	219	163	213	60	230	63	85	76	33	172	214	103	109	231	123	179	194	70	88	186	241	175	80	95	43	18	84	175	223	
27	49	246	252	62	179	216	30	159	233	127	187	205	255	182	42	150	255	245	149	148	250	231	220	202	251	251	194	231	133	129	87	
77	167	208	88	221	121	89	155	115	119	45	28	141	227	91	158	147	10	224	60	22	72	254	211	207	221	21	127	210	228	207	214	
151	161	107	191	84	162	239	248	20	64	91	215	113	237	188	96	126	235	23	239	209	186	44	207	116	46	170	196	53	171	177	240	
56	141	106	110	212	2	231	117	212	128	254	10	115	233	176	112	120	238	86	106	249	187	44	47	114	239	165	128	103	250	242	168	
6	132	130	153	148	162	168	199	54	131	90	18	72	234	56	72	123	43	19	177	50	156	0	214	44	38	158	196	148	72	177	128	
6	77	2	158	84	131	174	224	150	128	89	2	96	234	49	64	120	106	19	195	98	186	10	255	48	38	143	136	21	123	48	128	
6	132	130	153	148	163	170	71	22	131	91	18	64	234	40	64	121	42	2	144	50	190	1	206	40	6	158	192	149	74	177	128	
6	77	2	158	20	162	46	226	182	130	90	2	40	226	33	64	120	107	19	194	96	154	10	255	40	38	143	128	21	121	49	136	
31	100	226	195	84	179	234	216	87	227	95	2	89	203	253	40	123	137	23	155	134	182	44	210	126	77	175	164	183	255	112	228	
158	189	118	234	254	163	218	155	143	113	123	187	207	159	60	2	175	159	247	151	146	250	75	247	154	255	186	210	134	207	129	81	
32	36	130	137	212	163	174	79	22	131	120	18	0	234	48	64	121	42	2	145	18	190	0	202	56	6	150	68	149	90	176	128	
128	8	210	157	100	160	234	66	29	130	82	18	172	138	49	73	106	235	55	211	34	253	2	234	20	54	218	8	133	121	113	136	
123	207	114	70	189	26	94	175	233	206	190	13	106	104	151	182	186	230	204	110	236	171	109	239	178	255	5	19	99	246	238	76	
17	141	107	203	214	178	235	247	117	65	254	198	121	239	180	100	127	238	22	188	185	185	37	255	126	174	166	192	181	202	241	236	
56	141	106	234	212	179	111	255	117	1	254	2	113	235	176	96	120	170	23	184	154	187	37	255	250	239	166	192	183	218	240	168	
56	141	66	232	212	163	238	255	21	1	254	2	123	235	56	64	121	170	23	184	26	187	1	191	250	205	167	192	183	218	240	136	
118	77	102	70	237	89	214	236	233	230	188	139	106	108	23	23	202	230	205	103	204	35	252	232	51	88	69	59	71	255	222	94	
102	121	96	202	207	117	158	204	137	216	153	47	12	222	127	10	236	209	215	243	200	35	250	224	55	24	207	191	85	127	182	215	
129	205	31	91	244	139	166	231	92	32	90	194	176	168	180	224	107	107	34	79	245	248	71	127	44	14	127	64	93	8	249	140	
56	141	106	110	212	162	239	127	212	0	254	2	115	233	180	112	120	238	6	234	217	187	44	63	122	175	160	64	119	234	240	168	
146	164	226	145	214	162	184	199	190	243	82	151	13	174	126	73	127	31	151	149	178	221	4	194	28	78	159	196	133	68	177	216	
6	12	130	158	148	163	174	67	150	130	219	18	96	234	49	64	89	42	2	129	50	189	10	255	32	38	138	128	148	107	176	128	
57	69	71	206	20	147	78	125	69	128	223	66	115	99	185	228	120	228	30	234	201	177	13	159	178	236	166	144	63	186	240	40	
15	189	114	251	252	183	250	247	95	105	127	170	157	159	190	36	159	27	215	156	182	187	109	246	126	221	36	234	247	143	225	247	
34	129	116	241	244	139	238	235	127	144	249	10	238	234	28	16	123	171	127	241	218	250	74	221	190	158	199	196	117	138	227	128	
57	188	62	122	219	255	81	247	247	91	252	24	127	255	34	113	165	179	212	16	63	203	58	63	251	239	116	67	227	64	230	251	
242	207	134	188	11	128	14	239	191	22	200	147	36	234	36	83	233	243	235	194	106	79	194	255	177	182	223	27	17	116	166	138	
178	197	112	227	100	8	110	101	41	2	251	26	43	10	20	80	106	129	31	226	232	190	64	207	182	248	138	144	101	146	226	136	
50	201	198	159	84	139	238	237	31	49	248	10	106	104	60	80	123	235	127	225	74	251	75	253	188	190	207	148	117	58	240	136	
210	133	82	129	214	136	106	101	45	1	187	10	142	10	52	80	106	131	95	225	90	27	65	215	190	152	138	208	53	138	161	0	
44	125	58	111	49	143	119	176	125	8	127	8	255	119	1	48	180	120	93	106	200	176	57	63	231	255	32	0	66	179	66	171	
146	129	212	189	126	138	252	111	191	145	249	18	239	106	52	67	127	239	63	161	112	105	74	221	190	219	223	188	53	168	225	137	
142	191	116	243	177	183	159	191	31	207	92	181	253	125	191	37	151	123	149	53	178	248	40	190	107	223	61	199	246	221	149	251	
154	157	118	238	238	163	220	63	143	57	127	179	239	159	52	18	238	159	247	133	208	250	203	247	178	251	254	194	6	198	227	89	
191	223	246	122	187	244	94	252	219	90	157	53	110	253	255	53	151	115	149	87	254	67	58	255	251	95	109	251	215	247	134	119	
191	255	240	250	187	244	94	188	219	94	157	53	124	253	255	52	151	115	149	83	254	71	58	255	235	223	237	255	151	247	182	119	
60	197	102	238	148	18	78	253	85	32	254	2	75	105	188	97	120	230	31	234	248	187	37	174	178	239	166	196	119	187	240	8	
191	223	246	126	163	244	94	180	219	222	29	189	126	253	191	61	151	115	181	87	254	79	58	255	235	127	109	219	150	247	182	119	
255	223	246	126	161	244	94	180	219	222	29	189	127	253	191	52	151	115	181	87	253	69	58	255	107	255	109	223	150	247	198	119	
38	77	98	158	84	131	174	96	86	128	89	2	96	232	53	64	120	104	19	195	224	178	10	255	48	46	143	136	85	123	112	128	
27	5	104	237	182	179	255	125	61	192	94	130	125	111	182	100	126	251	31	239	241	144	45	223	246	111	171	128	55	246	177	241	
118	125	100	198	207	80	222	236	137	246	188	175	72	124	95	55	249	213	221	227	204	99	252	232	59	88	205	191	103	127	246	86	
24	205	98	231	22	146	238	249	117	96	255	2	121	107	181	100	126	239	63	235	232	178	109	255	254	237	175	128	39	190	112	128	
6	112	18	154	109	133	184	200	142	25	81	34	140	222	105	75	238	25	147	211	2	7	154	241	5	16	74	238	144	27	33	147	
130	249	22	155	236	165	188	207	158	25	80	51	172	222	96	73	239	59	179	149	82	90	66	241	44	16	222	234	148	92	161	155	
118	125	224	198	205	89	214	236	137	230	188	139	74	124	87	19	232	247	223	227	204	35	252	232	51	88	197	191	103	127	214	94	
93	157	149	231	161	30	70	188	37	168	94	64	255	115	129	230	4	118	252	106	201	144	89	173	164	255	101	144	42	247	136	41	
6	240	18	155	105	133	184	200	142	25	81	32	140	218	105	73	231	25	51	83	2	84	10	241	5	16	90	238	144	25	33	131	
221	77	106	239	22	26	111	121	117	194	255	130	123	111	151	112	126	252	95	238	236	176	45	239	246	239	167	128	39	183	243	97	
102	121	180	130	79	197	188	204	139	252	144	47	12	222	69	11	204	113	251	211	194	67	218	240	29	16	207	191	17	63	7	211	
221	48	125	96	40	111	83	24	225	250	167	72	223	87	193	63	22	148	124	106	169	103	249	8	211	217	97	52	98	243	70	99	
254	255	176	114	187	117	31	252	155	222	157	191	106	253	255	55	157	211	149	115	254	67	186	191	123	95	109	255	247	255	222	119	
251	207	84	110	177	30	94	191	97	140	190	40	107	98	142	244	211	230	204	110	252	169	109	239	186	255	5	147	34	246	234	13	
25	199	20	101	177	58	110	191	101	170	126	96	203	35	136	247	19	70	236	42	121	216	77	140	174	255	117	196	42	246	200	41	
108	176	189	101	105	111	81	25	107	254	39	24	222	21	72	31	145	148	109	42	1	116	251	16	207	219	81	118	66	161	70	115	
2	221	178	159	251	213	190	230	159	95	92	39	172	254	39	64	231	123	179	194	102	24	58	255	47	22	158	235	18	93	165	223	
11	159	127	231	246	178	191	183	61	200	94	230	221	63	190	96	119	95	183	111	177	152	45	238	110	255	174	196	174	218	165	249	
104	176	184	121	201	109	81	142	123	55	100	24	150	61	72	58	129	30	233	16	18	124	243	17	199	243	80	119	194	73	198	42	
130	160	148	147	244	169	184	143	62	51	83	18	140	234	88	72	247	11	51	145	50	216	75	243	12	22	223	228	148	72	161	129	
72	176	188	113	185	236	49	135	187	93	134	25	158	189	74	122	129	19	249	17	50	76	243	3	207	247	20	91	130	4	135	99	
244	108	150	190	79	33	166	200	190	178	225	90	100	226	105	91	249	237	106	226	40	103	202	107	145	162	215	61	193	121	98	130	
108	54	208	83	201	127	79	153	123	255	61	28	206	99	207	158	17	207	228	58	51	86	251	82	79	223	117	189	202	119	207	241	
104	181	184	241	173	237	85	39	59	191	172	24	158	183	64	62	129	55	253	24	24	74	243	146	203	223	85	123	130	64	198	42	
80	197	214	181	214	11	108	255	63	146	178	2	239	106	9	73	123	233	78	160	104	235	75	205	188	222	223	12	165	120	99	136	
242	233	70	190	95	131	70	237	151	144	224	11	98	200	44	81	120	228	106	227	104	111	154	61	185	162	199	31	113	58	250	138	
24	91	159	103	42	78	55	180	164	248	182	100	247	119	129	35	38	116	108	106	73	225	41	44	225	231	103	144	232	243	7	249	
220	124	253	102	56	78	71	152	225	232	167	76	255	87	193	115	38	244	124	122	201	69	249	40	243	233	37	52	42	179	70	49	
124	52	188	122	173	125	80	27	83	255	189	60	203	253	79	186	157	211	253	16	191	103	251	146	219	223	113	191	218	77	206	119	
2	9	2	157	84	131	170	103	60	0	90	2	44	202	48	64	122	171	19	193	66	184	0	255	52	36	154	128	21	12	49	136	
40	237	49	91	253	205	199	167	91	173	45	24	186	35	68	148	137	42	194	24	114	122	251	247	111	159	20	123	82	90	198	234	
29	207	79	101	184	98	79	190	36	136	190	224	215	55	129	48	50	70	125	232	25	137	33	15	232	237	175	148	162	243	35	33	
34	165	244	255	244	171	122	94	59	177	249	2	237	235	116	16	255	203	23	144	146	250	202	253	158	220	143	228	199	203	227	129	
221	127	127	231	50	74	31	188	48	206	214	228	255	87	131	115	54	253	221	238	233	213	169	46	226	233	47	128	46	243	39	121	
244	232	22	158	77	131	6	236	151	186	160	91	98	194	37	91	232	229	106	226	104	103	138	125	177	34	199	59	81	57	98	10	
252	254	143	158	75	71	39	252	150	254	192	94	100	226	107	219	121	108	234	98	97	215	154	63	185	35	111	45	24	121	47	155	
1	207	87	77	52	143	231	190	116	8	122	68	243	33	144	49	62	102	70	106	225	184	37	63	100	174	32	0	121	146	99	185	
158	52	246	234	190	179	218	154	159	113	123	187	207	191	60	42	191	223	247	151	178	250	239	246	154	255	186	194	167	207	195	85	
57	159	107	238	246	178	239	247	85	192	254	230	115	233	180	100	126	238	6	238	217	187	44	239	114	237	166	128	127	234	240	185	
93	75	208	71	185	30	78	189	227	168	190	100	235	99	131	246	20	230	236	110	205	9	205	168	170	253	5	19	170	247	200	13	
2	141	34	157	84	131	170	71	94	1	90	2	168	202	48	64	120	43	19	129	194	186	0	255	52	36	138	128	21	8	49	136	
34	140	2	138	84	131	170	103	22	1	216	2	40	202	48	64	125	171	19	145	18	186	0	255	60	4	138	200	85	10	176	136	
47	95	102	142	255	151	254	232	205	204	251	175	104	248	63	240	254	225	151	231	236	163	14	238	50	127	133	155	95	191	120	87	
31	133	99	171	86	162	235	248	84	64	91	195	89	237	184	96	126	233	23	239	145	176	13	223	252	108	171	196	61	171	49	240	
106	237	42	126	25	221	87	103	191	196	236	9	186	221	38	20	136	58	219	64	74	41	242	63	239	253	4	59	82	14	206	250	
130	186	224	155	238	169	184	207	30	119	80	191	172	174	86	9	175	27	179	149	182	124	142	243	28	18	94	235	149	76	151	223	
89	221	86	111	177	30	94	190	117	138	254	68	107	115	128	244	118	246	188	234	233	152	57	175	171	255	37	146	42	246	232	45	
175	61	240	250	247	180	222	223	27	201	29	189	60	252	255	52	151	123	149	21	182	10	168	250	235	221	45	186	214	215	135	255	
2	249	178	155	195	213	60	230	63	85	72	1	172	254	102	65	247	123	179	208	70	216	186	241	47	16	94	107	18	84	165	222	
151	96	235	147	198	19	255	216	31	226	85	215	89	206	255	172	127	201	23	207	199	212	174	194	22	13	191	164	47	255	59	213	
230	236	16	179	173	175	78	172	63	186	184	8	206	200	73	19	153	204	125	98	106	103	219	191	185	210	5	62	16	123	82	11	
255	242	253	115	168	94	94	152	251	254	183	253	223	223	223	187	183	213	253	118	253	71	235	226	218	219	101	247	238	181	207	117	
109	165	184	91	249	125	87	143	59	61	44	24	150	115	76	52	153	90	112	88	58	120	251	55	111	223	20	127	210	89	198	170	
57	159	123	239	244	162	239	247	69	64	254	230	121	239	176	96	126	234	22	236	153	187	45	255	122	239	167	192	127	234	240	249	
246	253	224	198	223	87	158	238	137	238	152	47	104	125	23	34	253	247	215	227	252	99	120	238	59	94	141	191	199	127	246	95	
130	132	130	145	148	163	170	199	54	3	90	18	72	234	56	64	123	43	19	145	50	156	0	214	44	6	158	196	148	72	177	136	
6	77	2	158	212	131	174	224	150	128	89	2	96	234	49	64	120	106	19	195	98	186	10	255	48	38	143	136	21	123	48	128	
2	132	130	153	148	163	170	199	22	131	90	18	64	234	56	64	121	42	19	145	50	190	0	206	40	6	158	192	149	88	176	128	
102	93	50	202	239	37	158	236	137	218	152	43	12	254	117	3	207	83	223	227	208	35	10	226	57	24	143	190	21	127	167	211	
32	36	130	137	212	163	166	207	22	131	122	18	0	232	56	64	121	106	2	49	18	186	0	206	40	6	150	64	149	90	176	128	
25	141	107	207	214	162	239	247	116	65	254	66	113	235	180	96	123	238	22	188	185	187	37	255	124	175	166	192	181	202	240	232	
130	172	226	147	214	163	190	207	30	99	90	147	44	174	116	40	127	75	19	149	178	188	140	243	60	14	159	228	133	92	179	220	
56	141	106	238	212	179	111	255	84	1	254	2	115	235	176	96	121	238	23	168	152	187	37	255	122	239	166	192	183	202	240	168	
130	253	54	222	223	213	182	230	157	198	88	7	172	254	39	1	238	123	179	67	228	122	58	255	191	22	95	43	18	125	37	223	
56	141	106	234	212	163	110	255	85	1	254	2	123	235	48	64	121	234	23	184	154	187	8	191	250	205	166	192	183	218	240	136	
134	125	50	138	237	37	190	204	142	154	152	43	140	222	101	10	238	89	223	99	194	3	10	240	53	16	143	190	20	127	161	147	
6	105	18	155	236	137	188	200	142	24	81	0	172	202	105	72	230	25	59	83	66	16	138	241	4	16	11	238	16	27	33	129	
146	172	230	145	214	163	188	231	62	115	210	147	172	174	54	105	111	207	55	149	178	221	5	255	188	14	222	196	133	68	177	220	
134	12	6	158	148	163	174	103	148	131	219	18	96	234	32	65	121	106	27	176	48	157	10	238	40	38	142	192	148	104	176	128	
53	133	78	206	20	147	78	121	197	0	255	70	115	98	188	96	120	224	30	234	221	163	77	63	50	173	161	144	61	171	248	4	
15	189	114	235	252	191	250	247	95	105	255	171	237	255	190	36	255	187	223	189	150	187	109	252	126	223	175	250	247	207	225	215	
139	220	252	127	246	54	127	191	121	91	94	180	253	127	158	99	151	119	181	174	227	220	47	239	102	255	244	132	166	244	225	121	
50	133	86	155	252	139	238	239	63	176	251	10	238	234	20	16	123	235	127	241	90	187	75	255	188	158	135	212	117	11	227	136	
184	188	62	122	249	253	112	247	183	91	252	56	127	255	32	57	165	243	255	16	62	239	58	63	251	255	116	203	226	64	230	187	
242	255	143	156	219	192	39	239	158	94	200	215	164	230	32	215	105	239	235	193	99	79	218	127	181	38	222	152	24	112	183	218	
178	205	66	227	68	8	110	103	41	2	251	26	43	10	28	81	106	131	31	162	104	191	64	239	182	252	138	128	101	218	226	136	
44	125	58	111	49	159	119	184	121	8	127	8	255	83	9	52	180	244	93	106	200	176	185	191	231	255	37	16	66	179	66	43	
214	141	80	163	214	136	110	231	45	0	184	18	15	10	52	81	107	131	31	227	122	63	0	255	190	220	138	192	53	139	225	0	
6	77	2	158	212	130	174	226	150	130	91	2	104	234	49	64	122	107	51	195	96	154	10	255	48	38	143	128	20	123	49	128	
175	157	116	243	182	183	223	191	31	251	92	181	253	125	191	37	151	115	149	61	240	220	46	191	106	223	125	198	246	220	148	251	
38	77	98	158	84	131	174	224	86	128	89	2	96	232	53	64	120	106	19	195	226	178	10	255	48	46	143	136	85	123	112	128	
60	205	102	238	148	18	78	253	117	32	255	2	75	105	188	97	122	230	63	234	248	187	45	174	178	255	166	132	119	187	240	8	
130	253	148	153	236	169	188	207	158	27	88	178	172	254	112	65	239	59	179	145	114	92	66	243	44	18	222	234	148	88	161	137	
102	125	48	134	239	117	158	239	137	250	184	47	108	252	79	3	204	243	223	227	224	35	250	250	55	16	143	191	85	126	151	223	
230	125	178	206	239	117	158	238	137	234	184	47	108	252	119	2	237	243	215	227	232	35	250	234	59	28	143	191	87	127	183	223	
56	205	98	239	148	146	110	253	117	128	254	2	123	107	181	68	122	239	63	235	232	179	109	255	246	239	175	128	55	187	240	128	
25	207	114	95	177	158	95	182	117	206	126	32	235	99	147	244	55	238	156	110	237	152	45	175	234	255	4	131	46	245	232	109	
29	4	196	55	147	122	99	25	119	167	239	148	203	99	139	207	115	78	232	58	61	212	109	142	142	231	213	85	167	239	204	196	
125	183	192	47	215	122	101	191	119	239	111	30	75	224	202	244	113	206	164	56	62	250	253	151	255	231	149	101	235	238	252	84	
2	141	2	138	84	131	170	71	22	1	88	2	40	202	48	64	120	42	2	145	18	186	0	255	56	36	138	200	21	10	177	136	
10	121	114	239	124	18	254	252	109	72	254	163	237	255	189	96	254	255	223	239	232	177	237	237	182	253	142	138	55	182	241	221	
2	77	2	157	84	130	170	103	52	0	90	2	44	138	48	64	122	43	19	129	66	152	0	255	52	38	154	128	21	8	49	136	
31	133	106	239	182	147	255	253	125	192	222	130	221	111	182	100	126	251	23	239	248	152	45	254	254	237	175	128	55	254	241	233	
0	13	2	157	84	131	170	103	52	1	90	2	40	202	48	64	120	43	2	129	66	186	0	255	36	38	138	0	21	8	176	136	
244	222	15	158	79	67	167	236	180	190	226	94	98	192	41	211	120	228	106	226	105	247	91	63	180	34	231	17	121	57	124	152	
93	120	127	102	40	78	71	48	225	232	166	104	255	87	129	247	22	244	124	106	201	67	248	44	243	249	101	16	42	179	66	49	
130	161	132	147	244	171	168	143	62	51	83	18	140	226	72	72	115	11	51	144	50	220	75	247	12	22	159	228	148	72	161	128	
0	141	66	154	84	131	170	71	22	1	88	2	40	202	32	64	122	43	19	192	18	186	0	255	48	36	154	72	21	10	241	136	
175	189	240	250	182	183	222	223	27	203	29	185	237	255	255	36	151	123	149	181	182	234	40	239	234	223	173	254	151	246	131	223	
237	52	217	83	233	127	83	26	123	191	189	88	219	121	205	190	159	92	100	58	179	118	251	2	15	223	113	254	202	235	74	165	
108	48	181	65	105	127	113	24	235	250	167	24	222	151	69	190	129	20	124	58	1	118	251	16	215	217	65	62	194	163	70	115	
93	132	196	39	147	122	87	59	119	231	239	150	75	103	138	220	121	198	232	56	61	240	253	142	186	231	85	85	227	238	204	68	
2	253	178	155	201	197	180	231	191	91	88	17	172	254	102	1	225	123	179	65	66	216	154	243	47	16	30	235	16	84	167	219	
56	141	106	110	212	146	199	253	117	0	254	2	115	233	176	80	120	238	6	106	248	187	44	47	242	239	165	0	119	186	242	168	
19	188	235	219	246	179	191	215	31	67	94	246	61	238	180	236	127	251	23	157	183	156	45	255	30	78	190	192	191	204	177	253	
237	118	253	87	104	127	67	152	123	254	181	124	219	119	207	191	159	196	236	126	169	118	251	98	206	223	117	190	202	241	78	245	
93	132	208	227	181	58	111	175	118	39	79	144	207	35	218	196	83	206	168	56	24	216	205	182	172	231	151	69	166	206	136	0	
255	253	244	126	189	246	94	189	219	218	29	61	108	253	255	55	151	83	181	243	254	67	42	255	107	223	237	255	150	247	228	87	
110	95	102	158	95	151	190	224	157	196	253	143	104	236	55	196	254	227	147	231	228	179	30	255	55	127	143	11	87	63	125	214	
223	254	162	94	187	87	31	252	23	254	84	181	122	253	255	229	151	124	181	110	239	71	186	191	251	255	101	191	58	247	44	119	
138	245	118	253	252	145	252	247	61	107	254	179	237	255	156	96	239	191	255	133	226	190	227	247	246	255	158	130	7	220	225	221	
47	159	114	235	245	223	255	253	79	76	223	167	253	125	190	100	255	187	151	239	215	186	109	255	255	221	175	199	23	142	245	247	
244	69	198	174	76	2	198	236	149	162	248	10	99	232	61	83	120	228	110	227	104	227	136	174	176	238	199	24	101	187	242	8	
169	173	196	91	209	251	236	239	118	21	108	16	169	35	138	212	121	14	130	156	50	250	111	63	46	239	148	97	243	196	234	136	
62	61	242	251	252	187	250	222	63	105	253	163	175	255	221	56	255	223	215	157	154	251	235	242	190	221	143	234	231	223	227	213	
189	126	143	23	11	119	39	216	54	254	247	54	91	231	163	223	121	236	238	234	45	215	191	58	211	227	101	149	187	125	46	243	
25	207	210	127	181	158	94	191	119	15	254	20	235	115	130	244	87	238	188	168	252	184	105	191	234	255	21	195	58	212	232	13	
130	133	212	191	252	11	236	109	63	177	251	18	237	234	28	64	123	239	127	161	112	250	75	223	188	250	223	196	21	106	225	136	
137	175	14	27	221	219	165	239	94	21	78	150	169	160	50	129	105	42	226	25	119	248	127	127	44	7	30	65	93	8	249	136	
27	157	127	239	246	50	255	183	61	192	94	230	253	47	182	96	118	223	151	239	241	152	45	239	238	239	174	196	47	254	161	249	
122	221	98	70	221	122	214	175	121	230	190	141	106	108	30	22	251	247	205	38	252	171	125	239	59	127	5	27	103	126	222	94	
222	69	110	239	86	18	110	252	117	194	254	2	123	107	149	113	126	237	127	234	232	179	45	239	242	239	175	128	39	182	226	32	
49	157	107	238	214	162	239	247	85	192	254	230	115	237	180	96	126	238	22	238	217	187	44	239	114	174	166	128	125	234	240	249	
2	221	178	155	251	213	190	230	159	87	88	7	172	254	39	64	231	123	179	195	102	26	58	247	47	22	158	107	146	93	165	223	
223	221	246	126	181	214	94	188	219	218	21	189	110	253	191	53	151	115	181	119	254	71	58	255	235	223	109	222	150	247	244	119	
124	20	253	117	169	126	81	154	115	255	183	60	223	125	203	187	151	212	236	48	173	117	251	2	223	255	117	247	234	233	78	115	
223	126	127	246	170	94	95	184	185	254	150	253	223	127	131	251	166	245	253	230	237	197	185	238	242	251	111	147	46	245	47	115	
204	91	213	117	40	14	79	180	177	254	182	252	223	19	129	223	6	244	108	234	233	69	249	42	230	251	101	148	14	177	194	57	
220	90	255	119	42	78	93	176	164	252	182	228	255	119	131	91	38	245	237	234	233	197	43	40	210	235	103	144	42	179	37	115	
2	253	50	155	249	197	180	231	62	91	88	49	172	254	100	1	197	123	179	1	114	218	218	247	45	22	30	235	16	84	167	219	
6	77	2	158	148	131	174	226	150	128	89	2	96	234	49	64	120	106	19	195	98	186	10	255	48	38	142	136	21	123	48	128	
2	132	130	136	148	163	170	207	22	129	90	18	72	234	40	64	121	42	2	176	50	186	0	222	40	6	158	192	149	90	176	136	
6	77	2	158	212	130	174	226	148	130	91	2	104	234	49	64	122	107	51	195	96	154	10	255	48	38	142	128	20	123	49	128	
32	164	130	137	212	163	174	199	22	129	122	2	0	232	56	64	121	106	2	145	18	186	0	238	40	6	150	68	149	90	176	136	
2	132	130	153	148	163	170	231	22	3	90	18	72	234	56	64	121	43	19	145	50	156	0	223	40	38	158	192	148	72	176	136	
56	141	106	110	148	146	79	245	117	0	254	2	115	233	176	116	120	238	6	234	248	187	45	191	242	239	166	64	119	250	240	168	
25	141	107	239	212	178	239	247	84	65	254	2	121	235	176	96	122	238	22	170	185	187	45	191	250	239	166	192	55	218	240	232	
2	221	50	222	223	197	182	230	159	78	120	3	172	254	39	0	233	123	179	195	98	186	18	255	63	22	30	171	16	93	165	223	
46	77	102	222	223	215	190	224	159	132	252	131	104	236	55	196	250	251	147	199	230	171	62	255	55	126	143	139	87	127	124	214	
130	93	178	223	253	197	190	230	159	202	88	3	172	254	37	64	237	123	183	67	226	186	18	255	47	62	14	139	16	125	165	219	
56	141	66	234	212	163	110	255	23	1	254	2	123	235	32	64	120	234	6	248	26	187	8	191	250	205	167	64	247	218	240	136	
146	172	166	147	150	163	188	231	190	115	90	147	236	174	54	72	111	227	63	149	178	221	15	247	188	14	222	192	149	68	177	217	
2	132	6	157	148	162	172	231	148	147	218	18	72	234	56	73	121	103	59	177	48	253	3	238	60	38	222	192	149	72	177	136	
62	189	114	235	252	187	250	253	79	105	255	162	239	255	188	32	255	219	223	249	154	187	109	255	190	221	143	230	247	207	225	213	
139	220	246	255	164	54	126	190	219	218	126	177	253	255	191	111	151	127	181	206	224	252	175	239	106	255	245	130	167	244	229	251	
52	173	86	139	252	139	238	237	63	160	251	10	238	234	60	80	123	235	127	243	90	187	75	253	188	158	143	84	117	11	227	128	
138	255	175	159	155	246	53	247	182	206	222	183	184	246	163	227	101	110	254	132	229	221	247	127	119	39	254	129	58	116	189	251	
240	205	66	138	196	8	110	231	61	2	250	26	46	42	8	81	107	195	78	226	104	191	72	239	180	180	158	16	117	90	226	8	
53	199	76	78	92	130	79	248	68	4	251	198	115	96	191	112	120	226	14	238	204	163	109	63	112	174	161	208	125	187	112	0	
178	201	86	143	252	139	238	237	63	32	251	10	238	234	60	64	122	239	127	227	104	187	75	253	180	190	143	148	117	58	241	136	
218	188	62	254	185	237	84	247	191	27	244	56	126	255	32	25	167	247	253	0	186	239	138	255	251	251	118	219	210	192	167	27	
137	159	46	155	221	221	165	255	214	95	223	22	252	228	58	197	105	10	238	137	247	255	127	119	125	7	254	201	91	76	189	255	
175	157	118	250	183	151	222	191	31	251	94	183	109	255	190	37	151	123	181	53	252	252	43	255	235	223	125	198	150	252	149	95	
109	253	121	111	116	31	119	184	121	8	127	72	250	123	141	52	150	220	68	106	201	176	249	255	231	255	37	134	66	187	66	33	
60	133	102	238	156	2	206	253	85	160	255	2	75	105	189	64	120	238	31	234	248	187	9	191	186	239	135	212	119	187	240	0	
130	221	158	153	238	161	188	239	158	19	80	178	172	254	96	73	239	59	63	145	114	92	66	243	172	210	222	234	20	88	161	137	
114	159	96	30	223	126	214	255	57	239	188	191	106	124	30	16	253	247	221	165	252	171	121	239	59	126	197	215	231	126	214	95	
252	77	102	231	20	18	110	252	117	130	254	10	123	105	181	85	122	228	127	235	232	179	173	238	242	239	231	128	103	243	114	128	
226	189	178	198	255	37	158	239	137	234	184	59	108	124	28	18	207	243	223	167	240	43	88	239	63	30	143	190	69	126	151	219	
134	105	22	155	236	137	188	204	174	16	120	64	140	194	105	74	227	11	74	82	66	0	138	241	36	16	15	172	20	91	161	129	
118	221	176	198	255	7	158	239	137	234	184	43	108	124	53	2	223	247	223	227	240	43	72	238	59	30	143	186	85	126	247	219	
58	205	102	239	212	139	110	253	117	32	251	2	107	105	60	64	120	239	31	227	248	179	73	255	178	239	135	128	55	187	240	8	
230	221	178	206	253	5	190	239	137	170	184	42	108	254	117	3	207	243	223	227	240	3	74	234	57	28	143	190	21	127	163	155	
118	221	240	246	255	87	222	255	25	234	184	47	104	124	23	50	253	247	215	227	252	235	120	238	59	94	143	179	199	124	246	95	
62	141	98	239	214	155	238	253	93	64	254	2	121	107	188	96	126	235	31	235	248	184	109	255	254	239	175	192	55	255	240	136	
0	141	2	138	84	131	170	231	22	1	88	2	40	202	32	64	120	43	2	208	82	186	0	255	32	36	138	72	21	10	176	136	
0	141	2	157	84	131	162	103	20	1	90	2	40	202	48	64	120	42	2	129	66	186	0	255	32	38	154	64	21	8	177	136	
25	221	18	255	181	151	62	191	23	11	94	50	189	247	160	228	87	122	182	200	243	152	123	191	239	255	190	194	58	220	169	189	
108	177	184	113	233	253	113	31	43	61	37	56	158	151	72	190	131	27	231	16	18	88	242	80	79	217	21	127	194	128	207	227	
109	112	249	96	105	95	115	80	233	234	165	72	26	157	69	190	180	212	124	122	137	103	240	64	215	217	65	62	202	179	66	51	
130	165	141	147	180	171	168	143	62	51	91	82	132	226	72	72	123	11	51	144	50	216	75	211	12	22	223	228	148	72	161	128	
111	54	241	113	253	111	121	218	123	255	61	125	94	253	223	62	159	223	247	49	183	114	233	194	95	222	101	254	206	237	70	247	
237	62	253	87	104	127	123	154	123	255	61	252	219	127	223	191	159	92	253	62	165	244	239	226	78	223	97	182	202	245	79	245	
109	62	189	115	232	127	115	154	123	255	53	124	218	124	207	191	149	220	236	58	165	116	249	34	79	223	117	182	202	113	79	245	
2	221	48	155	221	197	190	230	159	95	88	7	172	254	39	64	205	123	179	195	118	24	26	255	47	22	158	235	16	93	165	223	
205	90	255	118	40	94	125	148	185	254	54	124	254	247	199	255	167	117	252	78	225	85	171	106	246	251	117	146	10	241	198	121	
220	82	255	116	42	94	89	56	161	254	182	237	223	119	131	123	182	245	253	166	137	197	179	200	211	251	113	151	42	181	46	115	
223	90	255	244	42	94	93	184	185	254	182	237	127	127	139	123	183	245	253	238	237	199	171	200	210	251	117	147	174	245	46	115	
9	221	19	191	245	215	47	246	22	74	94	70	189	247	161	228	127	122	178	200	227	152	115	191	237	231	190	128	58	221	169	185	
63	126	166	55	11	119	87	216	55	238	255	55	107	117	139	239	125	244	236	230	173	215	255	170	211	231	117	151	235	127	124	119	
57	141	107	206	214	162	239	247	84	64	254	198	115	237	180	96	126	238	22	175	249	187	44	255	122	175	166	128	125	234	240	249	
31	157	127	239	182	18	255	189	61	192	94	230	253	127	191	96	126	255	159	239	245	152	45	239	238	239	175	192	39	247	241	249	
186	205	118	239	124	18	254	252	125	72	246	131	237	95	189	97	254	245	223	239	232	183	109	239	182	249	206	130	39	190	241	221	
214	141	82	131	150	169	238	231	61	2	186	18	174	42	40	81	107	131	31	226	122	47	9	247	188	148	142	208	53	91	225	0	
253	222	7	63	75	87	55	252	52	254	214	254	122	244	139	255	125	236	238	230	237	215	255	191	245	227	231	159	123	127	62	255	
223	252	246	94	189	22	94	188	219	218	20	177	111	255	255	37	151	123	181	239	238	69	170	255	235	255	253	190	150	247	208	127	
27	207	114	95	177	218	95	182	119	71	126	133	107	108	183	244	115	110	188	76	238	216	101	191	234	255	20	131	54	212	236	92	
32	173	2	138	84	131	170	79	22	1	120	2	32	200	48	0	120	42	2	209	18	186	0	255	56	4	138	104	213	10	176	136	
223	189	246	254	189	23	222	189	219	251	61	185	76	255	255	38	151	95	181	127	246	97	170	255	107	223	237	254	150	247	197	119	
15	157	114	235	245	159	254	253	95	104	255	167	253	125	190	100	254	251	159	239	214	186	109	255	255	221	175	198	55	142	245	247	
93	54	134	55	139	127	83	154	55	239	255	159	203	229	203	252	121	204	236	154	157	246	255	162	223	231	197	199	171	127	108	87	
34	169	226	136	84	131	170	71	70	1	120	2	40	200	116	0	120	171	19	209	146	186	0	255	60	12	138	232	213	10	241	136	
56	141	66	234	213	163	110	255	23	1	254	2	123	235	48	64	120	234	6	250	26	187	24	191	251	237	135	64	247	218	240	136	
38	77	34	158	212	131	174	224	86	128	88	2	96	232	49	64	120	106	19	195	226	186	10	255	48	38	143	136	21	123	48	128	
6	205	2	158	148	131	174	230	22	0	88	2	96	234	49	64	89	106	2	195	98	186	8	255	32	38	142	136	20	123	48	136	
2	140	2	153	148	163	174	231	22	3	90	18	104	234	56	64	121	43	19	145	50	152	0	255	44	6	158	192	148	74	176	136	
2	140	130	152	148	163	174	231	22	129	90	2	104	234	56	64	121	106	2	177	50	186	0	255	40	6	158	192	149	90	176	136	
2	173	226	155	214	163	190	207	30	99	88	147	40	174	118	0	127	107	19	149	146	186	12	255	60	14	159	224	149	92	177	216	
130	141	6	157	132	162	172	231	148	19	218	18	104	234	32	65	121	102	59	160	112	249	1	239	60	38	222	192	148	88	176	136	
210	188	214	188	186	169	60	167	191	83	218	183	173	238	38	91	231	127	255	149	50	77	130	255	188	246	222	218	148	84	165	89	
53	207	73	175	156	131	79	248	86	0	249	198	115	64	185	64	88	200	14	238	202	178	77	63	240	174	167	148	53	187	112	32	
202	190	246	254	234	233	60	247	191	27	252	185	191	255	32	91	231	247	255	0	178	207	2	247	250	247	127	203	134	208	167	27	
100	245	115	69	244	15	119	252	121	40	122	72	90	123	141	48	182	220	70	106	193	176	233	127	127	190	37	132	74	187	194	161	
60	141	102	238	156	147	78	253	85	128	255	2	107	105	61	112	88	234	31	234	248	171	109	191	250	255	167	220	119	251	240	0	
226	221	176	214	255	7	190	239	153	170	184	58	108	124	60	2	255	247	223	161	240	107	72	239	61	30	143	186	213	124	227	155	
170	149	246	254	182	151	220	191	31	251	95	179	109	255	190	33	151	123	181	165	242	252	43	255	170	223	221	198	151	238	193	95	
218	221	246	254	188	54	222	190	219	218	126	177	109	255	181	123	151	119	181	231	224	237	171	239	170	255	223	130	134	245	225	95	
219	255	166	127	187	246	61	255	183	222	222	181	121	255	167	103	197	126	253	132	239	221	251	191	127	255	255	131	54	244	180	255	
154	223	230	127	181	222	94	182	127	79	126	149	107	237	182	117	247	238	181	68	239	248	55	191	235	127	148	131	119	212	252	95	
214	205	80	159	246	40	238	231	61	18	184	18	238	106	41	81	123	195	31	226	120	47	8	255	180	182	206	156	21	120	227	136	
174	205	118	239	244	155	254	253	93	96	255	130	239	111	188	97	254	255	31	235	248	184	109	255	190	249	143	198	119	190	241	197	
62	165	114	235	246	187	254	253	127	161	255	130	239	111	157	32	255	219	95	251	154	178	109	255	190	221	143	230	247	223	225	133	
202	205	118	255	108	26	254	253	125	66	246	147	237	111	189	99	254	245	127	239	224	247	109	239	182	250	206	130	55	190	241	221	
137	183	46	27	253	255	181	255	86	127	223	183	216	253	234	229	253	26	255	53	247	251	127	183	127	95	119	231	219	206	188	247	
173	183	220	211	223	255	163	219	94	127	189	30	200	226	222	137	121	138	206	186	55	115	127	247	93	7	191	245	217	75	207	245	
2	253	184	159	253	197	190	230	158	77	88	35	172	254	39	64	237	123	179	193	98	26	90	255	45	22	158	171	16	93	181	219	
34	237	98	158	127	209	190	226	223	204	92	139	232	252	55	4	218	123	147	67	230	43	122	255	63	62	143	171	87	127	63	207	
166	165	208	211	252	43	235	201	94	179	57	154	216	234	220	184	187	79	82	56	51	114	221	210	12	30	159	116	221	233	219	160	
57	141	107	238	214	178	239	247	85	64	254	198	121	239	178	100	126	238	22	238	217	187	44	191	122	239	167	192	119	250	240	248	
191	190	230	126	185	247	222	255	159	223	254	189	106	253	254	60	223	255	245	21	190	239	239	255	123	127	85	251	215	253	246	95	
130	189	157	153	236	141	188	239	158	27	88	242	188	190	112	73	199	59	63	129	114	77	66	247	172	146	254	234	148	88	161	153	
252	77	230	231	132	18	110	252	117	130	254	2	123	105	149	87	122	229	127	235	232	243	237	238	242	239	231	132	103	251	114	136	
125	81	123	108	96	30	71	112	97	200	246	76	123	83	129	51	54	244	84	106	201	179	176	8	243	233	97	128	107	178	106	49	
242	157	176	214	255	47	158	239	155	227	184	27	108	124	28	18	255	215	219	165	248	107	88	255	59	62	221	118	197	124	214	218	
77	120	255	118	107	124	113	208	235	254	54	108	222	215	199	190	183	125	236	82	129	245	186	104	223	251	101	178	202	243	79	255	
76	50	240	65	227	124	113	18	171	253	63	60	158	151	199	190	167	157	236	16	147	112	176	192	95	217	48	239	202	197	79	115	
109	50	241	65	227	124	113	18	107	253	62	60	158	191	199	190	166	157	252	16	149	242	177	192	95	249	113	227	202	229	79	247	
103	50	247	117	106	46	121	26	59	171	178	233	222	255	213	58	183	221	125	189	132	214	163	192	94	254	123	174	198	225	67	103	
26	223	102	95	181	218	92	191	127	79	126	149	107	236	54	116	243	238	181	4	254	248	127	255	171	127	148	195	246	212	252	95	
155	223	50	253	181	149	125	255	87	79	94	54	175	247	162	228	119	122	182	200	255	152	103	191	239	255	182	195	58	220	169	253	
31	141	110	239	182	18	255	253	53	192	222	130	125	111	190	100	126	255	159	239	249	152	45	255	254	239	175	192	55	183	241	249	
62	205	102	238	220	139	238	253	117	160	251	2	107	233	61	65	120	239	63	227	248	179	73	255	178	239	135	128	55	187	240	8	
75	82	255	100	104	126	121	26	41	238	246	237	95	159	195	126	166	245	253	142	141	87	227	192	215	251	113	138	42	245	46	127	
243	221	230	214	247	214	222	191	27	235	250	59	106	124	22	49	253	247	245	129	252	235	121	255	59	126	221	147	103	124	246	95	
0	141	2	156	20	131	170	103	20	1	90	2	40	202	32	64	120	42	2	192	82	184	0	255	32	38	154	0	21	10	177	136	
0	141	2	154	84	131	170	103	20	1	88	2	40	202	32	64	120	43	19	192	82	186	0	255	32	36	138	72	21	10	176	136	
34	141	2	138	84	131	170	103	6	1	88	2	32	202	48	64	120	42	2	209	82	186	0	255	40	36	138	200	21	10	176	136	
52	173	70	139	220	139	238	237	63	160	251	10	238	234	28	80	122	239	110	243	90	187	73	255	188	156	143	84	245	11	227	128	
2	141	2	157	20	130	170	103	52	1	90	2	40	130	32	64	122	42	19	128	98	152	0	255	32	38	154	128	21	0	48	136	
32	173	66	138	212	131	170	229	6	1	120	2	32	200	48	0	120	42	2	209	18	186	0	253	56	4	138	104	85	10	240	136	
2	141	98	202	84	131	170	103	84	65	88	130	40	204	52	64	126	171	19	193	146	186	4	255	48	12	138	200	21	14	241	152	
45	179	117	65	237	221	241	27	107	125	53	60	138	157	206	188	141	26	214	24	151	120	250	208	15	217	49	255	194	140	222	247	
103	50	241	81	246	47	249	90	123	249	51	249	222	253	221	62	191	221	119	53	178	242	233	192	30	222	81	246	199	229	71	231	
207	126	254	247	98	126	127	150	59	238	126	253	253	255	199	254	183	253	253	79	165	212	173	234	214	255	119	131	174	247	15	127	
0	141	2	152	20	131	170	231	4	1	88	2	40	202	32	64	120	42	2	192	82	186	0	255	32	36	138	64	21	10	176	136	
6	77	2	158	148	131	174	230	150	128	88	2	96	234	49	64	120	106	19	195	98	186	8	255	32	38	142	136	21	123	48	136	
67	156	246	186	250	160	60	231	191	83	218	183	173	254	50	73	231	123	255	149	182	75	138	255	188	118	222	202	148	84	161	89	
130	141	134	159	140	162	172	231	182	19	218	18	104	234	48	67	105	102	59	129	48	221	11	239	60	38	222	192	132	112	177	8	
2	141	2	154	148	163	174	231	22	1	90	2	96	234	48	64	121	106	2	145	18	186	8	255	40	6	159	192	149	90	176	136	
6	77	34	158	212	130	174	231	148	128	90	131	104	238	49	64	126	107	19	199	224	155	6	255	52	38	143	136	21	126	177	200	
53	207	73	171	20	3	79	248	86	32	249	194	115	65	185	64	89	200	6	238	75	178	77	63	236	142	165	52	125	187	112	160	
74	189	210	254	234	168	124	247	191	3	122	187	173	255	36	88	183	255	247	128	50	218	138	247	254	255	94	202	166	208	167	153	
33	221	123	69	244	15	239	255	125	168	122	104	94	187	149	48	182	253	86	104	193	187	1	223	63	188	39	132	73	186	227	169	
60	141	102	238	188	19	78	253	69	128	252	10	99	105	180	80	88	238	95	235	216	170	105	189	250	255	165	220	119	187	240	8	
226	205	146	158	221	5	190	239	153	163	184	90	236	250	52	3	255	243	91	161	112	107	216	239	61	30	223	58	148	120	163	137	
219	253	246	127	171	182	92	255	183	219	214	181	122	255	190	127	199	127	253	133	238	223	235	255	251	251	253	154	150	212	164	127	
2	141	130	155	148	163	174	231	22	1	90	18	104	234	48	64	121	43	19	145	50	154	8	255	40	38	158	192	148	72	176	136	
142	181	246	255	190	179	222	187	31	251	127	179	205	255	188	33	151	255	181	183	242	252	43	255	170	223	221	198	151	238	209	85	
194	197	244	254	190	34	220	191	155	179	123	146	237	239	60	65	183	247	53	161	240	236	11	255	170	254	223	150	151	252	193	9	
62	205	102	238	220	11	238	253	117	32	250	2	107	233	61	81	120	231	63	227	248	187	73	255	178	239	143	132	55	187	240	8	
217	150	172	159	253	221	181	255	150	95	213	183	253	246	170	231	125	154	255	133	247	75	251	151	255	103	254	255	154	92	189	255	
2	137	18	155	214	129	190	199	30	1	88	130	172	206	48	64	127	59	147	145	82	152	2	247	60	6	158	194	149	4	161	137	
3	173	226	155	214	131	174	199	94	65	88	3	40	232	116	32	127	235	19	149	150	186	12	255	60	14	159	224	149	94	241	204	
143	183	38	123	249	255	191	251	87	127	223	181	89	253	254	109	255	94	255	55	183	255	107	183	127	95	117	231	214	207	180	247	
2	157	151	191	188	173	189	183	190	27	218	96	188	247	32	64	199	51	127	1	115	201	67	247	237	182	126	146	152	72	161	59	
230	157	247	254	221	239	222	239	27	227	170	27	110	124	28	24	251	215	251	145	58	235	89	255	59	62	159	87	197	76	247	90	
2	141	98	202	84	131	170	103	84	1	88	2	40	200	52	64	126	43	19	193	210	186	4	255	48	12	138	200	21	14	241	136	
32	173	2	138	212	131	162	231	6	1	120	2	32	200	48	64	88	42	2	209	82	186	0	189	40	4	138	72	85	10	176	136	
32	141	2	138	20	131	138	103	6	0	88	2	32	194	32	64	88	42	2	208	82	186	0	255	40	36	130	72	21	10	176	136	
111	50	243	97	99	124	121	18	233	253	190	109	142	159	199	62	166	189	253	16	151	242	225	192	95	248	48	226	195	229	71	247	
61	178	220	209	223	255	233	217	254	253	181	30	216	234	223	171	123	205	238	185	183	115	255	208	93	7	239	245	239	109	95	245	
252	77	230	231	148	26	110	252	117	130	255	2	123	105	157	83	122	229	127	235	232	243	237	238	242	239	231	132	103	251	242	136	
174	197	118	239	254	27	254	253	93	96	247	146	207	111	188	97	254	215	31	235	240	252	109	255	190	250	207	198	119	191	241	197	
108	82	199	189	77	122	237	186	120	254	246	206	237	231	27	223	123	229	238	171	169	118	247	202	213	231	255	141	47	253	126	248	
180	133	70	143	220	139	238	237	63	160	251	26	238	234	60	81	122	207	110	227	120	251	73	255	188	184	143	68	117	59	227	128	
186	223	230	127	181	222	92	191	127	95	254	181	106	253	54	117	247	251	189	5	254	248	119	255	43	127	212	211	247	212	244	95	
155	159	54	221	189	213	125	247	87	95	92	54	169	246	166	229	239	58	182	140	246	216	119	183	239	223	150	227	50	220	173	223	
31	205	110	239	182	18	127	253	53	192	254	130	121	111	190	100	126	255	191	239	249	152	45	255	254	239	175	128	39	182	225	249	
62	165	112	235	246	59	254	252	127	160	255	130	207	111	157	32	254	223	31	251	186	176	109	255	190	221	143	198	247	255	225	133	
167	180	228	94	252	191	222	223	31	251	253	189	106	253	222	57	159	95	247	23	182	111	239	243	42	126	93	254	215	253	215	223	
179	221	230	127	181	222	220	191	63	79	254	183	106	253	22	113	255	255	189	129	254	252	115	255	43	126	220	147	87	212	244	95	
166	164	244	222	252	187	254	175	27	243	57	155	236	238	92	9	191	219	247	151	178	110	238	255	46	30	223	254	149	253	211	217	
130	141	10	157	86	130	170	103	60	1	90	146	44	142	48	64	110	43	19	129	50	156	0	239	52	38	154	192	21	0	161	136	
196	205	196	159	212	40	238	231	189	18	184	18	236	106	41	83	123	227	78	162	112	111	72	239	188	54	223	4	149	120	227	136	
121	83	123	100	98	30	87	112	97	200	245	108	91	91	133	50	62	244	84	106	201	179	164	8	243	233	101	136	107	178	106	49	
159	221	116	255	180	31	254	189	93	120	247	179	253	127	190	101	254	215	159	239	244	252	109	255	238	251	239	198	55	191	241	247	
78	50	241	64	115	252	121	18	169	221	60	61	142	159	199	190	166	157	221	16	151	96	178	192	95	217	50	235	202	197	71	247	
98	34	255	197	110	42	249	10	43	163	242	233	156	187	213	254	166	253	127	156	128	210	195	192	84	186	91	130	197	225	99	137	
79	50	254	245	115	126	249	88	59	252	246	165	221	255	215	190	182	253	253	181	133	240	179	200	207	251	107	135	207	245	47	247	
34	77	34	158	212	131	174	103	86	0	88	2	32	232	49	64	120	106	19	129	226	186	0	255	48	38	143	136	21	122	176	136	
2	141	2	155	148	131	174	231	22	1	90	2	104	234	48	64	121	43	19	145	50	154	8	255	40	38	158	192	148	10	176	136	
2	141	2	138	148	131	174	231	22	1	90	2	96	234	32	64	121	106	2	144	50	184	9	255	40	38	158	192	148	74	176	136	
2	233	226	155	212	131	174	207	30	65	88	131	40	204	52	0	123	107	19	213	210	186	12	255	60	14	159	224	149	30	241	200	
66	141	134	159	132	162	46	231	182	131	218	2	104	226	32	64	113	111	59	128	112	221	139	255	60	38	222	128	148	120	177	136	
53	237	73	175	22	3	71	236	86	160	232	130	115	193	185	96	89	236	2	238	73	178	93	63	172	134	133	52	125	187	80	168	
26	249	242	255	242	139	190	247	63	1	124	162	173	255	100	16	255	251	151	208	210	154	8	251	190	255	62	234	247	150	163	153	
33	175	91	101	244	143	239	119	124	136	122	104	183	171	180	48	62	238	70	108	192	186	0	94	124	156	39	128	77	170	227	169	
60	205	100	239	188	155	78	252	69	160	254	10	227	105	52	80	88	230	127	107	216	186	105	189	254	253	165	212	119	186	208	8	
64	157	151	253	184	173	188	55	190	25	90	96	188	183	32	96	199	51	127	9	83	137	19	255	237	182	58	138	24	72	161	57	
126	77	230	230	84	10	110	252	117	162	251	10	107	105	61	83	122	237	127	227	232	243	201	238	178	239	231	128	103	251	242	8	
38	188	228	222	252	187	222	223	159	251	120	187	236	253	246	41	159	255	247	151	178	123	235	247	46	126	223	254	215	253	211	221	
11	188	54	217	253	253	121	247	223	95	92	55	174	190	182	228	239	59	183	128	190	30	114	247	207	223	146	235	182	140	173	223	
91	182	246	95	169	213	125	255	183	95	214	181	106	255	254	127	255	251	255	132	175	223	227	243	223	127	246	139	166	212	166	255	
203	252	246	222	174	180	92	255	255	219	246	177	108	255	159	127	215	255	255	133	230	223	235	251	58	126	223	154	134	212	227	95	
63	205	102	239	182	26	126	253	125	192	255	130	123	111	190	96	126	255	63	239	252	184	109	237	254	239	175	132	55	191	240	201	
54	205	102	175	220	11	206	237	117	160	250	2	107	232	61	81	122	231	63	227	232	179	73	255	178	238	135	148	117	187	240	136	
182	197	118	255	238	11	254	253	125	162	243	146	205	111	60	65	255	213	127	227	240	246	77	255	190	250	207	198	119	191	241	129	
219	146	164	249	239	93	57	255	23	127	213	183	202	255	202	239	253	154	255	165	191	94	251	215	223	251	255	239	186	140	189	247	
198	133	246	254	254	163	222	191	159	179	179	146	237	239	60	75	255	215	127	163	242	237	139	255	170	254	223	214	151	252	193	1	
159	189	246	251	190	183	222	251	159	251	95	179	77	253	254	109	151	95	255	55	182	249	175	246	202	223	109	246	215	237	241	215	
98	205	150	158	221	37	174	239	219	131	168	90	236	234	60	1	249	99	91	129	112	111	218	255	189	30	223	122	144	120	163	136	
32	141	2	138	212	131	166	231	4	0	88	2	32	200	48	0	88	42	19	193	82	186	0	253	40	4	138	72	85	10	176	136	
61	51	254	129	223	255	241	91	254	253	183	62	158	222	215	174	127	141	238	145	151	123	247	208	223	67	251	245	239	45	95	247	
2	205	2	158	148	131	174	231	22	0	88	2	96	234	33	64	88	106	2	192	98	186	10	255	32	38	142	128	20	88	176	136	
121	115	251	100	98	94	81	80	105	204	245	108	31	29	135	182	190	157	212	96	141	179	160	200	210	249	32	146	111	162	110	249	
122	50	254	197	111	122	233	82	235	237	246	206	139	139	215	158	106	141	255	152	137	243	247	192	150	185	186	169	239	229	111	253	
121	82	239	156	77	94	117	120	235	254	246	110	254	215	130	255	124	228	238	174	205	119	247	201	215	227	243	157	47	172	124	123	
0	141	2	136	20	131	170	231	4	1	88	2	32	234	32	64	72	42	2	192	82	168	0	255	32	36	138	64	21	10	176	136	
180	229	70	159	220	11	238	237	61	162	243	26	206	234	40	81	123	207	110	226	120	247	75	255	188	34	207	68	85	59	243	128	
3	178	113	97	238	189	248	83	239	249	177	121	142	156	212	175	175	17	223	17	151	104	226	208	31	216	16	254	199	140	203	215	
15	58	246	241	247	127	251	24	63	253	55	191	221	127	223	47	183	253	255	53	181	240	169	204	207	223	111	231	198	229	71	247	
182	165	118	239	246	11	254	248	125	160	251	146	79	111	61	1	254	223	95	243	248	243	77	254	190	218	143	198	231	255	225	129	
6	173	244	255	254	163	254	239	159	179	217	154	236	238	60	11	255	255	127	131	178	74	202	255	188	190	223	254	181	124	209	145	
130	237	148	29	217	237	180	39	190	23	74	17	164	178	68	199	129	43	234	17	118	92	211	119	45	54	94	75	16	68	141	142	
228	237	130	159	220	43	46	236	62	163	217	18	232	226	105	72	121	238	106	242	114	87	203	251	60	38	199	44	148	123	179	128	
6	205	150	158	217	128	166	230	188	130	194	1	228	226	33	197	233	107	106	195	98	219	138	111	53	54	207	11	128	121	161	142	
2	141	130	159	212	162	174	239	190	1	218	2	232	234	48	64	121	111	59	129	82	153	139	255	60	38	159	192	148	90	177	8	
53	205	75	173	150	131	70	239	86	160	200	66	115	225	33	64	120	232	2	234	105	186	77	63	172	134	165	36	113	122	240	168	
18	249	242	239	114	139	250	244	47	1	250	162	109	239	36	16	254	251	151	208	210	155	8	253	190	253	15	194	119	130	163	153	
99	176	246	222	110	149	248	255	63	91	246	185	108	255	252	121	215	223	255	133	166	223	235	211	30	126	223	158	151	196	227	95	
182	196	118	255	238	11	254	233	125	162	243	18	205	106	61	65	127	197	127	227	240	247	73	255	190	254	207	132	117	187	241	128	
198	164	246	254	254	171	252	175	159	179	243	154	204	238	60	89	255	215	127	163	242	103	155	215	62	62	223	222	149	236	225	0	
94	208	244	255	102	26	254	248	125	226	247	163	205	127	157	97	255	213	191	239	224	244	109	223	182	255	207	134	55	190	113	213	
95	178	230	249	47	223	120	123	191	125	215	191	222	221	254	111	239	157	255	21	159	95	235	213	223	91	251	255	182	140	180	247	
159	50	166	241	239	223	185	91	247	253	151	191	155	157	214	47	239	149	255	149	159	111	247	212	223	219	251	255	239	140	61	247	
134	188	246	250	190	179	216	249	159	243	247	147	205	255	125	105	191	255	255	183	178	233	191	254	154	254	223	222	151	237	113	85	
43	50	126	241	47	221	249	83	237	253	180	188	142	156	214	171	174	145	223	21	151	109	242	192	158	217	122	251	207	140	75	213	
75	114	246	229	111	126	249	24	43	236	246	165	221	159	215	62	190	253	255	181	133	208	227	200	199	251	235	131	135	165	103	247	
121	115	123	100	34	94	89	80	105	236	255	236	159	31	135	182	254	157	221	236	205	147	229	200	210	249	42	146	111	166	111	245	
123	50	254	197	111	124	249	82	235	237	246	239	155	158	215	190	110	157	255	157	143	243	247	192	215	249	186	187	239	133	111	255	
16	141	14	172	148	131	174	231	132	0	218	2	49	234	32	64	104	42	14	192	122	169	0	189	160	229	170	64	20	8	176	136	
52	205	70	174	220	11	198	237	53	160	250	10	107	234	53	81	122	230	110	227	120	187	73	255	178	238	135	20	117	187	240	136	
62	205	102	239	182	154	110	252	109	192	254	2	123	107	180	96	126	239	63	235	200	185	109	237	246	237	175	132	55	191	240	137	
114	172	150	190	221	229	196	239	155	51	168	25	110	234	124	154	201	227	106	17	62	111	218	247	185	214	223	127	208	72	254	142	
2	184	242	217	61	253	248	247	223	93	124	51	174	190	118	100	239	59	183	16	150	58	98	247	143	94	154	235	150	140	237	223	
126	73	102	238	92	10	78	252	117	160	251	2	107	233	61	83	120	237	127	227	232	179	201	237	178	239	199	128	103	187	242	8	
118	172	150	250	141	229	80	207	219	147	160	25	46	249	108	155	201	235	233	16	62	111	218	243	155	222	85	127	211	72	234	10	
65	157	27	253	184	197	56	55	190	9	90	96	180	183	32	96	196	59	63	8	83	24	18	127	173	182	58	202	24	0	161	57	
56	201	114	239	62	139	78	252	77	160	254	10	107	105	52	80	122	228	78	107	200	187	73	189	186	253	165	208	119	186	208	9	
33	175	91	117	116	139	239	119	124	136	122	72	183	227	176	16	122	42	6	12	208	186	132	95	100	172	34	8	65	136	227	169	
34	237	226	219	212	131	170	236	86	1	120	2	40	232	116	0	121	235	19	211	210	186	72	255	62	12	143	232	213	26	242	136	
100	205	194	142	204	11	238	236	63	130	250	10	236	232	61	64	123	239	127	227	72	179	75	255	188	62	143	12	53	123	113	128	
4	237	134	159	220	170	238	239	191	147	250	18	236	226	40	75	123	239	110	146	114	217	203	255	188	38	223	72	145	120	161	136	
132	173	134	159	220	163	174	239	190	179	218	18	236	226	104	67	121	239	110	130	50	217	75	255	188	6	223	68	149	121	177	128	
246	164	246	253	252	43	252	235	127	242	248	155	106	238	93	81	255	223	127	181	250	119	207	223	190	254	199	238	229	252	99	217	
