空气轻垫唇油	166 暴走的橙子 6.5ml	http://www.lancome.com.cn/on/demandware.static/-/Sites-lancome-master-catalog/default/dwa44bd669/images/LAN_PRO_IMG/Product Set/LAN00228/shade/L9215500U.png	http://www.lancome.com.cn/dw/image/v2/AARM_PRD/on/demandware.static/-/Sites-lancome-master-catalog/default/dwa5f33547/images/LAN_PRO_IMG/Product Set/LAN00228/L9215500U/L9215500U_1.jpg?sw=490&sh=490&sm=fit
18	137	94	138	218	192	27	236	135	5	204	162	109	231	170	116	106	179	175	192	90	11	42	245	208	228	138	203	49	2	165	186	
3	220	49	207	109	215	175	246	77	106	88	98	40	60	180	229	236	59	18	201	193	186	117	253	37	24	82	34	87	28	113	253	
65	152	51	218	53	164	171	83	255	73	85	84	188	216	180	100	231	43	30	29	179	173	34	255	153	254	58	202	152	2	161	37	
62	78	98	190	117	223	91	64	133	140	125	139	107	198	35	20	216	185	151	34	12	150	40	159	243	213	129	169	51	191	86	242	
214	34	158	187	74	97	57	76	190	183	215	179	237	231	73	91	111	223	239	144	34	215	203	208	221	227	123	175	161	209	39	203	
26	145	95	168	219	194	16	111	133	65	104	34	125	254	40	112	234	179	179	128	31	139	18	213	187	229	138	67	177	2	165	146	
161	217	113	92	116	135	167	222	95	66	116	6	176	28	181	100	126	120	18	78	227	173	53	255	33	30	18	0	93	153	113	189	
11	210	2	188	124	21	188	127	220	74	208	231	188	168	178	193	238	33	155	165	229	15	6	223	36	127	250	138	30	188	249	157	
7	41	66	219	224	137	233	17	175	81	117	133	188	195	230	93	102	41	19	222	83	152	2	240	12	24	154	202	30	132	225	176	
51	84	250	172	87	114	208	71	69	65	254	167	15	24	182	132	122	141	134	161	12	179	20	200	176	229	16	3	237	92	234	207	
154	111	113	210	118	240	232	70	121	129	120	226	41	14	149	173	110	187	134	145	175	184	36	237	188	200	190	129	231	212	111	156	
50	85	114	168	87	51	146	71	125	197	248	171	14	24	39	148	250	137	151	177	44	187	4	206	176	84	2	19	237	94	43	207	
131	43	66	219	228	136	235	80	172	84	116	229	169	131	247	205	102	42	23	220	146	152	6	224	12	24	170	200	158	133	113	248	
26	148	123	200	26	243	155	206	134	65	222	163	24	159	44	96	127	155	155	144	27	139	52	246	123	37	154	207	183	10	36	122	
161	201	115	73	116	207	231	254	95	12	116	2	176	21	181	36	88	24	18	104	227	188	53	255	37	30	16	4	83	152	117	237	
26	157	95	250	219	225	49	99	135	65	233	34	124	247	40	112	110	179	147	128	27	139	58	221	251	231	138	75	187	66	165	178	
40	28	123	255	84	229	243	112	148	12	125	3	56	253	33	0	168	58	147	74	1	170	26	63	67	205	32	9	115	171	100	251	
139	193	76	169	100	145	188	37	77	97	83	215	189	8	182	224	206	11	55	141	215	188	69	213	36	57	190	192	29	12	249	141	
54	139	238	182	28	2	219	224	23	157	211	135	101	109	122	66	253	231	191	213	206	219	79	237	216	99	239	213	53	46	52	74	
166	205	112	254	246	160	222	238	217	2	248	18	110	234	61	81	255	235	23	227	234	175	10	255	178	190	142	184	85	251	225	137	
146	145	91	236	146	66	31	101	165	5	248	163	13	159	32	80	110	155	149	224	88	139	32	205	250	225	174	207	49	2	166	187	
2	221	18	157	147	197	60	231	158	15	74	181	172	166	34	64	229	123	163	197	102	152	18	255	45	54	158	139	24	84	173	219	
3	192	46	189	69	149	188	167	204	80	82	199	168	136	50	195	232	41	59	133	199	28	87	213	228	113	158	129	28	28	185	158	
3	207	2	159	215	209	174	231	30	68	88	167	172	232	55	228	251	107	147	199	103	152	46	255	36	54	158	139	22	92	189	204	
135	176	174	159	141	151	190	232	158	254	211	151	196	232	123	75	217	101	123	103	244	199	223	157	156	115	207	247	28	47	57	198	
167	113	38	143	141	31	178	232	236	232	211	79	202	216	63	235	248	197	254	119	237	243	221	220	156	58	207	23	77	63	121	4	
200	156	254	93	135	240	181	55	252	87	78	50	60	63	32	99	35	118	187	136	240	220	183	235	103	47	254	3	7	64	181	106	
122	235	239	183	26	128	123	104	135	188	159	163	105	207	95	66	110	241	237	199	74	67	139	253	254	197	171	169	39	167	52	114	
102	77	102	142	125	192	158	96	137	198	249	171	104	236	55	66	234	241	147	227	64	35	66	238	49	48	138	139	85	127	116	210	
246	76	166	156	77	228	202	66	145	130	192	3	40	254	53	75	200	243	59	199	40	207	210	232	19	58	202	136	133	117	112	10	
61	201	75	79	20	18	239	248	68	224	247	70	115	64	185	96	122	236	22	238	201	178	109	61	112	169	167	132	125	186	120	168	
230	120	55	154	79	212	185	67	137	220	209	39	44	222	103	111	236	177	147	211	195	15	178	232	21	48	138	186	21	44	53	247	
131	200	119	93	85	143	175	254	221	68	114	70	226	68	189	100	92	64	18	109	227	188	116	255	37	62	0	6	87	152	81	236	
2	189	50	155	119	133	190	230	158	25	88	3	172	190	52	64	239	123	147	129	226	58	26	247	45	22	158	234	20	12	161	219	
166	205	240	222	244	160	254	206	155	3	121	18	236	234	61	64	255	235	23	195	162	34	138	251	52	60	143	168	149	123	241	137	
230	93	18	156	95	196	158	98	136	138	248	34	44	254	37	83	238	243	147	195	96	35	18	239	53	48	138	27	21	123	37	155	
129	156	55	223	53	236	161	51	220	95	87	16	176	184	180	109	193	50	58	9	179	252	55	239	13	62	90	66	196	8	85	37	
246	92	246	212	55	134	222	114	241	202	250	34	40	255	53	81	238	245	53	195	232	235	0	238	51	126	206	130	39	245	112	11	
179	197	12	141	5	151	206	175	85	98	218	199	96	104	62	228	89	138	62	175	255	178	85	159	176	46	138	215	61	28	248	4	
169	197	97	73	5	155	229	111	92	96	120	66	187	8	180	164	91	40	2	40	193	184	117	223	37	24	22	4	87	220	209	172	
39	143	174	186	221	7	158	236	92	86	210	135	228	104	59	73	221	195	155	231	252	235	93	254	252	23	222	157	157	126	185	94	
129	192	119	81	53	223	161	7	92	5	114	82	168	28	148	173	200	56	42	24	179	252	117	213	5	122	82	66	199	8	213	172	
160	145	20	170	157	205	212	45	15	49	177	26	198	88	60	65	217	130	19	33	122	42	91	149	169	216	148	127	80	10	208	2	
183	32	233	203	76	43	200	89	71	241	241	90	83	72	222	43	120	140	55	189	157	118	239	144	22	24	235	252	245	170	112	228	
18	141	114	251	180	163	234	135	29	1	123	18	237	74	60	64	126	139	23	176	186	184	9	255	174	222	138	192	181	202	225	136	
118	203	207	190	154	66	31	238	151	149	216	163	109	231	40	82	111	215	175	210	88	203	42	224	249	227	254	203	181	243	165	123	
39	140	225	23	213	31	166	232	92	226	210	70	232	120	191	160	249	203	146	103	245	242	93	239	62	95	207	6	221	126	121	156	
3	91	27	156	124	148	184	214	205	88	80	100	188	158	181	227	198	51	31	77	135	9	6	241	6	56	186	170	28	156	121	157	
182	221	114	250	254	165	222	255	95	10	248	186	110	253	61	0	223	251	151	227	250	39	10	255	186	222	141	254	215	255	240	27	
30	173	192	251	212	129	234	248	143	129	125	2	125	235	56	0	123	235	23	216	2	56	10	253	126	205	175	228	183	138	97	136	
61	73	105	111	4	27	71	248	101	224	246	74	83	73	157	244	122	196	84	106	201	178	109	44	114	233	165	20	111	187	90	36	
26	207	66	156	114	144	174	246	149	6	90	231	41	234	182	196	126	235	135	133	230	154	6	239	52	102	190	129	63	212	41	221	
42	168	234	238	126	147	186	216	143	192	125	139	253	205	253	0	30	57	23	189	130	163	46	223	110	93	171	188	87	174	19	129	
247	210	204	167	45	14	252	104	47	190	147	159	207	106	94	91	255	197	255	231	236	119	221	192	150	123	207	182	13	63	249	214	
3	219	115	89	244	155	237	119	93	72	112	230	184	128	180	165	126	42	22	204	211	184	36	253	44	24	38	192	95	140	241	189	
9	195	124	93	116	152	233	23	70	53	118	130	187	8	150	228	106	46	174	141	135	184	229	145	70	105	242	65	119	136	217	172	
10	188	58	250	117	252	113	86	249	13	92	16	174	157	38	116	165	59	151	17	178	188	48	247	207	253	26	75	146	4	47	251	
244	77	194	148	244	162	206	98	153	130	250	2	46	232	49	3	234	229	23	195	104	167	0	238	176	54	142	16	69	121	114	128	
19	80	107	197	86	66	239	81	68	224	87	230	81	20	191	100	126	188	22	239	201	180	53	206	52	12	175	128	45	178	112	244	
89	194	226	125	85	218	105	23	119	101	118	150	187	0	146	236	122	172	174	140	153	248	117	149	214	239	242	65	111	140	248	108	
35	143	98	139	215	177	170	227	95	73	92	231	40	72	182	164	254	171	146	149	151	186	4	253	62	92	138	195	223	14	121	157	
10	199	98	239	119	208	252	119	85	13	94	163	41	15	190	228	126	187	151	137	214	184	36	223	118	109	186	193	55	142	253	203	
130	140	150	155	214	171	168	103	62	51	91	18	236	170	48	73	123	47	59	145	50	252	3	247	28	38	222	192	132	72	177	136	
27	19	106	168	62	147	184	89	205	72	214	231	9	136	246	224	110	129	223	245	220	163	5	212	210	81	170	207	127	142	57	213	
52	105	194	142	92	2	238	236	21	160	242	10	98	202	45	80	120	236	78	226	72	179	137	234	176	172	143	60	101	123	114	128	
3	107	64	140	118	152	232	70	173	68	208	231	173	10	151	197	238	163	31	205	199	11	68	237	180	120	154	138	31	156	43	221	
9	227	215	153	100	168	104	23	239	81	94	226	188	155	242	250	102	43	54	13	135	152	70	209	68	56	186	160	30	132	41	137	
130	240	170	152	207	193	185	71	154	213	68	187	140	220	118	8	235	57	147	145	22	95	182	194	93	16	158	235	149	12	181	246	
2	141	18	153	118	133	188	230	30	27	90	146	172	174	48	64	239	123	51	129	34	152	2	247	45	54	30	170	20	88	161	137	
114	19	98	168	95	75	210	104	141	44	144	47	14	154	39	84	250	161	223	101	88	3	16	220	146	80	138	255	53	15	117	87	
3	30	66	157	86	182	170	114	20	200	90	199	169	234	183	196	126	233	23	207	133	152	20	239	36	44	170	128	45	175	57	213	
11	43	66	201	108	184	233	70	173	17	112	199	172	130	215	206	110	43	87	204	131	152	198	193	4	56	154	162	79	132	123	157	
57	132	97	233	92	179	203	123	86	1	221	18	83	105	184	100	89	136	23	185	187	182	109	159	252	239	187	196	247	138	240	160	
131	248	107	219	116	253	249	22	63	89	118	16	184	159	182	60	111	56	19	28	167	188	50	247	79	31	178	193	150	128	127	251	
19	205	113	171	22	147	235	248	79	64	93	66	253	202	177	100	126	235	31	219	203	40	46	255	188	205	171	200	53	143	97	109	
146	77	98	231	150	163	234	182	93	160	122	2	107	43	53	64	126	235	23	241	168	184	1	238	190	222	158	128	167	219	112	8	
10	59	103	89	97	156	168	82	173	29	114	231	168	142	149	204	238	57	151	220	135	184	102	224	6	120	154	130	71	133	37	253	
50	141	98	238	220	131	238	239	69	0	250	2	105	234	52	80	120	234	23	227	216	187	8	253	58	236	134	192	117	186	240	136	
114	115	3	172	57	197	26	121	175	76	185	109	172	222	36	208	220	185	207	227	79	3	194	221	177	240	171	191	24	34	38	215	
186	91	82	224	7	67	90	96	37	160	242	171	43	27	39	80	126	177	135	225	76	191	4	236	242	193	2	179	55	159	110	139	
158	13	246	246	182	178	254	183	253	194	127	18	105	235	181	105	255	227	55	203	248	252	46	238	170	255	215	128	231	245	241	13	
3	173	224	131	213	176	170	199	78	65	124	70	136	40	222	172	249	11	146	157	151	184	85	225	14	28	158	99	205	79	249	140	
28	205	120	219	86	145	235	248	206	0	125	2	249	235	180	96	122	234	31	250	194	56	47	253	126	141	175	192	55	139	113	168	
182	76	230	247	132	162	110	247	117	162	250	18	75	41	53	73	107	231	55	163	248	254	9	238	186	238	223	128	167	249	240	8	
56	73	122	228	55	94	95	112	69	172	246	3	27	29	51	112	122	188	149	106	200	179	48	140	243	233	160	147	119	187	116	235	
148	13	66	147	148	163	238	231	61	130	250	18	42	34	33	65	105	226	14	210	56	191	1	238	184	134	158	64	229	89	241	8	
48	77	78	238	212	130	239	245	132	128	254	2	115	233	177	65	120	238	55	234	72	179	8	172	240	169	231	136	53	250	240	168	
118	114	19	168	107	143	50	88	175	44	177	111	14	214	37	80	230	181	207	99	64	3	146	221	144	176	43	190	25	47	39	211	
6	173	176	138	252	161	186	203	139	9	25	10	140	206	124	0	223	91	23	145	146	35	138	243	44	28	143	254	148	75	131	129	
19	132	98	201	20	178	104	87	119	65	214	147	73	143	190	108	119	141	31	189	190	157	37	223	26	110	154	196	183	132	240	92	
150	141	70	179	148	171	110	231	61	130	250	18	75	42	52	81	107	239	23	131	120	254	1	238	190	238	222	192	165	249	240	8	
158	205	118	243	246	171	126	183	61	50	95	146	205	111	52	65	55	239	55	139	240	220	12	255	174	223	255	192	183	248	241	1	
26	145	118	156	211	208	188	103	141	5	76	163	44	190	38	196	238	187	131	129	86	155	38	213	179	118	154	203	55	4	173	223	
53	81	107	205	86	70	239	176	68	192	222	70	81	85	181	100	126	236	22	238	201	178	53	12	101	41	163	132	45	187	112	240	
20	237	128	179	148	137	238	236	63	129	120	2	239	234	105	0	123	234	6	210	82	56	72	255	172	196	143	100	177	90	177	136	
11	156	224	217	182	177	184	87	31	67	92	183	173	14	182	164	39	59	151	157	151	156	36	243	14	95	154	194	150	204	145	253	
58	1	106	232	87	22	91	112	5	164	254	131	11	15	55	208	122	172	151	236	12	179	49	140	243	237	130	129	119	143	124	234	
155	217	76	175	7	151	220	109	15	97	87	199	109	8	54	192	106	162	179	197	207	156	95	189	182	107	218	147	63	30	249	30	
18	205	66	154	87	211	174	231	23	5	90	163	40	222	38	196	123	187	131	209	118	155	4	255	56	38	158	195	55	28	173	142	
24	141	108	219	182	178	235	183	124	65	95	146	249	47	178	97	103	183	55	140	176	152	37	255	110	239	250	192	55	128	225	233	
174	189	246	254	246	178	158	254	155	194	88	179	237	254	61	33	223	123	151	247	242	202	46	239	42	95	207	202	151	247	243	213	
9	202	115	217	36	152	233	23	126	17	118	112	189	130	244	236	38	58	62	156	147	184	231	209	132	249	250	192	94	136	201	41	
60	81	114	236	25	87	94	121	5	8	252	42	11	79	36	208	252	185	143	226	76	163	64	157	243	245	162	191	115	175	110	19	
132	105	130	158	204	129	134	196	150	144	80	2	32	200	113	9	72	104	34	211	66	98	10	160	32	0	207	40	21	123	48	136	
9	219	118	217	101	157	169	23	254	25	118	116	188	147	228	228	102	58	55	24	195	184	34	213	70	217	114	192	90	128	201	169	
162	121	0	159	77	193	62	200	142	84	64	171	172	206	33	73	202	57	147	195	66	26	74	249	5	16	202	171	20	31	53	218	
134	225	130	145	196	1	172	204	22	179	80	18	8	170	104	11	121	75	2	210	112	254	8	192	28	0	222	228	133	89	177	128	
24	141	108	239	150	146	239	180	117	192	126	2	121	105	176	97	126	230	23	234	248	184	45	255	126	239	167	192	55	179	240	168	
18	109	242	231	54	162	254	150	93	128	122	130	105	111	53	0	190	251	23	241	170	184	5	239	166	222	142	128	231	222	113	137	
19	204	104	234	22	147	203	248	79	0	221	2	125	202	181	100	122	169	23	235	139	177	44	255	254	205	171	136	55	139	113	164	
114	203	236	191	28	134	251	248	135	188	223	135	101	201	123	66	253	237	191	231	206	195	207	253	216	99	239	149	21	47	56	66	
39	217	172	23	85	31	162	232	94	240	211	70	232	120	191	161	249	105	210	101	165	242	93	253	60	95	79	71	221	46	121	132	
118	203	143	190	26	66	27	232	134	156	211	163	101	231	42	82	127	247	175	214	74	75	11	237	217	163	239	221	53	166	36	107	
50	131	79	232	154	195	27	237	133	5	217	163	77	231	168	64	126	187	151	225	88	139	38	213	248	227	170	207	53	130	164	250	
129	213	97	73	5	223	164	239	76	80	120	66	184	156	180	165	217	8	18	41	199	184	119	213	39	88	135	70	95	12	209	172	
3	209	40	136	125	151	172	109	94	97	81	86	188	24	182	160	202	1	146	13	229	47	21	221	38	95	154	42	28	12	217	157	
2	162	162	145	197	96	184	207	26	231	88	151	136	172	94	8	249	11	147	149	150	252	132	194	12	22	158	231	133	68	183	206	
154	240	195	176	67	213	184	220	23	114	192	179	28	222	105	168	127	153	147	195	111	215	62	211	19	64	155	175	61	29	53	254	
50	71	82	136	82	114	152	71	117	65	250	163	43	14	183	161	110	155	134	177	172	187	5	206	178	64	154	131	229	220	174	140	
7	43	99	203	224	145	173	65	172	20	120	198	168	130	245	196	110	40	19	222	211	24	54	240	4	24	138	200	92	7	241	188	
2	221	22	157	179	197	60	231	62	79	74	181	172	182	34	64	231	123	179	133	118	152	19	255	45	54	158	195	24	84	169	223	
75	194	46	156	108	151	156	125	156	65	212	135	173	10	50	193	206	161	191	197	196	143	22	221	242	51	250	153	28	156	185	92	
61	73	106	111	4	27	71	248	69	224	246	78	115	73	191	244	120	228	84	238	205	179	109	172	114	233	165	148	111	191	122	100	
161	201	120	93	102	199	167	246	94	40	116	2	176	21	183	36	106	58	18	74	227	184	113	127	101	10	18	32	81	152	97	168	
11	192	74	188	93	149	252	111	156	64	212	135	173	202	50	193	108	33	155	173	228	13	86	157	246	99	218	137	30	156	185	220	
50	7	34	168	181	34	218	67	17	13	217	183	14	8	54	208	220	139	151	181	156	187	64	206	178	116	138	211	245	78	190	198	
178	139	111	174	10	194	31	225	133	29	240	163	109	6	168	82	110	147	167	192	90	139	99	245	240	225	234	195	49	130	165	105	
2	189	50	155	87	197	190	230	30	25	88	2	172	190	52	64	239	123	147	129	34	58	26	247	45	30	158	234	20	12	177	155	
3	207	3	159	151	211	190	231	30	69	88	163	172	238	55	196	251	107	147	197	102	152	46	255	36	54	158	139	20	92	189	222	
131	197	39	153	5	223	236	175	95	90	90	66	160	204	180	229	248	11	50	77	199	184	119	221	39	56	206	6	93	28	209	108	
194	79	194	158	250	32	174	230	136	134	152	231	45	238	179	66	110	227	139	231	228	11	6	238	48	54	238	153	13	255	45	217	
231	113	62	12	109	31	182	104	205	224	241	79	202	216	63	235	216	197	250	103	237	103	223	204	180	123	79	63	93	63	123	134	
214	98	142	175	74	35	57	216	38	183	215	183	205	231	75	91	255	221	239	182	10	215	203	210	221	227	251	189	128	119	39	242	
55	32	97	139	76	3	203	88	70	240	145	206	83	72	253	43	88	140	87	255	141	119	239	152	20	8	235	188	253	171	114	240	
44	133	44	235	157	175	66	184	71	57	189	26	211	121	56	1	217	130	31	120	186	32	89	149	207	217	129	116	243	139	80	2	
17	145	95	172	147	196	55	117	165	65	106	6	125	183	40	112	226	51	120	192	81	169	18	109	241	225	2	11	105	2	161	58	
198	98	142	191	8	39	57	216	182	183	199	151	205	231	123	75	221	77	235	183	42	215	203	209	220	115	223	141	148	119	52	210	
51	147	46	168	188	151	88	105	70	20	209	167	97	232	58	64	216	168	59	101	220	139	71	157	154	99	235	221	60	46	184	82	
1	192	101	73	21	223	228	111	93	97	114	82	146	24	180	165	72	136	2	41	253	188	117	223	45	30	150	64	85	12	209	172	
122	90	82	228	7	74	210	112	9	172	242	239	15	27	37	80	238	181	135	226	72	183	17	236	178	225	162	147	111	191	102	91	
19	194	46	189	12	133	108	117	132	85	210	135	165	138	50	66	236	9	59	133	206	152	87	145	244	97	158	128	28	28	184	222	
242	195	75	236	10	128	29	101	164	12	212	163	41	7	160	80	110	145	143	192	72	15	96	205	240	225	174	153	53	130	166	233	
129	200	115	95	116	223	161	246	95	77	118	80	184	148	180	101	123	58	34	72	227	188	53	255	5	30	18	2	83	152	101	172	
50	90	74	164	70	72	250	102	45	196	178	239	47	14	55	80	110	177	207	193	205	175	68	236	180	208	170	147	45	157	47	221	
22	141	118	251	180	163	106	183	29	1	123	18	237	107	60	65	127	139	23	241	186	152	9	255	174	222	142	192	183	203	225	0	
54	213	242	252	252	7	222	255	95	170	240	42	110	253	60	1	223	251	183	161	232	251	11	223	58	222	197	254	215	252	240	153	
139	203	91	152	108	156	169	86	237	89	20	100	188	154	182	231	230	33	30	205	199	45	38	209	4	56	186	168	30	156	121	205	
170	48	227	216	71	241	185	66	159	87	85	179	8	221	118	12	107	57	147	145	34	214	182	192	87	81	218	235	151	12	53	242	
62	7	99	232	20	163	203	90	5	13	217	199	65	79	191	192	124	184	151	181	26	147	4	156	219	69	171	253	183	207	116	112	
3	75	72	141	102	152	233	102	173	68	212	199	173	10	183	196	110	161	95	205	199	15	100	205	180	56	186	136	29	156	57	221	
114	99	110	172	28	129	91	120	135	172	155	135	105	207	23	64	126	173	237	231	200	3	235	221	242	225	171	185	53	175	52	98	
2	141	18	153	119	133	190	230	62	9	90	18	172	170	48	64	239	123	19	129	98	152	2	255	45	54	154	162	20	72	177	137	
182	205	246	190	246	162	222	238	223	2	248	18	111	234	61	65	255	235	23	227	250	231	10	255	184	254	207	136	245	249	225	137	
226	76	166	254	77	228	216	142	137	2	192	2	168	190	53	75	200	227	59	193	106	47	210	233	19	58	218	27	17	93	112	10	
33	219	115	79	118	135	239	244	85	72	116	230	48	5	180	37	126	40	22	238	225	186	36	255	36	24	160	128	127	154	112	253	
26	145	114	174	211	208	148	103	141	5	221	163	44	254	46	196	234	187	131	129	86	139	38	247	50	116	154	203	55	6	173	223	
11	161	82	137	117	248	233	23	239	81	84	134	173	131	246	230	102	43	146	157	135	56	230	209	6	121	154	168	30	132	233	204	
22	205	214	247	246	162	238	167	61	147	123	18	109	106	52	65	123	239	55	227	120	216	9	255	190	254	223	128	165	121	241	0	
11	115	99	65	101	157	232	85	77	89	82	102	136	28	244	164	238	137	150	221	215	184	117	192	38	88	154	194	79	12	249	221	
154	149	86	188	195	194	20	103	189	7	104	51	47	190	32	213	235	179	135	128	124	158	18	207	179	243	82	3	113	68	173	142	
62	15	107	238	118	243	91	120	21	68	221	175	107	79	179	16	126	185	151	230	168	146	44	158	242	197	169	137	55	175	116	241	
9	195	116	89	101	216	233	23	111	85	118	150	185	140	150	228	106	170	166	141	215	184	247	209	70	121	178	65	127	140	253	252	
198	242	174	190	13	135	191	232	158	190	211	151	228	232	123	75	209	101	123	231	228	71	223	185	220	115	207	159	28	63	57	82	
170	248	163	152	79	197	185	71	155	85	69	147	44	158	102	45	238	57	147	145	83	94	178	209	93	81	218	235	23	12	181	246	
3	143	98	137	247	145	186	103	204	65	90	231	168	8	182	228	238	43	146	149	151	184	4	221	46	92	138	195	95	12	249	157	
18	207	66	154	87	209	190	230	150	5	90	163	40	206	54	196	122	187	131	193	102	155	6	255	56	38	158	195	53	28	189	142	
9	136	114	217	101	252	233	23	127	21	118	18	173	131	242	236	98	42	174	156	147	184	247	209	7	249	154	65	246	140	201	236	
118	28	246	212	55	134	218	98	185	138	242	34	40	254	53	16	238	245	53	195	168	235	0	238	59	62	207	130	5	37	114	3	
162	248	251	219	116	205	249	23	255	93	116	48	184	157	182	125	206	56	19	24	211	188	50	241	71	56	18	194	86	136	214	255	
19	1	107	197	86	86	235	81	68	200	95	2	81	29	190	100	124	156	23	239	201	181	37	206	117	44	170	132	37	170	116	241	
6	172	240	194	244	161	250	202	27	161	57	10	140	234	125	0	223	75	23	17	146	35	136	243	44	28	143	238	213	123	211	129	
57	81	107	77	100	82	239	116	68	232	118	34	81	29	179	96	120	252	23	238	201	177	37	140	115	169	162	132	103	186	112	233	
50	19	114	160	87	203	248	100	77	76	242	175	47	10	55	4	110	145	151	225	140	187	4	204	146	208	170	147	103	142	124	207	
3	166	162	129	197	54	184	199	90	103	88	151	8	168	118	8	249	11	147	149	150	254	181	194	12	30	158	231	205	92	249	206	
166	205	240	158	244	162	254	238	155	2	120	18	236	234	61	65	255	235	23	227	242	98	10	255	44	62	143	172	149	123	241	137	
230	29	18	158	95	132	190	98	136	138	248	34	44	254	33	66	238	243	147	195	96	43	146	238	53	52	202	138	21	123	33	155	
48	77	107	238	196	130	111	245	196	128	254	66	115	227	177	97	120	238	55	234	201	187	46	173	240	169	167	136	37	250	240	168	
28	205	106	235	20	145	234	248	198	0	255	2	121	203	188	64	122	234	14	250	202	59	47	253	126	205	167	192	55	139	112	136	
42	96	106	200	126	131	251	88	143	128	221	138	249	205	189	36	62	185	23	233	130	162	46	223	86	93	171	184	119	139	83	225	
11	51	110	137	79	213	185	86	44	109	246	167	169	142	150	228	108	141	254	213	135	184	117	208	22	105	186	129	111	12	125	221	
247	82	236	167	15	14	126	216	45	190	179	159	207	74	95	91	255	197	127	231	236	119	221	192	214	251	207	183	45	63	123	82	
194	79	2	140	10	128	62	71	164	6	200	227	45	134	161	196	102	51	203	199	66	15	134	251	48	36	186	137	52	212	165	76	
58	141	102	238	212	163	238	246	69	0	250	2	121	235	52	64	120	235	23	227	216	187	8	253	122	237	166	192	119	202	240	136	
166	10	160	158	77	233	184	64	158	86	81	187	168	204	119	9	216	41	147	7	38	118	78	243	5	18	219	171	85	109	23	210	
11	59	107	201	103	148	184	84	237	76	254	231	168	14	183	224	238	153	223	213	134	186	100	192	22	89	186	131	71	142	45	221	
3	140	96	217	246	177	184	87	31	65	92	151	172	14	182	100	103	27	23	157	150	156	37	215	14	30	154	194	150	204	145	221	
163	219	99	73	116	147	239	253	93	72	112	230	48	0	180	36	126	40	22	238	227	184	36	255	36	28	164	128	127	156	240	253	
14	137	230	254	182	131	254	248	159	146	86	131	237	239	61	9	255	123	183	247	240	200	14	255	170	94	223	202	167	244	33	217	
34	132	70	140	84	162	170	99	148	3	251	18	64	232	52	64	121	164	19	161	48	191	0	223	56	46	138	200	149	10	112	128	
18	132	98	201	84	162	232	71	61	67	218	147	8	142	60	96	127	141	31	181	178	157	5	222	30	46	154	196	149	132	241	76	
2	13	2	155	84	131	170	102	54	0	90	2	40	202	32	64	120	43	2	192	66	186	0	255	52	38	154	192	21	8	49	136	
27	132	98	205	20	50	106	123	53	67	222	150	105	230	190	228	123	136	54	172	191	151	37	223	186	239	154	192	191	134	120	244	
2	189	146	153	213	199	180	231	62	1	72	18	172	190	96	64	249	59	179	145	114	248	19	247	45	22	158	107	144	72	165	138	
210	79	230	94	178	162	94	166	49	142	218	231	105	238	183	81	247	255	165	193	232	203	7	239	186	118	222	131	165	244	180	79	
18	195	66	157	82	144	188	127	149	5	80	231	41	238	182	196	126	171	135	133	198	154	6	221	54	38	190	139	55	132	189	221	
11	141	100	251	246	146	126	181	253	65	95	130	249	111	184	97	118	51	55	206	242	152	47	253	110	239	234	192	54	134	225	233	
214	204	230	246	148	162	238	167	253	130	251	18	107	106	53	73	123	231	55	195	248	252	8	238	186	254	223	128	165	249	240	8	
119	32	96	226	76	19	202	89	1	228	149	207	83	77	223	15	124	132	87	191	141	35	109	200	146	72	169	244	111	175	114	212	
2	141	2	154	84	131	170	198	22	1	120	2	40	202	48	64	122	42	2	209	18	186	0	255	60	36	138	200	149	10	113	136	
6	173	208	131	244	171	234	202	31	1	57	2	140	106	121	0	123	203	23	177	50	48	72	255	172	20	143	228	149	91	97	128	
50	6	34	168	213	163	218	75	21	5	217	143	79	204	62	132	216	169	135	181	28	178	0	158	144	116	136	219	245	79	62	198	
214	194	143	190	40	2	11	120	166	148	151	163	97	231	105	83	124	245	239	226	8	71	235	205	217	163	239	153	52	163	52	112	
37	209	174	175	93	31	178	232	78	248	219	79	242	248	63	2	216	205	122	103	143	243	95	253	92	27	79	23	93	47	121	150	
102	12	102	158	125	224	186	96	136	198	217	163	108	236	53	67	202	241	147	163	32	163	130	238	53	54	202	139	21	111	117	210	
2	166	160	131	151	97	184	207	30	103	88	147	140	174	94	8	189	11	147	149	18	152	141	243	13	22	158	231	133	92	183	218	
162	24	160	159	77	225	188	202	30	86	80	187	172	188	113	9	201	123	179	195	34	118	218	243	5	16	218	171	21	125	23	218	
18	149	91	234	26	194	27	232	133	1	233	162	93	247	40	112	122	179	147	224	27	139	46	213	248	225	138	207	53	2	37	50	
3	165	112	203	254	177	184	95	31	81	89	147	172	222	252	32	159	27	23	149	150	40	110	215	46	28	154	238	215	206	241	221	
5	177	40	161	245	191	240	105	78	105	153	78	210	88	190	32	216	139	18	53	159	186	93	221	92	25	11	118	221	14	121	134	
2	133	66	139	212	163	168	103	52	1	123	18	40	42	60	64	121	138	19	145	18	184	1	223	60	44	154	192	213	74	241	136	
3	172	162	131	213	54	182	199	90	103	120	23	8	168	126	40	249	79	147	149	150	184	149	226	12	30	158	103	205	94	251	206	
147	219	70	140	118	146	174	228	157	64	208	231	44	202	182	197	110	163	151	229	231	171	4	255	50	104	170	130	63	156	57	221	
166	28	150	156	95	164	186	98	136	138	216	34	44	254	33	66	236	113	147	195	32	171	146	238	53	52	202	138	21	105	33	139	
210	194	14	189	8	132	76	101	148	22	194	199	33	203	58	67	76	161	47	141	106	15	67	221	240	98	218	152	53	180	176	74	
56	204	106	234	20	147	203	248	71	0	253	2	123	203	181	96	120	168	31	234	138	179	44	253	250	205	163	136	55	139	112	160	
15	75	194	187	160	130	46	208	180	192	82	231	185	194	243	201	102	105	55	223	197	209	14	232	160	9	239	128	44	247	57	144	
7	79	130	158	232	0	174	246	136	134	216	231	173	226	179	2	110	99	27	239	228	11	134	234	60	36	174	136	12	247	185	217	
242	223	226	28	150	134	222	247	57	142	218	231	104	234	55	80	252	231	189	199	236	203	5	239	58	46	254	146	45	244	250	91	
56	141	106	238	84	147	234	246	69	0	254	2	121	233	52	64	122	235	23	233	200	187	45	255	122	237	171	192	117	138	112	136	
242	227	44	175	12	134	91	120	134	188	215	135	101	203	59	66	252	228	191	231	202	67	219	157	208	33	171	156	53	47	116	82	
50	177	246	252	124	7	216	127	95	169	240	42	110	253	52	1	159	189	183	161	152	250	67	221	26	222	221	246	119	172	240	137	
58	19	107	168	103	85	185	116	45	76	246	231	46	14	166	84	110	145	159	229	205	155	52	204	210	97	170	211	63	14	63	255	
56	205	106	238	212	130	79	244	212	128	254	2	115	227	176	96	120	238	6	234	200	187	42	45	242	237	167	136	53	186	240	168	
139	192	14	189	5	157	240	36	78	81	82	87	181	152	50	225	192	40	58	69	199	188	87	149	134	113	218	131	28	28	185	156	
154	74	14	189	8	164	105	20	164	20	198	135	169	131	51	75	108	233	191	197	10	212	210	233	198	97	250	137	44	149	41	216	
137	192	55	89	37	221	160	164	94	81	114	82	168	156	188	229	202	24	50	9	195	188	119	213	5	88	82	66	87	28	213	172	
9	193	112	217	101	217	249	119	239	93	116	20	169	143	246	228	110	43	134	12	215	56	54	209	70	217	178	235	86	140	205	221	
3	218	99	75	116	147	175	245	77	72	122	230	168	200	180	228	126	40	22	206	195	184	36	253	36	60	170	130	95	158	241	189	
2	141	2	153	84	131	170	102	52	0	90	2	40	202	48	64	120	43	19	193	2	186	0	255	52	38	154	128	21	8	49	136	
41	211	102	73	77	221	240	87	109	93	118	183	169	157	150	100	108	154	183	157	214	184	119	213	71	121	178	195	119	140	244	255	
191	96	107	238	86	147	203	88	87	64	117	138	123	205	189	36	126	169	23	235	201	182	36	223	86	205	171	168	119	175	114	225	
54	196	246	156	254	131	220	239	95	146	240	2	110	234	61	65	251	233	55	161	226	235	10	223	184	190	223	148	213	120	113	137	
75	218	106	140	109	216	233	118	237	68	212	135	173	142	182	231	106	161	223	205	199	46	118	193	118	121	186	169	30	28	125	253	
139	175	96	123	245	179	250	191	95	81	93	183	137	106	190	160	151	11	151	189	182	152	13	255	46	93	173	197	191	206	217	151	
59	19	106	168	125	23	216	119	77	72	220	239	9	8	182	228	238	129	223	189	221	43	84	204	114	89	170	218	127	142	248	213	
22	84	123	202	83	227	147	216	86	1	205	22	92	215	41	96	127	185	147	176	11	135	56	255	217	142	154	78	185	3	37	178	
2	140	18	157	117	133	190	230	62	11	90	18	172	186	48	64	239	123	19	129	34	152	18	255	45	54	154	194	16	8	177	139	
22	141	84	251	180	131	106	169	29	1	123	2	233	106	60	65	127	139	23	240	58	152	9	255	174	222	143	196	181	138	240	0	
27	120	38	173	107	149	184	86	5	104	214	167	185	158	179	100	110	189	255	205	205	159	231	217	215	121	186	162	55	148	52	255	
131	243	49	202	108	133	175	253	204	24	120	70	172	202	252	167	206	9	19	238	195	43	58	245	45	24	142	238	90	158	225	173	
123	90	75	164	70	84	233	118	45	76	246	239	57	14	183	209	110	177	223	197	205	143	116	232	212	33	186	144	45	28	47	221	
198	114	174	190	109	7	31	232	158	190	199	159	228	233	123	75	209	109	251	103	226	71	219	185	220	51	207	189	28	127	17	82	
70	34	142	175	8	39	59	216	54	191	207	149	197	231	75	90	221	205	235	182	10	215	219	210	221	247	207	189	144	119	52	242	
2	129	246	252	126	131	216	105	159	144	82	130	237	238	52	65	222	125	55	161	128	219	15	221	138	250	223	198	53	172	49	137	
37	38	42	170	93	173	210	72	206	165	157	143	231	200	123	0	217	168	75	61	142	35	94	159	208	21	137	61	213	47	24	198	
185	249	25	250	195	197	20	220	22	57	68	10	60	215	104	41	220	153	19	208	91	90	26	177	251	193	159	111	48	24	168	171	
1	129	59	219	228	141	97	149	239	29	125	0	148	211	248	125	66	10	2	92	18	56	58	81	109	24	38	108	208	138	225	160	
3	75	74	155	228	152	236	214	172	80	88	199	177	202	245	192	106	42	19	223	211	24	6	241	36	24	170	200	28	147	249	152	
246	90	126	228	38	74	251	16	169	132	178	231	15	31	21	27	238	245	149	227	136	165	4	200	210	249	234	147	109	169	109	83	
182	113	99	134	79	81	175	232	128	244	209	171	81	204	125	139	122	216	147	227	77	115	190	208	19	0	203	175	45	63	118	246	
223	58	54	168	107	31	57	80	45	124	215	175	159	151	131	127	230	189	255	102	133	23	167	208	215	233	106	174	50	165	39	245	
139	91	106	169	103	148	184	87	173	76	222	231	173	14	182	228	238	155	223	213	198	59	100	192	118	89	170	195	31	142	189	221	
53	96	233	227	60	15	75	216	86	171	181	90	211	65	249	40	89	200	30	122	139	54	109	58	204	142	165	180	245	251	80	32	
229	121	46	172	13	31	182	104	206	234	144	13	222	216	55	107	200	101	250	103	229	103	223	252	240	123	79	63	88	61	123	134	
58	19	98	229	55	82	250	117	69	76	126	231	43	13	182	196	126	153	151	225	140	184	37	204	246	233	162	131	111	142	116	219	
119	96	99	238	76	3	203	88	65	224	177	206	83	200	253	170	120	196	95	239	137	35	205	168	144	8	161	188	125	187	114	176	
53	128	100	91	28	51	66	216	87	113	245	18	67	201	188	108	89	136	62	58	190	55	111	159	154	238	129	124	247	175	112	68	
2	157	3	159	23	209	190	231	30	68	72	163	172	238	34	196	251	123	179	197	118	152	18	255	37	54	158	139	20	76	189	222	
2	189	146	153	213	197	182	231	30	13	72	18	172	190	96	64	249	59	131	17	114	248	18	247	45	22	30	107	144	72	165	154	
18	207	66	159	86	147	170	230	148	4	218	231	105	202	182	196	122	235	131	193	230	155	6	255	48	38	186	129	55	158	60	156	
61	73	106	110	20	19	71	248	69	192	246	78	115	73	191	244	120	228	20	238	205	179	109	189	114	233	165	20	127	191	122	96	
160	12	127	95	84	239	243	114	84	10	126	2	49	17	177	64	72	50	3	74	96	188	97	63	103	175	32	0	113	235	100	170	
9	48	98	201	69	253	241	83	103	93	126	38	168	156	214	100	108	138	222	156	151	184	247	209	87	89	178	195	251	140	252	255	
2	157	22	159	179	133	60	231	30	9	74	165	172	182	34	64	229	123	179	133	102	152	18	255	45	54	158	139	24	84	169	155	
14	181	116	235	182	163	250	219	31	129	93	163	237	237	61	0	159	59	151	189	146	184	15	221	46	223	143	198	183	207	17	145	
164	28	250	222	100	230	187	81	212	130	119	18	112	253	183	105	104	56	19	10	176	181	50	75	71	47	162	1	85	235	116	162	
138	184	51	152	79	213	185	71	159	93	84	55	44	159	102	173	236	57	147	145	195	94	178	209	23	81	218	235	31	12	53	255	
6	140	212	158	244	131	238	235	159	130	112	2	236	234	61	65	123	235	23	161	114	234	10	255	172	30	207	172	149	120	113	136	
27	51	102	137	111	213	184	85	37	109	214	167	168	156	182	100	236	157	255	149	135	155	101	209	87	121	186	131	39	140	117	223	
183	128	226	91	20	50	72	89	87	65	215	151	75	206	190	124	121	140	62	188	190	151	45	223	146	110	131	204	191	142	112	84	
60	173	66	171	92	131	98	248	7	128	249	2	107	203	41	0	121	232	14	208	74	187	10	253	190	205	167	96	51	138	112	136	
34	132	66	140	84	162	168	103	52	1	91	18	64	234	48	64	121	174	2	161	48	187	0	223	56	38	138	192	149	10	240	128	
19	205	107	206	86	130	239	246	52	64	218	194	121	239	180	96	126	239	23	239	233	155	37	239	120	46	170	192	37	170	112	248	
91	113	58	204	122	23	187	88	173	108	212	175	28	159	162	116	238	189	223	103	197	3	164	220	242	121	43	186	22	134	39	247	
2	133	2	139	84	162	168	103	20	1	91	18	64	170	56	64	121	14	19	177	48	186	1	223	60	38	154	192	149	74	176	136	
237	96	226	85	197	54	252	222	81	243	118	22	25	41	215	235	121	206	178	154	245	246	181	130	94	107	244	37	239	253	250	128	
6	52	162	145	229	98	184	71	30	199	89	179	140	236	122	8	217	59	147	145	18	210	210	194	13	22	159	239	132	110	181	210	
6	82	150	155	160	172	56	24	190	27	83	244	205	195	233	92	183	9	46	30	130	197	11	208	132	178	122	196	148	211	33	1	
2	132	96	203	214	161	170	75	30	1	91	18	40	106	60	64	123	139	19	177	146	152	13	215	30	14	154	192	149	78	177	192	
6	164	96	201	246	163	186	75	31	49	89	146	140	76	252	32	191	27	23	145	146	56	76	215	14	28	139	228	149	207	145	133	
2	167	162	129	213	97	188	207	26	109	88	135	140	172	94	0	249	75	147	149	150	248	128	226	45	20	158	231	133	76	183	222	
47	174	224	83	245	61	186	155	90	243	93	216	137	252	221	172	23	90	147	29	183	80	252	178	110	95	53	237	206	247	219	149	
35	167	162	129	213	54	182	199	90	239	88	7	136	168	126	8	249	79	147	21	150	250	148	226	12	30	158	103	197	94	255	206	
2	189	18	153	241	197	182	231	30	9	72	48	172	190	32	64	217	59	147	17	50	152	18	247	45	22	30	67	144	8	165	155	
182	107	233	186	108	73	207	200	18	230	213	171	67	205	251	8	88	200	151	99	106	118	206	178	82	1	173	189	117	191	86	240	
139	218	114	216	109	221	185	87	237	93	84	150	173	142	182	103	238	41	159	141	199	44	54	209	71	89	154	171	30	140	253	255	
63	3	106	172	118	23	203	88	69	196	253	239	91	72	191	32	126	168	151	239	140	178	100	156	210	205	161	140	127	175	122	213	
2	157	3	159	23	209	190	231	30	65	72	231	172	254	32	196	250	123	179	193	119	152	18	255	37	54	158	139	20	12	189	158	
207	0	135	179	181	246	40	3	189	219	67	85	220	218	48	233	229	37	59	149	181	197	29	194	142	119	218	194	140	69	57	85	
139	72	39	157	37	220	160	134	222	83	82	82	174	152	189	233	194	41	186	69	167	244	119	241	135	123	218	3	28	29	57	12	
137	192	55	91	37	221	160	165	222	81	114	82	172	156	188	229	200	25	170	1	199	188	119	213	7	88	82	66	85	28	209	172	
139	216	114	217	109	221	248	55	237	93	118	183	169	157	246	101	238	57	215	129	214	184	118	213	71	89	146	203	86	140	229	255	
51	207	71	141	84	146	238	246	4	64	218	231	97	224	183	196	124	234	22	237	237	155	4	255	48	46	170	128	61	174	120	220	
139	90	54	216	111	245	185	86	207	92	84	54	172	158	231	239	206	59	151	193	135	79	178	241	87	89	90	171	26	13	45	255	
189	201	107	108	84	19	70	248	69	192	254	78	115	73	183	112	120	228	22	110	205	179	109	189	114	233	165	144	127	190	120	40	
50	192	246	253	62	131	216	111	95	177	242	2	109	136	52	65	254	189	55	129	200	251	3	221	154	250	219	150	85	136	113	137	
139	90	102	153	109	220	249	86	237	92	84	167	173	142	183	239	238	33	223	205	199	13	118	193	199	121	250	139	22	156	125	255	
62	3	107	172	118	19	75	89	5	68	125	167	107	77	187	0	126	168	151	239	136	178	36	156	242	205	169	129	119	175	116	241	
57	141	107	238	84	130	111	244	68	128	254	2	113	227	176	96	120	238	22	234	201	187	44	175	242	237	166	136	55	186	112	168	
134	166	170	145	150	115	169	207	30	247	23	178	144	46	222	44	127	11	19	157	178	212	45	210	77	6	159	229	133	69	181	244	
162	88	116	95	79	229	183	204	142	54	116	10	176	221	37	47	76	122	51	202	227	118	122	241	69	24	218	42	87	89	85	254	
2	159	30	159	51	133	62	231	30	13	74	37	172	178	34	64	231	123	147	133	86	152	2	255	45	54	158	139	24	68	169	203	
219	80	102	237	47	149	248	86	101	120	214	163	169	158	151	109	238	185	255	197	206	158	231	193	215	121	218	130	39	156	52	223	
166	0	167	222	205	112	173	64	217	214	85	146	192	252	253	111	73	124	51	179	177	231	190	192	21	50	203	138	133	125	117	244	
125	72	65	238	76	19	203	216	65	224	181	206	83	200	191	178	88	228	95	239	201	35	108	184	210	9	161	188	127	191	122	240	
225	120	62	188	77	221	182	230	238	234	224	9	190	152	55	107	200	101	250	67	229	111	210	252	245	59	91	59	88	61	43	142	
86	38	139	234	152	103	107	216	54	173	223	129	197	199	105	80	253	221	239	182	10	19	233	210	217	229	175	245	128	99	38	114	
173	66	234	209	196	54	245	88	80	158	117	23	80	233	255	11	89	76	163	63	180	246	230	130	86	43	247	13	231	253	124	194	
189	72	107	254	86	147	235	112	85	64	117	2	121	201	181	32	126	168	23	239	233	182	46	191	82	73	163	168	119	171	114	224	
183	0	102	90	28	19	72	88	87	80	245	151	75	206	190	120	92	136	63	191	142	247	111	213	146	106	195	204	55	175	112	84	
191	64	226	44	197	63	212	72	81	166	113	31	75	248	127	184	217	141	134	38	188	246	84	130	22	223	81	47	251	125	122	134	
198	120	140	189	77	143	95	216	158	190	196	13	228	233	115	74	209	109	123	103	66	71	219	187	221	119	207	60	24	125	17	210	
246	83	44	172	28	7	75	88	132	164	213	143	69	201	59	67	248	228	127	239	232	71	219	157	240	33	171	188	60	191	112	82	
55	241	46	174	28	31	210	232	206	232	219	15	199	216	59	34	216	197	126	103	207	227	223	189	240	113	15	61	93	63	121	150	
2	156	18	159	85	133	190	230	30	9	88	2	172	186	32	64	237	123	19	129	34	152	18	255	45	54	154	194	16	8	177	139	
91	113	114	236	42	19	184	80	173	104	214	163	29	159	167	112	238	181	223	236	196	131	164	220	210	249	42	186	54	134	35	253	
210	129	95	238	58	194	27	105	132	64	233	162	81	247	168	113	122	147	159	226	89	11	14	221	240	225	170	207	53	130	164	50	
24	19	107	229	118	82	251	113	5	76	126	231	25	13	182	64	126	156	151	232	201	176	37	140	118	237	162	128	111	142	116	243	
56	141	106	238	84	131	234	242	68	0	254	2	113	233	48	64	120	234	23	235	200	187	8	255	122	237	163	192	117	138	112	136	
123	83	106	128	102	212	185	117	45	76	246	167	57	15	182	212	238	177	159	229	205	155	100	204	215	105	170	146	55	142	53	255	
32	141	2	138	84	131	170	230	22	1	120	2	40	202	48	64	120	42	2	209	2	186	8	255	48	36	138	72	21	10	112	136	
2	13	2	157	84	131	170	102	22	1	90	2	40	202	32	64	120	43	19	192	2	186	0	255	32	38	154	128	21	10	49	136	
151	80	251	218	19	199	155	216	22	66	193	86	84	215	105	104	125	185	19	211	43	135	122	242	81	134	155	38	189	27	37	178	
135	74	22	186	40	128	172	208	174	26	81	212	189	194	249	75	230	105	63	207	195	69	10	240	128	24	107	136	28	243	33	145	
43	145	120	200	127	149	152	23	137	73	148	239	172	158	182	164	206	19	151	133	199	43	50	213	146	89	154	251	31	140	187	221	
139	211	96	137	111	156	184	87	173	92	84	231	172	158	246	231	238	43	159	149	199	60	118	209	6	89	170	139	31	140	57	221	
27	147	106	137	117	221	249	81	109	77	220	167	184	30	182	96	238	137	159	133	223	43	53	213	214	89	170	203	31	142	125	223	
27	49	98	233	109	149	184	85	173	73	214	167	57	156	182	100	238	157	255	133	206	155	37	209	87	121	186	130	23	140	52	223	
147	207	110	254	190	145	222	191	157	2	88	215	109	238	190	1	151	123	21	207	246	136	14	255	170	126	190	138	23	214	185	93	
133	75	70	155	36	136	236	148	172	16	82	212	185	194	177	73	98	43	62	207	195	4	6	241	36	24	234	136	28	145	113	136	
2	185	50	202	239	133	186	207	143	73	88	171	172	222	118	0	239	59	151	145	146	11	2	241	31	92	154	235	148	14	165	219	
162	28	160	159	77	105	180	202	30	118	80	155	172	188	119	11	137	123	179	3	34	118	218	243	5	18	218	171	85	125	23	218	
2	129	212	157	124	131	232	105	31	144	240	2	236	234	56	65	123	233	55	161	34	232	75	221	172	54	223	140	149	40	113	136	
54	129	68	251	148	130	106	169	29	16	123	2	105	106	60	64	123	139	55	240	122	184	73	253	190	254	143	196	53	138	240	0	
230	16	102	150	125	226	186	64	169	197	211	179	72	206	60	66	238	181	243	179	176	135	152	206	17	54	139	203	133	39	119	210	
2	77	2	157	84	131	170	102	60	0	90	2	44	138	33	64	122	43	19	192	98	152	0	255	52	38	154	128	21	8	49	136	
34	49	118	205	124	155	248	89	79	97	123	171	136	157	180	96	222	29	247	21	146	186	231	213	6	120	152	230	87	140	82	213	
6	140	98	137	212	163	170	202	86	1	90	18	8	42	52	64	121	11	19	145	146	184	1	215	28	12	138	196	149	73	241	128	
185	77	107	108	28	19	79	120	85	224	252	78	115	105	177	112	120	236	22	110	237	179	101	191	114	237	165	144	127	186	114	248	
135	255	53	222	110	5	158	252	206	218	17	98	124	218	233	35	204	121	23	239	227	103	42	241	49	8	239	174	25	59	33	169	
19	79	67	141	20	130	238	119	20	64	218	231	97	226	183	196	126	170	31	173	205	153	5	255	48	38	170	128	61	142	120	220	
23	20	117	235	147	98	59	24	6	113	203	166	93	119	41	104	119	151	187	176	27	147	61	220	217	166	139	70	189	67	33	50	
23	80	151	134	139	37	190	216	134	250	153	70	92	254	105	43	255	89	59	227	201	67	154	224	145	8	207	174	189	123	33	147	
2	157	10	159	23	211	186	239	30	65	88	231	164	206	38	192	250	59	147	193	23	154	26	255	44	54	154	203	28	14	185	158	
2	143	26	159	178	133	63	167	30	77	74	33	164	234	34	64	247	107	35	197	118	152	3	127	44	54	158	195	16	0	165	75	
134	32	170	209	140	98	173	201	158	215	85	146	208	253	255	111	89	92	59	185	48	247	230	194	77	18	223	239	133	121	245	244	
133	12	183	223	61	244	163	2	222	95	83	18	236	216	181	109	193	50	58	27	163	229	55	255	5	62	90	2	208	73	117	44	
61	75	107	238	92	19	79	248	193	196	188	142	115	205	191	176	88	228	87	238	201	35	108	172	242	233	161	184	127	191	112	112	
44	42	139	236	88	199	75	218	55	172	236	201	147	199	97	16	221	253	103	242	8	19	234	26	249	245	175	189	144	187	38	240	
65	120	190	188	77	205	180	102	254	194	198	9	190	184	99	75	192	111	250	65	68	235	210	233	213	115	94	59	72	28	41	30	
6	49	162	139	197	224	184	67	26	193	89	147	140	252	122	8	217	59	147	17	18	154	210	194	13	54	159	235	132	110	181	210	
67	149	62	215	130	226	189	175	126	87	79	18	244	54	158	107	35	23	59	137	179	216	63	119	77	42	218	192	132	64	165	106	
183	253	113	206	223	7	159	252	131	168	185	106	112	125	61	32	221	211	87	99	251	35	120	191	57	12	173	190	93	59	146	179	
129	208	53	91	13	221	164	165	222	91	115	82	138	220	188	237	201	25	170	3	199	124	127	213	7	88	90	70	81	8	193	164	
32	141	2	138	84	131	170	231	22	0	120	2	32	194	32	64	88	42	2	208	2	186	0	255	40	36	130	72	21	10	48	136	
0	141	2	156	20	130	170	230	20	0	90	2	40	202	32	64	120	42	2	192	66	152	0	255	32	38	138	0	21	8	48	136	
131	72	53	219	45	245	169	206	223	94	80	82	172	216	253	239	193	91	170	75	227	101	58	241	5	88	90	42	20	89	53	173	
162	192	118	157	108	131	248	79	95	49	242	18	172	136	52	73	238	173	63	129	128	255	67	213	148	58	218	144	21	8	113	137	
134	24	178	218	79	245	184	67	159	95	85	23	44	222	103	109	237	59	147	145	182	71	50	241	23	80	218	235	146	77	45	215	
247	80	44	173	12	7	91	88	20	254	151	151	215	73	27	75	248	196	127	239	236	199	219	156	208	107	235	148	60	191	56	82	
181	245	46	172	60	15	214	232	206	232	155	15	215	216	59	2	216	197	126	103	204	99	223	29	240	1	47	60	93	63	89	6	
18	120	102	253	44	141	248	70	109	88	210	163	172	159	21	75	238	189	255	133	138	156	195	193	150	120	218	130	7	156	113	91	
215	36	140	191	8	38	73	24	180	183	199	149	213	35	27	91	69	196	125	175	44	212	219	8	192	235	251	148	172	229	56	82	
42	185	122	234	246	129	250	215	15	73	88	171	189	222	116	32	254	187	151	149	146	58	192	243	254	221	170	234	148	142	161	217	
15	172	172	19	198	189	173	158	90	247	28	151	152	104	215	46	35	75	211	157	182	124	255	114	76	15	255	229	141	245	155	228	
230	98	238	212	204	114	173	71	216	214	214	147	192	237	255	15	89	108	51	189	176	246	230	194	93	58	223	47	197	120	245	228	
90	97	114	232	42	19	248	80	173	96	214	131	45	143	181	112	238	189	95	237	192	131	164	220	146	249	170	184	55	134	35	217	
210	131	93	238	10	66	29	105	4	8	241	178	81	71	168	113	94	149	141	226	121	7	109	221	240	225	234	157	49	162	164	49	
34	173	2	138	84	131	170	199	22	1	120	2	40	200	48	64	120	170	19	209	2	186	0	255	48	4	138	200	85	10	112	136	
2	77	2	157	84	131	170	102	52	0	90	2	40	138	32	64	120	43	19	192	98	152	0	255	36	38	154	128	20	8	49	136	
6	173	114	193	246	171	186	67	31	169	89	130	140	172	116	0	191	59	19	145	146	184	8	214	46	28	143	230	213	79	147	129	
187	19	107	229	54	82	123	113	5	76	255	231	27	13	182	96	126	153	151	229	201	186	37	206	242	233	170	128	111	142	116	113	
130	208	118	217	101	157	248	23	175	89	114	51	168	157	84	65	238	185	183	145	210	188	99	213	7	120	154	194	87	140	241	219	
107	145	98	232	124	17	248	81	13	72	213	163	137	29	190	100	238	145	223	237	222	171	101	212	214	121	170	222	23	142	242	213	
6	177	162	131	213	229	184	69	10	201	89	163	140	254	88	0	253	59	147	145	18	154	154	192	45	20	143	239	133	78	183	210	
63	19	107	225	116	54	219	88	69	109	255	231	27	13	190	160	126	141	151	191	157	178	101	142	210	221	160	196	111	143	112	213	
82	65	198	140	92	130	232	105	175	128	210	2	236	202	48	66	122	173	127	193	74	203	195	221	148	176	203	136	53	32	33	8	
43	49	114	193	124	25	248	81	109	105	253	163	136	28	254	100	238	25	223	53	150	51	101	208	86	89	2	230	215	142	113	215	
18	129	86	141	30	131	232	105	143	177	211	2	236	202	52	64	122	173	127	161	16	248	67	221	156	186	203	192	53	10	113	136	
34	33	118	233	126	139	248	89	111	33	123	138	141	141	124	64	238	29	119	49	146	178	199	208	6	120	10	230	87	142	83	129	
66	8	246	157	108	163	248	66	127	129	210	2	172	138	21	73	238	173	127	129	128	255	195	200	148	58	218	128	4	1	33	9	
56	137	122	234	83	213	91	232	5	12	253	10	123	223	43	112	120	185	149	226	74	51	56	61	243	205	162	169	49	11	102	234	
14	48	178	178	105	244	184	67	175	223	21	55	140	158	118	14	167	57	183	149	150	71	178	192	151	80	218	239	134	68	45	215	
253	205	192	134	220	51	207	233	82	162	172	138	67	96	187	132	89	198	82	239	108	99	205	174	56	15	197	61	247	255	250	132	
131	24	63	216	116	229	185	71	158	93	80	84	188	158	52	105	231	59	19	17	167	173	50	209	5	26	26	202	16	0	37	255	
34	28	160	159	77	109	180	202	30	122	88	59	172	188	97	9	141	91	179	3	2	116	218	243	5	22	218	171	148	125	23	219	
60	105	107	238	87	211	75	72	69	108	253	139	115	205	51	48	120	168	151	239	72	178	108	189	243	205	161	169	119	175	118	242	
130	184	50	217	229	188	184	7	175	89	114	55	172	156	86	73	239	59	255	145	146	184	226	209	15	56	154	194	196	12	213	223	
54	129	100	235	212	163	234	184	71	160	251	2	75	107	61	64	122	139	23	240	154	186	73	221	158	221	139	196	183	139	112	128	
6	140	2	129	212	163	170	194	22	33	90	2	8	42	48	64	121	11	19	145	50	184	1	255	28	6	154	196	149	75	49	128	
57	77	107	108	20	27	71	124	85	224	254	78	115	73	182	113	120	236	20	110	233	187	101	191	242	237	161	144	127	186	114	232	
49	15	107	141	84	147	239	119	68	64	222	198	113	96	182	100	122	174	22	237	217	185	37	255	52	44	162	128	61	138	240	252	
3	221	10	191	22	133	186	238	30	5	72	167	180	218	34	64	252	123	19	193	86	154	31	255	108	38	186	200	28	10	185	218	
189	77	106	236	28	19	79	248	65	198	252	142	115	205	183	176	124	228	21	238	233	167	108	174	242	237	165	184	119	191	122	120	
40	105	211	252	88	193	107	194	19	128	252	136	49	135	97	180	92	248	146	216	75	154	226	250	119	212	129	41	83	184	102	168	
0	205	2	138	84	131	170	231	4	0	88	2	40	200	48	64	120	43	19	193	66	186	0	255	32	4	138	8	21	10	176	136	
2	205	2	156	20	131	170	231	20	1	90	2	40	234	32	64	120	43	19	192	66	184	0	255	32	36	154	128	21	8	177	136	
130	216	54	219	109	205	184	7	175	89	112	49	172	158	116	73	231	59	183	145	194	124	18	241	7	24	90	203	84	12	229	219	
56	181	122	235	246	163	251	223	23	65	124	163	61	207	184	32	126	155	23	157	146	186	36	221	126	205	170	224	247	202	243	249	
0	207	27	191	50	195	47	167	62	65	74	229	181	231	32	64	243	107	3	197	115	152	19	127	236	38	62	64	16	0	165	120	
38	57	178	130	247	165	186	67	10	137	89	43	12	222	84	0	222	59	147	149	146	26	192	240	61	20	142	234	197	71	179	147	
72	141	252	255	139	240	188	191	54	23	71	179	249	127	24	107	103	87	185	130	114	216	235	245	111	235	254	197	183	208	173	2	
2	77	2	157	20	130	170	103	52	1	90	2	40	162	32	64	122	43	19	128	98	152	0	255	32	38	154	128	21	0	49	136	
29	118	21	206	14	5	159	248	196	186	152	66	124	210	233	171	253	89	54	239	193	103	42	241	49	138	239	190	25	123	33	161	
95	127	147	174	142	36	30	216	202	202	153	70	92	242	233	234	252	107	63	239	137	3	138	224	177	140	239	174	152	251	33	1	
6	36	174	209	140	98	189	207	150	191	222	147	144	173	119	75	89	94	187	153	48	244	97	192	79	7	255	197	133	249	253	242	
38	38	224	136	223	177	152	75	31	7	221	179	8	204	126	140	123	139	131	149	22	182	70	210	30	20	154	239	215	77	188	198	
6	56	178	154	239	245	184	64	159	93	85	55	140	222	102	105	239	57	179	149	150	71	178	224	31	16	90	235	146	69	165	215	
2	72	212	157	108	138	184	6	31	57	242	18	172	10	20	73	238	173	127	129	2	252	193	213	4	58	218	130	21	8	113	137	
191	20	106	225	116	50	251	82	85	108	127	183	27	13	183	32	126	140	151	191	189	182	37	142	118	205	160	196	111	237	116	241	
102	111	242	222	242	32	159	222	27	134	120	249	108	239	237	20	23	255	53	222	160	211	138	234	120	62	13	170	135	243	167	161	
6	189	114	131	246	161	186	194	14	129	88	162	140	156	116	0	191	59	147	209	146	186	0	254	44	28	139	234	197	79	179	129	
15	236	228	243	213	189	254	150	126	247	30	7	169	105	87	139	163	106	211	157	182	248	159	224	110	79	223	97	239	221	217	206	
40	102	174	177	197	54	244	215	82	191	118	23	136	169	119	139	233	78	163	29	180	252	145	194	79	79	246	5	199	252	252	202	
222	241	178	144	203	213	184	196	139	125	20	63	12	222	110	15	173	153	147	213	150	71	186	208	27	80	223	239	135	21	175	215	
172	14	236	31	237	120	180	99	208	158	117	59	96	237	55	11	201	42	227	7	116	118	194	74	71	43	112	9	83	252	95	195	
6	59	160	159	229	105	182	75	30	43	89	163	172	188	97	8	159	59	179	1	18	24	202	241	5	22	154	171	148	111	21	211	
191	63	120	225	246	251	255	146	89	238	60	254	29	28	215	164	167	251	149	243	181	184	36	226	110	221	173	231	239	213	223	245	
134	176	226	144	207	241	184	206	27	85	148	179	12	158	126	12	251	25	147	145	22	95	182	211	27	20	155	239	151	13	189	214	
6	49	114	225	126	153	248	81	109	97	255	163	141	29	244	96	238	153	223	117	146	179	37	192	22	88	10	230	87	143	97	213	
2	56	242	217	101	172	248	2	173	89	82	162	172	158	117	72	238	185	191	145	130	152	194	224	135	56	218	138	132	133	49	219	
213	80	140	165	12	47	81	24	22	250	135	23	215	25	27	75	240	196	125	103	108	197	217	24	208	227	235	148	60	121	88	82	
130	89	118	220	103	212	190	230	189	72	82	3	44	222	53	97	230	121	151	199	224	171	50	237	51	58	142	139	5	53	97	223	
18	33	86	141	30	139	232	73	143	33	211	2	204	202	60	64	122	173	127	161	18	177	67	213	148	168	139	212	53	10	113	128	
85	4	141	181	172	110	124	43	168	243	139	81	215	63	26	90	193	198	125	165	29	197	215	2	206	247	251	85	140	97	152	66	
33	251	121	72	116	199	247	252	71	72	124	98	48	215	164	52	90	56	22	106	195	186	104	125	111	28	36	232	83	154	228	235	
90	65	114	236	38	19	120	84	109	0	246	131	15	15	181	112	110	149	95	236	200	179	36	204	210	249	170	144	39	158	99	25	
130	192	53	91	44	201	165	140	222	31	50	112	172	212	236	109	131	24	106	74	227	228	43	113	5	154	114	70	80	24	197	173	
114	65	70	140	92	130	104	73	143	0	240	2	136	202	52	66	122	173	127	225	74	3	195	213	148	184	138	136	53	10	112	128	
116	169	135	62	221	197	199	232	215	181	161	11	98	252	110	14	201	234	232	211	94	107	186	177	25	194	213	123	241	126	252	206	
61	65	106	229	22	18	111	120	101	192	255	130	91	77	183	96	126	252	23	239	201	179	45	204	242	233	171	132	39	187	112	225	
73	10	130	181	52	188	104	19	60	9	86	244	173	2	146	236	102	46	62	141	181	156	69	135	134	255	186	192	142	132	57	13	
62	1	96	225	84	163	106	120	71	160	251	2	75	73	61	64	120	137	31	241	138	178	73	220	62	205	171	196	183	139	112	128	
218	203	119	220	67	208	61	103	173	5	86	163	44	135	164	198	102	179	167	192	82	153	38	237	51	99	218	139	55	132	165	111	
61	73	106	237	22	18	111	112	101	192	254	2	91	9	183	96	126	228	31	234	200	179	37	204	242	233	163	128	39	187	112	32	
213	120	62	37	44	79	214	96	244	226	146	8	215	24	19	107	168	117	108	99	237	229	213	44	241	227	99	17	104	57	9	2	
47	173	66	9	215	187	162	195	95	33	125	6	8	184	190	164	249	10	146	29	150	184	28	247	46	28	142	103	223	79	217	132	
85	4	157	165	172	110	80	26	102	235	139	65	215	57	25	106	209	196	124	35	141	240	219	0	193	231	123	21	172	107	24	2	
78	203	236	255	11	64	90	184	167	21	135	129	233	111	24	66	70	117	253	194	74	73	203	181	207	243	207	221	54	162	5	10	
60	20	21	189	155	226	81	59	149	31	123	53	79	119	40	89	223	51	165	160	57	192	83	29	201	243	113	199	186	97	164	147	
6	120	178	216	207	245	152	202	143	93	212	39	44	222	103	42	236	59	179	209	134	67	178	241	19	16	218	187	146	93	37	223	
47	165	96	129	245	155	170	231	79	105	121	102	136	216	254	164	251	10	146	61	215	184	12	213	46	28	143	230	223	14	217	133	
85	161	136	167	180	108	74	27	34	233	203	73	215	55	90	80	209	134	125	29	29	16	217	0	220	239	189	244	168	226	218	2	
14	139	174	179	213	175	244	198	23	189	82	7	33	41	83	11	233	111	163	85	54	248	25	172	47	215	223	67	165	93	220	202	
24	161	130	169	148	163	106	223	47	33	216	2	141	202	120	64	122	139	31	209	26	185	65	215	188	197	175	100	181	10	161	128	
56	165	123	233	246	163	251	127	5	1	124	194	57	111	184	0	126	155	23	189	146	186	36	223	126	205	170	228	119	138	240	249	
130	88	51	156	103	132	190	230	252	0	82	66	188	154	53	193	238	123	51	195	96	187	18	237	53	50	222	10	29	25	33	139	
57	201	107	110	20	155	71	125	69	64	254	14	115	73	182	112	120	236	22	110	201	187	36	189	242	237	160	128	119	186	240	104	
33	121	82	93	95	213	161	111	86	0	124	10	56	154	101	52	88	170	2	136	71	186	114	223	119	28	18	40	91	8	98	142	
18	11	147	188	51	208	178	71	174	13	90	35	172	222	36	192	226	59	170	1	6	153	130	237	176	180	26	139	208	0	45	143	
19	143	67	143	148	130	239	119	84	64	218	198	113	102	180	100	126	174	22	237	189	153	37	239	48	46	170	192	61	138	240	252	
57	77	98	236	28	19	79	252	193	226	180	138	115	205	183	53	88	224	87	238	232	163	108	188	242	233	165	184	119	191	114	124	
35	205	10	185	84	193	174	230	30	64	88	135	181	204	51	64	216	43	19	197	71	186	86	255	36	4	170	168	29	24	57	218	
32	205	2	138	84	135	162	231	4	0	120	2	32	200	48	64	88	42	19	195	66	170	24	255	33	4	138	72	85	10	240	136	
77	205	202	172	236	32	78	255	154	130	152	207	253	227	249	80	83	231	50	239	96	3	142	251	240	54	239	60	188	250	185	8	
0	205	2	140	20	131	174	231	4	0	88	2	32	232	48	64	72	42	2	193	66	170	0	255	32	4	138	72	21	10	176	136	
17	207	11	187	22	135	171	230	22	4	88	199	181	214	32	64	93	107	19	199	66	154	75	63	229	38	186	200	20	27	49	202	
2	205	2	156	20	131	174	231	4	1	90	2	32	234	32	64	104	43	19	192	66	152	0	255	32	36	138	192	20	10	176	136	
68	179	249	227	240	45	107	27	35	165	125	140	147	231	200	16	30	154	7	156	146	26	248	80	109	140	37	236	232	194	198	240	
82	1	91	136	94	139	232	73	141	32	211	74	6	138	48	64	106	141	127	225	88	163	131	213	148	160	138	220	53	10	113	128	
21	205	21	236	172	7	206	255	206	162	152	74	125	226	57	166	159	99	122	111	193	35	27	159	184	223	207	60	92	250	169	168	
2	216	20	155	100	137	184	7	175	25	115	50	172	158	20	73	231	59	191	17	82	252	66	241	4	26	218	194	84	8	129	137	
2	184	186	155	237	165	184	199	142	25	88	99	188	222	108	8	239	59	179	145	18	26	154	241	13	20	30	234	144	72	161	139	
246	121	178	144	203	212	188	69	139	220	149	47	12	222	103	15	236	185	147	213	214	67	178	192	59	80	207	239	135	60	183	215	
174	191	114	208	247	244	158	243	201	206	188	175	12	254	247	36	167	179	213	179	245	43	52	238	123	93	47	251	207	228	47	247	
63	29	96	225	182	59	254	243	29	98	62	183	27	63	182	33	126	155	151	239	188	184	37	206	242	221	170	196	231	205	240	245	
114	65	75	136	92	3	104	73	141	0	241	66	0	138	36	80	106	141	127	224	72	3	195	213	148	168	138	188	53	10	114	128	
0	40	210	157	100	169	232	70	47	1	242	2	172	138	17	72	234	45	34	145	2	186	195	193	20	48	154	0	4	8	33	136	
183	165	53	92	188	7	140	107	94	162	160	90	122	120	20	161	157	151	81	41	249	239	81	159	57	30	77	118	213	232	83	44	
147	118	107	129	54	2	173	23	60	224	82	246	149	6	220	96	54	141	31	189	229	156	165	206	60	12	190	196	45	144	177	125	
185	73	102	236	76	19	78	124	193	192	244	138	123	205	183	53	92	244	21	238	200	167	44	172	242	233	229	152	119	191	112	108	
33	253	120	89	116	141	176	111	94	41	124	108	176	152	164	48	216	42	2	0	194	58	112	95	37	29	50	42	81	8	203	175	
26	27	82	140	50	146	186	119	172	13	222	231	45	226	166	196	102	59	143	196	150	137	4	253	176	100	170	203	63	134	41	29	
16	77	3	189	20	135	47	246	22	64	72	194	245	199	33	64	92	42	19	205	75	152	65	63	229	166	170	128	60	154	49	184	
162	57	160	158	207	245	180	67	139	127	16	63	172	156	103	11	204	59	179	195	70	106	250	241	23	16	218	187	87	76	31	223	
39	175	82	67	215	185	178	195	95	65	124	98	40	184	247	164	123	42	130	145	151	186	4	254	46	28	6	99	223	79	251	141	
92	235	97	238	25	192	90	184	167	44	141	0	233	223	72	82	64	245	253	194	74	1	203	245	219	225	171	189	50	130	7	34	
25	143	107	207	20	146	239	117	84	64	223	198	113	97	178	97	120	174	30	238	249	185	37	175	114	45	162	192	63	138	240	248	
185	201	98	110	20	147	71	125	69	64	254	10	115	73	182	116	120	160	22	106	204	187	36	189	242	233	160	16	119	190	240	104	
57	133	107	233	86	147	235	121	84	1	126	194	25	13	176	32	126	136	23	248	155	184	37	223	126	205	170	196	247	138	112	161	
22	185	142	179	23	143	242	160	143	181	82	7	110	120	35	194	161	227	167	81	94	248	27	253	141	194	207	67	173	46	93	74	
92	22	247	101	34	42	161	2	108	174	123	224	223	118	133	234	183	117	108	34	129	181	41	72	128	231	123	132	228	115	5	33	
10	233	126	163	31	137	176	64	238	132	26	3	237	217	123	2	34	33	251	209	6	41	158	221	14	77	11	107	111	38	25	138	
101	33	193	67	240	45	107	24	35	165	111	76	81	35	201	84	88	204	19	156	27	146	217	66	93	188	161	108	171	227	98	176	
93	1	153	165	180	106	66	24	98	233	75	104	215	49	73	120	81	204	124	25	29	176	201	0	220	229	33	68	172	235	88	3	
226	189	38	130	75	212	152	99	137	220	157	47	8	158	102	7	236	177	211	131	212	75	178	196	27	88	206	251	7	6	183	215	
32	249	106	75	86	203	235	244	69	68	116	143	49	13	190	20	62	152	3	108	194	186	52	125	119	12	0	100	127	154	214	248	
0	205	2	138	20	129	142	231	6	1	88	2	32	202	32	64	72	42	2	192	66	170	0	253	40	36	138	72	21	10	176	136	
31	155	108	225	54	154	249	176	13	252	30	167	89	31	150	96	38	241	149	221	149	184	37	236	78	219	233	192	39	175	84	241	
105	132	192	156	93	6	205	171	27	134	108	143	108	227	122	212	91	236	34	172	96	74	158	223	60	54	223	44	159	236	113	136	
201	28	151	213	165	62	45	55	253	250	78	84	188	50	1	239	133	119	248	8	161	220	51	202	197	251	94	2	138	116	137	57	
2	73	90	155	100	169	184	70	47	17	90	2	164	138	124	72	238	139	55	193	2	184	67	241	20	56	154	130	20	24	177	137	
192	64	31	169	100	139	169	20	44	49	83	82	181	2	8	73	102	13	59	200	3	180	65	65	68	160	250	128	4	25	33	168	
126	223	158	158	169	86	29	191	57	127	215	253	204	55	10	223	197	215	173	98	124	203	107	229	243	243	254	215	154	116	175	115	
30	95	182	146	179	247	151	198	60	223	222	101	174	56	35	137	205	107	135	21	180	251	48	236	184	23	126	195	200	93	189	223	
90	157	183	181	179	234	53	39	188	207	94	161	172	63	130	74	163	55	237	17	112	217	35	206	239	119	126	195	134	116	165	107	
194	49	176	144	235	213	184	71	139	253	149	63	12	158	78	43	174	59	247	145	150	91	178	192	31	16	223	251	131	68	167	223	
244	105	70	142	76	129	198	204	135	176	176	10	98	200	97	18	88	224	110	98	74	39	138	185	176	0	133	60	117	59	82	136	
2	192	84	155	238	137	188	199	47	17	82	130	140	206	92	72	239	27	63	17	82	52	67	241	4	24	218	226	84	8	129	129	
57	107	41	174	86	205	75	96	5	68	81	139	63	204	51	16	190	169	23	103	78	50	56	189	241	197	41	184	117	31	23	248	
