菁纯柔润唇膏（丝绒雾面版）套装	#378（丝绒）兰蔻玫瑰	http://www.lancome.com.cn/on/demandware.static/-/Sites-lancome-master-catalog/default/dwab27741b/images/LAN_PRO_IMG/Product Set/LAN00284/L9639800U.png	http://www.lancome.com.cn/dw/image/v2/AARM_PRD/on/demandware.static/-/Sites-lancome-master-catalog/default/dwbf3e6c03/images/LAN_PRO_IMG/PRO/378-1.jpg?sw=490&sh=490&sm=fit
80	157	61	230	184	14	87	189	232	40	186	72	215	123	8	82	134	215	76	98	248	139	105	47	249	239	39	208	64	34	131	43	
13	160	249	225	164	111	105	159	43	115	39	24	153	55	88	58	21	28	81	60	147	116	241	82	207	221	149	100	194	192	195	240	
32	185	251	200	219	205	49	87	174	17	108	8	60	151	96	48	166	187	83	16	19	43	50	85	95	137	2	107	208	2	167	187	
56	253	122	110	116	143	119	247	96	140	124	8	115	113	34	48	60	250	6	106	200	186	56	63	127	141	37	0	97	154	230	187	
49	245	61	111	20	79	71	189	100	232	239	72	115	113	24	112	88	204	92	106	233	178	121	13	229	237	37	20	104	186	210	40	
32	141	96	159	220	161	174	235	86	0	120	10	160	232	52	64	89	234	19	131	178	58	74	255	60	30	139	40	213	75	112	136	
34	141	2	159	220	131	174	235	22	0	88	2	224	232	48	64	88	106	51	195	114	186	75	255	60	38	143	136	21	74	240	136	
101	36	237	101	68	46	105	26	97	226	238	64	147	53	209	122	92	196	120	188	137	246	241	10	69	235	195	4	225	241	114	112	
29	212	126	111	48	46	123	248	125	8	127	32	95	123	169	112	54	221	21	106	160	176	41	47	251	239	33	196	227	179	98	163	
73	156	154	249	241	172	57	23	188	25	126	116	188	179	32	120	165	59	62	24	178	156	178	71	239	255	62	194	136	64	161	139	
2	141	98	159	212	131	170	103	214	65	91	146	104	238	52	64	121	43	19	145	242	185	12	255	56	46	158	192	21	14	241	136	
130	165	36	251	184	173	120	143	191	25	208	16	172	159	84	65	205	27	127	145	186	72	195	247	142	248	158	250	150	4	129	155	
94	77	98	229	18	18	110	240	45	192	254	130	223	111	177	116	118	237	95	234	200	147	45	238	246	237	175	132	39	183	99	128	
84	120	159	240	40	108	17	66	170	179	130	8	151	151	65	11	129	113	125	19	10	69	211	0	209	131	127	60	128	113	7	50	
2	141	6	158	148	130	174	231	180	3	90	18	104	234	48	64	121	107	51	129	114	154	2	255	40	38	158	192	20	8	176	136	
216	124	122	236	83	206	115	118	33	132	228	8	63	151	33	16	38	189	197	96	72	187	48	12	243	225	32	1	99	144	38	234	
94	73	114	229	118	10	126	112	173	128	254	2	79	203	49	80	126	237	95	234	200	147	133	204	246	253	175	128	39	183	99	128	
198	1	86	189	238	11	108	105	189	178	211	18	77	74	60	91	98	133	127	227	120	215	203	220	150	250	203	212	52	169	113	0	
2	164	148	145	188	171	248	11	63	51	91	18	206	170	88	72	227	14	127	17	18	248	203	215	140	150	159	244	148	72	209	1	
112	121	190	244	40	76	85	36	169	242	164	9	87	191	65	59	168	245	125	67	73	103	178	0	211	225	125	63	97	51	38	122	
94	77	98	237	20	130	110	240	245	128	218	2	107	235	49	64	120	229	63	227	200	147	129	239	178	239	143	128	39	187	112	8	
218	208	244	220	46	8	124	61	173	122	183	187	204	95	204	91	231	149	255	166	224	71	195	193	214	251	255	158	6	180	161	81	
82	73	70	173	28	130	238	224	173	128	218	2	233	234	53	64	122	237	63	227	72	147	139	239	180	252	142	128	53	58	113	128	
208	120	190	190	168	236	144	70	234	215	160	25	183	254	67	59	129	119	104	17	38	77	210	32	217	227	126	57	192	80	15	154	
232	141	120	123	141	205	125	191	123	51	164	24	187	59	80	80	9	130	89	8	122	60	251	55	239	223	80	113	82	136	194	170	
77	0	237	101	36	110	107	24	112	226	127	72	211	117	157	122	80	196	124	110	137	240	253	10	197	255	225	4	204	251	82	96	
84	148	30	240	27	253	80	22	175	121	174	24	159	191	98	123	165	147	253	16	62	75	50	20	219	211	81	127	184	65	15	19	
54	101	198	174	28	35	234	200	47	128	251	2	207	234	45	64	122	237	95	226	72	163	203	220	176	236	143	188	245	123	115	128	
92	126	221	118	169	126	87	152	179	254	63	108	95	247	203	190	151	116	253	122	129	68	187	32	203	223	101	191	202	247	14	115	
108	48	245	85	121	127	113	26	123	187	183	56	222	245	196	62	151	92	124	24	49	246	251	18	95	255	113	126	194	225	71	163	
85	116	158	240	184	253	80	18	175	159	166	29	151	159	67	58	165	145	93	16	46	69	51	6	219	223	53	87	168	0	11	83	
88	249	50	250	185	204	88	191	235	25	188	8	191	219	72	16	132	187	76	24	218	107	146	181	251	253	52	122	66	128	195	11	
197	72	127	101	36	14	111	48	100	226	119	68	211	83	145	113	50	228	60	110	233	180	117	44	229	235	227	0	108	187	81	48	
104	149	126	126	229	12	124	51	169	27	119	24	255	123	8	19	143	147	215	42	248	108	2	13	199	251	112	200	66	232	195	131	
41	217	55	109	52	143	227	52	76	104	118	64	179	17	176	32	220	40	30	104	201	184	113	61	229	253	32	16	82	138	80	169	
34	141	98	218	212	131	170	103	86	1	89	2	96	232	52	64	121	42	19	145	178	186	8	255	56	46	143	192	213	10	240	136	
6	56	182	241	237	189	184	82	235	251	176	56	140	188	213	42	175	59	255	17	146	109	226	226	143	95	91	234	198	77	3	135	
6	68	38	155	30	131	190	232	142	192	219	131	236	206	57	64	127	113	63	247	130	149	10	254	188	38	143	128	149	63	49	209	
130	140	6	159	82	130	170	103	188	3	90	147	108	238	48	64	127	187	59	133	112	157	0	255	60	38	154	192	21	4	161	153	
30	37	118	237	62	35	250	120	109	160	251	130	207	207	57	65	126	205	95	243	168	163	13	204	178	249	139	148	231	239	113	129	
229	33	237	101	164	111	107	24	120	226	175	8	211	49	153	58	88	196	124	46	137	240	253	10	199	255	97	20	192	235	82	96	
88	137	58	252	25	196	80	35	166	12	142	1	191	223	96	80	192	179	253	128	74	11	210	29	251	229	170	91	48	0	167	74	
6	204	2	155	20	163	170	232	22	1	89	2	104	234	57	65	121	107	19	243	34	186	10	255	44	6	143	192	149	91	48	136	
41	28	189	123	169	125	148	31	30	123	56	92	158	124	12	171	141	19	90	0	243	46	123	49	71	219	80	122	216	72	199	121	
80	162	153	58	24	232	1	31	246	21	131	16	151	131	64	122	1	23	108	16	26	73	235	16	217	165	59	124	128	64	7	104	
168	148	54	185	205	192	177	165	196	22	146	19	205	189	106	79	201	51	171	65	96	109	122	180	205	210	94	79	86	12	181	234	
167	97	226	159	94	147	174	200	222	66	81	131	104	204	63	32	126	233	19	231	198	183	46	251	54	14	143	172	85	63	115	212	
111	114	225	81	239	59	249	218	91	251	53	254	8	12	223	190	63	204	246	30	135	118	237	224	30	94	245	230	207	253	90	245	
228	113	121	74	106	221	115	200	239	8	173	40	22	213	237	52	170	152	74	90	67	35	170	115	19	156	0	127	80	19	102	167	
29	13	42	140	25	115	19	112	84	228	197	32	85	179	163	225	80	44	155	234	60	27	101	30	241	71	171	61	18	47	52	96	
252	161	208	162	243	130	82	133	19	49	185	187	110	72	72	150	217	207	132	81	30	242	200	239	56	244	5	115	225	14	234	139	
204	126	253	246	34	92	95	180	177	222	22	108	255	119	139	223	23	117	253	106	225	68	187	42	194	243	109	128	42	247	7	121	
4	77	2	158	20	131	174	98	150	0	88	2	32	234	49	64	88	106	19	195	98	186	2	191	32	38	142	8	21	123	48	136	
82	157	126	198	86	2	254	255	61	97	123	163	113	47	180	113	127	215	31	165	240	185	45	255	62	46	174	196	101	130	240	89	
67	136	159	28	106	106	69	34	184	211	162	25	86	55	0	91	35	229	104	128	17	77	147	97	144	34	80	82	128	96	34	96	
89	217	81	111	51	14	70	180	229	8	186	100	255	115	128	244	22	116	108	106	73	137	201	61	168	237	37	144	42	162	129	57	
2	168	138	155	84	131	170	71	22	3	80	18	36	202	48	64	123	43	19	145	50	156	0	251	36	6	154	128	149	10	177	200	
176	76	151	110	155	102	20	99	52	34	227	16	86	55	1	157	104	247	107	128	41	159	81	46	177	166	80	18	177	112	166	58	
151	165	35	66	149	83	194	201	119	53	205	16	200	156	252	165	88	94	208	251	183	251	44	245	43	89	134	111	215	135	255	236	
3	169	240	157	190	153	186	207	143	101	152	171	172	254	87	32	142	51	251	133	150	41	231	251	190	94	15	186	85	140	5	222	
2	129	148	147	129	133	181	135	158	49	207	17	196	50	42	78	201	127	42	144	18	218	83	225	141	54	222	83	144	78	161	134	
85	176	145	54	10	104	1	136	234	83	131	105	151	214	73	123	3	69	108	19	11	65	235	33	216	160	123	60	136	65	35	115	
197	22	222	71	162	58	56	18	60	43	115	244	223	38	140	251	6	55	236	16	165	148	101	98	6	251	114	128	236	225	139	53	
228	164	244	119	252	47	246	235	123	187	57	120	222	249	77	59	147	94	108	58	50	112	203	18	175	222	69	118	192	224	195	163	
2	140	10	154	20	163	170	199	22	1	90	2	112	202	32	64	121	42	19	144	50	156	8	255	40	39	171	192	148	10	176	136	
32	133	78	140	220	130	174	111	132	128	219	2	80	234	56	65	120	235	27	227	112	155	0	76	124	33	174	204	21	106	176	128	
165	112	236	64	112	63	176	84	104	232	54	77	210	28	159	43	140	80	247	124	161	102	113	72	95	11	37	128	201	113	67	243	
6	204	2	154	148	131	174	227	22	2	88	2	96	202	48	64	89	106	19	211	114	188	8	255	40	38	142	200	20	27	176	136	
68	181	185	105	249	120	150	143	122	83	40	40	156	182	78	58	147	95	192	144	23	74	250	64	109	183	23	111	200	112	135	150	
123	38	160	72	61	61	194	74	91	169	140	8	170	33	213	180	145	74	76	60	186	107	233	159	58	92	1	62	210	205	82	44	
244	176	184	178	172	205	145	200	138	245	181	57	151	221	74	10	138	145	253	81	30	111	250	48	219	193	125	127	208	9	151	243	
38	96	98	153	84	131	170	200	86	128	120	2	64	200	61	64	120	232	19	227	224	183	10	222	52	12	139	168	85	59	112	128	
86	76	22	158	58	162	186	224	173	0	219	130	236	238	41	64	119	245	191	243	0	129	11	255	184	54	143	200	148	51	33	17	
220	121	185	233	168	78	117	157	50	218	116	72	151	23	65	120	181	29	125	122	65	84	155	26	231	239	101	172	168	178	38	187	
129	50	252	69	170	63	165	23	110	235	54	252	159	60	198	43	15	21	110	44	181	252	109	24	196	139	113	180	237	248	139	21	
144	63	50	107	26	163	146	120	214	168	139	227	99	233	97	64	144	62	11	66	168	185	139	62	114	197	1	50	123	235	96	11	
88	120	187	124	9	204	86	112	243	64	165	12	95	223	33	80	180	253	216	98	9	99	154	8	243	253	5	30	106	50	42	18	
60	124	185	233	48	111	83	218	54	8	254	8	151	55	1	48	181	92	93	120	43	161	57	30	235	239	33	84	232	243	6	51	
82	141	212	158	219	136	122	174	175	144	136	130	237	254	97	82	227	243	251	211	82	9	218	253	189	244	15	59	20	35	131	10	
38	108	2	154	84	131	170	192	22	128	89	2	104	202	57	64	120	40	19	195	98	183	10	255	52	6	139	136	21	59	112	128	
126	157	118	236	121	118	90	250	169	72	190	45	110	255	46	81	254	181	221	226	200	131	32	221	179	249	11	155	18	230	38	83	
56	66	170	22	86	219	163	64	84	133	199	138	242	196	35	40	120	184	194	113	40	179	36	14	241	7	170	25	225	122	55	224	
111	54	232	64	236	61	251	90	123	239	125	190	25	189	223	188	191	221	151	158	145	118	236	194	94	93	181	238	231	239	86	245	
99	148	107	69	246	138	238	63	63	99	122	255	113	46	156	112	119	183	119	141	230	152	165	255	126	62	190	130	37	192	211	93	
222	145	61	248	171	249	80	99	143	53	164	59	47	191	98	223	195	147	253	16	62	75	58	149	155	211	90	123	178	13	141	115	
111	123	224	6	237	25	76	156	107	250	180	236	10	40	215	190	15	196	252	94	205	98	239	224	30	90	117	191	239	255	90	93	
86	30	255	245	34	106	59	26	63	174	119	185	76	119	193	90	55	117	253	162	32	213	137	74	222	247	123	135	166	225	7	115	
125	246	225	65	213	28	71	216	115	238	116	236	3	117	223	180	121	204	132	60	235	118	252	130	62	220	133	230	235	254	86	244	
95	62	228	1	98	46	233	154	42	191	62	253	13	43	215	27	39	197	117	188	128	84	175	66	28	11	105	228	231	245	3	97	
20	109	155	167	182	10	239	220	52	162	90	66	245	35	161	64	122	76	23	106	65	176	73	42	228	132	167	132	36	251	177	169	
188	4	206	174	74	51	92	72	35	163	161	185	79	235	43	154	183	197	245	167	28	71	137	0	146	195	105	191	188	99	170	131	
98	53	25	188	252	237	176	79	138	8	153	104	180	223	36	16	204	57	87	33	18	3	202	219	117	52	186	186	24	90	131	171	
222	90	254	181	42	106	57	18	61	246	86	183	15	151	195	91	38	245	239	146	0	212	167	192	214	227	123	131	166	245	37	115	
6	141	130	158	212	131	174	99	150	130	90	2	104	234	48	64	121	107	51	195	114	186	10	255	56	38	143	128	21	122	177	136	
82	141	150	146	157	229	118	239	175	53	138	2	238	186	104	66	225	211	235	144	26	75	27	247	185	198	222	95	145	88	173	10	
19	161	212	136	223	135	168	237	78	181	169	3	76	202	124	128	251	9	34	213	18	106	27	213	29	8	31	110	81	2	225	130	
0	136	156	177	8	233	176	138	174	51	162	17	229	86	75	26	129	19	107	0	6	69	67	19	141	199	123	63	16	64	13	2	
50	189	47	178	213	69	185	226	24	88	176	9	176	28	37	17	204	19	83	209	121	235	16	172	121	144	222	250	193	8	119	187	
82	157	62	188	155	193	21	231	173	5	172	43	46	255	34	81	166	179	235	1	118	11	50	253	243	241	26	75	48	4	167	91	
236	65	209	103	162	106	39	140	48	164	59	248	215	119	201	150	19	212	68	122	40	176	233	42	173	196	37	20	227	251	70	33	
165	53	16	1	245	251	195	194	125	65	108	16	151	18	142	52	89	42	2	56	59	186	116	158	172	156	2	70	202	3	98	164	
60	243	229	83	136	89	71	156	98	21	161	56	211	116	216	191	57	210	92	219	219	64	239	49	173	2	245	124	225	83	214	100	
254	76	206	36	138	35	95	208	148	166	166	139	83	251	35	91	62	229	125	230	44	199	131	0	82	171	97	157	235	249	104	3	
0	193	142	184	213	196	168	237	30	29	80	3	228	226	120	192	249	11	34	29	82	105	27	85	45	39	159	77	144	10	185	200	
248	245	82	104	61	143	90	248	59	40	244	8	95	219	8	20	222	153	68	106	104	35	216	223	243	221	33	190	82	155	67	11	
88	138	144	93	27	184	160	39	110	1	202	220	174	160	132	228	166	23	232	1	147	41	133	119	136	244	26	82	200	4	131	45	
172	181	148	19	253	123	231	157	126	247	61	28	203	96	75	156	25	78	234	58	55	116	251	50	111	215	101	117	202	95	222	246	
34	177	114	234	246	131	254	237	91	41	248	170	40	220	60	0	254	155	151	177	218	186	205	221	62	92	143	238	117	142	242	137	
86	118	239	103	162	106	118	152	121	238	123	245	66	127	207	90	55	221	125	115	188	212	237	106	254	118	101	135	164	247	70	119	
37	181	25	111	180	79	71	185	100	232	235	76	211	81	24	112	216	204	92	106	217	178	121	28	237	253	33	116	88	171	210	176	
138	177	180	185	253	173	184	215	159	121	149	57	140	159	124	11	135	27	223	17	178	107	202	209	143	217	31	254	150	76	129	211	
32	172	64	159	124	169	162	238	30	33	120	10	160	232	116	0	89	106	34	65	50	254	74	191	44	30	155	104	213	73	81	136	
34	141	2	159	220	163	174	238	22	2	88	2	160	234	48	64	89	106	51	131	50	186	75	255	44	38	158	232	21	9	48	136	
66	40	180	241	236	40	184	74	239	187	240	24	172	170	85	11	239	223	127	145	146	118	195	192	158	218	90	170	196	193	35	137	
32	237	123	91	244	207	239	247	119	5	124	0	51	119	180	52	121	186	2	72	243	186	48	127	111	142	52	64	115	136	230	184	
2	141	130	159	212	163	174	103	22	2	88	2	104	234	48	64	121	107	51	131	114	186	10	255	60	38	158	136	21	72	177	136	
245	88	233	101	4	78	71	16	112	226	239	72	211	113	17	50	88	228	120	110	233	180	249	42	229	239	193	20	105	251	82	32	
194	96	244	245	110	40	184	78	171	179	178	144	140	174	77	91	239	149	127	128	160	69	195	194	150	250	218	190	132	240	99	137	
30	65	114	229	118	10	254	120	45	128	254	2	107	203	53	80	126	237	95	234	200	179	5	204	242	249	143	128	39	183	99	128	
6	172	148	145	188	169	248	3	191	49	155	24	142	168	80	74	167	15	127	17	50	248	203	209	140	214	27	246	132	72	129	1	
2	141	2	158	20	163	170	103	150	1	90	18	96	234	48	64	121	42	19	129	50	186	10	255	56	38	138	192	21	10	176	136	
86	68	34	174	30	130	158	200	157	128	219	131	76	206	57	64	126	249	191	247	232	135	11	254	184	38	143	156	53	63	33	81	
94	77	102	228	86	18	110	240	189	128	254	2	107	203	181	81	126	237	31	234	232	147	37	236	246	253	175	128	39	183	98	136	
128	141	2	158	148	130	46	231	148	0	90	18	96	226	32	64	121	106	51	128	48	152	10	255	40	38	158	64	20	8	176	136	
28	213	126	111	50	46	126	248	53	8	255	34	95	127	169	80	182	213	221	226	168	177	9	238	250	239	99	198	103	179	99	3	
198	192	214	157	78	10	108	105	175	178	243	26	76	202	104	91	107	133	127	162	96	71	131	192	148	178	219	140	37	40	161	128	
82	65	66	140	92	2	238	105	141	128	210	2	104	202	53	64	122	237	63	227	72	147	3	221	180	172	138	136	53	58	113	136	
82	157	27	250	147	196	55	231	172	1	104	32	60	247	32	112	167	123	185	144	83	137	18	127	249	247	30	75	24	0	165	58	
82	77	102	174	20	130	110	228	237	128	218	2	105	202	53	64	122	237	63	227	200	177	1	237	176	238	143	128	37	187	113	8	
117	161	61	97	157	111	65	189	99	57	167	24	211	49	88	57	89	132	104	56	25	114	249	20	207	201	133	116	225	8	214	34	
32	185	59	104	219	229	51	87	46	1	108	8	60	151	96	48	238	59	19	80	19	58	50	85	125	141	2	106	16	2	231	187	
208	81	29	182	40	76	53	61	168	58	162	0	247	247	73	91	128	85	121	98	65	65	154	1	209	161	111	56	0	50	7	59	
65	57	169	97	197	111	109	23	120	233	46	16	147	53	80	58	129	140	81	156	145	248	241	66	207	221	149	100	200	224	210	240	
9	217	55	109	52	207	227	116	108	72	118	64	182	17	32	36	164	48	30	72	195	185	49	61	229	249	32	0	90	154	65	41	
84	121	185	224	136	205	17	192	162	189	180	9	151	159	65	26	170	241	125	81	10	99	178	32	217	193	47	61	224	19	7	98	
120	104	26	236	65	196	81	102	161	4	230	9	63	151	32	80	224	191	205	192	72	139	144	45	243	225	16	9	98	16	38	10	
71	150	242	161	178	46	56	19	60	111	91	245	205	46	142	88	183	31	191	53	181	152	5	198	172	54	58	198	140	198	137	85	
88	225	26	252	25	196	85	103	161	13	228	9	175	215	32	80	192	187	205	128	90	11	210	29	243	229	50	59	48	0	166	10	
76	148	94	126	233	44	120	187	169	27	125	56	223	127	8	83	135	19	247	40	48	46	10	151	207	255	112	204	194	161	195	131	
61	121	168	43	148	205	215	217	82	196	5	5	183	216	83	40	89	74	17	95	158	34	252	51	235	13	175	253	180	119	222	194	
76	153	29	250	141	221	144	61	140	153	149	10	246	21	32	239	72	18	251	81	83	41	123	180	219	243	94	91	150	10	157	43	
117	12	150	78	203	63	70	103	113	171	234	24	94	50	36	191	184	118	98	24	57	251	145	42	57	238	84	18	203	122	235	6	
164	113	49	74	122	201	179	200	238	8	105	104	28	208	109	48	190	25	66	82	66	34	138	114	85	140	35	110	80	19	103	163	
141	48	181	97	228	45	176	80	112	170	48	88	219	25	81	43	142	81	115	115	129	116	16	0	79	203	101	8	201	33	67	131	
102	161	32	18	201	137	19	233	195	244	169	9	66	209	79	23	153	8	209	51	78	82	234	16	31	80	197	126	192	46	86	198	
65	157	123	239	118	10	235	248	120	97	123	226	117	61	188	96	62	223	55	239	209	184	141	127	116	46	170	128	109	195	243	185	
120	248	114	250	61	141	82	244	251	8	188	8	175	219	76	16	158	171	76	72	202	43	210	183	243	221	32	58	66	138	67	11	
220	89	93	229	178	10	79	176	164	168	150	224	215	87	129	67	38	245	93	122	105	193	105	44	232	233	39	148	36	179	1	49	
38	12	2	158	84	163	170	97	22	0	89	2	96	234	49	64	120	42	19	131	50	186	10	255	48	38	138	136	21	106	112	128	
6	204	2	158	148	131	174	230	22	2	88	2	96	234	33	64	89	106	2	194	98	152	8	255	32	38	142	136	20	27	176	136	
79	114	251	244	107	94	93	152	57	206	118	237	254	247	203	254	151	117	253	46	197	84	187	202	71	255	101	143	170	247	14	119	
217	91	81	78	59	26	70	176	105	136	179	108	238	87	133	244	22	244	236	106	193	1	237	237	162	248	33	146	42	167	10	61	
45	176	245	113	237	251	240	91	127	185	243	120	222	153	204	61	159	28	126	16	147	240	251	20	223	218	113	118	194	136	195	167	
199	148	159	82	163	108	60	151	184	91	111	84	156	231	12	191	167	83	120	28	179	221	178	66	15	187	86	68	200	208	163	113	
212	112	157	243	8	109	81	26	182	191	163	24	183	215	73	123	129	87	109	16	43	69	251	32	201	163	117	56	160	81	7	106	
120	173	57	108	212	204	87	191	114	5	108	8	51	179	64	112	145	190	68	88	26	58	240	63	251	237	52	121	240	130	198	42	
0	172	138	138	148	163	170	195	22	1	88	2	113	202	48	64	89	42	2	145	18	190	8	127	104	7	171	192	149	74	48	136	
84	39	219	103	146	46	78	23	51	171	171	12	83	35	65	18	53	254	76	24	56	201	145	10	169	140	37	80	224	242	194	40	
164	120	133	108	44	47	195	216	82	138	176	72	211	241	209	26	88	200	68	106	41	103	203	40	225	152	229	60	216	249	82	161	
133	184	191	83	160	189	189	150	172	123	38	92	190	180	76	59	133	83	120	28	147	252	176	32	79	155	85	112	200	217	195	57	
129	32	237	97	128	47	237	23	118	242	39	24	147	41	81	59	15	164	120	156	185	124	125	16	77	155	213	52	205	240	194	32	
79	122	241	87	99	88	127	144	107	254	119	236	104	247	223	190	54	252	246	78	193	116	174	224	14	122	101	170	207	247	74	253	
78	182	208	37	242	42	57	51	57	171	123	253	221	55	136	208	55	31	253	48	176	216	193	78	204	231	63	198	166	226	143	177	
47	116	226	69	230	59	251	214	123	226	116	190	25	173	215	188	127	220	151	159	161	246	236	194	86	95	245	172	231	253	114	245	
111	123	224	6	239	25	254	212	107	252	180	239	40	44	215	182	174	197	246	71	197	115	238	224	62	89	101	191	239	190	218	221	
50	165	82	138	222	131	238	237	31	129	249	2	108	202	60	0	122	171	23	225	82	187	10	223	60	12	143	236	117	10	241	136	
149	72	3	190	84	131	171	80	20	128	83	82	113	195	177	232	120	40	22	218	105	182	10	254	176	166	171	0	61	187	49	160	
121	105	59	126	13	205	87	96	227	64	237	8	59	215	48	48	200	234	88	78	75	107	186	57	243	249	4	57	64	27	98	106	
34	165	98	201	254	139	254	109	95	33	249	138	9	140	60	0	254	155	23	241	210	186	76	223	62	92	143	230	117	142	242	129	
38	100	98	156	84	131	174	232	214	130	121	2	64	200	61	64	120	232	19	227	192	182	8	222	52	12	139	136	85	59	112	128	
80	124	29	227	184	238	83	20	37	232	171	72	215	23	1	112	148	181	93	48	9	129	89	30	233	238	37	84	232	50	70	59	
82	173	86	188	91	128	94	106	169	128	168	8	239	250	37	211	226	241	251	227	72	75	210	253	179	248	75	59	48	34	43	2	
6	205	6	155	156	163	174	232	150	16	89	2	96	234	41	65	121	106	27	242	34	241	11	255	44	6	143	192	149	91	48	136	
75	151	211	165	178	42	60	55	60	105	91	245	205	46	154	208	183	31	189	37	181	152	197	206	236	119	47	196	140	230	129	81	
220	81	29	229	40	79	79	184	164	184	151	96	215	23	129	115	6	212	125	106	105	197	105	12	225	234	103	148	32	177	5	49	
77	35	179	100	232	12	109	144	234	185	34	77	156	163	81	90	164	101	100	92	128	80	154	64	93	188	119	44	200	115	99	169	
16	140	11	186	20	163	171	119	22	1	90	2	113	202	32	64	121	43	19	144	50	152	8	63	232	167	171	192	148	74	176	136	
54	173	210	136	222	163	234	107	31	161	249	10	12	232	112	0	123	239	119	145	26	123	202	222	188	20	143	236	213	10	179	128	
4	77	2	158	20	131	174	226	22	128	88	2	32	232	49	64	88	106	19	195	98	186	10	191	32	38	138	8	20	123	48	136	
24	126	50	126	25	131	18	112	84	128	193	233	99	193	33	1	84	56	139	96	168	147	1	60	242	199	33	58	122	187	48	10	
3	141	107	231	118	10	170	126	120	33	90	194	117	169	148	96	126	95	23	239	177	184	133	111	36	46	170	128	13	131	243	169	
48	100	67	45	18	171	98	68	52	72	250	71	115	192	13	0	120	172	68	100	45	176	69	15	160	164	160	128	233	27	82	210	
122	13	118	236	59	166	90	98	137	0	234	9	78	191	37	81	206	181	221	227	8	139	64	205	179	249	138	27	22	231	39	67	
150	33	118	174	62	35	232	120	229	176	179	10	207	75	57	67	122	133	127	227	168	227	75	204	146	248	203	156	103	171	112	0	
208	44	188	181	168	232	16	134	190	183	130	49	183	254	67	75	131	119	237	17	62	77	131	34	201	227	126	17	128	65	13	11	
210	128	188	184	168	217	20	71	170	23	165	57	167	190	102	91	195	147	237	1	126	79	170	17	219	243	90	127	16	64	175	83	
197	92	235	101	4	14	111	16	121	226	127	68	211	51	145	115	112	228	60	110	225	180	245	42	197	175	227	0	109	243	80	48	
208	144	60	176	138	237	17	38	174	117	162	25	151	190	66	123	163	147	125	17	62	75	146	17	217	131	122	127	144	65	15	82	
194	180	20	251	173	141	124	175	191	27	240	48	172	158	76	73	199	59	127	144	114	76	67	247	141	58	222	218	16	136	129	137	
2	140	2	159	86	162	170	103	190	3	91	146	108	238	48	65	127	43	51	129	48	157	2	255	20	38	154	192	20	0	49	152	
6	76	2	158	84	131	174	192	150	128	89	2	96	202	49	64	120	106	2	195	66	182	10	255	48	38	139	136	21	59	48	128	
169	34	24	49	105	45	112	27	107	123	112	29	143	131	66	155	129	8	108	12	54	116	131	0	198	217	112	37	202	196	202	131	
18	228	114	142	31	155	186	110	143	32	200	139	172	220	52	32	254	177	219	133	70	45	7	255	189	60	26	59	85	14	17	14	
208	248	59	188	67	205	53	103	188	134	100	9	62	247	32	80	162	123	251	64	66	207	178	123	241	167	30	43	0	48	167	122	
206	252	242	246	102	152	254	240	249	202	125	171	111	255	253	48	191	255	181	199	224	247	174	234	186	254	79	138	103	247	99	213	
0	77	6	159	84	131	166	111	20	128	218	2	32	234	48	64	120	46	34	129	96	187	3	255	52	38	158	0	21	26	176	136	
3	249	19	248	108	133	137	246	140	8	208	106	180	147	160	13	204	19	94	89	65	139	66	228	156	144	250	234	88	8	35	171	
71	85	111	71	52	62	111	184	109	72	95	100	219	118	159	117	182	68	125	110	145	144	189	239	231	252	35	196	12	243	81	117	
127	10	206	165	194	50	94	128	33	178	147	251	79	42	65	155	255	213	245	247	60	214	205	128	186	227	237	213	173	247	186	4	
69	102	250	101	36	46	101	18	104	194	110	76	247	33	147	58	51	108	108	14	129	240	181	10	198	191	112	0	200	251	83	40	
246	33	68	174	12	43	104	104	173	176	179	18	203	75	29	91	122	133	127	227	40	103	75	204	150	250	203	148	55	171	112	0	
87	52	157	243	139	102	31	152	26	242	1	150	92	119	73	203	247	85	57	190	51	71	155	226	153	203	223	238	168	115	161	113	
82	77	66	174	84	130	110	108	181	128	250	2	104	202	53	64	122	237	63	227	72	179	10	239	176	172	142	136	53	186	112	8	
76	48	189	114	200	237	81	26	39	183	111	24	215	183	73	90	129	150	108	16	26	92	243	34	221	167	49	121	224	193	6	98	
38	169	66	137	220	131	234	107	31	161	248	10	8	200	52	0	122	171	23	209	26	186	74	253	60	28	143	232	213	10	242	136	
114	65	66	140	92	2	110	109	45	128	250	2	104	202	53	80	122	173	31	225	72	147	1	221	180	168	138	136	53	58	113	136	
66	249	148	178	185	220	144	135	171	29	138	57	172	186	66	202	129	83	233	17	86	73	154	241	185	82	94	123	128	84	141	79	
6	205	6	142	156	131	174	232	134	16	219	2	96	226	41	64	121	96	106	226	66	129	11	255	56	38	143	140	20	59	48	128	
192	168	148	145	252	169	120	3	191	51	211	24	142	170	80	73	167	143	110	17	50	124	203	209	140	18	95	100	132	72	129	129	
178	65	98	228	84	11	238	124	253	128	242	10	75	201	53	81	122	237	95	227	232	183	0	206	178	232	131	128	103	186	98	8	
20	125	27	101	51	239	115	214	254	224	106	8	182	247	33	112	176	124	72	120	1	185	176	62	249	141	5	2	96	115	7	186	
2	77	10	158	20	131	174	226	150	0	88	2	32	234	49	64	88	106	19	195	98	186	10	255	32	38	142	136	20	59	48	136	
38	77	2	158	84	131	174	96	22	0	91	2	96	202	49	64	120	104	19	195	98	178	10	255	48	38	139	136	21	59	48	128	
50	77	98	206	86	146	110	116	181	128	254	2	105	235	181	116	126	237	23	234	192	147	36	238	54	108	135	128	39	178	98	140	
34	169	98	201	244	131	250	115	95	33	248	138	40	141	52	0	254	171	23	209	146	186	68	253	62	28	134	224	247	142	242	136	
228	60	141	97	172	111	65	26	64	250	176	124	146	17	65	59	217	68	76	56	57	118	241	2	205	194	37	116	224	105	86	51	
2	32	212	151	108	40	184	14	191	179	243	24	140	170	85	91	239	79	127	145	2	126	195	192	132	190	218	168	196	81	3	137	
198	0	212	183	236	8	124	41	173	178	179	26	205	10	92	91	239	133	127	162	120	71	203	192	150	250	219	252	5	168	161	0	
86	69	2	174	30	2	206	232	159	128	219	130	77	238	57	64	126	225	127	227	104	3	9	255	176	230	143	156	53	59	49	0	
130	180	180	250	237	173	184	215	159	123	177	56	140	222	108	75	135	27	255	17	178	109	74	209	143	218	94	254	144	12	129	211	
28	85	126	230	114	2	126	248	61	160	255	34	95	127	169	81	62	213	255	226	232	147	9	238	242	239	103	132	103	179	98	19	
107	251	226	4	118	25	190	244	107	236	180	239	72	140	222	150	62	205	215	231	197	115	172	232	62	89	175	191	111	190	123	221	
3	183	88	133	178	26	62	191	61	105	94	229	253	39	138	80	182	95	223	109	213	152	133	239	166	55	62	128	12	212	139	221	
59	223	80	71	115	26	126	248	97	108	126	238	107	8	151	180	54	204	132	110	196	176	45	253	54	253	32	131	111	183	74	93	
79	122	241	71	99	28	251	176	105	200	119	238	104	78	223	246	54	245	246	238	197	86	175	232	22	120	101	138	79	183	74	245	
6	12	2	158	148	130	170	99	20	128	91	2	104	234	49	64	120	107	19	131	50	154	10	255	32	38	138	136	21	42	48	128	
2	205	2	158	148	131	174	231	22	0	90	2	96	226	33	64	89	106	19	194	98	152	10	255	32	38	142	128	20	123	176	136	
36	108	98	158	84	131	166	104	86	128	121	2	96	200	49	64	120	104	2	67	226	178	10	255	48	6	131	8	85	59	112	128	
120	241	48	232	61	157	90	252	123	9	244	40	191	219	76	16	150	153	221	72	202	43	250	191	243	221	32	254	82	146	66	11	
232	164	184	121	253	233	81	15	210	29	164	24	182	177	64	26	193	26	232	16	58	110	226	19	207	213	20	123	208	72	198	42	
97	165	241	73	213	237	99	159	115	97	109	8	18	181	204	52	25	158	98	24	19	186	248	17	109	156	21	110	195	202	198	160	
180	100	70	173	28	43	194	72	167	160	185	10	75	200	57	83	122	196	110	227	40	227	201	220	180	192	139	52	117	43	112	0	
140	148	222	125	233	44	120	187	187	27	117	56	223	123	8	91	135	215	125	0	56	124	138	211	207	255	112	206	194	225	195	131	
20	193	11	167	20	10	111	249	36	160	223	2	215	99	56	64	114	205	29	235	72	145	9	13	224	165	175	132	36	178	161	160	
220	20	156	244	42	108	89	26	162	250	135	61	215	55	73	91	167	213	125	34	40	69	219	2	211	227	121	181	160	113	5	115	
218	180	188	184	139	177	144	199	154	23	128	187	172	174	102	203	199	19	233	17	54	79	130	209	155	115	222	251	144	92	173	90	
70	234	150	154	153	209	178	134	142	157	128	49	172	250	102	206	129	115	234	81	86	73	138	241	9	22	95	123	146	69	173	14	
229	84	237	103	4	14	111	56	112	226	102	68	211	49	25	115	80	196	60	110	233	180	245	42	229	251	227	0	104	251	80	48	
18	110	187	188	58	192	63	103	180	4	220	163	45	167	35	80	110	187	143	128	74	155	130	107	240	229	190	139	37	144	167	251	
2	77	87	143	94	169	174	230	140	0	202	195	228	202	53	65	234	115	123	231	34	153	7	253	52	32	138	0	21	91	161	136	
208	162	188	189	168	232	16	7	190	23	130	17	183	190	66	75	167	23	237	17	62	77	131	17	201	227	126	121	144	64	141	75	
169	189	115	89	213	207	225	247	127	5	116	16	48	213	180	52	89	58	2	24	115	250	112	127	47	158	20	96	211	136	198	236	
45	61	27	109	185	207	67	184	108	232	106	72	215	113	1	48	144	124	88	106	217	176	121	60	237	221	1	116	72	59	66	48	
237	80	13	103	4	79	71	184	117	234	231	76	243	113	25	113	88	196	120	110	233	182	249	8	229	187	197	20	105	187	82	56	
35	181	97	75	213	159	238	127	92	73	120	70	176	24	188	164	216	42	18	109	215	184	117	253	46	92	134	64	95	14	217	156	
126	77	118	236	187	34	94	231	169	128	234	139	79	187	37	83	238	247	249	226	120	171	64	236	243	248	206	27	39	247	163	2	
248	45	22	252	11	169	86	106	169	128	168	10	111	235	33	211	232	243	233	226	8	107	146	253	179	240	67	59	115	115	107	10	
236	32	196	33	41	121	112	24	33	114	167	185	131	5	67	159	8	132	237	36	44	84	193	0	198	209	97	53	106	164	90	210	
220	85	23	230	41	76	21	61	172	184	171	8	255	119	9	115	128	149	125	98	105	67	251	28	249	160	103	80	0	50	7	59	
160	249	48	90	253	141	188	207	251	27	116	24	174	217	100	16	143	43	70	8	226	122	202	243	63	28	22	106	82	88	195	139	
36	36	122	254	124	143	90	120	249	168	189	8	202	219	157	20	158	169	70	106	200	163	74	220	215	222	1	62	82	171	66	129	
88	112	157	245	40	72	21	12	166	189	130	33	183	151	65	90	130	117	109	66	74	65	243	0	193	225	126	24	32	114	5	107	
208	73	95	236	10	66	55	100	180	134	226	163	125	215	33	115	54	245	237	226	96	135	162	108	241	227	110	139	32	48	39	107	
36	13	2	158	84	131	170	99	22	0	89	2	96	232	49	64	120	42	19	129	34	186	8	255	32	38	139	0	21	42	48	128	
156	72	22	242	3	204	120	64	173	134	231	25	47	223	33	219	162	185	205	130	8	135	18	224	211	241	66	11	98	37	47	130	
248	232	30	252	73	196	80	102	161	13	228	9	47	155	34	81	200	187	205	192	72	139	18	45	243	241	18	27	98	16	46	10	
16	133	11	171	20	163	107	119	4	1	218	66	115	99	40	64	120	46	31	234	24	153	9	63	232	165	170	192	52	202	176	40	
21	75	139	191	148	131	238	88	22	130	83	70	113	195	185	72	120	104	54	250	107	178	13	223	148	166	175	136	61	251	48	160	
88	177	56	232	186	237	81	75	6	53	173	57	135	151	106	80	194	155	141	17	26	11	82	21	211	197	56	125	176	8	140	67	
120	241	115	100	80	78	71	117	33	192	184	8	55	55	1	52	56	252	85	106	73	163	176	12	241	172	36	56	99	178	102	58	
40	105	59	126	13	205	71	98	226	72	164	8	179	213	17	48	136	234	80	74	74	107	250	61	227	217	21	57	82	27	70	234	
210	75	78	188	42	2	63	236	180	134	214	167	109	231	163	67	118	245	173	231	104	199	135	237	240	227	238	129	53	180	37	89	
140	111	19	104	210	173	167	202	120	0	104	72	159	210	65	144	186	25	66	114	99	55	144	114	245	132	3	44	81	81	35	160	
136	169	185	113	181	205	117	39	107	189	46	24	190	23	64	50	163	58	85	24	83	248	176	113	239	221	54	98	194	0	199	235	
25	185	27	105	147	205	119	117	100	64	104	64	190	147	32	48	62	59	18	88	83	184	48	125	233	201	2	98	121	2	227	187	
145	217	63	108	23	207	103	52	237	64	98	64	182	17	32	113	160	48	90	106	99	173	49	61	225	233	0	0	122	26	65	42	
64	232	134	55	105	8	40	148	162	153	110	32	245	227	200	126	128	124	100	216	18	218	202	33	141	244	122	200	194	163	35	168	
215	148	223	82	162	100	61	205	184	83	111	16	92	247	76	123	183	87	121	158	115	69	187	99	251	171	118	206	160	83	163	99	
109	165	61	97	189	111	65	11	64	249	172	24	146	17	64	56	217	148	124	56	25	242	241	4	239	217	37	116	192	40	214	34	
197	249	191	114	163	237	183	135	232	91	47	24	190	221	68	58	163	115	124	90	147	109	186	99	75	155	117	106	192	83	195	43	
5	168	189	115	161	173	233	134	254	59	55	24	190	57	88	58	129	103	124	24	17	120	184	48	205	155	117	112	192	65	195	32	
8	182	208	81	242	219	177	31	127	57	119	248	206	57	140	188	55	31	230	16	178	252	101	215	14	255	50	199	230	136	143	163	
0	197	6	158	212	131	166	237	20	1	219	18	96	234	40	64	120	106	34	226	114	187	10	255	48	38	158	0	21	26	176	136	
110	253	240	254	252	16	254	188	123	216	124	163	237	255	157	112	255	223	183	239	226	114	239	255	62	255	207	238	119	182	243	213	
116	181	209	99	244	107	67	9	123	241	63	56	86	81	200	62	147	28	124	58	17	240	249	18	221	140	33	118	226	107	198	35	
36	77	66	158	84	131	166	104	22	128	121	2	96	200	49	64	120	104	2	67	66	178	10	255	48	38	131	8	85	59	112	128	
90	177	184	176	153	108	20	15	171	255	138	25	142	191	74	90	129	23	253	17	26	73	211	128	219	245	94	127	130	68	135	82	
116	0	251	126	102	106	115	0	248	139	103	56	87	245	160	122	50	188	108	42	17	181	160	2	209	239	96	3	224	235	103	35	
6	73	2	158	84	131	174	96	150	128	91	2	96	202	49	64	120	104	19	195	98	186	10	255	48	38	139	136	21	59	112	128	
36	41	123	222	124	141	235	240	235	168	241	72	254	201	149	16	254	233	70	106	136	35	74	253	22	156	33	56	85	187	66	161	
220	120	159	244	42	72	81	20	182	181	134	57	247	151	65	90	38	245	109	80	10	65	163	0	209	229	118	24	160	177	5	123	
214	96	212	183	236	40	124	136	191	51	179	26	207	10	92	91	111	197	127	131	120	103	203	192	150	250	219	252	132	249	163	1	
194	168	148	147	236	169	56	135	175	59	179	16	140	218	88	91	167	43	127	17	50	109	203	241	140	18	95	242	148	72	129	129	
198	52	180	179	172	169	184	194	191	187	147	48	174	250	77	11	175	91	127	17	178	109	203	224	140	216	94	250	196	193	3	129	
214	106	18	186	9	224	16	64	189	30	193	49	174	218	33	223	224	185	239	131	46	79	130	225	145	240	218	11	16	5	47	6	
66	160	148	155	236	173	248	135	191	27	120	16	172	234	76	72	199	43	127	17	18	28	202	209	140	62	94	238	144	72	129	137	
124	85	118	231	114	2	126	248	97	160	255	162	95	127	41	81	126	213	236	226	232	179	9	236	242	239	103	132	103	179	98	129	
242	45	22	188	137	161	70	231	171	130	168	11	38	234	37	211	232	227	104	226	124	107	130	253	177	240	202	59	49	113	235	14	
56	177	24	168	155	233	80	79	134	53	141	57	143	159	42	88	135	155	207	16	26	11	80	21	219	197	56	127	176	8	143	3	
41	151	83	69	116	30	234	49	113	8	127	68	83	57	148	180	28	108	20	44	249	176	117	15	38	255	32	192	111	162	90	165	
232	188	188	121	185	233	81	15	146	31	36	57	166	145	66	27	193	26	232	16	58	110	194	53	207	211	84	123	208	8	198	42	
2	141	2	158	148	131	174	227	22	0	90	2	96	226	33	64	89	106	19	130	98	152	10	255	32	38	142	128	20	106	176	136	
88	174	154	180	240	232	81	151	50	183	78	25	183	183	66	88	147	255	237	16	58	90	131	35	219	167	61	105	160	64	142	11	
10	251	62	254	59	209	20	231	175	29	172	41	44	223	98	17	167	51	205	193	66	75	10	245	251	209	26	187	18	0	175	139	
160	44	27	56	212	47	228	239	120	130	120	88	151	161	33	25	41	154	66	33	33	254	16	30	189	134	84	44	217	120	227	168	
50	77	98	204	84	146	238	125	253	128	252	2	104	235	53	112	122	237	23	234	200	179	36	239	54	44	142	136	55	178	114	140	
229	84	173	103	5	79	71	184	80	234	231	72	211	49	25	51	216	196	120	106	233	246	249	8	231	251	65	20	72	123	82	32	
0	205	10	158	20	131	175	230	22	0	88	2	48	234	49	64	88	106	2	195	98	186	10	191	96	38	174	8	20	27	48	136	
145	217	95	104	18	207	71	117	229	64	226	0	63	23	32	113	34	176	94	106	75	173	51	125	241	169	0	66	120	2	227	59	
245	89	29	109	53	79	71	56	108	224	103	72	210	17	17	113	208	68	120	106	105	180	121	12	229	235	69	20	120	59	66	32	
208	178	92	103	32	11	102	57	32	170	51	252	247	99	200	51	54	196	108	106	249	220	201	29	228	131	97	240	104	162	131	57	
213	164	157	122	130	100	127	173	122	27	41	16	92	115	72	59	51	67	124	186	51	69	187	99	249	174	119	76	160	115	163	35	
248	225	18	232	49	141	90	253	59	41	180	8	143	219	72	16	191	137	76	88	74	43	136	215	251	221	33	126	66	130	195	3	
240	69	66	140	92	2	238	109	141	0	250	2	72	202	36	80	120	172	14	226	72	147	1	221	180	40	138	12	21	58	240	136	
130	180	180	250	237	173	184	199	175	59	177	56	140	222	108	11	135	59	255	17	178	109	202	209	143	26	95	254	144	76	129	147	
232	225	125	97	188	75	69	39	64	189	174	24	146	21	64	48	201	20	108	56	88	250	225	4	239	217	53	119	224	8	214	42	
16	111	123	237	50	194	59	118	52	140	254	163	63	135	161	80	118	255	207	224	72	155	33	108	241	229	46	129	33	179	39	107	
18	111	42	172	18	130	63	118	52	12	222	167	165	167	35	80	126	251	143	197	74	155	0	111	240	229	170	137	52	210	37	91	
43	169	23	89	221	221	160	231	223	81	112	82	168	220	244	164	201	42	162	24	151	120	118	245	47	30	22	106	219	12	209	172	
211	78	14	189	12	6	78	180	148	198	198	199	225	42	51	67	124	229	189	239	236	213	85	175	240	99	234	144	45	183	56	88	
163	135	44	175	156	151	206	61	214	69	220	199	225	72	58	65	220	2	59	237	254	42	95	157	236	25	175	252	28	142	216	220	
220	113	21	230	41	78	71	56	165	184	131	72	222	119	9	247	16	213	125	106	105	67	251	140	241	240	71	28	34	51	7	51	
204	148	208	249	169	44	124	187	59	27	53	56	223	187	64	90	135	151	125	16	48	108	139	211	207	255	117	238	194	224	195	131	
20	201	15	175	148	11	71	176	36	160	223	2	243	99	41	64	120	236	12	234	88	176	73	44	232	229	175	0	52	171	48	32	
6	73	2	158	84	130	174	98	148	128	91	2	104	202	49	64	120	105	51	195	98	154	10	255	48	38	138	136	21	59	33	128	
212	65	28	183	44	14	77	188	180	186	151	16	215	67	9	91	98	197	125	234	104	197	73	12	224	227	231	148	36	177	1	41	
20	77	6	158	28	131	174	232	134	160	219	2	96	226	33	64	120	96	106	226	96	163	11	255	184	38	135	20	20	59	48	128	
86	77	70	174	30	3	78	232	149	160	219	2	79	234	57	64	126	229	127	227	104	131	9	254	176	230	143	156	53	59	48	0	
50	205	98	236	92	131	238	109	85	0	250	2	104	203	52	64	122	233	31	227	200	187	10	223	178	172	143	136	55	186	240	136	
66	249	144	178	185	216	16	134	171	21	136	25	174	190	66	90	129	83	233	17	86	73	218	241	185	85	30	123	128	20	143	78	
206	240	244	243	108	40	248	152	171	59	177	184	207	255	93	91	239	215	255	147	130	71	202	225	150	251	223	190	134	245	195	145	
66	251	148	154	155	209	146	134	143	21	136	25	172	254	70	198	129	115	233	81	86	75	218	241	187	80	31	123	144	4	143	94	
86	78	206	165	2	34	63	16	52	134	214	231	229	39	131	91	118	245	237	231	136	215	197	104	208	227	235	129	37	243	45	81	
37	180	208	75	221	189	226	203	91	97	109	76	154	216	220	188	153	10	82	29	151	58	252	146	15	29	17	126	219	79	218	132	
2	12	2	158	20	130	42	99	22	2	90	2	104	226	33	64	120	106	51	128	50	158	2	255	32	38	138	136	20	10	48	136	
109	48	209	80	73	253	96	74	123	243	41	88	26	151	205	190	1	30	234	24	3	118	250	66	31	190	85	126	202	209	66	180	
229	80	13	109	36	14	79	184	100	234	231	68	211	113	25	115	216	196	60	110	233	180	249	12	229	251	229	4	72	187	112	48	
208	193	15	173	132	2	79	53	36	0	210	2	247	35	32	67	114	228	61	234	120	153	1	13	240	227	226	144	52	170	176	40	
0	12	2	158	20	135	170	99	22	10	88	2	96	232	48	64	248	42	19	129	50	186	8	255	33	54	139	0	20	10	48	136	
78	171	132	30	185	145	146	168	143	149	137	165	236	234	110	134	129	107	234	83	6	75	138	241	8	18	95	127	154	46	29	158	
32	12	2	158	85	167	162	99	22	8	88	2	96	248	48	64	216	42	2	129	50	186	26	255	33	54	131	8	81	10	112	130	
141	78	19	175	50	10	111	180	52	2	82	230	213	115	145	224	54	124	22	110	225	148	13	46	228	167	43	132	44	243	33	161	
178	69	98	236	68	3	238	108	125	130	250	10	79	202	53	80	122	237	95	227	200	179	1	206	178	232	138	136	101	186	98	136	
97	245	57	75	253	73	69	173	66	121	189	24	210	49	216	52	217	2	84	56	91	48	249	21	109	156	52	116	80	10	210	170	
88	188	154	184	171	184	16	135	62	23	202	57	175	239	66	88	167	183	237	17	30	73	147	51	219	231	126	123	160	64	173	11	
132	8	2	159	84	131	170	64	22	128	83	2	104	202	33	64	120	41	51	128	32	179	2	222	20	38	139	8	21	42	49	128	
212	253	223	114	138	233	55	200	170	19	45	56	126	243	73	58	39	83	121	82	114	67	186	99	249	203	69	111	224	115	163	35	
104	251	124	113	164	201	117	182	107	61	38	56	183	17	64	17	129	54	236	16	74	120	225	49	207	209	116	115	96	152	198	43	
95	58	206	165	128	38	122	16	48	166	207	197	213	99	19	90	116	229	125	254	140	208	221	74	210	231	235	128	168	231	42	16	
37	54	168	51	124	189	210	218	94	239	57	93	146	200	95	40	153	10	70	29	158	54	220	18	206	29	17	124	217	79	91	198	
68	176	216	241	252	172	120	159	187	187	52	56	159	187	192	94	183	159	127	24	18	109	195	210	206	255	117	246	226	192	195	129	
216	76	95	253	40	10	77	180	180	26	214	144	247	39	145	91	102	244	125	234	104	197	227	11	192	235	242	144	36	177	32	41	
208	72	92	253	44	10	77	52	180	18	150	16	247	3	129	91	98	228	125	234	104	197	65	13	240	235	226	144	36	176	32	41	
48	205	66	156	92	131	230	111	149	0	248	2	104	232	52	80	120	232	6	227	72	187	2	255	48	44	143	8	53	58	240	136	
145	209	95	106	138	207	87	253	229	64	224	64	119	87	40	113	98	146	94	234	89	41	48	125	241	137	38	82	120	146	160	59	
253	116	253	103	38	106	67	8	120	234	247	56	215	53	137	59	26	84	124	106	41	244	233	8	199	235	97	21	96	251	70	99	
220	92	95	101	34	75	119	48	124	170	119	104	87	53	129	115	50	244	108	98	97	180	45	12	241	235	97	5	101	179	71	33	
184	240	112	232	113	143	90	252	123	40	244	8	159	155	0	17	222	153	85	106	234	190	72	223	243	221	33	254	82	138	67	139	
10	191	22	186	43	149	28	231	139	29	136	173	172	207	98	145	135	59	205	193	70	75	202	245	170	209	222	187	26	4	175	27	
216	79	127	229	18	130	111	112	52	140	246	161	127	7	161	81	54	245	237	226	104	155	33	110	241	227	34	129	97	179	39	105	
48	205	66	140	92	130	238	231	165	0	250	2	8	138	36	81	104	237	46	226	104	187	64	238	180	44	142	8	21	24	240	136	
92	69	86	236	18	2	126	248	37	160	251	130	79	111	57	81	126	213	125	226	104	147	137	140	242	239	231	132	103	179	98	1	
6	73	2	158	84	130	174	98	150	128	90	2	40	202	49	64	120	107	19	195	96	154	2	255	32	38	138	128	21	25	48	136	
34	77	98	204	92	130	238	101	245	128	248	2	104	234	53	64	120	232	23	227	200	163	6	239	50	44	143	136	85	58	242	136	
35	185	55	89	253	253	160	199	206	113	120	80	168	152	244	164	137	58	226	17	151	56	118	247	15	94	22	107	219	12	219	172	
36	77	98	158	84	131	170	96	86	128	89	2	96	200	49	64	120	104	2	195	194	178	8	255	48	36	139	8	85	59	48	128	
118	77	6	142	28	3	78	224	149	160	218	2	75	234	49	64	122	229	127	227	104	147	9	238	176	230	143	148	53	63	49	0	
18	38	146	152	219	224	168	67	174	23	139	17	12	130	96	220	225	11	106	145	18	11	130	80	152	36	154	75	128	64	175	130	
198	160	148	147	172	41	248	138	175	51	177	24	142	234	76	11	175	131	127	17	50	101	203	225	140	154	95	254	196	73	195	129	
4	77	2	158	84	131	170	98	22	0	91	2	96	202	49	64	120	106	19	195	98	186	10	255	32	38	138	8	21	27	48	136	
9	110	102	25	84	187	233	71	116	70	74	130	161	8	147	236	122	44	34	157	166	188	101	94	100	47	154	1	229	220	121	204	
121	207	78	78	180	18	111	183	96	0	254	230	243	34	182	115	122	230	44	238	253	152	101	109	226	169	230	128	47	242	248	12	
165	45	123	206	124	171	234	248	239	160	249	74	243	233	181	48	250	234	86	107	137	35	78	253	54	152	33	56	125	251	66	161	
181	66	67	159	76	131	235	104	86	128	209	194	113	195	185	65	120	232	34	238	105	246	79	155	148	162	163	12	117	187	112	160	
66	233	144	178	155	221	144	134	171	53	140	153	172	174	70	134	129	83	233	81	86	75	218	241	187	85	31	123	144	20	143	78	
50	77	70	174	4	2	238	228	45	130	250	2	105	170	53	81	122	197	95	227	104	179	1	236	176	232	206	144	101	123	243	136	
212	64	29	247	44	14	93	56	180	186	135	16	215	87	9	91	102	213	125	106	104	197	91	14	193	235	99	20	32	177	1	33	
0	141	2	158	20	131	170	98	22	0	89	2	96	226	32	64	88	106	2	130	114	184	8	255	32	38	130	0	20	74	48	136	
68	160	148	147	236	169	120	131	191	51	251	24	172	202	72	88	231	139	110	144	18	124	203	241	140	22	95	104	132	64	129	1	
92	28	188	182	40	108	81	18	162	255	143	61	215	183	67	91	135	213	125	2	8	69	219	34	211	231	121	152	160	241	5	115	
98	176	240	218	236	173	248	207	175	25	57	56	172	254	124	80	207	27	127	17	146	43	202	209	158	156	30	254	148	200	129	139	
66	233	176	186	155	221	18	166	143	21	136	9	172	222	66	18	129	123	233	83	70	75	218	245	185	85	31	123	144	7	143	94	
243	88	12	191	12	6	78	188	22	102	198	7	243	106	51	67	220	228	61	239	236	135	83	191	224	107	254	144	60	60	56	90	
165	106	72	191	92	131	231	120	86	160	241	66	243	193	185	65	120	232	34	238	74	182	79	189	164	128	227	40	125	171	112	160	
0	205	10	190	20	131	135	246	22	0	92	2	113	224	33	64	88	106	19	202	98	170	8	63	96	167	174	0	20	27	48	136	
213	80	253	229	36	78	103	176	120	234	119	4	211	49	153	115	240	68	124	110	233	244	249	8	229	235	99	4	104	51	80	48	
216	97	147	230	10	76	69	20	178	140	230	8	183	151	73	90	32	220	125	74	74	69	179	0	209	225	36	56	32	176	38	106	
90	241	176	176	155	220	20	143	171	29	136	25	174	191	74	90	129	95	237	17	94	73	242	241	251	213	30	127	130	68	135	90	
93	85	121	101	54	30	127	184	121	232	127	34	91	125	155	112	54	220	125	110	225	176	237	238	246	237	39	132	103	179	83	113	
93	117	20	102	185	30	70	184	97	168	175	76	223	115	137	246	20	212	220	106	201	3	217	44	179	251	37	20	42	179	10	37	
212	214	93	47	34	106	55	184	60	126	115	244	215	119	137	89	54	85	108	98	161	20	109	31	196	163	97	196	60	179	3	113	
100	233	91	238	124	169	106	252	171	168	248	72	255	203	141	16	250	235	78	202	75	35	202	125	182	152	39	56	72	251	67	169	
201	54	253	103	35	121	85	25	40	206	119	124	255	117	139	191	22	68	236	42	169	228	251	11	198	227	112	152	110	247	14	113	
132	8	2	159	84	131	170	65	22	0	83	2	104	202	33	64	120	40	2	128	34	182	10	223	20	38	139	8	21	42	48	128	
133	106	150	181	2	10	47	132	62	146	66	192	213	195	193	75	99	109	106	250	97	212	207	104	164	162	111	4	172	243	33	168	
0	140	2	158	52	167	170	99	22	8	88	2	224	234	48	64	217	42	2	129	50	186	10	255	33	54	154	8	148	10	48	136	
90	161	152	178	153	124	20	143	171	189	137	25	142	190	78	154	161	151	237	17	30	75	219	128	187	213	95	127	130	68	143	86	
104	168	154	184	218	232	113	215	51	23	76	25	54	183	66	88	7	187	35	16	18	90	130	115	221	151	84	105	176	192	166	75	
212	65	13	231	60	14	79	56	180	184	151	0	215	67	9	83	64	196	125	234	104	197	89	44	225	227	227	148	32	177	48	32	
220	22	255	101	34	106	113	24	248	190	55	112	223	55	137	123	55	85	108	42	160	245	169	74	199	235	99	133	228	241	69	97	
118	77	70	172	20	130	110	228	189	128	218	2	75	234	49	81	122	229	127	227	104	147	9	238	176	230	143	144	37	59	48	0	
124	77	86	229	22	2	94	248	37	160	250	2	75	107	33	80	126	229	125	226	72	179	137	206	178	239	231	132	103	179	98	0	
1	169	56	185	157	221	176	199	206	113	216	11	182	152	114	160	137	43	250	17	151	169	86	183	175	85	30	123	216	8	153	142	
16	139	78	153	146	178	40	131	54	21	66	150	161	130	162	204	99	15	42	152	18	216	7	117	140	34	154	65	189	128	169	132	
240	216	95	126	74	65	71	252	164	90	228	96	115	215	161	121	34	208	124	234	105	7	59	53	241	163	100	24	112	177	166	57	
37	112	168	35	116	47	243	88	78	237	121	13	215	200	91	0	217	8	23	29	142	176	89	16	205	93	53	116	217	75	82	194	
116	32	26	162	26	236	91	16	163	165	143	9	23	215	67	82	34	213	109	16	26	75	152	4	219	165	33	121	160	131	14	2	
102	160	208	211	236	41	248	139	175	179	185	24	142	234	92	26	223	139	127	144	18	98	203	208	142	158	215	252	196	203	195	129	
220	94	126	103	2	14	127	48	176	166	231	157	91	103	3	83	54	245	109	234	104	213	153	110	215	227	97	0	97	243	39	112	
38	77	98	158	84	131	170	96	86	128	89	2	96	200	49	64	120	104	2	195	226	178	10	255	48	38	139	136	85	43	48	128	
248	95	78	189	0	134	127	52	180	132	198	133	115	71	3	81	100	228	109	238	104	159	209	46	243	235	234	128	40	177	34	122	
221	88	211	214	70	68	71	144	225	194	226	70	121	210	213	127	114	228	52	234	233	231	190	234	49	234	103	8	43	243	99	41	
34	180	240	250	252	189	248	91	75	57	185	56	142	255	220	16	159	155	87	17	146	42	234	211	30	220	31	254	214	206	195	131	
242	57	15	154	77	197	133	77	158	87	129	31	36	212	38	76	200	59	251	129	95	75	154	245	145	18	219	59	25	14	181	94	
84	34	251	96	194	98	51	88	224	150	239	48	91	247	105	122	119	221	36	250	24	227	168	64	219	229	35	76	225	227	102	35	
56	240	112	233	53	143	90	120	127	40	244	8	143	27	0	20	222	185	85	106	200	182	72	221	211	219	33	150	114	155	66	139	
74	187	20	186	41	149	24	167	139	25	168	237	172	238	96	145	199	51	221	128	86	75	218	245	130	209	218	187	26	68	11	31	
225	208	12	175	12	7	77	61	22	102	198	13	247	65	58	65	208	196	57	111	232	14	219	159	225	235	220	24	24	62	208	90	
90	249	184	178	155	221	20	175	171	125	136	25	174	159	74	18	129	219	237	81	94	75	250	181	251	213	29	127	130	22	143	90	
95	45	138	165	144	38	107	16	32	196	207	133	213	99	83	90	116	228	121	254	8	210	209	104	220	237	139	128	168	227	58	18	
37	38	168	35	52	45	195	88	94	239	57	77	215	200	91	8	153	8	71	31	142	180	92	18	204	93	53	116	208	95	82	194	
101	99	124	38	108	31	87	184	233	188	189	77	67	104	223	19	156	196	102	110	204	99	239	44	118	217	101	61	65	187	74	199	
6	13	2	158	20	163	170	226	20	1	90	2	96	234	48	64	88	106	19	195	50	186	10	255	40	38	139	192	149	75	48	136	
38	77	2	158	84	131	170	96	22	0	91	2	32	202	49	64	120	106	19	195	66	186	10	255	32	38	138	136	21	27	48	136	
216	76	222	189	44	46	93	146	176	154	150	16	247	35	1	91	102	245	125	106	40	197	195	40	208	235	242	144	36	241	1	9	
90	249	184	178	153	205	20	239	171	61	136	25	174	159	74	18	129	219	253	17	94	75	218	177	251	213	30	127	130	20	135	90	
96	164	217	99	244	169	121	23	43	169	123	8	151	171	76	80	191	175	110	24	26	56	200	66	254	190	55	236	228	194	195	129	
72	243	88	97	240	15	125	189	43	53	38	157	223	3	202	16	55	157	205	44	210	112	153	85	238	193	37	100	104	146	139	49	
214	96	244	247	44	40	248	152	171	179	177	154	207	239	93	91	231	213	127	51	160	101	202	192	158	218	207	190	134	241	67	1	
125	71	88	71	180	30	87	184	97	172	191	8	67	99	143	48	20	196	76	110	236	163	237	46	242	255	37	148	98	243	74	5	
0	140	2	159	53	167	170	227	30	9	88	2	228	234	48	64	217	42	2	129	50	190	74	191	37	54	154	72	144	8	48	137	
124	48	184	180	168	108	85	26	179	255	135	25	215	247	67	90	133	215	109	16	28	67	250	0	219	167	117	61	160	113	6	83	
120	251	88	113	162	137	53	183	42	53	46	57	39	3	66	16	39	146	237	16	74	248	193	49	223	193	116	113	96	216	207	27	
92	48	184	178	168	108	81	27	162	255	143	25	223	247	75	90	133	215	253	17	26	67	219	0	219	231	121	125	160	97	7	115	
220	80	157	244	12	78	85	24	164	186	167	24	215	83	9	91	161	212	125	42	104	69	211	10	211	235	113	20	32	241	0	34	
1	187	163	153	246	165	169	87	94	217	80	118	148	152	240	168	237	43	23	157	147	216	130	241	12	8	191	224	156	8	177	185	
214	205	118	191	254	139	254	236	255	162	250	26	239	234	84	65	255	239	127	227	248	239	203	255	188	254	207	188	101	123	225	129	
181	111	91	78	124	169	234	232	237	128	248	74	123	233	189	49	122	232	70	107	168	35	76	255	180	152	165	56	93	251	66	168	
106	164	241	88	203	249	33	71	187	23	108	24	44	183	68	222	161	26	227	24	18	78	162	211	31	22	84	106	130	68	135	238	
165	73	69	159	204	139	231	232	86	162	241	138	241	192	185	1	120	232	98	235	96	182	78	189	52	136	199	44	125	187	80	160	
189	72	71	159	76	131	99	88	86	34	193	194	241	194	57	237	120	232	34	234	107	246	95	157	52	163	195	4	53	187	120	160	
84	91	221	165	162	11	63	184	28	236	51	231	221	103	131	91	54	85	174	98	193	208	13	136	252	135	111	148	172	251	133	113	
95	118	248	103	99	122	127	25	41	207	127	253	207	125	142	190	54	212	245	38	149	212	239	194	70	255	97	135	239	247	143	117	
95	115	224	77	227	122	127	216	49	230	127	175	73	111	159	188	63	221	183	238	213	144	173	200	118	127	165	133	239	247	174	245	
56	96	112	105	36	31	90	120	121	40	252	8	207	27	17	16	222	185	85	106	200	182	105	221	243	217	33	146	66	187	66	1	
221	88	120	101	54	26	127	248	101	224	118	162	91	29	147	112	62	212	95	238	201	180	109	140	246	233	37	132	103	187	82	113	
150	236	118	191	254	171	254	238	127	162	250	26	239	234	60	65	255	239	127	227	232	247	203	255	188	254	207	148	101	123	97	137	
0	165	219	225	240	170	235	183	62	161	122	64	215	227	72	80	54	79	38	24	19	184	200	31	236	173	39	228	192	194	131	169	
220	80	159	244	12	108	85	24	161	186	166	24	215	179	65	91	161	212	125	10	73	69	243	2	209	239	113	28	32	113	4	35	
92	22	254	245	34	38	121	18	168	190	182	180	221	39	73	91	167	117	109	168	32	213	145	72	211	235	115	132	160	224	37	51	
92	53	184	242	185	108	81	27	163	253	175	25	159	247	74	90	135	223	253	16	26	67	250	0	219	229	53	125	160	99	134	115	
10	169	51	88	189	217	176	199	222	21	248	50	172	158	228	160	235	59	130	17	23	43	34	245	63	213	30	107	209	8	167	236	
124	181	184	224	249	236	81	159	163	253	173	25	31	247	74	26	149	223	221	16	26	75	250	0	251	197	53	125	160	66	134	115	
2	164	177	89	219	249	176	71	174	21	104	16	168	182	100	156	171	59	226	16	18	75	162	211	15	220	30	107	211	68	199	238	
17	189	58	185	157	253	144	231	222	113	154	16	182	156	98	32	137	59	202	17	23	169	115	53	235	213	30	123	208	8	141	14	
252	76	14	180	0	14	111	48	176	194	230	21	115	227	3	91	96	228	125	238	104	197	145	46	211	235	234	129	40	241	42	82	
92	49	186	52	232	108	85	25	179	255	135	61	23	183	67	26	129	223	109	16	26	67	250	0	219	165	117	61	160	240	134	83	
2	204	2	158	148	163	170	230	22	1	90	2	96	226	33	64	89	106	2	146	50	152	10	255	40	38	138	192	148	91	48	136	
116	237	89	206	124	11	207	236	127	32	249	10	115	107	157	16	122	232	70	106	106	35	76	255	52	156	7	60	117	186	98	136	
93	107	231	36	162	10	110	49	233	228	58	237	239	104	209	146	54	228	108	111	196	241	132	40	176	232	101	176	101	246	67	77	
89	142	71	77	48	178	106	190	116	9	122	228	233	98	144	240	55	231	108	172	173	137	37	127	160	239	50	128	36	130	35	12	
131	184	3	185	6	133	169	87	30	121	80	86	181	212	112	169	93	59	23	149	147	220	18	151	141	4	186	224	28	12	49	185	
217	120	215	244	79	20	70	52	241	194	224	70	121	114	149	247	98	228	60	234	233	231	182	232	49	234	231	8	47	176	98	61	
145	188	59	243	22	135	171	151	86	9	94	118	181	93	176	228	87	58	23	153	187	188	49	191	237	143	190	192	188	8	177	185	
89	157	23	201	150	135	74	183	68	41	222	70	243	49	160	224	87	182	28	184	249	169	25	191	170	174	166	212	58	138	184	41	
10	178	120	249	186	45	89	159	27	63	52	157	189	15	74	16	7	27	197	144	18	76	219	119	207	215	188	253	176	128	143	59	
253	88	211	92	74	96	67	216	240	202	244	98	115	215	225	123	122	252	52	250	41	231	242	106	81	168	103	8	235	241	98	185	
54	173	114	206	214	131	238	252	127	128	251	2	104	235	61	80	122	239	23	227	218	178	8	255	62	60	135	136	247	250	242	128	
124	90	249	126	10	96	67	216	160	14	228	32	115	215	41	122	116	248	108	234	9	7	250	40	209	161	97	24	240	243	38	113	
248	171	90	115	34	137	117	151	34	29	38	61	47	3	66	16	167	147	237	64	66	120	131	49	255	193	52	113	96	128	207	91	
105	208	12	175	13	15	69	61	22	38	134	13	247	113	26	82	208	196	121	110	72	6	219	31	229	255	197	56	24	58	208	122	
220	28	158	182	168	44	89	18	184	154	183	48	223	183	65	91	199	247	125	90	40	69	131	34	211	251	114	152	128	241	33	3	
100	99	237	39	236	75	231	248	98	252	185	137	211	109	217	26	152	204	101	111	72	114	207	32	244	153	101	188	69	187	86	241	
117	45	138	165	21	38	75	18	33	196	206	5	243	35	19	90	216	228	121	254	8	210	209	42	195	237	136	16	136	115	114	82	
246	193	3	168	77	65	198	232	207	84	161	11	66	200	126	199	248	193	106	227	94	39	78	209	185	0	207	127	113	47	252	198	
38	165	242	239	246	43	254	253	95	160	251	10	73	235	61	80	126	239	23	227	152	178	77	254	62	124	135	132	247	254	240	129	
161	181	127	73	116	143	251	220	126	121	112	106	177	221	188	32	190	27	23	92	179	184	44	127	110	136	34	228	85	137	211	233	
54	45	114	239	246	43	254	235	127	160	251	10	207	234	61	64	255	239	127	163	136	178	77	254	190	254	143	132	245	251	243	129	
22	140	114	239	254	43	254	250	127	162	250	130	207	239	20	64	255	255	127	163	216	179	77	254	190	254	143	150	231	255	225	129	
18	172	118	255	126	171	254	234	127	162	242	26	207	234	60	64	255	255	127	163	160	247	203	255	190	254	223	144	101	248	97	129	
150	172	118	255	254	139	250	250	127	178	242	26	239	235	124	65	255	255	127	129	160	255	207	255	190	250	207	218	231	173	113	129	
6	12	2	154	148	163	170	226	22	3	88	2	96	234	49	64	121	106	19	145	34	186	8	255	40	38	142	128	149	91	48	136	
135	242	226	146	230	177	188	205	63	87	81	183	12	204	254	8	255	219	183	149	150	247	174	242	30	30	159	239	239	220	191	223	
7	36	226	147	214	178	186	207	95	71	91	151	72	236	254	40	127	239	179	149	182	246	172	226	62	46	158	196	141	223	243	213	
203	218	61	95	40	222	189	188	188	94	86	244	252	94	134	247	135	117	255	102	231	76	187	253	111	123	127	194	10	148	141	125	
95	66	210	135	50	18	62	248	57	168	91	230	77	98	169	214	54	69	60	238	196	145	141	238	176	174	47	134	38	179	41	5	
92	60	158	246	168	44	91	154	186	155	191	56	223	247	65	90	167	247	253	82	24	65	155	34	219	255	119	216	128	243	163	19	
105	44	136	109	89	46	75	16	33	132	238	13	242	115	1	90	216	236	121	44	9	210	241	10	197	253	128	16	10	115	82	122	
236	131	5	227	156	15	79	185	23	60	135	72	211	71	88	117	212	4	109	110	249	16	249	29	237	218	225	116	18	138	212	96	
248	179	120	115	226	73	113	247	35	53	166	185	63	7	66	16	47	154	197	0	74	127	177	49	255	193	52	113	97	128	198	122	
171	254	226	30	119	154	250	244	249	196	116	231	41	204	183	213	126	233	151	213	230	254	36	238	62	127	20	163	111	156	126	221	
203	19	99	197	98	26	109	113	41	228	127	231	25	7	150	244	54	172	183	172	213	156	165	206	86	121	163	128	47	166	104	245	
140	167	249	97	226	43	125	157	51	63	61	56	217	7	200	24	63	159	69	184	26	80	233	83	207	141	183	116	177	194	135	243	
252	46	251	224	194	98	107	82	112	166	182	2	17	39	193	59	111	252	36	250	56	247	161	42	91	139	231	4	163	241	102	240	
208	159	87	236	44	195	205	55	133	8	210	226	51	21	160	65	108	182	63	232	121	169	33	157	241	162	224	208	119	136	244	121	
224	40	149	51	232	233	65	150	59	251	33	56	182	55	65	63	129	118	125	24	51	92	203	50	141	146	85	58	130	213	86	43	
114	72	231	84	2	66	109	20	161	194	194	192	49	55	149	127	102	244	125	202	201	215	165	40	177	234	254	128	39	240	118	56	
216	158	228	101	34	10	176	54	60	51	218	240	247	58	128	67	98	247	236	129	168	220	193	11	196	227	250	145	101	64	5	43	
198	82	119	68	98	66	187	88	173	206	51	231	92	63	165	63	182	117	95	227	161	165	33	204	85	26	107	134	197	177	39	119	
11	17	119	207	117	254	249	16	77	77	95	118	153	61	182	236	110	62	151	205	145	184	113	229	71	249	186	194	150	143	245	247	
108	57	249	100	234	76	81	16	35	253	37	41	23	183	67	26	6	252	117	88	90	90	250	0	219	161	37	109	162	163	6	115	
93	12	143	188	41	102	120	2	161	194	198	1	63	247	35	219	225	229	253	164	44	197	147	8	211	227	250	17	34	113	122	66	
152	137	63	249	155	217	148	231	222	21	226	16	191	156	32	225	129	51	206	17	126	41	35	21	235	193	62	91	80	8	141	74	
108	240	249	96	240	236	83	223	35	253	45	8	31	247	73	24	23	220	85	24	26	90	248	2	255	141	53	125	162	130	134	243	
147	205	3	152	18	131	171	230	188	64	74	230	36	134	164	69	102	43	18	197	103	153	4	255	184	38	142	202	20	0	49	60	
124	181	248	96	241	236	83	223	35	181	45	24	31	247	72	48	147	158	213	24	26	90	248	0	251	221	5	125	162	194	134	226	
138	94	22	189	87	147	184	103	156	6	82	183	44	143	35	193	238	59	139	128	100	157	2	223	102	99	154	131	19	12	45	154	
92	84	155	116	41	108	85	18	163	170	167	24	95	183	65	122	133	244	236	10	9	71	243	2	211	239	113	28	162	241	70	51	
