菁纯柔润唇膏（丝绒雾面版）套装	#186（丝绒）崇拜	http://www.lancome.com.cn/on/demandware.static/-/Sites-lancome-master-catalog/default/dw880915a6/images/LAN_PRO_IMG/Product Set/LAN00284/L9605400U.png	http://www.lancome.com.cn/dw/image/v2/AARM_PRD/on/demandware.static/-/Sites-lancome-master-catalog/default/dwc61557e5/images/LAN_PRO_IMG/PRO/186-1.jpg?sw=490&sh=490&sm=fit
86	129	172	190	14	0	187	41	254	213	211	19	245	250	90	106	248	199	57	211	158	65	207	225	217	99	238	201	132	2	189	66	
3	43	194	169	176	164	170	214	46	193	88	199	173	142	209	64	238	255	23	213	159	154	134	224	172	164	170	136	141	147	35	216	
124	77	246	237	157	210	118	242	213	140	222	3	73	251	35	194	248	244	175	226	108	179	3	238	243	239	231	131	55	63	252	3	
221	124	191	119	176	110	75	158	114	251	166	88	255	119	193	123	55	246	124	124	169	213	185	42	249	239	101	20	162	241	129	56	
178	197	20	206	29	85	86	236	139	22	172	10	106	251	45	151	216	210	202	98	110	35	122	255	179	248	192	59	83	63	110	14	
161	173	251	85	246	239	189	71	88	73	120	18	52	189	52	32	186	58	19	13	227	186	48	75	119	12	36	130	69	232	227	171	
181	76	111	77	28	35	207	120	116	130	255	66	115	97	181	116	120	196	102	234	169	183	109	46	114	174	161	16	119	251	114	160	
90	93	214	239	29	70	126	244	181	140	218	35	105	251	49	66	248	245	191	227	76	147	153	238	179	247	206	131	39	62	125	10	
11	182	221	253	238	38	120	158	31	251	86	118	253	243	201	239	247	79	63	156	163	212	203	226	206	255	255	132	158	248	41	41	
95	13	231	229	145	18	111	51	164	196	207	199	249	102	147	231	116	230	253	190	189	217	125	142	234	239	239	128	167	230	240	116	
75	58	184	188	237	244	152	203	139	95	148	29	172	190	119	250	197	243	255	21	150	75	226	225	219	115	90	187	154	77	47	95	
38	77	130	158	212	131	174	193	22	130	89	2	96	202	33	64	120	104	2	194	96	183	10	254	48	38	143	136	149	123	240	128	
0	148	148	159	180	34	61	175	30	3	74	118	252	114	40	65	211	95	50	129	51	220	83	255	172	54	222	2	156	88	177	9	
238	186	186	186	233	244	185	67	171	221	181	61	172	222	102	26	207	163	255	149	150	75	162	224	223	81	158	251	130	68	175	215	
61	143	194	235	148	191	234	248	71	173	223	198	99	233	191	196	120	234	30	252	159	177	109	191	190	205	175	244	191	203	88	132	
18	178	110	161	58	131	153	112	140	205	158	167	173	15	146	2	238	161	221	181	142	137	69	205	218	65	170	211	44	140	29	91	
153	140	71	191	148	162	111	247	84	195	222	214	113	227	176	228	121	238	62	140	185	153	5	239	248	175	190	128	189	232	184	56	
13	206	7	189	166	6	172	183	84	18	82	214	221	35	176	233	71	69	59	175	241	148	69	220	228	35	239	196	62	185	177	32	
95	109	122	229	50	78	127	240	61	228	254	130	95	63	131	112	62	253	223	238	200	145	61	206	247	253	47	129	39	179	47	113	
85	85	223	228	160	116	109	181	160	210	135	68	215	247	73	123	37	213	61	234	73	211	178	64	211	233	231	12	40	243	162	48	
81	139	3	162	22	32	234	82	100	32	250	70	55	2	208	64	110	143	14	197	139	187	69	101	176	132	170	128	45	10	48	8	
45	100	243	238	246	187	239	216	95	195	125	202	95	200	253	164	127	249	23	159	131	182	172	218	118	77	39	172	255	255	115	165	
19	155	71	185	146	130	61	247	190	65	90	247	253	231	176	72	119	63	55	149	179	216	7	255	140	46	190	192	172	128	161	249	
10	176	55	217	235	221	185	215	143	121	116	126	156	223	108	164	175	27	255	16	147	127	250	209	207	209	31	239	218	12	133	255	
31	93	121	231	242	78	127	248	61	224	127	166	223	127	137	112	54	221	95	238	193	144	61	238	247	237	39	132	45	179	35	241	
3	50	166	173	61	158	184	87	235	73	217	229	172	140	182	162	174	41	223	149	135	169	164	205	14	125	154	195	79	6	123	221	
19	159	6	158	150	179	174	231	148	1	218	231	104	234	48	192	127	235	143	181	191	153	13	255	184	38	142	193	156	78	185	29	
52	134	73	171	222	35	163	59	22	57	121	90	211	105	72	0	91	10	39	56	50	54	75	23	76	134	179	252	245	203	209	160	
153	119	111	37	34	90	63	48	100	76	94	228	221	6	147	113	118	28	221	238	197	144	165	12	228	233	42	128	44	182	35	241	
25	135	126	239	178	3	95	249	4	64	223	226	219	103	186	97	126	183	31	238	216	137	109	189	250	233	170	212	55	163	168	97	
3	185	191	93	118	158	185	99	123	89	116	6	48	188	182	39	172	58	18	13	183	248	180	205	15	56	18	130	205	8	115	255	
3	45	173	133	148	167	174	71	94	163	88	198	177	40	181	33	76	43	19	141	193	248	85	232	37	12	158	32	221	88	209	172	
105	0	253	229	100	42	105	18	117	162	246	64	147	35	145	118	122	140	46	168	169	180	229	74	198	239	226	0	103	240	96	40	
198	160	180	149	44	160	184	138	190	147	18	147	172	238	89	74	167	123	123	149	130	84	139	193	12	18	223	166	132	100	17	209	
49	141	107	254	212	163	239	247	84	1	254	66	113	233	180	96	121	234	23	137	187	187	44	255	120	175	166	192	245	202	240	168	
11	168	234	97	85	214	250	82	23	225	111	135	9	143	118	132	126	172	147	148	156	184	21	206	95	205	139	67	239	142	120	222	
60	249	122	98	117	221	87	248	65	172	253	8	127	89	59	48	184	248	213	106	202	51	56	189	243	205	37	61	99	187	86	43	
203	210	237	211	237	253	189	63	175	127	151	247	220	156	222	107	175	23	255	129	247	109	255	209	79	123	255	223	212	76	213	119	
208	194	30	240	42	201	85	119	182	63	167	185	87	167	66	19	167	149	109	2	104	79	10	17	243	195	117	125	112	112	133	99	
20	253	171	190	218	195	191	205	22	132	88	163	117	255	43	0	255	251	3	211	66	155	10	63	249	135	175	169	181	123	165	211	
2	153	174	184	241	228	184	199	190	93	90	183	172	230	34	72	239	59	179	149	54	216	18	247	205	54	158	203	144	68	165	219	
151	150	202	149	242	42	109	159	63	227	119	247	89	35	155	93	119	206	55	188	177	212	13	70	94	46	255	196	175	245	248	145	
149	68	227	79	150	50	239	112	116	194	243	82	83	96	181	100	126	228	62	174	233	182	109	142	176	238	167	128	239	251	112	100	
35	253	194	12	221	31	230	237	93	234	248	78	106	248	183	180	248	238	182	111	221	186	212	254	54	62	135	42	95	126	250	140	
19	141	235	219	150	162	239	247	94	65	90	210	121	236	180	96	127	171	23	157	179	185	44	255	124	46	190	192	181	200	241	252	
14	184	179	146	233	253	185	71	175	93	181	189	140	223	102	30	175	59	223	149	19	79	186	209	95	81	31	235	194	4	167	243	
78	56	171	184	233	236	185	67	171	221	148	189	172	191	86	30	207	59	255	21	18	75	242	224	95	81	158	235	134	69	167	251	
217	211	118	239	42	18	95	185	165	68	183	230	127	87	170	119	102	213	253	234	233	129	37	237	242	251	98	144	63	182	160	113	
74	58	185	188	237	252	185	142	235	95	148	189	172	174	119	122	199	99	255	21	150	75	242	225	223	115	90	187	150	77	47	223	
124	249	154	238	185	220	86	253	163	140	172	9	63	255	64	82	182	255	237	66	90	11	154	33	251	237	37	127	98	178	238	11	
92	213	95	238	178	70	71	184	164	0	203	0	87	119	41	113	114	212	125	106	105	129	57	45	241	235	39	20	32	179	165	50	
20	221	59	235	150	199	55	252	52	128	202	2	247	247	41	64	114	121	31	242	105	177	56	63	233	167	47	68	48	123	165	179	
54	125	251	254	214	195	191	237	22	196	120	163	113	255	33	0	255	251	19	243	82	179	26	127	121	135	175	137	181	122	165	210	
3	184	174	152	237	245	184	199	222	95	80	23	172	190	118	104	205	43	179	149	150	74	114	241	13	50	222	107	144	76	189	222	
157	12	229	205	134	50	239	122	84	194	211	210	219	44	149	237	126	204	62	174	233	244	101	202	180	234	239	128	175	249	113	165	
177	68	101	205	68	35	239	254	85	34	244	66	83	33	181	101	120	204	22	234	233	182	101	191	118	170	226	132	119	249	112	168	
176	197	105	237	76	11	103	254	87	34	252	10	83	1	176	113	120	140	87	234	233	182	101	31	246	137	161	180	117	184	80	168	
90	155	105	161	42	128	24	49	6	172	146	231	173	15	224	64	230	181	253	197	72	9	131	212	218	193	239	247	60	38	37	91	
29	151	99	235	182	163	235	250	4	65	219	231	219	111	185	96	126	155	31	189	153	145	45	159	232	197	175	196	191	203	53	241	
229	32	141	49	168	38	104	11	54	251	227	80	209	50	88	123	201	143	124	157	59	212	203	0	141	186	251	196	136	65	114	160	
120	13	248	227	244	58	123	18	121	1	127	18	155	11	148	120	106	174	23	152	154	184	225	230	198	253	178	128	229	203	194	161	
60	253	184	107	221	79	215	236	87	255	173	24	82	121	78	24	217	222	67	122	120	115	249	54	123	223	5	127	211	91	214	226	
3	89	163	136	246	196	185	196	206	193	90	103	188	158	119	96	230	107	51	213	135	152	182	224	60	60	142	202	156	31	49	223	
128	105	94	93	10	130	174	98	164	128	226	129	176	195	37	19	110	117	107	198	96	207	131	108	96	170	67	8	65	177	35	136	
125	173	159	84	213	126	103	251	115	155	174	24	115	117	72	54	217	222	108	58	123	235	251	42	123	255	69	77	195	105	246	34	
202	22	188	181	170	106	188	15	190	119	15	177	204	63	8	75	167	87	251	17	176	204	67	226	204	115	94	151	148	244	141	81	
9	25	251	221	215	247	179	214	94	65	78	2	188	188	53	232	114	123	178	81	145	184	54	248	69	47	154	1	151	121	117	172	
85	64	172	171	140	69	158	136	206	116	145	3	211	88	123	106	217	65	125	115	142	37	95	176	249	203	239	253	181	59	149	66	
95	64	143	165	2	102	41	8	52	215	199	135	221	231	187	202	118	196	185	188	9	213	181	136	197	231	218	132	174	247	57	112	
11	9	139	141	180	166	235	146	46	65	94	198	181	167	179	232	88	110	59	221	131	152	245	233	140	47	186	128	140	167	121	248	
252	62	156	122	171	168	80	3	178	159	165	57	15	227	66	27	131	183	237	16	56	111	194	0	219	227	117	121	224	104	142	3	
9	204	58	127	69	253	177	102	92	3	102	18	185	249	36	109	185	58	34	8	97	188	50	191	79	223	86	64	83	88	105	170	
188	255	209	234	211	39	95	248	19	134	253	191	89	231	233	213	127	218	135	254	106	6	8	58	123	207	165	172	179	247	166	241	
180	255	253	95	202	99	167	254	82	186	124	242	113	119	173	175	127	94	6	234	241	246	45	126	41	142	103	164	245	249	231	241	
236	180	157	126	233	126	87	190	49	31	236	24	210	245	9	63	153	214	108	106	57	98	251	35	239	255	85	31	194	121	198	35	
25	13	231	237	181	54	111	51	85	198	206	6	249	41	183	100	88	102	57	174	168	152	117	175	231	255	134	0	166	239	112	108	
169	204	58	93	213	223	229	247	87	38	100	18	179	57	50	32	89	170	2	8	248	188	112	191	103	223	20	97	115	216	212	170	
149	221	255	90	182	115	231	252	94	218	95	114	80	124	189	109	123	122	54	123	225	244	63	127	105	14	103	132	253	251	249	165	
71	253	133	159	143	54	174	188	158	251	67	87	252	250	89	239	181	71	123	191	247	65	155	255	44	46	223	252	156	119	185	21	
56	204	100	237	21	239	71	174	87	38	238	3	115	57	54	228	89	238	147	42	104	184	113	191	227	255	132	21	115	252	212	106	
212	114	155	228	34	0	22	80	161	168	163	104	23	211	105	18	182	253	76	226	73	23	136	64	176	160	47	174	40	50	35	3	
188	215	115	106	243	251	87	248	245	10	125	250	75	213	173	180	63	210	134	106	251	165	42	191	51	205	37	79	119	251	230	181	
231	73	238	212	199	22	254	97	217	198	247	31	72	249	119	31	234	229	179	231	228	247	182	232	51	122	197	11	7	253	254	198	
2	144	156	191	168	36	188	175	142	31	90	37	236	127	41	74	199	83	59	5	0	128	27	241	197	54	94	135	144	126	165	91	
172	18	90	187	226	233	177	72	60	5	115	183	77	211	106	24	254	27	131	18	18	180	10	34	68	225	34	203	241	11	239	211	
207	221	174	159	164	54	239	183	116	95	95	86	241	114	191	239	89	102	52	239	249	212	125	175	36	63	254	128	140	119	240	117	
125	117	45	96	136	111	71	216	225	234	165	72	211	119	1	59	16	196	76	110	41	35	120	28	243	203	97	52	226	243	70	112	
171	148	101	157	79	118	141	107	85	82	196	150	121	126	186	239	95	147	179	175	237	214	119	223	21	42	218	128	63	228	48	244	
143	14	231	151	226	114	111	118	49	206	95	214	73	46	147	239	109	255	151	175	189	214	45	234	118	99	254	129	167	245	188	252	
120	182	158	48	169	41	84	207	179	63	164	57	15	187	72	155	137	215	237	16	58	111	194	17	219	211	117	127	226	72	206	11	
245	78	143	239	60	6	79	48	196	202	211	68	243	97	177	107	88	228	60	238	169	167	81	12	192	171	226	0	8	171	112	32	
201	200	47	252	32	146	77	182	212	90	70	160	249	103	179	109	70	98	61	206	233	205	39	189	226	251	254	128	22	149	48	104	
77	160	144	24	233	124	113	139	235	93	36	24	142	178	78	223	129	10	232	24	22	110	186	209	79	217	19	111	210	69	207	198	
221	124	29	115	170	239	85	158	183	254	38	60	223	119	73	59	167	87	124	114	107	212	249	60	233	195	117	84	170	241	135	115	
221	76	255	118	160	110	71	150	117	171	174	16	243	119	1	122	49	228	124	42	41	197	121	42	243	239	101	20	162	241	96	40	
96	185	223	190	170	204	21	237	170	93	186	41	118	247	64	26	175	247	109	194	82	107	154	117	217	178	119	91	65	2	167	251	
33	131	213	77	154	47	170	143	78	33	106	194	227	32	132	100	30	94	98	120	17	184	125	29	44	174	1	80	217	234	193	172	
35	18	136	153	84	181	152	79	30	69	221	151	33	142	62	72	221	139	147	156	159	154	119	213	6	15	154	192	157	73	248	212	
182	70	108	200	108	51	206	122	17	182	148	255	3	108	151	141	95	145	213	167	237	39	68	158	146	83	233	191	93	253	94	85	
39	110	131	128	236	39	162	202	94	251	152	90	148	248	249	168	217	73	18	159	135	119	172	226	25	22	207	254	152	121	51	164	
42	176	160	83	233	253	209	83	131	125	183	61	170	156	78	158	141	154	245	17	159	122	242	161	79	89	20	243	203	76	222	223	
236	168	149	112	41	253	80	130	235	187	160	88	142	155	64	191	129	245	236	18	58	79	210	240	155	211	65	127	194	97	11	38	
76	252	159	247	170	78	55	247	178	187	0	120	253	247	65	27	167	119	125	2	113	221	154	40	237	195	127	32	168	112	135	187	
142	32	131	80	201	45	105	72	183	55	227	28	72	131	72	159	41	132	107	190	18	87	155	80	29	218	65	124	227	229	35	160	
225	160	149	26	236	173	96	79	202	59	161	88	182	216	76	59	129	2	106	17	55	111	218	81	29	26	81	122	216	72	219	142	
66	145	172	141	173	117	180	143	142	125	154	47	236	252	126	66	205	87	251	129	150	33	219	209	13	55	223	191	152	94	157	95	
194	48	182	157	105	53	184	10	158	251	80	181	140	190	86	42	135	63	251	21	134	69	162	194	13	50	91	174	132	68	5	215	
101	208	153	79	109	94	70	153	106	122	37	92	210	80	92	182	153	76	112	42	217	52	249	19	39	189	1	116	88	99	202	180	
1	3	95	193	36	136	169	17	238	16	90	192	181	195	249	96	102	59	58	216	131	16	6	81	196	152	170	128	28	130	81	184	
72	191	29	101	180	42	100	191	100	57	74	96	247	51	136	114	131	86	124	40	17	152	73	61	236	255	118	68	136	194	215	41	
218	30	156	188	171	57	88	11	191	63	130	189	175	171	107	219	167	215	237	133	62	79	130	51	210	243	120	185	184	69	11	27	
18	95	22	191	61	194	119	228	189	204	218	39	111	254	39	198	252	253	175	195	77	177	137	239	181	246	206	131	53	62	124	95	
36	77	194	158	212	131	166	105	150	130	121	2	96	232	49	64	120	106	2	67	80	179	8	255	48	38	135	8	85	123	176	128	
220	189	157	115	170	79	85	188	183	254	166	56	255	119	73	59	39	247	125	122	105	197	187	42	203	243	117	20	162	241	7	123	
2	146	110	95	98	182	185	116	124	13	127	231	105	236	190	40	190	59	151	129	150	184	46	77	71	47	250	131	197	194	101	207	
6	77	130	158	212	131	174	225	150	130	89	2	96	234	49	64	120	106	19	195	98	186	10	255	48	38	143	136	21	122	240	128	
93	13	133	205	165	38	79	186	69	72	222	66	218	51	145	102	84	198	60	236	137	152	113	204	192	190	226	132	186	243	112	41	
58	150	122	127	114	166	185	119	60	143	121	247	121	111	190	1	254	59	135	132	224	184	36	111	70	143	186	129	69	194	101	249	
16	31	127	229	182	106	183	179	132	42	158	226	215	55	161	97	103	182	29	35	104	185	1	30	224	227	98	149	52	249	5	43	
94	95	214	239	189	210	126	244	181	140	218	35	107	191	51	192	248	245	191	227	76	187	139	238	243	247	142	131	39	191	124	27	
21	60	129	129	180	39	161	194	94	233	152	66	150	48	241	40	217	76	30	57	155	243	97	128	153	4	175	244	136	121	49	229	
179	150	104	154	118	180	90	121	27	79	117	247	104	75	190	81	255	139	151	174	182	150	156	215	94	111	176	238	61	143	250	215	
111	178	233	115	233	125	217	218	43	125	181	189	154	28	222	190	141	159	221	21	159	98	250	129	223	217	48	255	207	205	158	215	
179	245	106	174	118	132	186	117	24	76	121	207	61	206	62	16	254	171	19	165	231	155	20	207	114	76	174	168	13	70	51	219	
152	127	7	161	50	135	175	246	164	142	248	231	173	15	49	129	110	51	135	231	224	157	0	254	224	208	46	128	47	150	39	153	
100	32	130	88	9	181	192	200	178	162	160	8	194	194	101	184	217	232	106	250	14	103	218	16	27	148	195	125	192	99	106	6	
21	183	78	235	156	175	203	248	199	232	191	102	115	104	191	101	120	226	94	254	191	161	125	189	186	204	167	208	61	139	80	85	
131	125	43	174	86	132	171	213	172	192	72	71	188	222	115	224	238	43	19	221	199	155	182	233	233	41	142	40	13	6	49	248	
25	141	199	254	148	178	111	247	245	194	222	214	113	227	176	228	121	238	62	142	249	155	37	239	250	239	190	192	191	232	248	60	
94	125	114	229	83	94	126	240	61	172	254	3	95	123	17	208	118	253	255	234	72	147	153	238	247	237	175	129	39	183	47	139	
220	120	159	244	40	77	17	152	182	188	182	56	255	215	65	11	34	116	108	114	105	101	187	32	217	243	99	120	66	169	5	59	
172	117	189	82	253	111	215	221	91	251	189	24	214	253	77	62	153	90	118	122	121	98	251	50	107	223	5	62	210	123	198	243	
27	143	195	189	146	130	111	247	182	65	94	214	125	231	176	228	119	175	63	141	241	153	4	255	252	175	190	192	173	132	169	185	
220	249	159	183	42	206	55	253	162	221	166	41	255	247	65	18	38	117	237	66	65	73	155	41	233	227	111	152	160	50	167	251	
124	190	158	184	171	168	84	71	163	159	160	253	143	235	66	219	135	183	237	16	62	79	194	0	218	243	117	123	234	68	142	19	
31	77	122	231	114	94	127	240	61	228	254	130	93	127	147	112	54	253	95	238	192	144	61	238	247	237	175	132	39	179	39	241	
105	0	253	101	116	42	105	19	121	162	118	208	147	35	145	122	114	140	46	172	169	180	229	74	198	255	114	0	103	224	98	168	
223	131	103	238	172	18	78	185	133	116	183	198	75	75	186	247	110	197	127	238	252	139	109	221	242	251	227	212	55	166	224	68	
61	100	250	238	118	55	238	216	126	194	125	78	93	200	253	160	127	249	23	255	129	178	188	218	242	205	39	164	255	251	107	161	
117	226	236	168	28	47	74	218	19	91	144	223	147	73	91	11	89	192	93	127	158	103	95	177	218	223	161	252	253	189	122	82	
212	207	14	174	26	66	95	248	180	140	215	163	87	103	43	81	118	213	109	227	104	131	73	60	240	227	239	149	52	179	36	99	
35	181	170	14	253	159	230	237	91	200	248	79	98	232	62	160	216	234	50	101	213	58	222	255	62	31	133	43	93	126	250	140	
78	170	146	50	141	185	146	134	191	183	129	61	238	233	66	140	129	107	235	23	22	111	138	243	136	84	29	123	194	77	159	78	
120	253	122	102	240	205	87	252	33	140	252	9	63	219	64	16	186	255	197	98	74	43	216	45	251	205	37	121	98	178	238	11	
11	248	55	217	237	253	185	215	143	121	116	126	188	222	100	239	239	59	255	17	151	107	186	241	31	209	62	235	94	12	141	255	
151	150	198	85	242	42	237	223	63	243	119	247	89	99	158	93	119	206	55	188	177	212	13	194	92	46	255	196	175	228	225	177	
189	12	225	237	148	50	239	123	85	194	243	82	83	40	149	233	121	204	62	174	169	246	101	174	180	239	230	128	253	249	112	36	
245	176	201	160	28	45	74	216	23	243	144	223	211	72	92	170	157	192	93	119	191	103	223	51	152	158	137	124	221	169	88	80	
2	153	135	185	249	228	56	199	190	25	90	81	188	247	32	72	205	59	187	149	18	202	82	245	141	54	190	202	152	68	165	187	
177	76	225	77	4	35	239	250	84	226	246	82	211	33	181	109	120	204	62	234	233	182	101	174	52	238	242	132	119	249	112	168	
220	93	95	239	34	66	79	184	36	166	211	162	87	119	137	83	118	212	109	234	105	145	41	44	241	163	231	148	36	179	36	33	
157	12	229	253	132	50	239	50	84	226	211	214	243	44	145	233	127	206	54	143	185	254	101	234	132	235	254	128	173	249	112	172	
177	68	109	205	76	11	229	118	85	34	246	90	83	33	144	53	120	140	86	232	233	190	101	158	118	138	240	164	119	248	80	168	
57	200	164	255	29	247	69	191	87	97	206	2	251	189	50	228	89	166	187	8	9	168	113	189	227	255	212	81	146	222	220	42	
160	100	111	227	116	11	231	119	117	160	247	26	147	9	144	49	106	172	70	40	249	190	97	78	102	139	244	64	103	136	210	168	
172	9	122	251	244	168	123	144	121	1	127	18	187	43	157	121	238	171	23	216	186	152	96	230	198	249	178	192	228	139	224	161	
143	189	126	211	244	156	123	144	59	89	119	48	189	95	253	105	39	123	23	218	179	248	46	230	110	217	38	196	134	131	193	241	
70	177	185	168	254	97	31	137	10	37	153	175	206	253	88	64	215	159	125	21	154	2	218	211	221	52	143	255	148	106	149	83	
70	129	153	175	190	32	190	137	14	53	11	201	212	247	104	66	215	87	59	21	18	0	219	211	237	180	175	254	148	122	133	51	
208	6	156	247	172	104	53	135	188	159	151	48	197	55	73	75	225	87	109	130	48	197	171	66	197	243	254	7	128	112	165	35	
196	74	14	53	8	131	172	34	180	154	226	209	209	163	1	11	41	101	106	142	96	245	67	104	68	162	99	0	65	241	33	0	
10	184	179	216	233	253	185	87	175	89	52	189	172	159	102	158	207	59	255	21	147	79	242	241	79	81	190	235	142	4	167	251	
36	245	153	115	252	237	87	140	27	186	41	24	214	113	73	56	147	90	115	90	51	98	219	51	111	222	21	126	216	123	195	163	
69	118	220	71	116	30	102	152	109	234	127	108	211	80	157	115	148	68	108	110	229	240	93	12	38	187	37	132	72	243	75	5	
101	17	152	103	228	30	230	184	122	234	51	76	215	120	223	120	149	76	116	110	213	180	217	26	76	191	97	116	72	187	74	133	
219	211	102	238	40	18	93	185	165	86	183	254	75	103	186	247	102	213	253	238	232	199	109	205	242	251	226	150	54	180	168	101	
27	141	107	255	212	131	239	247	86	65	222	194	113	237	180	96	121	170	23	153	187	187	45	255	120	47	174	192	245	202	240	232	
202	186	185	184	237	252	185	223	171	95	148	189	172	190	95	90	199	19	255	21	151	79	242	241	223	113	122	251	150	76	135	255	
34	176	169	155	237	237	176	143	158	95	88	21	172	188	122	106	201	27	187	21	150	106	242	241	141	22	222	251	144	76	149	223	
108	212	253	95	233	127	87	159	123	255	175	56	222	119	201	63	149	214	108	42	57	100	251	18	255	255	117	126	210	240	198	115	
120	182	150	48	169	169	84	207	171	63	160	253	143	163	72	155	135	215	236	16	62	75	202	49	154	211	117	127	234	76	142	27	
181	213	115	126	230	45	246	252	221	66	121	251	114	248	60	49	191	251	6	99	229	181	28	255	50	60	5	50	125	251	200	135	
189	221	126	122	247	59	246	252	85	82	125	114	123	121	191	37	63	210	134	106	229	229	60	191	122	207	101	69	255	251	232	151	
3	180	181	155	237	253	176	207	206	127	49	125	140	188	94	42	141	27	251	17	150	124	251	209	13	26	95	255	208	76	151	215	
31	151	103	235	180	2	75	184	5	96	159	231	223	103	186	229	126	150	157	239	185	137	45	157	250	233	171	212	62	175	48	113	
71	249	132	157	142	83	172	174	222	251	210	110	252	250	211	239	243	69	122	253	165	203	223	221	188	46	239	254	172	116	57	85	
189	220	252	88	194	119	254	254	86	146	252	242	91	117	173	189	127	218	134	250	245	230	63	126	123	207	101	5	255	249	238	177	
109	50	240	82	233	124	81	27	235	255	181	61	142	21	207	254	129	132	236	20	151	103	250	208	223	217	117	127	202	230	206	87	
32	191	253	85	202	99	173	255	18	178	116	246	81	39	197	175	95	94	114	184	249	250	247	94	111	175	247	164	247	248	198	185	
208	76	62	188	44	226	17	170	148	158	134	48	183	19	35	75	193	113	236	98	104	197	99	46	193	227	122	27	16	57	37	107	
178	151	33	169	189	133	214	47	15	105	209	125	166	28	48	0	205	139	29	5	255	46	65	151	169	84	190	246	24	12	144	91	
74	186	184	184	237	253	185	223	139	95	148	61	172	190	119	122	199	51	255	21	150	79	242	241	223	81	94	251	146	77	175	95	
179	147	33	57	149	221	208	97	95	105	113	93	130	152	126	32	153	11	23	21	254	56	80	151	139	93	56	247	88	12	217	215	
93	78	206	77	13	54	110	191	101	67	206	198	75	98	178	230	113	196	168	174	141	144	215	225	54	239	194	5	47	246	248	4	
67	222	173	158	43	252	20	55	171	91	15	109	172	190	130	247	165	119	253	1	215	73	186	245	179	115	120	219	26	4	143	95	
56	141	66	234	212	163	198	247	23	1	248	2	115	233	48	0	121	234	6	48	26	187	8	191	122	239	167	72	247	218	240	136	
219	87	127	101	34	94	127	48	109	206	150	228	223	31	147	243	118	85	221	238	233	133	117	200	226	249	106	144	46	247	37	113	
163	140	46	157	13	212	252	167	220	95	198	19	224	124	62	107	201	66	187	163	126	205	58	247	163	123	218	87	16	12	252	198	
155	224	83	200	83	214	106	106	245	128	100	18	40	211	100	244	122	184	146	248	106	191	48	207	59	201	131	75	51	128	108	172	
116	78	189	124	44	102	79	162	241	30	250	0	99	107	53	123	193	228	61	42	168	239	99	173	195	254	208	25	210	241	116	41	
197	117	221	71	98	30	110	152	121	232	111	108	223	115	141	255	54	84	124	106	225	240	249	76	38	187	101	4	74	243	75	49	
7	44	129	161	21	239	168	2	90	225	24	74	150	56	85	168	185	237	16	149	23	240	212	208	141	28	155	118	205	73	83	196	
11	164	221	255	238	54	121	158	127	243	118	86	253	227	220	238	247	79	62	156	181	216	235	243	142	255	255	132	142	248	233	41	
147	143	7	158	148	162	174	231	148	64	218	199	96	226	176	197	124	231	58	239	253	153	45	255	184	38	143	192	28	126	176	220	
20	77	123	237	22	67	143	252	20	132	218	162	247	127	33	64	126	253	31	227	104	145	77	46	249	167	175	132	37	186	53	250	
136	191	88	185	178	170	55	183	54	13	90	245	167	35	128	80	23	127	132	48	178	216	65	63	236	231	46	194	164	192	135	25	
53	114	196	164	172	45	78	216	66	242	145	207	83	104	91	27	93	192	124	111	141	99	223	32	152	202	229	188	253	251	218	144	
78	221	180	147	171	44	188	175	191	27	11	177	236	126	77	79	135	87	251	23	50	72	219	227	175	114	95	198	150	119	137	31	
189	113	123	96	116	95	87	112	65	232	253	14	27	29	251	48	60	136	20	110	201	50	176	14	243	201	33	60	111	187	82	243	
165	229	145	83	253	45	70	141	94	187	57	88	246	113	77	184	153	74	102	122	114	96	219	50	109	158	37	124	216	123	194	162	
94	95	22	159	53	214	247	224	189	204	222	167	110	254	167	196	254	253	175	227	76	179	43	239	177	246	175	131	23	63	61	119	
75	249	244	149	175	19	181	191	94	251	150	102	188	184	215	231	103	70	250	157	167	73	231	221	46	46	255	246	191	244	57	109	
40	189	237	85	244	223	237	55	22	183	126	214	177	39	212	175	77	54	247	140	249	248	245	142	111	239	244	128	199	200	198	248	
245	86	140	166	8	6	95	184	32	166	135	141	87	103	27	91	116	197	125	238	104	199	217	10	210	227	239	148	44	243	56	82	
181	231	91	58	212	173	207	236	252	2	249	94	114	232	189	49	59	203	70	231	255	231	46	127	176	142	37	108	125	115	226	132	
12	149	45	225	157	223	225	51	198	185	31	0	155	21	80	34	1	22	238	56	83	185	49	20	239	217	167	85	146	138	213	50	
220	248	191	118	43	79	81	184	191	254	166	56	255	247	201	127	183	245	253	74	41	69	251	122	219	243	117	158	162	177	6	115	
108	161	177	42	201	89	86	175	75	53	172	9	14	117	72	150	145	210	200	16	90	42	203	177	191	213	21	127	210	70	206	98	
94	95	94	191	53	198	126	228	181	140	218	39	111	255	35	192	252	255	191	227	76	155	137	238	183	247	142	131	39	63	124	95	
10	184	179	217	233	253	185	215	175	89	60	253	188	159	228	175	207	59	255	145	147	75	242	241	79	89	62	235	158	76	143	251	
201	201	189	253	13	157	85	180	199	28	6	0	174	153	33	98	196	114	57	72	202	13	115	177	199	251	80	18	18	24	80	43	
209	215	213	69	162	10	111	181	40	186	22	96	215	51	128	247	38	86	124	106	241	204	165	46	164	170	100	132	32	240	195	41	
165	181	181	87	253	127	214	187	91	187	188	24	214	121	77	54	153	94	124	58	251	98	251	58	111	223	69	62	210	122	194	163	
88	155	21	111	160	142	70	180	101	40	42	100	247	51	128	240	134	118	108	74	217	136	89	45	168	247	36	80	42	130	193	41	
139	185	50	217	237	189	185	215	143	89	124	126	188	222	230	174	239	59	255	145	151	123	242	241	15	89	62	234	94	12	137	255	
61	116	114	239	22	23	234	216	69	200	253	70	91	217	185	32	126	201	23	251	137	179	61	206	242	205	175	132	255	251	107	129	
92	77	122	231	18	94	127	240	61	172	254	2	255	119	179	112	126	253	159	234	200	145	61	238	247	237	175	129	39	179	111	99	
182	111	105	201	236	47	77	255	3	174	188	206	19	45	213	22	77	148	93	60	200	46	229	154	246	136	165	188	119	248	82	184	
68	169	153	171	210	140	43	137	26	33	73	10	149	227	72	80	115	223	3	216	18	26	216	83	253	164	143	108	144	35	129	160	
198	221	149	151	139	112	62	140	158	183	131	178	236	246	107	207	199	87	251	211	118	77	171	226	172	50	223	215	148	119	173	86	
94	113	114	229	51	94	126	240	45	140	254	35	207	95	21	208	126	253	223	226	200	145	169	236	247	253	175	129	47	183	111	147	
25	205	103	222	148	146	111	247	245	66	222	70	123	227	180	228	121	230	30	140	253	155	36	255	186	239	190	192	47	236	240	108	
149	23	110	174	156	143	79	248	229	252	191	110	91	104	191	103	126	228	94	239	249	227	45	221	186	138	229	212	61	171	112	117	
9	148	148	159	188	123	41	159	30	123	95	244	220	54	202	236	215	15	190	156	51	216	239	215	204	55	254	196	158	76	137	121	
185	76	101	215	4	43	237	246	84	34	246	82	243	33	149	109	123	206	54	168	169	252	101	174	212	235	240	128	103	216	80	168	
56	255	90	110	240	143	87	244	33	140	252	13	63	219	2	16	190	251	197	106	72	187	24	61	243	205	37	41	99	178	238	139	
91	188	149	186	137	236	28	199	175	83	128	221	174	254	96	223	229	227	253	149	63	79	146	225	153	242	94	123	152	68	137	94	
33	175	170	190	252	141	247	249	94	13	121	15	243	232	62	0	217	235	23	71	214	58	222	63	252	141	173	232	93	106	210	195	
189	172	252	93	201	55	220	255	87	178	124	210	89	127	213	47	127	222	182	184	249	254	119	94	110	207	245	165	251	240	234	184	
243	175	97	197	236	115	205	127	83	238	156	238	1	36	213	36	77	188	23	172	233	62	229	218	58	92	133	188	247	252	118	252	
11	160	221	247	252	254	121	159	127	251	118	22	253	187	222	254	231	79	126	156	183	216	255	241	142	251	255	196	142	192	137	205	
151	134	198	209	214	34	237	215	119	243	119	214	89	35	150	77	127	206	55	156	179	220	13	202	28	46	255	196	175	228	241	149	
56	141	74	238	212	163	198	247	23	1	252	2	115	233	48	64	89	170	6	40	26	187	8	191	250	239	167	64	247	202	240	136	
34	13	98	158	212	131	174	109	86	128	89	2	104	232	52	64	120	234	19	227	240	179	10	223	48	46	143	136	85	42	240	128	
134	12	130	155	212	162	172	67	62	131	83	18	72	234	48	72	123	43	51	145	48	220	10	202	28	38	159	192	148	104	177	128	
92	66	253	229	34	10	111	152	33	166	231	232	83	103	137	90	118	212	109	234	72	212	233	10	245	175	101	132	32	243	70	97	
220	79	79	237	20	6	79	188	36	172	222	199	215	39	161	65	124	244	45	238	104	145	105	44	241	163	239	148	36	187	52	120	
181	182	9	168	84	37	202	120	18	67	197	223	83	231	58	17	93	202	19	238	59	146	88	23	217	173	171	108	185	137	250	144	
169	12	229	247	100	58	233	18	84	242	114	82	243	41	153	235	111	238	54	141	169	252	101	234	132	251	242	128	237	249	80	168	
73	0	222	253	100	170	105	19	125	11	118	16	159	35	144	248	198	47	46	8	17	156	225	192	198	251	242	192	142	192	193	169	
172	204	111	243	100	139	237	53	125	19	119	82	211	1	156	49	107	174	86	10	249	252	101	231	102	186	246	64	103	152	194	160	
164	141	126	243	244	168	107	144	125	17	119	18	187	11	157	89	107	235	23	218	178	184	108	230	238	185	34	192	228	155	226	161	
197	89	221	69	98	30	110	184	121	232	99	100	223	55	141	247	54	213	124	106	225	212	253	106	38	251	103	132	106	243	3	49	
243	82	245	212	40	20	92	60	169	222	182	252	234	47	159	127	231	213	253	174	236	71	227	192	146	250	218	158	14	244	98	125	
9	198	27	202	224	16	109	247	124	74	92	100	189	131	185	232	55	10	22	14	193	157	36	99	102	159	54	136	30	210	169	169	
248	63	96	225	236	47	77	191	3	190	188	207	19	33	209	22	13	196	93	188	232	110	197	154	250	200	165	188	127	248	82	185	
108	126	217	114	161	124	83	144	187	255	55	124	95	119	203	159	151	84	236	26	161	68	187	34	203	255	117	255	170	243	78	115	
229	114	184	103	100	14	231	184	120	234	51	108	215	120	223	58	150	76	116	110	197	244	221	10	100	189	101	164	72	187	75	133	
107	177	240	74	221	221	87	239	75	45	125	8	10	249	78	180	153	154	212	16	94	42	250	179	127	221	21	127	211	78	218	15	
31	88	167	180	3	117	189	198	140	214	142	131	173	174	51	239	39	113	251	135	197	213	55	224	213	71	222	3	178	124	45	124	
181	207	215	94	198	47	230	254	85	18	123	95	99	105	61	13	63	203	6	111	253	247	14	255	50	30	69	70	253	249	232	134	
111	178	240	65	237	125	217	219	75	127	61	189	142	29	223	188	159	159	215	29	159	114	250	194	95	93	53	255	207	206	222	247	
4	77	2	158	212	131	174	99	22	128	91	2	96	234	49	64	120	106	19	195	114	186	10	255	56	38	143	8	21	122	176	136	
2	176	177	155	237	237	176	207	142	123	25	125	140	188	88	10	135	27	255	17	150	104	218	209	13	20	127	255	148	76	149	223	
27	141	107	255	148	131	235	119	86	65	222	194	113	237	176	100	121	170	23	153	249	185	45	255	120	239	174	192	183	138	240	232	
67	129	109	144	251	184	121	39	175	117	15	153	204	70	222	88	167	7	125	21	22	8	238	213	78	127	90	207	6	132	131	70	
134	12	130	155	212	163	174	67	22	131	83	18	104	234	49	72	121	42	2	145	48	182	2	234	20	38	159	0	149	120	177	128	
114	187	151	178	171	173	20	199	171	123	160	221	174	166	64	158	135	195	236	20	31	75	218	241	152	214	93	126	136	84	131	31	
35	95	99	69	116	27	239	240	85	200	122	230	113	64	181	36	94	232	22	238	225	176	101	239	36	30	163	128	127	187	80	253	
169	36	230	101	85	122	97	19	117	230	246	156	139	37	150	191	106	172	238	56	185	252	245	142	86	255	240	17	231	236	94	228	
237	181	181	87	249	127	81	59	123	251	181	56	210	125	76	62	157	30	252	56	57	114	251	14	79	255	85	118	194	232	198	243	
237	54	249	98	233	124	81	26	107	255	61	253	159	63	207	190	135	212	252	30	157	100	248	194	223	217	117	191	234	231	78	119	
220	94	76	237	8	6	79	184	36	166	199	135	83	103	11	83	116	212	109	238	104	215	89	46	240	227	229	148	32	179	36	112	
83	190	133	184	137	172	28	7	175	219	130	221	174	230	64	223	165	231	253	149	63	79	146	224	152	242	94	250	136	68	139	95	
173	78	65	175	240	114	239	85	20	198	85	214	209	71	163	237	89	106	2	238	97	148	109	46	100	37	162	128	58	255	240	240	
143	61	125	210	252	148	251	184	219	216	21	224	253	223	255	39	150	115	23	254	243	68	42	254	111	219	175	236	150	179	71	241	
147	141	7	158	148	135	175	231	212	66	194	150	112	226	182	101	121	230	58	239	249	221	63	255	188	42	207	64	29	120	177	124	
185	12	225	109	148	59	207	58	84	226	242	82	83	40	145	105	121	206	54	170	169	254	101	46	244	239	244	132	245	249	112	40	
189	236	196	89	193	55	92	255	83	178	108	82	123	115	193	191	93	206	22	184	252	118	79	154	122	207	229	173	187	240	234	128	
10	185	148	155	184	164	57	143	30	25	72	116	188	182	128	204	197	59	63	145	19	72	195	247	140	55	190	202	152	64	169	185	
94	121	144	164	187	96	27	130	139	229	142	167	140	183	67	206	230	117	233	81	1	1	130	194	216	244	15	191	142	126	13	91	
215	213	107	136	142	97	159	200	204	80	152	227	217	220	189	104	126	209	31	243	207	39	38	119	176	8	175	236	61	49	177	117	
244	251	205	232	236	5	79	218	3	48	176	207	19	195	217	26	93	200	111	254	139	103	211	17	184	136	229	252	61	185	210	16	
155	143	71	191	146	146	110	247	188	65	94	214	125	231	176	228	119	175	63	140	243	157	39	255	252	239	190	192	63	132	169	185	
76	86	217	101	96	106	111	56	49	174	127	224	211	39	129	118	54	212	124	234	201	212	233	74	231	238	103	132	34	243	70	33	
55	119	111	238	60	103	203	248	229	232	255	102	91	89	187	97	126	197	95	251	173	163	61	204	242	204	163	148	109	251	112	117	
30	91	122	228	119	94	126	120	45	204	254	39	111	223	183	208	126	253	223	226	205	147	48	204	243	253	175	131	47	183	111	83	
27	140	71	223	18	146	106	119	181	67	94	214	125	230	182	229	119	175	63	140	229	221	37	255	178	239	186	128	47	132	169	253	
134	140	130	155	148	162	174	71	62	131	83	18	72	234	32	72	123	43	51	144	50	156	8	206	60	38	159	64	148	72	177	128	
4	141	2	158	148	131	174	227	22	0	91	2	96	234	48	64	120	106	19	195	114	186	10	255	32	38	143	0	21	90	176	136	
30	93	122	229	50	86	127	240	37	204	254	35	95	127	179	112	118	253	223	234	200	145	41	238	243	237	175	129	39	179	39	115	
139	189	20	155	185	220	57	191	30	89	212	116	188	150	138	205	199	27	255	144	51	76	227	247	140	179	254	219	154	12	137	155	
139	184	50	217	237	157	185	215	143	91	244	127	188	222	230	175	207	59	255	145	183	111	242	243	207	89	62	234	222	12	169	223	
139	184	181	217	237	253	185	223	175	89	148	125	188	159	68	174	207	27	255	21	147	73	242	241	207	89	158	234	158	204	139	255	
2	179	181	187	253	237	185	207	158	121	25	121	156	188	72	138	135	27	255	17	147	120	203	209	141	20	63	254	156	76	129	211	
27	141	106	251	148	147	235	119	85	1	223	2	121	235	176	100	121	170	23	169	186	187	45	255	250	239	174	192	55	138	240	232	
139	185	124	249	237	189	185	159	191	121	118	52	188	155	214	254	207	27	255	157	151	88	243	241	78	217	158	234	158	140	137	221	
195	114	245	212	104	60	124	30	171	222	182	253	172	190	199	127	231	213	253	134	165	71	242	192	150	250	222	186	142	245	99	95	
67	185	244	213	174	159	188	55	215	243	214	246	168	56	212	102	71	126	122	137	228	248	247	222	110	126	215	146	143	236	209	29	
145	140	47	223	141	211	175	239	212	146	198	18	112	228	54	109	121	230	58	175	120	221	63	255	177	42	223	0	21	121	240	108	
137	154	146	249	241	188	121	23	189	29	118	112	172	179	162	252	167	59	191	24	178	156	34	195	207	255	50	194	130	132	169	171	
244	94	236	165	8	14	79	56	52	238	231	13	83	99	19	83	112	228	125	238	104	214	217	42	241	171	225	20	40	243	112	114	
185	12	233	127	212	43	103	58	85	227	246	82	83	33	145	121	121	206	54	170	169	254	101	46	118	175	240	132	253	249	112	168	
35	141	197	93	200	39	204	63	87	179	240	84	33	43	213	63	73	230	102	136	253	250	69	222	46	222	213	132	251	232	194	140	
57	48	228	69	85	58	112	23	117	229	118	146	139	41	150	189	106	174	238	24	188	252	245	138	7	255	208	67	231	140	222	220	
185	68	237	247	68	43	101	54	116	35	247	82	243	33	152	105	123	238	54	138	169	244	101	42	212	235	240	0	101	217	80	168	
34	157	175	181	245	206	101	55	185	203	98	17	182	53	20	21	161	46	49	12	113	248	16	15	47	254	84	2	64	72	215	234	
83	185	135	146	137	173	12	135	175	83	128	92	174	246	70	254	165	103	120	21	23	75	218	241	153	50	94	122	138	84	131	92	
92	78	221	229	34	46	111	24	49	174	239	196	215	39	129	90	118	212	109	238	72	212	233	8	245	175	229	132	32	243	70	112	
56	141	98	254	148	131	206	119	87	1	254	2	115	233	176	64	120	170	6	184	250	171	8	191	250	239	166	64	247	138	240	136	
211	209	117	252	44	30	93	57	169	126	151	255	79	31	158	127	230	133	125	238	237	71	243	204	146	250	219	158	46	180	241	85	
132	12	130	158	149	167	174	67	22	131	75	18	96	234	33	64	121	42	2	144	50	190	24	255	41	38	150	64	144	106	176	128	
36	141	66	158	212	131	174	101	22	128	89	2	96	232	48	64	120	106	2	195	114	186	8	255	48	38	143	8	85	42	176	128	
53	183	40	175	252	175	227	248	86	44	249	13	247	233	58	0	220	106	23	111	154	178	123	63	237	141	43	120	93	107	211	195	
216	79	47	167	52	6	79	180	52	172	214	199	247	39	17	65	124	228	61	238	232	144	113	44	241	227	239	144	36	187	52	120	
83	249	151	186	139	197	5	199	175	81	128	157	174	246	98	94	195	227	108	21	31	75	154	241	153	82	95	122	152	84	167	94	
56	255	122	110	116	143	127	247	112	12	124	8	115	113	162	48	60	250	6	106	72	186	56	63	127	205	37	193	115	146	230	187	
197	88	217	69	98	74	111	176	104	234	115	224	223	55	133	242	54	93	124	106	193	212	253	106	38	239	103	132	108	179	67	49	
172	205	127	251	244	136	127	144	253	18	119	18	249	67	189	91	127	202	23	250	243	244	106	238	110	251	231	196	228	187	97	161	
70	220	165	151	139	112	63	172	158	183	139	163	204	230	239	207	215	87	233	243	118	69	239	226	169	54	223	223	150	119	165	118	
172	204	127	243	100	138	237	176	125	19	119	82	211	97	152	57	107	234	102	74	241	244	109	103	198	251	246	64	103	153	194	160	
69	112	221	101	36	14	103	152	104	234	119	108	215	48	217	50	22	76	92	110	197	244	221	72	228	189	101	4	76	243	75	129	
165	12	237	247	228	170	233	146	119	115	119	82	243	105	153	107	123	238	54	156	187	244	231	226	70	186	242	128	237	233	80	168	
162	173	159	245	245	175	101	55	57	171	74	88	182	49	16	21	129	62	17	8	121	248	81	14	141	254	212	34	136	200	210	168	
5	31	190	91	176	190	191	212	124	200	126	100	245	99	183	108	54	106	30	94	165	184	45	110	106	157	38	128	216	243	105	93	
227	63	65	65	204	39	76	191	19	242	184	204	19	39	213	146	77	140	70	188	233	110	213	26	44	156	133	60	221	248	82	184	
250	56	210	246	83	84	120	80	51	164	71	158	47	151	67	219	246	253	149	144	105	94	176	138	155	193	31	43	46	164	47	122	
143	125	125	214	60	135	255	184	219	248	53	226	253	223	253	39	150	113	31	254	227	101	42	254	110	219	231	172	22	179	65	249	
7	207	199	221	206	34	236	238	219	146	122	87	64	104	189	79	251	199	51	63	241	233	15	227	44	62	87	134	221	248	241	133	
19	207	66	141	54	147	174	245	84	64	218	231	233	8	182	228	126	233	150	231	197	184	69	253	38	108	174	128	61	190	249	157	
98	104	189	92	108	228	75	2	235	200	228	0	176	139	85	122	192	100	121	90	11	111	242	104	71	56	144	25	64	177	118	42	
236	180	245	117	249	127	209	27	123	187	183	56	222	253	204	63	147	94	124	48	179	240	251	30	223	255	113	118	194	233	71	163	
111	122	241	87	237	61	102	152	235	250	52	108	202	240	221	190	7	100	246	94	129	112	238	224	14	88	101	190	206	255	74	117	
135	105	187	64	192	247	121	80	225	232	231	24	18	214	247	56	172	169	86	156	141	147	176	64	83	29	5	46	201	178	98	116	
229	79	121	37	36	14	111	184	120	170	114	108	215	33	145	51	22	76	100	110	225	244	237	12	228	187	101	132	76	187	83	161	
141	79	99	31	212	123	103	220	84	98	93	218	113	229	187	173	121	106	18	110	225	150	44	63	103	207	165	160	55	255	212	224	
133	132	229	213	182	34	237	183	119	243	247	214	209	35	156	111	111	198	126	188	185	252	109	206	46	46	247	196	175	224	240	245	
232	249	55	246	233	205	117	247	175	204	42	9	190	255	96	151	132	115	253	64	97	105	178	253	251	219	84	59	66	28	135	123	
223	207	67	168	214	33	174	219	84	74	216	242	29	216	177	228	127	201	23	185	235	54	5	219	176	4	175	172	189	124	185	169	
242	88	220	254	47	232	17	2	155	6	98	42	46	249	39	90	194	117	233	3	0	77	130	249	210	179	80	27	148	41	5	3	
204	122	253	246	32	92	95	180	177	254	22	108	255	119	203	255	23	117	253	234	225	68	171	234	194	251	101	128	42	247	7	121	
134	141	2	159	148	131	46	227	180	130	90	2	104	226	32	64	121	107	34	194	98	186	10	255	40	38	158	128	20	120	161	136	
161	63	65	193	204	175	77	55	19	170	184	92	178	33	84	16	205	174	83	140	233	58	208	26	45	28	148	48	88	200	82	184	
89	217	81	111	59	14	70	180	109	72	186	108	255	83	128	246	22	116	236	106	73	136	201	61	160	252	36	144	42	163	3	57	
229	165	181	87	252	47	212	59	123	187	57	88	222	121	76	50	155	94	110	56	50	116	203	30	47	222	85	118	192	104	195	163	
74	176	185	186	237	253	185	223	171	123	148	29	156	191	94	190	205	19	255	21	147	79	250	209	223	93	30	254	154	76	135	251	
86	154	227	160	215	32	176	99	33	165	218	119	8	41	68	218	227	151	169	145	16	251	129	228	28	102	218	195	165	5	253	99	
210	137	154	165	210	38	184	103	16	133	202	151	21	174	96	66	110	223	33	149	52	219	149	34	153	164	158	69	173	72	161	144	
3	157	191	213	117	142	237	55	252	201	106	80	180	188	20	98	132	55	123	13	161	248	178	111	45	62	94	0	72	72	209	184	
251	171	130	186	137	189	92	199	187	25	128	25	46	162	66	158	133	227	253	21	62	75	130	243	187	85	92	251	130	68	138	79	
79	122	241	71	99	88	127	152	105	254	118	236	104	247	223	190	54	252	246	78	193	80	175	232	6	120	101	170	79	247	74	253	
135	12	156	155	170	54	190	172	158	19	147	247	196	106	175	203	199	71	171	167	52	197	75	114	166	171	254	135	156	83	169	7	
253	223	106	44	214	38	227	250	84	68	126	247	113	200	190	96	118	206	6	239	166	183	53	47	112	45	162	140	125	253	248	213	
130	140	130	155	149	166	174	199	54	131	74	18	104	234	32	72	249	43	19	144	50	156	16	255	45	38	159	64	144	72	177	128	
0	141	2	158	84	131	174	227	22	0	91	2	96	234	48	64	121	106	19	195	114	186	10	255	32	38	142	8	21	90	176	136	
86	214	172	134	169	112	30	168	142	186	138	163	205	230	109	202	213	85	253	243	74	65	203	176	185	246	239	255	152	119	61	54	
197	112	221	101	34	106	55	152	104	234	55	236	223	55	137	59	22	85	124	122	225	244	237	72	228	187	101	132	204	243	3	49	
140	204	255	243	100	168	237	144	253	18	119	82	255	227	153	123	107	232	126	10	227	244	111	227	70	187	247	196	230	249	64	161	
32	255	122	107	116	143	119	247	112	12	124	100	51	119	162	16	127	250	6	104	240	186	32	63	110	143	36	192	113	154	230	185	
80	137	46	222	141	211	229	231	198	23	198	2	96	240	50	111	105	230	106	139	120	235	27	253	217	43	223	89	145	123	252	42	
9	207	197	149	204	66	173	175	94	243	186	198	152	32	215	206	75	102	106	157	241	233	231	106	44	46	127	20	197	120	249	232	
132	140	130	154	213	231	174	71	22	131	75	18	96	250	48	72	249	42	19	145	50	190	26	255	41	54	158	72	144	72	176	130	
61	127	122	110	118	91	127	112	113	140	125	234	123	87	161	48	62	184	21	234	232	178	44	13	242	205	33	128	103	179	102	225	
33	143	157	21	204	15	237	55	94	183	122	84	176	32	20	171	73	102	98	141	241	248	117	106	45	62	247	0	193	104	192	232	
87	123	215	167	58	136	122	72	171	225	163	237	173	198	201	86	166	245	125	212	71	1	159	224	156	244	15	250	44	135	35	85	
86	108	174	222	141	114	229	231	230	147	198	2	112	241	51	111	105	230	121	139	8	195	155	104	209	43	223	25	129	115	252	42	
35	207	99	141	20	151	238	244	76	96	90	198	233	8	181	228	124	236	22	239	205	184	117	255	38	110	170	128	127	190	121	156	
139	154	146	218	241	180	56	71	191	27	118	80	172	159	102	220	165	59	151	24	182	28	18	247	143	254	30	203	146	4	169	143	
210	233	135	154	137	197	1	199	175	81	128	24	174	246	100	254	225	243	250	209	27	79	186	243	153	18	95	123	144	84	167	110	
45	205	132	157	204	115	165	239	222	211	156	178	248	100	187	175	121	66	250	44	113	235	111	115	108	39	255	85	215	252	249	228	
181	12	237	95	212	43	199	115	85	226	247	90	83	33	145	125	89	238	110	40	185	254	109	46	110	175	245	16	247	233	210	168	
36	141	66	158	212	131	174	224	22	0	89	2	96	232	48	64	120	106	2	195	82	186	8	255	48	38	139	8	85	107	176	128	
253	116	204	231	136	110	79	24	49	226	231	13	211	115	75	91	80	196	125	238	40	214	217	8	215	235	229	52	168	243	82	50	
37	255	57	169	60	175	227	218	86	108	248	77	247	97	81	0	221	72	71	127	138	178	89	63	237	141	39	124	208	251	87	225	
226	249	27	246	233	221	116	231	191	72	100	8	46	255	100	49	164	59	255	0	115	107	178	253	179	217	84	59	64	16	143	191	
218	249	50	188	203	192	61	231	191	4	212	163	44	255	34	69	226	187	255	129	118	15	130	255	241	114	94	171	55	20	167	219	
2	13	2	158	20	162	174	98	182	130	90	2	40	234	48	64	120	107	19	195	114	154	2	255	40	38	142	128	20	122	48	136	
216	85	47	239	44	14	79	60	52	174	199	68	243	99	25	81	80	196	125	238	105	146	121	14	241	235	229	16	32	186	116	120	
142	124	127	255	108	11	253	184	191	154	53	48	253	223	253	107	135	209	63	250	225	69	42	254	78	219	239	172	22	177	65	161	
25	30	240	45	50	58	31	51	53	198	95	228	255	103	130	228	23	110	148	46	165	144	101	170	230	255	32	128	46	229	13	245	
164	172	146	158	205	229	180	71	150	7	97	18	160	248	36	8	217	122	130	17	50	254	26	251	25	22	151	43	209	120	244	130	
69	127	253	103	36	14	103	176	104	170	122	100	215	33	145	114	22	100	108	110	193	176	237	44	228	191	103	132	76	243	67	33	
181	72	127	65	134	143	169	192	92	224	98	146	209	28	21	41	126	177	51	115	229	244	117	4	93	138	207	68	229	185	81	160	
244	49	179	112	246	226	177	71	184	133	226	16	21	219	97	24	202	61	33	17	56	231	176	2	217	160	11	76	196	0	103	162	
172	180	213	85	250	107	177	107	123	175	49	56	222	113	204	53	179	31	110	48	49	248	233	94	94	158	117	246	224	96	199	163	
37	95	57	169	244	175	227	216	86	236	248	71	215	121	49	0	216	104	23	127	136	178	121	62	237	141	39	100	209	251	86	227	
130	238	100	91	173	243	244	166	221	30	23	19	104	109	62	207	225	98	235	34	102	229	43	255	7	123	209	199	87	213	252	206	
134	180	148	154	249	165	190	233	159	154	153	43	236	254	105	0	223	123	255	51	114	103	138	255	61	22	79	254	144	125	37	211	
188	109	122	98	116	75	95	120	81	172	125	42	123	89	177	49	122	184	22	106	232	178	44	30	243	201	33	161	119	187	86	161	
27	29	96	77	50	58	95	51	109	194	95	167	251	125	150	100	54	60	157	110	205	144	101	175	226	253	32	146	54	231	4	117	
191	69	230	95	137	114	110	254	213	210	94	178	73	120	191	111	121	198	186	254	252	208	47	170	46	122	213	135	255	253	248	132	
86	211	88	173	46	8	150	41	44	40	51	239	198	8	140	64	182	21	236	35	70	53	143	85	148	166	99	151	124	40	141	3	
127	119	193	56	203	53	135	219	18	118	160	205	83	100	79	191	93	193	208	247	191	67	255	16	185	195	141	60	249	253	246	84	
229	160	156	179	141	109	81	9	30	255	135	25	215	49	74	91	145	6	121	61	58	68	219	18	201	219	85	116	152	72	216	82	
63	91	114	10	177	213	87	247	21	76	92	165	170	149	167	164	222	58	148	84	223	186	100	180	170	221	36	235	30	158	188	255	
29	163	196	71	138	3	79	185	2	182	173	175	89	103	203	31	55	215	108	190	80	67	47	24	106	142	101	244	191	247	166	240	
231	88	111	160	110	7	253	176	12	242	146	239	85	28	243	75	206	133	63	247	233	86	117	12	220	10	239	140	44	186	16	89	
89	231	80	69	115	154	102	188	97	40	126	236	107	1	146	244	54	204	132	110	207	184	165	191	254	237	36	197	111	150	202	13	
87	233	239	135	10	2	105	136	174	213	199	130	253	230	91	122	38	229	122	220	1	217	191	96	156	36	207	4	164	179	35	108	
36	205	130	138	212	163	170	198	22	1	91	2	32	202	49	64	120	106	19	211	18	186	8	255	56	38	142	72	149	91	48	128	
202	172	147	154	153	241	147	194	159	23	128	24	172	214	96	167	193	115	235	17	34	79	186	243	153	16	159	123	18	69	37	110	
24	12	130	185	148	163	170	67	22	3	218	18	41	234	32	64	121	43	6	144	58	185	0	190	168	231	186	192	181	72	176	136	
91	239	164	213	141	18	172	174	215	242	142	130	136	162	215	238	65	70	248	220	212	73	231	232	170	126	215	223	135	252	249	12	
116	227	249	76	154	81	155	200	10	132	188	170	83	237	253	2	54	209	228	112	219	35	175	17	186	141	37	253	245	170	47	113	
86	193	233	64	138	80	207	233	34	245	173	138	83	103	221	58	59	209	125	254	91	3	175	16	186	207	101	253	245	243	238	112	
130	140	130	154	149	229	166	199	150	3	74	18	168	250	48	72	217	43	51	145	50	158	26	255	41	54	158	75	144	72	176	138	
6	141	2	158	84	163	174	226	22	0	90	2	96	234	48	64	121	106	19	195	114	186	10	255	32	38	138	136	21	91	48	136	
6	12	2	158	84	162	174	226	182	130	90	2	104	234	48	64	120	107	19	195	50	154	2	255	40	38	154	136	21	73	49	136	
160	172	144	154	205	237	148	199	158	31	96	24	172	248	100	9	201	123	163	17	50	110	218	243	13	18	94	107	208	72	245	138	
150	246	124	81	143	121	180	170	222	87	36	147	192	109	78	75	165	82	233	50	182	101	59	119	75	83	87	119	209	89	237	214	
250	164	240	80	217	249	88	207	187	23	164	153	42	175	78	159	137	139	237	144	62	79	210	211	219	209	84	123	226	68	206	94	
32	169	180	122	153	253	149	143	207	23	172	24	174	248	70	14	129	51	234	17	26	105	210	177	137	214	84	123	208	72	135	46	
149	86	76	147	142	35	174	164	220	247	131	247	209	106	175	75	243	71	42	183	181	213	77	62	168	3	255	84	157	123	177	192	
124	201	190	222	141	213	150	236	198	21	142	2	98	240	36	70	232	242	234	67	90	171	10	245	219	49	199	91	16	58	252	14	
34	184	224	209	85	221	240	7	125	125	246	159	170	28	22	72	233	191	247	17	158	254	241	197	15	122	210	195	199	12	220	223	
134	180	150	152	252	167	188	235	159	186	144	43	204	254	105	8	223	57	255	49	34	99	138	223	156	22	79	254	148	108	33	147	
60	87	122	238	118	27	94	112	49	132	125	142	123	79	49	17	126	185	149	234	232	178	20	140	242	205	33	1	127	179	110	176	
86	233	174	206	13	208	98	196	230	149	142	2	96	242	113	86	232	244	105	209	10	11	154	225	249	37	143	27	0	51	126	46	
2	136	242	211	245	248	240	7	255	85	118	149	174	140	22	221	139	43	231	20	182	252	242	193	15	126	18	67	198	4	207	222	
95	147	140	174	168	6	142	168	138	216	139	228	245	114	203	98	213	87	124	247	159	1	203	32	184	231	239	156	152	115	169	1	
26	207	98	172	214	131	142	119	5	4	220	231	41	136	178	68	126	171	151	197	222	154	4	255	112	36	174	201	63	142	184	221	
92	243	136	166	56	1	94	184	2	172	137	173	247	254	75	80	215	221	125	243	78	3	203	49	248	229	175	189	184	115	9	19	
37	4	237	119	180	43	101	63	101	178	255	18	243	97	156	123	75	230	110	42	185	252	109	46	110	171	117	16	231	232	210	160	
252	124	173	103	8	110	71	24	48	166	231	12	83	115	1	91	88	196	121	110	41	246	249	42	215	235	197	20	232	243	82	112	
65	141	191	71	172	46	239	191	238	251	190	64	251	33	156	102	199	70	124	12	145	169	239	229	236	190	119	212	196	242	209	105	
5	253	61	237	188	175	67	186	118	168	106	76	247	113	1	0	156	108	95	126	9	184	121	63	237	221	37	116	208	187	83	233	
0	249	154	254	81	205	181	103	254	75	96	8	52	254	98	48	164	59	82	0	71	191	146	123	117	181	22	43	72	16	135	155	
82	185	123	156	203	208	52	103	191	5	204	187	44	247	36	208	235	187	251	129	82	11	162	247	179	183	26	235	53	0	167	123	
33	223	123	95	116	139	239	247	117	13	124	228	49	103	180	52	95	122	6	76	243	186	101	127	110	142	52	192	127	154	226	185	
245	85	143	231	36	14	111	60	32	170	231	68	243	119	9	115	112	196	124	238	105	150	249	12	229	235	229	0	32	179	112	112	
33	93	59	173	52	143	231	214	222	236	122	68	183	217	33	0	216	108	23	125	137	184	112	62	237	221	39	0	208	123	87	235	
121	255	27	170	240	157	94	247	59	73	92	109	63	223	162	240	215	187	149	93	223	154	120	63	251	253	52	232	184	130	170	91	
133	4	255	219	164	46	233	27	255	219	119	80	223	227	221	111	199	78	126	24	179	244	111	194	206	186	119	196	198	233	193	161	
140	76	255	247	108	40	237	154	255	146	119	80	223	227	217	123	107	236	126	10	161	244	239	226	78	187	247	132	230	249	65	161	
140	68	255	255	108	10	125	184	191	146	53	18	253	195	253	75	111	69	127	234	224	69	43	254	78	155	239	140	20	185	65	161	
205	118	189	101	32	46	107	24	120	234	55	120	223	55	201	59	182	85	124	122	161	244	185	74	199	251	101	132	192	243	7	49	
23	30	110	61	134	46	125	191	117	86	198	199	19	41	19	75	39	134	89	173	237	248	53	76	226	43	213	4	237	240	248	88	
76	171	147	166	243	128	79	156	35	141	75	205	110	227	72	212	54	206	173	95	26	10	138	225	184	244	5	238	162	247	166	73	
166	94	206	95	207	50	182	175	221	23	175	151	96	104	63	207	217	199	235	227	52	231	79	251	38	59	221	23	221	125	252	134	
49	138	109	8	204	7	205	255	68	86	192	199	17	44	55	201	109	136	3	173	203	234	119	29	85	43	223	12	149	188	116	248	
111	120	235	71	102	24	255	176	121	206	118	238	120	47	223	190	126	221	183	206	197	242	173	224	118	127	231	130	111	247	106	253	
111	250	241	71	98	28	255	176	105	200	119	238	104	110	223	246	54	245	247	206	193	82	175	232	22	120	103	138	79	183	107	245	
212	48	189	179	140	111	81	24	186	183	135	25	215	49	73	27	129	68	125	58	56	69	251	0	201	131	113	116	136	105	7	114	
195	158	102	86	58	18	88	180	221	94	151	183	104	126	190	127	199	243	255	102	245	77	111	239	30	122	80	210	6	133	36	125	
106	172	148	152	201	245	80	230	155	19	128	25	174	190	98	159	193	243	251	17	63	79	210	241	155	82	94	123	146	76	143	14	
110	133	194	206	195	48	94	143	43	7	79	142	76	231	239	220	119	214	186	142	28	19	191	224	51	119	212	143	174	247	184	84	
6	77	2	158	212	131	174	230	22	0	90	2	96	234	49	64	121	106	19	193	98	186	10	255	40	38	142	136	21	27	48	136	
34	188	144	155	205	229	176	199	158	27	64	16	172	248	96	72	201	58	179	17	50	126	210	243	13	22	222	107	144	72	181	138	
103	167	210	94	195	120	54	143	59	7	109	136	72	242	206	252	183	222	162	18	22	26	170	226	62	62	20	111	138	247	234	135	
110	235	209	210	219	209	110	248	59	160	109	72	104	199	205	148	51	218	163	218	67	18	202	243	63	84	133	111	50	183	6	164	
120	233	50	186	29	205	18	231	199	5	136	9	166	216	96	84	200	243	232	81	90	43	218	183	185	245	4	123	16	30	156	14	
2	48	150	140	124	39	184	111	31	169	208	58	140	190	96	72	223	61	255	177	48	107	195	222	29	22	95	254	144	12	161	155	
6	164	148	153	248	171	184	235	190	178	16	0	204	226	105	65	247	41	123	48	50	65	138	223	12	22	79	238	144	104	1	129	
56	105	75	110	85	199	78	224	33	128	237	11	123	223	51	144	120	232	7	234	72	179	24	61	243	205	129	1	99	187	110	138	
2	176	246	147	245	252	176	7	189	93	115	149	172	156	22	72	143	59	243	145	150	252	242	225	15	50	26	67	196	12	207	223	
237	112	149	103	45	78	71	152	33	186	163	72	223	87	201	191	16	212	124	106	105	69	249	8	225	248	101	52	42	179	66	49	
120	237	18	190	25	213	86	196	163	132	168	8	38	211	96	208	216	250	204	83	78	11	218	61	251	245	132	123	18	22	246	42	
42	207	66	140	213	147	174	247	7	4	88	231	41	136	182	196	76	171	147	197	222	154	68	255	52	52	142	201	63	142	184	220	
227	220	102	84	106	24	188	166	185	210	114	189	12	60	214	123	167	245	247	167	228	126	230	194	22	58	94	138	69	164	83	221	
65	141	185	71	188	12	207	191	111	233	190	64	251	233	220	102	211	70	124	76	153	41	235	227	235	253	39	220	196	250	209	105	
108	133	236	103	172	42	101	191	236	187	191	0	211	105	152	122	75	70	108	40	153	233	111	14	206	191	117	84	196	234	210	32	
16	125	63	188	18	207	55	102	188	192	110	32	182	247	33	96	178	123	89	64	65	185	18	63	241	197	7	2	96	82	39	186	
18	237	27	252	90	192	63	103	190	5	248	163	61	222	32	80	254	187	131	128	66	155	162	127	241	229	62	171	48	16	167	251	
33	223	122	95	118	139	239	247	117	73	124	228	49	99	180	52	127	234	22	44	211	184	101	127	110	142	52	192	127	154	194	185	
229	85	29	109	4	14	71	184	96	168	231	68	211	119	9	113	80	196	124	110	233	144	249	12	229	235	229	20	8	187	80	32	
69	132	189	243	188	46	249	159	255	235	191	80	223	243	220	110	151	86	124	24	179	233	171	214	207	255	119	212	194	200	193	33	
132	4	255	255	108	42	109	154	255	146	119	80	223	227	217	123	107	68	126	10	161	244	239	226	206	187	119	132	228	249	65	161	
205	52	189	101	160	46	105	24	120	242	39	88	223	119	73	59	151	85	124	58	161	212	249	72	207	219	101	4	200	241	67	48	
204	76	253	247	108	42	125	186	191	178	183	82	221	227	213	107	111	69	127	234	225	69	171	248	198	155	255	188	22	249	97	161	
2	149	16	153	235	197	188	239	30	25	88	51	140	190	104	64	223	27	147	129	82	26	90	215	45	22	158	239	144	76	165	219	
35	207	96	26	221	157	182	238	95	93	124	15	40	232	118	128	153	107	146	71	198	58	78	247	62	28	31	107	85	31	219	206	
34	221	32	158	95	192	190	230	158	85	88	163	172	254	55	64	238	251	179	193	98	10	218	247	53	54	158	171	21	29	181	222	
166	181	160	147	221	249	180	199	30	253	88	191	140	172	126	8	153	27	147	21	182	122	250	211	45	20	159	239	197	76	151	223	
2	159	106	153	246	241	184	103	30	77	92	167	44	172	182	0	239	43	151	133	150	184	36	247	110	5	186	235	221	12	189	223	
27	81	99	205	118	18	251	112	101	192	255	166	89	79	183	228	126	172	151	238	205	179	37	204	114	237	163	128	55	175	112	117	
227	94	118	86	105	116	56	50	249	222	119	189	104	190	198	127	167	247	239	134	165	95	175	231	22	58	208	139	10	229	110	95	
134	172	148	145	252	137	188	234	190	147	88	2	204	234	73	75	243	75	123	48	98	84	203	243	44	22	79	236	132	120	1	129	
39	93	114	30	125	149	182	232	223	68	125	14	104	248	191	164	218	233	178	71	198	50	126	255	54	62	5	43	95	63	120	197	
60	87	113	77	125	75	67	120	85	172	254	46	75	5	139	20	90	204	7	106	72	178	97	140	118	252	33	20	115	175	102	225	
218	219	38	188	63	210	30	181	157	76	214	167	239	31	34	65	230	247	253	231	236	141	33	173	242	227	234	147	54	28	189	91	
187	76	99	206	86	147	235	112	85	64	212	198	121	204	183	229	126	232	151	239	237	183	44	255	50	105	162	128	63	191	120	253	
155	91	102	157	22	146	190	244	157	68	214	231	104	142	183	229	110	97	151	231	229	173	36	255	50	58	202	130	63	188	121	221	
37	161	177	67	221	125	225	11	75	49	41	24	154	53	76	188	153	26	66	24	19	58	248	144	13	156	21	126	210	74	214	164	
34	176	148	157	125	143	184	71	31	41	82	50	172	30	4	72	238	31	247	17	16	222	65	212	29	54	26	226	144	12	161	155	
0	164	150	157	248	171	184	107	190	179	80	16	204	226	96	73	247	41	106	48	50	73	195	223	12	22	95	108	144	40	1	137	
33	177	17	75	221	221	196	239	78	65	104	72	178	88	156	164	216	10	18	24	223	58	114	149	47	28	146	106	91	10	218	172	
125	71	92	103	180	26	78	184	97	172	191	72	83	97	155	182	26	196	76	110	232	176	205	46	242	239	37	20	107	251	74	0	
130	144	178	154	117	252	184	67	191	93	113	17	172	222	110	88	135	27	179	17	182	108	50	241	15	50	26	203	144	4	167	223	
4	164	148	145	252	171	40	235	190	178	80	2	204	226	73	75	115	77	106	48	34	84	203	223	12	22	79	108	144	104	1	136	
34	135	96	154	251	241	184	111	31	5	93	179	104	238	190	196	223	187	131	145	22	26	78	215	62	20	154	235	151	206	188	220	
16	79	31	172	50	194	63	102	164	140	218	163	119	167	33	80	102	247	205	224	104	139	33	111	241	231	46	129	32	144	37	123	
35	223	99	75	244	155	239	255	95	65	122	230	249	224	180	164	126	42	22	140	211	184	101	255	44	30	182	192	95	158	209	253	
253	92	95	101	36	78	103	48	112	234	231	8	215	51	129	115	112	116	124	106	105	244	249	14	245	235	97	20	96	51	70	35	
105	165	185	249	244	159	111	191	115	105	124	76	191	159	216	112	151	138	22	156	211	154	232	63	238	207	52	228	188	130	194	249	
89	133	185	227	180	172	107	159	127	235	255	80	223	243	216	112	151	14	124	24	155	56	233	151	235	255	55	212	194	192	193	33	
12	4	253	247	172	42	121	26	255	187	191	16	223	227	217	122	199	71	126	26	177	229	235	194	206	255	119	20	134	225	65	33	
205	48	189	119	40	110	105	24	120	250	167	16	215	55	73	59	131	84	124	58	161	196	249	10	199	251	99	20	192	241	67	48	
76	52	189	247	172	44	249	26	255	187	191	48	221	255	205	107	199	119	127	26	177	101	235	224	207	251	123	180	130	227	1	161	
140	92	158	247	108	174	249	210	191	186	55	48	156	255	225	91	231	117	127	10	32	197	170	224	199	251	123	128	132	241	1	161	
2	149	16	153	255	133	188	239	30	25	88	50	172	190	104	64	223	27	179	145	114	152	10	247	45	22	158	238	148	72	161	155	
198	28	190	246	111	236	185	208	171	250	183	58	220	255	101	107	231	117	255	3	160	69	186	224	215	251	123	150	130	115	5	243	
130	221	32	158	95	197	190	238	158	89	208	179	172	254	36	65	237	123	147	195	98	15	90	247	53	52	158	235	21	29	181	219	
34	191	160	147	253	237	180	199	30	125	88	191	140	188	102	8	141	59	147	17	146	122	74	247	45	22	159	239	148	76	151	219	
38	239	96	26	253	217	182	236	223	125	120	15	168	236	126	0	185	107	131	87	214	122	46	247	63	30	31	111	85	31	223	222	
