菁纯柔润唇釉套装	#356（丝绒） 创作	http://www.lancome.com.cn/on/demandware.static/-/Sites-lancome-master-catalog/default/dwfec93894/images/LAN_PRO_IMG/PRO/356.png	http://www.lancome.com.cn/dw/image/v2/AARM_PRD/on/demandware.static/-/Sites-lancome-master-catalog/default/dw1e07c7b3/images/LAN_PRO_IMG/PRO/356_1000.jpg?sw=490&sh=490&sm=fit
253	68	231	69	4	10	111	56	116	226	242	74	83	97	149	119	122	196	108	106	233	244	229	14	148	234	225	20	109	249	66	32	
2	140	150	153	244	137	172	167	30	19	90	16	172	226	32	64	203	43	34	16	50	216	66	255	44	54	158	192	148	72	129	137	
130	184	178	153	77	229	184	71	158	93	80	19	172	158	102	8	205	59	147	145	50	92	18	211	13	22	154	235	144	12	165	219	
2	156	22	153	252	129	188	231	158	27	88	50	172	254	32	64	207	59	51	145	18	152	2	247	44	22	158	234	148	8	161	137	
2	188	146	155	252	173	188	199	158	27	88	48	172	254	96	64	199	59	179	17	18	250	2	247	44	22	30	234	148	72	161	137	
198	189	50	138	237	197	188	231	139	89	153	59	140	222	108	3	175	51	223	209	210	75	154	241	63	16	15	254	20	14	167	211	
39	130	110	76	100	20	248	250	65	85	116	199	65	76	182	107	127	204	55	238	214	250	183	197	78	107	240	205	117	141	244	245	
151	219	78	201	32	151	109	145	133	85	199	214	201	7	170	109	102	144	190	238	207	149	101	213	134	216	130	196	62	157	168	116	
194	164	148	145	238	40	184	143	62	51	19	146	204	62	88	75	167	7	59	145	50	92	139	211	12	18	223	230	132	64	129	137	
166	12	134	158	68	162	170	66	148	130	211	18	8	234	49	73	104	233	19	131	32	247	2	234	16	34	202	136	133	121	49	128	
201	16	253	229	36	34	105	19	56	202	86	208	189	55	145	123	38	53	61	172	161	212	165	202	198	251	250	132	172	224	1	49	
169	100	43	170	93	165	175	87	200	64	104	14	189	221	127	160	120	42	19	29	195	35	178	171	117	13	142	40	221	90	243	232	
8	181	58	110	241	204	113	119	233	9	109	0	62	247	32	48	164	59	215	8	82	184	50	45	243	253	48	3	98	130	231	187	
151	9	174	249	21	223	90	64	215	73	198	18	15	153	50	228	224	160	159	92	62	169	49	188	139	221	128	83	50	141	248	102	
221	76	255	229	4	46	105	16	116	66	102	66	211	35	153	123	120	196	46	170	169	180	245	8	215	235	226	0	97	241	96	40	
134	180	230	209	230	34	184	207	63	243	83	179	76	190	94	11	183	23	247	181	176	212	141	194	30	26	223	198	133	68	161	209	
231	173	1	8	93	109	195	170	80	89	168	28	146	56	84	49	200	138	83	111	187	42	211	87	13	24	129	124	217	73	82	32	
235	132	110	216	93	214	90	33	221	101	231	17	83	15	54	113	192	164	59	174	60	157	117	222	127	59	192	81	48	136	248	66	
150	36	230	209	198	34	184	65	185	243	83	147	76	238	126	107	63	189	183	181	176	215	140	194	28	42	223	198	165	228	177	213	
98	0	110	76	92	70	121	41	225	69	231	153	120	45	54	113	104	164	123	172	184	143	119	93	95	43	209	76	117	160	118	82	
61	231	200	156	206	55	78	249	18	178	140	206	81	97	251	141	93	202	19	238	249	67	92	190	122	79	229	188	191	255	216	176	
134	8	154	155	117	167	184	64	30	11	83	18	140	218	32	72	255	41	51	17	50	188	27	247	13	54	26	66	144	9	33	131	
10	205	116	29	11	217	157	47	205	84	92	135	174	76	50	69	6	35	235	5	198	44	119	189	230	83	88	91	118	140	5	124	
23	105	221	193	158	119	90	218	7	160	142	2	211	87	225	44	127	240	58	250	12	17	57	216	187	158	143	55	181	251	4	44	
151	231	202	90	202	49	14	252	148	150	253	246	65	226	187	125	127	202	134	254	238	71	46	59	122	70	239	173	183	243	172	132	
0	205	2	136	20	131	174	231	6	1	88	2	32	200	48	64	104	42	2	193	82	168	0	253	40	36	138	64	21	8	176	136	
24	91	142	159	165	242	230	212	196	14	214	102	162	168	179	236	232	102	174	203	141	185	35	232	146	119	242	131	30	127	120	31	
237	177	169	72	221	85	73	217	198	113	141	8	147	85	90	174	89	2	122	124	155	2	250	17	79	217	133	124	146	10	214	244	
22	108	207	165	22	39	126	78	7	162	200	3	39	171	113	15	56	252	83	234	72	247	144	200	227	192	199	35	165	249	54	138	
60	5	106	236	212	163	238	91	85	130	253	2	91	235	185	64	120	168	23	170	152	179	0	222	242	239	163	136	183	251	112	128	
40	156	58	222	93	253	211	114	223	77	108	18	190	253	38	100	217	58	130	16	50	174	122	191	111	255	18	123	218	8	244	250	
103	205	107	74	212	172	98	200	127	1	107	139	80	252	125	112	241	202	51	222	150	50	156	119	31	44	129	76	149	211	112	102	
37	93	88	200	238	177	214	222	5	10	124	110	32	209	167	205	94	58	134	122	71	34	98	188	54	221	32	171	127	217	232	151	
223	89	224	111	178	26	95	53	113	194	87	167	251	109	151	102	54	118	189	238	253	156	237	142	230	255	37	128	39	182	8	125	
41	174	228	117	180	186	109	55	82	231	118	159	179	33	150	37	13	174	53	140	184	252	101	142	78	239	244	128	239	236	210	248	
2	141	50	153	215	241	184	71	30	5	88	163	44	188	54	0	235	43	147	149	22	184	4	215	47	20	154	235	149	76	189	206	
51	91	99	142	86	131	238	244	4	64	80	230	113	201	183	96	126	232	23	239	201	186	36	253	112	40	170	128	61	159	112	249	
24	27	145	175	48	36	15	156	42	8	73	68	247	119	9	80	212	95	29	74	11	144	217	57	228	229	170	144	16	243	3	169	
146	46	110	51	18	250	232	100	188	196	118	133	161	12	23	1	42	173	69	213	36	252	4	46	70	225	186	129	101	128	95	216	
52	177	188	242	221	205	208	72	139	189	165	9	15	223	76	26	136	155	237	16	26	107	218	144	219	211	85	127	208	10	71	66	
56	69	98	236	148	35	78	127	85	128	255	2	75	9	61	64	120	173	23	235	248	179	0	158	178	237	162	128	119	251	240	128	
135	199	87	192	182	131	172	181	157	57	19	242	220	59	188	225	199	23	63	189	243	249	13	213	42	26	239	198	140	128	225	37	
248	249	88	224	114	207	91	119	51	160	164	8	31	31	64	16	198	189	149	208	90	26	208	190	251	205	44	121	32	128	134	27	
105	147	92	93	105	240	17	63	197	13	124	32	232	115	174	244	214	18	166	8	135	42	99	213	6	255	112	203	218	130	104	141	
114	93	226	222	255	118	222	246	153	206	188	175	104	124	55	18	252	247	213	227	236	43	48	238	51	126	140	155	71	119	246	95	
226	93	114	222	253	100	158	230	201	202	184	171	44	254	53	2	238	243	215	227	224	43	130	234	51	94	206	186	5	127	39	219	
130	109	18	138	108	137	188	198	141	26	88	2	172	138	113	66	238	187	95	211	66	43	130	224	52	16	10	170	20	91	33	137	
61	5	110	237	214	50	239	127	117	192	254	2	91	43	188	97	126	206	23	234	248	179	37	142	242	239	166	132	231	250	240	160	
29	133	111	229	246	50	239	247	117	225	94	130	89	47	190	96	127	206	23	253	217	184	37	238	126	239	174	196	167	222	240	249	
26	231	194	193	159	83	93	79	71	229	76	6	11	163	122	198	121	142	134	184	94	152	180	130	187	213	151	103	179	206	252	206	
188	69	98	236	148	18	78	125	117	128	255	2	91	105	184	113	122	236	23	234	248	179	37	142	242	239	162	132	103	250	240	128	
188	140	229	125	151	115	77	255	23	242	252	210	91	109	177	175	127	222	149	172	249	254	125	158	123	207	245	180	247	252	252	248	
184	252	120	104	112	143	91	254	113	40	116	8	59	23	0	49	62	216	23	106	234	62	112	63	243	201	33	108	113	153	66	171	
187	127	171	172	50	198	153	86	16	236	216	231	49	30	131	3	238	253	85	197	173	219	161	12	240	161	174	176	109	52	38	251	
117	225	221	202	94	65	66	216	134	17	157	74	87	193	232	235	120	208	126	250	27	3	203	49	248	1	161	124	60	155	184	32	
27	235	208	211	151	155	110	198	23	161	22	162	46	1	246	228	38	194	158	92	94	184	5	224	186	93	20	115	191	156	152	12	
2	4	151	151	133	42	164	135	189	179	75	81	204	34	5	207	161	71	106	1	48	216	3	224	132	50	94	3	128	113	137	14	
99	127	233	205	110	1	157	127	2	226	220	239	176	189	213	34	206	127	55	133	201	58	229	168	102	45	188	186	29	250	48	249	
188	69	110	236	196	18	78	125	117	130	255	2	91	105	185	113	122	236	23	234	232	179	37	142	242	235	229	132	103	250	240	128	
189	69	110	229	198	18	111	125	117	194	254	130	91	45	187	97	126	196	55	238	249	179	37	142	114	235	231	132	103	250	240	224	
2	241	54	218	237	133	188	231	142	24	25	59	140	222	124	3	207	27	223	71	210	11	138	241	61	24	142	238	20	14	161	155	
130	233	22	155	236	137	188	197	174	25	81	16	140	138	104	66	230	43	51	81	82	24	194	241	12	16	218	234	20	10	129	129	
27	127	251	236	190	2	159	222	142	192	152	230	189	255	241	96	86	123	29	253	195	11	166	136	224	141	175	188	156	248	49	185	
86	216	109	173	10	99	27	184	38	100	158	167	213	63	27	72	95	213	253	227	73	0	125	21	211	231	235	149	61	115	53	122	
145	78	95	236	6	130	111	240	244	2	210	198	117	227	161	97	118	229	62	238	225	149	4	239	240	170	234	128	61	179	33	41	
149	19	29	232	186	6	155	248	148	216	149	102	85	127	169	99	254	85	29	255	249	199	41	28	250	235	239	220	157	171	33	161	
177	68	95	109	6	10	111	120	116	226	242	66	115	65	145	241	122	164	62	234	233	180	101	12	182	235	225	132	109	170	96	40	
29	96	219	234	82	17	170	216	38	1	117	194	113	199	232	232	126	88	18	254	3	150	174	113	82	205	171	172	191	147	169	176	
253	69	110	237	53	22	79	56	69	200	255	2	91	107	177	119	88	228	63	234	232	179	113	140	243	251	227	144	39	191	112	97	
130	204	2	158	93	133	142	230	150	2	64	2	32	202	49	65	200	106	19	195	98	174	18	255	33	22	154	8	17	25	48	138	
130	76	134	156	78	160	190	226	156	130	210	2	40	234	49	75	110	235	51	195	96	159	2	235	16	34	218	136	21	121	33	136	
6	206	166	151	237	244	188	175	159	255	31	179	236	236	223	175	167	119	251	151	182	216	47	225	47	30	223	199	134	125	157	215	
90	153	22	238	155	197	94	228	175	68	234	3	239	255	36	80	234	243	251	194	90	11	26	253	251	245	143	91	50	46	165	90	
252	69	124	238	61	30	78	56	69	168	254	8	123	105	53	83	216	228	127	106	232	163	121	189	243	251	225	16	114	187	112	3	
38	108	226	202	84	179	170	200	86	162	121	2	64	200	125	32	121	232	19	243	130	182	44	250	58	12	143	172	213	123	112	132	
6	140	2	154	20	163	170	224	22	1	91	2	96	234	48	64	89	42	19	147	18	186	8	255	40	38	139	192	149	75	48	128	
90	217	150	238	155	204	86	228	175	128	234	8	239	255	32	82	226	247	249	66	74	11	154	253	251	253	7	27	34	50	167	26	
57	221	123	238	118	214	95	240	101	200	124	2	123	95	176	112	126	250	23	234	201	186	56	47	243	237	161	128	103	178	102	249	
40	185	58	121	245	221	113	247	254	41	116	24	191	155	64	16	141	59	70	24	130	250	242	55	239	221	52	104	66	136	195	171	
90	185	178	184	219	193	16	71	191	85	200	187	44	223	98	80	227	187	235	129	22	75	146	241	155	241	154	123	18	4	167	90	
86	17	237	231	170	112	31	40	172	196	143	163	245	111	9	234	118	243	253	163	9	1	127	200	194	247	139	145	148	227	37	114	
70	191	181	151	171	244	190	173	158	255	27	161	236	254	79	207	135	119	251	147	182	73	235	241	47	54	223	215	134	119	133	87	
122	13	190	236	205	102	147	99	129	140	174	8	72	251	36	82	200	247	249	163	24	107	146	204	89	63	202	91	193	99	250	2	
117	104	137	160	140	45	79	154	67	243	128	88	147	48	81	186	205	196	120	125	191	102	247	18	153	158	197	124	144	121	210	100	
195	147	60	193	186	23	60	189	175	121	150	247	220	30	190	103	167	23	255	229	215	29	45	215	186	91	255	246	30	132	169	61	
252	109	225	248	221	35	70	255	83	162	184	91	91	121	81	157	89	218	149	59	249	102	91	154	251	207	229	188	255	252	242	32	
134	112	226	210	231	209	184	192	31	247	81	179	12	222	127	9	255	121	147	211	134	246	190	192	31	24	223	239	213	29	119	215	
166	12	98	158	76	161	174	65	212	130	121	18	96	232	53	72	120	168	19	163	128	183	2	202	16	44	203	168	85	123	112	128	
70	157	180	151	171	160	190	175	191	155	11	177	236	254	76	79	135	119	251	147	86	72	139	225	45	54	95	199	132	119	161	31	
35	120	249	239	238	3	157	254	14	162	28	174	181	45	213	32	207	123	19	141	193	42	119	184	102	95	159	184	29	250	19	184	
62	94	100	153	63	187	153	202	142	246	20	167	141	76	183	173	207	49	147	49	164	161	54	156	195	87	203	247	215	125	85	245	
89	210	179	236	3	36	91	248	39	106	222	110	125	119	9	116	55	213	53	234	137	18	171	241	209	174	171	140	43	247	33	51	
93	215	90	197	226	50	126	241	37	2	95	230	93	98	171	121	118	129	6	234	197	144	37	197	246	171	230	133	62	243	169	1	
15	156	230	85	235	54	189	191	251	223	54	183	104	254	255	239	183	71	243	191	247	97	191	233	110	127	223	199	207	244	249	215	
21	195	220	158	202	18	191	232	194	151	188	162	105	226	239	143	127	211	166	242	86	67	47	249	56	6	239	141	181	115	41	133	
40	159	56	95	253	205	215	191	31	111	124	24	190	61	22	48	141	122	215	8	242	56	123	191	111	255	52	249	82	200	214	251	
164	104	226	154	212	131	166	204	214	130	112	2	96	200	53	72	121	232	2	211	194	182	10	250	52	12	135	40	213	123	112	128	
9	133	245	219	244	217	101	191	95	91	126	112	187	48	156	228	91	10	54	8	183	248	99	247	238	223	54	224	254	136	216	237	
118	77	116	207	166	18	222	189	105	226	191	139	107	109	149	49	62	247	93	239	232	161	45	255	50	126	205	144	119	246	80	93	
2	188	178	155	249	173	184	199	158	27	88	48	172	254	100	8	207	59	179	17	178	122	130	243	13	30	30	234	144	76	163	155	
199	135	94	209	246	130	236	39	237	145	123	210	65	106	180	99	99	167	46	191	244	248	69	196	62	42	239	196	173	136	249	4	
194	180	244	209	238	41	184	143	63	51	19	179	204	62	92	11	167	23	255	145	178	92	139	211	12	26	223	230	133	68	129	217	
184	163	240	82	211	217	81	79	83	61	52	58	42	159	78	148	59	186	135	144	58	126	232	215	127	213	21	107	243	12	206	175	
75	187	229	157	202	211	41	55	86	241	214	230	185	37	146	239	71	230	250	140	177	216	231	157	14	99	245	208	175	228	156	253	
101	56	248	83	108	125	240	82	74	239	52	12	178	56	87	58	141	78	82	30	135	122	244	96	15	29	112	42	201	91	90	253	
43	219	57	8	112	213	159	252	15	77	124	108	60	156	182	36	158	27	151	77	199	58	48	253	115	29	36	250	95	158	134	253	
132	72	2	154	20	163	42	192	150	1	83	18	72	194	33	72	121	105	34	210	34	190	10	254	32	38	154	64	148	25	33	128	
0	183	248	225	178	139	61	191	63	47	126	246	189	55	136	84	55	27	6	0	178	184	109	215	238	199	54	198	182	128	133	169	
31	88	53	169	47	243	153	218	15	115	20	163	221	31	51	236	103	81	159	83	7	5	109	245	195	211	90	215	190	157	13	127	
247	111	81	248	157	35	70	207	83	150	184	90	3	226	229	29	217	202	68	54	126	103	111	154	184	222	133	126	177	248	242	68	
2	157	18	155	252	129	184	231	158	9	88	34	172	250	48	64	207	59	51	17	18	152	2	245	44	20	158	234	20	8	161	137	
130	164	144	145	230	42	184	143	62	51	82	18	204	170	72	72	183	15	51	145	50	220	139	211	12	54	223	228	132	64	129	137	
17	35	43	165	36	239	233	103	236	236	94	5	183	140	50	0	176	37	127	13	196	145	49	12	211	77	170	129	4	98	117	122	
33	149	123	79	116	173	235	115	109	9	127	64	179	241	156	52	156	58	6	8	147	184	48	111	111	253	32	64	66	138	194	169	
241	0	175	229	4	46	105	16	100	74	231	80	211	35	25	123	120	132	60	168	169	180	113	8	197	235	226	0	41	234	112	32	
157	119	200	164	134	42	79	216	80	194	220	255	95	97	155	139	63	192	133	111	249	102	141	10	240	199	101	140	175	255	187	17	
240	176	188	242	24	205	17	72	142	53	161	25	151	223	74	18	136	17	237	81	26	111	218	21	219	193	123	127	80	8	7	66	
41	156	57	219	125	253	147	222	223	77	116	20	190	221	38	108	201	58	147	16	178	46	122	247	79	255	18	122	210	12	213	251	
184	236	124	109	116	207	123	250	116	34	116	8	51	19	1	49	42	248	70	106	104	190	113	63	103	203	32	37	113	153	70	170	
215	6	223	229	178	34	43	17	32	194	91	246	93	103	185	106	118	245	61	190	177	149	133	202	244	174	175	132	173	227	33	49	
162	204	6	158	77	197	140	230	150	18	64	18	160	152	48	65	201	106	51	193	98	47	82	191	33	50	218	11	16	24	116	138	
134	12	134	158	69	164	174	66	148	130	195	18	40	238	49	75	108	123	51	195	32	215	18	234	17	34	218	8	149	117	49	128	
6	76	2	154	148	163	170	192	22	3	89	2	96	202	49	64	121	106	19	211	2	182	10	255	40	6	143	200	149	31	48	128	
8	185	58	120	241	205	112	119	191	9	108	24	191	159	96	16	165	59	215	16	66	188	18	183	239	223	20	107	66	0	135	155	
130	164	230	145	198	34	188	207	59	243	82	147	72	174	126	9	127	223	51	181	176	254	133	194	28	46	223	196	133	100	241	208	
237	173	184	73	189	253	66	138	86	249	12	24	146	153	80	32	201	88	92	88	27	106	243	19	207	221	37	125	218	9	82	162	
166	4	226	156	204	162	174	65	212	130	217	18	64	232	53	73	120	168	19	163	176	183	2	202	16	46	202	136	213	120	112	128	
0	205	2	136	148	129	174	231	6	1	88	2	32	136	32	64	72	42	2	192	66	168	0	253	40	36	142	64	21	8	176	136	
122	189	58	234	153	197	86	231	135	13	172	9	174	255	96	80	201	243	255	209	90	11	154	183	251	213	142	123	146	10	166	91	
120	157	58	238	155	197	94	238	135	12	236	11	127	255	32	80	248	251	223	194	74	11	26	191	251	237	142	123	51	10	164	90	
2	144	18	153	108	141	184	71	30	25	80	48	172	154	96	73	199	59	51	17	18	220	66	209	5	18	26	202	144	8	33	137	
51	75	67	206	86	131	235	244	68	64	80	198	113	200	181	100	126	232	23	239	201	178	36	253	48	40	170	128	63	191	112	252	
56	157	122	238	86	215	95	240	85	64	108	2	123	127	48	112	126	251	23	234	201	186	56	191	243	237	130	0	55	170	100	250	
118	109	224	70	182	18	222	180	105	194	190	139	107	109	151	54	54	245	221	239	232	161	173	206	58	124	141	146	103	246	82	93	
58	69	98	236	148	35	78	127	85	0	250	2	75	41	60	65	120	206	23	227	248	187	1	174	178	239	166	132	119	251	240	136	
132	72	130	154	212	131	174	196	22	130	80	2	96	202	49	64	120	106	19	211	98	182	10	255	48	6	143	8	213	59	48	136	
2	140	146	153	244	137	44	231	62	1	90	0	172	226	96	64	75	43	34	16	18	152	67	247	44	54	158	192	148	72	129	136	
242	93	242	222	247	116	158	247	217	206	188	175	104	124	55	48	223	243	213	227	236	235	176	239	51	126	158	155	199	117	247	95	
130	109	18	158	236	168	190	230	141	10	152	2	172	202	113	2	238	243	95	195	98	47	130	234	52	20	30	170	84	123	161	137	
56	205	110	231	150	18	111	247	117	64	254	2	91	41	184	96	126	206	23	250	248	186	37	172	250	239	166	196	167	250	240	168	
60	69	102	236	212	18	110	253	117	128	254	2	91	41	184	113	122	206	23	234	248	187	37	174	242	239	230	132	103	250	240	136	
137	159	95	185	98	146	41	49	60	76	86	244	221	70	162	213	86	41	166	108	241	156	103	95	76	35	106	192	12	128	171	241	
179	145	233	239	54	13	191	45	88	65	95	155	243	124	30	34	158	30	83	5	227	184	245	11	103	45	168	48	77	138	210	248	
9	222	123	169	50	210	63	49	117	78	87	228	221	23	162	228	86	60	158	110	245	156	109	175	230	247	50	196	62	134	173	245	
130	237	18	154	108	129	190	231	140	26	24	2	172	222	120	66	238	51	95	195	66	11	138	243	36	16	142	170	20	90	161	137	
95	72	234	200	67	180	127	142	47	68	78	3	24	158	55	120	246	133	59	206	198	17	49	211	119	61	130	5	18	215	105	94	
154	114	55	158	47	147	144	116	149	74	215	246	110	29	172	165	110	177	223	227	233	167	1	239	146	82	90	130	79	141	44	61	
25	205	110	231	214	18	239	245	117	224	254	130	89	47	190	99	126	198	63	238	249	185	37	236	118	235	230	132	103	187	240	232	
2	218	39	213	102	133	188	247	158	122	18	102	112	159	164	96	175	147	55	129	195	29	3	253	53	14	255	130	29	24	17	59	
130	233	22	155	236	137	188	231	174	16	89	18	140	202	112	66	231	43	19	19	82	24	138	241	44	16	142	234	20	10	161	129	
35	155	229	1	206	251	180	231	207	119	122	183	0	44	182	36	175	3	162	5	149	56	54	215	14	22	86	71	221	108	221	222	
67	27	250	158	230	144	183	85	205	68	94	167	34	252	167	64	206	42	170	69	196	185	38	232	118	52	2	3	148	190	56	95	
66	75	251	28	74	201	159	6	205	68	90	135	36	172	55	72	230	99	43	69	132	184	103	123	87	46	120	139	117	156	5	95	
19	78	107	60	74	235	191	230	76	78	88	143	117	44	55	0	46	97	119	71	132	185	38	125	85	47	120	137	117	123	7	219	
30	220	42	225	36	197	127	246	7	102	142	167	191	215	99	96	253	217	159	195	75	149	57	191	243	197	143	135	62	191	52	122	
2	188	146	155	249	173	184	199	158	27	120	48	172	254	100	8	199	59	179	17	18	122	194	243	13	30	30	234	144	76	163	155	
164	105	226	158	212	131	174	196	86	130	112	2	96	200	53	64	120	232	2	195	224	183	10	250	48	14	143	40	85	123	112	136	
60	5	66	236	212	163	70	123	21	128	253	2	83	235	61	64	120	170	6	40	24	179	0	158	242	239	163	8	183	250	240	128	
26	183	226	128	151	208	112	199	199	109	158	7	10	172	126	132	233	138	142	144	95	185	180	192	187	85	148	247	175	14	252	94	
162	158	87	153	126	163	178	246	140	217	80	247	132	11	160	65	207	49	7	113	179	140	66	126	44	18	186	194	156	129	49	153	
41	153	9	185	77	103	201	250	16	113	228	28	147	37	18	41	200	136	18	237	59	122	112	21	197	155	201	124	89	41	90	240	
6	88	158	155	116	167	184	192	30	9	81	18	156	218	33	72	255	41	51	81	34	180	26	242	5	54	26	66	144	25	33	131	
13	207	148	151	162	58	174	165	252	19	75	244	236	98	137	207	35	71	234	218	49	208	15	96	44	35	127	68	136	115	169	128	
130	126	84	219	62	139	144	92	223	13	240	101	166	26	165	69	206	49	206	80	182	173	65	253	174	176	50	211	220	137	37	15	
45	188	1	168	93	37	73	250	86	112	236	28	147	86	114	53	93	136	18	252	191	106	119	21	205	201	129	124	91	141	114	240	
248	73	37	126	29	197	201	32	198	8	226	8	123	156	52	241	200	176	125	201	88	47	115	189	81	233	128	88	83	7	116	106	
139	239	198	218	219	145	108	253	191	152	220	230	104	226	189	181	126	162	158	188	231	73	14	223	62	88	135	139	191	182	120	13	
55	199	229	24	154	7	79	249	86	150	232	199	65	106	255	75	93	202	3	238	252	67	15	88	122	14	207	172	181	243	228	212	
192	159	95	153	122	137	176	50	60	72	114	245	228	98	132	65	134	51	110	96	241	140	71	127	12	34	106	202	92	128	137	145	
18	171	50	184	123	193	184	103	159	5	216	179	44	206	102	64	231	187	139	129	86	11	130	247	187	116	154	235	21	4	175	223	
57	157	123	111	116	135	111	240	116	72	126	66	115	125	176	112	126	234	22	238	201	186	60	63	119	175	164	128	119	186	114	233	
120	249	18	110	153	205	86	244	171	8	172	8	126	255	32	80	240	243	253	66	74	43	154	189	251	253	4	59	114	50	230	10	
237	161	161	104	157	53	67	155	87	49	141	28	155	233	88	204	217	138	233	253	155	98	219	147	203	221	133	124	219	141	210	48	
167	104	226	222	84	147	174	200	86	130	81	2	104	200	117	0	121	233	19	211	198	182	46	250	56	12	143	168	213	127	112	192	
105	77	100	76	125	159	79	58	69	104	254	10	123	121	181	117	88	230	95	106	201	170	113	189	119	253	165	144	115	191	112	37	
134	12	150	151	214	162	168	67	180	131	83	18	76	234	56	73	123	45	19	177	48	213	8	206	24	38	223	196	133	104	177	128	
55	131	204	133	202	19	141	235	130	180	156	198	65	102	247	38	93	196	98	188	206	75	239	153	56	6	207	181	183	238	188	196	
168	152	184	218	221	253	145	199	223	79	116	18	190	221	38	108	201	59	130	17	34	46	122	243	79	223	18	123	218	8	220	250	
6	73	134	155	212	131	174	196	150	0	82	2	104	202	33	72	120	107	34	210	98	182	10	254	48	38	159	192	149	57	161	136	
70	235	166	149	175	22	188	174	191	187	26	227	236	252	93	14	183	87	123	245	150	73	139	249	47	30	223	206	132	116	145	215	
249	4	253	101	36	42	105	27	113	226	246	72	211	33	149	127	122	196	108	40	169	244	229	10	196	235	97	16	103	232	82	33	
134	121	226	147	231	193	188	192	158	222	81	163	140	220	119	9	254	121	147	211	194	246	154	224	21	16	207	175	21	127	53	215	
91	212	96	109	50	154	94	53	117	194	95	167	107	125	150	116	54	253	189	239	253	156	101	206	226	255	37	146	39	182	144	117	
253	127	69	160	174	35	70	158	67	250	152	255	79	33	209	159	59	196	205	115	237	103	205	154	186	193	101	188	191	253	248	1	
108	131	148	105	189	91	209	175	75	61	189	40	206	112	200	178	217	18	236	48	26	42	107	21	109	247	53	247	210	10	214	35	
179	73	98	204	68	18	238	96	217	192	218	131	104	236	183	33	126	237	55	231	228	243	174	236	54	40	207	136	101	254	115	212	
52	216	47	225	44	198	95	178	132	232	158	227	211	31	49	96	221	245	61	227	201	145	113	28	201	167	239	212	12	58	20	115	
70	171	180	151	175	132	190	172	142	187	154	227	236	254	93	70	183	119	251	215	150	73	139	243	45	54	207	254	132	118	5	7	
132	12	2	158	212	163	174	66	148	130	81	18	96	234	49	73	121	104	19	131	32	182	10	234	16	38	202	8	149	105	48	128	
27	133	235	193	214	50	239	255	85	193	222	146	25	175	188	100	127	207	23	189	179	187	36	206	126	111	190	196	167	222	241	252	
248	237	88	241	83	205	94	246	49	164	100	9	191	159	64	17	166	187	149	64	104	158	208	191	247	193	20	97	34	144	6	138	
84	177	156	179	136	205	17	41	174	181	135	25	151	247	72	91	129	19	105	16	26	73	219	16	201	135	127	125	128	0	135	66	
207	91	66	216	223	144	110	188	245	8	116	230	104	195	181	252	118	226	182	252	131	32	6	255	62	127	135	203	191	181	104	61	
15	165	97	67	247	185	170	211	79	97	125	230	25	12	222	164	63	11	147	157	151	184	108	215	14	28	139	228	239	199	203	244	
35	140	167	117	181	174	109	55	121	235	102	93	162	45	22	53	129	46	53	13	184	248	113	175	239	254	84	0	202	204	210	124	
230	123	230	150	239	81	190	200	201	246	113	171	72	236	255	43	254	253	247	231	196	115	174	224	55	24	207	175	71	127	119	215	
71	187	228	85	239	22	188	175	251	243	146	231	104	252	215	47	167	71	251	181	246	105	175	249	46	62	223	223	199	116	177	223	
31	13	99	202	212	178	239	119	245	195	223	210	89	238	182	228	123	174	23	189	189	179	36	206	58	110	167	192	167	238	241	228	
24	254	43	181	38	193	255	250	20	230	28	167	61	205	115	0	187	105	151	231	192	61	58	255	241	197	175	173	53	62	53	250	
35	66	109	159	84	130	232	80	86	97	83	199	17	8	150	104	120	172	51	221	135	190	101	180	4	42	186	192	61	141	240	212	
2	153	18	155	252	129	184	231	158	25	88	34	172	234	32	64	207	59	51	17	18	152	2	245	44	20	158	234	148	8	161	137	
132	88	155	187	230	199	187	194	30	9	82	18	180	210	33	72	251	57	51	83	35	156	26	243	69	6	62	74	144	25	37	163	
32	237	96	92	76	17	206	238	83	32	248	10	96	232	181	33	88	202	38	227	234	122	238	253	54	56	199	44	85	251	114	140	
134	132	130	145	148	162	46	71	52	131	91	18	72	226	40	72	123	47	51	176	48	212	0	206	8	38	159	196	132	104	177	128	
60	5	66	236	212	163	198	127	21	129	252	2	67	235	60	64	120	170	6	56	24	187	0	158	114	239	167	8	247	250	240	128	
171	152	177	219	125	253	177	223	95	95	116	20	190	221	54	108	205	59	183	25	163	174	114	255	79	95	18	234	210	12	213	255	
134	121	250	154	231	197	190	192	158	216	81	163	28	222	117	11	238	121	179	211	192	114	154	224	53	16	207	171	21	127	181	211	
134	73	130	154	212	130	174	198	150	130	82	2	104	202	49	64	120	107	51	211	98	154	10	255	48	38	143	136	21	123	177	136	
134	122	138	155	118	193	190	192	30	142	80	183	172	206	99	8	255	121	147	211	34	182	10	250	68	23	191	171	149	61	53	219	
57	221	123	234	84	199	123	246	85	73	124	2	51	255	48	112	124	250	23	200	203	186	56	63	127	207	164	64	115	138	116	186	
164	4	194	156	212	163	166	75	148	130	89	18	64	232	57	72	89	42	2	33	48	182	0	138	32	38	130	8	213	120	176	128	
2	164	226	145	214	34	172	199	126	99	90	147	8	46	126	40	127	207	51	149	178	252	133	226	60	14	222	196	133	84	177	220	
120	189	26	234	185	193	22	247	143	9	188	41	190	255	96	80	213	251	221	16	26	11	202	191	251	213	45	251	146	10	134	27	
208	160	156	178	8	205	17	40	190	55	135	25	151	151	74	91	129	17	237	17	10	77	219	23	201	195	123	125	128	0	13	74	
134	120	154	187	242	195	187	192	30	15	81	50	188	222	33	72	255	123	147	211	34	190	10	255	69	7	191	139	148	25	37	131	
86	195	197	13	139	6	142	237	135	144	136	199	65	238	117	198	124	213	235	245	202	11	207	217	57	6	143	220	189	182	160	60	
56	205	110	231	150	18	111	244	117	192	254	2	123	41	180	96	126	206	55	250	216	185	45	173	250	239	166	196	39	186	240	168	
89	205	110	231	150	18	239	252	117	224	254	130	121	47	190	96	126	198	63	238	201	185	45	239	122	239	166	132	39	186	240	104	
233	16	173	101	5	110	65	17	96	106	231	24	211	49	25	123	88	132	120	40	169	246	241	8	199	251	208	16	200	232	82	40	
37	192	123	91	116	189	235	208	127	9	119	80	211	209	188	60	31	8	6	26	179	180	44	119	70	190	48	192	218	139	66	161	
130	205	18	154	236	161	190	231	136	27	25	18	172	254	120	2	239	51	95	131	114	11	138	243	52	16	158	234	20	90	161	137	
237	0	77	237	36	46	75	24	68	202	247	84	211	65	153	123	88	132	60	174	169	182	125	8	196	251	225	4	104	171	112	32	
60	205	102	238	212	3	78	255	85	128	250	2	75	41	60	65	120	206	23	227	248	187	9	174	186	239	166	192	247	251	240	136	
123	163	161	133	157	23	142	111	6	165	138	207	64	164	86	134	92	198	232	173	220	11	255	157	185	36	143	124	3	46	144	100	
27	197	234	193	214	146	239	255	87	193	222	2	89	171	188	100	123	239	23	189	186	187	37	238	126	111	190	196	167	222	240	232	
18	175	98	152	243	193	190	103	175	5	216	163	44	142	38	80	238	187	143	129	86	139	2	255	178	116	154	203	53	4	173	223	
6	4	130	156	148	162	174	71	20	131	91	18	64	234	56	72	121	110	19	177	48	182	0	206	40	38	158	192	149	120	176	128	
184	76	124	127	68	239	119	114	244	38	100	24	63	27	1	57	42	186	71	74	104	190	80	63	71	203	112	1	115	217	70	170	
132	77	130	154	212	131	174	196	150	130	80	2	96	202	49	64	120	106	19	211	98	190	10	255	32	38	143	8	21	123	48	136	
199	250	253	183	162	4	61	148	170	218	23	245	253	127	201	107	39	117	61	207	227	68	239	225	228	251	255	128	12	243	129	121	
162	204	20	156	77	197	148	238	158	27	192	18	164	184	32	75	201	42	59	1	98	111	82	183	37	50	218	59	16	24	180	138	
107	141	100	77	125	159	111	55	205	40	254	8	42	41	180	244	200	166	94	8	201	186	101	255	55	255	128	144	87	204	80	45	
38	76	130	154	212	131	174	196	22	2	80	2	96	202	49	64	121	106	19	211	98	182	10	255	40	6	143	136	149	27	48	136	
120	253	58	110	245	141	87	246	97	8	252	8	59	251	32	48	220	250	4	106	218	171	56	63	251	253	36	184	114	154	226	171	
33	221	123	79	116	143	239	246	84	72	126	66	115	113	180	36	124	234	22	238	225	186	36	63	103	47	164	128	119	138	112	233	
26	189	18	248	19	205	20	103	175	1	232	0	174	159	32	16	167	59	217	0	82	169	18	255	187	213	26	75	18	0	167	27	
31	5	99	204	212	178	239	119	213	193	223	2	89	232	190	100	121	234	22	185	185	187	36	206	122	111	167	192	183	238	240	228	
166	105	226	156	212	131	174	228	214	130	80	2	96	232	53	0	120	234	19	195	224	178	10	251	48	46	143	168	85	122	112	136	
11	167	192	204	125	151	74	121	87	169	213	230	104	195	188	228	126	172	150	172	255	31	12	223	62	92	135	175	63	142	248	45	
39	232	44	73	93	183	72	234	71	113	172	12	130	1	86	180	201	136	82	156	31	10	115	149	15	91	193	124	154	140	90	228	
47	36	226	1	87	54	234	202	123	227	125	214	8	140	223	172	123	141	147	157	135	182	188	194	30	28	159	167	207	87	122	212	
90	129	148	188	9	253	16	35	175	5	139	17	174	190	34	202	192	51	233	1	22	9	211	209	129	247	90	91	144	68	141	14	
29	19	204	231	134	18	111	248	2	150	215	230	83	101	155	143	63	212	164	238	201	194	63	8	58	231	229	132	175	251	48	240	
88	241	184	172	154	80	22	109	2	224	136	171	111	238	234	192	122	157	236	241	94	11	142	29	184	197	175	255	53	38	173	87	
127	127	73	128	206	53	78	187	19	246	172	207	19	36	215	187	95	196	220	126	237	71	247	146	58	75	229	188	189	252	250	85	
25	158	242	173	50	242	63	51	53	79	95	228	223	39	162	228	118	46	150	14	205	144	37	191	226	245	42	134	46	228	169	245	
0	205	2	136	20	129	142	231	4	0	88	2	32	136	48	64	72	42	19	193	66	168	0	253	32	36	138	64	21	8	176	136	
25	155	99	169	34	243	63	51	53	76	94	231	157	151	162	228	119	40	150	46	213	152	37	159	198	247	171	132	62	228	189	245	
154	89	163	239	82	202	171	85	24	200	90	231	189	149	177	192	102	127	151	81	193	152	176	46	101	36	42	128	189	26	21	249	
242	221	246	222	247	214	158	255	153	207	186	187	106	252	54	48	255	247	245	129	254	235	50	239	59	126	158	155	199	116	246	95	
225	36	253	101	164	46	105	23	113	170	247	88	211	33	145	59	2	164	108	8	185	252	225	10	198	251	112	0	228	232	66	33	
205	28	255	247	164	44	105	18	124	75	119	112	223	55	152	123	38	118	60	138	177	180	229	226	197	251	114	128	132	225	193	49	
59	251	98	216	181	208	82	87	19	205	220	167	42	156	230	36	222	186	149	84	159	175	164	230	250	221	176	235	142	142	254	215	
26	233	66	170	23	243	251	215	39	76	220	134	43	137	51	132	56	171	151	201	78	187	60	221	179	93	138	239	119	150	63	206	
130	144	18	153	101	173	184	67	30	25	80	48	172	158	96	73	198	57	51	17	18	220	3	209	5	16	90	194	144	8	33	139	
39	199	13	154	220	38	207	221	18	94	93	86	80	229	187	45	93	74	18	254	251	71	122	55	97	50	207	236	146	251	244	244	
22	73	47	172	30	135	158	64	133	228	138	131	231	204	51	1	174	241	91	231	76	161	20	124	179	0	139	18	53	123	53	70	
3	143	66	136	214	145	188	103	4	4	88	231	40	136	182	196	110	43	147	197	214	138	4	253	34	36	138	195	29	12	185	205	
35	171	167	85	244	142	232	39	255	249	114	85	176	172	20	98	141	63	123	13	181	248	211	237	15	62	220	128	72	136	208	220	
34	187	178	218	253	197	176	199	159	93	120	47	172	220	102	0	205	59	151	17	150	42	218	241	47	20	158	235	209	12	183	223	
91	220	98	79	54	154	94	55	125	64	223	163	75	28	150	116	54	181	157	175	236	137	101	239	34	126	132	146	39	166	208	85	
17	83	250	140	118	146	187	64	84	196	94	167	113	204	190	96	118	169	2	245	198	183	36	110	114	45	162	137	109	138	121	93	
2	164	146	145	246	170	184	207	62	51	90	146	204	174	104	72	55	31	51	144	50	220	137	211	12	6	159	228	132	64	161	137	
47	59	136	129	205	55	77	159	67	246	140	76	130	32	87	190	77	204	240	28	205	74	245	144	47	24	149	60	154	252	90	252	
8	155	147	173	36	42	163	242	40	13	90	228	156	163	160	194	214	79	134	65	145	184	128	97	196	165	42	132	76	43	43	145	
83	221	107	167	54	10	111	252	101	224	94	230	121	102	147	116	54	239	125	239	193	152	173	237	180	236	175	128	45	179	35	125	
60	13	106	94	212	179	231	115	213	128	255	2	115	233	181	100	88	234	6	170	184	171	46	191	122	239	167	8	247	250	240	160	
25	91	145	237	50	150	175	86	16	200	92	102	189	55	161	228	38	127	148	200	129	152	177	171	164	237	170	128	191	177	9	185	
182	87	98	168	147	115	158	103	29	71	217	191	12	46	39	73	254	155	159	163	124	135	4	206	178	68	154	159	181	85	174	215	
114	77	102	196	118	18	254	54	233	192	186	139	105	111	149	50	62	245	93	231	232	163	37	206	50	126	141	144	103	246	82	93	
31	11	234	44	147	18	190	100	196	196	206	135	79	236	51	0	126	237	145	229	220	187	52	140	242	229	138	1	111	190	63	214	
27	223	83	175	242	138	111	180	45	96	90	230	125	102	146	116	54	239	31	239	197	152	45	253	180	238	175	128	63	182	161	125	
51	13	98	204	86	146	254	103	121	192	94	131	104	172	182	97	126	239	55	239	196	187	164	205	54	40	202	128	103	188	115	220	
27	205	107	191	150	131	239	246	22	65	78	135	121	239	50	100	127	235	19	207	203	184	60	255	255	111	142	64	55	158	177	248	
2	141	16	153	252	137	184	231	30	17	88	18	172	138	48	64	207	43	51	17	82	24	66	247	44	20	158	234	20	8	129	137	
162	237	226	156	84	131	174	231	86	128	88	2	32	232	53	64	120	234	2	195	226	186	0	255	48	46	143	136	85	120	112	136	
132	89	155	187	246	195	191	198	30	136	82	98	181	215	33	72	250	123	51	211	99	156	10	123	229	134	190	136	148	89	165	171	
2	165	146	145	214	162	190	239	62	35	90	146	76	174	120	64	119	31	51	145	50	152	129	247	44	6	159	196	132	64	161	137	
128	77	130	156	212	131	174	230	22	130	88	2	96	202	49	64	120	106	19	195	98	186	10	255	32	38	143	8	20	121	48	136	
6	4	130	137	148	162	174	103	20	131	90	18	72	234	56	64	121	111	19	177	48	152	1	206	40	38	158	192	133	120	176	128	
130	77	130	158	212	130	174	230	150	130	90	2	104	234	33	64	120	107	51	194	98	154	10	255	40	38	142	136	21	121	176	136	
56	133	98	204	212	179	238	255	213	129	254	2	81	235	188	64	121	234	23	248	154	187	32	238	122	239	166	192	183	218	240	136	
11	152	176	219	109	253	177	223	95	95	116	0	188	221	102	237	205	59	151	17	147	120	114	241	79	95	26	234	210	76	197	255	
32	237	96	77	220	137	198	239	67	48	248	10	162	40	148	33	73	238	119	65	234	58	199	191	62	28	135	60	85	72	210	140	
2	172	226	129	214	162	174	199	62	99	90	147	12	174	124	64	127	79	51	149	178	216	13	227	60	14	158	196	133	84	177	216	
34	4	130	141	212	34	174	207	20	131	90	18	64	232	56	64	121	110	19	177	48	186	0	206	40	38	158	196	149	120	240	128	
226	221	178	222	252	164	158	239	155	11	184	58	236	254	60	2	239	115	215	161	242	43	138	255	61	62	158	186	148	124	163	155	
188	12	86	190	193	239	116	99	189	134	107	25	111	251	33	153	187	185	197	34	60	245	18	142	147	247	81	3	242	113	14	130	
6	121	187	191	238	197	191	230	158	152	88	35	180	222	113	1	254	123	19	195	67	219	10	224	117	0	239	170	21	123	181	187	
33	67	101	155	84	131	232	80	84	97	83	198	209	8	156	104	120	172	51	223	139	176	69	180	4	42	186	192	61	139	240	160	
237	88	157	229	36	46	67	16	68	234	247	68	211	17	17	123	200	100	60	110	169	244	241	40	197	251	225	4	72	249	80	32	
59	237	234	201	212	146	239	254	87	65	222	2	89	169	188	100	123	239	23	253	218	187	45	255	126	111	174	196	183	158	240	168	
207	114	189	246	40	100	61	156	186	218	21	244	253	255	217	107	151	85	125	239	161	69	171	224	203	251	255	188	140	243	1	113	
99	141	102	92	124	159	232	55	205	73	126	8	170	168	182	116	202	162	22	8	151	186	100	255	39	62	144	144	87	204	208	237	
128	204	148	157	13	237	144	142	158	23	192	16	174	186	33	75	201	115	171	1	34	109	83	179	133	242	90	27	16	89	21	138	
130	205	130	154	148	129	142	204	22	2	88	2	96	202	57	64	89	106	19	211	98	162	10	191	40	6	159	136	20	91	176	136	
37	75	123	91	228	153	239	144	126	16	123	66	211	200	189	41	122	202	6	94	195	176	110	113	70	8	166	64	125	155	208	164	
40	189	120	106	240	143	87	247	117	8	124	40	191	127	128	48	222	250	23	104	218	186	104	63	239	205	36	104	114	154	194	171	
146	143	6	152	90	128	188	103	140	4	218	167	172	142	50	64	110	171	159	197	246	139	6	255	180	32	154	203	21	4	189	223	
26	157	22	250	91	205	48	103	173	1	104	8	44	255	36	80	166	179	211	0	82	171	18	253	251	244	18	75	82	0	167	27	
237	16	189	111	13	110	65	25	97	235	231	28	210	49	24	123	216	4	120	44	185	246	249	0	197	251	64	20	202	106	82	32	
130	157	50	154	252	165	190	239	139	27	57	58	236	254	108	2	207	115	87	161	242	43	138	255	60	30	159	238	148	88	163	137	
19	221	107	239	54	2	111	240	109	192	94	230	121	102	179	116	118	237	31	239	201	153	45	253	244	237	175	128	61	179	33	253	
90	191	112	170	186	201	18	183	143	69	152	173	175	255	96	80	151	123	223	81	218	10	218	255	250	213	47	251	54	142	133	91	
35	13	98	221	214	146	236	103	93	192	90	131	40	172	182	97	126	175	51	133	244	186	36	207	54	46	138	128	69	236	241	220	
7	211	133	204	137	22	143	253	134	89	140	70	80	230	191	230	93	66	122	254	223	3	127	209	41	46	207	220	154	126	160	244	
88	160	152	242	8	205	81	24	167	63	167	25	151	151	74	90	129	149	109	16	10	69	219	19	217	135	49	125	32	129	6	98	
182	79	98	130	210	34	190	231	29	7	153	183	64	46	63	73	127	211	155	167	252	143	77	238	176	6	158	131	181	95	189	222	
2	13	98	157	214	130	174	103	156	192	90	131	40	174	54	65	126	235	19	165	208	187	134	239	52	44	206	136	5	108	49	216	
92	32	152	186	40	237	81	10	38	63	141	25	151	151	74	88	129	145	237	17	14	7	218	19	209	197	56	125	176	65	13	66	
112	179	136	172	56	33	90	74	2	173	217	237	215	238	83	16	221	157	229	177	14	3	207	25	216	197	169	189	184	107	30	18	
39	115	226	6	77	20	254	64	201	206	245	143	72	200	127	142	252	237	179	231	204	247	190	192	22	56	207	175	79	63	122	214	
92	179	136	172	186	32	30	169	130	137	152	237	239	234	107	64	213	219	173	241	158	3	206	17	248	197	175	253	188	98	40	19	
161	205	99	95	244	143	239	247	94	73	124	70	176	197	180	100	94	42	18	204	243	184	101	255	44	62	166	192	95	136	240	237	
2	205	2	140	148	128	172	103	4	1	90	2	40	10	48	64	72	43	19	193	82	136	0	253	32	36	138	192	20	8	176	8	
93	211	146	174	155	128	30	141	134	73	154	231	239	234	235	192	246	195	172	215	223	3	142	225	184	228	47	204	172	55	169	81	
242	221	182	222	247	246	158	255	27	203	250	59	108	252	54	48	255	247	183	129	254	235	48	255	59	126	158	155	135	84	247	95	
161	217	123	91	244	199	227	247	86	73	124	96	176	213	180	36	92	58	22	88	211	186	112	127	111	28	52	224	83	136	224	249	
89	205	106	231	22	18	239	244	101	224	254	130	121	111	179	96	126	230	63	238	201	179	173	237	118	239	167	132	39	187	240	104	
35	200	67	140	68	147	238	244	69	64	80	198	32	72	180	228	108	96	18	239	197	186	36	253	32	40	138	128	31	158	120	188	
130	144	146	153	101	173	56	66	158	25	82	48	172	150	96	73	199	59	147	16	18	220	2	209	5	48	26	202	144	8	33	139	
201	52	255	119	164	46	109	23	121	139	119	48	211	33	152	123	6	102	108	8	185	252	225	2	199	251	112	0	192	192	195	33	
205	148	191	251	164	44	125	154	253	91	119	112	221	247	169	123	167	87	61	26	179	196	170	226	207	251	118	204	128	225	161	113	
60	205	102	239	212	18	110	244	85	0	254	2	123	41	180	64	122	206	23	235	216	187	45	237	250	239	167	196	119	154	240	136	
7	209	1	216	221	165	138	233	31	81	192	30	120	220	124	164	221	155	19	221	147	2	22	245	25	28	138	108	153	141	177	176	
27	219	114	201	246	145	191	247	15	101	92	231	45	142	190	196	126	251	151	197	199	153	36	253	62	77	174	226	63	158	169	253	
152	94	107	168	22	226	187	119	52	196	206	151	51	205	50	69	126	169	145	189	232	181	53	142	241	101	138	0	103	140	53	240	
16	157	123	244	114	202	180	103	120	130	122	242	61	191	160	33	50	127	151	1	113	249	164	111	126	231	118	131	101	224	167	171	
27	159	34	195	181	215	247	113	149	77	221	231	42	253	190	164	254	58	151	132	223	169	40	255	170	93	170	195	127	142	252	223	
153	219	86	173	51	210	59	53	37	77	214	244	143	7	162	230	102	12	140	252	255	137	33	205	138	241	162	215	46	132	173	117	
38	127	106	150	238	192	190	228	200	204	88	163	104	236	55	35	238	249	179	231	196	243	174	236	55	56	207	171	69	127	119	223	
34	121	226	158	111	209	188	198	155	84	80	163	172	142	119	9	206	123	179	195	70	74	230	241	23	16	218	171	21	93	53	222	
152	191	18	169	54	138	35	80	36	12	94	100	157	131	130	196	118	60	132	249	211	184	129	143	224	229	42	192	46	166	41	177	
19	89	107	231	54	10	111	248	101	224	254	230	123	102	147	116	54	237	93	239	201	145	45	237	244	237	175	128	45	179	99	125	
34	187	48	155	255	205	188	199	31	93	120	175	172	222	102	0	207	59	151	81	214	58	74	247	45	20	30	235	213	12	135	223	
46	236	211	82	241	249	162	198	59	1	109	104	40	247	236	180	179	90	130	88	19	26	170	247	47	28	20	107	194	87	207	174	
27	205	35	222	21	151	238	230	23	65	206	2	121	239	48	228	121	234	19	207	75	155	60	255	251	111	159	0	51	95	240	232	
226	93	98	158	127	208	158	230	137	68	220	171	40	236	55	3	206	243	147	199	230	43	254	255	55	52	142	187	87	31	118	222	
2	205	16	155	246	137	190	239	14	1	88	2	172	138	48	64	254	59	19	1	82	24	66	247	44	20	158	234	20	10	129	137	
2	133	130	129	148	162	174	231	54	1	90	18	72	234	40	64	127	111	19	144	50	152	1	255	44	38	159	196	132	66	177	136	
0	205	2	156	148	131	174	231	22	0	90	2	32	234	49	64	120	106	19	193	98	186	2	255	32	38	142	0	21	120	176	136	
2	77	2	156	148	130	174	103	150	130	90	2	40	234	49	64	120	107	19	193	96	154	2	255	40	38	142	128	21	120	48	136	
104	48	185	99	165	110	81	13	121	123	103	24	210	49	72	122	145	22	104	56	25	244	241	0	207	255	80	87	194	74	198	98	
2	133	130	137	212	162	174	207	22	131	90	2	64	170	56	64	121	78	19	145	18	186	1	238	40	38	158	196	133	90	176	136	
165	239	103	75	228	137	238	220	100	18	121	198	209	200	221	32	123	202	2	255	195	176	78	34	36	8	167	4	125	251	240	160	
2	193	2	136	148	129	140	103	4	1	88	2	32	8	48	64	72	42	19	193	82	168	0	221	32	32	138	192	21	8	176	136	
2	135	34	136	150	225	184	103	6	5	88	163	44	174	50	64	110	27	131	149	22	136	4	221	40	4	154	195	21	12	189	207	
237	82	31	231	36	14	103	20	232	202	119	68	243	81	185	123	216	100	60	110	233	244	113	8	229	251	96	16	74	187	80	41	
214	205	130	154	218	34	174	230	20	3	202	147	68	46	41	73	125	215	27	167	124	143	77	238	184	38	222	142	149	119	177	138	
218	165	16	184	153	216	16	7	191	29	65	25	143	154	106	217	193	155	205	17	62	78	210	151	187	241	26	127	144	4	141	2	
32	77	98	156	212	131	174	103	86	128	88	2	32	232	48	64	120	42	2	129	224	186	0	255	48	38	134	0	85	120	176	136	
60	201	102	238	20	18	110	252	69	128	254	2	123	105	184	96	122	228	63	235	200	187	45	189	250	237	167	132	119	186	240	136	
182	4	150	188	195	171	116	103	189	147	98	25	78	242	41	221	179	255	134	32	48	253	16	206	177	246	86	3	192	113	143	134	
207	112	189	230	40	36	91	152	58	251	21	112	221	119	217	123	151	85	125	251	163	68	235	192	206	219	111	188	140	243	1	113	
130	141	178	158	252	160	190	239	155	11	184	26	236	254	60	2	207	115	31	161	242	107	138	255	60	30	223	186	148	120	161	137	
6	12	148	159	141	237	148	3	158	151	201	17	174	248	35	74	193	115	235	17	50	237	90	227	133	182	90	27	144	109	189	2	
35	157	50	94	117	188	248	119	253	73	126	0	172	248	52	100	172	59	54	1	182	185	50	255	39	62	18	74	82	12	209	239	
125	201	110	239	22	18	111	252	101	192	254	2	123	235	177	96	126	228	63	234	200	179	45	173	242	233	167	128	103	179	112	40	
34	173	0	156	220	129	174	239	22	0	88	2	32	232	48	65	89	74	19	225	98	250	67	255	60	4	207	172	21	120	176	136	
82	173	146	162	155	196	126	239	175	37	138	3	172	182	96	80	161	215	249	208	90	9	155	245	185	244	143	127	128	82	165	10	
130	157	144	154	252	165	190	239	155	27	56	58	236	254	44	2	207	83	87	161	114	107	138	255	60	30	159	238	148	72	163	137	
34	173	96	157	252	171	236	103	95	97	120	10	160	40	20	32	201	174	51	1	240	186	197	191	60	30	158	224	85	72	210	140	
2	157	18	190	219	193	48	103	191	1	105	51	44	254	36	80	178	187	131	128	50	27	18	255	63	180	26	75	16	0	167	155	
40	237	120	111	118	143	103	255	84	0	124	8	51	41	144	48	58	234	6	106	243	184	125	63	111	143	36	64	117	154	194	168	
110	226	224	146	75	129	91	216	19	182	9	175	108	195	73	148	23	217	231	211	74	86	206	243	92	22	141	254	54	167	6	102	
35	205	97	95	116	155	238	191	95	65	90	198	184	8	180	228	90	42	18	205	199	184	103	253	44	62	158	192	95	142	241	252	
2	251	112	155	126	201	190	239	30	65	88	167	172	158	102	0	238	59	147	81	210	58	74	245	44	20	30	235	21	14	133	219	
60	205	102	239	212	146	238	252	69	0	254	2	123	105	180	64	122	239	31	235	200	187	45	253	250	237	167	196	119	154	240	136	
110	234	209	210	203	208	38	204	59	63	77	234	108	231	77	220	55	223	163	210	82	94	138	243	31	86	149	239	146	151	174	172	
230	232	209	82	203	209	182	232	27	50	37	40	104	223	205	180	155	219	162	210	71	86	202	243	31	28	21	111	83	23	110	174	
33	221	121	91	118	207	243	246	95	64	124	98	49	85	160	32	94	58	23	88	195	184	121	127	111	141	52	192	119	154	196	185	
90	253	88	234	147	205	94	247	63	1	108	139	191	95	32	80	182	251	149	208	90	26	88	255	251	197	15	123	54	134	135	90	
162	177	32	147	205	197	180	79	30	125	81	191	140	156	108	9	205	27	147	145	82	122	218	208	13	16	223	239	149	12	151	211	
204	180	190	115	164	44	125	151	249	155	55	16	223	243	216	59	135	102	108	24	178	252	163	66	207	255	116	64	192	192	195	33	
2	141	98	157	86	146	188	103	60	65	90	131	40	174	54	96	126	175	19	133	240	186	36	207	52	46	154	128	5	76	241	220	
27	205	107	239	54	2	111	248	101	192	95	198	121	71	179	116	126	237	31	239	201	144	45	253	242	237	171	128	61	179	97	121	
162	235	96	158	109	217	190	236	203	93	80	139	168	204	119	9	201	107	179	71	198	122	238	241	23	24	218	171	85	31	95	222	
95	226	128	166	172	9	154	184	10	242	155	239	255	232	219	10	151	197	125	119	206	69	207	147	216	134	239	253	172	63	25	1	
63	102	166	158	143	39	158	236	216	222	153	255	121	108	63	11	221	195	78	231	228	231	79	44	112	2	255	189	93	127	185	215	
159	91	107	239	114	130	235	240	52	64	87	230	125	79	177	96	126	233	23	238	193	144	45	255	246	237	170	128	63	179	33	249	
93	73	107	231	54	18	111	240	101	192	127	198	121	71	147	112	62	229	93	238	201	176	45	108	242	237	167	128	45	179	99	121	
47	65	32	142	237	180	238	232	205	67	109	7	232	108	63	172	220	98	178	111	133	48	94	225	7	126	198	11	223	223	248	244	
24	223	123	244	50	138	55	247	60	142	90	230	63	55	161	97	54	255	132	192	224	249	36	111	240	167	118	129	37	240	37	41	
78	18	146	218	227	112	52	207	59	31	69	184	12	246	238	220	247	223	162	144	18	94	186	226	30	54	84	239	138	119	174	151	
27	156	50	221	53	245	122	119	215	73	92	18	174	252	182	228	253	58	150	136	159	185	50	255	171	127	146	195	30	204	185	191	
75	111	18	133	56	159	140	55	174	168	206	204	175	130	131	228	132	239	252	205	205	152	213	254	172	245	159	144	10	148	11	12	
226	157	246	222	255	166	158	239	155	203	248	187	108	254	52	0	255	247	247	129	242	235	2	255	59	62	158	154	133	92	179	91	
145	91	123	207	114	138	235	240	124	64	118	230	121	71	177	96	118	237	23	238	225	180	45	255	118	173	34	128	125	179	33	249	
130	249	48	222	79	197	188	239	143	25	216	35	172	158	108	0	238	91	147	193	194	11	146	241	53	16	158	171	21	92	165	219	
3	203	2	140	20	145	142	229	68	64	80	199	40	8	182	192	76	35	147	197	199	136	4	253	32	40	138	128	29	28	184	156	
2	193	2	140	20	129	140	101	4	0	80	2	32	10	48	64	72	34	19	193	82	168	0	221	32	32	138	192	20	8	176	8	
237	24	191	103	37	111	99	16	105	234	103	76	214	81	9	63	144	116	124	90	129	180	241	40	199	251	113	50	202	123	82	51	
165	207	71	67	132	139	230	220	116	0	123	226	211	65	153	32	123	202	38	126	203	176	77	60	36	136	165	4	125	251	208	160	
125	135	69	111	36	26	79	184	69	40	255	236	243	97	152	247	88	196	44	110	217	176	109	45	228	233	225	144	127	251	80	32	
60	201	102	238	20	18	110	248	101	128	255	2	123	105	49	96	122	228	63	234	200	179	61	189	242	237	135	0	55	187	112	8	
150	205	130	155	218	32	174	230	20	2	203	211	225	98	57	65	121	203	27	239	120	215	77	238	188	38	207	132	181	123	177	128	
192	71	6	158	154	162	38	206	180	2	202	82	64	194	33	194	113	102	42	226	112	135	143	126	48	38	142	9	16	83	161	4	
124	201	102	238	20	18	78	248	101	128	255	2	123	105	49	112	122	228	63	234	200	179	61	173	243	233	135	0	103	187	112	8	
186	221	108	254	95	208	158	238	153	70	212	167	41	252	55	3	206	243	151	195	238	79	126	255	51	123	222	155	21	61	54	223	
194	252	20	154	41	232	16	166	187	31	192	57	174	146	6	223	129	123	236	1	110	79	194	247	145	242	90	123	0	68	143	15	
150	204	150	146	147	34	46	231	60	19	202	19	76	162	41	217	251	223	10	146	112	207	8	110	184	38	94	79	128	113	163	130	
2	157	18	152	211	225	176	103	191	1	104	51	44	254	36	80	242	187	131	128	18	155	18	247	63	54	26	75	16	0	167	154	
57	205	123	75	86	207	111	254	119	33	124	2	51	19	48	48	63	154	2	232	67	184	57	127	111	143	36	64	115	154	194	170	
32	141	32	159	116	169	168	39	94	41	120	26	172	168	52	0	201	42	19	1	178	184	66	255	12	62	154	96	84	72	211	136	
34	141	128	157	220	163	140	239	22	34	88	2	160	170	48	64	89	42	51	129	114	58	67	159	60	6	159	172	21	72	176	136	
2	157	50	218	215	244	176	103	221	9	120	18	44	252	36	96	253	59	147	1	178	187	50	247	31	62	26	75	209	8	229	143	
56	237	122	235	83	199	123	254	55	33	108	11	59	159	32	16	63	219	151	216	74	154	56	63	255	205	36	97	115	146	166	170	
70	13	146	190	153	236	150	7	143	135	137	17	174	250	98	202	193	115	235	17	22	9	218	179	137	246	30	91	144	110	173	2	
6	179	48	147	237	205	188	103	14	121	89	63	140	158	100	8	205	27	147	145	210	122	218	209	13	16	223	239	148	12	149	211	
162	221	48	222	239	197	190	239	155	89	208	51	172	190	126	1	237	91	151	193	226	43	218	247	53	84	158	235	21	28	181	219	
93	52	189	231	170	100	27	152	11	250	29	104	220	119	201	122	151	85	125	122	147	81	249	224	207	223	111	246	128	227	5	115	
102	249	82	82	235	209	182	236	235	189	53	40	104	218	78	183	175	219	242	210	70	123	170	245	63	24	69	239	75	23	238	135	
6	49	144	145	238	165	184	75	30	185	81	178	140	158	64	9	223	27	179	17	18	216	67	208	12	16	155	238	148	77	129	147	
76	181	190	114	164	44	117	151	233	27	63	24	223	243	200	58	133	70	108	24	146	232	171	64	207	255	116	204	194	192	195	35	
32	217	121	203	86	207	187	252	6	0	124	130	49	215	36	32	126	58	19	202	195	184	61	125	103	13	32	0	119	154	101	249	
34	247	32	146	237	205	188	231	142	125	24	191	140	188	126	2	205	27	147	129	210	58	218	245	61	16	223	239	21	28	151	219	
226	148	180	152	253	175	188	111	31	123	152	59	172	188	52	0	223	19	247	17	178	107	83	215	63	30	159	254	213	76	135	219	
126	255	166	180	223	16	78	220	131	220	158	239	78	231	91	150	77	196	237	247	218	67	207	224	184	112	205	255	167	253	188	117	
47	223	228	173	173	83	135	190	194	254	158	237	202	108	147	175	207	71	252	231	253	99	111	160	236	115	239	157	206	125	216	87	
130	133	144	155	252	169	188	239	158	51	120	18	236	234	120	0	255	3	87	49	50	124	74	255	44	22	223	238	148	72	129	137	
130	8	130	157	68	0	172	97	28	130	80	18	40	170	48	9	121	109	34	131	96	254	130	195	20	34	218	128	5	56	49	136	
130	64	242	157	70	0	184	103	56	146	82	146	172	174	116	11	127	109	51	129	224	252	134	194	20	42	218	136	5	36	51	136	
130	141	144	159	252	161	188	239	158	19	88	18	236	234	56	65	255	99	31	161	114	107	74	255	44	22	223	238	148	72	161	137	
31	94	107	239	118	146	235	112	36	64	95	230	121	79	177	96	126	173	23	238	193	145	45	253	246	237	171	128	63	163	33	241	
230	251	178	18	235	208	180	205	251	221	117	61	12	254	110	31	167	123	162	83	214	122	170	224	62	24	95	239	203	23	239	215	
136	30	90	229	52	174	249	115	188	136	118	100	187	25	161	64	110	60	7	8	224	188	0	206	231	253	162	1	106	136	104	155	
207	83	130	154	235	116	62	220	159	223	87	191	76	238	239	222	247	247	191	214	150	87	170	226	30	54	223	175	158	119	172	87	
230	59	242	218	235	244	188	205	59	223	117	189	76	254	239	254	183	123	166	210	150	90	170	226	30	54	95	239	154	119	175	215	
42	224	82	152	77	213	208	200	139	29	245	11	40	216	111	156	200	137	163	82	70	103	154	241	31	81	0	127	83	15	126	142	
11	156	50	216	53	245	248	103	223	77	92	19	40	190	54	228	237	59	159	144	182	173	50	223	59	126	154	203	150	12	188	223	
199	86	230	218	239	240	60	154	31	95	87	183	104	254	239	108	247	115	183	134	167	86	175	243	22	62	218	203	158	247	61	87	
207	86	228	154	175	115	95	152	159	222	149	247	236	124	191	239	223	211	255	231	173	68	111	242	6	83	223	143	190	255	188	117	
134	104	146	149	70	2	172	70	30	162	82	18	172	170	113	9	123	109	51	129	96	244	130	194	4	6	223	128	133	120	49	136	
6	148	160	154	19	225	186	72	30	5	89	179	76	222	42	72	251	27	147	177	18	4	9	247	9	6	155	231	149	79	53	210	
2	152	182	221	117	132	184	103	31	73	210	51	172	190	52	64	239	187	183	129	178	219	67	255	29	62	154	202	21	12	177	219	
56	201	98	238	29	134	74	232	197	128	239	2	123	201	49	64	120	228	27	234	72	163	28	189	243	237	131	25	119	171	116	10	
31	73	107	239	86	2	235	112	100	192	95	198	121	79	177	96	126	173	23	238	201	145	61	204	118	237	170	128	63	163	112	240	
2	156	50	152	87	245	184	103	223	77	92	19	44	190	38	196	237	59	147	145	150	187	50	223	31	62	154	75	147	12	253	207	
130	148	148	157	252	167	188	239	158	27	120	50	172	254	48	64	223	59	55	129	50	126	66	223	44	54	30	234	148	72	161	137	
125	73	106	238	20	82	107	120	101	192	239	2	123	203	177	113	122	236	31	234	200	179	61	141	243	233	131	0	103	186	112	96	
162	188	50	217	245	253	176	71	159	93	116	17	172	156	54	8	207	59	147	17	182	252	50	215	15	30	26	107	210	12	197	223	
34	180	180	145	253	239	184	71	31	123	80	59	172	190	84	8	143	27	247	17	178	254	83	215	31	30	30	226	212	76	135	219	
2	157	18	152	211	225	178	231	191	1	104	179	44	254	36	64	251	187	131	144	18	154	18	247	27	52	26	107	145	0	167	154	
35	201	51	75	213	223	231	231	79	65	122	66	184	216	180	164	120	42	18	93	211	184	60	253	45	28	6	66	91	14	241	236	
34	140	0	157	116	169	168	103	30	33	90	18	160	168	48	64	73	42	19	129	50	184	65	255	44	22	154	192	21	8	144	136	
3	156	50	216	215	244	176	103	222	73	120	18	44	252	36	96	239	59	147	17	182	186	50	247	31	62	26	74	209	12	161	207	
35	143	98	136	246	149	254	231	15	69	88	199	44	136	54	64	254	171	151	133	214	154	4	255	62	28	142	233	29	142	249	221	
3	233	115	74	85	197	175	245	78	65	124	2	56	214	188	164	120	58	18	200	195	184	56	253	61	28	134	104	87	154	225	172	
124	169	152	186	153	237	22	135	31	13	200	9	174	251	98	80	193	59	173	17	30	10	218	179	251	245	30	123	146	76	141	10	
76	177	190	99	160	12	117	157	107	25	63	0	223	115	72	122	183	87	108	24	146	96	187	65	239	255	119	204	194	194	195	35	
92	49	250	227	170	102	31	89	171	185	159	42	92	255	104	122	183	213	253	178	145	81	185	192	219	205	47	246	160	98	165	115	
138	221	48	187	191	133	190	239	158	59	144	50	172	254	108	65	207	91	151	195	242	15	74	247	189	209	254	254	20	28	165	155	
2	32	146	145	150	163	184	66	62	163	82	18	140	170	113	72	127	47	19	145	34	212	1	194	12	6	155	128	133	72	49	136	
134	253	48	147	237	205	188	231	158	121	88	187	140	190	100	0	207	27	151	17	210	122	202	247	45	20	159	238	148	28	149	211	
84	204	130	30	218	34	38	238	52	146	202	18	100	226	41	217	113	207	106	130	116	203	141	110	56	38	223	13	128	113	169	8	
196	127	6	30	155	226	39	239	180	135	75	116	68	226	43	203	113	110	232	162	116	207	142	111	48	38	30	9	128	115	175	142	
190	220	108	190	79	196	158	252	155	222	208	167	253	254	55	3	206	243	183	195	238	79	90	255	243	243	238	155	21	63	53	219	
162	255	32	146	253	205	190	231	155	125	56	191	172	252	118	1	143	123	215	83	246	107	218	247	63	20	159	255	85	28	215	223	
2	32	178	159	230	32	184	70	58	3	83	147	172	174	117	8	127	127	51	133	162	212	133	227	4	62	154	130	133	85	33	137	
130	68	130	159	68	34	172	70	30	131	91	18	40	234	48	72	123	109	19	129	96	182	0	203	20	38	154	128	133	106	33	136	
187	206	102	28	125	221	222	239	223	76	244	15	106	204	183	229	220	225	191	109	236	47	38	191	51	123	197	187	87	188	92	223	
230	255	114	80	251	209	182	238	235	221	188	45	40	222	230	22	175	243	199	115	246	107	174	247	62	24	15	255	203	20	239	223	
130	132	2	158	68	131	174	103	20	3	123	18	104	234	40	64	121	41	2	130	80	190	8	223	20	38	154	192	21	10	177	136	
61	79	68	111	150	27	70	184	84	32	255	230	83	97	187	228	120	196	44	238	233	176	77	46	182	239	165	148	127	255	216	37	
103	251	224	156	235	80	190	223	155	221	84	175	108	238	239	255	231	219	183	215	215	90	174	224	62	56	207	239	159	245	175	215	
71	84	224	223	230	48	190	207	31	67	89	179	108	254	255	104	247	91	179	135	166	20	175	243	22	62	218	142	151	215	177	213	
6	105	16	154	236	165	190	204	142	24	25	2	204	218	105	10	174	91	19	83	82	3	138	240	52	16	15	174	20	123	161	129	
2	152	182	153	117	196	184	71	159	25	82	51	172	158	52	72	207	59	183	133	178	222	82	223	5	54	154	202	148	12	37	155	
56	73	106	238	29	215	82	96	197	12	253	10	99	217	49	112	248	184	143	234	72	163	8	189	243	237	131	25	115	43	124	2	
2	157	50	154	215	241	184	103	157	5	90	51	44	190	38	196	235	59	147	145	22	186	50	215	63	52	154	75	149	76	173	222	
2	156	148	157	124	141	184	111	30	27	112	50	172	190	48	64	207	59	51	129	50	92	67	215	12	54	158	202	148	8	161	137	
61	65	106	238	84	86	75	96	101	196	255	2	115	217	51	112	120	172	23	238	72	179	60	141	243	237	163	1	119	187	116	226	
130	188	50	153	117	253	176	71	191	93	80	17	172	158	38	8	237	59	147	17	54	124	50	215	13	22	26	235	208	12	133	223	
2	180	176	153	245	237	184	71	63	121	80	59	172	190	68	8	143	59	247	17	178	220	82	215	13	30	26	235	208	12	135	219	
35	181	32	139	221	189	160	207	78	73	88	79	160	216	126	160	217	10	18	21	151	58	86	247	44	28	158	106	220	14	217	158	
2	157	82	154	211	225	176	103	30	1	120	163	44	254	36	64	251	59	131	144	18	154	18	255	57	4	154	203	149	2	165	155	
33	165	177	75	221	253	160	207	79	73	120	72	168	152	76	164	217	26	130	24	23	58	242	213	47	28	22	106	211	78	215	172	
2	140	0	157	84	171	168	39	30	33	90	18	160	170	48	64	73	42	19	129	50	184	65	191	12	54	154	192	20	8	144	136	
34	143	98	155	212	161	186	103	31	13	88	167	40	174	54	64	253	187	147	149	146	154	4	255	62	20	154	227	149	142	180	216	
35	189	0	138	213	213	226	239	79	73	88	70	168	152	118	164	216	43	18	157	151	58	86	247	45	28	158	106	221	14	249	140	
32	161	152	249	248	233	113	207	11	61	108	41	182	183	74	88	145	26	131	16	18	26	194	49	79	149	20	107	144	72	142	171	
92	241	184	97	187	14	119	221	107	185	62	0	95	127	72	82	182	85	108	120	210	33	187	81	251	253	39	108	226	146	227	3	
92	49	250	224	178	70	27	89	35	168	159	42	93	255	104	114	54	157	253	176	24	147	185	200	251	205	47	246	165	162	165	115	
130	249	16	147	182	137	188	231	30	49	80	178	140	158	96	65	239	59	155	211	114	220	75	243	172	16	30	226	148	24	129	137	
2	33	146	147	150	163	186	71	62	161	83	18	236	170	105	72	123	43	19	144	50	216	9	230	44	6	158	192	132	65	161	136	
138	220	52	190	45	197	158	254	158	122	144	35	252	254	41	3	207	123	159	195	234	79	74	255	161	211	255	186	20	61	21	155	
