空气轻垫唇油	252 摇滚香草6.5ml	http://www.lancome.com.cn/on/demandware.static/-/Sites-lancome-master-catalog/default/dw5ba84db3/images/LAN_PRO_IMG/Product Set/LAN00228/shade/L9215900U.png	http://www.lancome.com.cn/dw/image/v2/AARM_PRD/on/demandware.static/-/Sites-lancome-master-catalog/default/dwe8d078de/images/LAN_PRO_IMG/Product Set/LAN00228/L9215900U/L9215900U_1.jpg?sw=490&sh=490&sm=fit
31	141	246	246	182	178	254	183	245	194	95	147	105	239	183	109	191	123	55	207	244	248	47	238	106	255	255	194	231	245	225	69	
3	30	66	159	86	182	170	114	20	200	90	199	169	234	183	196	126	233	23	207	133	152	20	239	36	44	170	128	45	175	57	213	
167	113	38	143	141	31	178	232	236	232	211	79	202	216	191	235	248	197	254	119	237	243	221	220	156	58	207	23	77	63	121	4	
82	148	55	216	155	164	49	167	255	29	76	16	140	183	40	85	165	27	43	144	18	15	50	245	153	254	18	74	146	0	165	107	
10	188	58	250	117	252	113	86	249	13	92	16	174	157	38	116	165	59	151	17	178	188	48	247	207	253	26	75	146	4	45	251	
114	115	3	172	41	197	26	121	175	76	185	109	172	222	36	208	220	185	207	227	79	3	194	221	177	240	171	191	24	34	38	215	
26	157	95	250	219	225	49	107	135	65	237	34	124	247	32	112	238	179	179	144	27	139	58	221	251	231	138	75	187	66	165	178	
129	201	119	73	116	207	231	254	95	12	116	2	176	21	181	36	88	24	2	104	227	188	53	255	37	30	16	4	83	152	117	173	
26	145	118	156	211	210	188	103	141	5	76	163	44	190	38	196	230	187	131	129	86	155	38	197	179	118	154	203	55	4	173	223	
158	205	118	243	182	171	126	183	61	50	95	146	205	111	52	65	55	239	55	139	240	220	13	255	174	223	223	192	183	249	241	1	
150	141	70	179	148	171	110	231	61	2	250	18	75	42	52	81	107	239	23	131	120	254	1	238	190	238	222	192	165	249	240	8	
39	143	174	186	221	23	158	236	92	86	214	135	228	104	59	73	221	195	155	231	252	235	93	254	252	23	222	157	157	126	185	94	
22	203	207	190	154	194	31	236	151	149	216	163	109	231	40	82	111	247	191	210	88	203	42	224	249	227	254	203	181	82	165	123	
26	148	123	200	27	243	155	206	134	65	206	163	24	159	44	96	127	155	155	144	27	139	52	244	123	165	154	207	183	10	36	122	
19	132	98	201	20	178	104	87	119	65	214	147	73	143	190	108	119	141	31	189	190	157	37	223	26	110	154	196	183	132	240	76	
3	220	49	207	111	215	175	246	77	106	120	98	40	60	180	229	236	59	18	73	193	186	117	253	37	24	82	34	87	28	113	253	
7	173	224	131	245	177	170	199	78	65	89	198	168	234	222	164	191	43	146	157	151	184	108	241	46	28	143	227	157	71	219	140	
35	36	226	9	213	55	178	71	78	65	124	7	8	8	182	232	249	10	146	21	151	186	85	194	14	60	146	67	205	78	248	140	
148	13	66	147	148	163	238	231	61	130	250	18	42	34	33	65	105	226	14	210	56	191	1	238	184	134	158	64	229	89	241	8	
39	140	225	23	213	31	166	232	92	194	82	70	232	120	191	160	249	73	146	39	245	240	93	239	46	95	207	70	221	110	89	156	
131	43	66	219	228	136	235	80	172	84	116	229	169	131	247	205	102	42	23	220	146	152	6	224	14	24	170	200	158	133	113	217	
50	85	114	168	119	115	146	71	125	197	248	171	14	24	39	148	250	137	151	177	44	187	4	206	176	84	2	19	237	94	43	207	
147	3	107	197	70	22	235	120	120	68	87	198	81	12	158	100	126	140	19	239	209	176	181	192	68	40	170	132	37	162	113	245	
102	77	102	142	125	192	158	96	137	198	249	171	104	236	55	66	234	241	147	227	64	35	66	236	49	48	202	139	85	127	116	210	
146	77	98	231	150	163	234	182	93	128	122	2	107	43	53	64	126	235	23	241	168	184	1	238	190	222	158	128	167	219	112	8	
19	205	113	171	22	147	235	248	79	64	93	66	253	202	183	100	126	235	31	219	195	40	46	255	188	205	171	200	53	143	97	109	
230	93	18	156	95	196	158	98	136	138	248	34	44	254	37	82	236	241	147	195	96	35	18	239	53	48	138	27	21	123	37	155	
28	205	120	219	86	145	235	248	206	0	125	2	249	235	180	96	122	234	31	250	194	56	47	253	126	141	175	192	55	139	113	168	
26	199	98	239	119	208	252	119	85	13	94	163	41	15	190	228	126	187	151	137	214	184	36	223	118	109	186	193	55	142	253	219	
58	111	225	211	86	240	248	198	121	65	120	226	41	46	149	164	110	187	151	145	174	184	68	237	182	220	190	129	231	212	110	140	
51	84	250	172	87	114	208	71	69	65	254	167	15	24	182	132	122	141	150	161	12	179	20	200	176	229	16	3	237	92	234	143	
14	173	192	251	212	129	234	248	143	129	125	2	125	235	56	0	123	235	23	216	2	56	10	253	126	205	175	228	183	138	97	136	
7	41	66	219	224	137	233	17	175	81	113	133	188	195	230	93	102	41	19	222	83	152	2	240	12	24	154	200	30	132	225	176	
11	43	66	201	108	184	233	70	173	17	112	199	172	130	215	206	110	43	87	204	131	152	198	193	4	56	154	160	79	132	115	157	
166	205	240	222	244	160	254	206	155	3	121	18	236	234	61	64	255	235	23	195	162	34	138	251	52	60	143	168	149	123	241	137	
244	77	194	148	244	162	206	98	153	130	250	2	46	232	49	3	232	229	23	195	104	167	0	238	176	54	142	16	69	121	114	128	
129	192	247	81	53	223	161	6	92	5	114	82	168	28	180	173	200	58	42	24	179	188	117	215	5	126	82	66	199	8	213	172	
162	240	170	152	207	193	185	71	154	213	68	187	12	220	118	12	235	185	147	145	86	94	182	194	93	16	158	235	149	12	181	246	
129	156	55	223	53	236	161	51	220	95	87	16	176	176	180	109	193	50	58	9	179	252	55	239	13	62	90	66	196	8	85	37	
200	156	254	95	135	240	181	55	252	87	78	50	60	63	32	99	35	118	187	136	240	220	183	235	103	47	254	3	7	64	181	106	
42	168	234	238	126	147	186	88	143	192	125	139	253	205	253	0	30	57	23	189	130	163	46	223	110	93	171	188	87	174	19	129	
9	227	215	153	100	168	104	23	239	81	94	226	188	155	242	250	102	43	54	13	135	152	198	209	68	56	178	160	30	132	41	137	
90	235	111	246	26	192	59	224	167	52	159	163	105	207	69	66	110	249	253	210	74	67	171	245	219	193	171	171	39	162	36	123	
62	78	98	190	117	223	91	65	133	140	125	139	111	198	35	20	216	185	151	34	12	150	40	159	243	213	129	169	51	191	86	210	
35	175	98	139	215	179	186	195	95	73	92	231	40	72	182	164	254	171	146	149	150	186	4	253	62	92	138	195	223	14	249	157	
89	192	226	125	85	218	105	23	119	101	118	150	187	0	146	236	122	172	174	140	153	248	117	149	214	239	242	65	111	140	248	108	
2	189	50	153	255	133	188	231	30	25	88	147	172	190	116	64	239	123	147	133	178	184	18	247	61	22	158	234	20	76	161	155	
50	139	110	154	180	128	141	241	28	21	214	199	100	79	186	64	110	131	151	197	218	155	68	253	248	50	206	209	21	142	188	216	
161	217	113	92	116	135	167	222	95	66	116	6	176	28	181	100	126	120	2	78	227	173	53	255	33	30	18	0	93	153	97	253	
26	145	95	168	219	194	16	111	133	65	104	34	125	254	40	112	234	179	179	128	95	139	50	213	187	229	138	67	177	2	165	146	
51	6	234	136	87	179	184	71	95	69	220	167	8	168	54	132	255	171	131	149	150	171	4	222	26	85	154	203	221	78	57	207	
131	200	119	93	21	141	175	254	221	68	114	70	226	68	189	100	92	80	18	109	227	188	116	255	37	62	0	6	87	152	81	236	
146	145	91	236	146	66	31	101	165	5	248	163	13	159	32	80	110	159	149	224	88	139	32	205	251	225	142	207	53	2	166	187	
160	216	121	93	116	199	235	246	95	14	116	2	48	19	165	36	127	122	2	72	226	188	49	127	103	30	50	0	83	153	100	171	
9	195	127	217	100	152	233	23	110	25	118	66	185	136	148	228	110	42	54	141	131	184	231	209	6	57	178	192	87	152	217	173	
182	221	114	250	254	165	222	255	95	10	248	186	110	253	61	0	223	251	151	227	250	39	10	255	186	222	141	254	215	255	240	27	
230	120	55	154	79	212	185	67	137	220	208	39	44	222	103	111	236	177	147	211	195	15	178	232	21	48	138	186	21	44	53	247	
246	12	166	156	77	228	202	66	129	130	208	3	40	254	53	75	200	227	59	199	40	207	210	234	19	58	202	138	133	117	112	10	
19	81	107	197	86	66	239	81	68	224	87	230	81	20	191	100	126	188	22	175	201	180	53	206	52	12	175	128	45	178	112	244	
254	205	98	239	212	2	238	244	101	128	254	2	107	105	60	80	122	230	31	234	232	187	13	239	186	239	135	128	103	186	240	8	
27	19	106	168	62	147	184	89	205	72	214	231	9	136	246	224	238	129	223	245	220	163	5	212	210	81	170	207	127	142	57	213	
65	10	35	250	244	156	235	19	252	73	82	116	191	200	177	232	167	43	22	29	179	188	36	255	132	254	50	192	220	137	81	45	
182	205	114	254	246	162	222	254	219	2	121	18	109	235	61	65	223	251	23	227	250	175	10	255	162	254	207	170	55	251	240	137	
3	107	64	140	118	152	232	68	173	68	208	231	173	10	151	196	238	163	31	205	199	11	68	237	180	120	154	138	31	156	43	221	
130	221	18	157	147	197	60	231	158	15	74	181	172	166	34	64	229	123	163	197	102	152	18	255	45	54	158	139	16	84	173	219	
247	210	204	167	45	14	254	104	47	182	179	159	207	106	94	91	255	197	255	231	236	119	221	192	150	123	207	182	13	63	249	214	
59	51	114	224	54	176	216	22	73	72	126	226	43	14	151	164	174	179	149	209	142	184	36	205	130	217	170	131	103	140	109	77	
139	193	70	169	100	145	188	37	77	97	83	215	188	8	182	224	206	11	55	141	215	188	69	213	164	57	186	192	29	12	249	13	
125	72	107	103	4	26	71	248	97	224	246	74	83	73	159	180	120	196	84	110	205	178	109	172	114	233	161	20	111	191	122	36	
3	248	107	219	116	221	249	22	189	77	118	48	184	159	182	60	111	56	147	28	167	188	50	247	79	31	178	193	150	128	127	251	
18	141	82	251	180	163	234	135	29	1	123	18	237	74	60	64	127	139	23	176	58	184	9	255	174	222	142	192	181	202	225	8	
3	207	2	159	215	209	174	230	30	70	88	163	172	232	55	228	249	107	147	199	103	152	46	255	36	54	158	139	22	92	61	204	
57	132	97	233	92	179	203	123	86	1	221	18	83	105	184	100	89	136	23	185	187	182	109	159	252	239	187	204	247	138	240	160	
214	34	158	187	74	97	57	76	190	183	215	179	237	231	73	91	111	223	239	144	34	215	203	208	221	227	123	175	161	209	39	203	
186	91	82	224	7	67	90	96	37	160	242	171	43	27	39	80	126	177	135	225	76	191	4	236	242	193	130	179	55	159	110	139	
135	178	174	159	141	151	190	232	158	254	211	151	196	232	123	75	217	101	123	231	244	199	223	157	156	115	207	247	28	47	57	198	
160	193	20	154	77	205	212	173	31	49	161	26	166	24	44	65	201	130	27	1	122	47	91	149	177	152	158	127	80	8	212	10	
179	205	12	141	5	151	206	175	85	98	218	199	96	104	62	228	89	138	62	175	255	176	85	159	176	46	138	215	61	28	248	4	
183	32	233	203	76	43	200	89	71	240	241	94	83	72	222	43	120	140	55	189	157	118	239	144	22	24	235	252	245	170	80	228	
56	73	122	228	55	94	95	112	69	172	246	3	27	29	51	112	122	188	149	106	200	179	48	140	243	233	160	147	119	187	116	235	
169	197	101	73	5	155	229	111	92	34	120	66	187	8	180	165	91	10	2	44	193	184	117	223	37	88	22	4	87	156	209	172	
18	137	94	138	218	192	27	236	135	5	204	162	109	231	170	116	106	179	175	192	90	11	42	245	208	228	138	203	49	2	165	186	
6	173	176	138	252	161	186	203	138	9	25	10	140	206	120	0	223	91	23	145	146	35	138	243	44	20	143	254	148	75	163	129	
118	114	19	168	107	143	50	88	175	44	177	111	14	214	37	80	230	181	207	98	64	3	146	221	144	176	43	190	25	43	39	211	
20	237	128	179	148	137	238	236	63	129	88	2	239	234	105	0	123	234	6	210	82	56	72	255	172	196	143	100	177	90	177	136	
26	207	66	156	114	144	174	246	149	6	90	231	41	234	183	196	126	235	135	133	230	154	6	239	52	102	174	129	63	212	41	221	
162	121	2	159	109	193	62	200	142	20	64	171	172	206	33	73	200	57	147	195	66	26	66	249	5	16	202	171	20	31	53	218	
134	225	130	145	196	1	172	204	22	179	80	18	8	170	105	11	121	75	2	210	112	254	10	192	28	0	222	228	133	89	177	128	
11	156	224	153	182	177	184	87	31	67	92	183	173	14	182	164	39	59	151	157	151	156	36	243	14	95	154	194	150	204	145	253	
29	141	108	239	214	146	239	180	117	192	126	2	121	105	177	97	126	230	23	234	248	184	45	255	126	239	167	192	55	179	240	168	
9	202	115	217	36	152	233	23	126	17	118	112	189	130	244	236	38	58	62	156	211	184	231	209	132	249	250	192	94	136	201	41	
10	185	171	185	75	229	185	194	158	87	84	151	44	159	102	8	239	59	179	129	6	79	50	241	71	17	218	171	151	76	53	218	
136	141	108	219	246	178	235	183	124	65	95	18	249	43	176	97	103	167	55	136	176	152	37	255	110	239	250	192	183	192	225	169	
18	205	66	154	87	211	174	231	22	5	90	163	40	222	38	196	123	187	131	209	102	155	4	255	56	38	158	195	55	28	173	142	
227	32	108	193	108	51	232	89	75	113	149	223	209	8	222	47	94	132	87	189	157	118	229	192	22	89	235	252	239	174	90	212	
4	105	130	158	204	129	134	196	150	144	80	2	32	200	113	9	72	104	34	211	66	98	10	160	32	0	207	40	21	123	48	136	
174	189	246	254	246	178	158	254	155	194	88	179	237	254	61	33	223	123	151	247	242	194	46	239	42	95	207	202	151	247	243	213	
182	76	198	246	148	34	78	231	21	162	250	18	67	42	53	89	121	230	23	162	120	255	65	238	178	238	215	144	229	249	240	0	
134	141	242	154	252	161	190	236	158	27	89	18	236	254	60	64	255	123	55	211	242	75	10	255	60	62	143	238	148	91	161	129	
24	141	110	223	148	144	231	244	100	0	254	2	121	105	188	96	104	226	46	202	218	185	47	253	126	173	166	64	119	139	240	40	
53	81	107	205	86	70	239	176	68	192	222	70	81	85	181	100	126	236	22	238	201	178	53	12	101	41	163	132	45	187	112	240	
58	1	106	232	87	22	91	112	5	164	254	131	11	15	55	80	122	172	151	236	12	187	49	140	243	237	130	129	119	143	124	234	
130	140	134	155	212	171	40	71	62	19	91	18	236	234	96	72	115	47	59	144	50	252	75	247	12	54	222	192	132	64	161	136	
155	217	76	175	23	151	220	109	15	97	95	199	109	8	54	192	106	162	179	197	205	156	87	189	178	107	218	147	63	30	249	30	
2	173	178	152	244	161	186	199	143	9	88	2	172	142	116	0	238	59	23	145	146	10	2	245	44	28	158	234	148	72	161	137	
2	141	2	153	84	131	170	67	54	0	122	2	40	202	32	64	120	41	34	192	66	186	0	255	52	38	138	192	21	8	113	136	
18	109	114	231	54	162	254	150	93	128	122	130	105	111	53	0	190	251	23	225	170	184	5	239	166	222	142	130	231	222	113	137	
10	184	179	216	251	244	185	215	139	93	84	54	60	159	100	236	229	59	151	144	147	11	178	241	91	217	26	234	146	4	165	251	
6	105	134	150	204	129	174	230	132	146	88	2	40	234	113	11	104	106	19	195	64	99	138	232	56	0	207	168	21	123	176	128	
19	1	107	197	86	86	235	81	68	200	95	130	81	29	190	100	124	156	23	239	201	181	37	206	117	44	170	132	37	170	116	241	
114	203	238	191	28	134	219	248	134	188	223	135	101	201	122	66	253	229	191	199	206	195	207	221	216	99	171	149	21	47	56	66	
11	35	74	201	119	153	232	71	173	69	252	199	169	10	182	196	106	139	223	157	135	59	116	193	22	25	154	137	95	140	123	220	
166	205	240	158	244	162	254	238	155	2	120	18	236	234	61	65	255	235	23	227	242	98	10	255	44	62	143	172	149	123	241	137	
118	28	246	212	55	134	218	98	185	138	242	34	40	190	53	16	238	245	181	195	168	235	0	238	59	62	207	130	5	37	114	3	
7	105	99	219	224	145	173	65	172	24	120	230	168	194	244	197	110	40	19	222	211	152	6	241	4	24	170	200	28	135	241	180	
17	145	95	172	19	192	55	101	165	64	234	6	125	183	40	114	226	51	120	192	81	169	50	101	241	225	2	11	105	2	161	122	
2	162	226	145	197	96	184	207	26	231	88	151	136	172	94	8	249	11	147	149	150	252	132	194	13	22	158	231	133	68	183	222	
50	71	82	136	82	114	152	71	117	65	250	163	47	10	183	161	110	155	134	177	172	187	5	206	178	64	154	131	101	220	175	140	
11	161	82	137	117	248	233	23	239	81	84	134	173	131	246	230	102	43	146	157	135	56	230	209	6	121	154	168	30	132	233	204	
139	210	46	156	108	151	188	125	156	65	212	199	173	10	50	193	206	161	187	197	197	143	22	221	242	115	250	153	30	156	185	93	
3	166	162	129	197	54	184	199	90	103	88	151	8	168	126	8	249	11	147	149	150	254	181	194	12	28	158	231	205	92	249	206	
11	51	110	137	79	213	185	86	44	109	246	167	169	142	150	228	108	141	254	213	135	186	117	208	22	105	186	129	111	12	125	221	
161	201	120	93	102	199	167	246	94	40	116	2	176	21	183	36	106	58	18	74	227	184	113	127	101	10	18	32	81	152	97	168	
11	192	72	188	93	21	252	111	156	64	212	135	173	234	50	193	108	33	155	173	228	13	86	157	246	107	218	137	30	188	185	220	
35	181	2	139	221	144	186	101	204	65	219	199	128	8	62	224	232	11	218	213	215	187	85	199	52	60	138	203	77	14	249	156	
178	139	111	174	10	192	29	225	133	21	244	163	109	134	168	82	110	147	167	192	90	139	103	245	240	225	234	195	53	130	165	105	
147	241	219	178	67	197	184	208	150	82	193	119	28	222	104	169	126	153	147	211	199	211	58	208	83	1	219	174	61	31	56	211	
62	205	98	238	84	2	78	248	117	0	254	2	107	105	188	81	120	236	23	235	232	179	13	239	178	239	135	128	119	186	112	136	
131	197	39	153	5	223	236	175	95	90	90	66	162	204	180	229	248	11	50	77	199	184	119	221	39	56	206	6	93	28	209	108	
242	99	106	172	24	129	91	88	135	172	151	135	105	207	31	64	126	173	237	231	200	3	235	221	242	225	171	185	53	175	52	98	
166	29	18	156	95	132	190	98	136	138	248	34	44	254	33	66	238	243	147	195	96	43	146	238	53	52	138	138	21	123	33	155	
30	136	246	254	62	146	250	184	247	208	86	131	105	239	189	109	255	121	63	221	226	233	175	237	202	255	223	202	167	165	97	77	
28	173	64	235	84	129	234	248	135	1	253	2	121	203	188	0	123	234	31	248	2	41	11	253	126	205	167	224	55	138	113	136	
18	148	123	200	27	226	155	198	134	65	204	34	24	223	44	96	127	185	155	176	19	139	48	223	123	165	138	79	185	3	37	58	
210	79	66	142	74	128	62	198	164	6	200	231	45	134	161	66	102	59	139	199	66	15	134	251	52	32	170	137	53	212	37	216	
194	79	194	158	250	32	174	230	136	134	152	231	45	238	179	66	110	227	143	231	100	139	6	238	48	54	238	153	29	255	45	217	
2	221	6	157	179	197	60	231	62	79	74	181	172	182	34	64	231	123	179	133	118	152	19	255	45	54	158	195	24	84	173	223	
61	73	106	111	4	27	71	248	69	224	246	78	115	73	191	244	120	228	84	238	205	179	109	172	114	233	165	148	111	191	122	100	
90	122	27	136	106	79	51	88	172	108	150	239	30	150	163	80	230	181	223	103	193	3	160	216	208	33	43	190	25	37	39	113	
129	213	33	73	5	223	164	239	76	80	120	66	184	156	180	165	217	8	18	41	199	184	119	213	39	88	135	70	95	12	209	172	
3	205	3	159	151	209	190	231	30	69	88	163	172	238	55	196	251	107	147	197	102	152	46	255	36	54	158	139	20	92	189	222	
61	0	229	235	92	51	201	89	86	97	213	82	83	65	184	236	89	136	54	187	187	54	111	151	220	207	171	124	247	174	112	160	
231	113	62	12	109	31	182	104	205	224	241	79	202	216	63	235	216	197	250	103	237	103	223	204	180	123	79	63	93	63	123	134	
19	210	14	189	12	133	108	101	132	85	210	135	165	138	50	66	236	137	59	133	206	152	87	145	244	97	158	128	28	28	184	222	
242	195	75	236	10	64	157	101	164	12	212	163	41	135	32	80	110	145	143	192	72	15	32	205	241	225	170	153	53	130	166	249	
129	200	115	95	117	223	169	246	95	77	118	80	184	144	180	101	251	58	2	72	227	188	53	255	5	30	18	2	83	152	101	172	
3	143	98	137	247	145	184	103	204	65	90	231	168	8	182	228	238	43	146	149	151	184	4	221	46	92	138	195	95	12	249	157	
9	195	116	89	101	216	233	23	111	85	118	134	185	140	150	228	106	170	166	141	215	184	247	209	70	121	50	65	127	140	253	252	
54	213	246	252	254	7	222	255	95	170	240	42	110	253	60	1	223	251	183	161	232	251	11	223	58	222	213	254	247	252	208	137	
139	203	91	152	108	156	169	86	237	89	84	100	188	154	182	231	230	33	30	205	199	45	38	209	4	56	186	168	30	156	121	205	
170	48	227	216	71	240	185	67	158	87	85	179	8	221	118	13	106	57	147	145	2	214	182	192	87	81	218	235	151	12	53	242	
62	15	107	238	118	243	91	120	21	68	221	175	107	79	179	16	126	185	151	230	168	146	44	158	242	197	169	137	55	175	116	241	
56	73	107	238	196	2	111	245	84	128	222	2	113	227	177	96	120	236	23	234	201	179	40	172	242	169	167	128	53	186	240	168	
214	98	142	175	74	35	57	216	38	183	215	183	205	231	75	91	255	221	239	182	10	215	203	210	221	227	251	189	128	119	39	242	
154	149	86	188	195	66	20	103	189	7	104	51	47	190	36	213	251	179	135	128	124	158	18	207	179	243	82	3	113	68	173	142	
55	32	97	139	76	3	203	88	70	240	145	206	83	72	253	43	120	140	87	255	141	119	239	152	20	8	235	188	253	171	114	224	
42	96	106	200	126	147	251	88	143	192	221	138	249	205	189	36	62	185	23	233	130	162	110	223	86	93	171	184	119	139	83	225	
50	131	79	232	186	195	27	111	133	5	217	163	77	231	168	64	122	187	151	224	88	139	38	221	248	225	170	207	53	130	164	250	
182	205	246	190	246	162	222	238	223	2	248	18	111	234	61	65	255	235	23	227	250	231	10	255	184	254	207	136	213	249	225	137	
3	75	72	141	102	152	233	102	173	68	212	199	173	10	183	196	110	161	95	205	199	15	100	205	180	56	186	136	29	156	57	220	
44	149	44	235	157	175	66	184	71	57	189	24	211	121	56	65	217	130	31	122	186	34	89	149	207	217	129	124	243	139	80	2	
198	242	174	190	13	135	191	232	158	190	211	151	228	232	123	75	209	101	123	231	228	71	223	185	220	51	207	159	28	63	57	82	
11	115	99	65	101	157	232	85	77	89	82	102	136	28	244	164	238	137	150	221	215	184	117	192	38	88	154	194	79	12	249	221	
226	72	166	222	77	228	216	142	137	2	192	2	40	190	53	91	200	227	59	193	40	15	210	233	19	58	218	27	17	93	112	10	
62	7	99	168	20	163	203	90	5	13	217	199	65	111	62	64	124	184	151	181	58	146	64	156	219	69	171	245	183	207	116	240	
150	141	118	251	180	163	106	183	29	1	123	18	237	107	60	65	127	139	23	240	186	152	9	255	174	222	142	192	183	203	225	0	
51	147	46	168	188	151	92	105	6	20	209	167	97	232	58	64	216	168	59	101	222	139	71	157	154	99	235	221	60	14	184	82	
1	192	101	73	21	223	228	111	92	97	114	82	130	8	180	165	88	136	2	41	253	188	117	223	45	30	150	64	93	12	217	172	
50	90	66	164	6	72	252	100	45	196	242	239	47	14	55	80	110	177	143	193	205	191	68	236	176	208	138	147	45	188	47	221	
118	203	143	190	26	192	27	232	134	156	211	163	101	231	106	82	127	247	175	210	74	203	75	229	217	163	239	221	53	167	36	107	
39	145	172	23	85	31	162	232	94	240	211	70	232	120	190	161	249	105	146	101	165	242	93	221	28	95	79	71	93	46	121	132	
3	209	40	136	125	151	172	109	94	97	81	86	188	24	182	160	202	1	146	5	229	47	21	221	38	95	154	122	28	12	217	157	
114	90	82	228	7	66	210	112	1	172	242	239	15	27	37	80	238	181	135	226	72	183	17	236	242	224	162	147	111	191	102	91	
34	186	50	154	239	213	184	207	159	93	208	191	172	220	118	8	239	59	247	145	150	111	114	241	31	22	158	251	215	12	181	223	
246	204	230	246	148	162	238	167	253	130	251	18	107	106	53	73	123	231	55	195	248	252	8	238	186	254	223	128	165	249	240	8	
9	136	114	217	101	188	233	23	127	21	118	18	173	131	242	236	98	42	174	156	147	184	247	209	7	249	154	65	246	140	201	236	
22	205	214	247	180	162	238	167	61	147	123	18	109	106	60	65	123	239	55	227	120	216	9	255	190	254	223	128	165	241	241	0	
38	172	240	194	244	161	250	202	27	161	57	10	140	234	125	0	223	75	23	17	146	35	136	243	44	28	143	238	213	123	211	129	
61	81	107	77	100	82	239	116	68	232	126	98	81	29	179	96	120	252	23	238	201	177	37	12	115	169	162	132	103	186	116	233	
18	195	66	156	82	144	188	127	149	5	208	231	41	238	182	196	126	171	135	133	198	154	6	221	54	38	190	139	55	132	189	221	
11	59	107	201	103	148	184	84	237	76	254	231	169	14	183	224	238	153	223	213	134	186	100	192	22	89	186	131	71	142	45	221	
102	15	102	158	109	192	190	96	136	204	217	139	104	236	55	67	232	225	179	231	64	35	14	204	52	48	202	139	85	111	116	195	
51	143	106	137	247	179	186	67	78	77	220	231	40	200	182	128	254	43	151	149	150	187	4	221	62	85	138	195	221	14	121	223	
2	189	50	153	215	133	190	231	30	25	88	18	172	190	112	64	239	123	179	129	242	186	18	247	61	22	158	234	21	28	161	155	
119	0	96	194	76	19	202	89	1	228	149	207	83	77	223	15	124	132	87	191	141	35	109	200	210	72	169	244	111	175	114	212	
155	128	67	137	20	50	105	89	55	65	214	214	89	199	186	236	121	136	54	188	191	150	37	223	146	239	186	196	191	132	56	244	
27	205	113	174	86	147	107	248	71	64	217	66	121	202	179	96	126	169	23	207	207	146	44	255	246	205	171	128	55	143	112	236	
210	79	230	94	178	162	94	166	57	142	218	227	105	239	181	80	247	255	165	193	232	201	135	239	186	118	252	131	167	244	180	79	
166	10	160	158	77	233	184	72	158	86	81	187	168	204	119	9	216	41	147	7	38	118	206	243	5	18	219	171	85	109	23	210	
18	132	98	201	84	162	232	71	61	67	210	147	8	142	60	64	127	141	31	149	178	157	5	223	30	46	154	196	149	132	241	72	
14	153	230	254	180	131	254	248	159	210	86	163	237	239	61	9	255	123	183	247	240	200	14	255	170	95	223	202	167	228	33	217	
170	248	163	152	79	197	185	71	155	85	69	147	44	158	102	45	238	57	147	145	83	94	178	209	93	81	218	235	23	12	181	242	
160	248	251	219	117	220	249	23	255	93	116	48	184	157	182	125	198	56	19	24	211	188	50	245	71	56	18	192	86	136	215	251	
18	207	66	154	87	209	190	230	150	5	90	163	40	206	38	196	122	187	131	193	102	155	6	255	56	38	158	195	53	28	189	142	
26	145	114	174	211	208	144	103	141	5	221	163	44	254	46	196	234	187	131	129	86	139	6	247	50	116	154	203	55	6	173	223	
34	132	70	140	84	162	170	99	148	1	251	18	64	232	52	64	121	164	19	161	48	191	0	223	56	46	138	200	149	10	112	128	
146	77	82	183	214	162	238	230	29	130	250	18	111	42	53	65	122	235	23	225	40	186	1	238	186	206	158	128	165	216	240	136	
75	115	59	140	106	213	155	89	174	108	149	237	156	214	226	112	246	61	255	103	199	3	162	221	243	49	171	190	26	39	39	247	
130	141	18	153	245	133	188	231	62	9	88	18	172	170	48	64	239	107	51	129	114	184	2	255	61	22	158	192	20	8	161	137	
2	133	66	139	212	163	168	103	52	1	123	18	40	42	60	64	121	138	19	145	18	184	1	223	60	44	154	192	213	74	241	136	
23	84	123	202	83	199	147	216	86	67	197	22	92	215	41	96	119	185	19	144	163	135	56	246	217	142	155	78	185	3	33	179	
3	75	74	155	196	152	236	246	172	16	88	199	177	202	245	192	110	42	19	223	211	24	70	241	36	24	186	200	29	147	241	156	
102	12	102	158	125	224	186	96	136	198	217	163	108	236	53	67	202	241	147	163	32	163	130	238	53	54	202	139	21	111	117	210	
147	219	70	142	118	146	174	228	221	64	208	231	44	202	182	197	110	163	151	229	231	171	4	255	50	40	170	130	63	156	57	221	
38	28	150	156	95	164	186	98	136	138	216	34	44	254	33	66	236	113	147	195	32	171	146	238	53	52	202	138	21	105	33	139	
2	166	160	131	151	225	184	207	30	103	88	147	140	174	94	8	189	11	147	149	18	152	141	243	13	22	158	231	133	92	183	218	
162	24	160	159	77	225	184	202	30	86	80	187	172	188	113	9	201	123	179	195	34	118	218	243	5	16	218	171	21	125	23	218	
50	6	34	168	213	163	218	75	29	5	217	143	15	72	58	132	220	169	135	181	60	178	0	158	145	116	136	251	213	79	62	198	
182	113	111	134	79	65	190	232	128	208	217	171	80	252	125	163	104	249	243	227	77	99	190	232	51	0	203	175	45	63	118	214	
60	204	106	234	20	147	203	248	71	0	253	2	123	203	181	96	120	168	31	234	138	179	44	253	250	205	163	136	55	139	112	160	
139	88	54	220	111	213	185	82	201	88	84	102	188	158	165	175	206	51	151	195	135	15	178	241	23	25	250	170	26	13	41	255	
27	51	102	137	111	215	184	85	37	109	214	167	168	156	182	100	236	157	255	149	135	155	101	209	87	121	186	131	39	140	117	223	
15	75	194	187	160	130	46	208	180	208	90	231	185	194	243	201	102	105	55	223	197	208	14	232	160	9	239	128	44	247	57	145	
7	79	130	158	248	0	174	246	136	134	216	231	173	226	179	2	110	99	23	239	224	11	134	234	60	36	174	136	12	247	185	217	
164	28	250	222	100	230	187	113	212	130	119	18	112	253	183	105	104	56	19	10	176	165	50	75	71	47	162	1	85	235	116	162	
139	192	7	189	45	212	232	228	206	81	80	71	188	152	58	235	226	41	186	69	199	52	22	241	132	113	218	139	28	28	57	140	
56	205	106	238	212	130	111	244	84	128	254	2	115	227	176	64	120	238	6	234	200	187	40	173	242	237	167	128	55	186	240	168	
37	177	40	161	245	191	176	73	78	105	153	79	210	88	190	32	216	139	18	53	159	186	93	220	92	25	11	116	221	14	121	150	
191	96	107	238	86	147	203	88	95	64	117	138	123	205	189	36	126	169	23	235	201	182	36	223	82	205	171	168	119	175	114	225	
160	12	127	95	84	239	227	114	84	10	126	2	49	17	177	64	72	50	3	74	96	188	97	63	103	175	32	0	81	235	100	170	
55	38	42	170	29	173	210	72	206	164	157	143	231	200	123	0	217	168	75	61	142	35	78	155	208	21	137	61	213	47	24	198	
18	149	91	234	26	226	27	232	133	1	233	162	93	247	40	112	122	179	147	224	27	139	46	213	248	225	138	207	53	2	37	50	
198	114	174	190	109	7	31	232	158	190	199	159	228	233	123	75	209	109	251	103	226	71	219	185	220	51	207	189	28	127	17	82	
139	192	14	189	5	157	240	36	78	81	82	87	181	152	50	225	200	40	58	69	199	188	87	149	134	113	218	131	28	28	185	156	
154	74	14	189	8	164	105	20	164	20	198	135	169	131	51	75	108	233	191	197	10	212	210	233	198	97	250	137	44	149	41	216	
137	192	55	89	37	221	160	164	94	81	114	82	168	156	188	229	202	24	50	9	195	188	119	213	5	88	82	66	87	28	213	172	
9	193	112	217	101	217	249	119	239	93	116	20	169	143	246	228	110	43	134	12	215	56	54	213	70	217	178	233	86	140	205	221	
3	218	99	75	116	147	175	245	77	72	122	230	168	200	180	228	126	40	22	206	195	184	36	253	36	60	170	130	95	158	241	189	
57	72	99	238	86	147	107	240	87	64	213	66	121	203	177	224	122	169	23	207	203	183	44	255	242	205	163	128	55	139	112	232	
53	96	233	227	60	15	75	216	86	171	181	90	211	65	249	40	89	200	30	122	139	54	109	58	204	142	165	180	245	187	80	32	
41	209	102	73	77	221	240	87	109	93	118	183	169	157	150	100	108	154	255	157	214	184	119	213	71	121	178	195	119	140	244	255	
231	121	46	172	13	159	182	104	206	234	144	13	222	216	55	107	200	101	250	103	229	103	223	252	240	123	79	63	88	61	123	134	
119	96	107	206	76	3	203	88	65	224	177	206	83	200	253	170	120	196	95	239	137	35	205	168	144	8	161	188	125	187	114	176	
54	196	246	156	254	131	220	239	95	146	240	2	108	234	61	65	251	233	55	161	226	235	10	223	184	190	223	148	213	56	113	137	
75	218	106	141	109	216	233	118	237	68	212	135	173	142	182	231	106	161	223	205	199	46	118	193	118	121	186	137	30	28	125	253	
2	157	3	159	23	209	190	231	30	68	72	163	172	238	34	196	251	123	179	197	102	152	18	255	37	54	158	139	20	76	189	222	
210	194	14	189	8	132	76	101	132	22	194	199	33	203	58	67	76	161	63	141	106	15	67	221	242	98	218	152	53	180	176	74	
242	194	143	190	56	2	11	120	182	156	151	167	97	231	105	83	124	245	239	226	10	71	235	205	217	163	235	153	52	163	52	112	
22	141	86	251	180	131	106	169	29	1	123	2	233	106	60	65	127	139	23	240	58	152	9	255	174	222	143	196	181	138	241	0	
27	120	38	173	107	149	184	86	5	104	214	167	185	158	179	100	110	189	255	205	205	159	231	217	215	121	186	162	55	148	52	255	
3	251	49	202	109	133	175	253	204	24	120	70	44	194	252	38	206	9	19	234	195	43	58	245	61	24	142	106	26	158	225	173	
123	90	75	164	70	84	233	118	45	76	246	239	57	14	183	209	110	177	223	197	205	143	116	232	212	33	186	144	45	28	47	221	
18	207	66	159	86	147	170	230	148	4	218	231	105	202	182	196	122	235	131	193	238	155	6	255	48	38	186	129	55	158	60	156	
61	73	106	110	20	19	71	248	69	192	246	78	115	73	191	244	120	228	20	238	205	179	109	189	114	233	165	20	127	191	122	96	
2	157	22	159	179	133	60	231	30	9	74	165	172	190	34	64	231	123	179	133	102	152	18	255	45	54	158	139	24	84	169	155	
54	205	98	236	84	2	206	248	85	128	250	2	107	105	52	80	120	237	31	227	232	179	13	239	178	238	135	128	119	186	112	136	
185	249	25	250	195	197	20	220	22	57	68	10	60	215	104	41	220	153	19	208	91	90	26	177	219	193	159	111	48	24	168	171	
5	129	59	219	228	141	97	149	239	29	125	0	148	211	248	125	66	10	2	92	18	56	58	81	109	24	38	108	208	128	225	160	
37	209	172	175	93	31	178	232	78	240	219	79	242	216	127	2	216	205	122	103	143	243	95	157	92	25	79	87	93	47	121	150	
34	38	162	129	197	102	188	79	90	231	88	151	136	172	126	8	217	15	131	149	150	254	132	194	13	22	158	231	197	76	245	206	
242	99	44	173	12	134	91	120	134	188	151	135	101	203	59	66	252	237	255	231	202	67	219	157	208	97	171	188	53	47	52	82	
58	19	96	229	55	82	251	117	69	76	126	231	43	13	182	64	126	153	151	225	204	184	37	204	246	233	162	131	111	142	116	219	
58	19	107	168	103	85	185	116	45	76	246	231	46	14	166	80	110	145	159	229	205	155	52	204	210	97	170	211	63	14	63	251	
138	184	51	152	79	213	185	87	159	93	84	55	44	159	102	173	236	57	147	145	195	94	178	209	23	81	218	235	31	12	55	255	
114	223	226	28	150	134	222	183	57	142	218	231	104	234	55	80	252	231	181	199	236	203	5	239	58	46	254	130	45	116	250	91	
14	181	116	251	182	163	218	219	31	129	93	163	237	237	61	0	223	59	151	189	146	184	79	221	174	223	143	198	183	207	17	209	
139	91	98	169	103	148	184	87	173	76	222	231	173	14	182	228	238	155	223	213	198	59	100	192	118	89	170	195	31	142	189	221	
50	177	246	252	124	7	216	127	95	169	240	42	110	253	52	1	159	189	183	161	152	250	67	221	26	222	221	246	119	172	240	137	
187	19	106	168	125	23	216	119	77	72	220	239	9	8	182	228	238	129	223	189	221	43	84	204	114	89	170	218	127	142	248	213	
6	140	212	158	244	131	238	235	159	130	112	2	236	234	61	65	123	235	23	161	114	234	10	255	44	30	207	172	149	120	113	136	
130	156	18	153	117	133	190	230	30	27	88	18	172	190	48	64	239	123	19	129	98	156	18	247	45	54	158	234	21	8	161	139	
32	132	2	137	212	163	168	103	20	1	123	2	64	170	60	64	121	142	2	177	16	187	1	222	56	46	146	64	149	10	240	136	
223	58	54	168	107	31	57	80	173	124	215	175	31	151	163	127	230	189	255	102	133	23	167	208	214	249	42	174	54	165	39	241	
2	13	2	153	84	131	170	102	20	0	90	2	40	202	49	64	120	43	19	193	2	184	0	255	52	38	154	128	21	8	49	136	
3	165	112	203	254	177	184	95	31	81	89	147	172	222	252	32	159	27	23	149	150	40	110	215	46	28	154	238	215	206	241	221	
9	50	98	201	69	253	241	83	103	93	126	38	168	156	214	100	108	138	222	156	151	184	247	209	87	89	178	195	251	140	252	255	
34	132	70	140	84	162	168	103	52	1	91	18	64	234	48	64	121	174	2	161	48	187	0	223	56	38	138	192	149	10	240	128	
2	129	246	252	62	131	216	105	159	144	82	130	237	238	52	65	222	125	55	161	128	219	11	221	138	250	223	198	53	172	49	137	
6	173	208	131	244	171	234	202	31	1	57	2	140	106	121	0	123	203	23	177	50	48	72	255	172	20	143	228	149	91	113	128	
60	173	66	171	92	131	98	248	7	128	249	2	107	203	41	0	120	232	14	208	10	187	10	253	190	205	167	96	51	138	112	136	
2	195	66	141	82	146	172	103	7	5	88	231	41	142	182	196	110	171	131	133	198	154	6	221	54	52	154	139	55	132	189	220	
183	128	226	91	20	50	72	89	87	65	215	151	75	206	190	124	121	140	62	188	191	151	45	223	146	110	131	204	191	142	112	84	
2	186	50	152	237	213	184	207	143	93	80	175	172	222	118	8	239	59	247	149	150	107	50	241	31	20	154	235	148	12	181	223	
91	113	122	204	106	23	187	88	173	108	212	175	28	159	162	112	238	181	223	102	193	3	164	220	242	121	43	186	22	134	39	243	
2	133	2	139	84	162	168	103	20	1	91	18	64	170	56	64	121	14	19	177	48	186	1	223	60	38	154	196	149	74	176	136	
237	96	226	85	197	54	236	214	83	243	118	22	25	41	215	235	121	206	178	154	181	246	189	130	94	75	244	37	239	253	248	132	
47	174	224	83	245	61	186	155	90	243	93	216	137	252	221	172	151	94	147	29	183	112	252	178	46	95	53	237	206	247	219	149	
63	3	106	172	118	23	203	88	69	196	253	239	91	72	191	32	126	168	151	239	140	178	100	156	210	205	161	136	127	175	122	213	
6	52	162	145	229	98	184	71	30	199	89	179	140	252	122	8	217	59	147	145	18	210	210	194	13	22	159	239	132	110	181	210	
139	90	102	153	109	220	249	86	237	92	84	167	173	142	183	239	238	33	223	205	199	45	118	193	199	121	250	139	22	156	125	255	
2	132	96	203	214	161	170	75	30	1	91	18	40	42	60	64	123	139	19	177	146	152	13	215	30	14	154	192	149	78	177	192	
4	82	150	155	160	168	56	24	174	27	91	244	205	195	233	90	167	25	46	30	130	197	11	208	132	178	122	204	144	211	33	1	
2	163	162	129	213	97	188	207	26	109	88	135	140	172	94	0	249	75	147	149	150	248	128	226	45	20	158	231	133	76	183	222	
139	90	54	216	111	149	185	86	207	93	84	54	172	158	231	239	206	51	151	193	135	79	178	241	87	89	90	171	26	13	45	255	
139	218	114	217	109	221	185	87	237	93	84	150	173	142	182	103	238	41	159	141	199	44	54	209	71	89	154	171	22	140	253	255	
35	167	162	129	213	54	182	199	90	239	88	7	136	168	126	8	249	79	147	21	150	250	148	226	12	30	158	103	197	94	255	206	
56	141	106	238	84	130	111	244	84	128	254	2	115	227	176	96	120	238	23	234	200	187	44	173	242	237	166	128	55	186	112	168	
6	165	224	201	246	179	186	75	31	49	89	147	140	236	252	0	159	27	151	149	146	56	108	215	46	28	139	230	149	206	145	209	
2	132	34	139	212	163	170	75	84	1	91	18	72	42	60	64	121	139	19	177	146	184	1	215	60	12	154	196	149	74	241	128	
191	72	107	254	86	147	235	112	85	64	117	2	121	201	181	32	126	169	23	239	233	182	46	191	82	73	163	168	119	171	114	224	
182	105	233	186	108	73	207	200	18	198	213	171	67	205	251	8	88	200	151	99	106	118	206	176	82	1	173	189	117	191	86	242	
207	4	135	179	181	246	40	1	189	219	67	85	204	218	48	233	229	37	59	149	181	197	29	194	142	119	218	195	140	69	57	85	
139	72	39	157	37	220	160	134	222	83	82	82	172	152	61	233	226	41	186	69	167	244	55	241	135	123	218	3	28	29	57	12	
137	192	55	89	37	221	160	165	222	81	114	82	172	156	188	229	200	25	170	9	199	188	119	213	7	88	82	66	85	28	209	172	
139	216	114	217	109	221	248	55	237	93	118	183	169	157	246	101	238	57	215	129	214	184	118	213	71	89	146	203	86	140	229	255	
146	129	91	234	26	194	27	105	132	0	233	162	81	215	168	113	122	147	159	226	121	11	14	221	240	225	170	207	53	130	164	50	
27	113	114	236	42	19	184	80	173	104	214	163	29	159	167	112	238	181	223	236	196	131	164	220	210	249	42	186	54	134	35	253	
50	192	246	253	62	131	216	111	95	177	242	2	109	136	52	65	222	189	55	129	200	251	3	221	154	250	219	150	85	136	113	137	
24	19	107	229	118	82	251	113	5	76	127	231	25	13	182	64	126	156	151	232	201	176	37	140	118	237	162	128	111	142	116	243	
134	166	174	145	150	115	169	207	30	247	23	178	144	46	222	44	127	11	19	157	178	212	45	210	77	6	159	229	133	69	181	244	
162	88	116	91	79	229	183	204	142	54	116	10	176	221	37	47	76	122	51	202	227	118	122	241	69	24	218	42	87	89	85	254	
122	83	106	128	103	212	185	117	45	76	246	167	56	15	182	212	238	177	159	229	205	155	100	204	215	89	170	146	63	142	53	251	
219	80	102	237	47	149	248	86	101	120	214	163	168	158	183	109	238	185	255	197	206	158	231	193	215	121	218	130	39	156	52	223	
166	0	167	218	205	112	173	64	217	214	85	146	192	252	253	111	73	124	51	187	241	231	254	192	21	50	203	138	135	125	117	244	
198	120	140	189	77	143	95	216	158	190	196	13	228	233	115	74	209	109	123	103	66	71	219	187	221	119	207	60	24	125	17	210	
32	141	2	154	84	131	170	103	22	1	88	2	40	202	48	64	120	43	2	209	2	186	0	255	48	36	138	72	21	10	48	136	
173	98	234	209	196	54	244	90	80	150	119	23	80	233	127	11	89	76	163	63	180	246	230	130	70	43	245	13	231	253	124	194	
2	77	2	157	84	131	170	102	20	1	90	2	40	202	32	64	120	43	19	192	2	186	0	255	32	38	154	128	21	10	49	136	
86	38	139	234	152	103	107	216	54	173	223	129	197	199	105	88	253	221	239	182	10	19	233	210	217	229	175	245	128	99	38	114	
191	64	226	44	197	63	212	72	81	162	113	31	75	248	127	188	217	141	134	39	188	246	84	130	22	219	81	47	251	125	90	134	
225	120	62	188	109	221	182	230	238	234	224	9	190	152	55	107	200	101	250	67	229	111	210	252	245	59	91	59	88	61	43	142	
125	72	65	238	76	19	203	216	65	224	181	206	83	201	191	178	88	228	95	239	201	35	108	184	210	9	161	188	127	191	122	240	
61	96	100	202	76	19	66	216	199	240	245	10	67	201	255	108	88	200	126	122	142	99	239	184	218	201	129	188	119	191	80	228	
51	207	71	141	84	146	238	246	4	64	218	231	97	224	183	196	124	234	22	237	237	155	4	255	48	46	170	128	61	174	120	220	
2	157	3	159	23	209	190	231	30	65	72	227	172	254	32	196	250	59	147	193	87	152	18	255	37	54	158	139	20	12	189	158	
151	80	187	218	75	199	155	216	22	66	193	86	92	215	105	104	127	185	19	211	235	135	122	242	81	142	155	46	189	27	37	179	
2	159	26	159	51	133	62	231	30	13	74	37	172	178	34	64	230	123	147	133	86	152	2	255	45	54	158	139	16	68	169	203	
139	211	96	137	111	156	184	87	173	92	84	231	172	158	246	230	238	43	159	133	199	44	118	209	134	89	170	139	31	140	57	221	
50	205	102	236	84	130	206	242	85	128	250	2	107	137	53	64	120	237	23	227	232	187	65	239	178	238	131	128	119	184	112	128	
27	49	98	233	109	149	184	85	173	105	214	167	169	156	182	96	238	157	255	133	206	155	101	209	87	121	186	194	23	140	52	223	
2	187	50	138	125	197	184	199	143	73	88	175	172	222	102	0	239	59	183	149	146	11	2	241	31	20	154	234	148	14	165	219	
129	203	70	155	36	136	238	148	172	16	82	215	185	194	177	65	98	42	26	207	195	156	6	241	36	56	234	136	60	147	249	136	
246	83	44	172	12	7	75	120	132	164	213	135	197	201	59	67	120	196	127	239	232	71	219	157	240	33	171	188	60	63	112	82	
135	74	22	154	40	128	172	208	172	26	81	213	189	194	249	79	230	105	63	207	195	69	14	240	128	16	107	136	28	179	33	145	
43	145	120	200	127	149	152	23	137	73	148	238	172	30	182	164	206	19	151	133	135	43	50	213	146	89	154	251	95	140	187	221	
147	207	110	254	190	145	222	191	157	2	88	215	109	238	190	1	151	123	21	207	246	136	14	255	170	126	190	138	23	214	185	93	
27	147	104	137	117	221	249	85	109	77	212	167	184	30	182	96	238	129	159	133	215	43	116	213	215	89	170	203	31	142	125	223	
55	241	46	174	28	31	210	232	206	232	153	15	231	200	59	2	216	197	126	103	206	35	223	157	240	113	11	61	93	47	121	150	
162	28	160	159	77	105	180	202	30	118	80	155	172	188	119	11	137	123	179	3	34	118	218	243	5	18	218	171	85	125	23	218	
2	129	212	157	124	131	232	105	31	144	240	2	236	234	56	65	123	233	55	161	34	232	75	221	172	54	223	140	149	40	113	136	
230	20	102	150	125	226	186	64	169	197	211	179	72	206	60	66	238	181	243	179	176	135	152	206	17	54	139	203	133	39	119	210	
34	49	118	205	124	155	248	89	79	97	127	171	136	157	180	32	222	29	247	21	146	186	231	213	6	120	152	230	87	140	82	213	
183	0	230	90	28	19	72	88	87	80	245	151	75	206	190	120	92	136	63	191	142	247	111	213	18	106	195	204	55	175	112	84	
2	77	2	157	84	130	170	102	60	0	90	2	40	138	33	64	122	43	19	192	64	152	0	239	52	38	154	128	21	8	49	136	
54	129	68	251	212	130	106	169	29	16	123	2	105	106	60	64	123	139	55	240	122	184	73	253	190	254	143	196	53	138	240	0	
194	79	138	150	250	0	174	246	152	134	216	231	237	230	163	130	127	227	135	231	224	203	132	239	56	38	175	136	141	241	163	153	
82	224	246	156	62	130	248	234	255	144	210	2	236	234	53	73	251	229	127	241	160	239	3	221	152	190	223	132	5	40	113	9	
187	19	107	229	54	82	123	113	5	76	255	231	27	13	182	224	126	153	151	229	201	186	37	206	242	233	170	128	111	142	116	249	
6	140	98	129	212	163	170	202	86	1	90	18	8	42	52	64	121	139	19	145	146	184	1	215	28	12	138	196	149	73	241	128	
44	42	139	236	88	199	75	218	55	172	236	201	147	199	97	16	220	253	103	242	8	19	234	26	217	245	175	189	144	187	38	240	
6	173	114	193	246	163	186	67	31	161	89	130	140	172	116	0	191	59	19	145	146	184	8	214	46	28	139	230	213	79	147	129	
65	120	190	188	109	205	180	102	254	194	198	9	190	184	99	75	192	111	250	65	69	235	210	233	213	115	94	59	72	28	41	30	
6	177	162	131	213	229	184	69	10	201	89	163	140	254	88	0	221	59	147	145	18	154	154	192	45	20	143	239	133	78	183	210	
6	49	162	139	197	224	184	67	26	193	89	147	140	252	122	8	217	59	147	17	18	154	210	194	13	54	159	235	132	110	181	210	
61	75	107	238	92	19	79	248	193	196	188	142	115	205	191	176	88	228	87	238	201	35	108	172	242	201	161	184	127	191	112	112	
2	143	26	159	178	133	63	167	30	13	74	33	164	234	34	64	247	107	35	197	118	152	3	127	108	54	158	195	16	0	165	75	
2	153	10	159	23	209	186	239	30	65	88	167	164	222	54	192	250	59	147	193	87	154	18	255	44	52	154	203	28	12	185	158	
19	15	67	141	20	130	238	119	20	64	218	231	97	226	183	196	126	170	30	173	205	153	5	223	48	46	170	128	61	142	120	220	
185	77	107	108	92	19	79	120	69	192	252	78	115	73	181	112	120	236	20	110	233	187	36	191	114	237	161	144	127	186	114	184	
50	73	102	253	116	134	238	102	253	136	250	2	43	139	53	80	234	237	31	195	200	187	0	236	55	254	138	128	71	184	112	136	
10	185	58	234	246	129	186	207	15	9	88	171	188	222	116	0	254	59	151	145	146	26	66	247	188	221	174	234	148	14	161	217	
215	80	44	173	12	7	91	24	4	254	151	151	215	73	27	75	248	196	127	239	236	199	219	156	208	107	235	148	60	191	56	82	
181	113	46	172	60	143	215	248	206	236	153	15	215	216	123	3	216	229	127	103	206	99	223	29	248	65	47	60	93	63	25	86	
67	149	62	215	134	226	189	175	126	87	79	18	244	54	190	107	99	23	59	137	179	216	63	119	77	42	218	192	132	64	165	106	
135	12	183	223	61	244	163	2	222	95	83	18	236	216	181	109	193	50	58	27	163	229	55	255	5	62	90	2	212	73	117	44	
129	208	53	91	13	221	164	165	222	83	115	82	138	220	252	229	201	25	170	3	199	124	127	213	7	88	90	70	81	8	193	164	
130	208	118	217	101	157	248	23	175	89	114	51	168	157	84	65	238	185	183	145	210	188	99	213	7	120	154	194	87	140	241	219	
215	32	140	181	8	38	72	24	180	247	135	149	213	35	27	91	69	197	125	173	44	197	219	8	198	235	251	148	172	229	56	82	
134	24	178	218	79	245	184	67	159	95	85	23	44	222	103	109	237	59	179	145	182	71	50	241	23	80	218	171	146	77	45	215	
210	131	93	236	10	66	29	105	4	8	241	178	81	87	168	113	94	149	141	226	121	7	109	221	240	225	234	221	49	162	164	49	
183	245	113	206	223	7	159	252	131	168	185	106	112	125	61	32	221	211	87	99	251	35	120	191	57	12	173	190	93	59	146	179	
134	32	170	209	140	98	173	73	158	215	85	146	208	253	255	111	89	92	59	185	48	247	230	194	77	18	223	239	133	121	245	244	
135	255	53	222	110	5	158	252	206	218	17	98	124	218	233	163	204	113	23	239	227	103	42	249	49	24	239	174	25	59	33	169	
18	120	118	253	46	141	248	70	109	88	210	163	172	159	21	75	238	189	255	133	138	156	195	193	150	120	218	130	7	156	112	91	
0	141	2	138	84	131	170	103	20	1	88	2	40	200	32	64	120	43	2	192	2	186	0	255	32	4	138	8	21	10	48	136	
230	98	238	212	204	114	173	71	216	215	214	147	192	237	255	15	89	108	51	189	176	246	230	194	93	58	223	47	197	120	245	228	
0	141	2	156	20	131	170	102	20	1	90	2	40	202	32	64	120	42	2	192	66	184	0	255	32	38	138	0	21	8	48	136	
107	145	98	232	124	17	248	81	13	72	215	163	137	29	190	100	238	145	223	237	222	171	101	212	214	121	170	222	23	142	240	213	
23	20	213	235	147	102	59	24	6	113	203	230	93	118	41	104	119	147	59	176	27	145	61	220	153	134	155	70	189	67	33	114	
23	112	151	166	139	37	190	216	134	250	153	70	92	254	105	43	255	89	59	227	201	67	154	224	145	8	207	174	173	123	33	147	
18	56	246	225	106	169	120	82	45	121	242	163	13	159	85	122	238	189	255	149	130	147	135	192	150	248	26	130	167	133	33	85	
2	168	148	155	212	171	168	143	46	49	90	2	172	226	120	64	123	11	42	145	18	152	75	245	140	22	159	192	148	10	161	136	
34	33	118	233	126	139	248	89	111	33	123	138	141	141	124	64	238	29	119	49	146	178	199	208	6	120	10	230	87	142	83	129	
43	49	114	193	124	25	248	81	109	105	253	163	136	28	254	100	238	25	223	53	150	179	101	208	86	89	2	230	215	142	115	215	
63	19	106	225	116	54	219	89	69	109	255	231	27	13	190	160	126	141	151	191	157	178	101	142	210	221	160	196	111	143	112	213	
130	184	54	217	229	188	184	7	175	89	114	55	172	156	86	73	239	59	223	145	150	184	98	209	15	56	154	194	196	12	213	223	
34	28	160	159	77	109	180	202	30	122	88	59	172	188	97	9	141	91	179	3	2	116	218	243	5	22	218	171	148	125	23	219	
18	129	86	141	30	131	232	105	143	177	211	2	236	202	52	64	122	173	127	161	16	248	67	221	156	186	219	192	53	10	113	136	
56	137	122	234	83	213	91	232	5	8	253	10	123	223	43	112	120	185	149	226	74	51	56	61	243	205	162	169	49	11	102	234	
253	205	192	134	220	51	207	233	82	162	172	138	67	96	187	132	89	198	82	239	108	99	205	174	56	15	197	61	247	255	218	132	
90	97	114	232	42	19	248	80	45	96	214	131	45	143	181	112	238	189	95	237	192	131	165	220	146	249	170	184	55	134	35	217	
60	105	107	238	87	211	75	72	69	108	253	139	115	205	51	48	120	168	151	239	72	178	108	189	243	205	161	169	119	175	118	226	
6	173	82	129	246	171	170	67	30	33	89	2	140	170	112	0	123	43	19	145	18	184	8	246	44	20	139	228	149	75	209	128	
130	24	191	216	116	229	185	71	158	93	80	84	188	158	52	105	231	59	19	17	163	45	50	209	5	26	26	202	16	0	37	255	
54	129	116	235	214	163	234	184	71	129	251	2	75	107	61	64	122	139	23	240	154	186	73	221	158	216	139	196	183	139	112	128	
82	65	214	140	94	130	232	105	175	128	210	2	236	202	48	66	122	173	127	193	74	203	195	221	148	178	203	136	53	32	33	136	
162	192	118	157	108	131	248	79	95	49	242	18	172	138	52	73	238	173	63	129	128	255	67	213	148	58	218	144	21	8	113	137	
32	173	2	138	84	131	170	71	22	1	120	2	40	200	48	64	120	170	19	209	18	186	0	255	48	4	138	72	21	10	112	136	
57	73	107	78	84	215	239	240	68	68	124	131	115	77	183	32	120	232	19	238	200	178	108	61	119	13	161	40	119	187	118	248	
146	89	118	220	119	214	190	230	173	64	82	3	44	158	53	97	230	243	159	199	224	153	50	237	51	120	206	130	7	52	33	223	
6	140	2	129	212	163	170	194	22	33	90	2	8	42	48	64	121	11	19	145	50	184	1	255	28	6	154	196	149	75	49	128	
58	181	120	233	246	129	255	255	31	65	124	171	61	223	56	32	126	187	151	213	146	186	68	253	254	221	170	232	119	138	161	217	
38	57	178	130	247	165	186	67	10	137	89	43	12	222	84	0	222	59	147	149	146	58	192	242	61	20	142	234	197	71	179	147	
130	89	23	156	85	132	254	102	189	8	114	2	172	154	36	65	232	107	19	193	96	187	18	237	53	58	154	10	17	24	225	138	
57	77	107	108	20	27	71	116	85	224	254	78	115	73	183	113	120	236	20	110	237	187	101	191	242	237	161	144	127	186	122	104	
49	143	107	205	84	131	239	119	68	64	222	198	113	32	182	96	122	170	22	237	201	185	37	239	52	44	162	128	61	138	240	252	
0	205	27	191	50	195	47	167	62	65	74	229	180	231	32	64	242	107	35	197	99	152	18	127	237	38	62	64	16	0	165	56	
3	223	10	191	22	133	186	238	30	13	88	167	180	218	34	64	252	123	19	193	70	152	31	255	108	36	186	201	28	8	185	218	
34	141	66	138	84	131	170	103	6	0	120	2	32	200	48	0	88	42	19	209	2	186	0	253	32	4	138	200	85	10	112	136	
2	77	2	157	20	130	170	103	52	1	90	2	40	130	32	64	106	43	19	192	98	152	0	255	32	38	154	128	21	0	49	136	
0	141	2	138	84	131	170	231	4	1	88	2	40	200	48	64	120	43	19	193	2	186	0	255	32	4	138	72	21	10	48	136	
2	205	2	156	20	131	170	103	20	0	90	2	40	202	32	64	120	43	19	192	66	184	0	255	32	38	154	128	21	8	49	136	
29	118	21	206	14	5	159	248	196	186	152	66	124	210	233	171	253	89	54	239	193	103	42	241	49	138	239	190	25	123	33	161	
189	77	106	236	28	19	79	248	65	198	252	142	115	205	183	176	120	228	21	238	233	167	108	174	242	237	165	184	119	191	122	120	
95	127	147	174	142	36	30	216	202	202	153	70	92	242	233	234	252	107	63	239	137	3	138	224	177	140	239	174	152	251	33	129	
6	36	174	209	140	98	189	207	158	191	222	147	144	173	119	75	89	94	187	153	48	244	99	192	79	7	255	197	133	249	253	242	
32	105	211	236	88	193	107	66	19	128	252	136	49	151	97	180	92	248	147	216	75	154	226	250	119	212	129	41	83	184	102	168	
6	59	160	159	229	105	182	75	30	43	89	163	172	188	97	8	159	59	179	1	18	24	202	241	5	22	154	171	148	111	21	211	
130	216	54	219	101	205	184	7	175	89	112	49	172	158	116	73	231	59	183	145	194	124	18	241	7	24	90	203	84	12	197	219	
38	38	224	152	223	177	152	75	31	7	221	147	8	204	126	140	123	139	131	149	22	182	70	210	30	20	154	239	215	77	188	198	
6	56	178	154	239	245	184	64	159	93	85	55	140	222	102	105	239	57	179	149	150	71	178	224	31	16	90	235	146	69	165	215	
6	189	114	129	246	163	186	194	14	129	88	162	140	156	116	0	191	59	19	209	146	186	0	254	44	28	139	234	197	79	179	129	
15	236	228	243	213	189	254	150	126	247	30	7	169	41	87	139	171	106	211	157	182	248	159	224	110	79	223	97	207	221	217	206	
40	102	174	241	197	54	244	215	82	191	118	19	136	169	119	139	233	78	163	29	180	252	129	194	79	79	246	5	199	252	252	202	
72	141	252	255	131	240	188	191	54	23	71	179	249	127	24	107	103	87	185	130	114	216	235	245	111	235	254	197	183	208	173	2	
76	148	126	217	150	98	177	191	116	23	111	50	208	59	40	75	121	22	171	176	48	249	51	68	75	171	246	69	145	64	165	34	
2	72	212	157	108	138	184	6	31	57	242	18	172	10	20	73	238	173	127	129	2	252	193	213	4	58	218	130	21	8	113	137	
191	20	106	225	116	50	251	82	85	108	255	183	27	13	183	32	126	140	151	191	189	182	37	142	246	205	160	196	111	237	116	241	
102	111	242	222	242	32	159	222	27	134	120	249	108	239	237	20	23	255	53	222	160	211	138	234	120	62	13	170	135	243	167	161	
191	63	120	225	247	251	255	146	89	238	60	254	29	28	215	164	167	251	149	243	181	184	36	226	110	221	173	231	239	245	223	245	
6	49	114	225	126	153	248	81	109	97	255	163	141	29	244	96	238	153	223	53	146	179	37	192	22	88	10	230	87	143	97	213	
2	129	130	139	148	139	170	207	46	33	218	2	173	194	40	64	123	11	46	144	18	152	75	245	172	212	159	196	148	10	161	136	
213	80	140	165	12	47	81	24	22	250	135	31	215	25	27	75	192	196	125	103	108	197	221	24	208	227	235	148	44	57	24	82	
82	33	86	141	30	139	232	73	143	33	211	2	204	202	60	64	122	173	127	161	18	177	67	213	148	168	138	212	53	10	113	128	
33	251	121	72	116	199	247	252	71	72	124	98	48	215	164	52	90	56	22	106	195	186	104	125	111	28	36	232	83	154	228	235	
83	4	141	183	172	110	88	43	168	243	139	81	215	62	26	250	193	71	125	37	157	197	211	0	207	247	251	21	140	102	152	66	
90	65	114	236	38	19	120	84	109	0	246	131	15	15	181	112	110	149	95	237	200	179	36	204	210	249	170	144	39	158	99	25	
172	14	236	31	237	248	180	99	208	158	117	59	96	237	55	11	137	42	227	7	116	118	194	74	71	59	112	9	211	252	95	195	
43	181	97	73	245	151	170	111	79	73	88	78	56	28	188	164	220	11	146	189	215	58	116	223	46	28	140	238	95	14	218	189	
23	23	111	197	102	34	233	113	100	66	95	230	81	60	188	109	126	12	23	175	161	176	37	204	68	46	234	132	45	226	113	245	
2	56	242	217	101	172	248	2	173	89	82	162	172	158	117	72	238	185	191	145	130	152	194	224	135	56	218	138	132	133	49	219	
222	241	178	176	203	213	184	197	139	125	20	63	12	222	110	15	173	153	147	213	150	71	186	208	27	80	207	239	135	21	175	215	
114	65	70	140	76	130	104	73	143	0	240	2	136	202	52	66	122	173	127	225	74	3	195	213	148	184	138	136	53	10	112	128	
213	120	62	37	44	79	150	96	228	226	146	16	215	24	19	107	168	117	108	99	237	229	85	12	241	227	99	21	104	57	9	2	
85	4	157	165	172	110	80	10	102	235	139	65	215	56	25	106	145	69	124	17	157	224	219	0	197	231	123	85	172	107	25	2	
56	165	122	233	246	131	251	127	7	1	124	130	57	79	184	0	126	155	23	253	154	186	36	221	126	205	174	228	247	138	240	249	
47	173	66	9	215	187	162	195	95	33	125	6	8	184	190	164	249	10	146	29	150	184	28	247	46	28	142	103	223	79	217	132	
130	73	55	220	101	132	190	230	189	8	82	2	60	218	53	65	234	123	51	193	96	175	18	237	53	58	222	139	21	24	97	138	
78	203	236	255	11	64	90	184	167	21	135	129	233	111	24	66	70	85	253	194	74	73	203	181	207	243	207	221	54	162	5	10	
57	73	106	110	20	155	71	117	69	64	254	2	123	73	182	241	120	168	20	110	205	187	37	189	242	235	160	144	119	190	248	104	
6	120	178	216	239	245	152	202	143	93	212	39	44	222	103	42	236	59	179	209	134	67	178	241	19	16	218	187	146	93	37	223	
47	165	96	129	245	155	170	231	79	105	121	102	136	216	254	164	251	10	146	61	215	184	12	213	46	28	143	230	223	14	217	133	
19	143	107	143	148	130	239	119	116	64	218	198	113	102	182	100	126	174	22	173	249	152	37	239	48	44	170	192	61	138	241	124	
32	205	2	138	84	135	162	231	4	0	120	2	32	200	48	0	88	42	19	209	66	170	24	253	33	4	138	72	85	10	240	136	
14	139	166	179	213	175	244	198	23	189	82	7	33	41	83	11	233	111	163	85	54	248	25	172	47	215	223	67	165	93	220	202	
0	205	2	138	20	131	170	231	4	0	88	2	32	200	48	64	72	42	2	193	66	170	0	255	32	4	138	72	21	10	176	136	
2	205	2	156	20	131	170	231	4	1	90	2	32	138	32	64	104	43	19	192	66	152	0	255	32	36	138	192	20	10	176	136	
33	249	80	72	93	213	161	111	86	0	124	10	56	154	101	180	88	170	2	200	71	58	114	223	55	28	18	42	91	8	98	142	
35	205	10	187	92	129	174	230	30	64	88	135	180	204	51	64	216	43	19	197	70	186	86	191	36	4	170	168	29	24	57	218	
18	11	147	188	51	208	178	71	174	13	90	35	172	222	36	192	226	59	170	1	6	153	130	237	144	180	26	139	208	0	37	143	
121	77	98	236	12	19	206	252	193	224	244	138	115	205	183	53	88	228	87	238	236	163	100	188	242	233	165	184	119	191	114	124	
77	205	202	172	236	32	78	255	154	130	152	207	253	227	251	80	83	231	50	239	96	3	142	251	240	54	239	60	188	250	185	8	
0	223	11	187	22	133	175	230	22	76	88	199	181	198	32	64	252	107	19	197	66	154	74	63	229	38	186	192	20	27	53	202	
63	29	96	225	182	59	254	243	29	98	62	183	27	63	182	33	126	155	151	239	188	184	37	238	242	221	170	196	231	205	240	245	
174	191	114	208	247	244	158	243	201	206	188	175	12	254	247	36	167	179	213	179	245	43	52	238	123	93	47	251	207	228	47	247	
82	1	91	136	94	139	232	73	141	32	211	74	6	138	48	64	106	141	127	225	88	163	131	213	148	160	138	220	53	10	113	128	
246	121	178	144	203	212	188	69	139	220	149	47	12	222	103	15	236	185	147	213	214	67	178	192	59	80	207	239	135	60	183	215	
69	129	137	167	180	108	90	27	34	105	139	73	215	55	90	112	209	135	125	29	31	24	217	0	207	253	189	117	136	194	218	66	
16	161	2	169	148	131	106	207	47	33	218	2	143	194	104	64	122	138	78	208	26	153	201	213	188	196	143	84	180	10	177	8	
114	65	75	136	76	3	104	73	141	0	241	66	0	138	36	80	106	141	127	224	72	3	195	213	148	168	138	188	53	10	114	128	
21	205	21	236	172	7	206	239	206	162	152	74	125	226	57	166	159	99	122	111	193	35	27	159	184	223	207	60	92	250	169	172	
2	216	20	155	100	137	184	7	175	25	115	50	172	158	20	73	231	59	191	17	82	252	66	241	4	26	218	194	84	8	129	137	
60	20	21	189	155	226	81	59	149	31	123	53	79	119	40	89	223	51	165	160	57	192	83	29	201	243	113	215	186	97	164	147	
2	72	148	155	100	168	184	6	47	17	82	2	172	138	20	72	238	171	63	129	2	152	195	209	4	56	218	130	20	8	49	137	
138	62	135	181	37	110	188	39	184	251	18	85	188	63	16	139	133	119	249	5	33	220	147	194	133	115	126	130	136	100	143	251	
179	165	53	92	189	7	140	107	222	162	176	90	122	120	20	161	157	151	89	41	249	239	81	159	57	30	77	118	213	232	83	44	
0	40	210	157	100	169	232	70	47	1	242	2	172	138	17	72	234	173	34	145	2	186	195	193	20	48	154	0	4	8	33	136	
42	38	134	189	229	239	180	71	159	159	80	181	172	237	35	11	141	43	135	5	52	244	66	138	7	87	125	163	208	124	156	215	
24	143	142	173	156	2	141	111	156	246	146	199	247	34	35	67	107	69	108	165	105	203	7	140	248	227	239	20	28	120	41	216	
187	73	98	236	76	19	78	124	193	192	244	138	123	205	183	53	92	228	21	238	204	167	36	172	242	233	229	152	119	191	112	104	
33	187	120	89	124	141	176	127	94	41	124	108	176	152	230	48	216	42	2	8	194	58	98	87	37	29	50	42	81	8	203	175	
26	155	66	140	50	146	186	119	172	13	222	231	45	226	166	196	102	59	175	196	150	137	4	253	176	100	170	195	63	134	41	29	
0	205	3	191	22	199	47	246	22	64	72	226	181	199	33	64	92	42	19	205	75	152	65	63	228	166	170	128	60	26	49	184	
25	133	107	207	20	146	239	117	84	64	223	198	113	105	178	97	122	164	22	238	249	185	37	159	114	109	162	192	63	170	240	248	
185	201	98	110	20	146	70	125	69	64	254	2	115	73	182	117	120	164	6	234	200	187	37	189	242	233	160	16	119	190	240	108	
2	72	19	158	102	128	184	102	156	8	82	98	188	218	33	65	238	59	51	193	67	155	2	237	21	34	218	10	29	16	33	139	
57	133	107	233	86	147	235	123	69	1	124	194	25	15	180	36	126	136	23	248	155	184	37	159	126	205	162	196	119	138	112	161	
0	205	2	138	20	129	142	231	6	1	88	2	32	202	32	64	72	42	2	192	66	170	0	253	32	36	138	64	21	10	176	136	
126	223	156	158	169	86	21	255	57	127	215	253	204	55	10	223	197	215	173	98	124	203	107	229	243	243	254	215	146	116	175	83	
94	235	97	238	25	192	90	184	167	44	141	0	233	223	72	82	64	245	253	194	74	1	203	245	219	225	163	189	50	162	7	34	
22	185	134	179	23	143	242	160	143	181	82	7	110	120	35	194	161	227	165	81	94	248	27	253	141	194	207	67	165	46	93	74	
92	22	247	101	34	42	161	2	236	174	59	224	223	50	141	234	183	85	108	42	128	181	41	64	132	231	123	132	196	115	5	33	
101	33	193	67	240	47	107	26	35	161	111	76	19	179	201	84	88	206	23	156	27	146	217	66	92	172	161	100	171	227	82	176	
93	1	153	167	180	106	66	27	98	233	219	104	215	49	89	112	50	222	124	25	29	48	201	0	221	229	33	212	172	235	216	1	
226	189	38	130	75	212	152	99	137	220	157	63	8	158	102	39	236	177	211	131	212	75	178	196	27	88	142	251	7	6	183	215	
32	249	106	73	86	203	235	252	68	68	116	143	49	13	190	20	62	152	3	108	194	186	52	125	119	12	32	96	127	154	198	248	
39	175	82	67	215	185	178	195	95	65	124	98	40	184	247	164	123	42	130	145	151	186	4	254	46	28	6	99	223	79	251	141	
31	155	108	225	54	154	249	176	77	252	86	167	89	31	150	96	38	249	149	221	149	184	37	236	78	219	233	192	39	175	84	241	
98	57	160	158	207	245	144	67	139	220	149	43	44	156	103	43	204	59	179	193	214	107	242	240	23	16	222	187	19	76	55	223	
105	132	192	156	93	2	201	171	27	134	76	15	108	227	123	212	91	236	34	172	96	74	158	223	124	54	223	44	159	236	113	136	
244	104	70	142	76	129	198	204	135	176	176	10	98	200	97	19	88	232	110	98	74	103	138	185	48	0	133	60	85	59	82	136	
128	65	31	137	102	11	169	20	44	49	83	82	181	2	8	73	110	13	63	72	3	180	65	81	132	32	186	128	12	25	129	168	
194	49	176	144	235	213	184	71	139	253	149	63	12	158	78	43	174	63	247	145	150	91	178	192	31	16	223	187	131	68	167	223	
2	73	88	155	100	169	184	70	47	17	90	2	164	138	124	72	238	139	55	193	2	184	195	241	20	56	154	130	20	24	177	137	
201	28	151	213	165	62	45	55	252	250	78	84	188	50	1	239	165	119	248	8	161	220	51	202	197	251	94	2	138	116	201	57	
147	118	99	129	54	2	173	87	60	224	82	246	149	6	220	101	54	141	31	189	229	220	165	206	188	12	190	132	45	128	177	125	
2	192	84	155	238	137	188	199	47	17	82	146	140	206	92	73	239	27	63	17	82	52	67	241	132	24	218	226	84	8	129	129	
30	95	182	146	179	247	151	198	60	223	222	101	174	56	35	137	205	107	135	21	180	251	48	236	184	23	126	195	200	93	189	223	
57	107	41	174	86	205	75	96	13	68	81	139	63	204	51	16	190	169	23	103	74	35	56	189	241	197	41	184	117	47	23	248	
90	157	183	181	179	234	53	39	188	207	94	161	172	63	130	66	163	55	237	17	112	217	35	206	239	119	126	195	134	116	165	107	
