菁纯柔润唇膏（丝绒雾面版）套装	#189（丝绒）挚爱 李冰冰色	http://www.lancome.com.cn/on/demandware.static/-/Sites-lancome-master-catalog/default/dwdc1ec6e8/images/LAN_PRO_IMG/Product Set/LAN00284/L9604900U.png	http://www.lancome.com.cn/dw/image/v2/AARM_PRD/on/demandware.static/-/Sites-lancome-master-catalog/default/dw9a3a7c99/images/LAN_PRO_IMG/PRO/189-1.jpg?sw=490&sh=490&sm=fit
177	68	101	205	68	35	239	254	85	34	244	66	83	33	181	117	120	204	22	234	233	182	101	191	118	170	226	132	119	249	112	168	
18	95	22	191	29	198	246	228	149	140	218	35	108	254	33	196	232	245	175	195	76	187	11	254	177	246	206	3	49	62	124	31	
33	131	213	77	154	47	170	15	78	33	106	194	227	32	132	100	30	94	98	56	17	184	125	29	44	174	1	80	217	170	193	172	
124	77	246	237	157	210	118	244	245	140	254	3	73	251	35	194	248	244	175	226	108	179	3	238	243	239	231	131	55	63	252	3	
39	110	131	128	236	39	162	202	94	251	152	90	148	248	249	168	217	73	18	159	135	247	172	226	25	22	207	238	152	121	51	164	
42	176	160	83	233	253	209	87	131	125	183	61	170	28	78	158	141	154	213	17	159	122	242	161	79	89	20	243	203	76	222	255	
221	124	31	115	170	239	85	158	183	254	38	60	223	119	73	59	167	87	124	114	107	212	249	60	233	195	117	84	170	241	135	115	
76	252	159	247	170	78	53	247	176	187	0	124	253	247	64	27	167	119	125	2	113	221	154	40	237	195	127	32	168	112	135	187	
14	32	131	80	73	45	105	88	183	55	163	29	8	131	72	158	41	132	107	156	2	87	155	80	29	154	81	60	227	229	35	160	
61	143	194	235	148	187	234	248	71	173	223	198	99	233	187	68	121	234	30	252	158	177	109	191	190	205	175	244	191	203	88	132	
13	206	7	189	164	6	172	183	20	18	82	214	221	35	176	233	103	68	59	239	241	148	69	222	228	35	255	196	30	185	177	32	
77	160	144	24	233	124	112	139	235	93	36	24	142	178	78	254	129	10	232	28	22	110	186	209	15	217	83	111	210	69	207	198	
245	78	143	239	44	38	79	48	196	202	211	68	243	97	177	107	88	228	60	238	169	167	81	44	224	171	226	16	56	251	112	32	
95	109	122	229	50	78	127	240	61	228	254	130	95	127	131	112	62	253	223	238	200	145	61	238	247	253	47	133	39	179	47	113	
125	117	13	96	136	111	71	248	97	234	165	72	211	119	1	59	16	148	76	110	41	35	120	24	243	203	97	52	226	243	70	112	
247	73	246	212	199	86	126	96	217	198	243	27	72	248	55	191	248	229	179	227	236	231	182	232	51	122	197	11	71	125	254	198	
18	179	110	161	58	131	153	112	140	205	158	167	173	15	146	0	238	161	221	181	142	137	69	205	218	69	170	209	44	140	61	91	
169	204	56	93	213	223	229	247	87	38	100	26	179	185	50	32	89	170	2	8	120	188	112	191	103	223	20	97	115	216	212	170	
41	141	228	205	21	182	111	178	84	71	78	2	243	41	179	100	89	110	27	13	169	184	117	175	231	255	130	0	182	253	112	232	
11	50	174	173	61	158	184	86	235	77	216	231	172	140	182	162	174	41	223	149	135	169	164	205	6	125	138	195	79	6	123	223	
9	220	58	127	69	253	177	102	92	3	102	18	185	249	36	109	185	58	34	8	97	188	50	191	79	223	86	64	83	88	105	170	
45	100	242	238	246	187	255	216	95	195	125	202	95	200	253	160	127	249	23	159	131	182	172	218	118	77	39	172	255	255	115	165	
19	155	71	185	146	130	57	215	190	65	90	247	253	231	176	72	119	63	55	149	179	216	7	255	204	38	190	192	172	128	161	249	
10	176	183	217	235	221	185	215	143	121	116	126	156	223	108	172	175	27	255	16	147	123	250	209	207	209	31	239	218	12	133	255	
29	93	121	231	114	78	127	248	61	224	127	166	223	127	137	112	54	221	95	238	193	144	61	238	247	237	39	132	45	179	35	241	
236	180	157	126	233	126	87	190	49	31	236	24	210	245	9	63	153	214	108	106	57	98	251	35	239	255	85	31	194	123	198	35	
3	177	191	93	118	158	185	99	122	89	116	70	48	188	182	39	172	58	18	13	183	248	180	205	15	56	18	130	205	8	115	255	
172	18	218	187	226	233	179	64	60	5	115	183	77	211	106	24	250	27	131	18	18	180	10	32	68	161	34	203	241	11	239	211	
188	215	115	106	243	249	87	248	245	14	125	250	75	213	173	180	63	210	134	98	251	165	42	191	51	205	37	79	119	251	230	181	
149	221	255	90	166	115	231	252	94	218	95	114	80	120	189	109	123	90	54	123	225	244	63	127	105	14	103	132	253	251	249	165	
11	9	139	141	180	166	235	146	46	193	94	198	181	167	179	232	88	110	59	221	131	152	245	233	140	47	186	128	140	167	121	248	
9	25	251	221	215	247	179	214	94	65	78	2	188	188	53	232	114	123	178	81	145	184	54	248	77	47	154	1	151	121	117	172	
180	255	253	95	202	99	167	254	82	186	124	242	113	119	173	175	127	94	6	234	241	246	45	126	41	142	103	164	245	249	231	161	
2	203	130	155	237	201	188	199	158	23	72	147	172	142	98	73	195	43	131	17	70	88	2	241	45	16	158	107	16	92	189	218	
18	159	6	154	150	163	190	231	148	5	218	231	109	234	50	192	127	235	143	149	62	155	12	255	184	102	142	195	156	78	185	157	
11	184	234	97	85	214	250	82	23	225	111	135	9	143	118	196	126	172	147	156	156	184	21	206	95	205	139	67	239	142	120	222	
2	153	142	184	241	228	184	199	190	93	90	183	172	199	34	72	239	59	179	149	54	216	18	247	205	54	158	203	144	68	165	219	
19	141	235	219	150	162	239	247	86	67	90	210	121	236	180	96	127	171	23	157	179	185	44	255	124	46	190	192	181	200	241	252	
14	184	187	144	233	253	185	71	175	221	181	189	140	223	102	30	175	59	255	149	19	79	186	209	95	81	31	235	194	4	167	243	
188	255	209	234	211	39	95	220	19	134	253	191	89	231	233	213	127	218	135	254	106	6	56	58	123	207	165	172	179	247	166	241	
128	105	94	93	10	130	174	98	180	128	226	129	176	195	37	19	110	117	107	198	96	207	131	108	96	170	67	8	65	177	35	136	
193	6	221	229	112	46	105	19	121	171	126	112	183	35	129	122	6	46	61	188	177	216	225	74	198	255	114	128	232	224	67	41	
67	89	163	136	246	196	185	196	206	193	90	103	188	158	119	96	230	107	51	213	135	152	182	224	60	60	142	138	156	31	49	223	
90	147	105	160	42	128	24	49	134	172	146	231	173	15	224	64	230	181	253	229	72	9	131	212	218	193	239	247	60	166	37	27	
248	13	250	227	244	186	123	18	121	1	127	18	155	11	148	120	106	174	23	152	154	184	225	230	198	253	178	128	229	203	194	161	
60	121	122	98	117	205	87	248	65	172	252	8	63	89	57	48	184	248	213	106	202	51	120	189	243	205	37	61	99	187	86	43	
221	68	203	165	214	58	110	241	117	226	211	214	83	104	185	240	119	204	28	175	189	148	45	142	190	111	175	196	173	243	248	17	
168	37	106	97	244	10	111	119	113	160	247	26	19	9	144	49	122	172	70	57	248	186	101	14	126	237	176	64	101	136	194	160	
238	186	186	186	233	244	185	67	171	221	181	61	172	254	102	26	207	163	255	149	150	75	162	224	223	81	158	251	130	68	175	215	
39	111	226	140	221	31	238	237	95	234	248	79	106	232	183	164	252	238	146	111	205	179	222	250	54	62	143	171	93	126	250	156	
124	249	154	238	185	92	86	253	163	140	172	9	63	255	64	82	182	255	205	66	90	11	154	33	251	237	37	127	98	178	238	11	
3	184	174	152	237	245	184	199	222	95	88	23	172	190	118	104	205	43	179	149	150	74	114	241	13	50	222	107	144	76	189	222	
151	150	202	149	242	42	109	159	63	227	119	247	89	35	155	93	119	206	55	188	177	212	13	78	94	46	255	196	175	245	248	209	
149	68	227	77	150	50	239	112	116	194	243	82	83	96	181	100	126	228	62	174	233	182	109	142	176	238	167	128	239	251	112	100	
161	173	251	85	246	239	189	71	88	73	120	18	52	189	180	32	186	58	19	13	227	186	48	75	119	12	36	130	69	232	227	171	
179	149	110	159	129	214	188	101	148	87	199	151	113	46	62	99	236	163	155	135	253	221	52	239	35	107	218	1	29	4	249	220	
29	151	99	235	54	163	235	250	4	65	219	231	219	111	185	96	126	155	31	189	153	145	45	191	232	197	175	196	191	203	53	241	
3	43	194	169	176	164	170	214	46	193	88	199	173	142	241	64	238	255	23	213	159	154	134	224	172	164	170	136	141	147	35	216	
56	141	106	254	212	163	239	247	86	1	254	2	113	235	180	96	121	235	23	185	186	187	44	255	122	175	167	192	245	202	240	136	
92	213	95	238	50	70	71	184	164	0	203	64	87	119	41	113	114	212	125	106	105	129	57	45	241	235	39	20	32	179	165	50	
20	221	59	235	150	199	55	252	52	128	202	2	247	247	41	64	114	121	31	242	105	177	56	63	233	167	47	68	48	123	165	179	
54	125	251	254	214	195	191	237	22	132	120	163	113	255	33	0	255	251	19	243	82	179	26	127	121	135	175	137	181	122	165	210	
20	253	139	190	218	195	191	205	22	132	88	163	117	255	43	0	255	251	3	211	82	155	10	63	249	135	175	169	181	123	165	211	
157	12	231	205	134	50	239	123	84	194	211	210	217	44	149	237	126	204	62	174	233	244	101	202	180	234	239	128	173	249	113	165	
35	18	200	153	84	181	152	78	30	69	221	151	1	142	62	72	221	139	19	157	159	154	119	213	6	47	154	192	157	201	248	212	
176	197	105	237	92	11	103	254	87	34	252	10	83	1	176	113	120	140	23	234	233	182	101	31	246	137	161	180	117	184	80	168	
208	194	30	240	42	201	85	119	182	63	167	185	87	167	66	19	167	149	109	2	104	79	138	17	243	195	117	125	112	112	133	99	
246	6	108	200	108	51	206	106	17	246	148	255	3	108	151	143	95	144	215	167	172	39	68	218	18	91	201	191	253	253	94	85	
178	197	20	206	29	85	86	236	139	22	172	10	106	251	47	151	216	210	202	98	110	35	122	255	179	248	192	59	83	63	110	14	
130	48	180	145	171	247	184	75	30	251	82	53	140	188	86	11	135	31	187	17	182	220	243	192	13	50	219	235	132	68	5	215	
221	76	255	118	160	110	71	150	117	171	174	16	243	119	1	122	49	228	124	42	41	197	121	42	243	239	101	16	162	241	64	40	
11	182	221	255	238	38	120	158	31	251	86	118	253	243	201	235	247	79	63	156	163	212	203	234	206	255	255	132	158	248	41	41	
217	211	118	239	42	18	95	185	165	68	183	166	127	87	170	119	102	213	253	234	233	129	101	237	242	251	98	144	63	182	160	113	
229	36	141	51	168	102	104	10	54	251	227	80	209	178	88	123	201	143	126	157	63	214	203	0	141	186	251	196	136	65	114	160	
0	148	156	191	180	34	61	175	30	3	74	118	252	114	40	65	215	95	50	129	51	220	83	255	172	54	222	2	156	88	177	9	
85	64	172	171	140	69	158	136	198	116	145	3	211	88	123	106	217	65	125	115	142	37	95	176	249	207	239	253	181	59	181	66	
2	48	180	145	172	160	184	10	190	219	82	179	172	254	113	75	167	127	187	149	178	92	139	209	12	18	223	198	148	68	1	209	
60	253	184	107	221	79	215	236	87	253	173	24	82	121	78	24	217	222	67	122	122	114	249	54	123	223	5	119	211	91	198	226	
75	58	188	188	237	252	153	206	203	95	148	61	172	190	119	122	199	99	255	21	150	75	226	225	223	115	122	187	146	77	47	95	
253	173	155	84	213	110	103	251	115	155	174	24	83	117	72	54	217	222	108	58	123	227	251	42	123	255	69	77	195	104	246	162	
101	208	153	79	101	94	70	153	106	122	37	92	210	48	92	182	153	76	112	42	217	52	249	19	39	189	1	52	88	35	202	180	
225	160	149	26	236	173	96	79	203	59	161	88	182	216	76	59	129	2	106	17	55	111	218	81	29	26	81	122	216	72	219	142	
33	141	111	78	148	147	239	245	84	64	124	70	113	224	182	100	88	106	18	111	241	184	44	63	104	46	167	192	125	250	240	236	
212	114	147	228	34	0	22	80	161	168	163	104	23	211	233	26	182	253	76	226	73	23	136	64	176	160	47	174	40	50	35	3	
202	20	188	149	162	106	188	15	190	115	15	177	204	63	136	203	167	87	251	21	176	204	67	194	140	51	94	215	148	244	141	81	
203	210	237	211	237	253	189	63	175	127	151	247	220	156	222	107	175	151	255	129	247	109	255	209	79	123	255	223	212	76	213	119	
153	119	47	37	34	90	63	48	100	204	94	228	221	6	147	113	118	60	221	238	193	144	165	12	228	233	42	128	44	182	35	241	
49	141	107	254	212	163	239	247	84	1	254	66	113	233	180	96	121	234	23	137	187	187	44	255	120	175	166	192	245	202	240	168	
71	252	133	159	143	54	174	188	158	251	66	87	252	250	121	239	181	71	123	191	247	69	155	255	44	46	223	252	156	117	185	21	
95	64	143	165	3	118	41	28	180	215	199	135	221	103	43	206	119	244	185	188	9	213	53	136	195	231	219	133	174	247	61	112	
3	45	173	141	148	167	174	71	94	161	88	198	177	40	53	33	76	43	19	141	192	248	85	232	37	12	158	32	221	88	209	172	
25	135	126	239	178	3	95	249	4	64	223	226	219	103	186	97	126	183	31	238	216	137	109	189	250	233	170	212	55	163	168	97	
52	132	73	171	254	99	163	59	22	57	121	250	211	109	200	0	91	10	39	56	50	54	75	23	76	134	179	252	245	203	208	161	
153	140	71	190	148	162	111	247	84	194	222	214	113	227	176	228	121	238	62	141	185	155	5	239	248	175	190	128	189	232	248	56	
207	221	174	159	164	54	239	183	116	95	95	86	241	114	191	239	89	102	53	239	249	212	125	175	36	63	254	128	140	119	240	101	
95	13	103	229	145	22	111	51	164	196	207	199	249	102	147	231	124	230	253	190	189	217	125	140	234	239	175	128	167	230	240	116	
38	77	130	158	212	131	174	193	22	130	89	2	96	202	33	64	120	104	2	194	96	183	10	254	48	38	143	136	149	123	240	128	
171	148	101	157	79	118	141	107	85	82	196	146	121	126	186	239	95	147	178	175	237	214	119	223	20	42	218	128	63	228	48	244	
143	14	231	151	226	114	111	118	49	206	95	214	73	46	147	239	109	255	151	175	253	214	45	234	118	99	254	129	167	245	188	252	
66	145	172	141	173	117	180	143	142	125	154	47	236	252	126	66	205	87	251	129	150	33	211	209	13	55	223	191	152	94	157	95	
201	200	47	252	32	146	77	182	212	90	70	176	249	103	179	109	70	98	61	206	233	205	39	189	226	251	254	128	22	149	48	104	
56	204	36	237	29	239	71	175	87	38	236	11	115	57	54	212	217	234	131	106	104	190	89	191	227	223	133	53	115	126	212	106	
81	139	3	162	22	36	234	82	100	32	218	70	55	2	208	64	108	143	14	197	201	187	69	101	176	132	170	128	45	10	48	8	
2	144	156	191	168	36	188	175	142	31	90	37	236	127	43	74	199	83	187	5	0	0	27	241	197	54	94	135	144	126	165	91	
236	184	149	112	41	253	80	130	235	187	160	88	142	155	64	191	129	245	236	18	58	79	210	240	155	211	65	127	194	97	10	38	
96	249	223	190	170	204	21	229	170	93	186	41	118	247	64	18	175	247	109	194	82	107	154	117	217	178	119	91	65	2	167	251	
66	27	154	191	170	36	63	143	142	141	74	35	236	247	97	74	230	119	185	209	18	9	155	225	201	180	78	139	144	115	165	91	
248	182	158	48	169	171	84	207	179	63	164	57	15	187	72	155	137	215	237	16	58	111	194	17	219	211	117	127	226	72	206	11	
85	85	223	228	160	100	109	53	160	210	15	68	215	119	73	123	101	213	60	234	73	81	179	64	211	171	231	12	168	243	162	48	
78	221	180	147	171	44	188	175	191	27	11	177	236	126	73	79	135	87	251	23	50	200	219	227	175	114	95	198	150	119	137	31	
82	95	22	191	61	194	119	228	189	204	218	103	111	254	39	198	252	253	175	195	77	177	137	239	181	246	206	131	48	62	125	95	
116	78	189	124	44	102	79	162	249	30	246	0	99	107	53	123	193	228	61	42	168	239	99	173	195	254	208	25	210	241	116	41	
94	95	214	239	61	194	126	244	181	140	218	35	111	191	51	192	248	245	191	227	76	187	139	238	243	247	142	131	39	191	124	27	
41	167	96	97	245	27	101	55	113	175	126	24	155	33	210	180	27	140	230	60	248	248	225	142	238	223	53	68	235	236	202	160	
7	44	129	161	21	239	168	2	90	225	24	74	150	56	85	168	185	237	16	149	23	240	212	208	141	28	155	118	205	73	83	196	
11	164	221	255	238	54	121	158	127	243	118	82	253	227	220	255	247	79	62	156	181	216	235	243	206	255	255	132	142	248	233	41	
109	50	240	66	233	124	81	25	235	255	181	61	142	149	207	254	129	132	236	20	151	103	250	208	207	217	117	127	202	230	206	119	
21	183	78	235	156	191	203	248	199	232	191	110	115	104	191	97	120	226	94	254	191	161	109	189	186	204	167	208	189	139	80	85	
74	186	189	184	237	252	185	223	171	95	148	189	172	190	95	90	199	19	255	21	150	75	242	241	223	113	122	251	150	76	135	255	
6	77	130	158	212	131	174	225	150	130	89	2	96	234	49	64	120	106	19	195	98	186	10	255	48	38	143	136	21	122	240	128	
245	176	201	168	28	45	202	152	22	243	144	223	211	72	88	170	157	192	93	119	191	103	223	51	153	158	137	124	253	169	88	80	
25	141	199	254	148	178	111	247	245	194	222	198	113	227	176	228	121	238	62	142	249	155	37	239	250	239	190	192	191	232	248	60	
94	125	114	231	83	94	126	112	61	172	254	3	95	123	17	208	118	253	255	234	72	147	153	238	247	237	175	129	39	183	47	131	
161	141	111	94	148	151	239	245	212	64	108	2	113	224	182	100	88	106	18	110	241	185	60	63	107	47	135	64	117	250	240	236	
108	148	221	125	169	110	81	154	127	191	167	56	214	245	73	126	145	84	108	56	41	116	251	26	223	255	117	54	210	232	70	51	
27	143	195	189	146	130	110	247	182	65	94	214	125	231	176	228	119	239	63	141	241	153	4	255	252	175	190	192	175	132	169	185	
31	77	122	231	114	94	127	240	61	228	254	130	93	127	131	112	54	253	95	238	192	144	61	238	247	237	175	132	39	179	39	241	
219	131	103	238	172	18	78	185	133	52	183	198	75	75	186	247	110	197	127	238	252	139	109	221	242	251	227	212	55	166	224	68	
61	100	250	238	118	51	238	216	126	192	125	74	93	200	253	160	127	249	23	255	129	178	172	218	242	205	47	164	255	251	107	161	
19	143	7	158	156	163	175	231	212	64	202	198	96	224	180	229	124	98	26	239	253	155	60	255	184	38	143	64	29	126	176	252	
11	184	51	217	237	221	185	215	143	121	116	126	188	222	100	236	239	59	255	17	147	107	186	209	95	209	62	235	222	12	141	255	
2	153	135	185	249	228	56	199	190	89	90	81	188	247	32	72	205	59	187	149	18	202	82	247	141	54	190	202	152	68	165	251	
10	184	179	216	233	253	185	87	175	89	52	189	188	159	102	158	207	59	255	21	147	75	242	241	79	81	190	235	142	4	167	251	
36	77	194	158	212	131	166	105	150	130	121	2	96	232	49	64	120	106	2	67	80	179	8	255	48	38	135	8	85	122	176	128	
219	211	102	238	40	18	93	185	165	86	183	254	107	103	186	247	102	213	253	238	232	199	109	205	242	251	226	150	54	180	168	117	
179	147	33	57	149	221	208	97	95	105	112	93	130	152	126	32	153	11	23	21	254	56	88	151	139	92	24	119	88	12	217	215	
27	141	107	251	148	131	239	247	86	65	94	194	121	239	180	96	127	171	23	189	187	185	44	255	120	47	174	192	181	138	241	232	
73	6	222	245	244	174	121	19	121	139	126	112	159	35	128	122	6	46	124	28	177	252	193	74	206	255	50	192	138	192	195	169	
34	176	169	155	237	237	176	143	158	95	88	21	172	188	122	106	201	27	187	21	150	106	242	241	77	22	222	251	144	76	149	223	
93	206	206	77	13	50	110	191	101	3	206	198	75	98	178	230	112	196	172	174	205	144	151	225	54	111	194	1	47	246	248	4	
3	176	189	155	237	253	176	207	206	127	49	125	140	188	94	42	141	27	251	17	150	124	251	209	13	26	95	255	208	76	151	215	
2	146	239	95	98	242	185	112	108	13	119	231	105	236	190	40	190	59	151	129	150	184	47	101	70	47	250	131	213	194	101	207	
212	207	14	174	26	66	95	248	36	140	215	163	87	103	43	81	118	213	109	227	104	131	73	60	240	227	239	149	52	179	36	99	
35	181	170	14	253	159	230	237	91	200	248	79	98	232	62	160	216	234	178	101	213	58	222	255	62	31	133	43	93	126	250	140	
56	141	66	234	212	163	198	247	23	1	248	2	115	233	48	0	121	234	6	48	26	187	8	191	122	239	167	72	247	218	240	136	
93	13	133	205	165	38	79	178	69	72	222	66	218	51	145	230	84	198	60	236	9	152	113	204	192	190	226	132	186	243	112	41	
120	253	122	102	240	205	87	252	33	140	252	9	63	219	64	16	186	255	197	98	74	43	152	45	251	205	37	57	98	178	238	11	
151	150	198	85	242	42	237	223	63	243	119	247	89	99	159	93	119	206	55	188	177	212	13	194	92	46	255	196	175	228	225	177	
189	12	225	237	148	50	239	123	85	194	243	82	83	40	149	233	121	204	62	174	169	246	101	174	180	239	230	128	253	249	112	36	
32	191	253	85	202	99	173	255	18	178	124	246	81	39	197	175	95	94	114	184	249	250	231	94	111	175	247	164	247	248	198	185	
220	93	95	239	34	66	79	184	36	166	211	162	87	119	137	83	118	212	109	234	105	145	41	44	241	163	231	148	36	179	36	33	
219	87	111	101	32	94	127	48	45	206	150	228	223	31	147	243	118	85	221	238	233	129	117	200	226	249	234	144	46	247	37	113	
177	68	109	205	92	11	229	118	85	34	246	90	83	33	144	53	120	140	86	232	233	190	101	158	118	138	240	164	119	248	80	168	
16	77	123	237	22	67	143	252	20	132	218	162	247	95	33	64	126	253	31	227	104	145	13	46	249	167	175	132	37	186	53	250	
185	12	229	221	100	50	239	50	84	226	242	210	243	44	149	235	111	238	55	207	169	252	101	234	132	235	250	128	237	249	80	188	
168	100	111	227	116	11	231	119	117	161	247	26	147	9	144	49	106	172	70	40	249	190	97	78	102	139	244	64	103	136	210	160	
172	13	122	251	244	168	123	144	121	1	127	18	155	43	157	121	238	171	23	216	186	152	96	228	198	249	178	192	228	139	224	161	
143	185	126	211	244	188	123	144	191	89	119	48	189	95	253	105	167	123	23	218	179	216	42	230	110	217	38	196	134	131	193	177	
197	117	221	71	96	30	110	184	121	232	127	108	223	115	141	255	54	84	124	106	225	240	249	76	38	251	101	132	74	243	75	49	
58	150	122	127	114	166	185	119	60	143	121	247	121	47	190	1	254	59	135	133	224	184	36	79	68	143	250	129	69	194	101	249	
51	150	104	154	118	180	122	249	19	79	117	247	104	75	190	81	255	139	23	174	182	150	156	215	94	47	176	238	61	143	250	215	
218	30	156	188	171	57	88	11	191	63	130	189	175	171	107	219	167	215	237	133	62	79	130	51	210	243	120	185	184	69	11	27	
189	220	252	88	194	115	254	254	86	146	252	242	91	117	173	189	127	218	134	250	245	230	63	126	123	207	101	5	255	249	238	177	
71	249	132	157	142	83	172	174	222	250	210	110	252	250	211	239	243	69	122	253	229	203	223	221	188	42	255	254	172	116	57	93	
69	118	220	71	116	30	102	152	109	170	127	108	211	80	157	115	150	68	108	110	229	244	77	12	38	187	37	132	72	179	75	5	
101	49	152	103	228	30	230	184	122	234	51	76	211	120	223	120	148	76	116	110	213	180	217	26	76	191	97	116	72	187	74	133	
189	213	126	122	247	59	246	252	85	82	125	242	123	125	191	37	63	210	134	106	229	229	60	191	122	207	101	69	255	251	232	151	
181	213	115	126	230	173	246	252	221	66	121	123	114	248	60	49	191	251	6	99	229	181	28	255	50	60	5	50	125	251	200	135	
179	181	106	174	114	132	190	117	56	76	121	223	61	206	62	16	254	171	19	165	231	158	16	207	114	77	174	168	13	70	163	219	
152	127	23	161	50	135	175	246	164	140	250	231	173	15	49	129	110	51	135	231	224	157	0	254	224	208	46	128	47	150	39	153	
178	151	33	169	188	133	214	47	15	105	209	125	166	28	48	64	205	139	29	5	251	46	65	151	161	84	190	254	24	12	145	91	
3	125	43	174	86	132	171	85	172	192	72	71	188	222	119	96	236	43	19	221	199	155	182	233	169	41	142	40	13	30	49	248	
67	222	173	158	43	252	20	55	171	91	15	109	172	190	130	247	165	119	253	1	215	73	186	245	179	115	120	219	26	4	143	95	
155	224	83	200	87	212	104	110	247	128	100	18	56	211	100	244	122	184	146	248	106	191	48	207	59	204	3	75	35	128	104	172	
88	249	159	174	170	204	159	221	174	156	176	169	253	215	64	82	174	119	109	194	66	75	154	117	249	161	47	25	64	50	167	123	
72	191	29	101	180	42	100	183	100	25	74	96	247	51	128	114	129	86	124	56	17	152	65	61	236	255	118	68	8	194	211	41	
117	226	236	168	28	45	74	218	19	91	144	223	147	73	91	10	89	192	93	127	158	103	95	177	218	223	161	252	253	189	122	82	
44	245	185	82	253	109	215	221	91	251	189	24	214	253	77	62	153	90	118	122	121	98	251	50	107	223	5	62	210	123	198	243	
124	190	158	184	171	168	84	71	179	159	160	189	15	235	66	219	135	183	237	16	62	79	194	0	218	243	116	123	234	68	142	19	
8	191	88	185	178	170	55	183	54	15	90	245	167	35	128	80	23	127	132	48	178	216	65	63	236	231	44	194	164	192	135	25	
57	200	164	255	29	247	69	191	87	97	206	2	251	189	50	228	89	174	187	8	9	184	113	189	227	255	212	81	146	222	220	106	
70	177	185	168	254	97	31	137	10	37	153	175	206	253	88	64	215	159	125	21	154	2	218	209	221	52	143	255	148	106	149	83	
116	32	130	72	73	53	232	72	54	163	169	72	64	194	109	152	249	204	106	154	13	99	219	16	155	204	147	61	193	99	106	134	
70	129	153	175	174	96	190	137	14	53	11	203	212	247	104	66	215	87	59	149	18	0	219	211	237	180	175	254	148	122	133	51	
208	14	188	247	164	96	53	167	188	159	151	48	213	55	73	75	225	87	109	130	32	197	171	66	197	227	254	131	128	112	165	43	
196	72	158	53	8	131	172	2	180	154	226	80	209	163	1	11	41	101	106	206	96	253	67	104	4	162	115	0	65	241	33	8	
111	178	233	115	233	125	217	218	235	125	181	61	154	28	222	190	141	151	221	21	159	98	250	129	223	89	48	255	207	205	222	247	
21	60	129	129	180	39	161	202	94	249	152	66	150	48	241	40	217	76	30	61	155	243	105	128	153	4	175	244	136	105	49	229	
163	140	47	157	141	212	252	167	220	95	198	19	192	124	62	107	201	66	187	163	126	205	58	247	35	123	218	87	16	12	252	198	
36	245	153	115	252	237	87	140	27	186	41	24	214	113	73	56	145	90	115	90	51	98	219	50	111	158	5	126	216	123	195	163	
108	212	253	127	233	127	87	159	123	255	175	56	222	119	201	63	149	214	108	58	57	100	251	18	255	255	117	126	210	240	198	115	
78	170	146	50	157	169	146	130	151	183	137	61	238	233	66	132	129	107	235	21	30	111	138	243	136	86	21	127	202	79	153	6	
120	182	150	48	169	169	84	207	171	63	160	253	143	163	72	155	135	215	236	16	62	75	194	49	154	211	117	127	234	76	142	27	
252	196	33	184	141	39	79	254	23	178	156	90	95	245	121	205	89	218	189	251	123	71	219	178	251	199	229	188	190	253	180	32	
53	114	196	164	172	45	78	216	66	242	177	207	83	104	91	27	93	192	92	111	141	99	223	32	152	202	229	188	253	251	90	144	
208	76	31	188	44	226	17	170	212	158	130	48	182	23	33	75	193	113	236	98	104	197	99	46	193	227	122	27	16	57	37	107	
246	229	193	234	156	36	78	216	19	2	137	90	67	215	233	212	81	218	29	250	107	7	218	179	179	252	133	254	190	243	240	36	
184	147	40	249	180	135	93	61	22	13	213	247	177	15	56	65	92	154	151	197	250	156	65	151	231	231	184	201	55	136	180	251	
120	105	5	126	13	93	70	232	131	56	172	8	98	211	37	150	200	210	237	74	74	3	218	189	179	217	193	59	18	59	94	42	
109	180	181	87	249	127	81	59	123	251	181	56	210	125	76	62	153	30	252	56	57	114	251	14	79	255	85	118	194	232	198	243	
10	184	177	217	233	253	185	215	175	89	60	253	188	159	228	174	207	59	255	145	147	79	242	241	79	89	62	235	158	76	143	251	
139	185	50	217	237	189	184	215	143	89	124	126	188	222	230	172	239	59	255	145	151	123	242	241	15	89	62	234	94	12	137	255	
27	141	107	255	148	131	235	119	86	65	222	194	113	237	176	100	121	170	23	153	249	185	45	255	120	239	174	192	183	138	240	232	
34	13	98	158	212	131	174	109	86	128	89	2	104	232	52	64	120	234	19	195	240	179	10	223	48	46	143	136	85	42	240	128	
134	12	130	155	212	162	172	67	62	131	83	18	72	234	48	72	123	43	51	145	48	220	10	202	28	38	159	192	148	120	177	128	
6	77	2	158	212	131	174	99	22	128	91	2	96	234	49	64	120	106	19	195	114	186	10	255	48	38	143	128	21	122	176	136	
134	12	130	155	212	163	174	67	22	131	83	18	72	234	49	72	121	42	2	145	48	182	2	238	16	38	159	0	149	120	177	128	
155	141	71	159	146	146	110	247	188	65	94	214	125	231	176	228	119	175	63	140	227	153	39	255	252	239	190	192	63	132	169	185	
2	176	177	155	237	237	176	207	142	123	25	125	140	188	88	10	135	27	255	17	150	104	218	209	13	20	127	254	148	76	149	223	
90	95	22	159	53	214	183	100	189	204	222	231	108	254	167	196	254	253	175	227	76	179	43	239	177	246	174	131	31	63	61	127	
243	82	245	212	104	20	92	60	169	222	182	252	234	47	159	127	231	213	253	174	236	71	227	192	146	250	222	158	6	244	98	125	
2	213	146	155	217	237	182	237	158	95	89	23	236	254	106	64	221	123	163	131	114	88	26	247	45	22	158	235	16	94	165	219	
147	141	39	158	156	198	175	231	212	64	202	146	112	228	54	101	120	230	58	239	253	155	61	255	185	42	207	64	29	60	176	124	
56	141	74	238	212	163	198	247	151	1	248	2	115	233	48	64	89	170	6	33	26	187	8	191	250	239	167	64	247	202	240	136	
41	175	243	81	245	187	108	55	125	239	126	152	139	33	214	188	10	174	230	28	184	248	229	206	238	223	20	65	226	204	206	236	
189	236	196	88	193	55	92	255	83	178	124	82	91	115	193	187	89	206	22	184	254	118	79	154	122	207	229	173	187	240	234	128	
43	207	99	69	118	19	174	244	93	224	122	230	105	40	180	164	126	236	22	239	229	184	101	239	38	62	171	128	111	190	112	189	
240	127	104	97	236	47	77	191	3	190	188	207	131	33	209	22	13	196	93	188	232	110	213	154	250	216	165	188	127	248	82	184	
73	156	146	241	241	188	121	23	185	27	126	112	188	183	32	252	167	59	191	24	179	220	146	195	207	255	62	194	138	192	171	171	
76	126	217	114	161	124	83	152	187	255	55	124	95	119	203	159	151	84	236	58	161	68	187	34	203	255	101	255	170	243	78	115	
183	134	198	87	214	34	237	247	55	243	247	214	81	99	158	93	127	206	55	188	185	220	13	206	60	46	247	196	175	228	240	212	
212	94	76	237	8	6	79	184	36	166	199	135	83	103	139	83	116	212	109	238	104	215	89	46	240	227	229	148	32	179	36	112	
33	175	170	190	252	141	247	249	94	13	121	15	243	232	62	0	217	235	23	71	214	58	222	63	252	141	173	232	93	106	210	195	
31	88	167	180	3	117	189	198	140	214	142	131	173	174	35	239	39	113	251	135	197	149	55	224	213	71	222	3	178	124	45	124	
40	189	237	85	244	223	237	55	22	183	118	214	177	39	212	175	77	54	247	140	249	248	245	140	111	239	247	128	199	200	206	248	
56	255	90	110	240	143	87	244	33	140	252	13	63	219	3	16	190	251	197	106	72	186	152	61	243	205	37	41	99	178	238	139	
189	189	244	93	201	55	220	255	87	178	116	210	89	127	213	47	127	222	182	184	253	254	119	94	110	207	245	165	251	240	234	184	
185	12	225	109	148	59	79	58	84	226	242	82	83	40	145	105	121	206	54	170	169	254	101	46	244	239	244	132	245	249	112	104	
181	207	215	94	198	47	230	254	85	18	123	95	99	105	61	13	63	195	6	111	253	247	14	255	50	30	69	70	253	249	232	132	
92	66	253	229	34	10	111	24	33	166	231	232	83	103	137	90	118	212	109	234	72	212	233	10	245	175	101	132	32	243	70	97	
220	79	79	237	20	6	79	188	36	172	218	199	247	103	161	65	124	244	45	238	104	145	105	44	241	163	239	148	37	187	52	120	
185	76	101	215	4	43	237	246	84	34	246	82	243	33	149	109	123	206	54	168	169	252	101	174	212	235	240	128	103	216	80	168	
169	12	229	247	100	58	233	18	84	242	114	82	243	40	153	235	111	238	54	141	169	252	101	234	132	251	242	128	237	249	80	168	
168	204	111	243	100	139	237	53	125	19	119	82	211	1	156	49	107	174	86	10	241	252	101	231	102	186	246	64	103	152	194	160	
164	137	126	251	244	168	107	144	125	17	119	18	187	11	157	89	107	235	23	218	178	184	108	230	110	185	166	192	229	155	226	161	
181	182	9	168	84	37	202	120	18	67	197	223	115	231	26	17	93	202	19	238	59	146	88	23	217	173	171	108	185	137	250	144	
75	248	244	149	175	19	181	191	95	251	150	102	188	184	215	239	103	70	250	157	231	73	231	221	46	46	255	246	191	244	57	109	
61	116	114	239	22	23	234	216	69	200	253	70	91	217	185	32	126	201	23	251	137	179	61	206	242	205	175	132	255	251	107	129	
10	189	148	155	184	164	57	143	30	25	72	116	188	182	128	200	197	59	63	145	19	72	195	247	140	55	190	202	152	64	169	185	
91	188	133	186	137	236	28	199	191	83	136	221	174	254	96	223	229	227	253	149	63	79	146	225	153	242	94	123	152	68	137	94	
215	213	107	136	142	97	159	200	204	80	152	243	89	220	189	96	126	209	31	243	207	39	38	119	176	8	175	236	61	49	177	117	
229	114	184	103	100	30	231	184	120	234	51	108	215	120	223	58	150	76	116	110	197	244	221	10	100	189	101	180	72	187	91	133	
94	121	144	164	191	104	27	130	139	229	142	167	140	183	67	206	230	117	233	81	1	1	130	194	216	244	15	191	142	126	13	91	
94	121	114	229	51	94	126	240	45	140	254	35	207	95	21	208	126	253	223	226	200	145	169	236	247	253	175	129	47	183	111	147	
91	190	133	184	137	172	28	7	191	219	138	221	174	230	64	223	165	231	253	149	63	79	146	224	152	242	94	250	136	68	139	95	
209	215	213	101	162	10	111	181	40	170	22	104	215	51	128	119	54	86	124	106	241	204	165	46	164	170	101	148	40	240	131	41	
121	205	103	222	148	146	111	247	245	66	222	70	123	227	180	228	121	230	30	140	253	155	36	255	186	239	190	192	47	236	240	108	
149	23	110	174	156	143	79	248	229	252	187	111	91	104	187	99	126	228	94	255	249	227	45	221	186	138	229	212	61	171	112	85	
94	95	94	191	53	198	126	228	181	204	218	39	111	255	35	192	252	255	191	227	76	155	137	238	183	247	142	131	37	191	124	95	
92	77	122	231	18	90	127	240	61	172	254	2	127	87	179	112	126	253	159	234	200	145	45	238	247	237	175	129	39	179	111	99	
12	149	45	225	157	223	225	51	198	185	31	0	155	21	80	34	1	22	254	56	83	185	49	20	239	217	167	85	146	138	213	50	
180	111	97	201	236	47	77	255	3	190	188	206	19	37	213	22	77	148	93	60	200	46	229	154	246	136	165	188	247	248	82	185	
116	251	205	232	236	37	79	218	3	48	176	207	19	195	217	26	93	200	111	254	139	103	211	17	184	136	229	252	61	185	210	16	
114	187	151	178	171	173	20	199	171	123	168	253	174	166	64	158	135	195	236	20	31	75	218	241	152	210	93	126	136	84	139	31	
198	221	149	151	139	112	62	140	158	183	131	178	236	246	107	207	199	87	251	211	118	77	171	226	172	50	223	215	148	119	173	86	
9	148	148	159	188	123	41	159	30	123	95	244	220	54	202	236	215	15	174	152	51	216	239	215	204	55	254	196	158	76	137	121	
108	161	177	42	201	89	87	175	75	53	172	9	14	125	72	150	145	210	232	16	90	43	203	177	191	213	21	127	210	70	206	98	
237	54	249	98	233	124	83	26	235	255	61	125	223	63	207	190	135	212	252	30	189	100	248	130	207	217	117	191	234	231	78	119	
11	160	221	247	252	254	121	159	127	251	118	22	253	251	222	255	231	79	126	156	183	216	255	241	142	251	255	196	142	192	137	141	
201	201	189	253	13	157	85	180	199	28	70	0	174	153	33	102	196	114	57	72	202	12	115	177	199	251	80	18	50	25	80	43	
197	89	221	69	98	30	110	184	121	232	99	100	223	55	141	247	54	213	124	106	225	212	253	74	38	251	103	132	106	243	3	49	
73	155	21	111	176	142	70	182	101	8	106	100	247	51	128	242	134	118	108	74	201	152	89	61	232	247	36	80	8	162	129	41	
165	181	181	95	253	127	215	187	91	187	188	24	214	121	77	54	153	94	116	58	251	98	251	58	111	223	69	62	210	122	194	163	
220	248	191	118	43	79	81	184	191	254	166	56	255	247	201	127	183	245	253	74	41	69	251	120	219	243	117	158	34	177	6	115	
9	196	27	202	224	16	109	247	124	74	92	100	189	131	185	232	55	10	22	14	193	157	36	99	102	159	54	136	30	210	169	169	
107	177	240	74	221	221	87	239	75	45	109	8	10	249	78	180	153	154	212	16	94	42	250	179	63	221	5	127	211	78	218	14	
41	125	123	110	116	142	79	240	112	72	124	76	115	117	145	48	62	236	22	110	233	186	56	47	119	237	32	128	105	179	66	249	
67	129	109	144	251	184	121	39	171	117	15	153	204	70	222	88	167	7	125	21	22	8	238	213	78	127	90	207	6	132	131	70	
253	127	193	160	172	39	78	155	3	250	184	207	19	33	209	30	93	196	109	254	235	103	223	138	250	201	165	188	239	252	210	81	
47	182	233	66	237	125	241	27	123	127	61	125	154	125	222	188	157	154	151	28	159	50	254	210	79	93	53	239	223	206	222	247	
173	78	65	175	240	114	239	21	20	198	85	212	209	71	163	237	89	106	2	238	97	148	109	46	100	37	162	128	58	255	240	240	
169	181	181	85	253	95	213	191	83	251	188	24	210	125	92	54	153	222	118	56	251	106	251	15	111	223	21	126	194	104	214	255	
68	169	153	171	210	140	43	137	26	49	73	10	149	243	72	80	115	223	3	216	18	26	216	83	253	164	143	108	144	35	129	160	
111	178	240	65	237	125	217	219	27	127	53	189	142	29	223	188	159	159	215	29	159	114	250	194	95	93	53	255	207	206	222	247	
141	79	99	31	212	123	103	220	84	98	93	218	115	229	187	237	57	106	18	110	233	148	44	63	103	207	165	160	55	255	212	224	
139	184	124	249	237	189	185	151	191	121	118	52	188	155	214	254	207	27	255	157	151	88	243	241	14	217	158	234	158	140	137	221	
55	119	110	238	60	103	203	248	229	232	255	102	91	89	187	97	126	197	95	255	173	163	61	204	242	204	163	148	109	235	112	117	
30	91	122	228	119	94	126	112	45	204	254	39	111	223	183	208	126	253	223	226	205	147	48	204	243	253	175	131	47	183	111	91	
36	141	66	158	212	131	174	225	22	128	89	2	96	232	48	64	120	106	2	195	114	186	8	255	48	38	143	8	85	42	176	128	
134	140	130	155	148	162	174	71	62	131	83	18	72	234	32	72	123	43	51	144	50	156	8	206	60	38	159	64	148	72	177	128	
0	141	2	158	148	131	174	227	22	128	91	2	96	234	48	64	120	106	19	195	114	186	10	255	32	38	143	0	21	90	176	136	
132	12	130	158	149	167	174	67	22	131	75	18	96	234	33	64	121	42	2	144	50	190	24	255	41	38	150	64	144	106	176	128	
155	140	71	223	18	146	106	119	181	67	94	214	125	230	182	229	119	175	63	140	229	221	37	255	178	239	186	128	47	164	169	253	
30	95	122	229	50	86	127	240	37	140	254	35	95	127	179	112	118	253	223	234	200	145	41	238	243	237	175	129	39	179	39	243	
139	185	20	155	185	220	57	191	30	89	212	52	188	150	138	205	199	27	255	144	51	76	227	247	140	179	254	219	154	12	137	155	
139	184	50	217	237	189	185	215	143	91	244	127	188	222	230	175	207	59	223	145	183	111	242	243	143	89	62	234	222	76	169	223	
139	184	181	217	237	253	185	223	175	89	148	125	188	159	68	174	207	27	255	21	147	73	242	241	143	89	158	234	158	204	139	255	
211	211	117	252	44	30	93	57	169	126	151	255	79	31	158	127	230	133	125	238	237	71	243	204	146	250	219	158	46	180	241	85	
147	141	47	158	157	199	175	231	212	82	198	18	113	244	50	101	121	230	58	239	120	207	63	255	185	42	223	64	21	120	241	108	
134	181	180	154	221	229	182	233	158	95	89	63	236	254	106	0	221	91	243	115	114	67	26	247	61	22	143	239	144	127	165	211	
27	141	106	251	148	147	235	119	85	1	223	2	121	235	176	100	121	170	23	169	186	187	36	255	250	239	174	192	55	138	240	232	
56	141	98	254	148	131	206	119	213	1	254	2	115	233	176	64	120	170	6	184	250	171	8	191	250	239	166	64	247	138	240	136	
225	63	65	193	204	175	77	55	19	170	184	92	178	33	84	16	205	174	83	140	233	58	208	26	45	28	148	48	88	200	82	184	
43	172	242	81	245	251	120	55	125	67	126	152	171	41	150	180	139	174	230	28	190	252	229	199	46	255	20	67	199	204	206	156	
76	86	217	101	96	74	111	48	49	174	127	224	211	39	129	118	54	212	124	234	201	212	237	74	231	238	103	132	34	243	70	33	
88	255	122	110	50	72	95	240	105	140	188	40	63	223	193	48	54	253	221	98	200	35	168	47	243	237	37	185	102	179	39	107	
10	156	146	248	211	228	48	247	191	25	76	16	188	183	96	116	231	59	155	16	55	9	18	247	251	246	30	75	154	68	173	31	
195	114	245	212	104	60	124	30	171	222	182	253	172	190	199	127	231	213	253	134	165	71	226	192	150	250	218	186	142	245	99	95	
35	143	213	93	200	39	204	63	87	179	240	84	33	43	213	63	77	230	102	136	253	250	69	222	46	222	213	132	251	232	194	140	
133	132	229	213	182	34	237	183	119	243	247	214	209	35	156	111	111	198	126	188	185	252	109	206	46	46	247	196	175	224	240	245	
185	12	233	127	212	43	103	58	85	227	246	82	115	33	145	121	121	206	54	170	169	254	101	46	116	175	240	132	253	249	112	168	
53	183	40	175	252	175	227	248	86	44	249	13	247	233	58	0	220	106	23	127	154	178	91	63	237	141	43	120	93	43	83	195	
56	255	122	110	116	143	127	247	112	12	124	8	115	113	162	48	60	250	6	106	72	186	56	63	127	205	37	128	115	146	230	187	
67	184	244	213	174	159	188	55	215	243	214	246	168	56	212	102	71	254	122	137	164	248	247	218	110	126	215	146	143	236	209	29	
185	68	237	247	68	43	101	54	84	51	247	82	243	33	152	105	123	238	54	138	169	244	101	42	212	235	240	0	101	217	80	168	
92	70	221	229	34	14	111	24	49	174	239	196	215	39	129	90	118	212	109	238	72	212	233	8	245	175	101	132	32	243	70	112	
216	71	47	167	52	6	79	188	52	172	214	199	247	39	17	65	124	228	61	238	104	144	113	44	241	227	235	144	36	187	52	120	
7	206	199	221	206	34	236	238	219	146	122	87	64	104	61	79	251	199	115	63	241	233	15	227	44	62	87	134	221	248	241	133	
165	12	237	247	228	170	233	146	119	115	119	82	243	105	153	107	123	238	54	156	187	244	231	226	70	186	242	128	237	233	80	168	
172	204	111	243	100	138	237	176	125	19	119	82	211	97	152	59	107	202	102	74	241	244	109	103	198	251	246	64	103	153	194	160	
70	220	165	151	139	112	63	172	158	183	139	163	204	230	239	207	215	87	233	243	118	69	239	226	169	54	223	223	150	119	165	118	
172	205	127	251	244	136	127	144	253	18	119	18	249	67	189	91	123	202	23	250	242	244	106	238	110	251	231	196	229	187	97	161	
197	88	217	69	98	74	110	176	104	234	115	224	223	55	133	242	54	85	124	106	193	212	253	106	38	175	103	132	108	179	67	49	
197	95	92	101	102	14	111	184	104	232	122	100	215	48	145	115	54	68	100	110	229	240	237	76	100	187	103	132	108	179	67	129	
57	125	123	111	118	78	127	240	113	200	124	40	115	87	145	48	62	252	22	110	201	178	56	47	119	237	32	160	111	187	66	249	
83	249	151	186	139	197	5	199	175	81	128	157	174	246	98	94	227	227	124	21	31	75	154	241	153	82	95	122	152	84	167	126	
69	112	221	101	36	14	103	152	104	234	119	108	215	48	217	50	22	76	92	110	197	244	221	72	228	189	101	4	76	243	75	129	
242	88	220	254	47	232	17	2	155	6	98	42	46	249	39	90	194	117	233	3	0	77	130	249	210	179	88	27	148	41	5	3	
143	125	125	214	188	135	255	184	219	248	53	226	253	223	253	39	150	113	31	254	227	101	42	254	110	219	231	172	22	179	65	249	
91	185	150	186	203	157	20	199	171	113	128	221	174	230	70	158	135	227	236	21	31	75	218	241	185	82	93	122	138	84	139	93	
244	94	236	165	8	14	79	56	52	238	231	13	83	99	19	83	112	228	125	238	104	214	217	42	241	171	225	20	40	243	112	114	
34	157	175	181	245	206	101	55	185	203	98	17	182	53	20	21	161	46	49	12	113	248	16	15	47	254	84	2	64	72	211	234	
74	176	177	186	237	253	185	223	171	123	148	29	156	191	94	191	205	19	255	21	147	79	250	209	223	89	94	254	154	76	135	251	
83	185	135	146	137	173	12	135	175	83	136	92	174	246	66	254	165	103	248	21	23	75	218	241	153	50	94	122	138	84	131	92	
229	164	181	83	252	47	212	43	123	187	57	88	222	121	76	58	155	94	110	56	50	112	203	30	47	222	85	118	192	232	195	163	
134	205	2	159	148	131	46	227	180	130	90	2	104	226	32	64	121	107	34	194	98	186	10	255	40	38	158	128	20	120	161	136	
89	217	81	111	51	14	70	180	109	72	186	108	255	83	128	246	22	116	236	106	73	137	201	61	160	252	37	144	42	166	130	57	
204	122	253	246	34	94	95	180	177	254	22	108	255	119	203	255	23	117	253	234	225	68	171	170	194	243	101	128	42	247	7	121	
86	154	227	160	215	32	176	99	33	165	218	119	8	41	68	218	227	151	169	145	16	251	129	228	30	103	218	195	165	5	252	99	
90	123	250	230	42	24	62	144	171	140	190	225	239	207	193	210	166	245	237	66	194	1	139	225	242	241	39	155	38	179	47	11	
111	122	241	86	237	61	102	152	235	250	52	108	202	240	221	190	7	100	246	94	129	112	238	224	14	90	101	190	206	255	74	117	
130	241	178	152	207	193	180	207	158	87	64	147	172	222	110	8	255	59	147	129	114	158	18	211	13	22	158	107	21	12	181	218	
199	33	187	64	192	247	121	80	225	232	231	24	16	214	247	56	188	169	82	156	141	147	166	64	83	29	1	44	193	178	98	116	
218	56	210	246	83	84	120	80	51	164	71	158	47	151	67	223	246	253	149	144	105	94	176	138	155	193	31	43	46	164	47	122	
227	63	65	65	204	39	76	191	19	242	184	204	19	39	213	146	77	140	70	188	233	110	213	26	44	156	133	60	221	248	82	184	
5	31	190	91	176	188	255	212	124	200	126	100	245	98	179	109	54	106	30	94	167	184	45	110	234	157	38	128	216	243	105	93	
98	104	189	92	108	228	75	2	235	200	228	0	176	139	85	122	192	100	121	90	11	111	242	104	71	56	144	25	64	177	118	42	
65	141	237	85	172	42	237	191	236	250	190	192	243	45	156	111	103	198	126	172	209	248	111	237	110	62	247	196	206	240	208	232	
86	214	172	134	169	112	158	168	142	186	138	163	205	230	109	202	213	87	253	243	74	65	203	176	185	246	239	255	152	119	61	54	
251	171	134	186	137	189	92	199	171	25	128	25	46	162	66	158	133	227	253	21	62	75	130	243	155	85	92	251	130	68	138	79	
210	233	135	154	137	197	1	199	175	81	128	24	174	246	100	254	225	243	250	209	27	79	186	243	185	18	95	123	144	84	167	110	
197	112	221	101	34	106	55	152	104	234	51	236	223	23	137	59	22	85	124	122	225	244	237	72	228	251	101	132	204	243	3	49	
142	124	127	255	108	11	253	184	191	154	53	48	253	223	253	107	167	209	63	250	225	69	42	254	78	219	239	140	22	177	65	161	
205	94	255	101	32	14	111	48	48	166	103	196	211	39	145	115	54	244	124	234	233	212	253	106	231	235	227	132	32	243	70	112	
36	141	66	158	212	131	174	224	22	0	89	2	96	232	48	64	120	106	2	195	114	186	8	255	48	38	139	8	85	43	176	128	
82	200	174	158	141	70	197	229	230	150	206	0	96	240	55	111	233	230	121	139	72	195	186	104	145	54	223	25	128	114	180	110	
130	140	130	155	149	166	174	199	54	131	74	18	104	234	32	72	249	43	19	144	50	156	16	255	45	38	159	64	144	72	177	128	
0	141	2	158	212	131	174	227	22	0	91	2	96	234	48	64	121	106	19	195	114	186	10	255	32	38	142	8	21	74	176	136	
132	140	130	154	213	231	174	71	22	131	75	18	160	250	48	72	249	42	19	145	50	190	26	255	41	54	158	72	144	72	176	130	
2	13	2	158	20	130	174	98	182	130	90	2	40	234	48	64	120	107	19	195	114	154	2	255	40	38	142	128	20	122	48	136	
140	204	255	243	100	168	237	176	253	19	119	82	255	227	153	123	107	232	126	10	227	244	111	227	70	187	247	196	230	249	64	161	
133	4	245	215	228	42	233	146	255	83	119	82	243	233	221	111	107	78	62	24	179	244	239	227	78	186	243	128	231	233	81	160	
18	141	46	222	141	199	197	231	198	20	206	2	96	240	50	111	232	230	122	203	88	235	58	253	249	50	223	89	17	122	244	46	
253	116	204	229	136	110	79	24	49	226	231	13	211	115	75	91	80	196	125	238	40	214	217	8	215	235	229	52	168	243	82	114	
134	181	150	152	253	229	190	235	158	90	216	59	204	254	105	0	223	91	243	177	114	67	26	215	61	22	143	255	144	108	165	211	
216	85	47	239	44	14	79	60	52	174	199	68	243	99	25	81	80	196	125	238	105	147	121	14	241	235	229	16	32	187	116	120	
3	172	242	81	245	188	248	39	255	31	118	25	170	168	182	188	139	43	198	21	182	252	34	231	14	126	22	67	194	140	207	207	
216	123	82	230	58	136	94	248	41	128	185	207	47	203	65	208	54	253	205	226	202	35	156	232	242	237	39	185	47	179	43	25	
32	255	122	111	116	143	119	247	112	12	124	100	51	119	162	16	127	250	6	104	242	186	32	63	110	143	36	192	113	154	230	185	
226	249	27	246	105	221	116	103	191	74	100	8	46	255	100	177	164	59	255	0	99	107	178	255	179	209	84	59	64	16	143	191	
10	157	19	152	219	241	58	231	159	21	72	163	44	255	36	196	227	187	155	129	18	11	18	247	59	22	158	235	150	4	165	250	
37	255	57	169	60	175	227	250	86	108	248	77	247	97	81	0	221	72	71	127	138	178	89	63	237	141	39	124	208	251	87	225	
181	12	237	95	212	43	71	115	85	226	247	90	83	33	145	125	89	238	110	40	185	254	109	46	110	174	245	16	247	233	210	168	
6	66	103	25	240	98	173	234	252	94	114	231	65	238	191	73	251	75	6	231	84	209	36	109	52	34	254	128	165	117	229	197	
148	102	111	23	178	226	175	118	60	78	83	241	225	68	184	201	127	110	135	239	232	212	44	110	100	35	234	129	37	213	247	241	
224	164	156	187	189	109	80	15	222	123	133	25	214	56	74	123	129	7	121	17	62	108	219	23	207	215	93	119	144	72	157	2	
79	122	241	71	99	88	127	144	105	238	118	236	104	247	223	190	54	252	246	78	193	80	175	232	6	122	101	170	79	247	74	253	
19	203	67	141	20	151	238	244	68	224	90	199	233	72	180	228	126	237	182	239	205	184	117	255	36	110	174	128	125	190	249	156	
218	249	50	188	75	192	61	103	191	4	212	163	44	223	34	69	230	187	239	129	118	11	130	255	241	114	90	171	55	20	167	219	
33	143	141	21	204	15	237	55	94	183	122	84	176	32	20	171	201	102	98	141	241	248	117	106	45	62	247	0	193	232	192	232	
57	93	123	111	118	74	127	240	112	64	124	226	123	87	145	48	62	248	23	106	193	176	44	45	102	239	32	128	103	187	102	233	
221	223	106	44	214	38	239	218	84	68	126	247	113	200	190	64	118	206	6	239	230	183	53	47	112	45	162	140	125	189	248	213	
45	205	132	157	205	115	165	255	222	210	156	178	248	100	187	175	121	66	250	174	113	235	111	115	108	39	255	5	215	252	249	224	
160	44	146	158	205	229	180	71	158	19	97	18	164	248	101	9	201	122	162	17	50	110	90	243	25	22	214	43	208	73	244	138	
69	127	253	103	36	14	103	184	104	170	122	100	215	33	145	114	22	100	108	110	193	176	237	44	228	191	39	132	76	243	67	33	
9	207	197	157	204	66	173	175	94	243	186	198	152	32	213	206	75	102	106	157	241	233	231	106	44	46	127	20	197	120	249	232	
210	137	154	164	146	38	184	103	16	133	202	151	21	174	96	66	110	223	34	149	52	219	148	2	153	164	158	69	161	72	161	144	
0	12	130	154	212	163	170	66	22	1	90	2	96	202	48	64	121	106	19	147	18	186	10	255	56	38	130	64	149	75	176	136	
2	12	130	155	84	163	170	66	22	3	90	18	104	234	32	64	121	42	2	144	34	190	0	255	32	38	154	128	149	72	48	136	
244	49	179	112	246	226	177	71	184	133	226	16	21	219	97	24	202	61	33	17	56	199	176	2	217	160	11	76	196	0	103	162	
135	12	156	155	170	54	190	172	158	19	147	247	196	106	175	203	199	67	171	167	52	197	75	114	166	171	254	135	156	83	169	7	
130	238	100	91	237	243	244	166	221	30	23	19	104	105	62	207	225	98	235	34	230	229	43	255	7	123	209	199	87	213	252	238	
25	30	240	45	50	58	31	51	53	198	94	228	255	103	130	228	23	110	148	46	165	144	101	170	230	255	32	128	46	229	13	245	
181	72	127	81	134	207	169	192	92	224	98	146	209	28	53	41	126	177	51	115	229	244	117	4	93	138	207	68	229	185	81	160	
44	180	213	85	250	107	177	107	123	175	51	56	222	113	204	53	179	31	110	48	49	248	233	94	94	158	117	246	224	96	199	163	
191	69	230	95	139	122	110	254	213	210	94	178	73	120	191	111	121	198	186	254	252	208	47	170	46	122	213	135	255	253	248	132	
37	95	57	169	244	175	227	248	86	204	248	71	215	89	49	0	216	104	23	127	136	178	121	62	237	141	35	100	209	251	86	227	
86	211	88	173	46	8	150	57	44	40	51	239	198	8	140	64	182	21	108	99	198	53	143	85	148	162	99	151	124	40	141	3	
127	119	193	56	201	53	135	218	18	118	160	207	83	100	79	191	93	195	208	247	191	67	255	16	185	67	141	60	251	253	246	84	
36	205	2	138	212	163	170	198	22	0	90	2	32	202	49	64	120	106	19	211	18	186	8	255	56	38	138	72	149	91	48	136	
95	147	140	174	168	6	142	168	138	216	139	228	245	114	203	98	213	87	124	243	223	1	203	32	184	231	239	156	152	115	169	1	
24	12	130	185	148	163	170	66	22	3	218	2	41	234	48	64	121	43	6	145	58	191	0	255	168	231	170	192	181	72	49	136	
92	243	136	166	56	1	94	184	2	172	137	173	247	254	75	80	215	221	125	243	78	3	203	49	248	229	175	189	184	115	9	19	
250	164	244	80	217	249	88	199	187	23	164	153	42	175	78	159	137	139	237	144	62	79	210	211	219	211	84	123	226	68	206	94	
130	140	130	154	213	229	164	199	150	3	64	16	168	250	48	72	201	43	51	145	50	222	26	247	9	54	158	75	144	72	176	138	
6	141	2	158	84	163	174	226	22	0	91	2	96	234	48	64	121	106	19	195	114	186	10	255	32	38	142	136	21	91	48	136	
6	141	2	158	84	162	174	226	182	2	90	2	104	234	48	64	120	107	19	195	50	152	2	255	40	38	158	136	21	89	49	136	
160	172	180	218	205	237	144	207	222	27	96	24	172	184	100	11	201	59	163	17	50	110	210	179	13	18	94	123	208	72	213	138	
205	118	189	101	32	46	107	24	120	234	55	120	223	55	201	59	150	85	124	122	161	244	185	74	199	251	101	132	192	243	7	49	
112	201	190	222	141	213	214	229	199	21	142	2	102	240	36	70	200	114	234	65	90	43	10	181	249	180	207	91	16	26	252	46	
140	76	255	247	108	40	237	154	255	146	119	80	223	227	217	123	107	236	126	10	161	244	239	226	78	187	247	132	230	249	65	161	
130	180	150	152	253	167	188	107	158	186	88	59	140	254	96	0	223	25	247	49	50	79	2	223	61	22	31	254	144	108	161	155	
60	95	122	111	86	6	127	112	97	4	125	134	123	75	177	48	62	252	6	234	200	178	60	45	119	237	33	0	111	179	102	176	
124	109	83	230	19	78	94	96	33	192	233	139	123	207	49	144	126	237	197	230	77	179	156	175	243	237	3	41	111	179	107	26	
34	172	226	17	245	249	240	7	253	87	114	153	174	140	22	24	235	43	227	17	182	252	246	199	15	62	18	67	198	12	223	222	
133	4	255	215	164	46	233	27	255	219	119	80	223	227	221	111	199	78	126	24	179	244	111	194	206	186	119	196	198	233	193	161	
114	233	174	222	141	196	22	229	235	133	142	8	226	242	101	86	200	246	232	67	72	75	138	161	185	180	207	27	128	50	182	46	
26	207	98	172	214	147	174	119	21	12	218	231	41	168	178	68	126	171	151	197	220	154	4	255	112	36	174	201	63	142	184	205	
245	85	143	231	36	14	111	60	32	170	231	68	243	119	9	115	112	196	124	238	105	150	249	12	229	235	229	0	32	179	112	112	
65	141	191	71	172	46	239	191	238	251	190	64	251	33	156	102	199	70	124	12	145	169	239	229	238	190	119	212	196	242	209	105	
37	132	237	87	180	42	101	55	245	179	255	80	243	97	156	123	75	198	110	56	185	252	109	14	78	187	245	64	231	232	208	160	
5	253	61	237	60	175	67	186	118	168	106	76	247	113	1	0	156	108	95	126	9	184	121	63	237	157	37	52	80	187	83	233	
0	249	154	254	81	205	181	103	254	75	104	8	52	254	98	48	165	59	82	0	71	191	146	123	117	181	22	43	72	16	135	155	
82	185	123	156	203	208	52	103	191	5	204	187	44	247	36	208	235	187	251	129	82	11	162	247	179	183	26	235	53	0	167	123	
33	223	123	95	116	139	239	247	117	13	124	228	49	103	180	52	95	122	6	76	243	186	101	127	110	142	52	192	127	138	226	185	
150	246	124	81	143	121	180	170	222	87	36	147	64	109	78	75	165	82	233	50	182	101	59	119	75	83	87	119	209	89	237	214	
76	171	147	166	243	128	79	156	35	141	75	205	110	227	72	212	54	206	173	95	26	10	138	225	184	244	5	238	162	247	166	73	
121	255	27	170	240	157	90	247	63	73	92	109	63	223	162	240	215	187	149	93	223	154	120	63	251	253	52	232	186	130	170	91	
212	164	156	179	137	111	17	11	254	243	135	25	215	49	74	27	129	23	121	17	62	69	219	18	201	211	85	119	144	72	141	2	
49	138	109	8	204	7	205	255	68	86	192	199	17	44	55	201	109	136	3	173	203	234	119	29	85	43	223	12	149	188	116	248	
21	30	110	61	134	38	125	191	116	86	70	199	19	41	19	75	39	134	89	173	237	248	53	76	226	43	215	4	237	240	249	88	
134	173	150	153	248	169	62	235	190	27	88	16	236	246	104	65	215	123	123	48	114	68	10	215	44	54	79	238	144	104	161	129	
33	93	59	173	52	143	231	246	222	236	122	68	183	217	33	0	216	108	23	125	137	184	112	62	237	221	39	0	208	123	87	235	
95	239	164	213	141	18	172	174	223	242	142	130	136	34	215	238	65	70	248	220	212	73	231	232	170	126	215	223	135	252	249	12	
166	94	206	95	207	50	182	175	221	23	175	151	96	104	63	207	217	199	235	227	52	231	79	251	38	51	221	23	221	125	252	134	
140	68	255	255	108	10	125	184	191	146	53	18	253	195	253	75	111	65	127	234	224	69	43	254	78	155	239	140	20	185	97	161	
111	120	235	71	102	24	255	176	121	206	118	238	120	47	223	190	126	221	183	206	197	242	173	224	86	127	247	130	111	247	106	253	
149	87	76	147	142	35	174	164	220	247	131	247	209	106	175	75	247	71	42	183	181	213	77	62	168	3	255	84	157	123	177	192	
116	227	249	76	154	81	155	200	2	132	188	170	83	237	253	18	54	209	228	116	219	35	175	17	58	205	37	252	245	170	47	113	
86	193	233	66	138	80	207	233	34	181	173	138	81	103	221	26	63	209	125	254	91	3	175	16	58	207	101	253	245	243	238	112	
222	236	147	154	153	241	147	198	159	23	128	24	172	214	96	167	193	115	235	145	98	79	186	243	153	18	159	123	146	68	165	110	
111	251	245	71	98	28	255	176	105	200	119	238	104	110	223	246	54	245	247	206	193	82	175	232	22	120	103	138	79	183	107	253	
243	23	102	68	186	26	92	53	237	196	182	189	75	60	150	119	6	245	253	38	253	201	101	206	42	122	68	146	238	244	196	117	
195	158	102	86	58	18	88	180	221	94	151	183	104	126	190	127	199	243	255	102	245	77	111	239	30	122	80	210	6	133	36	125	
106	172	148	152	201	245	80	230	155	19	128	25	174	190	98	159	193	243	251	17	63	79	210	241	155	82	94	123	146	76	143	14	
110	133	194	206	195	48	94	143	43	7	79	142	76	231	111	220	119	214	186	142	28	19	191	224	51	119	212	143	174	247	184	84	
6	77	2	158	212	131	174	230	22	0	90	2	96	234	49	64	121	106	19	193	34	186	10	255	32	38	142	136	21	27	48	136	
160	188	144	155	205	237	176	135	158	27	64	24	172	184	96	73	201	58	179	17	50	110	210	241	13	18	94	107	144	72	213	138	
103	167	210	94	195	120	54	143	59	7	109	136	72	242	206	252	183	222	162	18	22	26	170	226	62	62	20	111	138	247	234	135	
120	205	48	186	29	221	82	231	207	5	136	9	174	216	96	80	200	243	232	81	90	43	90	191	185	245	4	123	18	14	156	14	
2	152	178	155	117	249	184	7	191	93	112	17	172	156	54	72	203	59	179	17	54	188	50	247	15	54	154	75	212	12	213	223	
2	180	148	152	253	39	184	111	30	171	208	59	140	190	96	0	207	31	243	17	50	95	195	223	29	22	95	254	144	12	161	155	
56	73	122	110	84	199	111	240	100	4	110	2	113	211	51	48	120	248	2	234	72	179	48	61	115	173	160	0	99	187	98	170	
130	184	178	155	245	252	184	71	255	93	112	21	172	142	54	8	131	59	131	17	54	252	50	247	15	54	26	75	208	12	143	223	
204	48	189	243	137	109	81	24	179	183	167	24	215	243	73	27	129	84	125	26	43	68	251	2	201	146	81	60	160	113	7	98	
43	207	98	140	85	147	238	119	21	4	90	199	40	168	182	196	92	171	151	205	220	154	68	255	52	52	142	137	63	142	184	204	
110	235	209	210	219	209	110	248	59	160	109	72	104	199	205	148	51	218	163	218	67	18	202	243	63	84	133	111	50	183	6	164	
65	141	185	71	188	12	207	191	111	233	190	64	251	233	220	102	211	70	124	76	153	41	235	227	235	253	39	220	196	250	209	105	
108	132	236	103	172	42	101	191	236	187	191	0	211	97	152	122	75	70	108	40	153	233	111	14	206	191	117	84	196	234	210	32	
16	125	63	188	50	207	55	102	188	192	106	32	182	215	33	96	178	123	89	64	65	185	18	63	241	197	7	2	96	18	39	186	
18	237	27	252	90	192	63	103	190	5	248	163	61	254	32	80	254	187	131	128	66	155	162	127	241	229	62	171	48	16	167	251	
33	223	122	95	118	139	239	247	117	73	124	228	49	99	180	52	127	234	22	44	211	184	101	127	110	142	52	192	127	154	194	185	
229	85	29	109	4	14	71	184	96	168	231	68	211	119	9	113	80	196	124	110	233	144	249	12	231	235	229	20	8	187	80	48	
69	132	189	243	188	46	249	159	255	235	191	80	223	243	220	110	151	86	124	24	179	233	171	214	207	255	119	212	194	200	193	33	
132	4	255	255	108	42	109	154	255	146	119	80	223	227	217	123	107	68	126	10	161	244	235	226	206	187	119	132	228	249	65	161	
205	52	189	101	160	46	105	24	120	242	39	88	223	55	73	59	151	85	124	58	161	212	185	72	207	219	101	4	200	243	67	48	
204	76	253	255	108	42	125	186	191	178	183	82	221	99	213	107	111	69	127	234	225	69	171	250	198	155	255	188	22	249	97	161	
2	149	16	153	235	197	188	239	30	25	88	51	140	190	104	64	223	27	147	129	82	26	90	215	45	22	158	239	144	76	165	219	
227	220	102	84	106	24	188	166	185	210	114	189	12	60	214	123	167	245	247	167	228	126	230	194	22	58	94	138	69	164	83	221	
34	221	32	158	223	192	190	230	158	85	88	163	172	254	55	64	238	251	179	193	98	10	218	247	53	54	158	171	21	29	181	222	
103	249	210	82	211	152	54	205	123	3	109	40	8	242	206	252	177	222	162	82	23	90	170	226	62	60	21	111	203	215	234	141	
166	181	162	147	221	249	180	199	30	253	88	191	140	172	126	8	153	27	147	21	182	122	250	211	45	20	159	239	197	76	151	223	
35	207	96	26	221	157	182	238	95	93	124	15	168	232	118	128	153	107	146	71	198	58	78	247	62	28	31	107	85	31	219	206	
60	87	113	77	125	75	67	120	85	172	254	46	75	5	139	20	90	204	7	106	72	178	97	140	118	188	33	20	115	175	102	243	
27	81	98	205	118	18	251	120	101	64	247	166	89	93	183	228	126	188	151	238	205	176	37	204	118	125	162	128	55	174	112	117	
39	93	114	30	125	149	182	232	223	68	125	14	104	248	191	164	218	233	178	71	198	50	126	255	54	62	5	43	95	63	120	197	
198	164	148	145	252	169	188	139	190	179	88	16	236	234	121	74	247	75	123	177	50	84	203	211	12	22	79	236	148	112	1	129	
227	94	118	86	105	116	56	50	249	94	119	189	104	190	198	127	167	247	239	134	165	95	175	231	22	58	80	139	10	229	110	95	
134	104	130	145	196	0	172	201	30	178	81	18	8	138	97	11	123	73	34	130	98	246	138	194	20	2	223	164	5	121	241	128	
191	76	99	206	86	147	235	112	85	64	212	198	121	204	183	228	126	168	150	238	237	183	44	255	50	105	162	136	63	175	120	245	
32	161	25	201	221	205	81	223	15	53	108	8	54	149	72	20	25	26	3	24	18	58	122	21	111	156	20	127	210	138	198	170	
2	184	148	145	117	205	184	39	30	57	82	51	172	30	0	72	207	63	183	145	50	220	81	215	13	22	154	226	144	12	133	155	
2	164	148	153	248	139	56	111	62	179	80	16	172	162	96	64	247	11	106	16	50	216	195	223	12	54	95	228	144	32	129	137	
33	201	1	75	221	213	198	239	71	65	88	70	178	216	60	164	216	42	18	205	223	186	118	253	47	28	150	104	91	14	248	140	
2	184	178	155	117	237	184	71	191	93	81	17	172	158	126	8	199	59	179	17	54	252	18	215	13	54	26	203	212	12	135	223	
253	113	148	70	41	30	70	184	225	186	183	76	91	113	201	183	20	196	124	106	201	103	217	8	178	249	101	60	106	179	74	37	
132	164	148	153	252	169	40	43	62	179	90	16	236	226	65	72	243	11	42	176	50	220	195	223	12	22	95	108	144	96	1	136	
42	135	98	154	213	145	184	111	31	13	88	227	40	238	190	196	221	43	131	133	214	154	70	255	62	20	158	235	23	142	188	205	
16	79	31	172	50	194	63	102	164	140	218	163	119	167	33	80	102	247	205	224	104	139	33	111	241	231	46	129	32	144	37	123	
35	223	99	75	244	155	239	255	95	65	122	230	249	224	180	164	126	42	22	140	211	184	101	255	44	30	182	192	95	142	209	253	
253	92	95	101	36	78	103	176	112	234	231	8	215	51	129	115	112	244	124	106	105	244	249	14	245	235	97	20	96	51	70	35	
105	165	185	251	244	159	107	191	115	105	124	76	191	159	216	112	151	138	22	156	211	154	232	63	238	207	52	228	188	130	194	249	
89	133	185	227	180	172	107	159	127	235	255	80	223	243	216	112	151	14	124	24	155	56	233	151	235	255	55	212	194	192	193	33	
12	4	253	247	172	42	121	26	255	187	191	16	223	227	217	122	199	71	126	26	177	229	235	194	206	255	119	20	134	225	65	33	
205	48	189	119	40	110	105	24	120	250	39	16	215	55	73	59	131	84	124	58	161	196	249	10	199	251	99	20	200	241	67	48	
76	52	189	247	172	44	249	26	255	187	191	48	221	255	205	107	199	119	127	26	177	101	235	224	207	251	123	180	130	227	1	161	
140	92	158	247	108	174	253	210	191	186	55	48	156	255	225	91	231	117	127	10	32	197	170	224	199	251	123	128	132	241	1	161	
2	149	16	153	255	133	188	239	30	25	88	50	172	190	104	64	223	27	179	145	114	152	10	247	45	22	158	238	148	72	161	155	
198	28	190	246	111	236	185	208	171	250	183	58	220	255	101	107	231	117	255	3	160	69	186	224	215	251	123	150	130	115	5	243	
130	221	32	158	95	197	190	238	158	89	208	179	172	254	36	65	237	123	147	195	98	15	90	247	53	52	158	235	21	29	181	219	
34	191	160	147	253	237	180	199	30	125	88	191	140	188	102	8	141	59	147	17	146	90	202	247	45	22	159	239	148	76	151	219	
6	63	160	145	246	173	184	71	30	251	88	187	140	188	71	8	159	59	147	21	178	218	194	242	12	22	159	234	132	77	151	211	
162	207	96	158	125	217	190	236	223	84	80	143	104	204	63	64	201	235	147	71	230	58	110	255	63	28	143	171	85	31	93	222	
38	239	96	26	253	217	182	236	223	125	120	15	168	236	126	0	185	107	131	87	214	122	46	247	63	30	31	111	85	31	223	222	
