菁纯柔润唇膏（丝亮水润版）套装	#367（丝亮）婚礼	http://www.lancome.com.cn/on/demandware.static/-/Sites-lancome-master-catalog/default/dwc15718ac/images/LAN_PRO_IMG/Product Set/LAN00284/L9596400U.png	http://www.lancome.com.cn/dw/image/v2/AARM_PRD/on/demandware.static/-/Sites-lancome-master-catalog/default/dwe9088338/images/LAN_PRO_IMG/Product Set/LAN00284/L9596400U.jpg?sw=490&sh=490&sm=fit
94	112	179	246	129	100	127	144	51	254	135	16	93	183	73	126	39	213	253	218	73	69	187	226	219	247	223	164	162	243	167	114	
94	82	143	183	2	34	41	4	164	214	195	135	221	199	105	74	118	85	185	183	1	213	191	64	196	163	235	132	44	115	37	112	
182	89	238	116	205	98	188	192	152	150	241	147	73	252	119	11	237	253	179	199	228	119	154	128	83	107	239	143	197	125	119	214	
252	62	252	254	170	232	81	27	178	158	165	57	55	247	67	91	131	242	237	18	58	111	194	42	219	227	112	57	240	233	198	99	
10	176	51	217	239	221	177	215	143	121	116	62	188	222	108	228	175	27	255	17	19	123	58	209	31	209	30	239	90	12	133	255	
148	105	94	93	26	130	190	98	172	132	226	129	152	227	37	23	46	117	106	194	96	201	130	108	96	170	67	8	65	177	35	136	
88	155	123	224	58	194	27	248	167	164	190	170	29	151	224	112	54	149	157	240	74	11	41	222	251	197	47	207	54	130	37	59	
7	166	131	129	212	39	170	202	94	121	153	86	84	116	121	172	249	11	18	191	151	82	125	210	29	6	155	228	156	105	49	228	
9	133	108	219	150	218	237	191	86	81	70	146	241	67	186	97	83	10	26	172	243	152	117	29	111	171	254	68	62	128	240	40	
42	175	2	138	85	135	75	109	181	4	206	133	35	195	48	84	88	174	3	236	90	155	0	255	251	52	128	72	2	134	182	232	
69	224	156	105	168	109	85	139	111	55	164	24	150	19	75	123	129	8	104	26	94	4	251	16	199	217	84	61	208	81	134	66	
60	237	56	107	221	79	215	236	87	125	173	24	82	121	94	24	217	222	67	114	122	115	249	54	123	207	5	119	211	91	198	226	
73	160	176	88	233	252	112	11	251	29	37	20	174	210	78	222	129	10	224	28	22	78	186	241	11	217	22	111	210	4	235	198	
221	252	29	115	184	239	87	184	179	127	167	60	223	119	8	59	135	214	108	106	59	69	249	63	235	243	117	116	162	241	134	115	
5	160	141	49	192	239	105	11	62	251	227	81	209	162	88	56	217	143	120	156	27	216	203	64	141	154	255	196	136	64	130	160	
153	119	11	173	114	2	47	120	40	202	88	228	221	70	163	113	118	41	94	239	225	146	37	14	228	197	42	128	12	179	35	241	
74	56	171	185	233	236	185	83	171	221	84	189	172	191	83	30	207	59	255	149	18	75	242	224	207	81	222	235	134	69	183	251	
52	134	105	170	254	35	171	90	86	49	249	250	83	109	216	8	127	139	55	61	179	38	79	23	92	142	187	252	245	203	80	161	
2	152	174	185	177	228	184	199	190	79	74	183	172	246	34	72	231	59	187	149	22	216	18	247	205	54	222	203	148	68	165	219	
26	187	238	165	58	131	155	80	142	236	158	167	173	15	210	2	238	177	221	213	138	137	65	205	218	193	171	211	45	142	61	91	
124	249	120	226	53	221	87	216	97	172	189	8	127	217	73	48	184	248	212	122	74	35	248	189	243	221	37	61	115	187	78	43	
180	255	253	95	210	99	167	252	82	182	125	242	81	119	173	173	127	90	134	234	241	246	45	126	111	142	103	164	245	251	230	225	
11	8	171	157	116	166	235	146	30	67	94	70	181	169	179	236	89	110	51	141	129	152	245	249	4	47	186	128	156	229	121	248	
59	186	234	165	54	144	184	80	43	77	214	167	169	140	214	0	238	173	253	149	142	187	196	195	194	117	170	195	109	142	123	223	
9	24	187	221	119	246	187	214	94	65	94	2	188	188	181	232	243	111	50	9	133	184	52	249	69	47	154	0	157	121	113	237	
29	151	106	235	182	163	139	250	4	65	223	230	219	111	186	96	126	187	31	253	153	145	109	158	232	205	175	196	189	203	33	241	
18	155	203	185	242	162	184	215	190	65	90	247	189	199	176	64	103	59	183	149	179	216	7	247	172	38	190	192	172	132	161	217	
106	176	160	19	225	124	113	19	163	95	183	61	138	188	78	158	205	158	253	20	159	122	250	129	15	121	80	243	194	196	222	247	
9	170	234	193	87	150	251	80	118	229	70	135	25	143	242	228	126	172	147	156	134	188	180	198	94	77	139	69	175	142	121	240	
29	135	110	235	186	163	203	250	4	64	223	194	219	111	186	96	94	187	31	253	155	137	109	159	234	237	171	212	53	131	40	193	
67	121	130	142	127	148	186	86	139	200	88	207	44	222	119	68	230	235	183	85	199	11	146	226	58	124	142	170	140	30	59	223	
3	89	203	152	230	212	184	196	142	193	90	231	188	190	247	104	226	107	50	85	151	152	182	224	28	60	142	138	157	31	57	223	
188	119	241	170	211	35	95	220	19	78	253	191	89	231	235	84	127	217	133	254	122	7	136	186	250	197	165	172	179	247	166	243	
149	221	255	90	182	115	231	252	94	218	95	114	112	124	189	101	123	90	22	107	225	244	63	127	105	14	103	196	253	251	249	181	
18	93	150	173	45	198	246	228	181	140	218	35	111	254	37	198	248	245	175	227	76	187	19	238	179	246	198	3	55	62	124	31	
28	124	159	115	168	239	53	246	182	186	10	120	215	119	65	27	39	127	93	58	115	220	27	40	237	195	117	36	168	241	135	187	
199	156	133	159	143	54	174	190	158	251	66	87	252	250	121	239	181	71	59	255	247	193	155	255	44	110	223	204	158	117	177	148	
31	93	121	231	114	78	127	248	61	228	127	134	223	119	139	112	54	221	95	238	193	144	61	238	247	239	39	132	45	179	35	113	
35	189	235	85	244	175	173	71	92	99	120	198	176	172	52	32	222	107	19	13	211	184	116	201	37	28	142	34	205	120	211	252	
42	160	160	19	221	253	241	7	251	93	53	29	170	204	94	156	137	170	198	16	158	108	250	245	15	81	148	107	195	12	222	222	
188	223	119	106	247	251	247	252	245	10	125	114	91	117	173	164	59	82	134	106	243	165	44	191	51	207	37	70	119	251	228	181	
40	204	123	115	87	253	177	230	84	130	110	18	59	249	36	164	57	58	130	8	96	188	48	191	111	207	22	65	83	88	97	170	
41	140	231	205	21	54	111	190	84	71	78	6	241	41	179	100	89	110	27	46	169	152	117	175	231	239	154	0	167	253	112	236	
19	141	235	219	214	163	239	247	94	67	90	210	121	236	180	96	127	171	23	157	183	184	36	255	126	46	190	192	181	204	241	252	
45	100	243	106	246	185	239	216	95	195	125	206	159	233	253	164	63	249	23	31	131	178	172	218	118	93	39	172	255	255	115	161	
142	32	135	65	201	45	105	88	183	183	227	29	76	195	73	158	61	196	107	158	2	87	155	80	29	216	65	108	227	245	35	160	
3	184	174	154	237	245	184	199	158	95	88	23	172	254	114	104	205	43	179	149	150	90	50	241	15	54	222	203	144	76	189	222	
56	204	100	237	29	127	71	190	85	38	236	3	115	41	52	228	88	202	147	106	232	190	117	191	227	239	133	20	119	254	212	106	
149	68	227	79	150	34	239	112	116	194	247	82	91	96	181	100	126	228	62	174	233	180	109	206	48	238	163	132	239	251	112	100	
221	4	203	167	246	58	110	241	117	227	83	214	95	108	185	232	119	204	62	191	181	212	13	206	254	111	191	132	173	247	249	81	
8	252	159	183	234	78	53	255	186	219	160	105	181	247	64	27	167	127	123	0	112	203	154	105	253	167	127	32	128	112	167	187	
125	165	155	70	213	126	103	233	115	158	175	24	82	241	77	54	185	222	100	122	123	243	187	34	251	255	69	77	195	250	214	162	
177	75	77	239	44	2	79	156	68	0	208	198	243	97	177	97	88	224	46	238	233	162	79	57	224	170	226	24	61	251	112	40	
236	52	157	127	233	109	87	184	49	126	173	56	246	119	11	63	145	214	108	42	121	70	251	35	231	255	85	58	194	251	198	99	
252	168	212	112	41	63	80	146	227	179	164	24	15	27	65	191	129	212	236	112	62	111	210	176	219	219	65	127	226	101	74	2	
162	181	251	93	119	210	177	119	89	197	116	182	56	189	182	37	106	62	147	8	247	250	180	207	119	45	54	163	111	128	231	255	
124	77	246	253	141	210	118	126	213	142	254	3	105	251	35	194	248	244	239	226	108	179	3	206	243	239	231	131	55	255	252	2	
121	68	125	101	102	10	107	56	113	162	246	66	83	35	149	117	122	204	44	234	233	180	229	10	214	239	226	4	103	250	114	40	
19	71	133	169	158	35	173	207	94	130	216	195	165	104	49	101	127	171	27	181	130	176	69	216	180	0	143	4	181	248	177	172	
177	77	109	205	92	3	239	250	85	34	254	66	115	33	181	125	120	204	22	234	233	182	101	191	118	170	226	132	119	249	112	168	
19	46	229	173	150	35	174	71	79	227	216	195	173	44	49	34	239	235	27	133	132	184	69	200	172	86	158	178	181	254	177	204	
32	131	85	77	146	47	162	143	78	33	106	192	195	32	140	228	22	30	34	24	147	184	117	29	44	190	5	84	209	202	193	164	
95	109	122	229	50	94	127	248	61	228	254	138	95	119	131	112	54	253	223	238	200	147	189	238	247	253	175	133	39	179	47	97	
141	206	7	153	174	2	174	185	28	18	210	242	213	35	176	233	103	69	59	239	241	156	5	126	228	34	250	196	60	177	177	33	
14	184	171	144	233	253	185	71	175	221	181	189	140	223	70	30	175	59	223	149	19	75	178	209	95	81	159	235	194	4	167	243	
39	111	194	12	221	31	238	237	95	234	248	79	74	232	183	164	220	236	150	111	205	179	220	250	54	62	135	170	95	126	250	132	
151	150	202	135	242	42	109	157	61	227	119	247	89	35	155	93	119	206	55	188	177	212	13	78	94	46	255	196	175	245	248	209	
75	134	221	255	254	38	124	158	31	251	86	114	253	243	249	239	247	79	62	156	161	212	139	242	206	255	255	132	158	248	41	41	
248	37	248	229	244	58	121	19	121	1	127	18	27	11	148	120	106	174	6	152	184	186	229	206	214	253	178	192	229	137	194	129	
13	15	207	165	144	54	107	51	52	197	222	198	249	102	147	224	118	239	31	188	189	152	37	172	236	239	175	128	175	231	49	120	
61	159	194	235	148	187	234	250	71	169	223	230	99	233	191	196	121	234	30	252	158	185	109	191	190	205	175	244	191	207	88	132	
124	249	186	102	185	221	87	252	163	172	188	8	63	255	66	16	190	255	205	74	90	43	152	33	251	253	37	125	98	178	238	43	
20	221	27	239	150	199	39	252	52	0	75	66	247	247	41	64	242	123	31	106	121	161	57	63	233	167	39	64	48	123	165	35	
25	141	79	188	148	162	110	247	84	195	218	214	113	227	176	224	121	238	62	141	185	155	5	239	248	239	191	128	189	232	248	56	
161	168	149	88	204	173	224	79	218	51	0	88	180	184	64	59	129	43	106	17	55	126	218	113	13	18	81	122	216	72	211	140	
35	148	74	155	85	183	234	119	21	69	205	151	32	46	62	196	93	170	147	156	191	154	117	247	15	63	154	64	159	141	248	212	
131	198	68	154	87	150	168	252	157	83	85	215	108	231	190	197	103	3	147	239	247	77	30	255	42	122	218	206	31	132	185	212	
68	48	217	101	40	44	115	26	40	171	59	104	215	35	201	18	23	84	109	42	0	48	201	2	198	255	113	148	192	243	67	33	
255	9	230	84	199	22	126	113	249	246	183	31	72	235	255	159	238	228	243	238	228	211	190	200	50	123	197	135	15	253	252	70	
6	25	158	191	139	102	52	142	14	95	90	39	236	126	35	74	231	115	187	133	16	136	27	225	193	54	126	131	144	119	37	91	
167	50	36	137	205	53	204	89	71	127	85	95	128	137	95	143	77	136	243	15	175	54	219	144	7	24	217	188	95	221	218	213	
131	133	39	154	213	212	110	237	221	81	69	22	104	108	62	229	120	138	19	239	247	156	62	247	63	58	202	76	31	140	248	244	
248	182	158	112	169	171	80	199	179	191	164	57	207	243	74	27	137	182	237	48	58	103	194	2	219	211	117	127	224	72	206	3	
217	215	119	239	50	2	95	185	165	76	151	230	127	119	168	119	102	213	125	234	249	129	37	173	240	233	98	144	47	182	161	113	
220	11	90	100	112	138	103	240	169	136	122	104	63	179	33	18	162	228	68	106	64	187	128	108	243	169	37	9	98	179	70	43	
159	12	231	197	134	50	239	50	84	194	211	214	217	110	181	237	127	237	62	239	233	246	101	234	182	234	239	128	173	241	113	245	
214	114	139	166	10	64	60	80	168	162	131	227	197	199	105	74	54	213	233	226	64	69	154	64	144	160	207	156	36	50	37	18	
35	73	38	140	29	149	154	230	204	196	200	7	160	168	55	64	200	99	27	197	132	171	22	237	48	60	138	25	93	31	121	222	
176	197	105	237	68	11	111	254	87	34	252	10	83	1	153	113	120	204	23	234	233	182	97	31	246	137	161	180	117	184	112	168	
143	30	231	151	194	114	45	119	49	199	95	247	89	38	147	175	39	255	183	167	181	220	45	234	44	98	254	129	175	245	173	245	
22	128	60	155	14	99	146	168	206	115	153	18	208	120	60	107	217	81	123	115	150	229	95	181	137	174	235	85	213	43	125	130	
221	72	191	127	164	78	77	181	116	130	198	80	243	115	145	123	113	228	124	106	105	244	121	46	225	239	117	16	34	240	192	40	
128	148	157	191	182	34	45	175	30	3	74	86	244	114	40	65	211	95	34	129	51	220	83	255	172	54	222	2	156	88	177	9	
246	76	114	212	79	213	222	96	217	134	225	27	104	250	55	191	248	225	162	227	236	103	182	234	51	26	207	11	65	125	124	6	
202	158	180	155	162	122	188	135	154	223	90	241	204	62	130	207	135	87	191	17	176	220	203	226	13	114	126	195	134	85	141	91	
54	253	250	252	222	195	191	237	158	196	248	163	113	254	103	0	255	251	19	211	80	179	58	254	121	7	175	171	213	122	165	210	
1	11	73	211	68	168	169	16	174	0	27	226	177	3	209	96	110	51	46	201	131	56	71	85	132	132	170	192	12	10	81	185	
26	123	194	173	82	160	186	214	42	129	216	227	45	143	209	64	38	251	135	213	134	26	134	99	244	229	170	169	173	147	39	153	
2	25	172	143	141	100	188	143	142	93	90	131	228	236	63	74	204	119	251	193	22	41	219	241	13	55	222	139	148	127	157	222	
198	232	180	151	46	160	184	130	174	147	19	147	236	238	89	74	231	115	59	149	130	84	143	225	12	18	223	134	132	116	49	217	
114	185	127	122	170	201	151	166	175	28	188	41	58	223	68	82	166	243	109	66	90	107	186	117	251	252	7	123	81	130	231	59	
19	143	7	158	148	179	174	231	148	65	218	199	104	232	176	192	124	107	26	229	247	155	12	255	184	38	142	192	157	78	184	156	
161	168	157	152	204	237	224	71	203	51	160	88	180	184	68	59	201	42	98	17	55	111	210	113	31	26	84	122	216	72	210	142	
57	165	42	170	253	163	75	111	71	69	204	5	176	201	58	80	216	138	19	253	30	155	64	63	248	124	138	72	30	6	250	202	
18	143	6	190	150	131	186	231	149	5	218	231	105	234	50	64	127	235	143	181	58	153	14	255	184	102	142	195	189	78	185	152	
130	239	18	155	237	233	180	231	142	23	72	147	172	174	98	3	203	43	131	17	86	122	18	241	45	16	94	107	148	92	141	222	
212	202	62	240	170	201	85	115	166	62	167	185	87	151	64	17	39	177	109	2	120	109	43	52	219	195	117	93	96	128	133	99	
253	96	142	172	76	66	93	104	160	194	130	9	80	187	91	91	216	197	123	231	44	199	211	8	208	43	197	29	8	51	50	2	
203	210	237	211	173	249	189	63	239	127	183	181	220	156	222	107	175	23	255	133	247	109	255	209	79	91	255	223	84	76	213	87	
179	55	66	142	211	242	190	103	57	66	253	247	40	46	62	148	254	171	147	165	253	154	4	207	50	125	138	139	47	198	250	221	
82	95	23	191	61	198	246	228	189	140	218	39	111	254	39	198	252	255	175	195	76	177	11	239	177	246	206	131	17	62	52	95	
237	178	176	66	233	124	113	159	235	127	181	61	138	189	79	254	193	134	236	20	159	102	250	144	207	217	117	255	202	212	206	87	
94	95	246	237	61	214	254	230	181	140	218	35	105	251	51	192	248	244	191	227	76	185	131	238	179	239	238	131	55	63	124	27	
19	141	107	219	148	131	235	215	86	65	94	210	121	236	180	96	127	171	23	157	179	185	45	255	124	47	190	192	181	202	241	232	
220	220	189	119	169	111	87	185	187	250	167	56	223	119	73	63	151	214	124	42	105	69	251	58	251	255	117	52	162	241	134	115	
0	244	127	119	118	195	181	119	92	194	122	226	53	29	164	33	63	59	23	129	224	252	37	108	108	143	126	128	101	200	101	251	
225	36	229	101	84	42	233	19	113	226	242	66	211	33	149	186	122	140	110	172	169	244	229	10	4	174	99	0	237	233	114	160	
157	223	252	93	174	115	183	254	94	250	94	114	89	124	253	175	127	82	182	122	241	244	47	127	122	143	103	132	255	249	249	181	
29	151	70	235	156	155	74	248	197	236	155	230	235	104	186	68	122	230	95	255	191	161	125	189	186	205	175	208	63	143	80	84	
189	76	227	77	148	50	207	57	84	194	251	82	83	96	181	100	122	204	62	170	169	183	101	142	176	238	166	128	247	251	112	100	
132	74	14	53	8	131	108	34	180	134	226	209	209	163	1	9	40	101	106	206	96	245	3	108	68	162	115	0	65	177	33	0	
2	184	173	185	237	229	184	199	158	95	88	21	172	190	114	72	205	59	187	149	150	74	114	241	205	22	158	235	144	76	181	223	
25	141	71	253	148	178	111	247	244	67	222	70	113	227	176	228	121	238	62	141	185	155	37	239	184	239	174	192	191	232	248	40	
10	184	51	144	233	253	185	215	175	93	181	189	140	223	102	158	239	59	223	149	19	111	186	241	95	81	31	235	218	12	167	243	
252	190	156	184	171	168	84	87	163	159	161	61	15	227	66	219	135	179	237	16	62	79	194	0	218	227	117	123	224	224	142	19	
41	196	36	251	141	223	197	191	86	115	133	10	251	61	56	237	89	58	186	8	217	232	123	189	75	207	213	117	210	14	220	232	
94	109	122	229	115	94	127	244	61	172	254	131	95	127	19	240	62	253	223	234	200	147	185	238	247	237	47	129	39	179	47	35	
25	13	166	237	149	222	107	34	213	193	78	2	251	57	55	230	192	102	25	109	184	184	53	173	235	255	130	0	166	173	112	110	
221	135	102	239	185	19	95	185	133	68	159	198	219	71	186	231	126	215	221	238	248	137	109	157	250	249	171	212	54	175	168	65	
188	247	221	92	210	119	79	254	18	178	124	242	89	103	233	189	127	218	151	234	121	214	121	126	123	143	229	236	243	241	230	241	
184	37	120	97	244	10	107	113	113	33	247	26	19	11	144	17	122	174	70	152	184	186	65	14	246	237	178	64	229	137	194	128	
168	100	110	225	84	11	231	119	117	160	247	26	147	9	144	49	122	172	87	40	248	190	97	78	118	143	180	64	101	136	210	160	
23	181	137	129	148	111	171	218	86	249	155	86	144	48	80	44	121	10	26	189	155	24	125	150	141	6	171	244	153	107	17	228	
172	9	122	235	244	170	123	144	121	1	127	18	155	43	157	121	110	175	23	216	186	152	97	228	198	249	178	192	228	139	226	161	
61	100	234	235	118	187	234	216	94	201	125	78	95	201	189	160	127	233	23	191	131	178	172	222	242	205	39	164	255	251	123	161	
27	159	71	191	146	130	47	247	62	1	90	247	253	231	176	192	119	63	63	157	243	152	4	255	252	47	190	192	173	132	161	185	
36	254	253	93	202	99	141	255	82	178	116	246	81	103	133	47	127	94	38	168	249	250	103	79	45	143	247	228	229	248	230	241	
11	176	55	219	235	221	185	215	143	121	116	126	188	222	100	172	175	59	255	17	151	123	250	209	143	217	62	238	90	12	141	255	
31	93	123	231	114	78	127	240	61	228	126	162	93	127	147	112	54	253	87	238	193	144	61	238	247	237	47	132	39	179	39	241	
189	213	126	122	247	123	246	252	85	66	127	242	91	125	191	173	63	82	134	106	245	181	44	191	122	207	101	5	255	251	232	135	
2	153	135	153	241	228	56	199	190	89	74	209	188	215	32	72	197	59	187	149	18	218	82	247	141	54	190	202	152	68	165	187	
120	253	26	102	177	221	86	252	35	140	188	9	63	219	66	16	186	255	205	98	74	11	152	45	251	237	37	61	98	178	238	11	
227	183	3	142	93	244	158	111	73	64	201	203	40	204	62	244	252	171	147	165	239	11	180	207	51	52	138	43	29	70	190	220	
35	183	234	142	253	159	246	237	95	236	252	79	98	232	62	160	216	238	178	103	220	186	222	255	62	95	143	43	93	126	250	220	
196	6	189	247	168	108	61	131	190	159	23	48	205	115	73	75	163	87	109	128	32	69	43	194	197	243	126	133	128	112	133	35	
89	0	247	101	102	42	105	18	117	162	118	66	155	35	149	125	122	140	46	168	169	180	101	136	198	235	226	0	103	232	112	40	
38	32	130	72	73	53	234	200	182	163	224	72	0	194	109	156	217	204	106	188	10	87	154	82	27	220	151	61	193	99	106	164	
117	164	45	168	28	61	194	216	71	83	153	95	211	72	94	139	217	128	93	63	191	103	95	151	155	94	129	124	221	141	120	84	
70	179	184	168	172	33	159	137	14	125	155	173	204	252	74	64	215	23	255	145	26	3	219	211	249	20	143	255	148	110	149	83	
100	32	184	57	168	237	17	139	250	63	32	25	150	147	75	90	129	19	232	16	22	76	194	18	205	183	53	125	208	64	7	11	
28	248	159	247	170	78	55	190	182	254	142	48	255	247	64	115	39	119	125	66	97	201	187	40	233	195	119	144	168	243	135	123	
3	125	43	174	116	132	170	69	168	192	88	199	181	206	119	64	254	43	19	221	199	155	144	234	188	44	174	168	28	22	59	217	
230	77	254	222	205	100	254	228	217	198	224	11	104	252	55	27	200	227	179	227	100	227	146	232	51	58	204	11	65	125	124	206	
70	129	153	174	186	100	63	141	14	17	11	193	244	231	104	66	215	95	59	16	18	0	219	83	237	180	191	172	144	114	165	59	
134	77	130	158	212	131	174	101	22	130	91	2	104	234	49	64	120	106	19	211	98	179	10	255	48	38	143	136	21	122	241	128	
181	68	101	77	28	35	207	122	85	34	254	66	115	33	181	116	120	196	38	234	233	183	101	62	114	174	161	20	119	249	114	168	
236	212	253	127	249	111	85	190	123	255	173	56	210	117	13	63	145	214	236	58	57	102	251	18	255	255	117	126	194	248	198	115	
219	211	118	238	42	18	93	61	165	94	183	254	107	103	138	247	102	213	253	238	232	199	109	205	242	251	230	146	38	180	168	125	
111	178	232	114	237	253	209	219	163	125	181	189	154	92	222	190	205	154	221	21	159	114	250	145	223	89	48	255	203	205	222	215	
78	157	180	147	171	188	188	167	191	27	11	49	236	126	76	79	135	87	251	23	178	72	219	227	173	114	95	194	130	85	141	31	
44	117	185	82	253	109	215	141	219	187	173	24	214	253	77	62	153	122	123	122	59	98	250	50	111	223	5	126	210	123	198	163	
192	160	221	83	226	104	33	79	62	59	113	48	148	179	200	89	51	30	98	24	51	92	139	83	76	162	118	228	224	64	135	163	
25	204	23	237	36	47	77	182	85	42	90	66	215	49	177	109	81	100	60	44	105	184	81	156	228	190	255	196	62	248	80	40	
21	165	16	105	147	191	162	203	70	33	235	74	195	200	92	224	56	159	74	49	30	184	221	31	189	228	1	116	241	74	201	4	
61	107	236	41	172	23	77	222	66	254	180	143	19	9	211	27	73	204	117	253	204	98	247	144	234	201	229	188	255	253	122	240	
151	150	206	209	226	42	109	223	63	243	119	247	89	99	159	93	119	206	55	188	177	212	13	194	92	46	255	196	175	244	249	209	
155	105	3	169	48	134	171	212	172	200	218	197	157	134	179	64	238	105	29	221	219	152	16	236	232	177	174	192	12	135	41	216	
71	248	132	157	142	23	172	170	158	251	210	103	244	250	211	239	179	71	123	253	167	201	223	253	60	46	255	254	140	116	57	29	
134	160	189	179	172	235	184	11	94	59	19	242	220	108	88	9	223	31	123	17	51	124	75	213	12	18	255	230	156	72	145	145	
147	143	7	190	156	178	174	230	149	64	218	199	105	234	176	193	124	227	191	231	253	155	15	255	184	102	142	192	60	110	184	28	
176	68	109	205	92	11	109	126	85	162	246	90	83	33	144	53	120	140	87	232	233	190	101	158	118	138	241	180	119	248	112	168	
20	207	107	173	150	195	191	237	20	132	218	163	113	255	33	64	126	249	23	227	72	147	45	46	249	165	175	129	53	186	181	251	
157	12	229	253	132	50	239	122	84	226	211	210	243	44	149	233	127	204	54	175	169	254	101	234	132	235	254	128	173	249	112	228	
145	209	29	191	28	76	69	189	148	80	128	17	247	93	40	67	192	18	89	109	107	237	83	61	225	225	238	16	24	24	145	58	
90	137	82	228	91	128	90	112	37	160	134	138	45	7	96	84	102	181	159	248	8	11	129	206	248	196	139	233	55	130	40	42	
141	221	166	159	229	54	239	190	218	222	95	54	216	120	191	239	81	70	53	111	245	244	63	239	110	127	255	132	142	255	248	101	
52	83	115	78	98	109	167	204	200	0	121	234	118	220	173	57	190	217	70	98	193	35	56	121	49	168	96	58	89	91	195	177	
1	180	157	113	176	170	97	159	126	57	66	112	215	51	136	112	19	6	124	24	51	216	193	23	236	175	63	196	140	192	211	33	
43	168	176	88	201	245	208	207	203	93	172	8	140	154	118	188	201	11	194	28	22	43	250	241	27	217	85	127	210	4	239	207	
11	166	221	255	254	54	121	158	127	243	118	86	253	227	221	239	247	79	62	156	181	216	235	250	206	255	255	132	158	248	233	41	
177	76	97	205	4	35	207	250	84	34	246	82	211	33	149	109	120	204	54	234	233	182	101	190	52	238	226	132	119	249	112	168	
93	137	197	205	164	54	79	190	101	2	74	70	217	35	177	238	86	70	60	236	137	144	117	193	132	254	202	132	174	247	48	36	
41	183	40	169	252	189	209	154	70	125	92	173	145	44	242	0	205	10	135	21	158	58	96	21	79	69	161	237	213	76	84	211	
69	118	220	71	116	30	102	152	109	170	127	108	211	82	157	247	148	68	108	110	229	240	89	12	38	186	37	132	72	243	75	5	
157	87	111	101	34	94	95	48	101	238	150	228	223	55	147	123	54	85	253	238	237	129	53	200	226	249	110	144	46	247	15	113	
37	244	152	71	229	30	230	152	106	122	57	76	210	88	92	178	153	76	84	110	205	244	217	8	37	189	33	52	200	115	218	149	
120	182	150	48	169	169	84	207	179	63	160	61	143	171	72	155	129	215	236	16	62	79	202	49	219	211	85	127	234	76	142	11	
119	78	191	124	45	38	95	50	241	138	239	64	122	123	53	123	205	229	61	174	168	227	235	236	211	255	194	26	129	115	112	35	
39	44	193	161	150	239	168	2	94	241	24	79	151	40	85	40	187	15	19	21	151	120	221	208	141	28	139	116	205	73	19	148	
216	76	223	127	132	78	71	183	117	130	230	16	247	115	1	122	51	246	108	42	104	229	57	42	243	239	117	16	34	240	228	40	
134	8	130	155	196	162	168	67	188	131	83	18	76	202	49	73	121	41	51	147	48	215	10	202	20	34	219	192	149	121	161	128	
212	207	31	174	186	67	31	248	164	132	222	163	87	103	41	81	126	245	77	226	104	129	9	60	241	227	239	149	52	179	36	115	
38	69	226	158	212	131	174	109	86	130	248	2	96	232	61	64	120	232	19	195	240	179	10	254	52	46	143	136	85	58	240	128	
217	188	191	253	162	108	61	191	182	219	70	48	255	247	72	123	39	127	125	138	121	216	187	35	229	227	127	128	160	112	165	123	
220	108	253	118	168	110	71	186	249	186	167	24	95	115	73	123	35	212	124	122	120	111	219	34	251	251	101	84	226	241	194	35	
56	141	66	238	212	163	198	247	23	1	248	10	115	235	52	64	121	234	6	17	26	187	8	191	250	207	167	72	247	218	240	136	
223	64	175	167	5	118	105	16	166	229	199	23	217	199	123	238	112	228	185	188	9	213	189	130	211	239	203	5	174	183	61	112	
220	85	95	231	42	74	71	184	32	174	231	34	87	119	137	115	114	212	108	234	105	213	233	12	241	227	103	148	32	179	36	35	
237	188	189	85	253	126	69	187	115	251	172	24	210	117	77	54	153	222	108	56	59	106	251	15	111	255	85	95	194	104	102	234	
104	233	176	46	73	137	87	232	195	12	168	9	170	216	75	150	200	242	224	66	78	43	202	49	251	212	5	59	82	31	70	14	
243	195	103	222	44	26	76	185	173	118	183	223	75	79	188	87	102	196	127	238	236	71	111	205	178	122	195	158	62	188	224	85	
2	176	177	187	253	237	184	207	158	89	88	93	172	190	120	72	205	27	187	21	18	88	194	241	205	20	158	250	148	76	149	251	
233	47	232	69	172	31	77	55	65	238	188	205	147	41	211	6	72	166	71	141	200	58	245	138	111	89	181	176	127	252	82	248	
31	90	135	180	131	71	189	230	140	210	138	135	189	190	35	139	175	97	251	199	197	133	22	232	208	71	222	19	13	124	41	218	
2	185	149	153	185	164	57	143	158	25	218	112	188	151	32	200	205	59	63	145	19	200	195	247	141	54	190	202	152	64	161	185	
8	193	61	233	173	223	93	191	198	53	6	0	155	1	120	99	128	2	123	40	82	56	115	149	239	219	117	85	18	136	213	42	
252	127	104	225	204	47	79	223	3	188	188	207	19	9	209	22	13	196	117	252	200	98	213	154	250	200	165	188	127	248	210	177	
28	77	122	231	50	94	127	240	61	236	255	130	95	119	147	112	126	253	223	234	200	146	61	238	247	237	167	133	103	179	103	227	
120	186	150	178	171	173	84	207	171	59	168	253	175	162	64	154	133	211	236	16	30	75	202	49	152	214	85	127	234	68	139	31	
147	141	7	158	156	131	175	229	212	64	194	214	112	228	178	101	120	230	58	239	237	159	61	255	184	34	207	64	29	45	177	124	
221	7	213	101	176	10	111	53	48	170	178	120	223	51	144	247	54	198	124	238	249	205	165	14	164	170	101	148	40	240	194	33	
11	184	54	217	235	189	184	215	143	121	116	126	188	222	230	236	239	59	255	145	151	88	242	241	143	217	62	234	94	12	137	255	
172	141	126	243	244	168	123	144	125	17	119	18	187	11	189	121	111	235	23	218	178	184	108	230	110	185	166	192	229	139	224	161	
94	95	22	191	53	198	126	228	181	204	218	39	111	254	35	192	252	247	191	195	76	187	9	238	183	247	142	131	53	63	124	223	
90	186	151	176	171	172	20	199	171	155	160	253	143	166	64	219	135	247	237	21	30	75	210	161	154	242	94	127	170	68	171	31	
219	62	134	190	169	188	28	15	187	251	128	221	175	174	67	219	167	167	237	149	62	79	146	177	154	243	94	251	138	68	139	95	
11	184	55	217	233	253	185	215	175	89	124	253	188	159	228	174	207	59	255	145	147	75	242	241	79	89	190	234	158	12	143	255	
40	191	237	85	202	87	237	55	22	179	246	246	177	39	148	175	79	246	246	140	249	248	245	30	79	175	247	144	231	232	206	185	
88	155	149	111	32	78	70	180	229	8	234	96	247	115	128	114	128	118	108	106	201	136	219	41	225	255	100	16	8	178	195	41	
105	32	229	101	116	58	233	19	113	162	246	210	155	33	149	190	58	172	110	188	185	252	229	138	70	239	114	0	239	236	114	168	
171	164	11	174	84	4	235	121	16	67	73	223	245	79	56	145	93	139	19	175	251	150	88	143	225	239	154	40	61	138	242	208	
94	122	144	164	175	0	23	146	139	174	154	167	140	175	65	198	231	117	173	81	64	1	208	194	209	244	143	183	142	126	5	27	
187	165	9	175	21	213	79	93	22	65	205	22	247	199	58	224	88	170	153	157	251	143	252	159	161	229	142	56	56	138	242	252	
189	236	252	93	202	55	220	255	87	178	124	210	89	119	181	191	127	222	182	168	253	254	127	94	122	207	245	133	251	240	234	176	
82	95	22	191	61	210	127	228	189	204	218	39	111	254	35	196	252	245	255	227	77	147	161	239	179	246	143	131	45	63	61	95	
155	207	71	191	146	146	106	247	54	65	94	214	125	227	176	228	119	239	63	140	243	153	37	255	252	239	190	192	63	132	169	185	
61	116	226	239	22	55	234	216	103	200	253	70	91	233	189	32	126	233	23	255	137	179	60	222	242	205	175	164	255	251	107	145	
73	0	253	229	100	42	105	19	125	3	118	80	155	35	148	123	98	140	46	136	137	188	101	192	198	250	242	0	103	192	96	160	
188	111	109	200	236	47	77	223	3	190	188	206	19	5	209	14	77	196	85	252	200	38	231	144	242	8	229	188	119	248	86	249	
234	186	185	184	237	253	153	223	139	95	180	61	172	190	126	30	207	27	255	21	150	79	242	241	223	89	30	251	146	76	135	223	
117	242	204	160	76	7	79	216	3	240	144	207	19	65	89	27	93	200	93	254	155	71	219	17	216	136	229	252	189	185	82	16	
25	141	103	222	148	146	111	247	245	67	222	66	115	225	176	228	121	238	62	140	249	155	36	191	186	239	174	192	63	234	240	108	
212	79	78	172	8	6	79	184	36	174	198	135	83	103	11	83	124	212	109	238	104	199	73	44	240	227	237	148	36	179	36	112	
33	175	234	190	252	141	247	237	94	77	249	15	115	232	62	0	216	235	23	69	214	186	222	63	124	13	167	233	93	106	250	195	
151	134	198	85	214	34	237	243	55	227	119	215	81	99	158	93	127	206	55	188	177	212	13	206	92	46	255	196	175	228	240	144	
189	12	225	109	148	59	207	122	85	226	246	82	83	32	149	232	121	204	54	170	169	182	101	14	180	239	176	132	245	249	112	40	
120	255	122	110	240	207	87	244	97	140	252	9	63	219	2	16	190	250	197	106	72	187	152	63	251	205	37	41	99	178	238	139	
198	221	149	191	139	112	52	143	158	215	139	51	204	118	107	207	231	87	187	147	55	205	27	226	169	50	223	87	144	117	173	87	
94	121	114	231	19	94	126	240	61	140	254	39	239	95	17	208	126	253	255	226	76	145	153	236	247	253	175	129	47	183	47	155	
11	160	221	247	236	190	121	159	63	251	86	82	189	187	220	238	231	95	127	156	151	216	235	241	142	251	255	228	142	200	137	173	
149	151	110	170	156	143	75	248	229	236	191	111	115	104	191	103	126	228	94	255	253	227	61	253	184	200	165	212	125	171	112	85	
220	66	125	229	34	74	111	184	49	174	247	226	87	103	137	91	118	212	109	234	104	212	233	10	245	163	229	132	36	243	36	97	
101	114	152	103	164	15	231	184	104	234	51	76	215	120	223	50	150	76	84	110	197	244	217	10	100	189	37	180	72	187	75	133	
75	249	244	157	174	83	173	191	222	251	150	102	188	56	215	231	103	118	250	153	229	233	231	221	60	43	255	246	175	252	57	109	
56	141	106	238	212	131	239	247	214	1	252	2	113	233	176	64	121	234	23	216	154	187	8	191	250	239	166	192	247	202	240	136	
197	81	221	69	98	30	110	184	121	232	99	108	223	115	141	247	54	84	124	106	225	212	253	74	38	251	101	132	106	243	67	49	
132	12	130	155	212	163	174	67	22	130	83	18	104	234	33	72	121	42	19	144	48	190	8	254	32	38	155	0	148	121	176	128	
148	79	47	165	52	3	111	188	36	172	218	227	247	103	177	65	126	244	13	238	104	145	73	46	241	231	175	144	37	187	52	121	
185	76	101	199	100	43	237	246	84	34	246	82	243	33	149	109	123	206	54	168	169	252	101	174	196	234	242	128	103	248	80	168	
169	12	229	247	100	58	233	18	84	242	82	210	243	44	145	235	111	238	55	141	169	252	229	234	132	235	250	128	229	249	81	232	
164	204	126	243	244	138	239	117	125	3	119	18	211	9	152	49	106	174	70	74	248	188	97	238	118	171	242	64	103	136	194	160	
134	12	130	155	196	162	172	67	62	131	83	18	76	234	48	72	123	43	51	145	48	212	10	202	28	38	159	192	149	104	177	128	
27	141	107	250	148	131	235	247	84	65	222	194	121	239	176	100	127	170	23	153	251	187	44	255	120	111	174	192	183	138	241	232	
38	77	2	158	212	131	174	225	22	128	89	2	96	234	33	64	120	106	2	194	98	186	10	255	48	38	143	136	21	122	240	128	
243	82	247	220	40	16	92	61	169	94	183	252	107	79	159	255	230	213	253	238	236	71	231	193	146	250	222	159	38	180	226	125	
36	77	66	158	212	131	174	105	22	128	88	2	96	232	49	64	120	106	2	195	80	179	10	255	48	38	135	8	85	122	240	128	
221	72	43	188	13	208	135	97	196	206	199	19	148	216	51	235	232	32	59	139	108	103	162	136	241	97	234	25	4	45	61	98	
134	207	149	151	134	34	174	166	62	51	91	242	196	122	13	75	167	87	59	147	49	208	9	226	44	50	223	198	133	115	129	133	
232	72	189	124	44	212	75	130	243	194	230	0	187	171	21	122	192	228	125	74	8	78	227	171	195	255	208	25	146	177	116	40	
220	56	253	118	43	79	85	184	187	250	167	56	255	247	201	127	183	245	253	74	121	69	251	58	219	251	117	62	226	241	6	115	
108	180	181	85	253	126	209	59	123	251	181	24	210	117	76	62	153	30	108	56	59	122	249	30	79	255	85	118	194	104	198	243	
181	199	86	126	198	47	230	252	93	18	123	95	99	105	61	13	63	203	6	103	252	247	12	255	50	222	69	6	253	251	232	133	
143	60	231	17	195	55	188	87	21	231	70	151	9	46	243	172	47	59	146	156	181	220	52	202	46	87	223	67	239	252	137	220	
135	206	148	151	162	42	175	174	60	51	67	114	220	34	136	203	35	71	42	171	113	220	13	99	44	38	126	4	140	113	169	160	
6	211	107	72	42	192	187	200	206	81	219	226	209	220	252	104	126	81	127	227	135	33	175	113	68	36	171	204	85	147	165	241	
39	95	99	71	116	11	239	112	85	200	126	230	113	96	149	36	94	104	22	238	225	176	101	238	36	14	161	128	79	187	80	253	
36	165	149	115	252	45	70	141	91	187	57	88	246	113	77	58	153	74	102	122	50	96	219	50	109	158	69	124	208	123	194	163	
68	169	153	162	222	45	43	137	26	177	9	10	213	243	72	80	247	223	59	208	18	26	219	115	253	132	15	108	176	107	129	34	
75	212	52	158	248	184	60	175	171	89	14	189	252	254	142	118	135	19	253	5	215	9	170	245	118	118	56	235	30	132	139	95	
18	63	154	188	211	180	48	66	123	135	104	7	44	178	99	88	246	127	128	144	22	218	144	192	209	244	26	11	128	96	47	206	
111	183	240	90	237	125	209	93	123	125	61	61	138	157	222	188	157	130	198	20	159	106	250	210	79	221	21	255	218	198	206	215	
9	148	149	155	180	251	33	191	30	123	95	244	221	119	202	236	87	15	190	24	51	216	111	215	204	55	255	196	158	72	137	113	
134	14	215	151	198	34	174	230	93	147	123	242	192	42	53	79	235	127	2	163	48	254	79	238	36	50	222	6	141	113	161	132	
207	176	181	243	237	108	249	31	175	123	151	217	157	191	92	106	167	151	255	145	147	101	251	209	79	123	127	254	198	204	209	115	
214	211	171	172	104	4	29	252	26	93	209	247	85	238	248	73	246	141	63	239	208	71	170	81	208	32	234	204	20	168	181	241	
27	141	106	254	148	131	235	119	85	1	222	2	113	235	176	100	121	170	23	169	249	187	45	255	250	239	174	192	55	138	240	168	
36	13	98	158	212	131	174	105	86	0	121	2	96	232	52	64	120	106	2	195	210	186	8	255	48	46	135	8	85	42	240	128	
134	140	130	155	148	162	172	71	62	131	83	18	76	234	32	72	123	47	19	144	50	220	10	230	12	38	159	192	132	72	177	128	
2	205	2	158	148	131	174	227	150	128	88	2	96	234	49	64	120	106	2	195	66	186	10	255	48	38	143	136	21	122	176	136	
132	12	130	159	149	167	174	67	22	131	75	18	96	234	33	72	121	42	2	144	50	188	26	255	41	38	150	0	148	104	177	128	
218	56	210	244	19	84	90	80	59	228	6	191	47	151	99	215	246	253	133	20	41	95	144	138	155	213	15	42	174	52	47	123	
208	201	61	253	15	205	85	164	207	53	38	18	46	153	36	66	162	51	109	64	66	45	35	177	195	251	80	19	50	24	69	107	
139	184	177	216	233	253	185	223	175	89	148	125	188	159	100	174	207	59	255	21	147	79	242	241	223	89	30	250	158	140	139	255	
90	91	54	158	61	214	127	244	189	204	222	167	236	254	167	228	254	253	191	231	205	145	171	237	183	247	175	131	6	63	61	127	
226	190	97	69	204	7	205	63	19	170	184	206	3	41	213	23	77	164	87	172	233	126	213	154	62	156	149	180	125	232	82	189	
109	54	241	82	233	127	87	152	115	255	61	124	90	245	207	190	151	92	244	58	145	116	250	66	79	223	101	191	202	247	78	119	
86	95	126	174	52	194	127	240	189	204	218	167	111	255	39	64	254	253	191	227	204	145	129	238	178	245	175	131	45	183	125	91	
43	173	229	85	180	159	252	55	87	187	118	208	177	47	148	175	77	62	119	140	253	248	117	158	47	254	244	128	207	232	192	156	
22	103	107	160	180	83	95	89	21	236	149	239	67	79	243	69	94	248	157	247	248	131	41	172	250	209	173	249	182	191	180	113	
211	204	47	159	140	215	173	239	212	82	198	18	112	228	54	109	121	230	58	175	121	221	61	255	177	42	223	0	21	56	240	108	
108	180	245	85	249	127	113	27	123	187	183	56	222	253	204	63	147	92	236	56	51	112	251	30	95	255	113	118	194	225	71	163	
121	32	230	101	87	62	241	83	117	238	246	26	11	33	150	190	104	140	238	168	188	250	229	138	215	239	240	1	231	236	126	236	
35	95	97	77	116	19	175	244	93	224	90	230	225	72	181	164	126	108	22	239	197	176	101	239	36	30	171	128	95	191	80	189	
73	0	223	241	228	184	105	23	125	13	118	16	157	3	148	253	230	47	174	24	147	156	161	192	70	251	242	192	198	192	201	169	
139	184	50	216	237	189	185	215	143	91	244	127	188	222	230	238	239	59	223	145	151	111	50	243	31	89	62	234	222	76	169	223	
141	71	99	191	212	123	231	216	84	102	93	218	113	229	187	165	59	106	2	110	225	150	44	63	117	79	37	160	55	255	212	224	
227	191	193	197	236	39	76	187	19	242	184	206	19	33	213	23	77	196	77	188	233	110	213	154	174	156	133	188	189	248	82	60	
75	185	244	213	175	147	188	55	87	243	214	230	168	56	214	102	103	246	250	137	133	120	247	220	110	126	215	146	175	236	217	45	
151	132	197	213	150	34	236	191	117	243	247	214	209	35	156	111	127	198	127	172	185	220	109	206	44	42	247	196	175	228	248	213	
124	86	204	165	8	14	79	56	48	166	231	141	83	99	19	91	116	196	125	238	72	212	217	10	246	239	229	148	40	243	112	82	
211	82	245	244	42	28	92	28	171	222	182	253	238	159	199	127	231	213	253	134	236	71	227	192	146	250	222	158	46	244	99	95	
185	12	225	111	84	59	231	62	84	226	242	82	83	33	145	121	121	206	38	170	169	254	101	46	52	239	240	4	245	249	112	168	
37	191	40	191	252	175	243	248	86	44	121	13	243	232	58	0	221	106	23	127	158	178	122	63	236	141	35	104	221	43	82	195	
232	253	55	246	233	205	85	183	171	248	170	9	190	191	64	151	132	119	253	64	105	121	178	189	255	217	85	51	66	28	199	123	
88	189	55	254	211	205	53	231	173	77	40	9	46	255	34	17	164	51	249	0	114	203	178	253	251	243	30	59	2	4	167	91	
83	184	135	186	137	172	12	199	171	83	130	93	174	182	64	223	165	231	120	149	23	73	146	241	153	118	94	122	136	68	131	92	
56	253	122	110	112	143	127	247	112	140	124	12	115	115	34	16	62	250	7	106	72	186	24	63	123	205	37	97	99	146	238	187	
92	86	204	229	0	14	111	56	49	174	239	140	211	103	129	90	118	212	109	238	72	212	249	10	245	175	229	132	32	243	102	112	
220	79	110	165	4	14	79	176	52	174	198	135	247	39	19	83	116	228	125	238	104	148	89	46	241	171	231	144	32	187	116	112	
169	76	229	215	68	43	237	182	84	51	247	82	243	33	157	105	123	238	54	138	169	244	101	170	68	235	240	128	231	249	80	168	
11	160	253	241	237	252	121	159	255	251	246	18	189	187	222	238	239	79	126	156	151	220	251	209	79	251	223	236	142	204	201	237	
172	204	127	211	100	138	237	177	125	19	119	82	243	97	152	63	107	138	119	10	241	244	109	231	102	250	246	64	103	153	192	160	
9	182	149	155	188	251	57	159	62	121	95	244	221	182	202	236	87	31	254	24	183	216	239	215	204	119	255	228	158	204	137	245	
172	141	126	251	244	136	123	144	253	16	119	18	253	67	185	89	123	235	23	218	178	244	104	238	110	187	166	192	228	155	97	161	
229	180	213	119	252	47	214	171	123	187	57	88	222	249	77	62	155	94	108	58	50	112	219	26	175	222	69	118	192	234	67	163	
234	176	177	152	237	253	185	223	171	127	180	29	188	191	94	191	207	19	255	21	147	79	242	241	223	89	30	254	146	76	135	251	
69	116	220	101	52	15	103	152	104	234	127	108	215	112	217	50	22	76	92	110	229	244	221	8	228	189	37	4	76	243	75	145	
56	141	106	238	148	131	238	247	87	1	254	2	115	233	176	64	120	170	23	184	250	187	8	191	250	239	166	192	247	138	240	136	
215	19	111	206	236	15	111	248	237	252	183	126	90	74	191	115	110	196	127	239	249	231	63	220	248	42	225	148	61	169	112	117	
94	123	122	228	119	94	126	240	173	204	254	39	111	223	39	208	254	253	255	226	205	147	176	236	178	253	175	131	47	183	111	95	
73	217	85	102	57	14	70	176	233	8	186	108	255	115	128	246	134	244	108	106	73	41	217	45	160	248	37	144	106	178	74	57	
204	122	253	118	32	126	95	176	177	254	54	108	255	119	203	251	7	117	253	106	225	68	187	42	195	251	101	132	42	243	7	113	
87	49	251	65	195	125	57	219	111	101	38	28	25	22	71	60	53	155	226	156	151	24	53	82	95	205	16	100	235	132	135	118	
57	205	103	222	148	146	79	247	213	64	222	66	115	225	180	228	120	238	62	168	249	187	44	255	250	239	166	192	55	234	240	108	
70	221	181	151	139	112	63	140	158	183	131	179	236	246	107	207	215	87	251	243	118	69	239	227	169	114	223	223	148	119	165	126	
83	185	151	186	139	229	4	199	171	83	128	29	174	246	98	222	231	227	252	21	31	75	218	241	153	82	94	122	152	68	163	94	
139	185	20	155	185	132	57	175	158	25	212	116	188	150	160	229	205	59	191	144	51	72	195	247	173	179	190	202	154	0	137	187	
215	211	117	244	46	30	92	57	173	126	151	255	79	31	158	119	102	149	125	238	253	69	119	204	146	250	203	150	46	172	240	85	
49	141	213	93	200	39	204	191	87	179	176	210	1	43	213	63	77	198	38	136	253	250	69	158	46	222	213	196	255	248	226	140	
2	179	177	187	253	237	177	207	158	121	25	125	156	188	72	202	135	27	255	17	147	120	203	209	141	20	63	254	148	76	149	251	
29	119	110	239	60	55	203	248	229	232	253	102	91	89	187	100	126	205	95	251	141	163	61	204	242	205	171	148	255	251	96	53	
123	187	151	186	235	157	20	199	171	113	168	221	174	230	64	158	135	227	236	21	31	75	218	241	152	210	93	122	202	84	139	29	
30	93	122	229	50	94	127	240	45	172	254	131	95	127	179	112	62	253	159	234	200	145	41	238	247	237	47	129	39	179	39	243	
167	71	66	158	245	176	110	208	185	10	93	214	108	194	186	213	115	234	23	238	97	151	8	255	52	48	170	168	46	215	187	132	
27	140	71	223	22	146	107	119	181	67	94	214	121	231	178	228	127	171	63	140	237	157	36	255	190	239	186	192	47	132	185	124	
13	207	135	151	228	34	175	188	148	183	91	214	220	98	185	203	93	71	34	254	113	208	79	106	44	39	239	132	140	243	169	176	
159	77	67	168	214	33	110	235	29	74	88	251	92	248	185	229	127	203	23	239	243	23	4	215	176	4	175	238	61	124	185	161	
33	141	141	85	228	143	237	55	94	191	106	84	176	58	20	59	201	102	114	8	241	248	113	78	45	62	213	0	192	232	192	168	
36	141	98	158	212	131	166	104	86	0	89	2	96	232	48	64	120	106	2	195	210	186	10	255	48	38	131	8	85	43	112	128	
65	133	229	213	172	58	237	191	236	242	186	212	241	45	156	239	15	70	126	173	241	248	111	237	174	58	247	196	174	240	209	109	
6	141	2	158	212	131	174	99	150	0	89	2	96	234	48	64	121	106	2	195	114	186	8	255	48	38	142	136	21	106	176	136	
211	233	151	154	139	197	5	199	175	81	128	25	174	246	96	254	225	243	248	209	31	79	186	243	185	16	95	122	144	84	167	126	
142	179	181	179	253	237	185	223	159	125	17	125	156	188	72	139	135	27	223	17	179	120	202	209	141	17	63	254	152	76	143	243	
195	80	253	212	110	60	253	30	171	255	179	253	156	190	215	123	231	213	125	135	225	71	243	192	150	58	254	190	140	244	67	125	
139	176	184	250	237	253	185	223	175	91	180	29	188	159	118	191	205	27	223	21	183	79	242	241	143	89	158	250	154	140	139	223	
99	157	191	85	124	142	237	55	254	171	122	84	176	56	20	98	205	119	122	137	225	248	209	78	45	62	214	0	200	200	208	188	
165	4	237	215	228	43	233	146	117	51	119	82	243	97	153	109	123	238	54	136	169	244	109	163	68	170	242	128	229	249	80	160	
0	156	159	213	245	206	117	103	184	203	110	16	62	183	36	49	161	62	51	8	113	248	16	111	125	63	84	2	64	72	211	171	
197	113	29	101	32	110	119	24	104	234	55	108	223	117	137	59	150	85	124	122	161	244	233	12	196	251	101	132	200	243	67	49	
140	204	127	243	228	168	237	176	253	18	119	16	255	99	153	123	107	232	110	106	243	244	107	231	70	251	246	196	231	249	65	161	
70	212	164	159	169	16	158	172	142	187	131	231	236	246	109	207	213	87	253	243	122	69	219	224	169	118	223	223	156	119	141	55	
57	32	228	101	213	122	240	87	117	101	246	50	11	25	150	126	104	158	239	8	156	188	229	128	87	251	208	3	231	204	254	206	
252	85	79	231	4	14	111	56	53	174	230	68	115	103	17	83	112	228	125	238	104	148	113	46	245	171	225	0	40	187	116	120	
219	171	134	186	137	188	92	199	171	25	128	93	174	178	66	222	133	231	252	149	31	75	146	243	153	118	94	123	138	68	139	15	
32	223	123	79	116	207	111	247	117	13	124	96	115	117	180	52	126	250	6	104	251	186	32	63	111	143	36	192	115	138	230	185	
72	0	178	249	229	184	120	23	253	25	118	20	175	163	166	252	131	43	166	28	54	156	34	193	198	251	82	67	138	196	201	141	
60	191	41	175	188	175	195	248	86	172	217	77	247	225	24	0	93	74	95	111	250	176	89	63	237	143	37	116	112	171	87	225	
229	176	140	179	141	109	81	11	30	119	133	29	214	115	74	91	145	2	121	21	62	68	219	19	205	215	217	117	152	72	216	82	
169	45	129	225	205	207	100	23	66	250	40	8	176	23	81	182	137	46	82	28	65	24	208	154	45	221	149	52	26	88	82	184	
213	87	74	136	246	176	103	218	84	66	222	246	49	200	190	96	118	200	14	238	231	183	38	127	114	45	163	200	61	153	248	149	
80	136	46	222	141	211	229	231	212	150	198	2	112	240	50	111	105	230	122	139	120	255	63	253	209	43	223	1	145	120	244	46	
61	125	123	111	118	75	127	112	113	200	125	34	123	95	177	48	62	248	22	106	233	178	44	12	118	205	33	128	103	187	102	225	
148	6	30	185	138	98	188	47	188	23	143	145	197	42	35	75	227	19	106	163	52	197	11	86	193	163	126	5	144	113	173	2	
210	159	202	133	210	36	180	103	48	37	74	151	5	38	66	66	111	223	35	133	57	152	149	98	189	36	158	66	173	72	185	148	
2	82	85	139	106	10	188	61	12	50	115	231	100	10	173	75	54	21	46	35	199	244	13	93	20	34	122	134	124	154	129	29	
71	123	215	167	58	136	56	8	171	213	179	229	173	198	201	82	166	117	127	212	135	9	159	192	156	180	15	218	140	131	35	85	
140	204	126	251	252	138	127	184	191	146	53	18	253	195	253	91	127	193	23	250	226	196	42	239	110	219	231	196	100	185	97	161	
173	207	230	157	197	123	175	254	214	82	92	186	217	101	187	175	121	74	178	106	241	212	47	59	108	15	247	133	151	253	253	224	
188	103	122	96	118	219	87	112	113	44	253	42	27	95	179	49	62	184	149	106	232	178	96	158	242	201	33	185	119	155	70	163	
58	32	228	69	95	123	208	71	85	229	246	27	11	45	22	44	104	156	255	149	188	250	245	140	87	251	208	19	231	140	222	198	
130	241	34	152	207	193	188	239	30	87	80	147	172	222	110	0	255	27	147	129	82	26	18	211	45	20	158	239	21	28	181	218	
35	93	99	69	84	31	239	240	77	224	122	198	241	72	181	164	124	104	18	239	193	176	117	237	36	30	131	128	95	191	80	252	
131	180	44	19	157	245	161	135	222	91	5	48	160	156	94	239	201	26	218	145	183	77	126	247	13	82	222	231	152	68	159	254	
161	63	8	201	140	23	204	159	86	226	172	206	145	3	209	164	77	140	66	188	235	46	85	154	36	221	135	124	91	248	106	188	
67	156	181	215	172	190	237	191	238	123	158	244	253	46	156	238	135	71	126	156	147	201	111	247	142	190	127	212	142	192	129	125	
7	72	234	11	26	149	202	200	87	65	108	134	96	204	191	36	63	136	2	220	135	161	61	127	42	62	1	74	253	151	104	212	
134	140	130	155	148	166	174	199	62	131	67	18	104	226	32	72	123	43	51	144	50	156	24	254	45	38	159	64	148	64	177	128	
218	139	126	188	107	192	157	103	191	4	208	163	44	238	34	81	238	179	239	129	118	11	130	255	240	99	218	171	53	4	173	91	
166	12	130	158	213	229	166	71	22	131	65	18	32	248	52	72	249	106	2	145	50	190	26	251	25	30	158	11	209	120	244	130	
2	141	2	159	84	130	174	99	148	130	90	2	104	226	32	64	120	107	51	194	114	154	10	255	56	38	142	128	21	106	161	136	
235	176	177	248	237	253	89	223	171	123	181	29	158	191	94	191	141	147	255	21	151	75	250	209	223	217	95	254	154	76	207	255	
111	126	249	86	227	124	127	144	57	238	118	236	121	127	223	190	55	221	183	206	129	212	253	226	86	127	101	162	239	247	70	125	
23	143	70	152	230	18	236	235	188	30	80	230	12	226	191	221	123	9	22	172	84	211	38	205	50	42	255	141	181	116	123	197	
167	120	127	67	70	222	185	68	237	212	102	134	19	12	149	43	46	52	82	124	225	245	52	72	15	8	68	4	101	186	87	252	
97	121	233	76	108	204	69	150	234	130	104	8	179	153	21	122	192	250	121	72	203	10	242	41	87	188	144	56	88	18	82	42	
0	210	221	175	106	42	161	60	12	138	122	229	244	32	137	202	6	85	238	1	193	240	195	41	4	166	122	128	76	42	9	153	
79	122	249	118	99	126	127	152	57	238	118	237	254	127	203	254	151	245	245	110	197	84	187	234	70	255	101	143	174	247	14	115	
181	121	127	97	142	15	185	192	76	224	98	146	81	28	21	43	110	113	114	127	229	244	55	12	93	10	79	80	229	185	81	164	
29	199	204	66	202	51	95	249	18	182	173	175	95	103	203	27	55	215	197	190	120	66	47	56	250	131	109	188	191	243	131	112	
75	125	135	149	53	140	173	55	174	232	78	68	188	181	16	230	164	63	251	13	193	217	177	239	101	63	30	0	10	20	17	184	
160	172	144	154	205	237	148	199	158	31	96	24	164	248	97	9	201	122	163	17	50	110	210	179	13	22	94	107	208	72	247	138	
2	141	2	158	84	162	174	102	182	130	90	2	104	234	32	64	120	107	51	194	50	154	2	255	40	38	158	136	21	89	49	136	
250	169	192	56	137	249	88	71	187	23	164	153	46	175	66	159	137	131	237	144	62	79	242	211	219	209	212	123	163	196	206	78	
92	201	174	206	13	210	228	200	230	17	206	2	96	240	120	198	104	228	106	201	8	235	155	225	211	35	199	25	145	58	124	42	
218	252	147	154	153	213	16	198	191	83	128	24	174	214	100	247	225	243	248	145	127	79	154	243	185	80	159	123	146	4	175	14	
215	97	83	160	26	137	107	72	173	224	169	137	175	198	67	84	182	161	93	246	75	7	180	216	176	220	11	122	37	131	35	68	
26	143	98	156	219	193	189	103	151	5	216	163	44	175	178	196	110	187	131	133	82	11	38	255	120	4	158	235	55	12	181	202	
10	16	226	113	213	248	112	7	125	69	246	21	138	12	22	220	234	175	239	149	158	184	245	193	7	251	146	67	231	204	222	222	
86	243	140	166	168	18	30	168	142	168	139	229	213	254	73	66	213	85	125	243	77	65	203	49	186	231	239	253	156	115	9	19	
11	146	146	218	241	180	56	199	191	31	116	16	172	154	110	252	167	59	183	20	182	13	18	243	15	126	30	203	154	68	169	143	
197	114	253	101	32	78	111	48	120	234	55	96	223	55	137	59	182	85	124	106	225	244	185	72	197	251	101	132	64	179	3	49	
252	108	140	101	12	110	71	24	48	230	231	12	83	115	65	91	88	196	121	126	41	214	217	8	247	235	197	52	168	243	82	114	
5	255	61	237	60	175	67	186	118	172	42	76	247	113	1	0	153	110	93	127	139	184	121	63	237	221	37	116	208	251	82	233	
210	185	27	220	75	221	52	103	191	67	228	26	60	255	36	48	162	187	243	0	83	43	178	255	51	181	86	43	16	0	175	187	
82	235	114	188	75	192	29	103	191	7	220	163	44	207	34	212	238	187	175	129	90	11	130	247	241	118	154	171	55	4	167	255	
32	223	122	75	244	139	111	247	117	13	124	228	51	103	176	52	95	122	6	72	242	186	96	127	110	142	52	192	127	136	230	249	
245	85	143	231	4	14	111	56	48	174	231	76	243	115	9	83	80	196	125	110	105	146	249	12	245	235	225	16	40	179	116	120	
133	4	255	215	180	42	233	27	127	219	119	80	251	99	157	111	67	78	126	24	179	244	111	194	206	190	119	68	198	233	209	161	
140	68	127	255	108	11	253	184	191	154	53	18	253	207	253	107	111	81	127	234	224	69	43	254	78	155	239	140	84	185	97	161	
140	204	253	251	100	40	237	184	255	18	119	16	255	227	153	123	111	200	110	106	225	244	107	242	78	187	247	132	247	249	65	161	
95	237	228	213	143	18	142	174	239	246	142	162	200	230	215	230	99	70	252	252	244	73	239	226	186	126	207	159	134	244	249	108	
40	172	181	59	157	249	145	143	206	23	168	24	174	184	68	174	129	19	234	17	22	105	250	181	137	214	20	123	208	76	135	46	
111	251	225	71	98	24	254	240	105	236	118	238	104	108	215	182	38	237	246	206	197	114	174	224	54	120	103	170	79	183	75	253	
21	30	110	53	166	50	109	191	116	86	86	231	5	33	179	77	55	134	13	173	228	208	21	12	242	107	255	132	237	240	249	81	
215	86	111	149	166	46	109	178	52	246	214	247	83	109	159	11	55	230	77	174	232	213	53	44	242	43	241	128	37	241	244	113	
134	182	124	81	159	121	180	142	218	23	37	178	192	253	78	47	39	90	203	50	182	101	190	247	79	91	87	127	195	93	221	246	
8	19	221	143	102	32	161	25	14	201	91	231	244	74	204	202	214	27	39	17	147	144	79	64	12	0	58	192	156	202	145	153	
53	142	105	136	212	6	237	255	84	86	196	199	17	32	183	73	125	136	2	173	250	234	117	29	96	43	215	12	181	252	112	248	
9	143	164	93	141	55	172	191	214	179	142	130	136	32	215	239	73	102	234	136	240	232	103	202	111	127	215	21	211	252	216	172	
134	180	148	152	252	167	184	232	159	186	184	43	204	254	109	9	223	121	255	49	34	99	138	223	28	30	79	254	148	108	3	147	
151	70	76	155	174	34	174	164	220	118	131	246	209	98	191	75	243	71	42	183	244	197	77	62	224	34	254	197	156	83	185	193	
6	199	140	147	174	51	190	172	158	179	155	247	229	106	223	11	251	67	123	247	52	193	75	224	174	3	255	215	140	123	153	133	
93	241	146	38	138	4	30	153	34	201	139	236	223	242	203	34	182	213	108	247	223	1	143	96	248	229	47	220	168	51	169	17	
91	21	100	68	186	58	94	51	237	196	191	181	75	62	151	119	134	247	221	38	189	193	101	206	98	121	4	146	166	246	196	117	
50	171	229	136	76	83	200	251	71	244	160	207	3	44	211	134	77	136	194	181	141	42	119	152	30	84	197	125	255	172	126	220	
153	155	150	165	176	82	51	53	37	77	222	244	207	55	130	230	70	124	140	44	189	152	37	142	234	247	38	198	174	164	173	117	
126	163	228	72	202	3	221	248	3	212	172	205	89	103	95	158	31	209	249	252	218	3	207	80	122	79	69	188	247	246	2	241	
75	183	216	165	242	26	60	183	56	109	94	245	221	39	138	208	55	31	245	45	245	152	229	79	238	247	62	197	44	196	139	217	
134	237	148	147	252	169	190	204	190	19	89	16	236	234	89	75	243	75	123	83	114	84	203	243	44	22	79	236	132	115	129	129	
212	112	189	227	44	47	67	152	34	190	131	28	215	23	73	27	145	68	121	126	40	84	249	0	205	139	101	52	128	123	86	98	
36	93	57	237	52	175	227	178	84	172	250	68	215	113	49	0	216	108	23	127	137	176	121	62	237	221	39	20	80	251	81	225	
107	251	234	4	118	25	190	244	107	236	180	239	8	140	214	150	190	205	215	231	197	115	172	232	62	89	175	191	111	190	95	221	
111	120	235	86	102	24	255	148	121	206	118	174	121	109	223	190	126	221	183	206	197	246	175	224	118	127	245	130	111	247	122	253	
116	164	184	163	136	109	81	9	114	179	45	24	215	53	74	26	145	30	105	48	26	96	219	16	201	199	117	125	192	75	135	34	
76	231	144	166	251	0	79	184	35	164	9	169	238	227	73	84	87	204	173	250	90	18	203	241	252	212	141	236	182	183	6	3	
110	253	210	66	211	216	38	204	59	1	109	104	104	243	204	244	49	222	162	218	83	26	138	227	63	60	21	111	131	215	234	172	
197	116	189	101	32	46	125	24	120	242	39	92	223	119	201	59	151	85	124	122	161	212	185	74	199	251	101	4	192	243	67	49	
118	201	50	174	29	197	18	204	207	4	136	8	166	208	96	84	216	240	232	67	74	43	154	179	185	244	143	59	16	42	124	14	
61	101	83	234	87	71	78	104	49	128	225	11	123	79	49	145	120	169	21	238	76	178	24	156	243	201	129	33	99	179	106	194	
130	144	242	155	229	248	248	7	255	85	118	149	172	142	126	89	131	43	167	149	54	188	50	241	15	122	26	75	198	12	205	222	
132	68	255	247	100	42	105	154	255	146	119	16	223	227	217	127	107	76	110	138	161	244	239	114	206	187	119	4	198	249	65	161	
42	143	98	156	215	145	175	103	23	12	88	231	41	175	182	196	78	171	151	133	90	154	70	255	62	20	154	235	55	140	180	205	
69	132	189	213	188	46	237	159	239	203	191	80	223	115	156	110	135	6	126	24	179	233	171	198	205	255	119	212	194	192	193	33	
253	116	157	103	12	110	71	24	96	166	167	8	211	113	73	59	216	196	120	110	105	230	249	8	227	235	197	20	72	243	82	112	
65	141	169	71	188	12	239	191	239	233	190	64	243	169	212	102	210	70	124	72	217	41	239	225	235	253	39	216	198	250	209	105	
16	93	63	165	49	207	103	246	252	236	110	4	246	209	33	64	176	112	90	106	97	185	48	62	225	205	5	16	72	59	7	122	
16	253	90	252	82	193	181	103	190	5	236	163	61	254	32	112	162	187	147	128	70	139	178	127	241	229	62	139	49	0	167	219	
33	223	122	91	116	139	239	247	127	77	124	228	49	103	180	52	95	42	22	12	243	184	101	127	110	142	52	192	127	154	194	185	
89	173	177	234	180	156	79	191	123	105	90	76	191	254	208	240	151	239	29	29	219	26	232	191	185	253	47	232	142	130	131	121	
229	85	29	111	44	78	71	184	112	170	231	76	211	119	9	115	80	196	124	110	233	146	249	12	229	187	225	20	0	179	82	48	
16	93	59	229	52	207	103	246	124	200	106	0	182	177	33	64	240	124	27	104	65	185	49	46	225	189	39	0	88	58	69	251	
162	126	254	81	226	234	180	215	186	190	116	243	20	191	231	27	227	127	55	16	100	93	160	98	118	43	127	135	165	240	215	203	
235	188	148	184	137	181	80	199	155	19	160	25	46	186	98	159	201	187	251	17	62	79	210	241	155	83	92	123	154	68	138	14	
79	69	194	206	195	48	126	134	35	7	79	138	76	227	202	222	119	214	186	142	20	18	159	225	54	118	212	11	174	247	184	4	
2	149	16	153	255	197	188	239	30	27	88	50	140	254	104	64	247	27	147	129	82	26	10	215	13	22	158	238	144	72	161	147	
110	159	210	78	211	56	118	143	43	3	111	168	72	243	206	220	55	222	162	218	19	26	138	226	62	127	20	79	130	215	234	4	
130	52	148	140	124	39	152	107	159	184	176	58	140	190	101	9	223	29	255	49	48	111	131	222	152	30	91	190	148	44	33	155	
2	221	34	159	95	196	188	239	158	93	88	163	172	254	38	65	239	123	179	193	66	26	146	245	53	52	222	171	21	28	181	219	
166	183	160	145	213	237	176	79	30	253	89	191	140	188	102	8	221	27	147	145	182	90	90	210	13	20	159	239	213	76	151	211	
198	236	148	151	236	137	174	232	190	147	16	2	236	234	89	75	115	107	123	211	98	84	202	243	60	22	207	236	132	122	33	128	
29	199	132	183	140	34	142	168	150	247	131	199	213	106	91	11	253	71	104	247	252	193	95	160	232	195	239	85	140	123	185	64	
237	113	21	103	32	14	79	184	33	168	179	104	211	113	137	183	16	212	124	106	105	240	217	40	164	249	101	148	106	187	82	49	
223	84	245	214	44	36	157	152	155	250	183	120	220	127	221	111	199	85	125	175	225	71	235	224	211	251	251	158	6	241	101	115	
132	173	148	153	248	169	46	232	190	19	88	0	236	226	105	65	243	107	106	114	50	68	202	247	44	22	79	108	144	113	3	128	
167	221	112	90	93	157	182	232	95	68	125	15	104	248	118	160	155	107	146	71	198	58	62	247	46	30	5	107	95	31	91	206	
27	81	106	205	118	26	251	120	101	192	94	166	121	95	183	228	126	252	183	238	205	177	37	204	118	125	163	128	39	175	120	117	
60	71	114	229	116	75	83	120	117	236	255	47	91	1	139	16	122	204	7	110	104	178	105	142	246	237	33	20	99	191	102	195	
6	60	176	145	239	229	184	75	30	251	89	191	172	252	71	8	207	27	147	145	146	90	202	210	13	20	159	175	132	77	23	211	
39	179	97	11	254	21	234	216	75	121	89	238	72	76	222	172	94	8	150	255	151	50	111	208	14	24	169	238	223	143	88	213	
2	152	176	147	101	236	184	7	191	93	82	55	172	156	86	72	239	59	191	17	146	252	210	229	15	54	218	195	197	12	149	219	
32	165	49	73	221	205	81	159	67	53	45	8	18	17	72	52	25	26	66	24	18	58	123	23	111	156	20	126	210	138	198	234	
66	48	148	140	124	39	184	71	31	169	210	58	140	62	64	73	206	31	255	145	48	255	193	212	28	22	90	250	148	12	161	137	
33	201	115	76	93	197	199	230	71	4	236	0	50	213	180	52	72	58	2	200	75	170	114	189	37	156	132	72	83	154	246	172	
125	71	92	103	180	30	70	184	97	168	191	72	83	97	153	183	28	196	108	110	233	178	205	46	178	239	101	20	107	251	74	0	
130	144	178	154	245	248	184	3	191	93	113	21	172	222	126	89	131	59	179	17	54	109	50	241	15	50	90	75	208	4	229	223	
196	164	132	149	124	9	168	235	190	146	80	2	236	234	73	66	123	75	106	176	98	84	202	219	12	22	207	44	132	104	33	128	
16	111	63	237	50	194	63	103	180	4	254	163	183	151	33	80	118	187	207	192	104	153	33	127	241	229	46	129	33	144	37	107	
33	223	113	75	116	139	239	255	127	65	126	228	177	71	180	36	127	42	22	204	211	184	101	127	108	30	182	192	95	154	194	185	
73	165	185	232	244	158	75	191	127	105	126	76	191	191	216	240	151	142	20	28	155	154	233	63	254	255	54	236	190	128	208	121	
93	133	185	227	188	46	105	159	127	235	191	80	223	243	220	104	151	70	124	24	187	57	235	214	235	255	55	212	194	200	193	33	
245	81	29	101	36	78	103	56	112	234	231	0	211	119	9	115	208	212	124	106	105	244	249	12	229	235	101	20	104	179	66	48	
132	4	253	255	172	42	233	154	255	187	55	80	223	227	217	123	103	70	126	26	161	229	235	226	206	251	119	132	194	225	65	161	
205	52	189	117	168	110	121	24	250	250	167	24	223	55	73	59	133	85	124	58	33	228	249	66	207	251	117	20	192	225	71	112	
197	60	189	247	172	44	185	154	254	187	183	112	221	255	221	107	199	119	127	10	161	101	235	224	198	251	123	188	134	241	97	161	
130	221	32	158	223	197	190	238	158	89	88	55	172	254	36	64	237	123	147	193	98	10	90	247	61	52	158	171	21	29	181	219	
38	191	160	147	253	237	188	199	30	253	88	191	140	188	102	8	141	59	147	17	178	90	74	247	45	22	159	235	148	76	151	211	
34	207	96	158	125	217	190	236	223	85	88	139	104	204	63	0	201	235	179	71	230	58	110	255	63	30	159	235	85	31	93	222	
34	239	96	155	253	217	182	236	223	117	88	15	168	236	126	0	249	107	131	87	214	122	46	247	47	30	159	107	85	31	223	222	
110	237	210	82	219	145	118	232	59	177	44	40	104	242	207	180	187	218	162	218	87	82	138	243	63	28	133	111	131	87	106	164	
46	89	115	76	95	91	66	122	87	160	252	234	10	149	181	180	126	252	134	106	201	186	101	222	55	92	1	62	119	189	110	180	
