兰蔻空气轻垫柔雾唇釉	#272 桃桃乌龙	http://www.lancome.com.cn/on/demandware.static/-/Sites-lancome-master-catalog/default/dw67a8d73e/images/LAN_PRO_IMG/Product Set/LAN00396/L6985800U.png	http://www.lancome.com.cn/dw/image/v2/AARM_PRD/on/demandware.static/-/Sites-lancome-master-catalog/default/dw0b90a8d4/images/LAN_PRO_IMG/Product Set/LAN00396/L6985800U.jpg?sw=490&sh=490&sm=fit
201	159	219	174	242	8	127	183	48	74	122	244	245	247	192	80	54	127	61	238	241	24	161	43	252	229	46	136	44	240	165	121	
134	4	130	153	148	162	168	67	62	131	83	18	76	194	40	72	123	43	2	144	50	148	0	214	12	38	155	196	148	64	177	128	
132	13	2	158	20	131	174	224	150	128	89	2	96	234	33	64	120	106	2	194	98	186	10	255	48	38	135	8	21	123	48	128	
6	4	130	153	212	163	170	71	22	131	91	18	64	202	40	72	121	40	2	144	50	182	0	206	8	6	154	192	149	104	176	128	
6	13	2	159	84	162	174	98	180	130	91	2	104	234	49	64	122	107	19	195	96	154	10	238	56	38	143	128	21	123	49	128	
164	13	2	158	84	131	174	96	22	128	89	2	96	232	49	64	120	106	2	195	96	186	10	255	48	38	131	8	85	123	48	128	
126	185	224	2	223	209	214	205	195	229	173	143	10	204	95	150	248	206	201	246	158	43	252	236	59	93	133	127	231	31	222	86	
131	168	224	147	230	177	188	207	62	115	80	151	12	174	94	8	63	91	147	149	182	222	175	243	30	30	158	230	133	84	179	221	
36	36	130	136	212	163	162	79	22	131	120	18	0	202	41	72	121	40	2	176	16	182	0	194	16	6	146	12	149	90	176	128	
57	141	106	110	84	162	239	123	245	64	255	2	115	233	180	112	120	238	22	234	153	187	36	63	114	239	160	192	119	170	240	168	
131	168	224	211	230	176	188	199	59	115	84	151	40	174	214	40	63	219	183	149	150	126	174	243	30	30	223	234	197	212	211	221	
34	221	38	158	111	193	190	226	136	84	120	171	172	254	39	3	238	123	179	195	66	58	154	253	53	48	207	171	85	127	55	219	
29	12	107	203	214	178	235	119	117	65	222	198	121	238	182	100	127	174	22	189	185	185	37	255	126	111	162	192	191	202	241	244	
2	220	189	191	172	175	173	191	62	123	154	113	245	63	16	104	199	87	127	9	211	204	91	119	205	182	126	212	156	80	129	59	
217	205	106	199	22	154	111	240	117	96	223	130	121	111	183	116	126	238	31	239	233	144	109	255	246	239	175	128	39	178	115	248	
2	125	18	159	239	133	182	230	142	154	88	2	172	254	97	67	238	123	147	67	66	59	146	249	37	16	78	170	16	121	33	139	
56	141	106	234	212	179	107	127	117	1	254	2	115	107	176	96	120	170	23	184	154	187	37	255	250	239	162	192	183	202	240	160	
2	181	162	145	245	245	188	199	159	95	88	19	140	190	126	8	239	27	147	145	54	250	48	194	47	20	158	231	149	92	181	223	
134	109	18	155	237	173	182	226	140	154	88	2	172	250	97	67	239	107	19	67	64	59	130	232	45	16	78	170	16	123	33	137	
102	93	118	222	223	198	190	96	137	202	217	43	104	252	55	34	238	247	211	195	224	171	154	238	51	62	143	139	5	127	55	215	
130	149	54	153	245	231	188	71	156	95	90	19	140	190	108	73	239	27	147	145	50	158	16	210	45	22	158	207	148	76	181	211	
93	29	147	231	176	14	79	185	38	168	139	64	255	243	193	242	20	116	124	106	89	137	217	42	233	173	39	156	138	243	129	49	
56	172	66	169	212	163	98	95	23	33	250	2	43	203	48	64	121	170	14	176	26	187	1	191	186	205	163	64	183	202	240	128	
159	121	118	229	38	155	250	176	239	224	126	163	73	223	215	102	182	253	181	255	204	240	167	236	238	249	175	130	39	167	81	85	
151	161	107	175	84	162	175	112	84	64	89	195	81	237	60	96	126	235	23	239	209	186	44	207	116	46	170	128	53	107	241	240	
130	249	146	155	163	197	60	198	62	25	64	1	172	214	96	73	247	123	179	209	82	88	154	241	45	16	158	235	16	80	165	155	
202	125	118	237	44	22	248	30	143	200	126	163	109	159	245	102	134	253	245	192	194	253	163	217	226	249	185	138	55	148	65	95	
13	221	21	231	164	46	111	190	36	170	90	96	247	115	129	227	7	86	124	106	65	216	89	45	229	167	127	132	40	243	129	41	
59	53	244	239	253	183	218	94	27	233	125	57	15	191	214	60	158	223	213	20	158	251	170	217	203	221	187	246	135	199	195	255	
81	157	153	239	184	172	15	182	62	139	218	64	247	247	1	96	215	119	125	73	25	8	217	59	233	166	63	144	152	115	129	57	
178	64	82	228	38	9	206	68	45	32	242	10	43	10	53	16	122	129	95	226	72	183	65	204	178	216	130	176	101	154	82	8	
159	185	116	107	189	247	218	93	79	233	125	62	27	159	150	36	142	27	215	92	159	250	105	246	123	217	41	194	215	143	198	247	
131	151	109	159	226	26	173	55	124	91	95	244	245	38	150	101	39	7	55	141	241	156	101	71	36	42	250	192	12	196	145	253	
36	173	112	211	244	137	238	233	255	19	176	10	206	106	92	1	251	195	95	49	242	107	72	255	188	158	143	92	197	8	195	129	
161	175	87	89	244	143	167	247	126	136	120	96	176	211	132	36	127	106	2	124	243	248	76	127	44	14	39	64	73	137	195	173	
118	141	194	147	212	136	238	225	61	18	242	2	236	106	41	89	123	195	95	162	122	123	73	239	188	54	223	196	149	120	225	136	
186	177	246	237	44	131	216	63	159	249	92	179	205	255	116	34	190	189	181	133	216	216	131	213	138	251	223	206	55	132	131	221	
114	193	82	225	116	136	108	101	41	0	178	10	139	10	20	80	106	129	95	224	72	187	64	205	182	248	138	208	37	146	226	136	
36	204	64	159	252	137	238	229	157	35	248	10	234	104	28	17	123	194	95	35	104	51	72	255	180	62	199	124	85	122	211	128	
82	1	82	129	214	136	104	97	45	1	242	10	142	10	48	80	106	135	95	241	90	27	193	196	188	176	138	216	37	10	161	8	
11	213	102	237	60	22	254	62	111	72	92	167	249	223	182	100	214	253	181	239	206	184	175	223	98	253	174	138	55	150	240	253	
255	223	242	126	179	244	95	180	217	94	157	189	110	253	191	55	151	243	149	103	255	79	56	239	123	95	124	251	223	247	222	127	
134	36	226	145	198	162	184	69	190	195	83	151	76	238	124	73	127	189	179	149	176	215	134	194	28	14	223	196	133	100	177	209	
4	12	130	158	20	163	170	66	22	2	89	2	96	232	49	64	88	42	2	131	34	182	8	255	32	38	130	8	148	107	48	128	
24	69	35	239	20	131	239	125	84	128	219	66	115	97	185	64	120	168	31	234	201	177	41	191	224	228	166	128	55	250	176	168	
139	125	102	237	60	54	254	30	237	200	94	167	249	223	183	102	238	253	253	239	204	145	167	239	98	253	170	138	39	183	116	253	
191	191	112	106	177	247	91	223	27	205	29	189	14	221	255	52	159	59	149	117	191	10	56	190	107	221	45	255	223	199	158	215	
255	223	50	90	187	245	158	244	153	95	157	63	106	253	191	53	157	243	213	195	191	35	58	247	123	95	13	251	223	119	174	119	
56	188	126	122	211	239	115	247	115	11	236	24	127	255	0	17	183	187	213	48	58	251	58	63	251	223	52	67	226	192	230	155	
22	141	194	151	212	169	238	225	63	178	178	2	236	106	121	73	123	227	95	147	122	123	73	255	188	22	223	164	149	120	33	136	
44	125	58	103	48	207	119	176	117	136	127	8	255	127	1	48	148	126	93	106	200	176	57	47	231	255	32	16	98	147	66	171	
60	5	102	236	148	18	206	253	85	64	254	2	91	233	188	100	120	230	31	235	248	187	37	142	242	239	166	132	119	190	240	200	
130	216	18	155	236	133	184	207	158	25	80	51	172	222	96	72	239	59	179	149	18	92	66	241	12	18	158	234	20	12	161	155	
126	63	162	74	187	245	147	222	139	237	189	47	10	252	127	52	157	251	149	81	158	35	184	242	123	93	141	255	215	127	222	87	
2	201	2	157	84	131	170	71	54	1	90	2	40	202	48	64	120	41	19	193	66	186	0	255	52	38	154	128	21	8	49	136	
118	141	214	151	244	138	238	228	63	147	178	2	236	106	13	89	127	227	95	226	104	243	72	239	188	158	223	128	165	112	99	136	
126	59	226	14	219	117	150	200	139	253	189	175	8	252	127	30	141	211	255	209	158	35	186	240	59	85	13	191	215	127	126	87	
255	223	240	126	161	244	95	182	217	79	29	189	123	125	190	191	151	115	149	87	255	76	44	175	107	255	124	219	142	247	142	119	
166	248	160	154	79	197	184	200	154	245	145	191	140	222	79	11	205	25	243	211	70	86	218	240	29	16	219	255	21	29	23	215	
130	164	144	155	182	169	184	143	62	49	82	18	172	234	120	72	247	11	51	145	50	220	75	247	12	22	159	196	148	8	161	137	
126	245	100	74	207	81	150	232	139	212	141	143	72	220	127	23	233	211	217	243	206	99	186	241	123	81	141	255	247	127	254	86	
166	112	160	154	79	241	184	200	155	118	17	187	12	220	127	11	203	153	179	211	6	118	250	241	21	16	219	191	213	29	23	214	
246	237	22	190	221	131	70	236	151	178	160	10	98	233	45	211	249	245	107	226	104	99	154	253	185	178	69	59	49	59	242	10	
60	237	35	126	93	221	86	236	183	76	232	9	110	237	57	144	152	250	195	70	74	35	58	63	243	245	4	11	82	31	118	250	
32	249	127	85	164	206	165	247	108	154	122	96	244	115	132	59	174	119	118	106	209	248	51	109	109	170	118	128	73	114	195	185	
93	237	106	199	22	26	239	240	117	224	223	130	123	109	149	112	126	204	127	234	236	177	173	239	246	239	167	128	39	183	114	40	
124	205	198	231	212	2	78	252	149	128	250	2	67	169	52	82	120	204	127	227	104	251	137	174	178	239	196	128	103	251	240	136	
104	237	33	122	249	204	86	173	187	25	109	25	254	253	72	48	129	122	233	82	90	75	250	55	235	245	20	123	210	86	214	58	
110	181	128	115	249	221	22	151	147	185	140	24	174	181	72	180	205	122	209	16	91	90	208	179	175	213	28	115	218	77	154	171	
2	48	18	155	104	173	184	64	190	25	81	48	172	214	104	73	230	59	51	16	18	220	2	241	4	16	90	202	144	1	33	137	
220	116	157	247	136	110	87	152	176	182	131	24	215	119	73	91	129	212	109	114	104	69	251	32	209	163	101	20	160	115	134	98	
246	104	214	222	79	3	198	232	191	178	225	26	96	251	109	91	249	228	107	226	104	103	218	122	19	170	199	63	97	121	122	130	
5	236	143	101	144	47	111	254	182	11	250	212	85	103	169	16	61	81	126	236	49	133	59	127	237	143	47	196	200	113	163	176	
254	253	230	74	207	85	150	204	131	86	157	143	74	252	127	54	169	211	217	243	206	39	186	241	123	81	141	255	247	127	254	87	
33	207	83	73	246	138	231	191	124	0	122	96	115	65	140	48	58	58	6	104	243	184	5	63	44	174	37	64	101	130	194	169	
239	114	245	115	233	124	92	153	123	251	181	253	207	127	223	191	151	213	253	54	191	102	235	194	222	219	117	255	206	247	206	117	
2	24	18	155	100	141	184	65	190	25	81	48	172	218	96	73	198	57	51	16	18	156	2	241	4	48	90	202	144	9	33	131	
52	205	102	238	212	10	70	244	85	32	250	2	107	168	60	80	120	206	38	226	216	187	73	238	186	239	134	68	245	187	240	136	
230	98	224	146	237	113	248	200	203	246	145	187	72	204	127	11	203	201	243	215	134	103	238	224	30	24	223	239	213	63	126	198	
132	36	150	159	156	43	162	200	246	179	235	18	196	225	105	75	121	78	106	186	50	247	139	59	156	166	215	4	193	121	97	128	
27	13	104	207	118	179	239	121	61	64	95	130	249	110	150	96	62	187	31	239	225	144	45	255	246	77	171	128	55	162	17	241	
72	48	173	51	185	108	17	3	186	95	199	25	150	181	74	122	129	23	125	21	58	204	243	0	197	247	88	91	128	68	151	114	
74	173	46	50	129	221	117	167	175	127	14	25	190	189	66	82	161	58	249	17	94	217	178	53	207	119	84	115	2	68	158	122	
29	205	98	231	22	146	234	240	117	224	223	2	121	75	179	100	126	234	63	234	234	185	45	255	126	205	175	192	39	142	112	136	
97	191	155	255	240	142	107	151	50	137	122	232	55	247	193	112	54	255	22	88	187	154	216	47	237	164	37	232	168	163	130	185	
38	13	194	158	220	130	238	228	157	130	240	10	232	106	61	88	123	227	95	211	104	235	72	238	60	30	222	136	245	123	114	136	
90	141	54	94	155	209	28	239	255	23	236	0	108	242	38	245	163	51	234	128	118	73	58	253	179	246	31	27	18	68	173	14	
34	140	130	136	84	131	170	103	22	1	88	2	168	202	48	64	121	171	19	145	82	186	0	255	60	4	154	192	85	10	177	136	
143	189	41	211	245	221	183	241	213	77	221	54	154	93	250	164	253	154	223	125	247	184	125	183	127	93	167	195	255	142	157	247	
61	73	107	239	196	2	239	252	85	192	254	198	115	205	181	96	126	236	22	238	201	179	45	232	114	233	167	128	127	251	112	248	
139	150	251	217	182	178	191	215	61	207	94	246	220	254	174	96	215	127	183	177	181	156	37	206	110	127	190	198	142	244	181	245	
232	180	152	117	41	109	81	15	59	187	164	24	182	121	72	26	145	19	253	17	42	110	219	19	207	223	85	63	192	104	70	11	
106	52	180	90	205	255	80	79	195	191	173	24	138	189	70	191	201	178	233	16	62	111	242	144	139	219	81	123	211	77	222	246	
57	77	107	239	214	18	239	112	69	192	222	198	113	237	181	97	126	238	22	239	201	179	100	236	118	233	167	128	103	186	112	248	
184	239	107	229	112	15	79	244	48	168	120	237	49	71	129	16	94	236	21	238	233	154	96	46	228	205	165	160	44	178	66	249	
85	159	27	172	176	72	79	191	32	72	154	104	215	247	128	112	50	198	124	104	89	11	161	45	248	165	175	220	32	162	161	97	
202	121	118	237	44	182	218	26	143	248	126	163	207	223	212	102	134	253	245	223	194	244	163	221	230	249	169	238	39	181	67	87	
102	173	208	211	244	168	234	202	187	145	184	26	238	234	93	81	251	203	95	48	50	107	200	235	188	158	143	252	133	120	67	129	
2	200	98	153	84	131	170	103	118	1	90	2	40	202	52	64	122	169	19	129	194	186	0	255	20	46	154	128	21	10	113	136	
104	229	188	100	201	119	93	239	163	191	172	24	28	191	82	58	129	215	249	152	74	75	243	209	123	223	85	125	194	80	166	170	
131	175	23	25	252	155	174	231	222	233	90	98	160	200	180	160	251	43	114	85	247	248	79	255	44	30	31	66	85	8	249	141	
255	121	22	198	105	30	86	252	233	186	166	76	110	83	129	247	36	244	252	106	105	67	216	236	179	249	69	58	10	183	42	61	
13	165	208	88	253	249	89	143	219	85	45	28	139	235	86	28	19	10	224	24	22	74	254	211	75	221	17	127	210	196	207	198	
96	173	152	120	253	197	85	47	91	189	172	24	190	169	82	16	129	106	66	24	82	107	243	118	107	157	21	121	208	64	198	138	
27	48	246	252	62	179	216	30	159	233	127	187	205	255	150	42	150	255	245	149	148	250	231	220	138	251	219	194	231	133	195	87	
194	221	180	217	243	228	188	231	63	27	122	51	172	62	36	64	231	91	191	129	242	92	19	247	61	62	94	226	148	84	165	219	
104	169	170	62	217	221	119	39	175	196	44	9	187	229	35	80	128	98	235	68	78	9	242	59	231	245	4	57	82	182	222	250	
229	48	157	97	44	45	65	152	66	242	161	92	211	113	89	59	129	68	104	62	169	102	251	0	205	154	65	60	200	121	82	48	
28	93	119	103	179	78	79	180	37	200	174	64	123	119	1	244	54	246	253	234	105	129	57	174	227	255	5	16	106	247	36	59	
6	132	130	153	148	162	168	71	54	3	91	18	72	226	40	72	123	47	2	144	50	156	1	222	44	38	158	196	148	72	177	128	
34	161	244	211	244	171	234	203	123	145	185	10	238	234	84	16	251	203	95	241	154	106	74	221	190	158	143	244	197	235	195	128	
6	77	2	158	84	131	174	98	22	128	89	2	96	234	49	64	120	106	2	195	98	186	10	255	48	38	142	136	21	123	48	128	
6	132	130	153	212	163	170	71	22	131	90	18	72	234	56	72	121	42	19	145	50	158	0	206	44	6	158	196	149	74	176	128	
36	77	98	158	84	131	174	104	214	128	89	2	96	232	49	64	120	106	2	195	224	178	10	255	48	38	143	8	85	59	112	128	
60	205	98	231	20	146	238	240	117	160	255	2	123	73	181	68	122	238	63	234	232	187	45	255	254	239	167	128	39	171	112	136	
230	121	176	202	207	85	150	204	139	252	184	47	8	220	111	11	236	209	211	243	194	99	250	224	55	16	207	191	85	127	182	215	
36	36	130	137	212	163	166	79	22	131	120	18	0	234	56	64	121	42	2	17	18	186	0	202	56	6	150	68	149	90	176	128	
34	221	54	158	127	197	190	230	138	78	120	163	172	254	37	0	238	123	147	195	66	59	154	255	53	48	206	171	21	127	55	219	
131	168	226	147	214	177	188	207	62	99	88	147	172	174	86	40	63	219	19	149	182	252	174	243	30	14	159	228	133	84	179	221	
2	253	18	158	239	197	190	230	142	10	88	2	172	254	97	3	238	123	179	67	98	122	154	251	53	16	94	170	16	121	37	139	
56	141	106	232	212	179	107	255	85	1	254	2	115	235	180	96	120	170	23	184	152	187	37	255	122	237	166	192	183	202	240	168	
38	121	176	146	79	197	188	204	139	248	144	43	12	222	69	11	204	249	243	211	194	71	218	240	21	16	207	191	17	31	7	211	
130	109	22	158	237	133	182	230	140	138	88	2	172	250	97	67	238	123	19	67	98	43	2	235	61	20	78	170	16	121	33	139	
102	93	118	222	255	198	190	98	137	206	251	171	108	252	55	66	238	243	211	195	224	171	154	239	55	54	143	139	69	127	55	215	
56	141	98	232	212	163	106	255	85	1	254	2	123	235	48	64	121	170	23	184	154	187	1	191	250	205	166	192	183	218	240	136	
130	249	16	155	237	133	188	207	158	91	80	179	172	222	112	73	239	59	179	145	82	92	66	241	45	18	222	234	148	92	161	219	
60	133	102	238	148	18	206	253	85	128	254	2	75	233	188	100	120	238	31	234	248	187	37	174	250	239	166	196	119	186	240	136	
40	125	58	111	48	207	119	184	121	8	127	8	255	115	9	48	180	126	85	106	232	176	185	63	227	255	33	0	66	179	66	171	
130	164	230	145	214	162	172	199	190	211	82	147	76	238	126	73	127	31	147	181	178	221	4	194	28	14	159	196	133	68	177	208	
6	12	130	158	148	163	170	67	22	2	89	18	96	232	49	64	89	42	2	131	48	190	8	255	32	38	138	136	148	107	48	128	
137	92	252	127	230	54	127	183	121	203	94	182	249	127	155	107	55	118	181	142	225	220	37	235	102	235	254	128	38	244	245	121	
184	188	62	122	217	255	81	247	183	27	252	24	127	247	0	17	165	179	213	16	58	235	58	63	251	207	116	67	226	64	230	155	
210	129	82	128	150	136	106	97	45	1	187	10	142	10	48	80	106	139	95	209	90	59	1	215	188	144	138	208	53	11	225	0	
36	165	64	147	244	139	238	233	63	145	249	10	238	106	28	16	123	195	78	241	90	250	72	253	188	30	199	116	213	42	226	128	
50	201	198	159	84	139	238	237	31	49	248	10	106	104	60	80	123	235	127	225	74	251	74	253	188	62	207	212	117	58	242	136	
57	133	67	239	20	131	79	121	69	0	219	66	115	97	184	228	120	232	30	234	201	177	41	159	240	236	167	128	63	170	240	32	
49	69	79	206	20	147	78	117	197	128	255	70	115	227	177	244	120	230	14	234	201	163	13	61	178	173	165	144	63	186	248	44	
137	223	253	95	162	86	63	191	92	95	94	180	253	127	154	99	87	119	181	15	243	220	47	255	102	107	126	128	22	244	133	121	
178	197	82	227	100	136	110	101	41	0	187	26	11	10	20	80	110	129	31	226	104	191	64	207	182	248	138	208	37	146	242	136	
93	239	208	102	177	30	78	189	97	168	238	104	235	115	129	244	22	238	204	110	217	152	205	174	170	253	37	144	42	183	202	45	
47	159	112	211	247	221	187	255	85	77	221	46	248	93	190	164	255	155	223	61	215	186	120	255	127	223	39	199	255	142	188	247	
47	189	112	235	253	183	250	215	95	105	125	42	11	223	159	36	159	59	215	252	182	186	105	246	127	221	164	234	215	143	224	247	
91	125	98	239	60	18	254	253	253	74	126	163	233	191	190	100	254	255	223	239	236	185	173	255	230	253	174	138	55	214	240	221	
178	76	82	228	6	8	206	70	41	2	250	10	43	10	53	16	106	129	23	226	104	183	65	202	178	248	130	144	101	218	82	8	
129	173	14	153	222	139	165	239	94	180	74	18	224	232	54	161	105	106	106	89	118	248	71	127	44	6	95	64	85	8	217	140	
129	207	95	91	244	139	174	231	124	128	122	66	240	232	180	161	123	43	34	93	241	184	71	127	44	14	55	64	77	8	225	172	
142	159	116	243	177	183	223	191	31	79	93	181	253	125	190	37	151	115	149	63	179	156	40	190	107	223	61	198	246	221	149	251	
104	181	176	240	169	221	85	39	187	189	172	24	188	183	70	182	129	55	249	16	90	74	243	146	235	223	21	123	130	68	198	42	
61	73	107	238	196	2	239	244	85	192	254	194	115	237	181	100	122	236	22	238	201	179	45	172	114	233	167	128	127	250	112	232	
123	207	86	78	185	30	94	189	225	140	190	12	106	98	135	247	198	230	204	110	220	139	105	239	178	253	5	147	42	246	234	13	
2	245	178	153	245	229	188	199	30	95	88	19	140	190	126	72	239	27	147	145	114	248	18	226	45	22	158	207	148	92	181	219	
175	61	240	242	181	181	222	223	27	201	29	189	45	253	255	52	151	123	149	85	182	42	168	250	235	221	45	254	150	215	135	247	
93	109	110	231	22	26	111	240	117	224	255	2	123	105	149	112	126	236	127	234	236	179	173	239	242	239	167	128	103	183	114	32	
6	112	18	155	105	173	184	72	142	25	81	48	172	218	105	73	198	25	51	83	2	84	10	241	5	16	90	234	144	9	33	131	
25	140	99	205	214	178	235	119	117	65	222	198	121	236	182	100	127	174	22	189	185	185	37	255	58	111	166	192	191	198	241	252	
130	160	144	155	244	171	184	207	62	49	82	18	172	202	120	72	247	11	51	145	50	220	75	247	12	22	159	196	148	8	129	137	
2	253	146	159	227	133	60	230	190	26	88	32	172	246	97	65	231	123	179	66	66	216	18	241	37	16	94	170	16	80	163	155	
6	112	18	154	108	133	184	72	142	25	81	48	172	218	104	73	230	57	51	83	18	148	10	241	5	16	90	202	144	9	33	131	
118	125	224	198	207	80	222	236	201	246	188	175	72	124	95	51	236	213	223	227	204	99	252	232	59	88	205	191	103	127	246	86	
93	11	208	71	185	26	78	189	99	168	174	104	107	99	135	246	18	230	236	110	205	9	237	170	170	253	5	19	106	247	200	13	
27	69	104	237	246	179	239	127	61	192	94	130	125	111	182	224	126	187	23	239	177	144	45	223	246	111	171	128	55	246	177	241	
11	151	123	237	242	178	191	183	61	200	126	230	221	111	190	96	118	127	23	239	241	152	101	238	110	239	46	196	63	242	161	249	
52	205	70	238	220	11	70	248	21	32	250	2	107	232	60	80	120	206	46	227	72	187	9	239	186	239	134	68	117	186	240	136	
31	133	99	171	86	162	235	248	84	64	91	194	89	237	184	96	126	233	23	239	153	176	12	223	252	110	171	196	53	171	49	240	
118	109	98	70	237	89	214	228	233	244	188	141	106	108	87	23	170	231	205	103	204	35	236	232	51	88	69	59	71	127	222	94	
185	253	95	109	48	14	111	252	96	200	126	100	115	19	129	49	62	100	68	110	233	184	1	45	224	171	97	128	104	179	66	185	
148	91	63	119	168	79	87	184	181	254	182	124	215	119	129	59	38	244	108	106	233	225	59	40	227	203	101	148	104	241	6	113	
127	79	118	70	189	30	94	172	233	236	190	45	106	104	151	183	174	230	236	110	204	35	109	236	50	121	69	155	99	246	234	79	
76	48	189	57	169	108	81	27	43	127	135	24	158	55	72	122	129	23	253	17	26	68	243	0	205	243	80	127	130	65	135	99	
6	77	2	159	84	162	174	226	148	130	91	2	104	234	49	64	120	107	51	195	96	154	10	239	40	38	142	136	21	123	33	128	
180	104	150	158	77	195	134	232	222	186	160	91	102	226	109	27	233	229	106	66	104	103	138	59	17	162	207	59	81	121	98	130	
242	235	22	190	217	195	6	237	151	184	224	75	98	224	40	19	248	229	110	226	110	107	154	61	185	162	199	63	81	58	178	138	
89	207	84	103	177	30	78	191	101	170	126	100	203	35	128	247	23	70	236	110	201	216	77	172	166	255	101	148	42	246	200	45	
236	48	181	100	41	111	81	24	235	254	167	56	223	213	73	27	131	148	109	58	1	101	251	16	223	219	97	126	74	163	70	51	
255	255	244	122	187	116	31	252	211	222	157	191	106	253	255	52	151	211	149	119	255	67	58	191	123	223	237	255	247	255	214	127	
108	180	177	67	253	110	113	25	59	251	45	57	214	117	76	190	145	30	228	48	59	112	251	18	207	158	85	126	194	106	198	243	
6	77	98	158	214	130	174	224	156	192	91	131	72	238	53	64	126	237	19	231	224	179	14	238	52	46	143	136	5	127	113	208	
56	13	106	110	220	131	199	117	213	128	252	10	115	233	180	48	120	238	70	106	232	171	44	191	114	239	165	24	103	250	242	168	
202	253	118	255	190	145	252	55	159	107	127	179	237	159	180	98	198	183	255	133	242	157	163	243	226	253	190	138	39	212	161	93	
191	223	246	122	187	244	222	252	219	90	29	181	110	253	255	53	151	115	149	119	254	71	58	255	251	95	109	251	215	247	150	119	
154	189	118	239	190	163	220	63	143	115	123	179	237	191	52	2	174	159	247	135	210	252	75	247	166	251	158	194	39	198	129	217	
242	205	134	188	139	128	30	239	191	22	232	147	44	234	36	87	233	243	235	194	106	79	218	255	177	246	223	59	17	116	167	14	
108	37	208	67	249	125	217	153	91	255	61	28	206	99	94	190	19	78	230	56	51	114	251	210	79	223	53	253	218	71	207	209	
82	129	212	157	214	138	236	111	63	147	250	18	236	106	48	81	123	235	63	161	120	123	75	221	188	150	223	196	181	104	161	136	
255	223	246	126	163	244	94	180	219	222	29	189	126	253	191	52	151	115	181	71	254	77	42	255	107	127	109	219	150	247	182	119	
40	237	49	83	253	205	197	175	91	253	44	25	174	33	76	144	137	10	194	24	114	122	251	247	111	159	20	123	210	90	198	234	
45	189	56	91	249	221	87	175	83	25	44	24	178	117	76	52	153	90	82	90	122	106	251	55	111	223	21	123	210	88	198	162	
2	13	34	156	84	131	170	71	92	1	90	2	40	202	48	64	120	43	19	129	194	186	2	255	52	36	138	128	21	8	113	136	
16	91	159	231	34	78	55	180	164	200	254	100	247	119	129	50	38	116	108	106	193	129	41	45	229	231	103	144	104	178	167	185	
221	127	63	247	50	78	95	180	48	206	222	228	255	87	131	115	54	245	221	110	233	213	169	110	242	233	39	128	46	241	39	121	
2	173	2	139	84	163	170	103	22	1	122	2	40	194	32	64	120	42	2	144	18	186	0	255	60	36	138	200	21	10	177	136	
158	181	118	235	254	179	218	154	159	113	123	187	205	223	188	42	175	223	247	151	178	250	239	247	142	255	154	198	167	207	131	213	
255	223	242	126	177	244	94	188	219	206	29	189	127	253	191	52	151	115	181	103	255	69	174	239	107	255	45	223	134	247	198	119	
82	193	214	149	198	10	236	239	63	146	242	2	238	106	0	81	123	227	127	160	104	251	75	205	188	182	223	132	165	120	33	136	
2	9	2	157	84	130	170	99	52	0	122	2	40	138	48	64	122	171	19	193	64	187	0	239	52	36	138	128	21	8	33	136	
130	190	224	155	238	169	188	207	31	115	80	183	172	190	86	9	175	27	179	149	182	92	142	241	28	18	94	235	149	76	151	223	
104	184	184	123	249	237	81	135	123	21	100	25	182	61	64	24	129	26	193	16	50	126	210	35	207	247	16	123	194	72	206	170	
106	237	42	126	25	221	87	39	191	196	236	9	186	221	38	52	136	58	219	64	74	41	242	63	235	253	4	59	82	14	206	250	
228	254	142	30	200	199	39	236	150	222	244	124	100	226	235	219	217	108	110	98	97	71	170	63	56	34	103	185	24	121	47	217	
255	253	244	126	191	182	222	189	219	218	61	185	109	255	255	55	151	115	149	247	254	99	42	255	235	223	237	254	150	247	134	87	
2	132	130	153	148	162	170	199	54	3	90	18	72	226	40	64	123	43	19	144	50	156	0	222	40	38	158	196	148	72	177	128	
4	77	2	158	84	131	174	226	22	0	91	2	96	234	33	64	120	106	19	194	98	186	10	255	32	38	142	8	20	123	48	136	
6	132	130	153	148	163	170	71	22	131	90	18	64	234	40	64	121	42	2	144	50	190	0	206	40	6	158	192	148	90	176	128	
6	77	2	158	148	130	174	226	182	130	90	2	40	234	33	64	120	107	2	194	96	154	2	255	32	38	142	136	20	123	48	136	
130	188	224	155	230	161	188	207	30	115	80	183	172	174	116	8	63	27	179	149	178	220	14	243	28	22	222	234	149	76	181	217	
34	164	130	137	212	163	174	207	22	131	90	18	0	232	56	64	121	42	19	177	50	186	1	206	44	6	158	196	149	90	176	136	
6	77	98	159	214	130	174	224	156	128	91	131	76	238	53	64	126	233	19	231	224	147	10	238	52	46	143	136	21	127	49	208	
3	172	226	147	214	161	190	207	30	99	88	147	44	174	118	0	127	219	19	149	182	222	12	243	28	14	159	228	133	92	179	216	
2	253	18	159	227	133	62	230	62	26	88	32	172	242	32	65	247	123	179	64	66	216	18	243	45	16	30	170	16	80	161	139	
56	141	106	110	212	179	199	127	117	0	254	2	115	233	180	112	120	238	6	234	248	187	44	191	122	239	160	72	119	234	240	168	
34	221	50	158	127	197	190	230	158	74	88	163	172	254	33	1	239	123	147	195	98	186	154	255	53	54	206	171	21	125	53	219	
25	140	107	201	212	178	235	247	117	65	222	66	121	235	180	100	127	170	22	189	185	187	37	255	126	111	166	192	183	202	240	236	
54	45	246	235	252	171	250	222	255	161	249	10	239	235	85	16	255	235	119	145	186	250	75	255	190	222	143	228	247	203	227	137	
143	220	246	127	182	50	126	183	121	219	94	178	249	127	159	107	151	119	181	142	226	252	47	235	102	255	244	128	166	245	241	121	
240	76	66	135	84	41	110	70	45	2	250	26	42	10	5	81	106	163	78	226	104	183	64	234	180	156	130	16	101	90	114	136	
15	157	114	235	245	191	255	255	79	105	255	174	253	125	190	36	255	187	159	253	151	187	109	255	127	223	167	198	247	143	245	247	
2	253	22	159	239	133	190	230	158	10	88	2	172	254	33	65	238	123	179	67	98	58	18	255	37	20	94	170	16	121	33	139	
242	255	143	156	27	192	133	239	190	94	200	215	164	230	34	215	105	239	234	129	107	79	218	127	181	38	223	186	24	112	183	223	
139	223	252	127	240	54	127	191	211	95	94	180	253	255	190	99	151	127	181	14	227	220	175	191	111	255	125	132	150	244	165	121	
50	141	118	239	252	139	238	239	127	176	251	10	239	234	52	80	123	235	127	227	218	187	75	255	190	222	135	212	117	138	243	128	
178	205	80	227	228	136	110	231	57	2	187	18	43	10	28	81	127	131	23	162	120	190	72	255	182	254	142	192	53	210	226	136	
48	197	198	159	220	139	238	237	63	48	251	10	238	234	60	80	123	239	110	227	74	187	75	255	188	190	207	52	117	58	243	136	
175	157	116	251	182	183	222	191	31	250	92	183	253	127	191	37	151	115	149	62	240	220	42	191	106	223	125	198	183	220	132	251	
214	141	80	131	150	168	110	231	45	1	186	18	142	10	48	64	107	139	31	211	122	63	0	247	188	144	138	192	53	11	225	8	
27	217	114	239	124	18	254	253	109	72	254	163	237	127	191	100	254	255	223	239	236	179	109	239	246	255	174	138	55	182	241	221	
137	239	30	155	222	153	165	231	94	23	74	146	181	224	50	161	107	42	106	9	115	248	79	127	44	7	30	65	93	8	249	140	
175	189	240	242	182	183	222	223	27	203	29	187	237	255	255	33	151	123	149	183	182	106	40	254	170	223	143	254	151	214	131	223	
57	141	106	232	212	179	235	255	85	1	254	2	115	233	180	96	121	170	23	184	152	187	37	191	122	239	166	192	183	202	240	168	
2	253	178	145	245	197	190	231	30	31	88	51	172	190	98	64	239	91	179	145	114	216	18	247	45	22	158	239	148	92	181	219	
130	237	22	158	236	133	190	230	156	138	88	2	172	250	97	65	238	123	51	67	98	171	2	239	61	20	78	138	16	121	33	137	
102	93	118	222	255	198	190	226	153	204	217	163	108	254	55	64	238	243	147	195	224	171	26	239	55	54	142	139	5	127	55	215	
56	141	66	234	212	163	66	255	53	1	254	2	115	235	32	64	121	170	6	184	26	187	1	191	250	237	167	64	247	218	240	136	
134	12	134	158	148	162	174	103	148	131	91	18	96	234	48	65	89	42	19	145	48	190	10	238	40	38	142	192	148	104	176	128	
53	141	78	206	20	146	74	248	69	0	223	70	115	227	184	96	120	238	30	234	221	163	13	191	178	175	163	128	61	171	120	4	
184	188	62	122	249	237	80	247	183	27	252	56	127	255	32	25	165	243	253	16	58	239	26	63	251	255	116	203	226	64	166	155	
108	253	58	111	49	143	119	184	121	8	127	8	255	115	9	52	180	126	93	106	194	176	185	191	231	255	37	2	66	179	66	43	
62	141	102	238	148	18	78	253	117	128	255	2	75	233	188	101	120	230	31	234	248	187	45	174	250	239	166	132	55	250	240	8	
130	255	182	152	237	197	188	239	158	91	88	183	172	190	118	1	207	59	179	133	226	122	66	243	61	18	222	235	20	92	181	219	
130	253	144	153	236	133	188	239	158	27	88	179	172	254	112	73	239	59	179	145	114	92	66	243	44	18	222	234	148	92	161	155	
70	121	16	130	237	133	188	204	138	184	24	42	172	222	105	11	174	123	251	83	66	67	138	240	61	16	15	190	20	123	163	139	
252	109	230	230	28	2	78	248	245	160	251	10	107	233	53	83	120	236	127	227	232	243	137	174	178	239	197	144	103	251	114	136	
242	205	98	78	189	90	94	175	233	198	190	141	106	108	22	20	251	230	205	103	252	43	125	239	59	126	5	19	103	246	254	94	
252	77	102	231	86	26	110	252	117	224	254	2	123	105	149	113	126	228	127	234	232	179	173	174	242	239	231	128	103	183	114	0	
130	165	144	155	180	169	188	207	62	51	82	18	172	234	120	72	123	11	51	145	50	220	75	247	12	22	159	196	148	72	129	136	
230	125	48	142	239	69	158	239	137	250	184	43	44	254	101	3	236	243	215	227	192	35	218	224	55	24	207	191	85	126	151	219	
6	233	22	155	108	169	184	200	174	25	80	0	172	194	105	72	230	9	34	82	2	16	10	241	4	16	11	238	16	27	33	129	
102	125	48	206	239	101	158	238	137	234	184	43	12	252	117	3	239	243	215	227	192	35	218	234	59	24	143	190	85	127	183	219	
56	205	98	239	148	146	110	253	117	0	255	2	107	105	181	68	120	238	63	234	232	179	109	255	178	239	167	128	55	187	240	128	
52	205	70	238	220	131	70	249	21	32	251	2	107	232	60	80	120	238	46	227	104	187	73	239	186	238	135	0	117	186	240	8	
6	105	18	154	236	133	188	204	142	24	80	2	140	218	121	74	238	25	19	83	66	3	10	240	36	16	142	174	20	91	161	129	
118	255	96	70	223	118	222	254	137	238	188	175	104	124	87	50	253	247	213	231	252	107	248	238	59	94	141	191	103	127	246	95	
36	77	2	158	84	131	174	224	22	128	89	2	96	232	49	64	120	106	2	195	98	186	10	255	48	38	143	8	21	123	48	128	
138	245	118	255	188	149	252	247	189	91	254	179	237	255	156	97	255	191	255	133	242	253	227	215	166	255	190	130	6	220	225	223	
255	221	244	126	191	150	222	189	219	218	29	181	108	253	255	55	151	115	181	247	254	71	42	255	235	223	109	254	150	247	246	87	
146	133	214	191	254	139	252	111	191	177	251	18	239	234	52	66	255	231	127	129	112	249	75	255	188	250	223	192	53	74	225	137	
2	13	2	157	84	130	170	103	28	0	90	2	40	138	48	64	120	43	19	129	66	154	0	239	52	38	154	128	21	8	49	136	
223	221	246	126	191	150	94	188	219	218	21	189	110	253	255	53	151	115	181	119	254	71	42	255	235	255	109	222	150	247	240	87	
2	13	2	153	84	131	170	71	28	1	90	2	40	202	48	64	122	43	19	129	66	186	0	255	52	38	154	128	21	8	241	136	
2	141	2	139	84	131	170	103	22	1	122	2	40	194	32	64	120	42	2	208	18	186	0	255	36	36	138	200	149	10	176	136	
237	52	253	83	233	126	83	26	123	187	61	92	219	249	205	190	155	92	116	58	177	118	251	34	15	223	113	254	202	235	74	165	
0	141	2	155	84	131	170	71	22	1	88	2	40	202	32	64	120	43	2	192	18	186	0	255	32	36	138	64	21	10	241	136	
244	94	15	158	79	67	167	236	180	190	226	94	98	194	43	211	120	228	106	226	105	247	219	63	180	34	231	25	121	57	62	152	
57	141	106	78	220	146	199	117	213	128	254	10	115	233	180	116	120	238	22	106	248	171	46	175	114	239	165	152	103	250	240	168	
61	77	107	238	212	18	239	240	197	192	254	194	115	237	181	100	120	236	22	238	201	179	44	172	114	237	167	128	127	250	112	232	
31	159	123	239	242	50	255	191	61	192	94	230	221	111	186	96	118	255	23	238	241	152	45	239	238	239	174	196	47	246	161	249	
125	183	192	15	211	123	119	191	115	239	111	30	75	228	202	244	113	206	160	56	62	218	253	151	127	231	149	111	235	238	254	86	
157	126	143	31	11	119	55	248	54	254	247	55	91	231	163	207	121	236	236	234	173	215	191	58	211	227	101	149	171	125	44	243	
237	118	253	87	108	125	67	152	115	254	181	124	90	119	207	191	159	196	236	122	169	102	251	98	22	223	101	190	206	241	78	241	
29	4	212	183	149	58	107	9	118	167	79	144	203	99	139	207	123	78	232	58	57	212	109	14	140	231	247	69	166	239	137	0	
124	134	196	39	147	122	71	59	119	231	239	150	75	101	10	252	113	198	236	60	61	240	253	158	251	231	85	87	235	238	236	86	
172	180	177	83	253	125	241	155	123	123	61	24	218	121	76	190	153	30	70	56	179	112	249	19	79	223	21	119	194	72	198	167	
93	132	212	227	149	58	111	175	118	167	79	144	203	99	138	204	115	206	232	56	57	208	77	134	140	231	215	69	166	206	136	0	
123	143	116	78	181	122	94	175	249	71	190	13	106	110	150	84	211	231	204	36	252	171	109	255	186	127	5	83	114	246	206	94	
72	184	184	120	185	237	17	143	187	29	36	57	174	151	66	24	129	27	201	16	18	78	250	247	203	215	20	127	146	4	135	107	
34	221	50	159	255	193	190	230	158	72	88	163	172	254	33	1	239	123	147	195	98	58	26	255	37	52	158	171	20	93	53	219	
2	132	130	153	148	163	170	199	54	3	90	18	72	226	40	64	123	43	19	144	50	156	0	255	44	38	158	196	148	72	177	136	
4	77	2	158	148	131	174	226	22	128	90	2	96	234	49	64	120	106	19	195	98	186	10	255	32	38	142	8	20	91	48	136	
2	132	130	153	148	163	174	231	22	131	90	18	64	234	40	64	121	42	19	144	50	186	1	254	40	6	159	192	148	74	176	136	
6	77	2	158	148	130	174	226	182	130	90	2	104	226	33	64	120	107	19	194	96	154	10	255	32	38	142	136	20	123	48	136	
32	165	130	137	148	163	166	199	22	129	122	2	0	232	56	64	121	106	2	49	18	186	0	174	40	6	150	68	149	90	176	136	
36	77	2	158	84	131	174	224	22	128	89	2	96	232	49	64	120	106	2	195	98	186	10	255	48	38	143	8	21	123	48	136	
56	141	106	206	212	179	239	255	85	1	254	2	115	233	180	96	120	234	22	248	184	187	45	191	122	239	166	192	119	202	240	168	
146	140	166	147	150	163	172	239	190	115	218	147	172	174	50	72	111	67	59	149	178	221	7	255	156	6	222	192	133	76	177	200	
130	132	6	156	148	162	172	231	148	131	218	18	64	234	56	73	121	110	59	177	48	253	3	238	40	38	222	192	148	72	176	136	
53	71	75	206	20	131	75	248	86	0	251	70	115	96	189	96	88	234	14	238	140	163	109	63	240	174	163	208	61	187	112	0	
184	156	190	254	249	253	84	247	191	27	254	56	126	255	32	27	175	243	253	0	58	239	58	247	251	251	118	219	210	192	231	155	
108	253	120	111	181	31	119	184	123	8	126	8	250	115	141	52	150	220	68	106	200	176	249	255	231	255	37	134	66	179	66	35	
143	220	246	255	164	50	126	190	251	203	126	179	253	255	159	47	151	127	181	206	224	252	175	235	234	255	247	130	167	245	193	125	
62	197	102	238	148	18	78	253	117	128	255	2	107	235	188	100	120	230	31	234	248	187	45	175	242	239	167	132	55	186	240	12	
230	221	178	198	255	5	158	239	137	170	152	43	44	124	117	2	207	243	223	227	240	43	72	238	57	30	143	186	85	126	179	155	
134	77	18	138	236	33	190	239	142	154	56	10	140	234	113	2	207	75	91	243	98	3	10	242	52	16	143	174	20	123	161	137	
175	157	116	254	182	151	222	191	31	251	92	179	125	127	190	33	151	115	181	167	244	252	43	255	234	223	253	198	150	252	129	95	
178	201	118	239	124	11	238	237	127	0	242	2	239	234	60	65	122	239	127	227	232	187	75	255	182	250	143	148	117	186	241	136	
2	172	226	147	214	163	174	207	94	99	88	147	168	174	116	32	127	203	19	149	178	190	12	247	60	14	159	224	133	92	177	220	
178	205	64	179	196	40	110	231	57	2	186	18	47	42	60	81	123	195	31	226	120	63	72	255	182	254	158	192	53	248	226	8	
59	141	107	206	212	178	239	255	117	65	222	66	121	235	182	100	123	238	22	189	185	187	45	255	122	111	166	192	183	202	240	236	
130	221	22	159	253	133	190	230	158	138	88	34	172	242	33	64	239	123	51	66	98	184	2	255	45	54	30	138	16	121	33	139	
27	141	234	203	214	179	239	247	87	65	222	2	121	235	182	100	127	235	23	189	187	187	45	255	126	207	174	192	183	202	240	232	
56	141	98	234	212	163	238	255	85	1	254	2	123	235	48	64	120	234	6	248	154	187	8	191	250	207	167	192	247	218	240	136	
52	173	70	139	220	139	238	237	63	161	251	10	238	234	12	80	123	235	110	242	90	251	75	253	188	158	143	124	117	11	243	128	
130	253	148	153	236	173	188	239	158	27	80	178	172	254	112	73	239	59	179	145	114	92	66	243	44	18	222	234	148	92	161	153	
6	109	18	139	236	169	190	207	142	18	120	0	172	194	97	75	234	11	74	210	66	1	138	240	36	16	143	172	20	91	161	137	
201	255	175	159	185	214	53	247	182	222	222	181	248	246	163	99	101	118	254	132	229	221	243	63	119	39	255	129	26	116	189	123	
15	157	114	239	245	159	255	253	93	104	223	167	253	125	190	100	254	251	151	239	245	186	109	255	255	253	175	198	55	190	245	247	
150	141	80	179	150	169	110	231	61	2	184	18	175	42	60	65	123	203	31	243	122	47	8	255	188	222	158	232	181	91	225	8	
38	95	98	158	127	145	254	224	221	204	248	167	104	236	55	64	254	235	151	231	228	171	46	255	54	62	143	139	85	63	125	223	
2	221	146	155	245	197	188	231	30	31	88	51	172	190	96	64	239	91	147	145	114	216	82	247	45	22	158	203	144	92	181	219	
186	205	118	239	124	26	254	253	125	64	246	131	239	79	189	97	254	245	63	239	232	183	109	239	182	250	206	130	55	190	241	205	
38	93	178	222	255	196	190	230	156	138	216	35	172	254	53	64	238	123	147	195	224	187	26	239	53	54	142	139	21	125	53	219	
62	181	242	235	252	187	250	222	127	233	253	163	239	255	221	52	255	219	215	253	154	187	109	255	254	221	175	230	231	223	227	213	
134	237	18	130	237	37	188	239	142	178	8	8	172	218	121	2	143	91	91	67	82	67	154	240	61	16	143	46	20	122	163	136	
98	189	48	134	255	109	158	239	137	235	184	59	108	124	12	18	237	247	223	167	240	43	216	239	63	30	143	186	197	126	151	219	
98	157	96	94	221	126	214	175	185	111	190	189	106	124	30	16	223	247	223	161	252	43	120	239	59	126	21	211	199	126	214	95	
252	77	102	230	86	18	110	252	117	192	254	2	123	105	189	113	126	229	127	234	232	179	173	174	242	239	231	128	103	183	242	8	
130	165	152	155	246	169	188	207	62	51	90	18	164	226	120	73	251	11	51	145	50	220	75	247	44	22	158	196	148	72	161	136	
27	157	111	239	182	18	255	181	53	196	94	230	125	111	182	96	118	239	31	239	241	152	45	239	254	239	175	128	47	246	225	249	
60	205	102	239	148	154	110	253	117	0	254	2	107	105	188	64	122	239	63	235	248	187	109	255	178	239	175	128	55	187	240	136	
114	221	224	246	247	86	158	246	153	234	152	175	104	124	23	50	253	247	213	231	248	107	120	238	59	126	205	147	199	124	246	95	
31	141	98	239	182	147	255	253	93	64	222	130	121	111	190	100	126	255	23	239	248	186	109	255	254	237	175	196	55	254	240	233	
2	13	2	157	84	131	170	103	52	0	90	2	40	138	32	64	104	43	19	128	96	184	0	239	52	38	154	128	21	8	49	136	
0	141	2	154	84	131	170	103	20	1	88	2	40	202	32	64	120	42	2	192	82	186	0	255	32	36	138	64	21	10	176	136	
32	141	2	138	84	131	170	103	22	1	88	2	32	194	32	64	120	42	2	208	18	186	0	255	32	36	130	72	21	10	176	136	
2	141	2	153	84	131	170	103	20	1	90	2	40	202	32	64	122	43	19	128	82	186	0	255	32	38	154	128	21	10	177	136	
125	112	249	96	105	95	115	16	105	234	183	72	26	157	69	190	180	212	124	122	137	103	240	0	211	217	97	62	202	179	66	49	
45	176	181	83	237	127	241	152	123	251	181	88	218	120	77	190	153	92	126	58	151	114	251	16	15	223	69	118	202	235	74	167	
38	253	98	158	255	209	190	232	223	204	88	171	104	252	55	32	222	123	147	199	230	43	62	255	63	30	143	171	85	127	63	223	
27	13	99	207	86	178	235	114	117	192	222	198	121	237	182	228	126	238	23	173	161	187	37	239	114	111	170	128	47	174	112	252	
223	253	244	254	180	22	222	189	219	251	61	185	108	255	255	51	151	223	181	247	254	99	42	255	42	223	205	254	215	247	209	87	
121	93	91	110	48	30	79	48	97	200	255	76	115	115	129	48	54	228	92	110	201	177	53	44	242	237	32	128	106	242	66	57	
157	94	166	55	139	127	87	216	55	238	215	55	235	117	139	239	121	236	236	238	173	214	255	170	199	227	229	147	235	127	124	247	
57	141	107	238	84	146	239	240	69	0	254	2	113	233	180	100	120	234	22	234	201	187	44	175	114	237	162	128	119	250	112	168	
59	207	98	95	181	218	94	182	117	70	254	5	107	236	183	244	243	238	188	76	238	184	37	239	171	127	20	131	103	244	252	94	
223	122	255	118	42	94	93	184	185	254	182	237	127	127	139	123	183	245	253	238	237	199	171	234	210	251	117	147	174	245	47	115	
57	77	99	206	84	146	239	240	197	192	254	66	115	233	181	228	120	238	23	238	201	187	44	239	114	237	167	136	127	250	112	236	
104	177	184	113	233	253	113	159	171	61	36	56	142	151	72	188	135	27	215	16	18	88	242	209	207	209	20	127	210	4	135	235	
8	221	35	255	181	215	175	246	22	76	94	2	189	247	177	228	127	122	151	203	107	152	123	191	229	231	190	129	54	221	53	249	
205	94	255	118	106	94	127	180	185	254	54	124	254	247	199	255	167	117	252	110	225	213	171	106	246	251	117	144	42	241	79	121	
204	78	222	191	15	74	239	168	252	246	246	150	255	99	27	203	123	229	238	235	97	245	223	234	244	163	239	21	47	127	45	80	
6	77	2	158	148	131	174	226	150	128	90	2	96	234	49	64	120	106	19	195	98	186	10	255	32	38	142	136	21	123	48	136	
2	133	130	153	148	163	174	231	22	3	90	18	64	234	56	64	121	106	19	145	50	186	0	255	40	6	158	192	149	90	176	136	
2	173	226	155	214	163	190	207	30	99	88	147	44	238	118	0	127	123	19	149	178	152	13	247	60	14	158	224	149	76	177	216	
34	173	226	139	212	163	174	207	86	1	90	2	0	232	48	64	121	106	19	145	178	186	9	255	44	6	158	196	213	90	240	136	
130	141	6	157	140	162	172	239	148	19	218	18	96	234	40	65	121	102	59	160	112	249	3	239	44	38	222	192	148	120	176	8	
210	156	150	191	186	169	60	167	191	83	154	183	173	238	34	91	231	255	255	149	50	77	131	255	188	247	222	218	148	84	165	89	
191	190	246	126	251	247	222	255	159	223	252	189	106	253	190	61	223	255	245	21	190	239	239	255	123	127	85	251	215	253	214	95	
62	181	114	235	246	187	254	253	127	233	253	163	207	127	157	32	255	219	151	255	154	178	109	255	190	221	143	230	247	255	225	213	
219	255	174	159	155	244	53	247	182	223	222	183	248	247	163	231	109	126	255	132	231	223	243	191	247	103	254	139	186	84	189	255	
219	221	246	255	190	182	222	190	27	218	126	177	109	255	183	103	215	127	181	197	228	221	171	255	234	255	255	130	150	244	225	95	
182	141	86	139	254	139	238	237	63	160	251	10	238	234	60	80	122	239	127	227	122	187	73	255	188	156	143	212	117	11	243	128	
212	205	66	158	196	40	110	231	61	2	250	18	238	42	41	81	123	195	78	226	120	175	9	239	180	166	222	16	53	120	227	8	
143	157	118	239	244	159	254	253	93	104	255	163	239	127	190	101	254	219	159	239	244	184	109	255	254	249	175	198	55	190	241	215	
202	199	207	158	223	193	237	239	158	95	220	151	236	226	58	193	107	235	238	133	115	79	126	247	189	39	254	217	29	92	253	248	
138	221	244	254	182	18	222	191	27	251	126	179	237	255	188	97	151	255	181	165	240	252	43	255	170	255	223	150	151	244	193	93	
178	205	86	159	252	11	238	237	61	32	243	26	238	234	60	65	122	237	127	227	104	247	75	255	180	186	207	148	117	58	241	136	
134	205	80	147	246	169	238	231	61	2	185	18	236	106	60	65	123	227	31	163	112	46	72	255	188	158	207	204	149	122	225	136	
226	205	118	255	108	10	254	253	125	2	242	146	237	79	61	65	254	245	63	227	232	247	77	239	182	250	207	130	55	190	241	137	
137	183	46	27	253	253	181	255	86	127	223	55	248	252	234	229	125	26	254	21	247	127	127	183	127	71	119	239	219	78	189	247	
171	181	246	255	190	151	222	191	31	251	95	177	109	253	190	37	151	127	181	53	246	248	43	255	234	223	125	198	214	238	209	87	
53	207	73	47	28	131	79	248	86	64	249	198	115	97	185	64	88	200	14	238	203	162	77	63	248	174	167	148	117	187	112	32	
172	183	220	211	223	251	235	203	126	191	189	30	200	226	95	157	121	203	206	186	51	115	255	242	28	7	175	245	217	107	223	229	
122	190	214	254	235	233	28	247	191	27	252	184	190	255	32	91	231	243	255	0	58	235	2	247	254	247	119	203	130	208	167	155	
37	253	121	77	244	15	127	252	121	8	126	104	122	123	157	48	182	220	70	106	193	176	57	255	119	254	37	134	67	187	194	165	
79	126	255	87	99	126	127	144	59	238	118	252	124	255	199	255	183	125	253	78	165	212	187	234	214	255	119	130	142	245	47	255	
121	81	123	100	96	30	71	49	97	200	247	76	91	83	145	51	54	228	84	106	201	179	181	12	243	233	96	128	107	178	106	49	
108	50	241	65	227	124	113	18	107	253	63	60	30	159	199	190	167	156	252	16	151	114	177	192	95	249	48	247	202	229	79	247	
2	221	159	191	188	165	189	231	158	27	218	98	188	254	33	72	199	115	127	129	98	201	67	255	169	182	254	146	148	88	161	27	
125	112	251	96	97	127	115	80	105	232	180	8	30	157	197	190	178	220	220	122	129	227	176	64	211	221	33	118	203	179	75	183	
109	48	189	97	109	127	241	88	107	253	53	76	222	252	215	190	149	124	254	24	149	112	251	208	79	217	101	246	202	103	79	247	
62	141	102	238	148	19	78	253	85	128	255	2	99	235	188	116	120	238	63	234	248	171	45	189	250	239	167	204	119	255	240	4	
130	221	157	153	172	141	188	239	158	27	88	114	188	190	96	73	199	59	63	145	114	205	67	247	172	150	254	234	20	88	161	137	
252	77	102	230	84	18	110	252	117	128	254	2	123	105	189	113	126	229	127	234	232	179	173	174	242	239	231	128	103	191	114	8	
226	189	176	150	255	45	158	239	153	227	184	27	108	124	28	18	239	215	219	165	240	107	88	239	63	30	159	126	197	124	147	218	
0	141	2	152	20	130	170	103	20	1	90	2	40	202	32	64	120	42	2	128	82	154	0	255	32	36	138	64	21	8	176	136	
0	141	2	138	84	131	170	103	4	1	88	2	32	202	32	64	120	42	2	208	82	186	0	255	32	36	138	72	21	10	176	136	
2	141	2	157	20	130	170	103	52	1	90	2	40	170	32	64	104	43	19	128	98	152	0	239	36	38	154	128	21	8	49	136	
32	173	2	138	84	131	170	103	6	1	88	2	32	200	48	0	120	42	2	209	18	186	0	253	56	4	138	72	85	10	176	136	
128	165	149	153	180	171	172	175	62	51	82	82	180	34	40	73	243	11	59	144	115	220	75	119	44	6	191	196	156	72	161	169	
34	141	98	200	86	131	170	103	20	65	88	131	40	204	52	0	126	171	19	213	210	186	4	255	52	12	138	200	21	14	241	200	
34	169	98	200	84	131	170	69	70	1	120	2	40	200	52	0	120	170	19	241	210	186	0	253	60	12	138	232	85	10	242	136	
155	221	50	223	181	213	126	247	23	77	92	6	175	247	162	228	127	122	151	200	239	152	115	191	239	223	150	195	58	220	172	255	
186	221	118	95	181	210	94	183	127	79	254	21	106	236	182	116	247	235	189	140	238	184	55	255	171	127	20	195	55	212	236	95	
27	141	106	239	182	18	255	189	61	192	94	134	121	111	190	96	126	255	31	239	249	152	109	239	254	239	175	128	39	182	241	249	
226	221	176	214	252	5	190	239	153	170	184	58	236	126	116	3	239	243	223	161	240	107	72	239	60	30	143	186	149	120	179	153	
60	205	102	238	148	10	110	253	117	128	250	2	107	105	60	64	120	239	63	227	232	187	77	255	178	239	175	132	55	187	240	136	
206	110	222	244	110	42	239	136	249	162	242	218	221	235	25	219	243	229	127	175	96	245	207	202	148	190	207	12	132	241	107	32	
75	82	255	100	104	62	121	26	57	238	246	237	94	191	199	126	166	245	253	142	141	87	227	192	215	251	113	138	230	245	38	119	
47	179	113	65	237	253	241	27	107	125	53	60	154	28	222	188	141	26	214	24	151	120	251	208	79	217	49	247	203	140	222	247	
71	50	243	117	246	47	249	90	123	187	51	249	222	255	213	62	183	221	119	53	176	242	137	192	222	158	81	182	199	225	67	167	
88	114	251	228	99	124	121	18	169	206	182	236	159	55	195	126	38	213	253	136	137	71	241	192	215	241	112	137	170	245	38	123	
2	205	2	158	148	131	174	230	22	0	90	2	96	234	49	64	120	106	19	195	98	186	10	255	32	38	142	136	21	123	48	136	
53	205	73	43	20	3	79	248	86	32	233	194	115	65	185	96	89	200	10	238	75	178	77	63	252	174	165	52	125	187	80	40	
10	189	210	254	226	169	60	247	191	19	120	185	173	255	36	24	167	251	247	144	18	250	138	243	254	255	119	202	198	208	167	155	
2	141	2	155	148	163	170	231	22	1	90	18	96	234	48	64	121	106	19	145	50	186	9	255	40	6	158	192	149	74	176	136	
34	173	162	139	212	163	174	239	86	1	88	2	96	232	48	64	121	106	19	145	146	186	8	255	40	6	158	192	149	90	176	136	
33	253	123	69	244	15	238	255	121	168	122	104	94	187	149	48	190	252	70	104	193	187	129	95	62	188	39	132	73	186	195	169	
194	141	134	159	140	162	172	231	180	19	218	18	104	226	48	67	121	102	42	161	112	221	11	239	60	38	222	192	132	120	177	8	
194	213	246	254	190	34	220	191	159	187	123	179	237	255	60	67	151	255	181	165	242	237	11	255	170	254	223	150	151	244	193	89	
54	165	114	235	246	43	254	252	127	160	251	130	207	111	29	16	254	223	95	243	186	178	77	254	190	220	143	198	247	255	225	129	
2	137	146	155	214	131	190	199	62	1	90	130	44	206	48	64	127	59	147	145	82	152	10	255	60	6	158	192	149	4	161	153	
219	255	166	127	169	244	61	255	183	95	214	181	251	255	170	127	237	126	255	132	239	207	251	191	255	251	254	139	178	212	164	255	
218	253	246	254	190	182	220	191	159	219	246	177	108	255	181	123	151	119	253	133	234	205	171	255	170	255	223	146	134	244	225	95	
180	165	70	143	220	139	238	237	63	160	251	10	238	234	40	81	122	207	110	226	120	251	73	255	188	50	143	116	85	59	243	128	
182	197	118	239	254	11	254	253	125	32	243	146	239	111	60	65	254	215	31	227	248	190	77	255	190	250	207	198	119	191	241	129	
82	188	246	191	250	160	188	231	191	83	218	179	173	254	50	73	231	247	255	149	178	73	131	255	188	118	222	202	148	84	161	89	
198	205	212	159	246	40	238	239	189	18	185	18	236	106	40	83	123	227	95	162	112	111	72	255	188	54	223	132	149	122	225	136	
182	205	86	159	236	11	238	237	61	34	243	26	238	106	60	65	122	207	127	227	120	247	75	255	180	186	207	132	117	58	241	128	
153	150	172	155	221	221	181	253	158	95	213	55	252	246	170	229	125	138	238	133	247	107	127	215	255	103	255	253	155	76	189	247	
230	204	118	255	108	10	254	252	125	2	243	146	237	111	61	67	255	245	63	227	224	246	79	239	182	250	207	134	23	190	241	137	
143	181	246	255	190	179	222	187	31	251	95	179	77	253	190	33	151	95	245	55	246	252	43	247	170	223	221	198	215	238	209	87	
47	179	113	97	237	253	240	83	239	125	53	125	142	156	222	174	175	25	223	17	151	120	241	208	79	217	49	247	207	140	215	247	
63	179	220	209	223	251	233	89	223	253	181	30	206	234	95	139	123	141	238	185	151	115	255	208	156	31	239	245	253	105	95	213	
3	173	226	155	212	129	174	199	30	65	88	147	40	236	54	0	127	235	19	149	150	186	12	255	60	14	159	224	149	94	177	216	
79	122	254	119	99	126	57	144	59	238	118	237	253	255	199	191	183	253	253	150	133	213	175	232	86	255	127	131	238	247	47	255	
125	91	123	110	116	30	111	112	96	200	127	108	115	81	179	48	62	228	84	110	201	178	37	12	114	237	32	128	111	179	98	33	
103	34	247	197	106	46	249	26	43	161	242	233	156	191	213	126	166	253	127	156	128	210	195	192	86	186	90	130	199	225	99	173	
109	50	253	97	125	127	241	88	239	252	55	108	222	221	215	190	182	61	254	124	149	113	235	208	95	217	33	247	202	175	79	247	
0	141	2	136	20	131	174	231	6	0	88	2	32	202	32	64	120	42	2	192	82	184	0	255	32	36	138	64	21	10	176	136	
60	205	100	238	188	147	78	253	69	128	254	2	115	105	180	112	88	230	31	234	216	170	109	191	250	255	165	212	119	186	240	8	
104	86	213	189	77	90	237	56	120	246	246	134	253	107	19	219	123	197	238	171	105	119	247	207	212	227	251	133	47	188	125	88	
2	141	2	152	20	130	170	103	20	1	90	2	40	234	32	64	120	43	19	128	82	152	0	255	32	36	138	192	21	8	177	136	
2	141	10	157	20	130	170	103	52	1	90	2	40	162	48	64	122	43	19	129	18	152	0	255	32	38	154	192	21	0	177	136	
34	169	2	138	212	131	170	101	6	1	120	2	32	200	48	64	120	42	19	209	82	186	0	253	56	4	138	200	85	10	240	136	
2	141	98	136	86	131	170	103	4	1	88	2	40	200	52	64	126	43	19	193	210	186	4	255	32	12	138	200	21	14	177	136	
0	157	23	189	188	141	188	183	190	27	218	96	188	247	33	64	199	115	127	1	99	201	67	255	237	182	126	144	144	80	161	57	
54	205	102	238	220	139	206	253	117	32	251	2	107	233	60	64	120	239	31	227	248	187	73	255	178	238	135	128	119	187	240	8	
226	221	144	150	253	7	190	239	153	163	184	90	236	122	52	3	255	243	91	161	112	107	88	239	61	30	223	58	149	120	179	137	
178	221	118	95	181	223	92	175	127	95	254	181	42	252	54	116	215	251	189	133	254	248	119	247	59	126	20	211	87	220	244	95	
118	73	102	238	12	2	78	252	229	128	243	2	107	235	61	83	120	228	127	226	200	163	137	236	178	234	199	152	103	187	242	8	
27	157	50	221	189	213	92	247	31	79	92	54	170	254	166	228	223	58	151	136	254	152	115	247	235	223	148	195	50	220	236	255	
226	141	177	214	221	239	188	239	155	35	168	26	236	126	28	16	251	215	123	145	51	107	216	255	61	62	159	127	197	72	231	138	
1	205	21	253	180	170	108	191	190	19	74	80	245	35	128	225	103	102	110	8	115	216	65	127	172	182	126	192	156	208	129	41	
252	77	102	230	20	2	110	252	117	128	254	10	107	233	61	81	122	228	127	235	232	179	141	238	242	239	231	144	103	251	114	136	
207	124	246	247	103	62	254	156	57	202	254	183	253	255	223	127	247	253	255	231	164	244	173	234	247	255	239	130	135	247	103	255	
253	83	123	110	118	26	75	120	97	200	247	238	123	89	187	48	62	236	20	110	201	178	36	14	114	237	32	128	111	179	98	241	
34	205	34	158	84	131	174	231	86	0	88	2	96	232	49	64	120	106	19	193	226	186	0	255	48	38	143	136	21	120	176	136	
2	201	18	155	214	131	190	231	30	1	90	130	44	206	48	64	127	59	19	209	82	152	10	255	60	6	158	192	21	14	177	153	
2	141	2	155	148	131	174	231	22	1	90	2	96	234	48	64	121	106	19	145	50	186	8	255	40	6	158	192	149	90	176	136	
2	233	98	155	212	131	174	199	22	65	88	131	40	206	52	0	127	107	19	213	210	186	12	255	60	14	159	224	149	30	241	200	
82	141	242	186	234	160	190	231	191	65	90	131	173	238	50	80	247	251	191	149	146	155	138	247	188	118	158	202	180	86	161	217	
53	237	73	175	214	131	198	236	86	160	200	194	115	225	57	64	120	232	2	238	107	178	93	63	188	132	133	36	125	187	240	160	
66	141	134	159	212	162	46	231	182	3	218	18	104	226	48	64	113	111	59	129	112	221	139	255	60	38	223	128	132	112	177	136	
26	185	210	255	242	137	126	247	63	1	120	162	45	239	100	16	191	251	247	208	18	154	138	251	190	255	30	234	246	210	163	153	
38	188	244	222	252	187	222	223	159	251	112	187	236	253	246	41	159	255	247	23	178	123	235	243	62	126	223	254	215	253	211	213	
33	175	91	69	116	143	239	119	120	168	122	104	61	187	180	48	190	175	6	104	193	187	128	94	116	188	39	128	73	160	227	169	
56	205	112	239	188	155	78	254	71	160	254	10	123	105	180	64	90	238	31	120	216	186	109	189	254	253	165	208	119	154	240	136	
219	244	246	255	170	181	92	255	191	91	214	177	110	255	190	127	215	223	253	133	254	223	235	247	250	127	221	154	150	212	160	95	
65	157	151	253	184	141	44	183	190	9	90	96	188	247	32	224	199	51	63	9	83	137	83	255	165	182	126	138	24	72	161	57	
226	173	182	218	221	239	208	207	91	51	168	26	110	248	76	25	249	151	115	145	58	107	218	247	153	30	223	127	193	72	226	138	
124	205	102	238	148	2	110	253	117	128	254	2	107	105	61	81	120	229	127	235	232	179	201	238	178	239	199	128	103	187	242	136	
11	156	242	221	61	245	88	247	223	95	124	55	170	190	54	100	207	59	183	128	190	152	114	247	235	95	150	203	22	204	236	223	
194	133	246	254	190	35	220	191	159	179	243	146	237	239	60	75	183	215	127	163	242	237	139	255	170	254	223	214	151	252	193	1	
223	146	172	185	253	223	177	249	151	125	149	191	223	253	234	239	253	148	255	181	191	111	251	149	223	219	255	255	191	140	189	247	
158	189	246	251	190	179	222	251	159	251	95	179	205	255	252	41	151	127	255	183	178	253	175	247	170	255	205	214	215	239	209	85	
31	205	110	239	182	18	255	253	117	192	254	130	121	111	190	96	126	255	31	238	216	152	45	253	254	237	175	192	55	191	240	233	
29	51	174	145	255	255	177	89	254	253	183	63	216	222	195	175	125	140	254	181	151	123	255	208	223	67	235	247	207	45	127	247	
62	205	102	238	212	139	78	253	85	32	250	2	107	105	60	64	120	239	31	227	248	187	73	255	186	239	143	128	119	187	240	8	
0	205	2	158	148	131	174	231	22	0	88	2	96	234	33	64	88	106	2	192	98	184	8	255	32	38	134	8	20	90	48	136	
122	50	222	197	79	126	233	90	235	237	244	78	137	142	215	158	106	173	255	153	137	243	247	192	151	185	251	169	239	229	111	253	
2	141	2	136	20	130	170	231	4	1	90	2	40	202	48	64	104	42	19	193	82	152	0	255	32	36	138	192	21	10	176	136	
121	82	239	156	109	94	117	120	179	254	246	111	122	247	131	255	124	228	254	174	205	119	247	201	215	99	243	159	43	188	126	255	
16	141	10	188	20	130	42	103	52	1	90	2	49	162	32	64	104	43	19	128	82	152	0	63	224	167	186	192	16	0	161	136	
180	197	70	159	220	11	238	237	61	162	243	26	206	234	60	81	123	207	110	227	120	247	75	255	188	186	207	68	117	59	225	128	
79	114	254	245	123	126	185	88	171	236	246	229	221	255	215	190	182	125	253	181	133	209	179	200	222	251	107	131	238	247	47	247	
35	178	113	193	236	157	248	83	239	249	181	121	142	156	212	175	175	153	223	21	151	120	226	208	30	89	18	242	199	140	219	215	
143	213	116	255	238	27	254	189	93	234	247	179	205	127	158	101	255	213	191	239	244	244	109	255	254	251	207	198	55	191	241	85	
182	197	118	255	238	11	254	253	125	162	243	18	205	107	60	65	255	199	127	227	240	247	77	255	190	250	207	196	119	191	241	129	
196	204	196	159	220	40	238	239	191	147	249	18	236	106	41	67	123	227	110	162	112	111	74	239	188	54	223	12	149	122	225	136	
194	164	148	144	153	252	148	175	187	63	138	25	172	186	78	207	129	23	233	17	118	77	211	211	141	82	95	127	128	68	141	14	
79	50	254	97	123	127	185	88	239	253	54	173	159	157	199	190	166	157	255	117	133	241	167	192	222	217	35	247	206	135	15	247	
86	233	150	150	153	203	182	230	191	146	234	1	236	242	101	207	233	239	234	83	100	203	154	232	185	54	95	11	128	119	175	142	
194	173	148	31	217	237	180	167	190	31	74	17	172	178	68	199	129	123	234	1	118	76	211	119	45	54	94	107	144	84	141	142	
132	205	134	158	217	128	166	230	188	130	74	2	228	226	33	193	241	107	42	194	100	203	10	111	61	38	222	11	0	115	169	142	
6	173	212	159	252	171	238	239	159	179	120	18	236	234	116	73	123	235	63	145	50	88	203	255	188	30	223	236	149	121	241	128	
34	168	246	222	252	171	248	238	191	243	208	139	236	238	117	9	191	255	255	149	178	251	142	249	30	62	223	250	197	236	3	217	
98	180	246	222	238	147	252	255	63	123	242	187	236	255	252	121	215	223	255	133	178	255	235	211	30	126	223	158	151	212	227	93	
91	178	228	249	111	223	121	123	191	125	151	191	223	221	254	111	239	157	255	149	159	95	235	213	223	219	251	255	182	140	180	247	
158	188	246	251	190	179	216	249	159	243	247	179	207	255	253	105	191	255	255	181	186	253	191	254	154	254	223	254	151	237	113	85	
43	50	116	241	237	217	249	83	233	253	180	190	142	12	214	187	174	177	223	21	151	111	242	192	222	217	58	251	207	140	79	213	
15	50	254	225	127	126	249	88	47	236	246	165	157	159	215	62	174	189	255	149	133	240	227	200	207	217	43	131	206	165	39	247	
121	115	123	96	98	94	249	80	105	236	182	236	31	31	199	182	190	149	221	252	141	179	181	200	214	217	34	178	79	134	111	253	
123	50	238	197	111	126	249	90	235	253	246	239	153	158	215	190	238	157	255	148	143	243	247	192	215	249	186	187	239	141	127	255	
107	90	230	221	111	94	249	82	187	254	246	175	136	159	182	254	238	188	255	140	197	247	247	192	87	123	243	139	111	172	126	255	
16	205	14	188	148	131	174	231	132	0	218	2	49	234	48	64	104	43	31	193	122	137	0	189	160	229	170	192	21	24	176	136	
2	141	130	159	212	162	174	239	62	3	218	2	104	234	48	64	121	239	59	129	82	153	139	255	60	38	158	192	148	90	177	8	
62	205	102	238	220	11	78	253	85	160	250	2	107	105	52	64	120	239	31	227	216	187	73	253	178	239	143	132	119	187	240	136	
98	173	150	154	221	173	204	239	219	55	168	27	174	234	60	4	233	163	107	17	122	107	218	247	185	182	223	123	209	72	247	138	
2	188	115	217	61	245	248	231	223	93	248	51	168	188	54	100	239	187	191	129	150	58	114	247	15	126	154	235	150	12	245	223	
124	205	102	238	156	2	78	252	117	128	254	10	107	233	61	81	120	236	127	235	232	163	201	236	178	239	199	132	103	187	242	136	
65	157	27	253	184	132	36	55	190	9	90	96	180	183	32	96	196	59	63	8	83	152	146	127	173	182	58	202	24	0	161	57	
27	223	67	200	86	147	174	247	85	64	88	230	41	202	180	228	126	170	150	237	231	186	36	255	62	12	174	200	63	142	249	189	
56	201	114	239	54	139	78	252	69	32	254	10	107	105	180	80	122	228	31	106	200	187	77	189	254	253	165	208	119	186	240	8	
118	172	150	250	205	237	144	207	219	179	160	24	46	251	108	155	233	187	233	17	62	111	218	243	153	214	85	127	209	72	238	10	
52	239	66	97	180	139	70	164	102	160	250	234	83	97	145	16	24	236	76	126	73	176	77	62	184	134	165	20	109	187	90	0	
1	175	91	117	116	139	239	119	124	136	122	64	183	227	176	16	122	42	6	12	64	184	132	78	100	172	34	0	69	136	227	169	
26	185	242	239	114	139	250	244	47	1	122	162	109	207	36	16	126	251	151	208	194	184	8	253	190	253	38	194	119	130	163	153	
49	205	75	173	214	139	198	239	86	160	200	66	115	225	49	64	120	232	2	234	104	186	93	31	188	134	133	36	117	122	80	168	
132	173	134	159	220	171	174	239	190	147	218	18	236	226	104	67	123	239	110	130	50	217	75	255	188	38	223	68	149	120	177	128	
6	173	212	159	254	131	254	239	159	179	208	18	236	234	60	67	255	239	127	129	114	73	203	253	188	190	223	236	181	120	225	137	
38	173	226	219	212	171	238	239	95	163	120	18	104	232	125	16	121	235	23	147	186	250	202	251	62	14	135	228	213	123	242	128	
2	169	214	158	254	130	252	237	191	147	240	130	236	238	60	67	255	111	127	193	114	203	138	253	188	190	223	238	149	114	225	137	
