菁纯柔润唇膏（丝绒雾面版）套装	#397（丝绒）醉了 Lily Collins奥斯卡晚宴色	http://www.lancome.com.cn/on/demandware.static/-/Sites-lancome-master-catalog/default/dw0644dccc/images/LAN_PRO_IMG/Product Set/LAN00284/L9604700U.png	http://www.lancome.com.cn/dw/image/v2/AARM_PRD/on/demandware.static/-/Sites-lancome-master-catalog/default/dw495b75db/images/LAN_PRO_IMG/PRO/397-1.jpg?sw=490&sh=490&sm=fit
169	147	40	41	221	189	208	43	87	125	124	31	139	168	126	0	200	138	134	21	158	58	118	149	15	89	144	255	91	12	216	222	
169	204	58	93	149	223	229	247	87	38	100	18	179	57	50	36	89	170	2	8	248	188	112	191	103	223	20	97	115	216	212	170	
77	160	144	24	233	124	113	139	235	93	36	24	142	178	78	255	129	10	232	28	22	110	186	209	79	217	83	111	210	69	207	198	
245	78	143	239	44	6	79	48	196	202	211	68	243	97	177	107	88	228	60	238	233	167	81	12	224	171	226	0	24	171	112	32	
3	185	191	93	118	158	177	99	251	89	116	22	48	188	182	39	172	58	18	13	183	248	180	205	15	56	18	130	205	8	115	255	
124	77	246	237	157	210	118	244	149	140	222	3	73	251	35	194	248	244	175	226	108	179	3	238	243	239	231	131	55	63	252	3	
221	124	29	115	170	239	85	158	183	254	38	60	223	119	73	59	167	215	124	114	107	212	249	60	233	195	117	84	170	241	135	113	
125	85	45	96	136	111	71	248	225	234	165	72	211	119	1	187	16	192	76	110	41	35	120	28	241	203	97	52	234	243	70	112	
33	131	213	77	154	47	162	15	78	33	106	194	227	32	132	100	30	94	98	56	17	184	117	29	44	174	5	80	217	234	193	172	
39	110	131	128	236	39	162	202	94	251	152	90	148	248	249	168	217	73	18	159	135	119	172	224	25	22	207	254	152	121	51	164	
43	176	160	83	233	253	209	87	131	125	183	61	170	156	78	158	141	154	213	17	159	126	242	161	95	89	84	243	203	76	222	255	
11	50	166	173	61	158	184	86	235	73	217	231	172	140	182	162	174	41	223	149	135	169	164	197	14	125	154	195	79	6	123	221	
25	13	231	205	181	54	111	51	69	198	206	2	249	41	183	100	88	102	57	174	184	152	117	174	231	255	134	0	166	239	112	104	
61	143	194	235	148	187	234	248	71	173	223	198	99	233	187	196	120	234	30	252	158	177	109	191	190	205	175	244	191	203	88	196	
11	168	234	97	85	150	250	80	23	225	103	135	9	143	118	164	124	172	147	156	156	184	20	206	95	205	139	67	239	142	120	214	
76	252	159	247	170	78	55	247	178	187	0	120	189	247	65	27	167	119	125	2	113	221	154	40	237	195	127	32	168	112	135	187	
14	32	131	64	201	45	105	88	183	55	163	29	72	131	72	159	41	132	107	190	18	87	155	80	29	218	81	124	227	229	35	160	
9	204	58	127	69	253	177	102	92	3	102	18	185	249	36	109	185	58	34	8	97	188	50	191	79	223	86	64	83	88	105	170	
95	109	122	229	50	94	127	240	61	228	254	130	95	63	131	112	62	253	223	238	200	145	61	206	247	253	47	129	39	179	47	113	
236	180	157	126	233	126	87	190	51	31	236	24	210	117	9	63	153	214	108	106	57	102	251	35	239	255	85	31	194	123	198	99	
11	9	139	141	180	166	235	146	46	193	94	199	181	167	179	232	88	110	59	221	131	152	245	233	140	47	186	128	140	167	121	248	
45	100	242	238	246	187	255	216	95	195	125	202	95	200	253	160	127	249	23	159	131	182	172	218	118	77	39	172	255	255	115	165	
19	155	71	185	146	130	61	215	190	65	90	247	253	231	176	72	119	63	55	149	179	216	7	255	204	46	190	192	172	128	161	249	
13	206	7	189	134	6	172	183	84	18	82	214	221	35	176	235	71	69	59	175	241	148	69	220	228	35	239	196	62	185	177	32	
10	176	183	219	235	221	185	215	143	121	116	126	156	223	108	172	175	59	255	16	147	123	250	209	207	209	63	239	218	12	133	255	
31	93	121	231	242	78	127	248	61	224	127	166	223	127	137	112	54	221	95	238	193	144	61	238	247	237	39	132	45	179	35	241	
9	25	251	221	215	247	179	214	94	65	78	2	188	188	53	232	114	123	178	81	145	184	54	248	77	47	154	1	151	121	117	172	
26	179	46	161	62	131	152	49	140	205	158	231	173	15	146	2	238	161	221	181	142	137	69	205	218	81	171	211	12	140	53	91	
172	18	218	186	98	233	179	64	60	5	115	183	77	211	106	24	254	27	131	18	18	180	10	32	68	225	34	203	241	11	239	211	
188	215	115	106	243	251	87	248	245	2	125	250	75	213	173	180	63	210	134	106	251	165	42	191	51	205	37	79	119	251	230	181	
149	221	255	90	182	115	231	252	94	218	95	114	80	124	189	109	123	90	54	107	225	244	63	127	105	14	103	132	253	251	249	181	
90	147	105	160	42	129	24	49	6	188	146	231	173	143	224	64	230	181	253	197	72	9	131	212	218	225	239	247	60	36	37	27	
180	255	253	95	202	99	167	254	82	182	124	242	113	119	173	175	127	94	6	234	241	246	45	126	41	142	103	164	245	249	231	241	
18	159	6	154	150	163	190	231	148	5	218	231	109	234	50	192	127	235	143	181	62	153	14	255	184	102	142	195	156	78	185	156	
128	105	94	93	10	130	174	98	180	128	226	129	144	195	37	19	110	117	106	198	96	207	131	108	96	170	71	8	65	177	35	136	
188	255	209	234	211	35	95	220	19	134	253	191	89	231	233	213	127	218	135	254	106	7	40	58	123	207	165	172	179	247	166	241	
2	153	142	185	241	228	184	199	190	93	90	183	172	198	34	72	239	59	179	149	54	216	18	247	205	54	158	203	144	68	165	219	
19	141	235	219	150	162	239	247	94	65	90	210	121	236	180	96	127	171	23	157	179	185	44	255	124	46	190	192	181	200	241	252	
3	89	163	138	246	196	185	196	206	193	90	103	188	158	119	96	230	107	51	213	135	152	182	224	60	60	142	138	156	31	49	223	
248	13	250	227	244	186	123	18	121	1	127	18	155	11	148	120	106	174	23	152	154	184	225	230	198	253	178	128	229	203	194	161	
193	6	221	229	112	46	105	19	121	171	118	112	191	35	129	122	38	46	61	156	177	220	225	74	198	255	114	128	200	224	67	41	
168	37	106	97	244	10	111	119	113	160	247	26	19	9	144	49	122	172	70	56	248	186	101	14	126	237	176	64	101	136	194	160	
14	184	187	146	233	253	185	71	175	221	181	189	140	223	102	30	175	59	255	149	19	75	186	209	95	81	31	235	194	4	167	243	
110	187	186	186	233	244	185	67	171	221	181	61	172	254	102	26	207	163	255	149	150	75	162	224	223	81	158	251	130	68	175	215	
161	173	251	85	246	239	189	71	88	201	120	18	52	189	52	32	186	58	19	13	227	186	48	75	119	12	36	130	197	232	227	171	
124	249	154	238	185	76	87	253	163	140	172	9	63	255	64	82	182	255	237	66	90	11	154	33	251	237	37	63	98	178	238	11	
3	188	174	152	237	245	184	199	222	95	88	23	172	190	118	104	205	43	179	149	150	74	114	241	13	54	222	107	144	76	189	222	
78	56	175	184	233	236	185	83	171	221	148	189	172	191	86	30	207	59	255	21	18	75	242	224	95	81	222	235	134	69	167	251	
151	150	202	151	242	42	109	159	63	227	119	247	89	35	155	93	119	206	55	188	177	212	13	78	94	46	255	196	175	245	248	209	
149	68	227	77	150	50	239	112	116	194	243	82	83	96	181	100	126	228	62	174	233	182	109	142	176	238	167	128	239	251	112	100	
35	253	194	14	221	31	230	237	93	234	248	78	106	248	183	180	248	238	182	111	221	186	212	254	54	62	135	42	95	126	250	140	
143	30	231	151	226	114	111	118	49	207	95	246	73	46	147	239	109	255	151	175	253	214	45	234	54	99	254	129	167	245	188	252	
20	253	139	190	218	195	191	204	22	132	88	163	117	255	43	0	255	251	3	211	66	155	10	63	249	135	175	169	181	123	165	211	
231	73	238	212	199	22	254	97	217	198	247	31	72	249	119	31	234	229	179	231	228	247	182	232	51	122	197	11	7	253	254	198	
125	173	155	84	213	110	103	251	115	155	238	24	83	117	72	54	217	222	100	122	123	227	251	42	123	255	69	77	195	104	246	162	
182	96	174	147	133	102	188	200	154	182	177	147	73	236	127	10	253	125	211	183	36	247	152	194	153	222	223	167	197	127	247	214	
2	144	156	191	168	36	189	175	142	31	90	37	236	119	43	74	199	83	187	5	0	128	27	241	197	54	94	135	144	126	165	91	
248	182	158	48	169	171	84	207	179	63	164	57	15	187	72	155	137	215	237	16	58	111	194	17	219	211	117	127	226	72	206	11	
20	221	59	235	150	199	55	252	52	128	202	2	247	247	41	64	114	121	31	242	105	177	56	63	233	167	47	68	48	123	165	179	
54	125	251	254	214	195	191	237	22	132	120	163	113	255	33	0	255	251	19	243	82	179	26	127	121	135	175	137	53	122	165	210	
60	121	122	98	117	221	87	248	65	172	252	8	127	89	25	48	184	248	213	106	202	51	120	189	243	205	37	61	99	187	86	43	
177	68	101	205	68	35	239	254	85	34	244	66	83	33	181	101	120	204	22	234	233	182	101	191	118	170	226	132	119	249	112	168	
176	197	105	237	92	11	103	254	87	34	252	10	83	1	176	113	120	140	23	234	233	182	109	31	246	137	161	180	117	184	80	168	
201	200	47	252	32	146	77	182	212	90	70	176	249	103	178	109	70	98	61	206	233	205	39	189	226	251	254	128	22	149	48	104	
189	12	229	205	6	50	239	122	84	194	242	210	249	46	149	237	126	204	54	238	233	254	101	234	180	234	234	128	127	249	112	188	
101	36	141	49	168	102	104	10	54	251	227	80	209	114	88	123	201	143	126	157	63	212	203	0	141	186	251	196	136	65	114	160	
221	76	255	118	160	110	71	150	117	171	174	16	243	115	1	122	49	228	124	42	41	197	121	42	243	239	101	16	162	241	96	40	
3	45	173	133	148	167	172	71	94	163	88	198	177	40	53	33	76	43	19	141	192	248	85	232	37	12	142	32	221	88	209	168	
11	182	221	255	254	38	120	158	31	251	86	118	253	243	201	239	247	79	63	156	163	212	203	234	206	255	255	132	158	248	41	41	
248	104	148	96	9	190	80	134	227	178	164	8	15	19	65	159	129	244	236	88	12	111	193	136	219	249	85	63	226	52	74	10	
35	18	136	153	84	181	152	79	30	69	221	151	1	142	62	72	221	139	19	156	159	154	119	213	6	15	154	192	157	201	248	212	
246	6	108	136	108	51	206	106	17	246	148	255	2	108	151	143	95	128	215	167	172	39	68	218	18	27	201	191	221	253	94	85	
0	148	156	159	180	34	61	175	30	3	74	118	252	114	40	65	211	95	50	129	51	220	83	255	172	54	254	2	156	88	177	9	
157	143	69	253	149	131	238	184	84	18	194	214	209	97	176	197	120	192	42	238	177	188	93	191	36	235	226	68	127	169	112	32	
113	203	3	162	22	36	106	86	100	32	218	70	23	2	208	80	110	143	14	197	137	187	69	101	176	132	170	128	45	10	56	9	
60	253	185	107	221	79	215	236	87	253	173	24	82	121	78	24	217	222	67	122	122	115	249	54	123	223	5	127	211	123	198	226	
225	160	149	26	236	173	96	79	202	51	161	88	182	248	76	59	129	2	106	17	55	111	218	81	29	26	81	122	216	72	219	142	
95	13	231	229	145	18	111	49	165	196	207	199	249	102	147	231	116	230	253	254	189	217	61	142	234	239	175	128	167	230	240	116	
153	140	71	190	148	162	111	247	84	195	222	214	113	227	176	228	125	238	62	141	185	155	5	239	248	175	190	128	189	232	184	56	
2	239	130	155	237	201	180	199	158	21	72	183	172	142	98	73	203	43	131	17	86	88	18	241	45	16	30	107	16	92	189	218	
153	119	111	37	34	90	63	56	100	204	94	228	221	6	147	113	118	28	221	238	193	144	165	12	228	233	42	128	44	182	35	241	
194	20	188	149	170	106	188	15	190	115	11	177	204	62	136	203	167	87	251	17	176	204	67	226	140	50	94	151	148	244	141	113	
3	43	194	169	176	164	170	214	46	193	88	199	173	142	209	64	238	255	23	213	159	154	134	224	172	164	170	136	141	147	35	216	
33	141	111	78	148	147	239	245	84	64	124	70	112	224	182	100	88	106	18	111	241	184	44	63	104	46	167	192	93	250	240	236	
71	252	133	159	143	54	174	172	158	251	66	87	252	250	89	239	181	71	123	191	247	69	155	255	44	46	223	252	156	117	185	149	
85	85	223	228	160	100	109	181	160	210	134	4	215	247	73	251	37	213	61	234	73	209	179	64	211	233	231	12	40	243	162	48	
52	132	73	171	254	35	163	59	22	57	121	250	211	121	200	0	93	26	55	56	51	54	75	23	76	142	179	252	245	203	208	161	
49	141	107	254	212	163	239	247	84	65	254	66	113	233	180	96	121	234	23	137	187	187	44	255	120	175	166	192	245	202	240	168	
95	64	143	165	2	98	41	12	52	215	199	135	221	231	59	202	118	196	185	188	9	213	181	136	197	231	250	132	174	247	61	112	
252	62	156	122	171	168	80	19	178	159	165	57	15	227	66	27	129	183	237	16	56	111	194	2	219	227	117	121	224	104	142	3	
29	135	126	239	178	3	95	249	4	64	223	226	219	103	186	97	126	183	31	238	216	137	109	189	250	233	170	212	55	163	168	97	
207	221	174	159	164	54	239	183	116	95	95	86	241	114	191	239	89	102	53	239	249	212	125	175	36	63	254	128	140	119	240	101	
212	114	155	228	34	0	22	80	161	168	163	104	23	211	233	18	182	253	76	226	73	87	136	64	176	160	47	174	40	50	35	3	
96	185	223	190	170	204	21	228	170	29	186	41	118	247	64	26	174	247	109	194	82	107	154	117	217	178	119	91	65	18	167	251	
187	148	101	157	79	118	141	107	85	82	196	150	121	126	186	239	95	147	179	175	237	214	119	223	21	42	218	128	63	228	48	244	
221	124	191	119	176	110	75	158	114	235	166	24	255	119	193	123	53	246	124	124	169	213	185	42	249	239	101	16	162	241	129	40	
217	211	118	239	42	18	95	57	165	68	183	166	127	87	170	119	102	213	253	234	233	129	37	237	242	251	98	144	47	182	160	113	
74	58	189	188	237	252	185	142	235	95	148	189	172	174	119	122	199	99	255	21	150	75	242	241	223	115	90	187	150	77	47	223	
92	201	82	232	170	0	124	249	165	16	98	224	93	163	96	82	38	213	173	226	80	9	139	192	248	225	79	77	34	162	169	2	
38	77	194	158	212	131	174	193	22	130	89	2	96	202	33	64	120	232	2	194	96	183	10	254	48	38	143	136	149	123	240	128	
208	210	62	240	42	201	85	119	182	63	167	185	87	199	66	19	167	145	109	2	104	79	10	17	243	195	117	125	112	240	133	99	
2	48	180	145	172	160	184	10	190	219	82	179	172	254	81	74	167	127	187	149	178	92	139	209	12	18	223	198	148	68	1	209	
178	197	20	206	29	85	86	236	139	22	172	10	106	255	47	151	216	210	202	98	110	35	122	255	179	248	192	59	83	63	110	14	
85	64	172	171	140	69	158	136	198	116	147	3	211	88	123	106	217	65	125	115	142	37	95	176	249	203	239	253	181	59	213	66	
2	50	180	145	171	245	184	75	30	251	90	53	140	190	86	42	135	31	179	17	150	92	243	192	13	18	219	235	132	68	5	223	
101	208	145	79	229	94	70	153	107	122	33	92	210	112	92	182	153	76	112	42	217	52	249	19	39	253	1	52	88	35	202	180	
29	151	99	235	182	163	235	250	4	65	219	230	219	111	184	96	126	155	31	189	153	145	45	159	232	197	175	196	191	203	53	241	
92	213	95	238	50	70	71	184	164	0	203	0	87	119	41	113	114	212	125	106	105	129	57	45	241	235	39	20	32	179	165	50	
155	140	104	225	68	0	250	246	117	43	82	211	59	27	144	33	123	139	23	207	238	188	5	167	214	207	186	129	39	129	122	139	
57	200	164	255	29	247	68	191	87	97	206	2	251	189	50	228	89	166	187	8	9	168	113	189	227	255	212	81	146	222	220	106	
82	95	23	191	61	194	119	228	189	204	218	39	111	254	39	198	252	253	175	195	77	177	137	239	181	246	206	131	48	62	125	95	
117	226	236	168	28	45	74	218	19	91	144	223	147	73	91	11	89	192	93	127	158	103	95	177	218	223	161	252	253	189	122	82	
212	6	188	247	172	104	53	3	188	159	151	48	213	55	73	75	227	87	109	130	48	197	171	66	197	227	254	135	128	113	37	35	
94	95	214	239	61	210	126	244	181	140	218	35	107	191	51	196	248	245	191	227	76	187	131	238	243	247	142	131	39	191	124	27	
196	76	158	61	8	131	168	34	180	154	226	80	241	163	1	11	41	101	106	142	96	253	67	106	4	162	115	0	65	241	33	8	
111	178	233	115	233	125	153	218	107	125	181	189	154	28	222	190	141	159	221	21	159	98	250	129	223	89	48	255	207	205	158	247	
100	32	130	88	9	181	192	72	178	130	161	8	194	194	101	184	217	104	106	186	12	103	218	16	27	148	195	125	192	99	106	6	
41	167	112	97	245	27	101	55	117	167	126	24	155	33	210	180	59	140	230	60	248	248	229	142	238	223	53	84	238	204	202	160	
179	245	106	174	114	132	186	117	56	76	121	223	61	206	62	16	254	171	19	165	231	159	16	207	114	76	174	168	13	70	35	219	
51	150	104	154	118	180	122	249	27	79	117	247	104	75	190	81	255	139	23	174	182	150	156	215	94	111	176	238	61	143	250	215	
21	183	78	235	156	191	195	248	199	232	191	102	115	104	191	97	120	226	94	254	191	161	45	189	186	204	167	208	61	139	80	85	
252	190	158	184	171	168	84	71	179	159	160	189	15	227	66	219	135	183	237	16	62	79	194	0	218	243	116	123	234	68	142	19	
94	125	114	231	83	94	126	240	61	172	254	3	95	123	17	208	118	253	255	234	76	147	153	238	247	237	175	129	39	183	47	131	
58	150	122	127	114	166	185	119	60	143	121	247	121	111	190	1	254	59	135	132	224	184	36	79	68	143	186	129	69	194	101	249	
27	143	195	189	146	130	110	247	182	65	94	214	125	231	176	228	119	239	63	141	241	153	4	255	252	175	190	192	175	132	169	185	
31	77	122	231	114	94	127	240	61	228	254	130	93	127	147	112	54	253	95	238	192	144	61	238	247	237	175	132	39	179	39	241	
93	13	133	205	165	38	79	186	69	72	222	66	218	51	145	102	84	198	60	236	9	152	113	204	192	190	226	132	186	243	112	41	
61	100	250	238	118	51	238	216	126	192	125	202	93	200	253	160	127	249	23	255	131	178	172	218	242	205	47	164	255	251	107	161	
11	184	51	217	237	221	185	215	143	121	116	126	188	222	100	236	239	59	255	17	147	107	186	241	31	209	62	235	222	12	141	255	
19	143	7	158	156	162	174	231	148	64	218	199	104	234	176	197	124	227	26	229	253	155	13	255	184	38	142	192	156	110	184	92	
2	153	135	185	249	228	56	199	190	89	90	81	188	247	32	72	205	59	187	149	18	200	82	245	141	54	190	202	152	68	165	251	
2	146	238	95	98	182	185	112	124	13	127	231	105	236	190	40	190	59	151	129	150	184	47	77	70	47	250	131	213	194	101	207	
10	184	179	216	233	253	185	87	175	89	52	253	188	159	102	158	207	59	255	21	147	75	242	241	79	81	190	235	142	4	167	251	
245	176	201	168	28	45	74	152	23	243	144	223	211	72	88	170	157	192	93	119	191	103	223	51	153	158	137	124	253	169	88	80	
189	221	126	122	247	59	246	252	85	82	125	242	123	125	191	37	63	210	134	106	229	229	60	191	122	207	101	69	255	251	232	151	
71	249	132	157	142	83	172	174	222	250	210	110	252	250	211	239	243	69	122	253	229	203	215	221	60	42	255	254	172	116	57	93	
27	205	107	251	148	131	239	247	86	65	94	194	121	239	180	96	127	171	23	189	251	185	44	255	120	47	174	192	181	138	241	232	
189	220	252	88	194	115	254	254	86	146	252	242	91	117	173	189	127	218	134	250	245	230	63	126	123	207	101	5	255	249	238	177	
201	6	222	245	244	174	121	19	121	139	118	112	159	35	128	122	134	62	124	28	177	252	193	74	206	255	50	192	138	192	195	169	
34	176	169	155	237	253	176	143	158	95	88	21	172	188	122	106	201	27	187	21	150	106	242	241	13	22	222	251	144	76	149	223	
218	30	156	188	170	57	88	11	182	63	130	189	175	171	107	219	167	215	237	133	62	79	130	49	210	227	120	191	184	69	11	27	
32	191	253	85	202	99	173	255	18	178	124	246	81	39	197	175	95	94	114	184	249	250	231	94	111	175	247	164	247	248	198	185	
143	185	126	211	244	156	123	144	63	89	119	48	189	95	253	105	39	123	23	218	179	216	42	230	110	217	39	196	134	131	193	177	
253	76	227	109	148	50	207	123	85	194	251	82	83	40	181	100	120	204	62	174	185	182	101	142	176	238	167	128	253	249	112	100	
35	181	170	14	253	159	230	237	91	200	249	79	98	248	62	160	216	234	178	101	213	58	222	255	54	31	135	43	93	126	250	140	
172	13	122	251	244	168	123	144	121	1	119	18	155	43	157	121	238	171	23	216	186	152	96	230	198	249	178	192	228	139	226	161	
120	253	122	102	240	205	87	244	33	140	252	9	63	219	64	16	186	255	197	98	90	43	216	45	251	205	37	57	98	178	238	11	
168	100	111	227	116	11	231	119	117	161	247	26	147	9	144	49	106	172	70	40	249	190	97	78	102	139	244	64	103	136	210	168	
88	249	159	174	170	204	159	221	174	156	176	169	253	215	64	82	174	119	109	194	66	75	154	117	249	225	47	25	64	50	167	123	
157	12	229	253	196	50	239	114	84	226	211	214	243	44	145	233	127	206	54	143	185	254	101	234	132	235	254	128	173	249	112	172	
177	68	109	205	76	11	229	118	85	34	246	90	83	33	144	53	120	140	86	232	233	190	101	158	118	138	240	180	119	248	80	168	
16	77	123	237	22	67	143	252	20	132	218	162	247	127	33	64	126	253	31	227	104	145	77	46	249	167	175	132	37	186	53	250	
151	150	198	85	242	42	237	223	63	243	119	247	89	99	159	93	119	206	55	188	177	212	13	194	92	46	255	196	175	228	225	241	
236	212	253	127	233	127	87	159	123	255	175	56	222	119	201	63	149	214	108	42	57	100	251	18	255	255	117	126	210	240	198	115	
212	207	14	174	26	66	95	248	164	140	215	163	87	103	43	81	118	213	109	227	104	131	73	60	240	163	239	149	52	179	36	99	
197	117	221	71	96	30	110	184	121	232	127	108	223	115	141	247	54	84	124	106	225	240	249	76	38	187	101	132	74	243	75	49	
74	186	189	184	237	252	185	223	171	95	148	189	172	190	95	90	199	19	255	21	151	75	242	241	223	113	122	251	150	76	135	255	
178	147	33	169	188	133	214	45	30	105	209	125	182	28	56	0	221	139	29	5	255	46	65	151	169	84	186	246	28	12	144	91	
29	151	103	235	180	35	75	184	5	104	223	230	223	103	184	229	126	150	157	239	185	145	109	157	234	233	171	212	62	175	52	113	
108	148	221	125	169	127	81	155	127	191	167	56	214	245	73	126	145	84	108	24	41	116	251	26	223	255	117	126	210	232	70	51	
70	129	153	175	190	96	190	137	14	53	11	201	212	247	104	66	215	87	59	21	18	0	219	211	237	180	175	238	148	122	133	51	
69	118	220	71	116	30	102	152	109	170	127	108	211	80	157	115	150	68	108	110	229	244	77	12	38	187	37	132	72	243	75	5	
101	17	152	103	228	30	230	184	120	234	51	76	211	120	223	120	149	76	116	110	213	180	217	26	76	191	97	116	72	187	74	133	
67	222	173	158	43	252	20	55	171	91	15	109	172	190	134	247	165	119	253	1	199	73	178	245	179	115	120	219	26	4	143	95	
3	176	181	155	237	253	176	207	222	127	49	125	140	188	94	42	141	27	251	17	150	124	251	209	13	26	95	255	208	76	151	215	
36	77	194	158	212	131	166	105	150	130	121	2	96	232	49	64	120	106	2	67	80	179	8	255	48	38	135	8	85	123	176	128	
161	141	111	94	148	151	231	247	212	64	108	2	113	224	182	100	88	106	18	110	241	185	60	63	107	47	135	64	117	250	240	236	
154	224	83	200	83	214	106	110	245	128	108	18	40	211	36	244	122	184	146	248	106	191	48	207	59	201	131	75	51	128	108	44	
223	87	111	101	32	94	127	48	45	238	150	228	223	31	147	243	118	85	221	238	233	145	117	200	226	249	106	144	46	247	37	113	
72	191	29	101	180	10	100	183	108	25	74	96	247	51	128	114	129	86	124	40	17	152	65	45	236	255	118	64	8	194	211	41	
219	211	118	238	40	18	93	57	165	86	183	254	75	103	170	247	102	213	253	238	232	199	109	205	242	251	226	150	54	180	168	117	
181	213	115	126	230	173	246	252	221	66	121	127	114	248	60	49	191	251	6	99	229	181	28	255	50	60	5	50	125	251	200	135	
179	147	33	57	181	157	208	97	95	105	112	93	130	152	126	32	153	11	23	85	254	56	112	151	143	93	16	247	88	12	217	215	
125	93	92	236	172	42	71	59	224	10	126	96	83	115	161	123	66	212	60	106	105	16	227	8	242	171	96	132	56	251	64	35	
93	78	206	77	5	54	110	190	101	67	206	198	75	98	146	230	113	196	168	174	141	144	215	225	54	239	194	5	47	246	248	4	
220	93	95	239	34	66	79	184	36	166	215	162	87	119	137	83	118	212	109	234	105	145	41	44	241	163	231	148	36	179	36	33	
78	170	144	50	173	185	146	134	191	151	128	61	174	233	66	140	129	123	233	17	22	111	202	243	136	84	29	123	194	77	143	74	
2	237	50	155	237	217	180	229	158	87	73	147	172	238	106	65	235	43	163	23	86	88	26	243	45	22	94	107	16	94	173	222	
219	131	103	238	172	18	78	185	165	52	183	198	75	75	186	247	110	197	127	238	252	139	109	221	242	251	227	212	55	166	224	68	
44	245	185	82	253	109	215	221	91	251	189	24	214	253	77	62	153	90	118	122	121	98	251	50	107	223	5	62	210	123	198	243	
109	50	240	82	237	124	113	27	235	255	181	61	206	148	207	254	129	132	236	20	159	103	250	208	207	217	117	127	202	228	206	87	
25	141	199	254	148	178	111	247	117	194	222	214	113	227	176	228	121	238	62	142	249	155	37	239	250	239	190	192	191	232	240	60	
8	191	216	185	178	170	55	183	54	15	90	245	167	35	128	80	23	127	132	48	178	216	65	63	236	231	46	194	164	192	135	25	
120	182	150	48	169	169	84	207	171	63	160	189	143	171	72	155	135	215	236	16	62	75	194	49	218	211	117	127	234	76	142	27	
11	164	221	255	238	54	121	158	127	243	86	82	253	227	220	239	247	79	62	156	181	216	235	243	206	255	255	132	142	248	233	41	
152	111	7	161	50	135	175	246	164	142	250	231	173	15	49	129	110	51	135	231	224	157	0	254	224	208	46	128	47	150	39	153	
6	77	130	158	212	131	174	229	150	130	89	2	96	234	49	64	120	106	19	195	98	186	10	255	48	38	143	136	21	122	240	128	
7	44	129	161	21	239	168	2	90	225	24	74	149	56	85	168	185	237	16	149	7	240	212	208	141	28	155	118	205	73	83	196	
21	60	129	129	180	39	161	202	94	249	152	66	150	48	241	40	217	76	30	29	155	243	105	128	153	4	175	244	136	105	49	229	
163	140	46	159	13	212	252	167	220	95	198	19	224	124	62	107	201	66	187	163	126	205	58	247	131	123	218	87	16	12	252	198	
116	78	189	124	44	102	79	162	249	30	250	0	107	107	53	123	193	228	61	42	168	111	99	173	195	254	208	25	210	241	116	41	
164	245	153	115	252	237	87	140	27	186	41	24	214	113	73	56	145	90	119	90	51	98	219	51	239	158	5	126	216	123	195	163	
220	185	157	115	170	79	85	184	183	254	166	56	255	119	73	59	39	247	125	122	105	197	187	42	203	211	117	20	162	241	7	123	
3	125	43	174	86	132	171	85	172	192	72	71	188	222	119	96	236	43	19	221	199	155	182	233	169	41	142	40	13	30	49	248	
35	207	97	69	118	19	174	244	85	232	122	230	104	72	148	164	126	236	22	239	197	186	101	255	38	46	167	130	127	190	120	189	
53	114	197	164	172	45	78	216	66	242	145	207	83	104	91	27	93	192	124	111	141	99	223	32	144	202	229	188	253	251	218	144	
184	147	40	249	180	133	93	57	22	13	84	247	177	15	56	65	92	154	151	196	250	156	65	151	231	227	184	201	55	136	180	251	
56	141	66	238	212	163	198	247	23	1	248	2	115	233	48	64	89	234	6	33	26	187	8	191	122	207	167	72	247	202	240	136	
78	221	180	147	171	44	188	175	190	27	11	177	236	126	77	79	135	87	251	23	50	200	219	227	45	50	95	198	150	119	129	31	
245	82	140	174	8	6	95	184	32	166	135	141	87	103	27	91	116	197	125	238	104	215	217	8	208	227	239	148	44	243	56	82	
138	184	177	217	233	253	185	215	175	89	60	253	188	159	228	174	207	59	255	145	147	75	242	241	79	89	62	235	158	76	143	251	
75	248	244	149	175	19	181	191	95	251	150	102	188	184	215	239	103	70	250	157	231	73	231	221	46	46	255	246	191	244	57	109	
139	185	50	217	237	189	184	215	143	89	124	126	188	222	230	173	239	59	255	145	151	123	242	241	15	89	62	234	94	12	137	255	
40	191	237	85	244	223	237	55	22	183	118	214	177	39	212	175	77	54	247	140	249	248	245	140	111	239	245	128	199	200	206	248	
31	88	167	180	3	117	189	194	140	214	142	131	173	174	35	239	39	113	251	135	197	149	55	224	213	71	222	3	178	124	45	124	
61	116	98	239	22	55	234	216	69	200	253	70	91	217	185	32	126	201	23	251	137	179	61	206	242	205	175	132	255	251	107	129	
12	149	45	225	157	207	225	51	198	185	31	0	155	21	80	34	1	22	254	56	83	185	113	20	239	217	167	85	146	138	213	50	
108	161	177	42	201	89	87	175	75	53	172	9	14	117	72	150	145	210	232	16	90	43	203	177	191	213	21	127	210	6	206	98	
90	95	22	159	53	214	183	228	189	204	222	231	108	254	167	196	254	253	175	227	77	179	43	239	177	246	174	131	23	63	61	127	
201	201	189	253	13	157	85	180	199	28	70	0	174	153	33	98	196	114	57	72	202	12	115	177	199	251	80	18	50	25	80	43	
209	215	213	101	162	10	111	181	40	170	22	104	215	51	128	119	54	86	124	106	241	204	229	46	164	170	101	148	40	240	131	41	
181	182	9	168	84	37	202	120	18	67	197	223	115	231	26	17	93	202	19	238	187	146	88	23	217	173	171	108	185	137	250	144	
94	95	94	191	53	198	126	244	181	204	218	39	111	255	35	192	252	255	191	227	76	155	137	238	183	247	142	131	45	191	124	95	
147	141	7	159	148	134	239	231	245	66	194	215	113	230	178	229	124	230	58	239	253	219	63	255	184	34	207	64	60	60	176	124	
253	54	249	98	233	124	83	26	235	255	61	125	223	63	207	190	135	212	252	30	189	100	248	130	207	217	117	183	234	231	78	119	
92	77	122	229	18	90	127	240	61	172	254	2	255	95	179	112	126	253	159	234	200	145	45	238	247	237	175	129	39	179	111	99	
94	121	114	231	51	94	126	240	45	140	254	39	239	95	21	208	126	253	223	226	204	145	185	236	247	253	175	129	47	183	111	155	
57	141	103	222	148	146	111	247	245	66	222	70	123	227	180	228	121	230	30	140	253	155	36	255	186	239	190	192	47	236	240	108	
182	111	105	201	236	47	77	255	3	190	188	206	19	45	213	22	77	148	93	60	200	46	229	154	246	136	165	188	119	248	82	184	
149	151	110	174	156	143	79	248	229	236	187	111	91	104	187	99	126	228	94	239	249	227	45	221	184	202	229	212	61	171	112	85	
76	126	216	114	161	124	83	152	187	255	55	124	95	119	203	158	151	84	236	26	161	68	187	34	203	255	117	255	138	243	78	115	
198	221	149	151	139	112	62	140	158	183	131	178	236	246	107	207	199	87	251	211	118	77	171	226	172	50	223	215	148	119	173	86	
220	94	76	237	8	6	79	184	36	166	199	135	83	103	11	83	116	212	109	238	104	215	89	44	242	227	229	148	32	179	36	112	
185	76	101	215	4	43	237	246	84	34	246	82	243	33	149	109	123	206	54	168	169	252	101	174	212	235	240	128	103	216	80	168	
56	255	90	110	240	143	87	244	33	140	252	13	63	219	3	16	190	251	197	106	72	187	152	61	243	205	37	41	99	178	238	139	
215	213	107	136	142	97	159	200	204	80	152	227	217	220	189	104	126	209	31	243	207	39	38	119	176	8	175	236	61	113	177	117	
33	175	170	190	252	141	247	249	94	13	121	15	243	232	62	0	217	235	23	71	214	58	222	63	252	141	173	232	93	106	210	195	
2	176	177	153	237	237	176	207	142	123	25	125	140	188	92	10	135	27	255	17	150	104	219	209	13	20	127	254	148	76	149	223	
34	13	98	158	212	131	174	109	86	128	89	2	104	232	52	64	120	234	19	227	208	179	10	223	48	46	143	136	85	42	240	128	
134	12	130	155	212	162	172	67	62	131	83	18	72	234	48	72	123	43	51	145	48	220	10	202	28	38	159	192	148	104	177	128	
6	77	2	158	212	131	174	99	22	128	91	2	96	234	49	64	120	106	19	195	114	186	10	255	56	38	143	136	21	122	176	136	
92	66	253	229	34	10	111	24	33	166	231	232	83	103	137	90	118	212	109	234	72	212	233	10	213	175	101	132	32	243	70	97	
220	79	79	237	20	6	79	188	36	172	218	199	247	103	161	65	124	244	45	238	104	145	105	44	241	163	239	148	36	187	52	120	
155	141	71	159	146	146	106	247	188	65	94	214	125	231	176	228	119	175	63	140	227	153	39	255	188	239	190	192	63	132	169	185	
169	12	229	247	228	58	233	18	84	242	114	82	243	40	153	235	111	238	54	141	169	252	101	234	132	251	242	128	237	249	80	168	
160	204	111	243	100	139	237	53	125	19	119	82	211	1	156	49	107	174	86	10	241	252	101	231	102	186	246	64	103	152	194	160	
172	137	126	243	244	168	107	144	125	17	119	18	187	11	157	89	107	235	23	218	178	184	108	230	110	185	162	192	229	155	226	161	
240	127	104	225	236	47	77	191	3	190	188	207	19	33	209	22	13	196	93	188	232	110	197	154	250	216	165	188	127	248	82	185	
134	12	130	155	212	163	174	67	22	131	83	18	104	234	49	72	121	42	2	145	48	182	2	238	20	38	159	0	149	120	177	128	
35	223	101	69	118	147	174	244	85	232	122	230	105	72	180	164	126	236	22	239	197	184	101	255	36	46	175	130	127	190	120	157	
185	12	225	109	148	59	79	58	84	226	242	82	83	40	145	105	121	206	54	170	169	254	101	46	244	239	244	132	245	249	112	104	
189	236	196	89	193	55	92	255	83	178	124	82	91	115	193	191	93	206	22	184	252	118	79	154	122	207	229	173	187	244	234	128	
15	222	246	220	239	54	246	190	223	210	86	119	104	121	191	111	119	70	191	127	246	225	175	239	62	126	87	198	255	253	241	229	
229	114	184	103	100	14	231	184	120	234	51	108	215	120	223	58	150	76	116	110	197	244	221	10	100	191	101	180	72	187	91	133	
181	207	215	94	198	47	230	254	85	18	123	95	99	105	61	13	63	195	6	111	253	247	14	255	50	30	69	70	253	249	224	132	
41	175	240	97	245	187	108	55	125	231	126	152	139	33	214	180	11	174	230	28	184	248	229	142	238	223	20	65	231	204	206	236	
61	189	252	93	201	55	220	255	87	178	116	210	89	127	213	47	127	222	182	184	253	254	119	94	126	207	245	165	251	240	234	184	
10	185	149	155	184	164	57	143	30	25	72	116	188	182	128	200	197	59	63	145	19	72	195	245	140	54	190	202	152	64	169	185	
244	251	205	232	236	37	79	218	3	176	176	207	19	195	217	26	93	200	111	254	139	103	211	17	184	136	229	252	61	185	210	16	
94	121	146	164	191	104	27	130	139	228	158	167	140	183	99	206	230	117	237	81	1	1	130	194	216	244	15	191	142	126	13	91	
243	82	245	212	40	20	92	60	169	222	182	252	234	47	159	127	231	213	253	174	236	71	227	192	146	250	218	158	6	244	98	125	
114	187	151	178	171	173	20	199	171	123	168	253	174	166	64	158	135	195	236	20	31	75	218	241	152	210	93	126	136	84	139	31	
73	156	146	241	241	188	121	23	189	27	126	112	188	183	32	252	167	59	191	24	179	220	146	195	207	255	62	194	138	64	171	171	
109	180	181	87	249	127	81	59	123	251	181	56	210	125	76	62	153	30	252	56	57	114	251	14	79	255	85	118	194	232	198	243	
9	148	149	159	188	123	41	159	30	123	95	244	220	50	202	236	215	15	174	156	51	216	239	215	204	55	254	196	158	76	137	121	
56	141	66	238	212	163	198	247	151	1	248	2	115	233	48	64	89	170	6	33	26	187	8	191	250	239	167	64	247	202	240	136	
91	188	149	186	137	236	28	199	191	83	128	221	174	254	96	223	229	227	253	149	63	79	146	225	153	242	94	123	152	68	137	94	
91	190	133	184	137	172	28	7	191	219	130	221	174	230	64	223	167	231	253	21	63	79	146	224	152	242	94	250	136	68	139	95	
11	160	221	247	252	254	121	159	127	251	118	22	253	251	222	255	231	79	126	156	183	216	255	241	206	251	255	196	142	192	137	141	
27	141	107	255	148	131	239	119	86	65	222	194	113	237	176	100	121	170	23	153	249	185	45	255	120	239	174	192	183	138	240	232	
167	223	105	16	254	155	190	247	221	118	20	239	36	28	247	37	39	3	19	103	231	61	60	255	126	8	5	246	53	220	197	221	
41	223	123	110	116	142	111	240	112	72	124	76	115	85	145	48	62	236	22	110	201	178	48	47	119	237	32	128	109	179	66	249	
107	177	240	74	221	221	86	239	75	45	109	8	10	249	78	180	153	154	212	16	94	42	250	179	63	221	5	127	211	78	218	14	
197	89	221	69	98	30	110	184	121	232	99	100	223	55	141	247	54	213	124	106	225	212	253	74	38	251	103	132	106	243	3	49	
173	78	65	175	240	114	239	21	20	198	85	214	209	71	163	237	89	106	2	238	97	148	109	46	100	37	162	128	58	255	240	240	
67	128	109	144	251	184	121	39	175	117	15	153	204	70	222	88	167	7	125	21	22	8	174	213	78	127	90	239	6	132	131	71	
9	214	27	202	224	16	109	247	124	74	92	100	189	131	185	232	55	10	22	14	193	157	36	99	102	159	54	136	30	210	169	169	
68	169	153	171	210	140	43	137	26	33	73	10	149	227	72	80	115	159	3	152	18	26	216	83	253	164	143	108	144	34	129	160	
73	155	21	111	176	142	70	180	100	8	106	100	247	51	128	240	134	118	108	74	201	152	89	61	232	255	36	80	10	162	129	41	
181	231	91	58	212	173	207	236	252	2	249	90	114	232	61	49	59	203	70	231	255	167	46	127	176	142	37	108	125	115	226	132	
165	181	181	95	253	111	214	191	91	187	188	24	214	121	77	54	153	94	116	58	251	98	251	58	111	223	69	62	210	122	194	163	
155	89	7	144	11	215	125	117	173	210	134	7	188	151	51	237	100	161	219	239	97	133	50	220	243	91	218	2	10	148	41	124	
220	248	191	118	43	79	81	184	191	254	166	56	255	247	201	127	183	245	253	74	41	69	251	106	219	243	117	158	162	161	6	115	
111	178	240	65	237	125	217	219	75	127	61	189	142	29	223	188	159	159	215	29	159	114	250	194	95	93	53	255	207	206	222	247	
92	70	221	229	34	14	111	24	49	174	239	196	87	39	129	90	118	212	109	238	72	212	233	8	245	175	229	132	32	243	70	112	
139	184	116	217	237	189	185	159	191	121	118	52	188	155	214	254	207	27	255	157	151	88	243	241	14	217	158	234	158	140	137	221	
53	119	110	238	60	39	203	248	229	232	255	102	91	89	187	97	126	197	95	255	173	163	61	220	242	204	163	148	125	235	112	85	
30	91	122	228	119	94	126	120	45	204	254	39	111	223	183	208	126	253	223	226	205	147	48	204	242	253	175	131	47	183	111	87	
36	141	66	158	212	131	174	225	22	128	89	2	96	232	48	64	120	106	2	195	114	186	8	255	48	38	143	8	85	42	176	128	
70	220	165	151	139	112	63	172	158	183	139	163	204	230	239	207	215	87	233	243	118	69	239	226	169	54	223	223	150	119	165	118	
4	141	2	158	148	131	174	227	22	0	91	2	96	234	48	64	120	106	19	195	114	186	10	255	32	38	143	0	21	90	176	136	
132	12	130	158	149	167	174	67	22	131	75	18	96	234	33	64	121	42	2	144	50	190	24	255	41	38	150	64	144	106	176	128	
155	140	71	223	18	146	106	119	181	67	94	214	125	230	182	229	119	175	63	140	229	221	37	255	178	239	186	128	47	164	169	253	
30	95	122	229	50	86	127	240	37	140	254	35	95	127	179	112	118	253	223	234	200	145	41	238	243	237	175	129	39	179	39	243	
139	185	20	155	185	220	57	159	30	89	212	52	188	150	138	205	199	27	255	144	51	76	227	247	140	179	254	219	154	12	137	155	
139	184	50	217	237	157	184	215	143	91	244	127	188	222	230	175	207	59	223	145	183	111	242	243	143	89	62	234	222	76	169	223	
139	184	181	217	237	253	185	223	175	89	148	93	188	159	68	174	207	27	255	21	179	73	242	241	207	89	158	234	158	204	139	255	
2	178	181	187	253	237	185	207	158	121	25	121	156	188	72	138	135	27	255	17	147	120	203	211	141	20	63	254	156	76	129	211	
211	211	117	252	44	30	93	57	169	126	151	255	79	31	158	127	230	133	125	238	237	71	243	204	146	250	219	158	46	180	241	85	
27	141	106	251	148	147	235	119	85	1	223	2	121	233	176	100	121	170	23	169	186	187	44	255	250	239	174	192	55	138	240	232	
147	141	47	158	157	199	175	231	212	82	198	18	113	240	50	101	121	230	58	239	120	207	63	255	185	42	223	64	21	120	241	108	
56	141	98	254	148	131	206	119	213	1	254	2	115	233	176	64	120	170	6	184	250	171	8	191	250	239	166	64	247	138	240	136	
83	249	151	186	139	197	5	199	175	81	128	157	174	246	98	94	195	227	108	21	31	75	154	241	153	82	95	122	152	84	167	94	
164	205	127	251	244	136	127	144	253	18	119	18	251	67	189	91	123	202	23	250	242	244	106	238	110	251	231	196	229	187	97	161	
195	114	245	212	104	60	124	30	171	222	182	253	172	190	199	127	231	213	253	134	165	71	226	192	150	250	218	186	142	245	99	95	
35	141	197	93	200	39	204	63	87	179	240	84	33	43	213	63	77	230	102	136	253	250	69	222	46	222	213	132	251	232	194	140	
171	172	242	81	245	251	120	55	125	99	126	152	171	41	150	180	11	174	230	28	182	252	229	199	14	255	20	67	199	204	206	156	
69	112	221	101	36	14	103	152	104	234	119	108	215	48	217	50	22	76	92	110	197	244	221	72	228	189	101	4	76	243	75	129	
83	185	135	146	137	173	12	135	175	83	128	92	174	246	70	254	165	103	120	21	23	75	218	241	153	50	94	122	138	84	131	92	
67	184	244	221	174	159	188	55	215	243	214	246	168	56	212	102	71	254	122	137	164	248	247	218	110	126	215	146	143	236	209	13	
10	156	146	248	211	244	48	247	191	25	76	16	188	183	96	116	229	59	155	16	55	9	18	247	187	246	30	75	154	68	173	159	
185	12	233	127	212	43	103	58	85	227	246	82	115	33	145	121	121	206	54	170	169	254	101	46	116	175	240	132	253	249	112	168	
252	94	236	165	8	14	79	184	52	238	231	13	83	99	19	83	112	228	125	238	104	214	217	42	241	171	225	20	40	243	112	114	
91	185	150	154	203	157	20	199	171	113	128	221	174	230	70	158	135	227	236	21	31	75	218	241	153	82	93	122	138	84	139	93	
172	204	111	243	100	138	237	176	125	19	119	82	211	97	152	59	107	202	102	74	241	244	109	103	196	251	246	64	103	153	194	160	
53	183	40	175	252	175	227	248	86	44	249	13	247	233	58	0	220	106	23	127	154	178	91	63	237	141	43	120	93	43	83	195	
165	12	237	247	228	170	233	146	119	115	119	82	243	105	153	107	123	238	54	156	187	244	231	226	70	186	242	128	237	233	80	168	
56	255	122	110	116	143	127	247	112	12	124	8	115	113	162	48	62	250	6	106	200	186	56	63	127	205	37	128	115	146	230	187	
216	79	47	167	52	6	79	188	52	172	214	199	247	103	17	65	124	228	61	238	232	144	113	44	241	227	235	144	36	187	52	120	
185	68	237	247	68	43	101	54	84	35	247	82	243	33	152	105	123	238	54	138	169	244	101	42	212	235	240	0	101	217	80	168	
111	122	241	86	237	61	102	152	235	250	52	108	202	240	223	190	7	100	246	94	129	112	238	224	14	88	101	190	206	255	74	117	
90	251	250	230	42	24	62	148	171	140	190	225	239	207	192	82	166	245	237	194	192	1	139	224	242	253	39	155	38	179	47	11	
118	88	220	254	47	232	17	2	155	134	226	42	46	251	39	90	194	117	233	3	0	77	130	249	210	179	80	27	148	41	5	3	
225	63	65	193	204	175	77	55	19	170	184	92	178	33	84	16	205	174	83	140	233	58	208	26	45	28	148	48	88	200	82	184	
34	157	143	181	245	206	101	55	185	203	98	17	182	53	20	21	161	46	49	12	113	248	16	15	47	254	84	2	64	72	211	234	
133	132	229	213	182	34	237	183	119	243	247	214	209	35	156	111	111	198	126	188	185	252	109	206	46	46	247	196	175	224	240	245	
86	154	227	160	215	32	176	99	33	165	154	119	8	41	68	218	227	151	169	145	16	251	129	228	28	103	218	195	165	5	253	99	
197	88	217	69	98	74	110	176	104	234	119	224	223	55	133	242	54	85	124	106	193	212	253	106	38	239	103	132	108	179	67	49	
141	79	99	31	212	123	103	220	84	98	93	218	113	229	187	173	57	106	18	110	225	148	44	63	103	207	165	160	55	255	212	224	
74	176	177	186	237	253	185	223	171	123	148	29	156	191	94	191	141	19	255	21	179	75	250	209	223	89	94	254	154	76	135	251	
7	206	199	221	206	34	236	238	219	146	122	87	64	104	189	79	251	199	51	63	241	233	15	227	44	62	87	134	221	248	241	133	
120	253	122	110	50	88	95	240	105	140	252	40	63	215	129	112	54	253	213	106	200	59	168	47	243	237	37	185	102	179	103	107	
57	125	123	111	118	207	111	244	112	200	124	40	115	85	145	48	62	252	22	110	225	186	56	47	119	237	32	128	109	187	66	249	
134	140	130	155	148	162	174	71	62	131	83	18	72	234	32	72	123	43	51	144	50	156	8	206	60	38	159	64	148	72	177	128	
89	217	81	111	51	14	70	180	109	8	186	108	255	115	128	244	22	116	236	106	73	137	201	61	160	236	37	144	42	166	2	57	
204	122	253	246	32	94	95	176	185	254	22	108	255	119	203	255	23	117	253	106	225	68	171	168	194	251	101	128	42	247	7	121	
5	31	190	91	176	190	191	212	124	200	126	100	245	99	183	109	54	106	30	94	165	185	45	110	106	157	38	128	216	243	105	93	
227	63	65	65	204	39	76	191	19	242	184	204	19	39	213	146	77	140	70	188	233	110	213	26	44	156	133	60	221	248	82	184	
134	189	176	154	221	229	182	233	158	95	89	63	236	254	106	0	221	91	243	115	114	67	154	247	61	22	143	239	144	127	165	211	
143	125	125	214	188	135	255	184	219	248	53	226	253	223	253	39	150	113	31	254	227	101	42	254	110	219	231	172	22	179	65	249	
71	105	187	64	96	247	121	81	225	232	231	8	18	214	247	60	172	169	86	158	141	147	180	64	83	29	5	46	201	242	98	116	
250	56	210	246	83	84	120	80	51	164	71	158	47	151	67	219	182	253	149	144	105	94	176	138	155	193	31	43	46	164	47	122	
108	180	245	117	249	127	209	27	123	187	183	56	222	253	204	63	147	94	124	48	177	240	251	30	223	255	113	118	194	233	71	163	
223	79	67	168	214	33	174	219	84	74	216	242	29	216	177	228	127	201	23	185	235	54	4	219	176	4	175	172	189	252	185	169	
134	141	6	159	148	131	46	227	182	130	90	2	104	226	33	64	121	107	2	194	98	186	10	255	40	38	158	128	20	120	161	136	
101	164	181	87	252	47	212	43	123	187	57	88	222	121	76	58	155	94	110	56	51	112	203	30	47	158	85	118	192	232	195	163	
19	207	70	141	54	147	174	237	84	224	218	231	105	104	182	228	126	237	150	231	205	184	5	255	54	79	175	129	61	190	185	157	
37	255	57	169	60	175	227	250	86	108	248	77	247	97	81	0	221	72	71	127	138	178	89	63	237	141	39	124	208	251	87	225	
86	214	172	134	169	80	30	168	142	186	139	163	205	230	109	202	213	85	253	243	74	65	203	176	185	246	239	255	152	119	61	54	
251	171	134	186	137	157	92	199	171	25	128	29	46	162	66	158	133	227	253	21	62	75	130	243	187	85	28	251	130	68	138	79	
197	112	221	101	34	106	55	152	104	234	51	236	223	55	137	59	22	85	124	122	225	244	237	72	228	251	101	132	204	243	3	49	
3	141	191	213	117	142	237	55	252	201	106	80	180	188	20	98	132	55	123	13	161	248	178	111	45	62	94	0	72	72	209	184	
142	124	127	255	108	11	253	184	191	154	53	48	253	223	253	107	167	209	63	250	225	69	42	254	78	219	239	140	22	177	65	161	
36	141	66	158	212	131	174	224	22	0	89	2	96	232	48	64	120	106	2	195	114	186	10	255	48	38	139	8	85	43	176	128	
205	94	255	101	32	14	111	48	48	166	103	196	211	39	145	115	54	244	124	234	233	212	253	106	231	235	227	132	32	243	70	112	
130	140	130	155	149	166	174	199	54	131	74	18	104	234	32	72	249	43	19	144	50	156	16	255	45	38	159	64	144	72	177	128	
0	141	2	158	212	131	174	227	22	0	91	2	96	234	48	64	121	106	19	195	114	186	10	255	32	38	142	8	21	75	176	136	
132	140	130	154	213	231	174	71	22	131	75	18	160	250	48	72	249	42	19	145	50	190	26	255	41	54	158	72	144	72	176	130	
2	13	2	158	20	130	174	98	182	130	90	2	40	234	48	64	120	107	19	195	114	154	2	255	40	38	142	128	20	107	48	136	
140	204	255	243	100	168	237	176	253	19	119	82	255	227	153	123	107	232	126	10	227	244	111	227	70	187	247	196	230	249	64	161	
133	4	245	215	228	42	233	146	255	83	119	82	243	233	221	111	107	78	62	24	179	244	239	227	78	186	243	128	231	233	81	160	
216	85	47	239	44	14	79	188	52	174	199	68	243	99	25	81	80	196	125	238	105	147	121	14	241	235	229	16	32	186	116	120	
18	141	46	222	141	199	197	231	198	20	206	2	96	240	50	111	232	230	122	203	88	235	58	253	249	50	223	89	17	58	244	46	
32	255	122	111	116	143	119	247	112	12	124	100	51	119	162	16	127	250	6	104	242	186	32	63	110	143	36	192	113	138	230	185	
181	12	237	95	212	43	71	123	85	226	247	90	83	33	145	125	89	238	110	40	185	254	109	46	110	174	245	16	247	233	210	168	
10	157	19	152	219	241	57	231	159	69	72	163	44	255	36	196	227	187	147	145	18	11	18	255	59	22	158	235	150	68	165	250	
3	172	242	81	245	189	248	39	255	23	118	17	170	168	150	188	131	43	230	21	182	252	34	231	14	126	22	67	198	140	207	206	
244	48	179	112	246	226	177	71	184	133	226	16	21	219	97	24	218	61	33	17	56	231	176	2	217	160	11	76	196	0	103	162	
82	201	174	158	141	198	197	229	226	150	206	0	96	240	55	111	233	230	121	139	72	203	186	105	177	54	223	25	128	114	180	110	
19	207	66	141	20	151	238	245	68	96	90	199	233	8	182	228	126	237	150	239	205	184	85	253	52	108	175	128	61	190	248	156	
57	77	123	111	118	203	111	240	112	64	126	98	115	85	177	48	62	252	22	234	193	176	45	47	118	239	32	128	101	179	102	233	
220	123	82	230	50	152	94	240	41	128	187	239	47	203	65	208	54	253	205	226	202	35	156	234	242	237	35	185	47	179	43	25	
135	12	156	155	170	54	190	172	158	19	147	247	196	106	175	203	199	71	171	167	52	197	75	114	162	171	254	135	156	83	169	7	
253	116	204	229	136	110	79	24	49	226	231	13	211	115	75	91	80	196	125	238	40	214	217	8	215	235	229	52	168	243	82	114	
65	141	237	85	172	42	237	191	236	250	190	192	243	45	156	111	103	198	126	172	209	248	111	237	110	62	247	196	206	240	208	232	
166	181	150	152	253	229	190	235	158	90	216	59	204	254	105	0	221	123	243	49	114	67	26	223	61	22	15	255	144	124	165	211	
69	127	253	103	36	14	103	176	104	234	122	100	215	33	145	114	22	100	108	110	193	176	237	44	228	191	103	132	76	243	67	33	
226	249	27	246	105	221	116	103	191	74	100	8	46	255	100	177	164	59	255	0	99	107	178	253	179	211	84	59	64	16	143	191	
218	249	50	188	75	192	61	103	191	4	212	163	44	223	34	69	230	187	239	129	118	15	130	255	241	114	90	171	55	20	167	219	
130	238	100	91	173	243	244	166	221	30	23	19	104	109	62	207	225	98	235	34	102	229	43	255	7	123	209	199	87	213	252	206	
9	207	197	157	204	66	173	175	94	243	190	198	152	32	213	206	107	102	106	157	241	233	231	106	44	46	127	20	197	120	249	232	
210	137	154	165	210	38	184	103	16	165	202	151	21	174	96	66	110	223	33	149	52	219	149	34	185	164	158	68	173	72	161	144	
45	205	134	157	205	115	165	255	222	210	156	178	248	100	187	175	121	66	250	174	113	235	111	115	108	39	255	69	215	252	249	224	
33	143	141	21	204	15	237	55	94	183	122	84	176	32	20	171	201	102	98	141	241	248	117	106	45	62	247	0	193	104	192	232	
160	44	146	158	205	229	180	71	158	7	97	18	164	248	101	9	201	122	162	17	50	111	90	243	9	22	214	43	208	72	244	138	
156	102	111	23	178	226	175	118	60	78	83	245	225	69	184	201	127	110	135	239	232	213	45	110	100	35	234	129	37	213	247	225	
130	241	34	153	207	193	188	239	30	87	80	147	172	190	110	0	239	27	147	129	82	26	18	209	45	16	158	239	21	28	181	218	
79	122	241	71	99	88	127	152	105	238	119	236	104	247	223	190	54	252	246	78	193	80	175	232	6	120	101	170	79	247	74	253	
210	233	135	154	137	197	1	199	175	81	128	24	174	246	100	254	225	243	250	209	27	79	186	243	185	18	95	123	144	20	167	110	
253	223	106	44	214	38	235	218	84	68	126	247	113	200	190	96	118	206	6	239	166	183	53	47	112	45	163	140	125	253	248	213	
172	180	213	85	250	107	177	107	123	175	51	56	222	113	204	53	179	31	110	48	49	248	233	94	94	158	117	247	224	96	199	163	
0	140	130	154	212	163	170	71	22	1	90	2	96	202	48	64	121	106	19	147	18	186	10	255	48	38	130	64	149	75	176	136	
6	70	103	25	224	98	173	234	252	94	114	231	65	238	191	73	251	75	6	166	212	209	36	109	52	34	254	128	165	117	229	197	
181	72	127	81	134	143	169	192	92	224	98	146	209	28	21	41	126	177	51	115	229	244	117	4	93	138	207	68	229	185	81	160	
224	164	156	185	189	109	80	15	222	123	135	25	214	56	74	107	129	7	249	17	63	108	219	23	205	215	93	119	144	72	157	2	
2	12	130	155	84	163	170	66	22	3	90	18	104	234	33	64	121	42	2	144	34	190	2	255	32	38	154	128	149	72	48	128	
37	95	57	169	244	175	227	248	86	236	248	71	215	121	49	0	216	104	23	127	136	178	121	62	237	141	35	100	209	251	86	227	
191	69	230	95	139	122	110	254	213	210	94	178	73	121	191	239	121	198	186	254	252	208	47	170	46	122	213	135	255	253	248	132	
25	30	240	45	50	58	31	51	53	198	95	228	255	103	130	228	23	110	148	46	165	144	101	170	230	255	32	128	46	229	13	245	
121	255	27	170	240	157	90	247	63	73	92	109	63	223	162	240	215	187	149	93	223	154	120	63	251	253	54	232	186	130	170	91	
36	205	2	138	212	163	170	198	22	1	90	2	32	202	49	64	120	106	19	211	18	186	8	255	56	38	138	72	149	91	48	136	
24	12	130	185	148	163	170	66	22	3	218	18	41	234	48	64	121	43	6	145	58	187	0	255	168	231	170	192	181	72	49	136	
95	147	140	174	168	6	142	168	138	216	139	228	245	114	203	98	213	87	124	243	223	1	203	32	184	231	239	156	152	115	169	1	
92	243	136	166	56	1	94	184	2	172	137	173	247	254	75	80	215	221	125	243	78	3	203	49	248	229	175	189	184	115	9	19	
130	140	130	154	149	229	164	199	150	3	66	16	168	250	48	72	201	43	51	145	50	222	18	247	9	54	158	75	144	72	176	138	
6	141	2	158	84	163	174	226	22	0	90	2	96	234	48	64	121	106	19	195	114	186	10	255	32	38	142	136	21	91	48	136	
6	13	2	158	84	162	174	226	182	2	90	2	104	234	48	64	120	107	19	195	50	154	2	255	32	38	154	136	21	89	49	136	
160	172	180	154	205	237	144	207	222	27	224	24	172	248	100	11	201	59	163	17	50	110	210	179	13	18	94	123	208	72	213	138	
250	164	240	80	217	249	88	199	187	23	164	153	42	175	78	159	137	139	237	144	62	79	210	211	219	209	84	123	226	68	206	94	
134	173	150	153	248	169	62	235	190	27	88	16	236	230	104	64	215	123	123	48	114	68	10	247	44	54	79	238	144	112	161	129	
112	201	62	222	141	213	214	229	199	5	142	2	102	240	36	70	200	114	234	65	90	43	10	181	249	180	207	91	16	26	252	46	
205	118	189	101	32	46	107	24	104	234	55	120	223	55	201	59	182	85	124	122	161	244	185	74	199	251	101	132	192	243	7	49	
34	184	226	209	117	217	248	7	255	85	114	151	168	140	54	72	235	187	243	17	182	188	118	247	15	30	154	195	198	12	221	222	
130	180	150	152	253	167	188	111	158	187	88	59	140	254	96	0	223	25	247	49	50	75	2	223	61	22	95	238	144	108	161	155	
60	95	122	111	86	2	127	112	97	4	127	134	123	75	177	48	62	252	6	234	200	178	61	45	119	237	33	0	103	179	102	176	
124	109	83	230	19	206	94	224	33	192	237	139	123	79	49	144	122	237	133	238	77	179	28	175	243	237	3	41	111	179	106	26	
130	172	226	17	245	249	240	7	255	85	114	153	174	172	22	24	139	43	227	17	182	252	246	199	15	62	18	67	198	12	223	222	
140	76	255	247	108	40	237	154	255	146	119	80	223	227	217	123	107	236	126	10	161	244	239	226	78	187	247	132	230	249	65	161	
114	233	174	222	141	196	22	229	235	133	140	8	226	242	101	86	200	246	232	67	88	75	138	33	185	180	207	27	0	50	182	46	
26	207	98	172	214	131	142	119	5	4	220	231	41	136	178	68	126	171	183	197	222	154	4	255	112	36	174	201	63	142	184	221	
133	4	255	211	164	46	233	27	255	219	119	80	223	227	221	111	199	78	126	24	179	244	111	194	206	186	119	196	198	233	193	161	
37	4	237	119	180	42	101	63	101	178	255	18	243	97	156	123	75	230	110	42	185	252	109	46	110	171	245	16	231	232	210	160	
65	141	191	71	172	46	239	191	238	251	190	64	251	33	156	102	199	70	124	12	145	169	239	229	236	190	119	212	196	242	209	105	
5	253	61	237	60	175	67	186	118	168	106	76	247	113	1	0	156	108	95	126	9	184	89	63	237	221	37	52	208	187	83	225	
0	249	154	254	81	205	181	103	254	75	96	8	52	254	98	48	164	59	82	0	71	191	146	123	117	181	22	43	72	16	135	155	
82	185	123	156	203	208	52	103	191	5	204	187	44	247	36	208	235	187	251	129	82	11	162	247	179	183	26	235	53	0	167	123	
33	223	123	95	116	139	239	247	117	13	124	228	49	103	180	52	95	122	6	76	243	186	101	127	110	142	52	192	127	138	226	185	
245	85	15	231	36	14	111	60	32	170	231	68	243	119	9	115	112	196	124	238	105	150	249	12	229	235	229	0	32	179	112	112	
111	120	235	71	102	24	255	176	121	238	118	238	120	111	223	190	126	221	183	206	197	242	173	224	118	127	231	130	111	247	106	253	
202	172	147	154	137	241	131	202	159	23	128	24	172	214	96	166	193	115	235	147	98	79	186	243	153	16	159	123	18	69	37	110	
149	86	76	147	142	35	174	164	220	247	131	247	209	106	175	75	243	71	42	183	181	213	77	62	168	3	255	84	157	123	177	192	
212	164	156	179	137	111	17	11	254	115	135	25	215	57	74	59	129	23	232	17	62	101	219	18	201	215	85	119	144	72	141	2	
140	68	255	255	108	10	125	184	191	146	53	18	253	195	253	75	111	65	127	234	224	69	43	254	78	155	239	140	20	185	97	161	
116	227	249	76	154	81	155	200	10	132	188	170	83	237	221	2	54	209	228	112	219	35	175	17	186	141	37	253	245	162	47	49	
150	246	124	81	143	121	180	170	222	87	36	147	192	109	78	75	165	82	233	50	182	101	59	119	75	83	87	119	209	89	237	214	
86	193	233	64	138	80	207	233	34	245	173	138	83	103	221	58	59	209	125	254	91	3	175	16	186	207	101	253	245	243	238	112	
95	239	164	213	141	18	172	174	215	242	142	130	136	34	215	238	65	70	248	220	212	73	231	232	170	126	215	223	135	252	249	12	
166	94	206	95	207	50	182	175	221	23	175	151	96	104	63	207	217	199	235	227	52	231	79	251	38	51	221	23	221	125	252	134	
49	138	109	8	204	7	205	255	68	86	192	199	17	44	55	201	109	136	3	173	203	234	119	29	85	43	223	12	149	252	116	248	
76	171	147	166	243	128	79	156	35	141	75	205	110	227	72	212	54	206	173	95	26	10	138	225	184	244	5	238	162	247	166	73	
33	93	59	173	52	143	231	214	222	236	122	68	183	217	33	0	216	108	23	125	137	184	112	62	237	157	39	0	208	123	87	235	
111	251	241	71	98	28	255	176	105	200	119	238	104	110	223	246	54	245	247	238	193	210	175	232	22	120	103	130	79	183	107	253	
3	183	90	165	242	26	62	183	56	109	94	229	221	46	138	80	54	95	151	36	245	152	165	79	174	127	62	196	44	194	139	221	
195	158	102	86	58	18	88	180	221	94	151	183	104	126	190	127	199	243	255	102	245	77	111	239	30	122	80	210	6	133	36	125	
110	133	194	206	195	48	94	143	43	7	79	142	76	231	239	220	119	214	186	142	28	19	191	224	51	119	212	143	174	247	184	84	
6	77	2	158	212	131	174	230	22	0	90	2	96	234	49	64	121	106	19	193	34	186	10	255	32	38	142	136	21	27	48	136	
160	188	148	155	237	237	176	135	158	27	64	24	172	184	96	73	201	58	179	17	50	110	210	241	13	18	94	107	144	72	213	138	
103	167	210	94	195	120	54	143	59	7	109	136	72	242	206	252	183	222	162	18	22	26	170	226	62	62	20	111	138	247	234	135	
110	235	209	210	219	209	110	248	59	160	109	72	104	199	205	148	51	218	163	218	67	18	202	243	63	84	133	110	50	183	6	164	
227	220	102	84	106	24	188	166	185	210	114	189	12	60	214	123	167	245	247	167	228	126	230	194	22	58	94	138	69	164	83	221	
120	201	48	186	29	221	82	230	207	5	136	9	174	216	96	80	200	251	232	81	90	43	90	191	185	245	4	123	18	30	156	14	
2	152	178	155	117	249	184	7	191	93	112	17	172	156	54	72	203	59	179	17	54	188	50	247	15	54	154	75	212	12	213	223	
2	180	148	156	253	39	184	111	30	171	208	59	140	190	96	0	207	31	251	17	50	95	195	223	29	22	95	254	144	76	161	219	
56	73	122	110	84	199	239	240	100	132	110	2	115	209	49	48	120	248	2	234	72	179	56	45	115	173	160	0	113	187	98	168	
130	184	178	155	245	253	184	7	191	93	114	21	172	174	118	8	131	59	163	17	54	252	50	247	15	54	26	75	208	12	143	222	
204	48	157	243	136	109	81	10	178	247	167	24	215	247	73	27	129	84	109	16	58	68	219	2	201	131	81	125	160	97	7	98	
42	207	98	140	213	147	206	247	23	4	88	231	41	136	182	196	92	171	151	197	222	154	68	255	52	52	142	201	63	142	184	220	
35	207	96	26	221	157	182	238	95	93	124	15	168	232	118	128	153	107	146	71	198	58	78	247	62	28	31	107	85	31	219	206	
65	141	185	71	188	12	207	191	111	233	190	64	251	233	220	102	211	70	124	76	153	41	235	227	235	253	39	220	196	250	209	105	
108	132	236	103	172	42	101	191	236	187	191	0	211	105	152	122	75	70	108	40	153	233	111	14	206	191	117	84	196	234	210	32	
16	125	63	188	19	207	55	102	188	192	106	32	182	215	33	96	178	123	89	64	65	185	18	63	241	197	7	2	96	82	39	186	
18	237	27	252	90	192	63	103	190	5	248	163	61	222	32	80	254	187	131	128	66	155	162	127	241	229	62	171	48	16	167	251	
33	223	122	95	118	139	239	247	117	73	124	228	49	99	180	52	127	234	22	44	211	184	101	127	110	142	52	192	127	154	194	185	
229	85	61	109	4	78	71	184	96	168	231	68	211	119	9	113	80	196	124	110	233	144	249	12	229	235	229	20	8	187	80	48	
69	132	189	243	188	46	249	159	255	235	191	80	223	243	220	110	151	22	124	24	179	233	171	214	207	255	119	212	194	200	193	33	
132	4	255	255	108	42	109	154	255	146	119	80	223	227	217	123	107	68	126	10	161	244	235	226	206	187	119	132	230	249	65	161	
205	52	189	103	160	46	105	24	120	242	39	88	223	55	73	59	151	85	124	58	161	212	185	72	207	219	101	4	200	241	67	48	
204	76	253	255	108	42	125	186	191	178	183	82	221	227	213	107	111	69	127	234	225	69	171	250	198	155	255	188	22	249	97	161	
166	181	162	147	221	249	180	199	30	253	88	191	140	172	126	8	153	27	147	21	182	122	250	211	45	20	159	239	197	76	151	223	
2	149	16	153	235	197	188	239	30	25	88	51	140	190	104	64	223	27	147	129	82	26	90	215	45	22	158	239	144	76	165	219	
34	221	32	158	95	192	190	230	158	85	88	163	172	254	55	64	238	251	179	193	98	10	218	247	53	54	158	171	21	29	181	222	
27	81	106	205	118	18	251	120	101	192	255	166	89	95	183	228	126	188	151	238	205	177	37	204	86	125	162	128	55	175	112	117	
106	172	148	152	201	245	16	198	155	19	128	25	174	190	98	159	193	251	251	17	63	79	210	241	155	82	94	123	146	76	143	14	
227	94	118	86	105	116	56	50	249	94	119	189	104	190	198	127	167	247	231	134	165	95	175	231	22	58	208	139	14	229	110	95	
0	190	59	185	242	231	185	119	30	73	88	246	181	183	160	96	119	59	23	153	179	152	33	87	204	134	186	224	148	136	165	249	
198	164	148	145	252	169	188	139	190	179	88	16	204	234	121	75	247	75	123	145	50	84	203	211	12	22	79	236	148	112	1	129	
39	221	114	30	125	149	182	232	223	68	125	14	104	248	191	164	218	233	178	71	198	50	126	255	54	62	5	43	95	63	120	197	
199	92	253	246	44	36	157	152	155	250	183	120	220	127	213	47	135	117	127	239	225	71	235	226	210	251	255	158	6	241	65	113	
2	159	106	153	246	241	184	103	222	77	92	167	44	172	182	0	239	43	151	149	150	184	36	247	110	5	58	227	221	12	189	223	
187	77	99	206	86	147	239	112	85	64	212	198	121	204	183	228	126	232	150	238	237	183	44	255	50	105	162	136	63	191	120	253	
32	161	25	201	221	205	81	223	15	53	108	8	54	149	72	20	25	26	3	24	18	58	122	21	111	156	20	127	210	138	198	170	
2	152	148	145	117	205	184	39	30	57	82	51	172	30	0	72	207	63	183	145	50	220	81	215	13	22	154	226	144	12	133	155	
2	164	148	157	248	11	56	111	62	179	80	16	172	162	96	64	247	15	106	16	50	216	195	223	12	54	95	236	144	96	129	137	
33	149	1	75	221	149	198	127	71	65	88	70	178	216	60	164	216	42	18	77	223	186	118	255	47	28	146	104	91	14	248	140	
253	113	212	70	41	30	70	184	225	186	183	72	95	81	201	191	16	196	124	106	233	103	219	8	179	249	101	60	106	179	74	37	
2	180	50	154	241	252	176	71	191	93	113	17	172	222	110	72	167	59	147	17	54	60	58	247	13	22	26	107	208	4	165	223	
132	164	148	153	252	43	40	43	62	179	90	16	236	226	65	72	243	11	42	176	50	220	195	223	12	22	95	108	144	96	33	136	
34	135	98	154	215	145	184	111	31	13	88	227	40	238	190	196	220	43	131	133	86	154	70	223	62	20	154	235	23	142	188	205	
16	79	31	172	50	194	63	102	164	140	222	163	119	167	33	80	102	247	205	224	104	139	33	111	241	231	46	129	32	144	37	123	
35	223	99	75	244	155	239	255	95	65	122	230	249	224	180	164	126	42	22	140	211	184	101	255	44	30	182	192	95	142	209	253	
245	92	127	101	36	78	103	48	112	234	231	8	215	51	129	115	112	244	124	106	105	244	249	14	245	235	97	20	96	51	70	35	
105	165	185	249	244	159	111	191	119	105	124	76	191	159	216	112	215	138	22	156	211	154	232	63	238	207	52	228	188	130	194	249	
89	133	185	227	180	172	107	159	127	235	255	80	223	243	216	112	151	14	124	24	155	56	233	151	235	255	55	212	194	192	193	33	
12	4	253	247	172	42	121	26	255	187	191	16	223	227	217	122	199	71	126	26	177	229	235	194	206	255	119	20	134	225	65	33	
205	48	189	119	40	110	105	24	248	250	167	16	215	55	201	59	131	84	124	58	161	196	249	10	199	251	99	20	192	241	67	48	
76	52	191	247	172	44	249	26	255	187	191	48	221	255	205	107	199	119	127	26	177	101	235	224	207	251	123	180	130	227	1	161	
140	92	158	247	108	174	249	210	191	186	55	48	156	255	225	91	231	117	127	10	32	213	170	224	199	251	123	128	132	241	1	161	
2	149	16	153	255	133	188	239	30	25	88	50	172	190	104	64	223	27	179	145	114	152	10	247	45	22	158	238	148	72	161	155	
198	28	190	246	111	236	185	208	171	250	183	58	220	255	101	107	231	117	255	35	160	69	186	224	215	251	123	150	130	115	5	243	
130	221	32	158	95	197	190	238	158	89	208	179	172	254	36	65	237	123	147	195	98	15	90	247	53	52	158	235	21	29	181	219	
34	191	160	147	253	237	180	199	30	125	88	191	140	188	102	8	141	59	147	17	146	122	74	247	45	22	159	239	148	76	151	219	
162	207	96	154	125	217	190	236	223	84	80	143	104	204	63	64	201	235	147	71	230	58	110	255	63	28	143	171	85	31	93	222	
38	239	96	26	253	217	182	236	223	125	120	15	168	236	126	0	185	107	131	87	214	122	46	247	63	30	31	111	85	31	223	222	
