空气轻垫唇油	201 奶油蛋糕 6.5ml	http://www.lancome.com.cn/on/demandware.static/-/Sites-lancome-master-catalog/default/dwdf5c1fd3/images/LAN_PRO_IMG/Product Set/LAN00228/shade/L9215700U.png	http://www.lancome.com.cn/dw/image/v2/AARM_PRD/on/demandware.static/-/Sites-lancome-master-catalog/default/dw15a8c543/images/LAN_PRO_IMG/Product Set/LAN00228/L9215700U/L9215700U_1.jpg?sw=490&sh=490&sm=fit
3	30	66	159	86	182	170	114	20	200	90	199	169	234	183	196	126	233	23	207	133	152	20	239	36	44	170	128	45	175	57	213	
3	91	27	156	124	148	184	214	205	88	80	100	188	158	181	227	198	51	31	205	135	9	6	241	36	56	186	170	28	156	121	157	
118	92	242	246	55	134	222	114	249	202	250	34	40	255	53	81	254	245	21	195	232	235	0	238	51	126	206	130	39	245	112	3	
230	120	55	218	79	212	185	66	137	220	208	39	44	222	103	111	236	177	147	211	195	15	178	232	21	48	138	186	21	44	53	247	
3	220	49	207	111	215	175	246	77	106	120	98	40	60	180	229	236	59	18	201	193	186	117	253	37	24	82	34	87	28	113	253	
65	154	51	218	53	164	187	83	255	73	81	84	188	216	180	100	231	43	30	29	179	173	34	255	153	254	58	202	152	2	161	37	
26	145	95	168	219	194	16	111	133	65	104	34	125	254	40	80	234	179	179	128	31	139	18	213	187	229	138	67	177	2	165	146	
242	76	166	252	13	228	206	198	129	130	192	2	40	158	53	91	200	243	59	193	106	207	210	233	19	58	218	154	5	85	112	26	
172	24	234	223	86	227	251	81	20	6	117	163	113	221	37	0	120	56	147	138	48	180	50	11	71	175	160	129	119	171	116	242	
62	78	98	190	117	223	91	65	133	140	125	139	107	198	35	20	216	185	151	34	12	146	40	159	179	213	129	171	51	191	86	246	
7	156	225	21	213	31	166	234	92	194	82	70	232	120	189	165	249	72	146	45	229	248	125	207	44	95	207	6	221	108	89	156	
18	203	223	254	138	194	31	238	135	21	216	163	77	231	40	90	111	215	191	208	88	203	10	224	249	231	254	207	181	18	165	122	
162	34	162	144	197	50	184	79	90	199	80	151	8	140	126	8	249	13	131	149	148	246	164	194	28	22	158	231	197	108	253	198	
200	156	254	95	135	240	181	55	252	71	78	50	60	191	32	99	35	118	187	136	240	220	183	235	103	111	254	131	39	64	181	106	
60	205	98	238	212	18	110	252	85	128	254	2	107	105	188	100	120	230	55	234	248	187	45	175	242	239	167	128	119	186	240	12	
39	143	174	186	221	7	190	236	92	87	210	135	228	104	59	73	221	195	155	199	252	235	93	254	252	23	222	157	157	126	185	94	
7	173	224	195	245	177	170	199	78	65	88	198	168	234	222	164	191	43	146	157	151	184	60	245	46	28	143	226	159	199	219	140	
35	36	226	1	213	55	162	71	78	65	124	70	8	40	182	172	249	14	146	21	151	186	85	194	14	28	146	67	205	78	248	132	
214	34	158	187	74	97	57	76	190	183	215	179	237	231	73	91	111	223	239	144	34	215	203	208	221	227	127	175	161	209	39	203	
27	19	106	168	62	147	184	89	205	72	214	231	9	136	246	224	238	129	223	245	220	163	5	212	210	81	170	207	127	142	57	221	
2	221	18	157	147	197	60	230	158	15	74	181	172	166	34	64	229	123	163	197	102	152	18	255	45	54	158	139	24	84	173	219	
61	73	107	111	4	27	71	248	101	224	246	74	83	73	157	244	122	196	84	234	201	178	109	44	114	233	165	20	111	187	122	36	
247	210	204	167	45	14	252	105	47	182	147	159	207	106	94	91	255	197	255	231	236	119	221	208	150	123	207	183	13	63	249	214	
57	132	97	233	92	179	203	123	86	1	221	18	83	105	184	100	89	136	23	185	187	182	109	159	252	239	187	204	247	138	240	160	
3	207	3	159	151	209	190	230	30	71	72	167	172	238	55	196	251	107	147	197	103	152	6	255	36	54	158	139	20	92	189	222	
102	77	102	142	125	192	158	96	137	198	249	171	104	236	55	66	234	241	147	227	64	35	66	238	49	48	138	139	85	127	116	210	
26	157	95	250	219	225	49	99	135	65	233	34	124	247	40	112	110	179	147	128	27	139	58	221	251	231	138	75	187	66	165	178	
129	217	115	73	116	207	231	254	95	12	116	2	176	21	181	36	88	24	18	104	227	188	53	255	37	30	16	4	83	152	117	236	
40	28	123	127	84	229	243	114	148	12	125	3	56	253	33	0	168	58	147	74	1	186	26	63	67	205	32	9	115	171	100	243	
129	192	119	81	53	223	161	7	92	5	114	82	168	28	148	173	200	56	42	24	179	188	117	215	5	126	82	66	199	8	213	172	
90	239	123	246	26	192	59	224	167	180	159	163	41	207	105	66	111	241	237	210	74	67	171	255	251	197	175	171	39	131	36	122	
158	205	118	243	182	171	126	183	61	50	95	146	205	111	52	65	55	239	55	139	240	220	13	255	174	255	223	192	183	248	241	1	
163	248	107	219	116	221	249	22	253	77	118	17	188	159	182	56	111	58	147	28	167	188	48	247	79	31	178	193	150	128	127	251	
167	113	38	143	141	31	178	232	236	232	211	79	202	216	191	235	248	197	254	119	237	243	221	220	156	58	207	23	77	63	121	4	
230	93	18	158	95	196	158	96	136	138	248	34	44	254	37	66	236	241	147	195	96	35	18	239	53	48	138	27	21	123	37	155	
28	205	120	219	86	145	235	248	206	0	125	2	249	235	180	96	122	226	31	250	194	56	47	253	126	141	175	192	55	139	113	168	
183	32	233	203	76	43	200	89	71	241	241	90	83	72	222	43	120	140	55	189	157	118	239	144	22	24	235	252	245	170	112	228	
26	148	123	200	27	243	187	206	134	65	206	163	24	159	44	96	127	155	187	144	27	139	32	246	123	165	154	207	183	10	36	122	
56	73	122	228	55	94	95	112	69	172	246	3	27	29	51	112	122	188	149	106	200	179	48	140	243	233	160	147	119	187	116	235	
180	145	20	171	157	205	84	41	15	49	177	26	206	89	44	65	217	130	23	32	122	42	91	149	171	216	129	126	82	10	208	2	
131	43	66	219	228	136	235	80	172	84	116	229	169	131	247	77	102	42	23	220	146	152	6	224	14	24	170	200	158	133	113	216	
50	85	114	168	87	51	146	71	125	197	248	43	14	24	39	148	250	137	151	177	44	187	4	206	176	84	2	19	253	94	47	207	
30	173	192	251	212	129	234	248	143	129	125	2	125	235	120	0	123	235	23	216	2	56	10	253	126	205	175	228	183	138	97	136	
169	197	97	73	5	155	229	111	92	34	120	66	171	8	180	165	91	10	2	44	193	184	117	223	37	88	22	4	87	156	209	172	
58	91	82	224	7	67	218	96	37	160	242	171	43	27	39	80	126	177	135	227	76	191	4	204	242	193	130	179	119	159	110	139	
154	47	113	210	118	176	232	150	121	129	120	226	169	14	181	173	110	187	134	209	166	184	36	237	172	216	190	129	231	212	111	156	
51	84	250	172	87	114	208	71	69	65	254	167	15	24	182	132	122	141	150	161	12	179	20	200	176	229	16	3	237	92	234	207	
136	149	126	253	215	246	180	119	148	7	110	18	124	191	40	65	99	19	179	32	112	189	51	207	71	235	82	67	115	72	237	155	
7	41	66	219	224	137	233	17	175	80	113	197	188	195	230	93	102	41	19	222	83	152	2	240	4	24	154	202	30	132	225	176	
11	43	66	201	108	184	233	70	173	17	120	231	172	130	215	206	110	43	87	204	131	152	198	193	4	56	154	162	95	132	115	157	
18	137	94	142	218	192	27	236	135	5	204	162	109	231	170	116	106	179	175	192	90	11	42	245	208	228	138	203	49	2	165	186	
156	65	234	237	68	2	239	80	20	128	215	2	81	131	177	72	120	236	55	234	200	177	1	200	208	235	166	132	53	187	112	160	
6	173	176	138	252	161	186	203	139	9	25	10	140	206	124	0	223	91	23	145	146	35	138	243	172	28	143	254	148	75	163	129	
166	205	240	222	244	160	254	206	155	3	121	18	236	234	61	64	255	235	23	195	162	34	138	251	36	60	143	168	149	123	241	137	
135	178	174	159	141	151	190	232	158	254	211	151	196	232	123	75	217	101	123	231	244	199	223	157	156	115	207	247	28	47	57	214	
146	145	91	236	146	66	31	101	165	5	240	163	13	159	32	80	110	159	149	224	88	139	32	205	250	225	174	203	49	2	166	59	
160	216	120	93	116	199	235	214	95	14	116	2	48	19	165	36	127	122	2	72	226	188	49	127	71	30	50	0	83	153	100	171	
51	142	234	136	87	179	184	67	95	69	220	167	8	136	54	132	255	139	135	149	158	187	4	198	26	85	154	195	223	76	57	207	
18	141	114	251	182	161	250	151	29	1	123	18	237	107	60	64	126	171	23	176	186	184	8	255	174	222	138	192	183	202	161	136	
182	221	114	250	254	165	222	255	95	10	248	186	110	253	61	0	223	251	151	227	250	39	10	255	186	222	141	254	215	255	240	27	
179	197	12	141	5	151	206	175	85	98	218	199	96	104	62	228	89	138	62	175	255	176	85	159	176	46	138	215	61	28	248	4	
9	235	211	153	100	168	104	22	239	81	94	226	188	155	240	250	102	43	54	13	135	152	70	209	68	56	178	160	30	132	25	137	
11	214	2	188	124	17	188	127	220	74	80	231	188	168	178	193	238	33	159	165	229	15	6	223	36	127	250	138	30	188	249	157	
62	44	107	234	82	243	27	74	23	69	221	163	105	79	161	100	127	185	151	177	42	151	44	159	211	197	171	171	181	207	52	242	
59	59	114	224	54	176	216	22	73	72	126	226	43	14	151	164	174	179	149	209	142	184	36	205	130	217	170	131	103	140	109	77	
161	217	113	92	116	135	167	222	95	66	116	6	176	28	181	100	126	120	2	78	227	173	53	255	33	30	18	0	93	153	97	189	
131	200	119	93	21	141	175	254	221	68	114	70	226	68	189	100	92	80	2	109	227	188	116	255	37	62	0	6	87	152	81	236	
182	205	114	254	246	162	222	254	219	2	121	18	109	235	61	65	223	251	23	227	250	175	10	255	162	254	207	170	55	251	240	137	
3	107	64	140	118	152	232	68	173	68	208	231	173	10	151	196	238	163	31	205	199	11	68	237	180	120	154	138	31	156	35	221	
9	146	121	193	116	156	120	23	237	89	118	116	157	31	180	228	230	27	22	156	215	188	36	193	70	249	178	192	30	128	201	189	
130	240	170	152	207	193	185	71	154	213	68	179	140	204	118	8	235	57	147	145	22	95	182	194	93	16	158	235	149	12	181	246	
148	13	66	147	148	163	238	231	61	130	250	18	42	34	33	65	105	226	14	210	56	191	1	238	184	134	158	64	229	89	241	8	
161	219	121	77	118	135	239	244	85	104	116	102	49	5	180	52	126	168	22	238	227	186	36	127	118	12	164	160	125	154	96	249	
10	188	58	250	117	252	113	70	249	13	92	16	174	157	38	116	165	59	151	17	178	188	50	247	207	253	26	75	130	4	45	251	
42	168	234	238	126	155	186	216	143	192	125	139	253	205	253	0	30	57	23	189	130	163	46	223	110	93	171	188	87	174	19	129	
26	207	66	156	114	144	174	246	149	6	90	231	41	234	182	196	126	235	135	133	230	154	6	239	52	102	190	137	63	212	41	221	
20	237	128	179	148	137	238	236	63	129	88	2	239	234	105	0	123	234	6	210	82	56	72	255	172	196	143	100	177	90	177	136	
9	195	124	93	100	152	233	23	70	53	118	130	187	8	150	228	106	46	38	141	135	184	229	209	70	105	242	65	127	140	249	172	
244	77	194	148	244	162	206	98	153	130	250	2	46	232	49	3	234	225	23	195	104	175	0	238	176	22	142	16	69	121	114	128	
89	192	226	125	85	218	105	23	119	101	118	150	187	0	146	236	122	172	174	140	153	248	117	149	214	239	242	65	111	140	248	108	
146	77	98	231	150	163	234	182	93	160	122	2	107	43	53	64	126	235	23	241	168	184	1	238	190	222	158	128	167	219	112	8	
10	59	103	89	99	156	168	82	173	29	114	231	168	142	149	204	238	57	151	220	134	184	102	224	6	120	154	130	71	133	37	253	
153	141	108	251	246	178	251	183	124	65	95	146	249	47	178	97	103	183	55	140	176	152	37	255	110	111	250	192	55	128	225	233	
62	3	34	236	81	87	94	120	5	12	244	11	11	143	52	80	252	153	143	226	92	131	64	156	243	245	170	159	51	47	102	83	
9	202	115	217	36	152	233	23	126	17	118	112	189	130	244	236	38	58	62	156	147	184	231	209	132	249	250	192	94	136	201	41	
19	205	113	171	22	147	235	248	79	64	93	66	253	202	177	100	126	235	31	219	195	40	46	255	188	205	171	200	53	139	97	109	
114	115	3	172	57	197	26	121	175	76	185	109	174	222	36	208	220	185	207	227	79	3	194	221	177	240	171	191	24	34	38	215	
19	80	107	197	86	66	239	81	68	224	87	230	81	20	191	100	126	188	22	175	201	180	53	206	52	12	175	128	45	178	112	244	
182	76	198	247	148	34	78	231	21	162	250	18	67	42	53	89	105	230	23	162	120	255	65	174	178	238	215	144	229	249	240	0	
118	114	19	168	107	143	50	88	175	44	177	111	14	210	37	80	230	181	207	98	64	3	146	221	144	176	43	190	25	43	39	211	
132	225	130	145	196	1	172	205	22	179	80	18	8	170	105	11	121	75	2	210	112	254	10	192	28	0	222	100	133	89	177	128	
150	141	70	179	148	171	110	231	61	130	250	18	75	42	52	81	107	239	23	131	120	252	1	238	190	238	222	192	165	249	240	8	
11	156	224	153	182	177	184	23	31	67	92	183	173	14	182	36	167	59	151	157	151	156	36	247	78	95	154	194	150	204	145	253	
35	189	50	216	247	245	186	87	143	73	88	35	44	156	166	32	238	59	151	149	150	139	32	253	59	28	142	234	151	12	181	223	
18	205	66	154	87	211	174	231	23	5	90	163	40	222	38	196	123	187	131	209	102	155	4	255	56	38	158	195	55	28	173	142	
158	13	246	246	182	178	254	183	253	194	95	18	105	235	181	105	255	227	55	203	248	252	46	238	42	255	223	128	231	245	241	13	
25	132	99	169	84	162	235	127	52	65	222	210	121	39	184	228	127	142	23	189	187	158	37	223	220	111	186	192	191	140	176	248	
82	148	55	218	155	164	49	167	255	29	76	16	140	183	40	85	165	27	42	144	18	15	50	245	153	254	18	74	146	0	165	107	
26	199	98	239	119	208	252	119	85	13	94	163	41	15	190	228	126	187	151	137	214	184	36	223	118	109	186	193	55	142	253	219	
155	217	76	175	23	151	220	109	15	97	87	199	105	8	54	192	106	162	179	197	205	156	87	189	182	107	218	147	63	30	249	30	
174	189	246	254	246	178	158	254	155	194	88	179	237	254	61	33	223	123	151	247	242	202	42	239	42	95	207	202	151	247	243	213	
26	153	118	156	211	208	188	103	173	5	76	163	44	190	38	196	238	187	131	129	86	155	38	213	178	118	154	203	55	6	173	223	
162	121	0	159	77	193	190	200	142	20	64	171	172	206	33	73	202	57	147	195	66	26	74	249	5	16	202	171	20	31	53	218	
2	188	146	159	252	133	188	231	158	27	88	48	172	254	32	64	231	59	187	129	114	216	66	247	44	54	94	202	148	72	161	155	
19	132	98	201	20	178	104	87	55	65	214	147	73	143	190	108	119	141	31	189	190	157	37	223	26	110	154	196	183	132	240	92	
27	205	111	207	118	146	111	240	61	64	94	198	121	103	182	100	126	239	23	238	193	152	45	255	126	111	171	128	63	151	33	253	
154	141	102	239	214	146	254	181	117	64	126	2	121	105	180	97	54	227	23	235	240	184	45	255	110	235	166	192	55	182	225	8	
58	1	106	232	87	22	91	112	5	164	254	131	11	15	55	80	122	172	151	236	12	187	49	140	211	237	130	129	119	143	124	234	
18	109	114	255	54	162	254	150	93	128	122	130	105	111	53	0	190	251	23	225	170	184	5	239	166	222	142	130	231	214	113	137	
14	137	230	254	182	131	254	248	159	210	86	131	237	239	61	9	255	123	183	247	240	200	14	255	170	94	223	202	167	244	33	217	
17	145	95	172	147	192	55	117	165	65	106	6	125	183	40	114	226	51	120	192	81	169	50	109	241	225	2	11	105	2	161	122	
166	29	18	158	95	132	190	98	136	138	248	34	44	254	33	66	236	243	147	195	96	43	146	238	53	52	138	138	21	123	33	139	
28	237	64	235	84	129	234	248	135	1	253	2	121	203	184	0	123	234	31	248	2	169	75	253	126	205	167	224	55	138	113	136	
194	79	194	158	250	32	174	246	136	134	152	231	45	230	179	66	110	227	159	231	228	11	134	238	48	54	238	152	13	255	57	217	
114	103	107	172	24	129	91	72	135	172	157	163	105	207	115	64	126	177	239	231	74	3	235	223	242	197	171	185	53	167	52	114	
2	162	226	145	197	96	184	207	26	247	88	151	136	172	94	8	251	11	147	149	150	252	133	194	12	22	158	231	133	68	183	206	
166	10	160	158	77	233	184	64	158	86	81	187	168	204	119	9	216	41	147	7	38	118	206	243	5	18	219	171	85	109	23	210	
50	19	99	168	87	75	209	96	45	236	240	239	14	31	39	208	254	185	159	225	216	187	32	204	178	224	170	147	61	14	118	223	
156	65	106	237	68	2	111	112	85	128	215	2	81	195	177	96	120	236	55	234	200	179	33	136	242	237	166	128	55	187	112	160	
3	166	162	129	213	54	184	199	90	103	88	23	8	168	118	8	249	11	147	149	150	188	149	226	12	28	158	231	205	92	249	206	
58	87	107	236	55	215	91	81	5	204	253	239	47	205	183	144	126	169	151	108	200	131	32	158	243	205	161	186	55	174	118	115	
35	181	2	139	221	144	186	101	76	65	219	199	128	8	62	224	232	11	218	213	215	187	85	199	52	60	138	195	77	14	249	156	
42	96	106	200	126	131	251	88	143	192	93	138	249	205	189	36	62	185	23	233	130	162	110	223	86	93	171	184	119	139	83	225	
198	242	174	190	13	135	191	168	158	190	211	151	228	232	123	75	209	101	123	231	228	71	223	185	220	115	207	159	28	63	57	82	
44	133	124	235	189	175	82	184	71	57	189	26	211	121	120	1	217	130	31	120	154	40	89	148	207	217	33	116	243	203	80	2	
102	15	102	158	109	192	190	96	136	204	217	139	104	236	55	67	232	225	179	231	64	35	14	204	52	48	202	139	85	111	116	194	
214	98	142	175	74	35	57	216	54	183	215	183	205	231	75	91	255	221	239	182	42	215	203	210	221	227	255	189	128	119	39	242	
3	205	3	159	151	209	190	231	30	69	88	163	172	238	55	196	251	107	147	197	102	152	46	255	36	54	158	139	20	92	189	222	
18	207	66	154	87	209	190	231	150	5	90	163	40	206	38	196	122	187	131	193	102	155	6	255	56	38	158	195	53	28	189	142	
61	73	106	111	4	27	71	248	69	224	246	78	115	73	191	244	120	228	84	238	205	179	109	172	114	233	165	148	111	191	122	100	
2	221	6	157	179	229	60	231	62	79	74	181	172	182	34	64	231	123	179	133	118	152	19	255	45	54	222	195	24	84	169	223	
56	205	98	238	84	18	78	252	117	128	254	2	123	233	181	117	120	238	23	234	232	187	45	175	242	239	167	128	103	186	112	136	
34	156	34	154	253	245	184	199	159	93	80	55	172	220	118	8	205	59	179	145	182	46	114	247	31	22	154	235	213	12	181	223	
49	207	67	143	84	2	207	248	68	64	251	198	115	96	182	100	122	236	22	239	205	179	45	61	48	44	167	128	125	187	112	252	
114	90	114	228	7	66	210	112	1	172	242	239	15	27	37	80	238	245	135	226	72	183	17	236	178	224	162	147	111	191	102	91	
50	203	174	174	28	134	219	248	135	188	219	135	101	205	122	66	252	229	191	215	206	211	207	253	216	97	171	209	53	47	52	74	
26	145	114	142	211	208	148	103	141	5	221	163	44	254	46	196	234	187	131	129	86	139	38	247	50	116	154	203	55	6	173	223	
35	145	172	23	85	31	162	232	94	241	210	70	232	120	190	160	249	105	146	101	133	248	93	221	28	95	79	71	221	46	121	140	
129	213	33	73	5	223	164	111	76	80	120	66	184	156	180	165	217	8	18	41	199	184	119	213	39	88	135	70	95	12	209	172	
86	205	214	247	246	162	238	167	61	147	123	18	109	106	52	65	123	239	55	227	120	216	9	255	190	254	223	128	165	121	241	0	
21	212	59	218	19	164	147	86	254	73	77	86	28	211	36	100	247	57	18	25	179	173	58	223	249	190	26	74	152	2	161	35	
242	195	75	236	10	0	157	101	164	12	212	163	41	7	32	80	110	145	143	192	72	15	96	205	241	225	174	153	53	130	166	233	
129	200	115	95	117	223	161	246	95	13	118	80	184	144	180	101	251	58	34	72	227	188	53	255	5	30	18	2	83	152	101	172	
3	143	98	137	247	145	186	103	204	65	90	231	168	8	182	228	238	43	146	149	151	184	4	221	46	92	138	195	95	12	249	157	
9	195	116	89	101	216	233	23	111	85	118	134	185	140	150	228	106	170	166	141	215	184	247	209	70	121	50	65	127	140	253	252	
54	213	246	252	254	7	222	255	95	170	240	42	110	253	60	1	223	251	183	161	232	251	11	223	58	222	197	254	215	252	240	137	
19	1	107	197	86	86	235	81	68	200	95	2	81	13	188	100	124	156	23	239	201	181	37	206	117	44	170	132	37	170	116	241	
154	240	227	178	67	241	184	200	23	115	193	179	29	222	105	168	127	153	147	211	47	215	62	243	19	64	155	167	61	29	53	254	
11	59	107	201	99	148	184	84	237	76	254	231	168	14	183	224	238	153	223	213	134	186	100	192	22	89	186	131	71	142	45	221	
178	71	82	128	82	114	152	71	117	65	250	163	43	14	183	97	110	155	134	145	172	187	5	206	178	64	154	131	229	220	174	140	
7	43	99	203	224	145	172	65	172	20	120	198	168	130	245	196	110	40	19	222	211	24	22	224	36	24	138	200	92	7	241	188	
166	205	240	158	244	162	254	238	155	2	120	18	236	234	61	65	255	235	23	227	242	98	10	255	44	62	143	172	149	123	241	137	
11	161	82	137	117	249	233	23	239	81	84	134	173	131	246	230	102	43	146	157	135	56	230	209	6	121	154	168	30	132	233	204	
139	210	46	156	108	151	188	125	156	65	212	199	173	138	50	193	206	161	191	197	196	143	22	221	242	51	250	153	30	156	185	92	
155	128	67	137	20	50	105	89	55	65	214	214	89	199	186	236	121	136	54	188	191	150	37	223	146	239	186	196	191	132	56	244	
182	205	246	190	246	162	222	238	223	2	248	18	111	234	61	65	255	235	23	227	250	231	10	255	186	254	207	136	213	249	225	137	
3	75	72	141	102	152	233	102	173	68	208	199	173	10	183	196	110	161	95	205	199	15	100	205	180	56	186	136	29	156	57	220	
18	195	66	156	82	144	188	127	149	5	208	231	41	238	182	196	126	171	135	133	198	154	6	221	54	38	190	139	55	132	189	221	
51	147	46	168	188	151	76	105	70	20	209	167	97	232	186	64	216	168	59	101	222	139	71	157	154	99	235	221	60	46	184	82	
11	123	99	65	101	157	232	85	77	89	82	102	136	28	212	164	238	137	150	221	215	184	117	192	38	88	154	194	79	12	249	221	
1	192	101	73	21	223	228	111	93	97	114	82	130	8	180	165	88	136	2	41	253	188	117	223	45	30	150	64	93	12	209	172	
62	7	99	232	20	163	203	90	5	13	221	195	65	79	63	192	124	185	151	181	154	147	4	156	219	69	171	253	183	207	116	240	
22	141	114	251	180	163	234	183	29	1	123	18	233	107	60	65	127	139	23	240	186	184	9	255	174	222	142	192	183	139	225	0	
50	90	66	164	6	72	252	100	45	196	242	239	47	14	55	208	110	177	143	193	205	191	68	236	176	208	138	147	45	188	47	221	
118	28	246	212	55	134	218	98	185	138	242	34	40	254	53	16	238	245	181	195	168	235	0	238	59	62	207	130	5	37	114	3	
242	80	164	254	13	68	220	46	201	3	192	2	42	91	61	83	200	195	61	193	106	15	82	233	179	250	218	27	19	92	112	10	
55	32	97	139	76	3	203	88	70	240	145	206	83	72	253	43	120	140	87	255	141	119	239	152	20	8	235	188	253	171	114	224	
178	139	111	174	42	192	29	225	133	29	240	163	109	6	168	82	110	147	167	192	90	139	99	245	240	225	234	195	49	130	165	105	
231	113	62	12	109	31	182	104	205	224	241	79	202	216	63	235	216	197	250	103	237	103	223	204	180	59	79	63	93	63	123	134	
61	0	229	235	92	51	201	89	86	97	213	82	83	65	184	236	89	136	54	187	187	54	111	151	220	207	163	124	247	174	112	160	
62	7	107	238	118	243	91	120	21	68	221	175	107	79	179	16	126	185	151	230	168	146	44	158	242	197	169	129	55	175	116	241	
6	172	240	194	244	161	250	202	27	161	57	10	140	234	125	0	223	75	23	17	178	35	136	243	44	28	143	238	213	123	211	129	
57	81	107	77	100	86	239	116	68	200	126	98	81	29	183	96	120	252	23	238	201	177	37	12	115	169	162	132	103	186	112	233	
247	82	236	167	13	14	126	216	45	190	179	159	207	74	95	91	255	197	127	231	236	119	221	192	214	251	207	183	45	63	123	86	
2	156	150	155	252	141	188	239	158	27	88	48	172	254	32	64	231	59	179	1	50	88	2	247	44	54	158	234	148	72	161	139	
11	43	66	201	116	152	232	70	173	69	112	199	172	10	183	134	238	35	151	221	135	42	100	193	4	24	154	168	95	140	107	156	
18	132	98	201	84	162	232	71	61	67	218	147	8	142	60	96	127	141	31	181	178	157	5	223	30	46	154	196	149	132	241	76	
138	248	163	152	79	213	185	71	155	85	69	147	44	158	102	45	238	57	147	145	83	94	178	209	93	81	218	235	23	12	181	242	
11	51	110	137	79	213	185	86	44	109	246	167	169	142	150	228	108	141	254	213	135	184	117	209	86	105	186	129	111	12	125	221	
170	48	227	216	71	241	185	66	158	87	85	179	8	221	118	12	107	57	147	145	34	214	182	192	87	81	218	235	151	12	53	242	
27	205	113	175	86	147	107	248	87	64	221	66	121	202	177	96	126	169	23	207	207	146	45	255	246	205	171	128	55	143	112	232	
33	219	115	77	118	131	239	244	85	72	116	230	48	5	180	37	126	40	22	238	193	186	36	253	36	24	162	128	127	154	112	253	
161	73	120	93	102	199	167	246	94	42	116	2	176	21	183	36	106	58	18	74	227	184	113	127	101	14	18	32	81	152	97	168	
11	192	72	188	93	21	252	111	156	64	212	135	173	234	50	193	110	33	155	165	228	13	86	221	246	107	218	137	30	188	185	220	
9	200	114	217	101	252	233	23	127	21	118	18	173	131	242	236	102	42	166	156	147	184	247	209	7	249	154	65	246	140	201	236	
146	149	86	188	195	66	20	103	181	7	104	179	46	190	32	213	235	187	133	160	124	159	18	207	177	246	94	3	113	100	173	142	
50	131	79	232	186	195	27	239	133	5	217	163	77	231	168	64	126	187	151	224	88	139	38	213	248	227	170	207	53	130	164	251	
139	203	91	152	108	156	169	86	237	89	20	100	188	154	182	231	230	33	30	205	199	45	38	209	4	56	186	168	30	156	121	141	
19	210	14	189	12	133	108	101	132	85	210	135	165	138	50	66	236	137	59	133	206	152	87	145	244	97	158	128	28	28	184	222	
3	209	40	136	125	151	172	109	94	97	81	86	188	24	182	160	202	1	146	5	229	47	21	221	38	95	154	122	28	12	217	157	
131	193	39	153	5	223	236	175	95	90	90	66	160	204	180	229	216	11	50	77	199	184	119	221	39	56	206	6	93	28	209	108	
207	74	194	187	48	130	106	16	180	65	83	247	217	194	179	200	118	165	63	223	165	148	13	110	128	46	170	192	172	183	57	85	
210	79	230	94	178	162	94	166	49	142	218	231	105	239	183	81	247	255	165	193	232	203	7	239	186	118	254	131	165	244	180	79	
34	132	70	140	84	162	170	99	148	3	251	18	64	232	52	64	121	164	19	161	48	191	0	207	56	46	138	200	149	10	112	128	
11	141	100	251	246	146	254	181	253	65	95	130	253	111	184	97	118	59	55	206	242	152	47	253	110	239	234	192	54	134	225	233	
119	32	96	194	76	19	202	89	1	228	149	207	81	77	223	15	124	132	87	191	141	35	109	200	146	72	169	244	111	175	114	212	
150	204	230	246	212	162	238	167	253	130	251	18	107	106	53	73	123	231	55	195	248	252	8	238	186	254	223	128	165	249	240	8	
146	77	82	183	214	162	238	230	21	130	250	18	111	42	53	65	122	235	23	225	40	186	1	238	186	206	158	128	165	216	240	136	
163	219	99	73	116	147	239	253	93	72	112	230	48	128	180	36	126	40	22	238	227	184	36	255	36	28	164	128	95	156	240	253	
54	6	34	168	213	163	218	75	21	5	217	143	79	204	58	132	216	169	135	181	28	178	0	158	144	244	136	219	245	79	62	198	
139	192	6	189	45	148	232	228	206	81	80	71	188	152	58	227	226	41	186	69	199	52	22	241	132	113	218	139	28	28	57	140	
210	194	14	189	8	132	76	101	132	22	194	199	33	203	58	67	76	161	47	133	106	15	67	221	242	98	218	152	53	180	176	74	
164	28	250	222	100	230	187	81	212	130	119	18	112	253	183	105	104	56	19	10	176	165	50	79	71	47	162	9	85	235	116	162	
182	113	103	134	79	65	190	232	128	240	209	175	81	252	125	139	122	248	147	227	77	99	190	240	87	0	203	175	45	63	118	246	
160	12	127	95	84	239	227	114	84	10	126	2	49	17	177	64	72	50	3	74	96	188	97	63	103	175	32	0	113	235	100	170	
3	75	74	155	228	152	238	212	172	16	88	199	185	194	245	192	110	42	19	223	195	152	6	241	36	24	170	200	28	147	249	152	
22	84	123	202	83	231	147	216	86	1	205	22	92	215	41	96	127	185	147	176	11	135	56	255	217	142	154	78	185	3	37	178	
56	205	102	236	92	2	110	248	85	128	254	2	107	233	53	96	120	238	23	234	232	187	13	191	178	239	167	128	119	186	112	136	
3	255	49	202	236	149	175	253	204	88	56	70	172	202	252	167	206	9	19	110	195	43	58	245	61	24	142	238	94	158	225	173	
2	157	18	159	179	133	60	231	30	9	74	165	172	182	34	64	229	123	179	133	70	152	18	255	45	54	158	139	24	84	169	155	
61	73	106	110	20	19	71	248	69	192	246	78	115	73	191	244	120	228	20	238	205	179	109	189	114	233	165	148	127	191	120	100	
2	157	3	159	23	209	190	231	30	69	72	163	172	238	34	196	251	123	179	197	70	152	18	255	37	54	158	139	20	76	189	222	
119	96	99	206	76	3	203	88	65	224	177	206	83	200	253	170	120	196	95	239	137	35	205	136	144	8	161	188	125	187	114	176	
137	192	55	89	37	221	164	37	94	81	114	82	168	156	188	229	202	24	50	73	195	188	119	213	5	88	82	66	87	28	213	172	
139	192	14	189	5	157	240	36	78	81	82	87	181	152	50	225	192	40	58	69	199	188	87	149	134	113	218	131	28	28	185	156	
231	121	46	172	13	159	182	104	206	234	144	13	222	216	55	107	200	101	250	103	229	103	223	252	240	123	79	63	88	61	123	134	
198	114	174	190	109	7	31	232	158	190	199	159	228	233	123	75	209	109	251	103	226	71	219	185	220	115	207	189	28	127	17	82	
147	219	70	140	118	146	174	228	221	64	208	231	44	202	182	197	110	163	151	229	231	171	4	255	50	40	170	130	63	156	57	221	
2	133	66	139	212	163	168	103	52	1	123	18	40	42	60	64	121	138	19	145	18	184	1	223	60	44	154	192	149	74	241	136	
11	249	113	89	101	221	169	85	237	89	116	70	168	156	252	228	238	58	146	88	211	56	118	225	7	88	146	194	87	140	213	253	
52	100	233	227	60	47	67	152	70	169	189	10	211	65	249	104	89	200	30	122	138	52	109	26	201	142	165	244	245	187	80	33	
56	65	106	236	68	2	111	120	85	128	255	2	83	195	177	64	120	236	23	234	200	179	32	136	242	237	162	128	55	186	112	160	
3	172	162	131	213	54	182	199	90	103	120	23	8	168	126	40	249	79	147	149	150	184	149	226	12	28	158	103	205	94	251	206	
154	90	14	189	8	164	105	20	164	20	198	135	169	131	51	75	108	233	191	197	10	212	210	233	198	97	250	136	44	149	41	216	
9	193	112	217	101	217	249	55	239	93	116	20	169	143	246	228	110	43	134	12	215	56	54	213	70	217	178	233	86	140	205	221	
7	79	130	142	232	0	174	246	136	134	216	231	173	226	179	2	110	99	31	239	228	11	134	234	60	36	174	136	12	247	185	217	
3	218	99	75	116	147	175	245	77	72	122	230	168	200	180	228	126	40	22	206	195	184	36	253	36	60	170	130	95	158	241	189	
61	160	224	203	28	19	66	216	87	112	213	2	67	201	255	108	89	136	54	122	143	118	111	149	218	207	193	252	247	175	112	228	
55	102	42	170	29	173	210	72	206	164	157	143	231	200	123	0	217	168	75	61	142	35	78	155	208	21	137	61	213	47	24	198	
41	211	102	73	77	221	240	87	109	93	118	183	169	157	150	100	108	154	191	157	214	184	119	213	71	121	178	195	119	140	244	255	
31	75	194	187	160	130	110	208	52	192	82	199	153	194	243	201	118	105	23	223	197	209	14	224	160	9	239	128	44	247	57	17	
18	207	66	157	86	147	170	230	148	4	218	231	105	202	182	196	122	171	131	193	238	155	6	255	48	38	186	129	55	156	60	156	
54	196	246	156	254	131	220	239	95	146	240	2	108	234	61	65	251	233	55	161	226	235	10	223	184	190	223	148	213	120	113	137	
75	218	106	140	109	216	233	118	237	68	212	135	173	142	182	231	106	161	223	205	199	46	118	193	118	121	186	137	30	28	125	253	
102	12	102	158	125	224	186	97	136	198	249	163	108	236	53	67	202	241	147	163	32	163	130	238	53	54	202	139	21	111	117	210	
58	19	96	229	55	82	250	117	69	76	126	231	43	13	182	192	126	153	151	225	204	184	37	204	246	233	162	131	111	142	124	219	
246	28	102	214	87	230	218	96	249	192	211	163	72	254	53	72	238	245	253	195	168	135	16	238	19	62	139	139	37	39	118	83	
22	141	86	251	180	131	106	169	29	1	123	2	233	106	60	65	127	139	23	240	58	184	9	255	174	222	143	196	181	138	224	0	
27	120	38	173	107	149	184	86	5	104	214	167	185	158	179	100	110	189	255	205	205	159	231	217	215	121	186	162	55	148	52	255	
56	204	106	234	20	147	235	248	71	0	253	2	123	203	181	96	120	168	31	234	138	179	44	255	250	205	163	136	55	139	112	160	
123	90	75	164	71	84	233	118	45	76	246	239	57	14	183	209	110	177	223	197	205	139	116	232	148	33	186	144	45	28	47	221	
191	96	107	238	86	147	203	88	95	64	117	138	123	205	189	32	126	169	23	235	201	182	36	223	86	205	171	168	119	175	114	225	
27	51	102	137	111	213	184	85	37	109	214	167	168	156	182	100	236	157	255	149	135	155	101	209	87	121	186	131	39	140	117	255	
57	72	107	238	86	147	107	240	87	64	213	66	121	203	177	96	122	169	23	207	203	183	44	255	242	205	163	128	55	139	112	232	
114	99	46	172	12	134	203	120	134	172	219	135	101	207	59	66	252	229	191	231	202	3	203	157	240	97	171	188	53	47	52	66	
166	28	150	156	95	164	186	98	136	138	216	34	44	254	33	66	236	113	147	195	32	171	146	238	53	52	202	138	17	105	33	139	
185	249	25	250	195	197	21	221	22	57	68	10	60	215	104	41	220	153	19	208	83	90	26	241	251	201	191	110	48	24	169	171	
5	129	123	218	228	141	97	149	239	29	125	0	148	211	248	117	66	10	2	92	18	56	58	81	77	24	38	108	210	138	192	160	
2	166	160	131	215	97	188	207	30	103	88	147	172	46	86	8	191	11	147	149	18	152	141	243	45	22	158	231	133	76	183	218	
33	209	172	175	93	159	178	104	78	240	219	71	242	216	126	0	216	205	122	69	143	243	95	221	92	25	75	87	93	47	121	150	
162	24	160	159	77	225	184	202	30	86	80	187	172	188	113	9	201	123	179	195	34	118	218	243	5	16	218	171	21	125	23	218	
86	203	143	254	24	2	27	248	150	148	196	163	101	231	41	82	92	245	173	194	74	67	235	237	217	227	239	157	52	162	52	105	
37	177	40	161	245	191	240	73	78	97	153	79	210	88	62	32	216	139	18	53	159	186	93	220	92	25	11	116	221	14	121	150	
18	149	91	234	26	226	27	232	133	1	233	162	93	247	40	112	122	179	147	224	27	139	46	213	248	225	138	207	53	2	37	50	
50	177	246	252	124	7	216	127	95	169	240	42	110	253	52	1	159	189	183	161	152	250	67	221	26	222	221	246	119	172	240	137	
138	184	51	152	79	213	185	71	159	93	84	55	44	159	102	173	236	57	147	145	131	94	178	209	7	81	218	235	31	12	53	255	
6	140	212	158	244	131	238	235	159	130	112	2	236	234	61	65	123	235	23	161	114	234	10	255	172	30	207	172	149	120	113	136	
34	184	50	154	125	229	184	199	159	93	88	39	172	220	118	8	207	59	147	145	150	58	82	245	31	22	154	235	149	12	181	223	
54	77	102	238	92	2	206	236	213	130	250	10	99	232	53	16	120	236	95	227	232	163	8	174	178	238	135	152	117	251	114	136	
9	48	98	201	69	253	241	83	103	93	126	38	168	156	214	100	108	138	222	156	151	184	247	209	87	89	178	195	251	140	252	255	
2	129	246	252	62	131	216	105	159	144	82	130	237	238	52	65	222	125	55	161	128	219	15	221	138	250	223	198	53	172	49	137	
246	90	126	229	38	74	249	16	41	140	178	231	15	31	21	27	238	245	149	227	136	180	4	200	210	233	234	131	109	185	109	83	
6	173	208	131	244	171	234	202	31	1	185	2	140	106	121	0	123	203	23	177	50	32	72	255	172	20	143	228	149	91	113	128	
223	58	54	168	107	31	57	80	173	124	215	175	159	151	131	127	230	189	255	102	133	23	167	208	215	233	106	174	50	165	39	241	
60	173	66	171	92	131	98	248	7	128	249	2	107	203	41	0	120	232	14	208	10	187	10	253	190	205	167	96	51	138	112	136	
139	91	98	169	103	148	184	87	173	76	222	231	173	14	182	228	238	155	223	213	198	59	100	192	118	89	170	195	31	142	189	221	
58	19	107	168	103	85	185	116	45	76	246	231	46	14	166	212	110	145	159	229	205	155	52	204	210	97	170	211	63	14	63	255	
34	132	66	140	84	162	168	103	52	1	91	18	64	234	56	64	121	174	2	161	48	187	0	223	56	38	138	192	149	10	240	128	
32	132	2	137	212	163	168	103	20	1	122	2	64	170	60	64	121	142	2	177	18	187	1	223	56	46	146	64	149	10	240	136	
91	113	58	204	106	23	187	88	173	108	212	175	28	159	162	116	238	189	223	102	197	3	164	220	242	121	43	186	22	134	39	247	
183	128	226	91	20	50	72	89	87	65	215	151	75	206	190	124	121	140	62	188	191	151	45	223	146	110	131	204	191	142	112	84	
187	19	106	168	125	23	216	119	77	72	220	239	9	8	182	228	238	129	223	189	221	43	84	204	114	89	170	219	127	142	248	213	
14	181	116	235	182	163	218	219	31	193	93	163	237	237	61	0	223	59	151	189	146	184	79	221	46	223	175	198	183	207	17	209	
2	181	112	203	254	177	184	79	31	81	89	179	172	222	252	32	159	27	23	149	146	40	106	215	46	28	154	238	215	206	241	221	
182	105	233	186	108	73	207	200	18	230	213	171	67	205	251	8	88	200	151	99	106	118	238	176	82	1	173	189	117	191	86	242	
151	80	251	250	27	199	155	216	22	66	193	86	84	215	105	104	125	185	19	211	235	135	122	242	17	134	155	46	189	27	37	178	
27	49	98	169	109	149	184	85	173	105	214	167	169	156	182	100	238	157	255	133	198	155	101	209	87	121	186	130	23	140	52	223	
237	96	234	85	197	52	252	222	80	243	118	22	25	41	215	235	121	204	178	158	245	246	181	130	94	107	244	101	239	253	250	132	
6	52	162	145	229	98	184	71	30	199	89	179	140	236	122	8	217	59	147	145	18	210	210	194	13	22	159	239	132	110	181	210	
133	73	70	155	36	136	236	148	172	16	82	212	189	194	177	73	98	43	62	223	199	4	6	241	36	56	234	136	28	145	113	136	
2	163	162	129	213	97	188	207	26	109	88	135	140	172	94	8	249	75	147	149	150	184	128	226	45	20	158	231	133	76	183	222	
147	207	110	254	190	145	222	191	157	2	88	215	109	238	190	1	151	123	21	207	246	136	14	255	170	126	190	138	23	214	185	93	
139	218	114	217	109	221	185	87	237	93	84	150	173	142	182	103	238	41	159	141	199	44	54	209	71	89	154	171	22	140	253	255	
139	90	102	153	109	220	249	86	237	92	84	167	173	142	183	239	110	33	223	205	199	45	118	193	199	121	250	139	22	156	125	255	
146	129	91	234	26	194	27	105	132	0	233	162	81	215	168	113	122	147	159	226	121	11	14	221	240	225	170	207	53	130	164	50	
135	74	22	186	32	128	172	208	174	26	81	245	189	194	249	75	230	105	63	207	195	69	10	240	128	24	107	136	28	179	33	145	
39	241	46	174	60	31	210	232	206	232	155	15	231	216	59	32	216	205	126	103	206	35	223	157	240	85	11	125	93	47	121	150	
2	187	178	154	125	197	186	199	143	77	88	39	172	222	102	64	239	59	151	149	146	58	82	245	29	20	154	235	148	14	181	219	
58	205	102	236	92	130	206	242	213	0	250	2	43	169	180	64	120	236	23	226	200	187	0	189	178	239	130	144	119	184	112	136	
2	139	26	159	179	133	62	231	30	13	74	33	172	178	34	64	230	123	147	197	86	152	2	255	45	54	158	203	24	4	169	203	
198	122	140	189	77	143	95	216	158	190	196	13	228	233	115	74	209	109	123	103	66	71	219	187	221	119	207	60	24	125	17	210	
185	201	107	108	20	19	70	248	69	192	254	78	115	73	181	112	120	228	20	110	201	179	109	189	114	233	165	144	127	190	120	168	
2	157	2	159	23	209	190	231	30	65	72	227	172	254	34	192	250	59	147	193	87	152	18	255	37	54	158	139	20	14	189	158	
207	4	135	179	181	246	40	1	189	219	67	85	220	218	48	233	229	37	187	149	181	197	29	194	142	119	218	195	140	69	57	85	
139	72	39	157	37	220	160	134	222	83	82	82	174	152	61	233	194	41	186	69	167	244	119	241	135	123	218	3	28	29	57	12	
137	192	55	91	5	221	160	165	222	81	114	82	172	156	188	229	200	25	170	1	199	188	119	213	7	88	82	66	85	28	209	172	
173	66	234	88	196	54	245	88	208	158	117	23	80	233	255	11	89	76	163	63	244	246	230	130	86	43	247	13	231	253	124	194	
86	38	139	234	152	103	107	216	54	173	223	129	197	199	105	88	253	221	239	182	10	19	233	210	217	229	175	245	128	99	38	114	
51	207	71	141	84	130	238	246	4	64	218	231	97	224	181	196	124	232	22	237	205	155	5	255	48	46	170	128	61	174	120	220	
225	120	62	60	77	221	182	102	238	234	224	9	190	152	55	107	200	101	250	67	229	111	210	252	245	59	91	59	88	61	43	142	
134	166	170	145	150	115	169	207	30	247	23	178	144	46	222	44	127	11	19	157	178	212	45	210	77	6	159	229	133	69	181	244	
162	88	117	94	79	229	181	204	143	54	116	10	176	221	61	45	76	120	51	203	227	39	122	241	5	24	218	170	87	89	85	254	
125	72	65	238	76	19	203	216	65	224	181	206	83	200	191	178	88	228	95	239	201	35	108	184	210	9	161	188	127	191	122	240	
219	88	102	237	47	149	248	86	101	120	214	163	168	158	183	109	238	185	255	197	206	158	231	193	215	121	218	130	39	156	52	223	
166	16	167	222	205	112	173	72	217	214	85	178	192	252	253	111	73	125	51	187	177	103	190	192	21	50	203	138	133	125	117	244	
55	168	100	90	12	147	66	216	87	240	245	10	67	201	255	104	89	200	63	122	142	103	175	189	26	72	129	188	119	175	80	196	
123	83	106	128	102	212	185	117	45	76	246	167	56	15	182	212	238	177	159	229	205	155	100	204	215	105	170	146	63	142	53	255	
50	192	246	253	62	131	216	111	95	177	242	2	108	136	52	65	222	189	55	129	200	251	3	221	154	250	219	150	85	136	113	137	
139	216	114	217	109	221	248	55	237	93	118	183	169	157	246	101	238	56	215	129	214	184	118	213	71	89	146	203	86	140	229	255	
11	219	98	137	246	145	174	117	93	73	82	231	169	136	182	228	126	43	150	197	215	184	5	255	46	12	186	194	125	142	249	157	
24	19	107	229	118	82	251	113	5	76	127	231	25	13	182	68	126	156	151	232	201	176	37	140	118	237	162	128	111	142	116	243	
191	64	226	60	197	63	212	72	81	166	113	31	75	248	127	184	217	137	134	38	188	246	84	130	22	223	81	47	251	253	122	134	
47	174	224	83	245	61	186	159	90	243	93	216	137	252	221	172	23	90	147	29	183	80	252	178	78	95	53	237	206	247	219	149	
218	82	140	173	24	6	75	56	182	132	199	135	225	199	3	83	92	229	173	230	40	199	219	141	218	227	235	157	60	163	52	80	
63	3	106	172	118	23	203	88	69	196	253	239	91	72	191	32	126	168	151	239	140	178	100	156	210	205	161	136	127	175	122	213	
191	72	107	254	86	147	235	112	85	64	117	2	121	201	181	32	126	169	23	239	233	182	46	191	82	73	163	168	119	171	114	224	
35	167	162	129	213	54	182	199	90	239	88	7	136	168	126	8	249	79	147	21	150	250	148	226	12	30	158	103	197	94	255	206	
56	77	106	236	84	2	239	112	85	0	255	2	81	227	177	96	120	236	23	234	200	179	36	140	114	237	162	128	55	187	112	160	
242	83	44	172	28	7	75	120	6	132	213	135	197	201	51	65	124	172	127	239	200	3	219	157	240	33	171	156	60	191	112	82	
7	82	150	155	160	168	56	24	190	27	83	228	205	194	233	94	183	25	46	30	130	197	11	80	132	178	122	204	148	211	33	33	
27	147	104	137	117	221	249	85	109	77	212	167	184	30	182	100	238	129	159	133	215	43	117	213	215	89	170	203	31	142	125	223	
43	153	48	200	125	149	152	87	201	89	148	47	44	158	182	164	206	49	151	213	135	43	50	213	18	89	154	250	30	140	139	221	
82	224	246	156	62	130	248	234	255	144	210	2	236	234	53	73	255	229	127	241	160	239	3	221	152	190	223	132	5	32	113	9	
54	129	68	251	148	130	110	169	29	16	251	2	105	106	60	65	123	139	55	240	122	184	73	253	190	254	143	196	53	138	240	0	
34	49	118	205	124	155	248	89	79	97	127	171	136	157	180	96	222	29	247	21	146	186	231	213	6	120	152	230	87	140	82	213	
2	129	212	157	124	131	232	105	31	144	240	2	236	234	56	65	123	233	55	161	34	232	75	221	172	54	223	140	149	40	113	136	
2	133	2	139	84	162	168	103	20	1	91	18	72	170	56	64	121	14	19	177	48	186	1	223	60	38	154	192	149	74	176	136	
139	83	96	137	111	156	184	87	173	76	84	231	172	158	246	230	238	41	159	133	199	44	118	193	134	89	170	139	31	140	57	221	
162	28	160	159	77	105	180	202	30	118	80	155	172	188	119	11	137	123	179	3	34	118	218	243	5	18	218	171	85	125	23	218	
183	0	102	90	28	19	72	89	87	80	245	151	75	206	190	120	92	136	63	191	142	247	111	213	18	106	195	204	183	175	112	84	
91	113	114	236	42	19	184	80	173	104	214	163	29	159	167	112	238	181	223	236	196	131	164	220	210	249	42	186	54	134	35	253	
2	77	2	157	84	131	170	102	20	1	90	2	40	202	32	64	120	43	2	192	2	186	0	255	32	38	154	128	21	10	49	136	
6	165	64	129	212	163	170	75	30	17	121	18	136	42	40	64	123	139	19	144	18	184	9	215	12	4	138	196	149	74	241	128	
43	50	98	201	125	125	241	81	109	109	253	38	152	156	254	100	238	152	223	28	151	59	229	208	87	93	178	239	215	142	116	247	
61	97	225	101	164	11	206	248	68	224	184	74	211	97	217	175	90	204	22	106	201	242	239	40	164	200	229	180	111	251	80	160	
198	79	194	150	250	0	174	246	152	134	216	231	237	230	163	130	127	227	135	231	224	203	132	239	56	38	175	136	141	241	163	153	
82	193	198	188	124	130	232	41	191	144	210	2	237	234	52	66	126	237	63	193	8	201	131	221	158	250	207	136	37	160	33	136	
6	140	98	137	212	163	170	202	86	1	90	18	8	42	52	64	121	11	19	145	146	184	1	215	28	12	138	196	149	73	241	128	
2	185	50	171	254	133	186	207	15	9	88	163	172	222	116	64	254	59	151	209	146	27	2	245	173	221	138	234	20	14	161	155	
50	77	102	237	116	130	238	103	213	128	250	2	43	137	53	64	104	175	31	193	200	187	20	237	178	252	138	128	119	184	112	136	
185	77	107	108	20	19	79	116	69	192	254	78	115	73	181	116	120	236	20	110	237	187	101	191	114	233	161	144	127	186	114	8	
135	255	53	222	110	5	158	252	206	218	17	98	124	218	233	35	204	113	23	239	227	103	42	249	49	24	239	174	25	59	33	169	
19	79	67	141	86	130	238	119	68	64	218	231	113	170	180	196	126	174	30	173	197	153	5	255	52	46	170	128	61	142	120	220	
23	20	213	235	147	102	59	24	6	113	203	166	93	119	41	104	119	147	187	176	27	145	61	220	217	134	139	70	189	67	33	114	
23	80	151	134	139	37	190	216	134	250	153	70	92	254	105	43	255	89	59	227	201	67	154	224	145	8	207	174	189	123	49	147	
2	217	10	159	23	209	186	239	30	65	88	167	164	222	38	192	250	59	147	193	87	154	18	255	44	52	138	203	28	12	185	158	
44	42	139	236	88	199	75	218	55	172	236	201	147	199	97	16	220	253	103	242	8	19	234	26	217	245	175	189	144	187	38	240	
134	32	170	209	140	98	173	201	158	215	213	146	208	253	255	111	89	92	59	185	48	247	238	194	77	18	223	239	133	121	245	246	
65	120	190	188	77	205	180	102	254	194	198	9	190	184	99	75	192	111	250	65	68	235	210	233	213	115	94	59	72	28	41	30	
61	75	107	238	92	19	79	248	193	196	188	142	115	205	191	176	88	228	87	238	201	35	108	172	242	233	161	188	127	191	112	112	
2	143	26	191	50	129	63	167	30	13	74	37	164	234	34	64	246	43	35	197	86	152	2	127	108	54	158	195	16	0	165	75	
135	12	183	223	61	244	163	2	222	95	83	18	236	216	181	109	193	50	58	27	163	229	55	255	5	62	90	2	208	73	117	44	
3	219	99	203	84	151	174	245	77	64	90	198	169	136	180	228	126	40	18	205	199	184	52	253	38	60	138	192	95	142	249	156	
219	96	140	181	12	38	88	48	164	242	135	149	213	35	27	91	68	196	125	175	44	197	211	12	194	235	251	144	44	165	56	82	
129	208	53	91	13	221	164	165	222	83	115	82	138	220	252	229	201	25	170	3	199	124	127	213	7	88	90	70	81	8	193	164	
130	240	118	217	101	157	248	23	175	89	114	51	168	157	84	65	238	185	183	145	210	188	99	213	7	120	154	194	87	140	241	219	
53	245	42	168	60	143	215	248	206	236	153	15	215	216	123	0	216	101	127	103	206	35	223	31	248	5	43	60	93	63	25	86	
131	72	53	219	45	245	169	206	223	90	80	82	172	216	253	239	193	91	170	75	227	101	58	241	5	88	90	42	20	89	53	173	
134	24	178	218	79	245	184	67	159	95	85	23	44	222	103	109	237	59	147	145	182	71	50	241	23	80	218	171	146	77	45	215	
6	173	114	193	244	163	186	67	15	169	89	130	140	140	116	0	191	59	19	145	146	184	8	214	46	28	143	230	213	78	147	129	
90	97	114	232	42	19	120	80	173	96	214	131	61	143	181	112	238	189	95	237	192	131	165	220	146	249	170	184	55	134	35	217	
210	131	93	238	42	66	29	105	4	8	241	178	81	87	168	113	94	149	141	226	121	7	109	221	240	225	234	221	49	162	164	48	
183	253	113	206	223	7	159	252	131	168	185	106	112	125	61	32	221	211	87	99	235	35	120	191	57	12	173	190	93	59	146	179	
18	120	102	253	44	141	248	70	109	88	210	163	172	159	21	75	238	189	255	133	138	156	195	193	150	120	218	130	7	156	112	91	
2	77	2	157	84	130	170	103	188	0	90	2	40	138	49	64	106	43	19	193	98	152	0	239	36	38	154	128	21	0	49	136	
6	177	162	131	213	229	184	69	10	201	89	163	140	254	88	0	221	59	147	145	18	26	154	192	45	20	143	239	133	78	183	210	
230	98	238	212	204	114	173	71	216	215	214	147	192	237	247	15	89	108	51	189	176	247	230	194	93	58	223	47	197	120	245	228	
215	80	44	173	12	7	95	24	4	236	151	135	215	9	27	67	248	196	125	239	236	199	217	156	240	97	235	148	60	191	56	82	
187	19	107	229	54	82	123	113	5	76	255	231	27	13	182	96	126	153	151	229	205	186	37	206	242	233	170	128	111	142	116	249	
0	141	2	156	20	131	170	102	20	1	90	2	40	202	32	64	120	42	2	192	66	184	0	255	32	36	138	0	21	8	48	136	
6	49	162	155	197	224	184	67	26	197	89	147	140	252	122	8	217	59	147	17	18	154	210	194	13	54	159	235	132	110	181	210	
107	145	98	232	124	17	248	81	13	73	215	163	137	29	190	100	238	145	223	237	222	171	101	212	214	121	170	222	23	142	242	213	
67	149	62	215	130	226	189	175	126	87	79	18	244	54	158	107	99	23	59	137	179	216	63	119	77	42	218	192	132	64	165	106	
63	19	106	225	116	54	219	88	69	109	255	231	27	13	190	160	126	141	151	191	157	178	101	142	210	221	160	196	111	143	112	213	
43	49	114	193	124	25	248	81	109	105	253	163	136	28	254	100	238	25	223	53	150	51	101	208	86	89	2	230	215	142	115	215	
34	33	118	233	126	139	248	89	111	33	123	138	141	141	124	64	238	29	119	49	146	178	199	208	6	120	10	230	87	142	83	129	
162	192	118	157	108	131	248	79	95	49	210	18	172	136	52	73	238	173	63	129	128	255	67	213	148	58	218	144	21	8	113	137	
2	173	144	155	244	171	184	175	62	49	90	2	172	226	40	64	243	43	59	144	18	152	75	245	44	22	158	192	148	8	129	137	
34	28	160	159	77	109	180	202	30	122	88	59	172	188	97	9	141	91	179	3	2	116	218	243	5	22	218	171	148	125	23	219	
18	129	86	141	30	131	232	105	143	177	211	2	236	202	60	64	122	173	127	161	16	248	67	221	156	186	203	192	53	10	113	136	
66	8	246	157	108	163	248	66	127	129	210	2	172	138	21	73	238	173	127	129	128	255	195	200	148	58	218	128	4	1	33	9	
131	24	63	216	116	229	185	71	158	93	80	118	188	158	52	105	231	59	19	17	167	173	50	209	5	26	26	202	16	0	37	255	
162	204	101	92	77	107	135	238	221	118	180	138	98	44	183	39	8	210	107	107	224	111	119	255	51	26	81	59	87	125	84	124	
61	103	64	197	220	27	206	249	64	162	156	202	83	96	153	166	89	196	86	238	236	50	205	142	62	207	165	188	111	254	218	132	
32	173	2	138	84	131	170	71	6	1	120	2	32	202	48	64	120	170	19	209	2	186	0	255	48	4	138	104	85	10	112	136	
14	48	178	178	105	244	184	67	175	223	21	55	140	158	118	14	167	57	183	149	150	71	178	192	151	80	218	239	134	68	45	215	
82	65	198	140	92	130	232	105	175	128	210	2	236	202	48	66	122	173	127	193	74	203	195	221	148	176	203	136	53	32	33	8	
54	129	116	235	214	163	234	184	71	128	251	2	75	107	61	64	122	139	23	240	154	186	73	221	158	216	139	196	183	139	112	128	
56	137	122	234	83	213	91	232	5	12	253	10	123	223	43	112	120	185	149	226	74	51	56	61	243	205	162	169	49	11	102	234	
2	140	2	129	212	163	170	194	22	33	90	2	8	42	48	64	121	11	19	145	18	184	1	255	12	6	154	196	149	75	49	128	
26	189	122	232	182	129	218	253	15	1	248	162	189	223	48	64	254	59	151	241	218	26	64	255	248	221	170	232	52	138	161	153	
185	77	107	108	20	155	71	116	69	192	254	78	115	9	183	176	120	228	84	238	233	187	101	191	242	237	160	16	127	190	114	104	
17	15	111	205	86	146	239	119	100	64	94	198	113	32	178	96	122	166	22	237	201	184	37	173	116	45	162	128	61	138	240	248	
3	223	10	191	22	133	186	238	30	13	88	231	180	218	34	64	252	123	19	193	70	152	18	255	108	36	186	202	28	8	185	143	
189	77	106	236	12	19	79	248	193	230	252	142	115	205	183	176	124	228	21	238	237	167	108	174	242	233	165	184	119	191	122	120	
32	105	211	236	120	193	107	66	19	128	124	136	49	151	97	180	88	248	146	216	75	154	226	187	119	212	129	41	83	168	102	168	
2	169	18	137	180	139	170	175	46	33	90	2	172	226	104	64	242	11	127	144	18	152	75	245	172	20	158	192	148	10	129	136	
6	189	114	131	246	161	186	194	14	129	88	162	140	156	116	0	191	59	147	209	146	186	0	254	44	28	139	234	197	79	179	129	
130	216	54	219	109	205	184	7	175	89	113	49	172	158	116	73	231	59	183	145	194	124	18	241	7	24	90	203	84	12	197	219	
38	38	224	136	223	241	152	75	31	7	221	179	8	204	126	140	123	139	131	149	22	182	70	210	30	20	154	239	215	77	188	198	
34	141	66	138	84	131	162	103	6	0	120	2	32	200	48	0	88	42	19	209	2	186	0	253	32	4	138	200	85	10	112	136	
72	141	252	255	131	240	188	191	54	23	71	179	249	127	24	107	103	87	185	130	114	216	235	245	111	235	254	197	183	208	173	2	
76	148	126	217	134	98	177	191	116	23	111	50	208	59	40	75	121	22	171	176	48	249	51	68	75	171	246	69	145	65	165	34	
2	77	2	156	20	130	170	103	52	1	90	2	40	130	32	64	106	43	19	128	98	152	0	255	32	38	154	128	20	0	49	136	
2	72	212	157	108	138	184	6	31	57	242	18	172	10	20	73	238	173	127	129	2	220	193	213	4	58	218	130	21	8	113	137	
6	36	174	209	140	98	189	199	158	191	222	147	144	173	119	75	89	94	187	153	48	244	99	192	79	7	255	197	133	121	253	242	
0	141	2	138	84	131	170	231	4	1	88	2	32	200	48	64	120	43	2	193	2	186	0	255	32	4	138	72	21	10	48	136	
6	56	178	154	239	245	184	64	159	93	85	55	140	222	102	105	239	57	179	149	150	71	178	224	31	16	90	235	146	69	165	215	
2	205	2	156	20	131	170	103	20	0	90	2	40	202	32	64	120	43	19	192	66	184	0	255	32	38	154	128	21	8	48	136	
29	118	21	206	14	5	159	248	196	186	152	66	124	210	233	171	253	89	54	239	193	103	42	241	49	138	239	190	25	123	33	161	
38	185	178	130	247	165	186	67	10	137	89	43	12	222	84	0	222	59	147	149	146	58	192	244	61	28	142	234	197	71	179	147	
15	236	228	243	213	189	254	150	126	247	30	7	169	41	87	139	163	106	211	157	182	248	159	224	110	79	223	97	207	221	217	206	
40	102	174	241	197	54	244	215	82	191	118	19	136	169	119	139	233	78	163	29	180	252	129	194	79	79	246	5	199	252	252	202	
31	127	147	174	174	36	30	216	202	202	153	70	92	242	233	234	252	107	63	239	137	3	138	224	177	140	239	174	152	251	33	1	
191	20	106	225	116	50	251	82	85	108	255	183	27	13	183	32	126	140	151	191	189	182	37	142	246	221	160	196	111	237	116	241	
102	111	242	222	242	32	159	222	27	134	120	249	108	239	237	20	23	255	53	222	160	211	138	234	120	62	13	170	135	243	167	161	
33	251	121	72	116	199	215	252	70	72	124	98	48	215	164	52	88	56	22	106	195	186	104	125	111	12	164	232	83	154	228	235	
6	59	160	159	229	105	182	75	30	107	89	163	172	188	97	8	159	59	179	1	18	24	202	241	5	22	154	171	148	111	21	211	
222	241	178	144	203	213	184	196	139	125	20	63	12	222	110	15	173	153	147	213	150	71	186	208	27	80	223	239	135	29	175	215	
213	113	44	173	28	15	215	120	70	232	151	15	215	217	19	1	152	101	127	103	236	97	95	29	224	65	41	52	92	59	25	82	
122	65	114	236	38	19	120	84	109	0	246	131	15	15	181	112	110	149	95	236	200	179	36	204	210	249	170	144	39	158	99	25	
172	14	236	31	237	248	180	99	208	158	117	59	96	237	55	11	137	42	227	7	116	118	194	74	71	43	112	9	83	252	95	195	
18	33	86	141	30	139	232	73	143	33	211	2	204	202	60	64	122	173	127	161	18	161	67	213	148	184	139	220	53	10	113	128	
6	49	114	225	126	153	248	81	109	97	255	163	141	29	244	96	238	153	223	117	146	179	37	192	22	88	10	230	87	143	97	213	
213	80	44	173	12	15	80	24	196	250	135	31	215	25	27	75	192	196	125	103	236	197	87	12	192	227	235	148	44	57	24	18	
2	56	242	217	101	172	248	2	173	89	82	163	172	158	117	72	238	185	191	145	130	152	194	224	135	56	218	138	132	133	49	219	
23	23	111	197	102	34	233	113	100	66	95	230	81	60	188	109	126	12	23	175	161	176	37	204	68	46	234	132	45	226	113	245	
128	208	53	91	36	203	161	142	254	31	114	48	240	81	172	109	131	16	106	8	99	244	43	119	5	186	114	70	80	25	197	169	
114	65	70	140	92	130	104	73	143	0	240	2	136	202	52	66	122	173	127	225	74	3	195	213	148	184	138	136	53	10	112	128	
191	63	120	225	247	251	255	146	89	238	60	254	29	28	215	164	167	251	149	243	181	184	36	226	110	221	173	231	239	213	223	245	
167	237	117	218	252	167	158	253	219	170	184	122	124	248	253	165	159	91	87	123	243	99	8	255	56	30	45	254	213	251	195	165	
62	1	96	225	84	163	234	120	71	160	251	2	75	73	61	64	122	137	31	241	138	178	73	220	62	205	171	196	183	139	112	128	
73	10	130	181	52	188	104	19	60	9	86	244	173	2	146	236	102	47	62	141	181	156	69	135	134	255	186	192	142	132	57	13	
93	161	153	164	172	108	74	15	106	105	139	72	223	190	88	242	145	199	125	17	31	9	243	0	153	245	46	92	128	66	147	67	
85	0	181	181	172	124	64	3	236	251	139	64	215	60	25	234	195	87	124	1	157	225	251	0	129	247	123	20	128	107	21	98	
149	121	62	37	44	79	214	96	228	226	146	16	215	24	19	35	168	117	108	99	237	229	85	12	241	227	99	17	104	57	9	2	
47	173	66	11	247	187	162	195	95	97	121	6	136	152	190	164	249	10	146	29	151	184	92	247	46	28	142	103	223	78	217	132	
58	129	120	233	182	131	95	253	15	0	252	130	63	15	176	0	126	155	23	249	218	186	64	253	250	221	174	224	55	138	225	137	
78	203	236	255	11	64	90	184	167	21	135	129	233	111	24	66	70	85	253	194	74	73	203	181	207	243	207	221	54	162	5	10	
60	20	21	189	155	226	81	59	149	31	123	53	79	119	40	89	215	51	165	160	57	192	83	29	201	243	113	215	186	97	164	147	
6	120	178	216	207	245	152	202	143	93	212	39	44	222	103	42	236	59	179	209	134	67	178	241	19	16	218	187	146	93	37	223	
47	165	96	129	245	155	170	231	79	105	121	98	136	216	252	164	251	10	146	61	215	184	12	221	46	28	143	230	223	14	217	133	
2	201	22	220	119	132	252	103	173	8	210	2	44	154	52	193	234	243	59	193	64	171	18	237	51	56	222	11	21	16	169	138	
33	249	112	72	93	149	161	110	94	0	124	10	56	152	52	52	88	168	2	200	67	58	114	223	119	28	0	42	89	8	98	142	
14	139	166	179	213	175	246	198	23	189	82	7	33	41	83	11	233	111	163	85	54	248	25	172	47	215	223	67	165	93	220	202	
57	201	106	110	20	146	71	117	69	64	246	2	115	9	182	245	120	228	22	238	201	187	101	173	242	239	160	0	119	190	240	104	
17	143	107	143	148	130	239	119	116	64	222	198	113	38	182	101	126	174	30	237	241	152	37	239	116	44	170	128	61	138	240	124	
32	205	2	138	84	135	162	230	4	0	120	2	32	200	48	0	88	42	19	209	66	170	24	253	33	4	138	72	85	10	176	136	
18	11	179	188	51	208	178	71	174	13	90	35	172	158	36	192	226	59	174	1	2	153	130	237	144	180	58	203	208	0	37	175	
0	205	2	138	20	131	170	231	4	0	88	2	32	200	48	64	72	42	2	193	66	170	0	255	32	4	138	72	21	10	176	136	
185	77	98	236	92	19	78	252	193	194	244	138	99	205	183	53	88	228	95	238	236	163	100	188	242	233	161	152	119	191	114	124	
2	207	11	187	94	133	175	230	22	64	88	231	180	198	32	64	252	107	19	197	66	154	74	63	228	4	190	232	20	26	177	202	
2	205	2	156	20	131	170	231	4	1	90	2	32	138	32	64	104	43	19	192	66	152	0	255	32	36	138	192	20	10	176	136	
162	221	10	187	92	129	190	230	158	64	88	199	180	200	51	64	216	43	19	197	70	58	86	191	36	4	190	168	29	26	49	218	
77	205	202	172	236	32	78	255	154	130	152	207	253	227	249	80	83	231	50	239	96	3	142	251	240	54	239	60	188	250	185	8	
15	233	174	147	31	157	186	128	238	245	28	15	252	201	83	2	34	105	251	93	134	105	158	240	111	73	15	241	134	15	25	202	
82	1	95	136	94	139	232	73	141	32	211	74	6	138	48	64	106	133	127	225	82	163	3	213	148	160	138	220	53	10	113	128	
2	216	20	155	100	137	184	7	175	25	115	50	172	158	20	73	231	59	191	17	82	252	66	241	4	26	218	194	84	8	129	137	
246	121	178	144	203	212	188	69	139	220	149	47	12	222	103	15	236	185	147	213	214	67	178	192	59	80	207	239	135	60	183	215	
21	205	21	236	172	7	206	239	206	162	152	74	125	226	57	166	159	99	122	111	193	35	27	159	184	223	207	60	92	250	169	160	
42	38	134	189	229	239	180	71	159	159	80	177	172	237	35	11	141	43	135	5	52	244	66	138	7	87	125	163	208	124	156	223	
114	65	75	136	92	3	104	105	141	0	241	66	0	138	52	80	106	141	127	225	72	3	195	213	148	168	138	252	53	10	114	128	
63	29	96	225	246	59	254	243	29	98	62	183	27	63	182	33	126	155	151	239	188	184	37	238	242	221	170	196	231	205	240	245	
179	164	21	92	188	7	156	107	154	162	184	90	90	120	20	161	157	213	89	41	249	239	81	159	57	30	205	118	213	232	66	41	
0	40	210	157	100	169	232	70	47	1	242	2	172	138	17	72	234	173	38	145	2	186	195	193	20	48	154	0	4	8	33	136	
64	64	214	157	100	137	184	70	62	49	114	2	172	138	16	72	234	45	46	129	2	252	67	209	20	50	218	0	20	8	33	137	
138	62	135	181	37	110	188	39	184	251	18	81	188	63	16	139	133	119	249	5	33	220	147	194	133	115	126	130	136	100	143	251	
174	191	114	208	247	244	159	243	201	206	188	175	12	254	247	36	167	179	213	179	245	43	52	238	123	93	47	251	207	228	47	247	
88	143	142	173	156	2	141	111	156	246	146	199	247	98	35	67	107	69	108	165	105	203	7	140	248	227	239	20	28	120	45	200	
33	179	120	73	124	141	177	111	94	41	120	104	176	152	230	32	216	42	2	8	195	58	98	95	45	28	50	106	81	8	67	175	
27	155	70	140	50	146	186	119	164	9	218	231	45	226	162	196	102	187	143	196	150	155	4	237	176	100	170	195	63	134	41	29	
0	205	3	187	22	129	47	246	22	0	88	198	245	199	33	64	92	43	19	205	99	158	88	63	228	134	186	136	60	26	49	184	
185	197	107	239	20	146	239	117	84	64	94	198	123	73	178	225	122	164	31	238	249	185	37	143	114	237	162	128	63	142	240	120	
185	201	98	108	20	26	198	117	101	64	246	10	107	73	180	117	120	224	6	234	236	171	36	189	242	233	160	16	119	186	242	44	
2	201	22	222	110	128	188	230	140	0	80	66	172	218	37	65	234	123	51	193	66	171	2	253	53	50	218	10	21	24	33	139	
56	133	122	233	182	147	223	127	69	0	252	2	59	11	180	0	126	139	23	232	218	186	37	221	250	205	166	192	119	138	240	169	
0	205	2	138	20	131	142	231	6	0	88	2	32	202	32	64	72	42	2	192	66	168	0	253	32	36	138	64	21	10	176	136	
194	49	176	144	235	213	184	71	139	253	149	63	12	158	78	43	174	63	247	145	150	91	178	192	31	16	223	251	131	68	167	223	
2	73	88	155	102	169	184	70	47	17	90	2	164	138	124	72	238	139	55	193	2	184	67	241	20	56	154	130	20	24	161	137	
22	153	134	179	23	143	242	160	143	181	82	7	110	120	99	194	161	227	173	81	94	248	27	253	141	194	207	67	165	46	125	74	
39	175	82	67	215	185	178	195	95	65	124	98	40	168	247	164	123	42	130	145	151	186	4	254	46	28	6	99	223	79	251	141	
94	235	97	238	25	192	90	184	167	44	141	0	233	223	72	82	64	245	253	194	74	1	203	245	219	225	163	189	50	162	7	34	
4	18	214	69	170	42	177	18	172	190	63	228	221	39	141	78	39	85	109	10	128	161	3	68	196	182	123	134	194	227	5	33	
101	33	200	227	244	44	107	25	34	233	111	77	23	179	73	80	80	142	23	92	27	18	216	0	108	173	165	236	168	227	210	34	
98	189	38	130	75	212	152	99	137	220	157	47	8	158	102	39	236	177	211	131	212	75	178	196	27	88	142	251	7	6	183	215	
32	249	106	73	86	203	235	252	68	68	116	143	49	13	190	20	62	152	3	108	194	186	52	125	119	12	32	96	127	154	198	248	
251	73	98	236	76	19	78	124	193	192	244	138	107	205	183	53	92	228	21	238	204	167	36	172	242	233	229	152	119	191	114	124	
2	163	198	77	91	208	232	72	235	144	112	194	233	202	117	162	190	57	179	192	6	192	134	217	14	248	139	175	117	166	107	140	
31	153	108	225	54	154	249	176	77	252	94	167	89	31	150	96	38	241	181	221	149	184	37	236	78	219	232	192	39	175	84	249	
105	132	192	156	93	2	201	171	27	134	76	14	109	227	122	212	91	236	34	172	96	74	158	223	124	54	159	44	159	236	113	136	
126	223	158	158	169	86	29	191	57	127	215	253	204	55	10	223	197	215	173	98	124	203	107	229	243	243	254	215	146	116	175	83	
128	65	79	169	108	139	169	84	44	32	243	82	149	130	0	65	106	13	127	194	65	182	193	80	196	32	170	128	28	24	81	168	
92	17	177	164	165	120	67	25	110	169	27	104	223	176	216	240	146	87	236	17	153	48	225	0	185	245	35	220	130	106	149	33	
30	95	182	146	147	247	151	198	60	223	222	101	174	56	35	137	205	107	135	21	180	251	48	236	184	23	126	195	200	93	189	223	
2	192	84	155	238	137	188	199	47	17	114	130	140	206	92	73	239	27	63	17	82	52	67	241	132	24	218	226	84	8	129	129	
240	104	70	156	76	129	198	204	135	176	176	10	98	200	97	19	72	232	110	98	74	103	138	185	48	0	133	56	85	59	82	136	
73	28	151	213	165	62	45	55	252	250	78	84	188	50	1	239	165	119	248	8	161	220	51	200	197	251	94	2	138	116	137	59	
90	157	183	181	179	234	53	39	188	207	94	161	172	63	130	74	163	55	237	17	112	217	35	206	239	119	126	195	134	116	165	107	
49	107	43	174	86	205	75	96	13	68	81	139	63	204	51	16	190	169	23	103	74	35	56	189	241	197	41	184	117	46	23	250	
0	105	90	137	100	169	169	70	46	17	114	2	180	138	0	72	106	171	34	208	2	186	195	97	20	32	186	0	20	25	33	136	
