空气轻垫唇油	172 谁动了我的果酱 6.5ml	http://www.lancome.com.cn/on/demandware.static/-/Sites-lancome-master-catalog/default/dwd78af77c/images/LAN_PRO_IMG/Product Set/LAN00228/shade/L9215600U.png	http://www.lancome.com.cn/dw/image/v2/AARM_PRD/on/demandware.static/-/Sites-lancome-master-catalog/default/dw069e2ca6/images/LAN_PRO_IMG/Product Set/LAN00228/L9215600U/L9215600U_1.jpg?sw=490&sh=490&sm=fit
58	1	98	232	23	83	90	96	5	44	254	15	11	15	55	212	250	173	151	229	88	187	48	156	243	253	138	211	55	47	126	203	
89	192	226	125	85	218	105	23	119	101	118	150	187	0	146	236	122	172	174	140	153	248	117	149	214	239	242	65	111	140	248	108	
26	148	123	200	27	243	187	206	134	65	222	163	24	159	44	96	127	155	155	144	27	139	32	246	123	165	154	207	183	10	36	122	
162	121	0	159	77	193	190	200	142	20	64	171	172	206	33	65	202	59	147	195	66	26	74	249	5	16	202	171	20	29	53	218	
144	13	66	147	148	163	238	231	61	130	250	18	42	34	33	65	105	226	14	210	56	191	1	238	184	134	158	64	229	89	241	8	
9	202	115	217	36	152	233	23	126	17	118	112	189	130	244	236	38	42	62	156	147	184	231	209	132	249	250	192	94	136	201	41	
2	13	2	153	84	131	170	66	54	0	90	2	40	202	32	64	120	41	34	192	66	186	0	255	52	38	138	128	21	8	49	136	
161	217	113	92	116	135	167	222	95	74	116	6	176	28	181	100	126	120	2	78	227	173	53	255	33	30	18	0	93	153	97	253	
19	81	107	197	86	66	239	81	68	224	87	230	81	20	191	100	126	188	22	239	201	180	53	206	52	12	175	128	45	178	112	244	
26	145	95	168	219	194	16	111	133	65	104	34	125	254	40	80	234	179	179	128	31	139	18	213	187	229	138	67	177	2	165	146	
131	43	66	219	228	136	235	80	172	84	116	229	169	131	247	77	102	42	23	220	146	152	6	224	12	24	170	200	158	133	113	249	
166	34	162	144	197	50	184	71	90	199	80	151	8	140	126	8	249	13	131	149	180	246	164	194	20	22	154	231	197	108	247	198	
35	171	98	139	215	179	186	195	95	73	220	231	40	72	182	164	254	171	146	149	150	186	4	253	62	92	138	195	223	14	249	157	
102	77	102	142	93	192	158	96	137	198	249	171	104	236	55	66	234	241	147	227	72	35	66	238	49	52	138	155	85	127	116	218	
19	132	98	201	20	178	104	87	119	65	214	147	73	143	190	108	119	141	31	189	190	157	37	223	26	110	154	196	183	132	240	92	
50	85	114	168	87	115	146	71	125	197	248	171	14	24	39	148	250	137	151	177	44	187	4	206	176	84	2	19	237	94	43	207	
35	36	226	9	213	55	178	71	78	65	124	7	8	40	182	232	249	10	146	21	151	186	85	194	30	60	146	71	205	78	248	132	
134	225	130	145	196	1	172	204	22	179	80	18	8	170	105	11	121	75	2	210	112	254	8	192	28	0	222	228	133	121	177	128	
114	115	3	172	41	197	26	121	175	76	185	109	174	222	36	208	220	185	207	227	79	3	194	221	177	240	171	191	24	34	38	215	
11	156	224	217	182	177	184	87	31	67	92	183	173	14	182	164	39	59	151	157	151	156	36	243	14	95	154	194	150	204	145	253	
19	205	113	171	22	147	235	248	79	64	93	66	253	202	183	100	126	235	31	219	131	8	46	255	188	205	171	200	53	139	97	109	
230	93	18	158	95	196	158	98	136	138	248	34	44	254	37	66	238	243	147	227	96	43	18	239	53	52	138	155	21	123	33	155	
40	28	123	95	116	229	243	114	148	12	125	3	56	253	33	0	168	58	147	74	3	186	26	63	67	205	32	9	115	171	100	251	
28	205	120	219	86	145	235	248	206	0	127	2	249	235	180	96	122	234	31	250	194	56	47	253	126	141	175	192	55	139	113	168	
26	199	98	239	119	208	252	119	85	13	94	163	41	47	190	228	126	187	151	137	214	152	36	223	102	109	186	193	55	142	253	219	
10	59	103	89	97	156	169	82	173	29	114	231	168	142	149	205	238	57	151	220	135	184	118	224	6	120	154	130	79	133	101	253	
56	141	110	238	220	131	238	253	196	0	248	2	115	232	52	65	120	238	6	227	216	187	8	189	242	233	167	8	117	250	240	136	
150	141	70	179	148	171	110	231	61	130	250	18	75	42	52	81	107	239	23	131	120	254	1	238	190	238	222	192	165	249	240	8	
14	173	192	251	212	129	234	248	143	129	125	2	125	235	56	0	123	235	23	216	2	56	10	253	126	205	175	228	183	138	97	136	
136	149	126	253	215	246	181	119	148	7	110	18	124	189	40	65	99	51	179	40	112	189	51	199	71	235	114	65	115	72	237	147	
167	113	38	143	141	31	178	232	236	232	211	79	202	216	191	235	248	197	254	119	237	243	221	220	156	58	207	23	77	63	121	4	
39	143	174	186	220	23	158	236	92	86	210	135	228	104	59	73	221	195	155	199	252	235	93	254	252	23	223	157	157	126	185	94	
52	77	107	238	204	2	239	245	196	128	222	66	115	227	177	97	120	236	55	234	201	179	44	236	240	168	239	136	37	250	240	168	
180	77	194	148	244	162	206	98	153	130	248	2	46	232	49	3	234	229	6	195	104	175	0	238	176	54	142	16	69	121	114	136	
129	192	119	81	53	223	161	7	92	5	114	82	168	28	148	173	200	58	42	24	179	188	117	215	5	126	82	66	199	8	213	172	
158	205	118	243	182	171	126	183	61	50	95	146	205	111	52	65	55	239	55	139	240	220	13	255	174	255	255	192	183	248	241	1	
146	77	98	231	150	163	234	182	93	128	122	2	107	43	53	64	126	235	23	241	168	184	1	238	190	222	158	128	167	219	112	8	
131	200	119	93	85	141	175	254	221	68	114	70	226	68	189	100	92	64	2	109	227	188	116	255	37	62	0	6	87	152	81	236	
42	32	106	204	126	147	155	88	15	192	125	139	189	221	255	32	158	57	151	77	130	163	236	223	102	29	169	186	87	174	83	241	
26	111	113	211	87	240	232	70	121	129	120	226	41	46	149	165	110	187	150	145	174	184	36	237	180	204	190	129	231	212	111	156	
20	237	128	179	148	137	238	236	63	129	88	2	239	234	105	0	123	234	6	210	82	56	72	255	172	196	143	100	177	90	177	136	
11	210	2	188	124	17	188	127	220	74	208	231	188	168	178	193	238	33	159	165	229	15	6	223	36	127	250	138	30	60	249	157	
43	35	70	73	91	179	232	70	46	37	254	198	169	138	151	196	106	173	234	220	131	154	247	193	22	41	154	129	111	132	107	252	
174	189	246	254	246	178	158	254	155	194	88	179	237	254	61	33	223	123	151	247	242	202	46	239	42	95	207	202	151	247	243	213	
2	253	50	155	119	133	190	231	158	25	88	3	172	190	52	64	239	123	147	193	226	58	26	247	45	22	158	234	20	12	161	219	
2	205	18	153	126	141	190	230	30	27	88	146	172	174	32	64	239	123	19	193	98	152	2	247	45	54	154	162	20	24	161	137	
50	141	98	238	212	131	238	239	197	0	250	2	105	234	52	80	122	234	23	227	152	187	8	253	58	237	134	192	117	186	240	136	
49	84	250	172	87	114	208	71	69	65	254	167	15	24	182	132	122	141	150	161	44	179	20	200	176	229	16	3	237	92	234	207	
180	73	194	142	92	3	230	236	21	162	242	10	98	200	45	80	120	236	78	98	72	167	137	234	178	40	135	28	101	59	114	136	
7	41	66	219	224	137	233	17	175	80	113	133	172	195	230	93	102	41	19	222	83	152	2	240	4	24	154	202	30	132	225	176	
59	27	114	224	54	176	216	22	73	72	126	226	43	14	151	164	174	179	149	209	142	184	36	204	130	217	170	131	103	140	109	77	
3	201	46	185	13	149	236	231	68	81	210	199	164	136	58	65	232	11	59	133	206	152	87	209	228	113	158	129	28	28	184	222	
3	59	112	200	124	188	185	86	169	73	120	231	172	155	245	134	238	43	159	220	131	41	130	193	6	88	58	170	223	132	99	189	
146	145	91	236	146	66	31	101	165	5	240	163	13	159	32	80	110	159	149	224	88	139	32	205	250	225	174	207	49	2	166	59	
128	216	121	93	116	199	227	214	95	14	116	2	48	17	165	36	127	122	2	72	226	188	49	127	103	30	50	0	83	153	100	171	
51	142	234	136	87	179	184	67	95	69	220	167	8	136	54	132	255	139	131	149	150	187	4	214	26	85	154	195	223	76	57	207	
57	93	123	234	83	215	91	240	69	64	124	102	59	159	35	112	126	185	23	226	201	186	48	63	115	205	32	168	127	147	98	251	
9	195	124	93	100	152	233	23	70	53	118	130	187	8	150	228	106	46	166	141	135	184	229	145	70	105	242	65	119	140	249	172	
182	221	114	250	254	165	222	239	95	10	248	186	110	253	61	0	159	251	151	227	250	39	10	255	186	222	141	254	215	255	240	27	
11	43	66	201	108	184	233	70	173	17	112	231	172	130	213	222	110	43	87	204	131	152	198	193	4	56	154	162	95	132	123	157	
131	91	27	156	124	148	184	214	205	88	16	100	188	158	181	227	198	51	31	205	135	9	6	241	36	56	186	170	28	156	121	157	
230	120	51	218	79	212	185	96	137	220	208	38	44	222	103	239	204	177	147	211	199	15	178	232	17	48	138	186	21	44	53	247	
10	188	58	250	117	252	113	70	249	13	92	16	174	159	38	116	165	59	151	17	178	188	50	247	207	253	26	75	130	4	47	251	
25	141	108	251	246	178	235	183	124	65	94	18	249	43	178	97	103	167	55	136	176	152	37	255	110	239	250	192	55	128	225	233	
166	205	240	222	244	160	254	206	155	3	121	18	236	234	61	64	255	235	23	195	162	34	138	251	52	60	143	168	149	123	241	137	
27	19	106	168	46	147	184	89	205	72	214	231	9	136	246	224	238	129	223	245	221	163	5	212	146	81	170	203	127	142	57	221	
166	205	112	190	246	160	222	238	217	2	248	18	111	234	61	65	255	235	23	227	234	175	8	255	176	254	142	184	85	251	225	137	
3	107	64	140	118	152	232	68	173	68	208	231	173	10	151	196	238	163	31	205	199	11	68	237	180	120	154	138	31	156	43	221	
118	203	239	254	186	66	27	236	135	149	208	163	109	231	41	82	111	215	175	210	88	203	42	225	249	227	254	207	181	54	37	107	
39	156	234	23	213	31	166	232	92	242	210	70	232	120	191	161	249	235	146	37	245	250	93	239	62	95	207	71	221	108	121	140	
135	178	174	159	141	151	190	232	158	254	211	151	196	232	123	75	217	101	123	103	244	199	223	157	156	115	207	247	28	47	57	198	
62	44	107	234	82	243	27	74	23	69	221	163	105	79	161	100	127	185	151	177	42	151	44	159	211	197	171	169	181	207	52	242	
183	32	233	203	76	43	200	89	71	241	241	90	83	72	222	43	120	140	55	189	157	118	239	144	22	24	235	252	245	170	112	228	
163	248	107	219	116	221	249	22	189	77	118	17	188	159	182	56	111	58	147	28	167	188	48	247	79	31	178	193	150	128	127	251	
132	105	130	158	204	129	134	196	150	144	80	2	32	200	113	9	72	104	34	195	66	98	10	160	32	0	207	40	21	123	48	136	
18	141	82	251	182	161	250	151	29	1	123	18	237	107	60	64	126	171	23	144	58	184	8	255	174	222	138	192	183	202	161	8	
214	34	158	187	74	97	57	76	174	183	215	179	237	231	73	91	111	223	239	144	34	215	203	208	221	227	123	175	161	209	39	203	
57	132	97	233	92	179	203	123	86	1	221	18	83	105	184	100	89	136	23	185	187	182	109	159	252	239	187	204	247	138	240	160	
26	157	95	250	219	225	49	99	135	65	237	34	124	247	32	112	238	179	147	128	27	139	58	221	251	231	138	75	187	66	165	178	
186	91	82	224	7	67	218	96	37	160	242	171	43	27	39	80	126	177	135	225	76	191	4	204	242	193	130	179	119	159	110	139	
3	207	3	159	151	209	190	230	30	69	72	167	172	238	55	196	251	107	147	197	103	152	6	255	36	54	158	139	20	93	189	222	
18	141	66	154	215	211	170	231	23	5	90	163	40	222	38	196	123	187	131	145	118	155	4	255	56	38	158	195	183	12	173	142	
247	210	236	167	45	14	254	104	47	182	147	159	207	106	94	91	255	197	255	231	236	119	221	192	150	123	207	182	13	63	249	214	
61	73	105	111	4	27	71	248	101	224	246	74	115	73	157	244	122	196	84	234	201	178	109	44	114	233	165	20	111	187	122	36	
182	76	230	247	132	34	110	247	117	162	250	18	75	41	53	73	107	231	55	163	248	254	9	238	186	238	215	128	167	249	240	8	
56	73	122	228	55	94	95	112	69	172	246	3	27	29	51	112	122	188	149	106	200	179	48	140	243	233	160	147	119	187	116	235	
169	197	101	73	5	155	229	111	92	96	120	66	187	8	180	165	91	42	2	40	193	184	117	223	37	24	22	4	87	156	209	172	
18	137	94	142	218	192	27	236	135	5	204	162	109	231	170	116	106	179	175	192	90	11	42	245	208	228	138	203	49	2	165	186	
118	114	19	168	107	143	50	88	175	44	177	111	14	214	37	80	230	181	207	99	65	3	146	221	144	176	43	190	25	43	39	211	
6	173	176	138	252	161	186	203	138	9	25	10	140	206	120	0	223	27	23	145	146	35	138	243	44	20	143	254	148	75	163	129	
26	207	66	156	114	144	174	246	149	6	90	231	41	234	183	196	126	235	135	133	230	154	6	239	52	102	174	129	63	212	41	221	
179	197	12	141	5	151	206	175	85	98	218	199	96	104	62	228	89	138	62	175	255	178	85	159	180	46	138	215	61	28	248	4	
226	72	166	156	77	228	202	66	145	130	192	3	40	190	53	91	200	243	59	199	40	207	210	232	19	58	218	8	5	117	112	10	
130	221	18	157	147	197	60	231	158	15	74	181	172	166	34	64	229	123	163	197	102	152	18	255	45	54	158	139	16	84	173	219	
254	205	98	231	212	2	238	252	101	128	250	2	107	107	60	80	122	229	31	226	232	179	13	239	178	238	135	128	103	187	240	8	
62	78	98	190	113	223	91	65	133	140	125	139	107	198	35	20	216	185	151	34	12	150	40	159	179	213	129	169	51	191	86	242	
161	201	119	73	116	207	231	254	95	12	116	2	176	21	181	36	88	24	18	104	227	188	53	255	37	30	16	4	83	152	117	236	
54	139	238	182	28	134	217	224	7	157	210	135	101	237	122	66	253	229	191	197	206	219	79	237	216	99	239	149	53	46	52	75	
82	139	108	254	186	192	29	239	150	21	196	163	109	231	170	65	71	187	139	128	94	11	14	253	242	167	218	203	52	130	173	10	
9	235	213	153	100	168	104	22	239	81	94	226	188	155	242	234	102	43	54	13	135	152	70	209	68	56	178	160	30	196	25	137	
90	235	107	247	58	192	59	72	167	164	159	163	105	207	77	66	110	249	237	194	74	67	171	253	219	193	171	171	39	166	36	115	
3	30	66	157	86	182	170	114	20	200	90	199	169	234	183	196	126	233	23	207	133	152	20	239	36	44	170	128	45	175	57	213	
25	141	110	239	212	146	239	247	116	64	254	2	121	107	176	96	122	226	23	234	248	184	45	255	126	239	166	192	39	218	240	232	
162	240	170	152	207	193	185	71	154	213	68	187	12	220	118	13	235	185	147	145	86	94	182	192	93	16	158	235	149	12	181	246	
26	153	118	156	211	208	188	103	173	5	76	163	44	190	38	196	238	187	147	129	86	155	38	213	179	118	154	203	55	6	173	223	
130	132	150	155	214	171	168	71	62	51	91	18	204	170	32	73	123	47	59	144	50	252	11	247	28	38	222	192	132	72	161	128	
53	81	107	205	86	70	239	176	68	192	222	70	81	85	181	100	126	236	22	238	201	178	53	12	101	41	163	132	45	187	112	240	
6	105	130	158	204	129	174	230	132	146	88	2	40	234	113	11	104	106	51	195	64	99	138	232	56	0	207	168	21	123	176	128	
155	217	76	175	7	151	220	109	15	97	87	199	109	8	54	192	106	163	179	199	207	156	95	189	178	107	218	147	63	30	249	30	
26	145	114	142	211	208	148	103	141	5	221	163	44	254	46	196	234	187	131	129	86	139	38	247	50	116	154	203	55	6	173	223	
129	213	33	73	5	223	164	239	76	80	120	66	184	156	180	165	217	8	18	41	199	184	119	213	39	88	135	70	95	12	209	172	
102	139	174	190	124	7	159	248	22	149	212	135	229	233	58	65	221	199	187	199	204	203	95	189	216	39	239	157	156	46	57	218	
3	209	40	136	125	151	172	109	94	97	81	86	188	24	182	160	202	1	146	13	229	47	21	221	38	95	154	42	28	12	217	157	
102	15	102	158	125	224	190	96	136	204	249	171	104	236	55	67	200	225	179	231	64	35	6	236	52	48	202	139	85	111	116	195	
118	203	143	190	26	194	27	232	134	156	211	163	101	199	107	82	127	247	175	214	74	203	43	253	217	163	239	221	53	166	36	107	
19	1	107	197	86	86	235	81	68	200	95	2	81	29	190	100	124	156	23	239	201	181	37	206	117	44	170	132	37	170	116	241	
166	10	160	158	77	233	184	72	158	86	81	187	168	204	119	9	216	41	147	7	38	118	206	243	5	18	219	171	85	109	23	210	
39	145	140	23	85	31	162	232	94	240	211	70	232	120	158	161	249	105	242	101	133	242	93	221	30	95	207	71	93	46	121	140	
50	131	79	232	154	195	27	239	133	5	217	163	77	231	168	64	126	187	151	224	88	139	38	213	248	227	170	207	53	130	164	251	
154	240	227	176	67	241	184	200	23	115	192	183	28	222	105	168	127	153	147	211	47	215	62	243	17	64	155	175	61	29	53	254	
3	166	162	129	197	54	184	199	90	103	88	151	8	168	126	8	249	11	147	149	150	254	181	194	12	28	158	231	205	92	249	206	
11	123	99	201	101	156	184	85	237	28	118	231	168	142	182	238	238	57	151	213	215	184	118	224	6	89	186	130	71	141	45	253	
11	51	110	137	79	213	185	86	44	109	246	167	169	142	150	228	108	141	254	213	135	186	117	209	22	105	186	129	111	12	125	221	
50	71	82	136	82	114	152	71	85	65	250	163	43	10	183	161	110	155	134	177	172	187	5	206	178	64	154	131	101	220	175	140	
27	205	113	174	86	147	107	248	71	64	221	66	121	202	179	96	126	169	23	207	207	146	44	255	246	205	171	128	55	143	112	232	
98	29	18	158	95	132	190	98	136	138	248	34	44	190	33	66	236	243	147	195	96	43	146	238	49	54	138	138	21	123	33	139	
17	145	95	172	19	192	55	101	165	65	234	6	125	183	40	114	226	51	120	192	81	169	18	101	241	225	2	11	105	2	161	58	
7	43	99	203	224	145	173	65	172	20	120	230	168	130	244	197	110	40	19	222	211	152	22	241	4	24	138	200	92	135	241	180	
28	237	64	235	84	129	234	248	135	1	253	2	121	203	184	0	123	234	31	248	2	169	11	253	126	205	167	224	55	138	113	136	
23	75	66	155	2	128	46	208	180	4	66	231	169	130	179	73	102	233	55	223	198	144	135	104	132	32	234	128	61	149	57	88	
135	79	66	158	202	160	46	246	140	134	216	231	173	198	243	67	110	107	155	199	196	1	134	232	52	32	174	136	60	247	41	216	
194	79	194	158	250	32	174	246	136	134	152	231	45	238	179	66	110	227	139	231	228	11	6	238	48	54	238	152	13	247	45	217	
11	35	74	201	119	153	232	71	173	69	252	199	169	10	182	196	106	139	223	157	135	59	116	193	22	25	154	137	95	140	123	220	
166	205	240	158	244	162	254	239	155	2	120	18	236	234	61	65	255	235	23	227	242	98	10	255	44	62	143	172	149	123	241	137	
49	77	107	238	220	2	111	245	196	128	254	66	115	227	177	97	120	238	22	234	201	187	38	173	240	169	167	128	37	250	240	168	
138	248	163	184	79	197	185	71	155	85	85	147	44	158	102	45	238	57	147	145	83	94	178	209	93	81	218	235	23	12	181	246	
11	161	82	137	117	249	233	23	239	81	84	134	173	131	246	230	102	43	146	157	135	56	230	209	6	121	154	168	30	132	233	204	
42	96	106	200	126	131	251	88	143	192	221	138	249	205	189	36	62	185	23	233	130	162	110	223	86	93	171	184	119	139	83	225	
118	28	246	212	55	134	218	98	185	138	242	34	40	254	53	17	238	245	53	195	168	235	0	238	27	62	202	130	5	37	114	3	
75	211	46	172	108	151	156	125	158	65	212	135	172	10	50	193	206	33	191	197	196	143	22	221	242	51	218	153	28	156	185	92	
161	201	120	93	102	199	167	246	94	40	116	2	176	21	183	36	106	58	18	74	227	184	113	127	101	10	18	32	81	152	97	173	
11	192	74	188	93	149	252	111	156	64	212	135	173	202	50	193	110	33	155	165	228	13	86	157	230	99	218	137	30	156	185	220	
242	195	75	236	10	64	157	101	164	12	212	163	41	135	160	80	110	145	143	192	72	15	32	205	240	225	174	153	53	130	166	249	
129	200	115	95	116	207	161	246	95	13	118	80	184	148	180	101	123	58	2	72	227	188	53	255	5	30	18	2	83	152	101	172	
3	143	98	137	247	145	186	103	204	65	90	231	168	8	182	228	238	43	146	149	151	184	4	221	46	92	138	195	95	12	249	157	
2	141	18	159	117	133	190	230	30	11	90	2	172	170	48	64	239	123	19	129	98	152	2	247	45	54	30	130	20	88	177	139	
9	195	116	89	101	216	233	23	111	85	118	134	185	140	150	228	106	170	166	141	215	184	247	209	70	121	50	65	127	140	253	252	
54	213	246	252	254	7	222	255	95	170	240	42	110	253	60	1	223	251	183	161	232	251	11	223	58	222	213	254	215	252	208	137	
139	203	91	152	108	156	169	86	237	89	84	100	188	154	182	231	230	33	30	205	199	45	38	209	4	56	186	168	30	156	121	205	
170	48	227	216	71	240	185	67	158	87	85	179	8	221	118	13	106	57	147	145	2	214	182	192	87	81	218	235	151	12	53	242	
50	205	66	234	220	131	238	239	5	0	248	10	105	234	52	64	120	234	23	240	88	187	8	253	62	237	135	200	117	218	240	136	
114	235	236	191	28	134	251	248	135	188	223	135	101	201	123	66	252	237	191	199	206	211	223	221	216	97	171	149	29	47	56	90	
114	99	106	172	30	129	123	88	135	172	153	135	105	207	23	64	126	173	239	231	200	3	235	221	242	225	171	185	53	175	52	98	
131	197	39	153	5	223	236	175	95	90	90	66	160	204	180	229	216	11	58	77	199	184	119	213	39	56	206	6	93	28	209	108	
178	139	111	174	42	194	29	225	133	29	244	163	109	134	168	82	110	147	167	192	90	139	99	245	240	225	234	193	49	130	165	105	
254	205	98	239	84	2	238	248	117	128	255	2	107	105	61	81	122	236	31	234	232	179	13	239	178	235	135	128	103	187	112	128	
182	205	246	190	246	162	222	238	223	2	248	18	111	234	61	65	255	235	23	227	250	231	10	255	184	254	207	136	213	121	225	137	
3	75	72	141	102	152	233	102	173	68	212	199	173	10	183	196	110	161	95	205	199	15	100	205	180	56	186	136	29	156	57	221	
35	181	2	139	221	144	186	101	204	65	219	199	128	8	62	224	232	11	218	213	215	187	85	198	52	60	138	195	77	14	249	156	
11	115	99	65	101	157	232	85	77	89	82	102	136	28	212	164	238	137	150	221	215	184	117	192	38	88	154	194	79	12	249	221	
247	82	236	167	13	14	254	200	45	190	179	159	207	74	95	91	251	197	127	231	236	119	221	192	214	251	207	183	45	63	123	86	
62	7	99	168	20	163	203	90	5	13	217	199	65	111	62	192	124	184	151	181	26	146	64	156	219	69	171	245	183	207	116	240	
22	141	114	251	180	163	106	183	29	1	123	18	233	107	60	65	127	131	23	240	186	152	9	255	174	222	142	192	183	203	225	0	
118	122	91	168	106	15	19	80	173	236	176	239	14	158	167	208	238	181	207	98	193	3	32	200	144	160	42	190	61	57	39	211	
50	90	66	164	6	72	252	116	45	196	242	239	47	14	55	80	110	177	143	193	205	191	68	236	176	208	138	147	45	188	47	221	
2	221	6	157	179	197	60	231	62	79	74	181	172	182	34	64	231	123	179	133	118	152	19	255	45	54	158	195	24	84	169	223	
242	80	164	254	13	68	220	174	193	2	192	2	40	91	61	83	200	227	57	193	234	15	82	233	179	122	218	26	19	92	112	10	
198	242	174	190	13	135	191	232	158	190	211	151	228	232	123	75	209	101	123	231	228	71	223	185	220	51	207	159	28	63	57	82	
61	73	106	111	4	27	71	248	69	224	246	78	115	73	191	244	120	228	84	238	205	179	109	172	114	233	165	148	111	191	122	100	
122	90	82	228	39	74	210	112	1	172	242	239	15	27	165	80	254	245	135	226	72	183	17	236	242	225	162	147	111	191	102	91	
1	192	101	73	21	223	228	111	93	97	114	82	146	24	180	165	88	136	2	41	253	188	117	223	45	30	150	64	93	12	209	172	
44	4	108	227	188	63	203	152	70	185	189	10	211	73	217	40	89	136	31	58	154	34	105	150	207	205	161	244	245	203	80	33	
51	131	46	168	188	151	72	105	70	20	209	167	97	232	186	64	216	168	63	101	222	139	71	157	154	99	235	220	60	174	184	86	
18	207	66	154	215	209	190	230	150	5	90	163	40	206	54	196	122	187	131	193	102	155	6	255	56	38	158	195	53	12	189	142	
57	81	107	77	100	82	239	116	68	232	126	34	81	29	179	96	120	252	23	238	201	177	37	140	115	169	162	132	103	186	116	233	
3	205	3	159	151	209	190	231	30	69	88	163	172	238	55	196	251	107	147	197	103	152	46	255	36	54	158	139	20	92	189	222	
55	32	97	139	76	3	203	88	68	240	145	207	83	72	253	43	120	140	87	255	141	119	239	152	20	8	235	188	253	171	114	240	
61	0	229	235	92	51	201	89	86	97	213	82	83	65	184	236	89	136	54	187	187	54	111	151	220	207	171	252	247	174	112	160	
214	98	142	175	74	35	57	216	54	183	215	183	205	231	75	91	255	221	239	182	42	215	203	210	221	227	251	189	128	119	39	242	
231	113	62	12	109	31	182	104	205	224	241	79	202	216	63	235	216	197	250	103	237	103	223	204	180	123	79	63	93	63	123	134	
42	184	114	81	117	217	248	23	127	85	118	29	170	140	214	188	234	171	198	28	150	248	246	213	15	89	16	67	199	140	222	222	
51	143	106	137	247	179	186	67	78	77	220	167	40	200	182	128	254	43	151	149	150	187	4	221	62	85	138	195	221	14	57	223	
210	79	230	94	178	162	94	166	49	142	218	231	105	239	183	81	247	255	165	193	232	203	7	239	186	118	254	131	165	244	164	79	
18	195	66	157	82	144	188	127	149	5	208	231	41	238	182	196	126	171	135	133	198	154	6	221	54	38	190	139	55	132	189	221	
6	172	240	194	244	161	250	202	27	129	57	10	140	234	125	0	223	75	23	17	146	35	136	243	44	28	143	238	213	123	211	129	
119	32	96	194	76	19	202	89	1	228	151	207	83	77	223	15	124	132	87	191	141	35	109	200	210	72	169	244	111	175	114	212	
9	136	114	217	101	252	233	23	127	21	118	18	173	131	242	236	98	42	174	156	147	184	247	209	7	249	154	65	118	140	201	236	
27	132	98	205	20	50	106	127	53	65	222	150	105	230	190	228	127	136	30	172	191	151	37	223	186	239	154	192	191	134	120	244	
160	248	251	219	117	220	249	23	255	93	116	48	184	157	180	125	206	58	19	24	211	188	50	245	71	56	18	193	214	136	215	251	
14	137	230	254	182	131	254	248	159	210	86	131	237	239	61	9	255	123	183	247	240	200	14	255	170	95	223	202	167	244	33	217	
50	19	107	172	87	75	211	112	45	236	240	239	14	31	39	208	254	185	159	225	220	187	32	204	178	224	170	147	61	14	118	223	
18	132	98	201	84	162	232	71	61	67	210	147	8	142	60	96	127	141	31	181	178	157	5	223	30	46	154	196	149	132	241	76	
22	205	214	247	246	162	238	167	61	147	123	18	109	106	52	65	123	239	55	227	120	216	9	255	190	254	223	128	165	249	241	0	
2	189	146	153	213	197	180	231	62	1	72	18	172	190	96	64	249	59	179	145	114	216	19	247	45	22	158	107	144	72	165	138	
2	141	2	154	84	131	170	70	30	1	120	2	40	202	48	64	120	170	2	145	2	186	0	255	52	36	138	200	149	10	113	136	
182	204	198	246	148	162	238	167	189	130	251	18	107	106	53	73	123	231	55	195	120	252	8	238	186	254	223	128	229	249	240	8	
38	189	244	216	252	135	190	235	31	59	240	42	236	254	124	0	223	123	183	177	242	75	74	223	60	30	143	254	149	44	161	145	
163	219	99	73	116	147	239	253	93	72	112	230	48	0	180	36	126	40	22	238	227	184	36	255	36	28	164	192	95	156	240	253	
27	219	98	142	119	144	190	228	141	64	216	231	44	138	182	196	126	235	151	229	198	171	4	253	50	60	138	138	63	158	185	221	
2	133	66	139	212	163	168	103	52	1	123	18	8	42	60	64	121	138	19	145	50	184	1	223	60	44	154	192	213	74	241	136	
56	205	106	238	84	130	239	246	196	0	254	2	113	233	180	96	120	239	23	235	200	187	12	255	122	239	174	192	117	170	112	136	
2	140	18	153	117	133	190	230	62	11	90	2	172	186	48	64	237	107	19	129	98	152	18	255	45	54	154	130	16	88	177	139	
198	114	174	190	109	7	31	232	158	190	199	159	228	233	123	75	209	109	251	103	226	71	219	185	220	51	207	188	28	127	17	82	
70	34	142	175	8	39	59	216	54	191	207	149	197	231	75	90	221	205	235	182	10	215	219	210	221	247	207	189	144	119	52	242	
2	166	160	131	151	97	184	207	30	103	88	147	140	174	94	8	189	11	147	149	18	152	141	243	13	22	158	231	133	92	183	218	
162	24	160	159	77	225	184	202	30	86	80	187	172	188	113	9	201	123	179	195	34	118	218	243	5	16	218	171	21	125	23	218	
189	97	225	227	172	11	79	216	86	242	177	74	83	65	217	44	88	200	22	250	203	118	109	48	228	200	229	180	119	251	80	224	
229	121	46	172	13	31	182	104	206	234	144	13	222	216	55	107	200	101	250	103	229	103	223	252	240	123	75	63	88	61	123	134	
38	34	162	153	197	98	180	75	90	207	89	151	136	236	126	8	217	41	131	21	148	246	198	194	5	22	219	239	213	108	245	214	
119	96	107	206	76	3	203	88	65	224	177	206	83	200	253	170	120	196	95	239	137	35	205	136	144	8	161	188	125	187	122	176	
2	157	3	159	23	209	190	231	30	68	72	163	172	238	34	196	251	107	179	197	102	152	18	255	37	54	158	139	20	76	189	222	
18	207	66	159	86	147	170	230	148	4	218	231	105	202	182	196	122	171	131	197	230	155	6	255	48	38	186	129	55	158	60	156	
61	73	106	110	20	19	71	248	69	192	246	78	115	73	191	244	120	228	20	238	205	179	109	189	114	233	165	148	127	191	120	108	
2	157	22	159	179	133	60	231	30	9	74	165	172	182	34	64	231	123	179	133	102	152	18	255	45	54	158	139	24	84	169	155	
191	96	107	238	86	147	203	88	87	64	117	138	123	205	191	36	126	169	23	235	201	182	36	223	82	205	171	168	119	175	114	225	
102	28	102	158	125	224	186	98	136	198	249	163	108	236	53	66	202	241	179	163	32	35	18	238	53	54	138	139	21	111	117	210	
147	219	70	142	118	146	174	228	157	64	208	231	44	202	182	197	110	163	151	229	231	171	4	255	50	40	170	130	63	156	57	221	
57	200	99	238	86	147	107	240	87	64	213	66	121	203	177	96	122	169	23	207	203	151	44	255	242	205	163	128	55	139	112	232	
56	205	106	238	212	130	111	244	196	128	254	2	115	227	176	96	120	238	6	234	200	187	44	45	242	237	167	136	53	186	240	168	
242	99	108	173	12	134	203	120	134	172	215	135	101	203	59	66	252	237	255	231	202	3	203	157	208	97	171	188	53	47	52	82	
37	209	172	175	93	31	178	232	78	240	223	79	242	216	126	2	216	205	122	101	143	243	95	221	92	25	75	87	93	47	121	150	
242	195	143	254	56	130	27	248	166	156	215	163	97	199	105	82	124	245	239	226	10	71	235	221	217	161	235	157	52	163	52	97	
139	192	14	189	5	157	240	36	78	81	82	87	181	152	50	225	192	40	58	69	199	188	87	149	134	113	218	131	28	28	185	156	
154	74	14	189	8	164	105	20	164	20	198	135	169	131	51	75	108	233	191	197	10	212	210	233	196	97	250	137	44	149	41	216	
137	192	55	89	37	221	160	164	94	81	114	82	168	156	188	229	202	24	50	9	195	188	119	213	5	88	82	66	87	28	213	172	
9	193	112	217	101	217	249	119	239	93	116	20	169	143	246	228	110	43	134	12	215	56	54	213	70	217	178	233	86	140	205	221	
3	218	99	75	116	147	175	245	77	72	122	230	168	200	180	228	126	40	22	206	195	184	36	253	36	60	170	194	95	158	241	253	
139	192	7	189	45	148	232	228	206	81	80	71	188	152	58	227	226	41	186	69	199	52	22	241	132	113	218	139	28	28	57	140	
18	149	91	234	26	226	27	232	133	1	233	162	93	247	40	112	122	179	147	224	27	139	46	213	248	225	138	207	53	2	37	50	
41	209	102	73	77	221	240	87	109	93	118	183	169	157	150	100	108	154	255	157	214	184	119	213	71	121	178	195	119	140	244	255	
37	177	40	161	245	191	240	73	78	97	153	79	210	88	62	32	216	139	18	53	159	186	93	220	92	25	11	116	221	14	121	150	
54	196	246	156	254	131	220	239	95	146	240	2	110	234	61	65	251	233	55	161	226	235	10	223	184	190	223	148	213	120	113	137	
75	218	106	140	109	216	233	118	237	68	212	135	173	142	182	231	106	161	223	205	199	46	118	193	118	121	186	137	30	28	125	253	
50	6	34	168	213	163	218	75	21	5	217	143	79	204	62	132	216	169	135	181	60	178	0	158	144	116	136	219	245	79	62	198	
2	13	2	153	84	131	170	102	20	0	90	2	40	202	49	64	120	43	19	193	2	186	0	255	52	38	154	128	21	8	49	136	
22	141	86	251	180	131	106	169	29	1	123	2	233	106	60	65	127	139	23	240	58	152	9	255	174	222	143	196	181	138	224	0	
27	120	38	173	107	149	184	86	5	104	214	167	185	158	179	100	110	189	255	205	205	159	231	217	215	121	186	162	55	148	52	255	
131	243	49	202	108	133	175	253	204	24	120	70	172	202	252	167	206	9	19	238	195	43	58	245	45	24	142	238	90	158	225	173	
123	90	75	164	70	84	233	118	45	76	246	239	57	14	183	209	110	177	223	197	205	139	116	232	212	33	186	144	45	28	47	221	
11	249	113	91	101	221	169	85	237	89	116	70	168	156	252	228	238	58	146	88	211	56	118	225	7	88	146	194	87	140	213	253	
22	84	123	202	83	231	147	216	86	67	197	22	92	215	41	96	127	185	19	144	171	135	56	255	217	142	155	78	185	3	37	179	
58	19	98	229	23	82	122	117	69	76	126	231	43	13	182	192	126	153	151	225	140	184	37	204	246	233	162	131	111	142	116	219	
3	75	74	155	228	152	236	214	172	16	88	199	177	194	245	192	110	42	19	223	211	24	6	241	36	24	170	200	28	147	249	152	
166	28	18	156	95	164	186	98	136	138	248	34	44	254	33	66	238	241	147	195	32	43	146	239	53	52	202	138	21	105	33	139	
37	38	42	170	93	173	210	72	206	165	157	143	231	200	123	0	217	168	75	61	142	35	94	159	208	21	137	61	213	47	24	198	
185	249	25	250	195	197	20	220	22	57	68	10	60	215	104	41	220	153	19	208	91	90	26	177	251	193	159	111	48	24	168	171	
5	129	59	218	228	141	97	149	239	29	125	0	148	211	248	125	66	10	2	92	18	56	58	81	109	24	38	108	208	128	225	160	
182	113	103	134	79	65	190	232	128	240	209	139	81	252	125	171	122	248	147	227	77	115	190	224	83	0	203	175	45	63	118	214	
27	51	102	137	111	213	184	85	37	109	214	167	168	156	182	100	236	157	255	149	135	155	101	209	87	121	186	131	39	140	117	223	
114	95	198	158	246	134	222	246	25	142	218	231	104	106	183	16	254	231	61	231	236	203	0	238	56	46	174	154	13	116	250	89	
164	28	250	222	100	230	187	81	212	130	119	18	112	253	183	105	104	56	19	10	176	181	50	75	71	47	162	1	85	235	116	162	
7	79	130	158	232	0	174	246	136	134	216	199	173	226	179	2	110	99	27	239	228	11	134	234	60	36	174	136	12	247	185	217	
160	12	127	95	84	239	227	114	84	10	126	2	49	17	177	64	72	114	3	74	96	188	97	63	103	175	32	0	81	235	100	170	
56	204	106	234	20	147	203	248	71	0	253	2	123	203	181	96	120	168	31	234	138	179	44	253	250	205	163	136	55	139	112	160	
210	194	14	189	8	132	76	101	132	22	194	199	33	203	58	67	76	161	47	141	106	15	67	221	240	98	218	152	53	180	176	74	
15	75	194	187	160	130	46	208	180	192	82	231	185	194	243	201	102	105	55	223	197	209	14	224	160	9	239	128	44	247	57	145	
59	19	106	168	125	23	216	119	77	72	220	239	9	8	182	228	238	129	223	189	221	43	84	204	114	89	170	218	127	142	248	213	
14	181	116	251	182	163	218	219	31	129	93	163	237	237	61	0	223	59	151	189	146	184	79	221	174	223	143	198	183	206	17	209	
50	177	246	252	124	7	216	127	95	169	240	42	110	253	52	1	223	189	183	161	152	250	67	221	26	222	221	246	119	172	240	137	
6	140	212	158	244	131	238	235	159	130	112	2	236	234	61	65	123	235	23	161	114	234	10	255	172	30	207	172	149	120	113	136	
138	248	51	152	79	213	185	87	159	93	84	55	44	158	102	173	236	57	147	145	195	94	178	209	23	81	218	235	31	12	61	255	
6	173	208	131	244	171	234	202	31	1	185	2	172	106	121	0	123	203	23	177	50	32	72	255	172	20	143	228	149	91	113	128	
3	165	112	203	254	177	184	95	31	81	89	147	172	222	252	32	159	27	23	149	150	40	110	215	46	28	154	238	215	206	241	221	
9	178	98	201	69	253	241	83	111	93	126	38	168	156	214	228	108	138	222	156	151	184	247	209	87	89	178	195	123	140	252	255	
58	19	107	168	103	85	185	116	45	76	246	231	46	14	166	212	110	145	159	229	205	155	52	204	210	97	170	147	63	14	63	255	
223	58	54	168	107	31	57	80	45	124	215	175	159	151	131	127	102	189	255	102	133	23	167	208	215	249	106	174	50	165	39	245	
53	128	100	91	28	51	66	216	87	113	245	18	67	201	189	108	89	136	62	58	190	55	111	159	154	238	129	124	247	175	112	68	
26	135	98	168	243	208	188	103	149	5	220	179	41	142	182	196	126	187	151	129	94	11	4	223	54	116	154	203	55	140	188	223	
139	91	98	169	103	148	248	87	173	76	222	231	173	14	182	228	238	155	223	213	214	59	100	192	118	89	170	195	31	142	189	221	
0	141	2	154	84	131	162	102	22	1	120	2	40	194	32	64	120	42	2	208	2	186	10	255	48	36	138	72	21	10	48	136	
2	189	146	153	213	197	182	231	30	25	72	18	172	190	96	64	217	59	131	17	114	248	18	247	45	22	30	107	144	72	165	138	
32	132	2	137	212	163	168	103	20	1	123	2	64	170	60	64	121	142	2	177	16	187	1	222	56	46	146	64	149	10	240	136	
2	184	114	217	229	221	248	7	255	93	118	21	170	140	86	60	203	43	215	21	150	184	118	213	15	88	18	195	199	140	199	223	
19	205	107	238	86	130	239	246	52	64	218	194	113	239	180	96	126	239	23	239	233	155	37	239	120	46	170	128	37	162	112	248	
2	133	2	139	84	162	168	103	20	1	91	18	64	170	56	64	121	14	19	177	48	186	1	223	60	38	154	192	149	74	176	136	
146	129	91	234	26	194	27	105	132	0	233	162	81	215	168	113	122	147	159	226	57	11	14	221	240	225	170	207	53	130	164	50	
47	174	224	83	245	61	186	155	90	243	93	216	137	252	221	172	23	90	147	29	183	80	252	178	110	95	53	237	206	247	219	149	
6	52	162	145	245	98	184	71	30	199	89	179	140	252	122	8	217	59	147	145	18	210	210	194	13	22	159	239	132	110	181	210	
237	96	226	85	197	54	252	222	81	243	118	22	25	41	215	235	121	206	178	158	245	246	181	130	94	107	244	37	239	253	250	128	
2	132	96	203	214	161	170	75	30	1	91	18	40	42	60	64	123	139	19	177	146	152	13	215	30	14	154	192	149	78	177	192	
6	82	150	155	160	172	56	24	190	27	83	244	205	195	233	92	183	25	46	30	130	197	11	208	132	178	122	196	148	211	33	1	
2	167	162	129	213	97	188	207	26	109	88	135	140	172	94	0	249	75	147	149	150	248	128	226	45	20	158	231	133	76	183	222	
61	3	106	172	118	55	203	88	69	204	253	239	91	73	191	0	126	168	23	239	140	178	100	156	210	205	161	140	127	175	122	209	
139	90	102	153	109	220	249	86	237	92	84	167	173	142	183	239	238	33	223	205	199	45	118	193	199	121	250	139	22	156	125	255	
57	205	107	238	84	130	111	244	68	128	254	2	115	227	176	96	120	238	22	234	201	187	44	175	240	237	166	128	55	170	112	168	
138	56	226	218	71	241	184	67	159	71	69	179	40	223	102	173	235	57	147	145	54	214	50	210	3	81	218	235	151	12	61	246	
139	216	114	217	109	221	185	87	237	93	84	150	173	142	182	103	238	41	159	141	199	44	54	209	71	89	154	171	30	140	253	255	
191	72	107	254	86	147	235	112	85	64	117	2	121	201	181	32	126	169	23	239	233	182	46	191	82	73	163	168	119	171	114	224	
35	167	162	129	213	54	182	199	90	239	88	7	136	168	126	8	249	79	147	21	150	250	148	226	12	30	158	103	197	94	255	206	
6	165	224	201	246	163	186	75	31	49	89	147	140	108	252	0	159	27	151	149	146	56	76	215	46	28	139	230	149	206	145	209	
11	219	98	137	246	145	174	117	93	73	82	231	169	136	182	228	126	171	150	197	215	184	5	255	46	28	186	194	125	142	185	157	
207	4	135	179	181	246	40	1	189	219	67	85	220	218	48	233	229	37	187	149	181	197	21	194	142	119	218	195	140	69	57	85	
139	72	39	157	37	220	160	134	222	83	82	82	174	152	189	233	194	41	186	69	167	244	119	241	135	123	218	3	28	29	57	12	
137	192	55	89	37	221	160	165	222	81	114	82	168	156	188	229	200	25	170	9	199	188	119	213	7	88	82	66	85	28	209	172	
139	216	114	217	109	221	248	55	237	93	118	183	169	157	246	101	238	57	215	129	214	184	118	213	71	89	146	203	86	140	229	255	
60	25	123	238	82	211	95	113	5	64	253	170	123	95	163	112	126	185	151	226	73	179	60	157	243	237	162	137	55	163	38	242	
2	156	18	159	85	133	190	230	30	9	88	2	172	186	32	64	237	123	19	129	34	152	18	255	45	54	154	202	16	8	177	139	
56	141	106	238	84	131	239	250	68	0	254	2	113	233	176	64	120	234	23	235	200	187	8	191	250	237	162	200	117	170	112	168	
50	192	246	253	60	131	216	111	95	177	242	2	109	136	52	65	222	189	55	129	200	251	3	221	154	250	219	150	85	136	113	137	
24	19	107	229	118	82	251	113	5	76	126	231	25	13	182	68	126	156	151	232	201	176	37	140	118	237	162	128	111	142	116	243	
182	105	233	186	108	73	207	200	18	230	213	171	67	205	251	8	88	200	151	99	106	118	238	176	82	1	173	189	117	191	86	242	
134	166	174	145	150	115	169	207	30	247	23	178	144	46	223	44	127	11	19	157	178	212	45	210	77	6	159	229	133	69	181	244	
162	88	116	90	79	229	183	204	142	54	116	10	176	221	37	45	76	122	51	202	227	118	122	241	69	24	218	42	87	89	85	254	
2	189	18	153	241	205	180	231	30	9	72	48	172	190	96	64	217	59	147	17	50	216	18	247	45	22	30	75	144	8	165	155	
219	88	102	237	47	149	248	86	101	120	214	163	169	158	183	109	238	185	255	197	206	158	231	193	215	121	218	130	39	156	52	223	
166	0	167	218	205	112	173	64	217	214	85	146	192	252	253	111	73	125	51	187	177	231	190	192	21	50	203	138	133	125	117	244	
198	120	140	189	77	143	95	216	158	190	196	13	228	233	115	74	209	109	123	103	66	71	219	187	221	119	207	60	24	125	17	210	
27	113	114	236	42	19	184	80	173	104	214	163	29	159	167	112	238	181	223	236	196	131	164	220	210	249	42	186	54	134	35	253	
210	98	14	173	8	6	73	88	182	172	199	151	193	199	3	91	124	229	237	230	104	199	235	29	208	227	235	157	36	163	52	112	
173	66	234	208	196	54	245	88	80	158	117	23	80	233	255	11	89	76	163	63	180	246	230	130	86	43	247	13	231	253	124	194	
86	38	139	235	152	103	107	216	54	173	223	129	197	199	105	88	253	221	239	182	10	147	233	210	217	229	175	245	128	99	38	114	
225	120	62	60	77	221	182	102	238	234	224	9	190	152	55	107	200	101	250	67	229	111	210	252	245	59	91	59	88	61	43	142	
191	64	226	44	197	63	212	72	81	162	113	31	75	248	127	184	217	141	134	38	188	246	84	130	22	219	81	47	251	125	122	134	
125	72	65	206	76	19	203	216	65	224	181	206	83	200	191	178	88	196	95	239	201	35	108	184	210	9	161	188	127	191	122	240	
61	96	100	234	76	19	66	216	199	240	245	10	67	201	255	108	88	200	126	122	142	99	239	184	210	201	193	188	119	191	80	228	
51	207	71	141	84	130	238	246	4	64	218	231	97	224	183	196	124	234	22	237	237	155	4	255	48	46	170	128	61	174	120	220	
2	157	3	159	23	209	190	231	30	65	72	227	172	254	32	196	250	59	179	193	119	152	18	255	37	54	158	139	20	12	189	158	
55	241	46	174	28	31	210	232	206	232	155	15	231	216	59	32	216	205	126	103	206	35	223	157	240	113	11	61	93	63	121	150	
185	201	107	108	84	19	70	248	69	192	254	78	115	73	183	112	120	236	22	110	205	179	109	189	114	233	165	144	127	190	120	168	
2	77	2	157	84	131	170	102	60	0	90	2	40	138	33	64	122	43	19	192	64	152	0	239	52	38	154	128	21	8	49	136	
2	159	26	159	51	133	62	231	30	13	74	37	172	178	34	64	230	123	147	133	86	152	2	255	45	54	158	139	24	68	169	203	
2	185	48	202	239	133	186	207	143	73	216	175	172	222	126	0	239	59	151	149	146	11	194	241	31	28	154	251	148	14	165	219	
123	83	106	160	102	212	185	116	45	76	246	167	57	15	182	208	238	177	159	229	205	155	100	204	215	105	170	146	55	142	53	255	
2	141	2	138	84	131	170	103	22	1	120	2	40	202	48	64	120	42	2	209	2	186	8	255	48	36	138	200	21	10	112	136	
2	13	2	157	84	131	170	102	20	0	90	2	40	202	32	64	120	43	19	192	66	186	0	255	32	38	154	128	21	10	49	136	
151	80	251	218	75	199	155	216	22	66	193	86	84	215	105	104	127	185	19	211	235	135	122	242	81	142	155	46	189	27	37	178	
135	74	22	186	40	128	172	208	174	26	81	245	189	194	249	75	230	105	63	207	195	69	10	240	128	24	107	136	28	179	33	145	
43	147	120	232	55	149	216	21	9	77	60	199	173	14	182	164	142	147	149	221	151	40	52	213	130	89	138	251	31	142	217	93	
139	210	32	137	101	156	184	87	173	92	84	231	172	158	246	231	238	43	159	149	199	60	118	209	6	89	170	139	31	140	57	221	
27	147	106	137	117	221	249	81	109	77	220	167	184	30	182	100	238	137	159	133	223	43	52	213	214	89	170	203	31	142	125	223	
246	83	44	172	28	7	75	88	134	164	213	135	69	203	59	65	124	140	127	239	104	7	219	157	240	33	171	188	61	191	112	82	
147	207	110	254	190	145	222	191	159	2	88	215	109	238	190	1	151	123	21	207	246	136	14	255	170	126	190	138	23	214	185	93	
133	73	70	155	36	136	236	148	172	16	82	212	185	194	177	73	98	43	62	207	195	20	6	241	36	24	234	136	28	145	113	136	
11	49	98	233	109	149	184	85	173	105	214	167	185	156	182	100	238	157	255	133	206	155	37	209	86	121	186	130	23	140	53	223	
130	176	114	217	229	221	248	71	255	93	116	53	172	156	118	105	239	59	151	145	150	188	50	209	15	88	26	203	214	12	199	223	
183	0	230	90	28	19	72	89	87	80	245	151	75	206	190	120	92	136	63	191	142	247	111	213	18	106	195	204	183	175	112	84	
54	129	68	251	212	130	106	169	29	16	123	2	105	106	60	64	123	139	55	240	122	184	73	253	190	254	143	196	53	138	240	0	
214	112	140	183	8	38	73	24	180	183	135	149	209	35	26	91	69	197	125	175	40	213	219	12	208	227	251	148	44	225	56	82	
6	140	98	137	212	163	170	202	86	1	90	18	8	42	52	64	121	139	19	145	146	184	1	215	28	12	138	196	149	73	241	128	
210	131	93	238	42	66	29	105	4	8	241	178	81	87	168	113	94	149	141	226	121	7	109	221	240	225	234	221	49	162	164	49	
183	245	113	206	223	7	159	252	131	168	185	106	112	125	61	32	221	211	87	99	251	35	120	191	57	12	173	190	93	59	146	179	
32	173	2	138	84	131	170	71	22	1	120	2	40	200	52	64	120	170	19	209	18	186	0	255	48	12	138	72	85	10	112	136	
6	49	162	139	197	224	184	67	26	197	89	147	140	252	122	8	217	59	147	17	18	154	210	194	13	54	159	235	132	110	181	210	
185	77	107	108	28	19	79	120	85	192	252	78	115	73	177	112	120	236	20	110	233	179	100	191	114	237	161	144	127	186	114	248	
135	255	53	222	110	5	158	252	206	218	17	98	124	218	233	35	204	113	23	239	227	103	42	249	49	24	239	174	25	59	33	169	
32	141	2	138	84	131	170	103	22	1	120	2	32	202	32	64	120	42	2	208	2	186	0	255	32	36	130	72	21	10	48	136	
0	141	2	156	20	131	170	102	20	0	90	2	40	202	32	64	120	42	2	192	66	184	0	255	32	38	138	0	21	8	48	136	
19	15	67	141	20	130	238	119	20	64	218	231	97	226	181	196	126	170	30	173	205	153	5	223	48	46	170	128	61	142	120	220	
44	42	139	236	88	199	75	218	55	172	236	201	147	199	97	16	221	253	103	242	10	19	234	26	217	245	175	189	144	187	38	240	
65	120	190	188	77	205	180	102	254	194	198	9	190	184	99	75	192	111	250	65	69	235	210	233	213	115	94	59	72	28	41	30	
61	75	107	238	92	19	79	248	193	196	188	142	115	205	191	176	88	228	87	239	201	35	108	172	242	233	161	184	127	191	112	112	
2	143	26	159	178	133	63	167	30	13	74	33	164	234	34	64	247	107	19	197	118	152	3	127	44	54	158	195	16	0	165	75	
67	149	62	215	130	226	189	175	126	87	79	18	244	54	158	107	99	23	59	137	179	216	63	119	77	42	218	192	132	64	165	106	
133	12	183	223	61	244	163	2	222	95	83	18	236	216	181	109	193	50	58	27	163	229	55	255	5	62	90	2	212	73	117	44	
129	208	53	91	13	221	164	165	222	89	115	82	138	220	188	237	201	25	170	3	199	124	127	213	7	88	82	70	81	24	193	164	
23	20	213	235	147	102	59	88	6	113	203	230	93	118	41	104	119	147	59	176	27	145	61	220	217	134	155	70	189	67	33	114	
131	72	53	219	45	245	169	206	223	94	80	82	172	216	253	239	193	91	170	75	227	101	58	241	5	88	90	42	20	89	37	173	
134	24	178	218	79	245	184	67	159	95	85	23	44	222	103	109	237	59	179	145	182	71	50	241	23	80	218	235	146	77	45	215	
23	112	151	166	139	37	190	216	134	250	153	70	92	254	105	43	255	89	59	227	201	67	154	224	145	8	207	174	173	123	33	147	
181	117	42	172	60	143	214	248	206	232	157	15	215	216	123	0	216	229	127	103	206	99	223	29	248	1	43	60	93	63	89	6	
134	96	170	209	140	98	173	201	158	215	84	146	208	253	255	111	89	92	59	185	48	247	230	194	77	18	223	239	133	121	245	244	
215	80	46	173	12	7	91	88	132	174	151	151	215	201	59	75	248	196	127	239	236	199	217	156	208	107	235	148	60	191	48	82	
18	120	102	253	44	141	248	70	109	88	210	162	172	159	21	75	238	189	255	129	138	156	195	193	150	120	218	130	7	156	48	91	
2	153	10	159	22	209	186	239	30	65	88	167	164	222	54	192	250	59	147	193	23	154	18	255	44	52	154	203	28	12	185	158	
107	145	98	232	124	17	248	81	13	72	213	163	137	29	190	100	238	145	223	237	222	171	101	212	214	121	170	222	23	142	242	213	
230	98	238	212	204	114	173	71	216	215	214	147	192	237	255	15	89	108	51	189	176	246	230	194	93	58	223	47	197	120	245	228	
6	177	162	131	213	229	184	69	10	201	89	163	140	254	88	0	221	59	147	145	18	154	154	192	45	20	143	239	133	78	183	210	
42	177	120	234	246	129	186	223	15	73	120	171	189	223	124	0	254	27	151	149	146	58	64	211	254	221	170	234	149	142	161	219	
130	240	118	217	101	141	248	23	175	89	114	51	168	157	84	65	238	185	183	145	210	188	67	213	7	120	154	194	87	140	241	219	
60	105	107	238	87	211	75	72	69	108	253	139	115	205	51	48	120	168	151	239	72	178	108	189	243	205	161	169	119	175	118	226	
18	56	242	225	106	169	120	82	45	121	242	163	13	159	85	122	238	189	255	149	130	147	135	192	150	248	26	130	167	133	33	85	
162	192	118	157	44	131	248	79	95	49	210	18	172	136	52	73	238	173	63	129	128	255	67	213	148	58	218	144	21	8	113	137	
43	49	114	193	124	25	248	81	109	105	253	163	136	28	254	100	238	25	223	53	150	51	101	208	86	89	2	230	215	142	115	215	
63	19	107	225	116	54	219	88	69	109	255	231	27	13	190	160	126	141	151	191	157	178	101	142	210	221	160	196	111	143	112	213	
90	97	114	232	42	19	248	80	45	96	214	131	45	143	181	112	238	189	95	237	192	131	165	220	146	249	170	184	55	134	35	217	
54	129	116	235	214	163	234	184	71	128	251	2	75	107	61	64	122	139	23	240	154	186	73	221	190	221	139	196	183	139	112	128	
18	129	86	141	30	131	232	105	143	177	211	2	236	202	52	64	122	173	127	161	16	248	67	221	156	186	203	192	53	10	113	136	
66	8	246	157	108	162	248	66	127	129	210	2	172	138	21	73	238	173	127	129	128	255	195	200	148	58	218	128	4	1	33	9	
178	73	102	253	85	134	238	102	253	168	242	2	40	138	53	65	232	229	63	195	232	187	0	236	55	186	138	128	101	184	113	136	
253	173	202	150	220	51	207	232	82	166	140	138	67	96	59	132	89	230	64	239	124	231	76	174	184	15	197	61	231	254	250	132	
130	184	50	217	229	253	184	7	191	89	112	53	172	158	118	73	239	59	183	145	146	252	50	209	15	24	26	203	212	12	197	223	
187	19	107	229	54	82	123	113	5	76	255	231	27	13	182	96	126	153	151	229	201	186	37	206	242	233	170	128	111	142	116	249	
130	24	59	216	116	229	185	87	158	93	80	85	188	158	36	105	231	59	19	17	163	45	50	209	69	26	26	202	144	0	37	255	
6	173	114	193	246	163	186	67	31	169	89	130	140	172	116	0	191	59	19	145	146	184	8	214	46	28	143	230	213	79	147	129	
82	65	198	140	92	130	232	105	175	128	210	2	236	202	48	66	122	173	127	193	74	203	195	221	148	176	203	136	53	32	33	8	
34	28	160	159	77	109	180	202	30	122	88	59	172	188	97	9	141	91	179	3	2	116	218	243	5	22	218	171	148	125	23	219	
2	154	34	153	101	157	184	7	143	89	82	55	172	158	54	72	238	59	183	133	146	60	114	241	7	56	154	194	21	12	149	223	
2	160	146	155	246	169	168	207	62	49	91	2	140	226	120	72	123	11	59	145	18	152	203	213	140	22	159	196	148	10	177	136	
57	73	107	78	84	215	239	240	68	68	124	131	115	77	183	32	120	232	19	238	200	178	108	61	119	13	161	32	117	187	118	248	
95	127	147	174	174	36	30	216	202	202	153	70	92	242	233	234	253	105	63	239	137	3	138	224	176	140	239	174	152	251	33	129	
6	140	2	129	212	163	170	194	22	1	90	2	8	42	48	64	121	11	19	145	18	184	1	255	28	6	154	196	149	75	49	128	
57	77	107	108	20	19	71	116	85	192	254	78	115	73	182	113	120	236	20	110	233	171	101	191	242	237	161	152	127	186	114	104	
49	143	107	207	84	131	239	119	68	64	222	198	113	32	182	96	122	174	22	237	201	185	37	255	52	44	162	128	61	138	240	252	
58	177	120	233	246	129	255	223	31	65	124	163	61	207	248	32	126	155	23	221	154	186	108	221	126	221	174	236	247	138	243	217	
3	221	10	191	22	133	186	238	30	5	72	167	180	218	34	64	253	123	19	193	102	152	31	127	108	38	186	200	28	8	177	218	
189	77	106	236	28	19	79	248	65	198	252	142	115	205	183	176	124	228	21	238	233	167	108	174	242	237	165	184	119	191	114	120	
64	40	186	188	109	221	176	70	254	72	66	1	188	156	35	96	192	59	234	1	6	185	146	233	213	117	26	11	64	8	45	142	
2	77	2	157	20	130	170	103	52	1	90	2	40	130	32	64	106	43	19	192	98	152	0	255	32	38	154	128	21	0	49	136	
0	141	2	138	84	131	170	231	4	1	88	2	40	200	48	64	120	43	19	193	2	186	0	255	32	4	138	72	21	10	48	136	
2	205	2	156	20	131	170	103	20	0	90	2	40	202	32	64	120	43	19	192	66	184	0	255	32	38	154	128	21	8	49	136	
32	105	211	236	88	193	107	66	19	128	252	136	49	151	97	180	92	248	146	216	75	154	226	250	119	212	129	41	83	184	102	168	
130	73	23	156	117	196	190	102	188	8	114	2	172	218	37	65	232	107	19	193	96	191	18	237	53	58	154	10	17	24	97	138	
76	148	126	217	134	98	177	191	116	23	239	50	208	59	40	75	121	22	171	176	48	249	51	68	75	171	246	69	145	65	165	34	
72	141	252	255	139	240	188	191	54	23	71	179	249	127	24	107	103	87	185	130	114	216	235	245	111	235	254	197	183	208	173	2	
2	72	212	157	108	138	184	6	31	57	242	18	172	10	20	73	238	173	127	129	2	220	193	213	4	58	218	130	21	8	97	137	
6	100	174	209	140	98	189	207	158	191	222	147	144	173	119	75	89	94	187	153	48	244	99	192	79	7	255	197	133	249	253	242	
6	189	114	131	246	161	186	194	14	129	88	162	140	156	116	0	191	59	19	209	146	186	0	254	44	28	139	234	197	79	179	129	
6	56	178	154	239	245	184	64	159	93	85	55	140	222	102	105	239	57	179	149	150	71	178	224	31	16	90	235	146	69	165	215	
130	89	118	220	103	212	254	230	189	72	86	3	44	222	53	97	238	243	183	199	224	157	50	237	55	58	206	138	7	53	33	223	
38	57	178	130	247	165	186	67	10	137	89	43	12	254	84	0	222	59	147	149	146	58	192	240	61	20	142	234	197	71	179	147	
0	207	27	191	50	195	47	167	62	65	74	229	181	231	32	64	114	107	3	197	99	152	19	63	236	166	62	64	16	0	165	56	
15	236	228	243	213	189	254	150	126	247	30	7	169	41	87	139	171	106	211	157	182	248	159	224	110	79	223	97	207	221	217	206	
40	102	174	177	197	54	244	215	82	191	118	23	136	169	119	139	233	78	163	29	180	252	145	194	79	79	246	5	199	252	252	202	
149	113	46	172	12	15	215	120	198	236	147	15	215	153	51	3	216	196	127	103	236	231	221	28	240	97	35	52	92	59	17	82	
245	80	12	173	12	47	89	24	20	242	135	31	215	1	19	75	200	196	125	111	104	199	219	24	192	235	235	148	60	185	88	82	
130	216	54	219	101	205	184	7	175	89	112	49	172	158	116	73	231	59	183	145	194	124	18	241	7	24	90	203	84	12	197	219	
38	38	224	152	223	241	152	75	31	7	221	147	8	204	126	140	123	139	131	149	22	182	70	210	30	20	154	239	215	77	188	198	
102	111	242	222	242	32	159	222	27	134	120	249	108	239	237	20	23	255	53	222	160	83	138	234	120	62	13	170	135	243	231	161	
29	118	21	206	14	5	159	248	198	186	152	66	124	210	233	171	253	89	54	239	193	103	42	241	49	138	239	190	25	123	33	161	
191	20	106	225	116	50	251	82	85	108	127	183	27	13	183	32	126	140	151	191	189	182	37	142	246	205	160	196	111	237	116	241	
2	128	27	153	116	143	168	7	62	57	82	82	180	26	16	72	239	59	51	17	19	220	67	85	4	18	186	194	156	8	129	169	
33	251	121	72	116	199	247	252	71	72	124	98	48	215	164	52	90	56	22	106	195	186	104	125	111	28	36	232	83	154	228	235	
2	56	242	217	101	172	248	2	173	89	82	162	172	158	117	72	238	185	191	145	130	152	194	224	135	56	218	138	132	133	49	219	
6	59	160	159	229	105	182	75	30	43	89	163	172	188	97	8	159	59	179	1	18	24	202	241	5	22	154	171	148	111	21	211	
2	152	63	153	100	141	184	7	159	89	80	115	164	158	52	73	239	59	55	21	146	60	66	241	5	56	154	202	20	8	177	219	
61	65	106	236	22	18	126	120	101	224	255	2	91	105	177	112	126	236	31	234	200	179	45	204	242	233	167	132	39	191	112	224	
172	14	236	31	237	248	180	99	208	158	117	59	96	237	55	139	137	42	227	7	116	118	194	74	71	43	116	9	211	252	94	195	
122	65	114	236	38	19	120	84	109	0	246	131	15	15	181	112	110	149	95	236	200	163	36	204	210	249	170	144	103	158	99	25	
18	33	86	141	30	139	232	73	143	33	211	2	204	202	60	64	122	173	127	161	18	177	67	213	148	168	139	212	53	10	113	128	
6	49	114	225	126	153	248	81	109	97	255	163	141	29	244	96	238	153	223	117	146	179	37	192	22	88	10	230	87	143	97	213	
56	141	66	238	84	131	70	253	133	128	250	2	99	233	56	64	120	232	6	226	88	171	8	189	186	237	167	88	119	170	240	136	
34	170	224	154	95	241	186	202	31	7	93	187	40	204	126	140	251	187	147	149	22	14	46	243	31	20	155	235	151	77	63	222	
191	63	120	225	246	251	255	146	89	238	60	254	29	28	215	164	167	251	149	243	181	184	36	226	110	221	173	231	239	213	223	245	
128	152	27	187	52	237	169	150	190	9	82	80	180	215	32	72	231	59	19	17	51	156	18	127	197	166	58	192	144	1	37	185	
57	205	106	234	84	147	207	112	85	64	223	2	113	233	180	96	122	168	23	234	233	187	45	255	114	239	163	192	55	170	112	224	
56	165	122	233	246	131	251	127	7	1	124	130	25	79	184	0	126	155	23	253	154	186	36	221	110	205	174	228	247	138	240	241	
47	173	66	9	213	187	162	195	95	33	125	6	8	184	190	164	249	10	146	29	150	184	28	247	46	28	142	103	223	79	217	132	
61	73	106	237	22	18	111	112	69	192	254	2	91	9	181	96	126	228	23	234	200	179	37	204	242	233	163	132	39	187	112	96	
78	203	236	255	11	64	90	184	167	21	135	129	233	111	24	66	70	85	253	194	74	73	203	181	207	243	207	221	54	162	5	10	
213	120	62	165	44	79	246	96	228	226	146	18	215	24	19	107	232	117	108	99	237	245	85	12	241	227	99	17	104	57	9	2	
6	120	178	216	239	245	184	202	143	93	212	39	44	222	103	42	236	59	179	209	134	67	178	241	19	16	218	187	146	93	37	223	
47	165	96	129	245	155	170	231	79	105	121	102	136	216	254	164	251	10	146	61	215	184	12	221	46	28	143	230	223	14	217	133	
85	16	140	183	44	110	80	26	110	251	139	65	215	57	27	106	209	197	125	19	141	244	219	0	197	231	243	21	172	107	24	2	
14	139	174	179	213	175	244	198	23	189	82	7	33	41	83	11	233	111	163	85	54	248	25	172	47	215	223	67	165	93	220	202	
69	33	136	163	164	44	74	27	34	233	203	77	215	51	90	88	209	142	125	28	31	16	217	0	204	239	187	212	168	227	218	18	
130	88	55	156	103	132	190	230	189	138	82	66	172	154	37	193	238	123	51	193	96	175	18	237	53	50	222	10	20	56	33	139	
57	201	106	110	20	27	71	117	69	64	254	14	115	73	182	240	120	238	20	110	201	187	37	189	242	237	160	144	119	186	240	104	
19	143	107	143	148	130	239	119	84	64	218	198	113	102	182	100	126	174	22	173	249	153	37	239	48	44	170	192	61	138	240	252	
33	121	82	92	93	213	161	111	86	0	124	10	56	154	101	180	88	170	2	136	71	58	114	223	119	28	18	40	91	8	98	142	
18	11	147	188	51	208	178	71	174	13	90	35	172	222	36	192	226	59	170	1	6	153	130	237	177	244	26	139	208	0	37	143	
35	205	10	187	84	129	174	230	30	64	88	135	180	204	51	64	216	43	19	197	71	190	86	255	36	4	170	168	29	24	49	218	
57	77	98	236	12	19	79	252	193	226	180	138	115	205	183	53	88	228	87	238	236	163	108	188	242	233	165	184	119	191	114	124	
32	141	2	138	84	135	162	231	4	0	120	2	32	200	48	0	88	42	19	209	66	170	16	253	33	4	138	72	85	10	112	136	
0	205	2	138	20	131	170	231	4	0	88	2	32	200	48	64	72	42	19	193	66	170	0	255	32	4	138	72	21	10	176	136	
77	205	202	172	236	32	78	255	154	130	152	207	253	227	249	80	83	231	50	239	96	3	142	251	240	54	239	60	188	250	185	8	
2	205	2	156	20	131	170	231	4	1	90	2	32	202	32	64	104	43	19	192	66	152	0	255	32	36	138	192	20	10	176	136	
17	207	11	187	22	135	171	230	22	4	88	199	181	214	33	64	92	123	19	199	98	152	74	63	229	38	186	192	20	27	49	202	
59	73	98	237	22	146	238	112	101	128	254	130	27	13	181	100	126	236	23	234	200	187	37	204	242	237	171	128	103	191	112	136	
218	203	119	220	67	208	61	103	173	5	86	163	44	135	164	198	102	179	167	192	66	153	38	237	50	98	254	139	55	132	165	111	
56	141	98	238	84	131	206	120	197	0	254	2	123	201	180	64	120	168	23	234	248	171	12	191	250	237	163	216	119	170	112	128	
128	240	59	155	100	205	185	199	158	25	80	81	180	222	108	72	231	59	51	17	147	124	18	113	77	18	58	232	144	8	165	251	
60	20	21	189	155	226	81	59	149	31	123	53	79	119	40	89	223	51	165	160	57	192	83	29	201	243	113	215	186	97	164	147	
174	191	114	208	247	244	158	243	201	206	188	175	12	254	247	36	167	179	213	179	245	43	52	238	123	93	47	251	207	228	47	247	
2	216	20	155	100	137	184	7	175	25	115	50	172	158	16	73	231	59	191	17	82	252	66	241	4	18	218	194	84	8	129	137	
246	121	178	144	203	212	188	69	139	220	149	47	12	222	103	15	236	185	147	213	214	67	178	192	59	80	207	239	135	60	183	215	
21	205	21	236	172	7	206	239	206	162	136	74	125	224	57	162	159	99	122	111	193	35	27	159	184	223	207	60	92	250	169	168	
82	1	91	136	94	139	232	73	141	32	211	74	6	138	48	64	106	141	127	225	88	163	131	213	148	160	138	220	53	10	113	128	
2	184	186	154	237	165	184	199	142	27	88	51	172	222	108	8	239	59	179	17	18	11	130	241	29	20	158	234	144	72	161	139	
114	65	75	136	76	3	104	73	141	0	241	66	0	138	36	80	106	141	127	224	72	3	195	213	148	168	138	188	53	10	114	128	
128	64	29	187	100	138	169	20	44	17	83	82	149	3	8	75	98	13	59	72	3	212	67	65	68	160	250	128	4	9	1	169	
185	73	98	236	76	19	78	124	193	192	244	138	123	205	183	53	92	244	21	238	200	167	44	172	242	235	229	152	119	191	112	104	
33	189	120	89	124	141	176	127	94	41	124	108	176	152	166	48	217	58	2	0	194	58	114	95	101	29	50	42	81	8	195	175	
26	155	66	140	50	146	186	119	172	13	222	231	45	194	162	196	102	59	175	196	150	137	4	253	176	100	170	203	63	134	41	29	
24	77	3	173	20	195	11	254	20	64	74	194	245	199	33	64	88	42	19	205	75	152	69	63	225	166	170	128	52	155	48	168	
39	175	82	67	215	185	178	195	95	65	124	98	40	168	247	164	123	42	130	145	151	186	4	254	46	28	6	99	223	79	251	141	
94	235	97	238	25	192	90	184	167	44	141	0	233	223	72	82	64	245	253	194	74	1	203	245	219	225	163	189	50	162	7	34	
126	223	158	190	169	86	29	255	57	127	215	253	204	55	10	223	197	215	173	98	124	203	107	229	243	243	254	215	146	116	175	115	
98	57	160	158	207	245	144	67	139	220	149	47	44	188	103	11	204	59	179	193	214	107	242	240	23	16	222	187	19	76	55	223	
2	73	88	155	100	169	184	70	47	17	90	2	164	138	124	72	238	139	55	193	2	184	195	241	20	56	154	130	20	24	177	137	
25	141	107	207	20	146	239	117	84	64	223	198	113	101	186	96	120	172	22	238	249	185	37	191	118	45	162	192	63	138	240	248	
22	185	134	179	23	143	242	160	143	181	82	7	110	120	35	194	161	227	165	81	94	248	27	253	141	194	207	67	173	46	93	74	
185	193	98	110	20	146	70	125	69	64	254	2	115	73	190	117	120	164	22	106	204	187	37	189	242	233	160	16	119	190	240	104	
2	88	147	158	70	128	168	102	156	10	82	98	188	250	33	96	238	59	51	129	65	154	2	235	21	38	218	138	21	48	33	171	
57	129	107	233	86	147	235	121	84	1	126	194	25	15	176	36	126	136	23	248	155	186	37	159	126	205	163	196	247	138	112	161	
226	189	38	130	75	212	152	99	137	220	157	63	8	158	102	39	236	177	211	131	212	75	178	196	59	88	142	251	7	6	183	215	
32	217	106	75	86	203	235	244	68	68	116	143	49	13	190	20	62	152	3	108	194	186	52	125	119	12	32	100	127	154	214	248	
56	205	98	238	84	147	206	240	85	0	255	2	123	201	176	65	120	168	23	234	232	179	44	189	242	237	163	136	119	171	112	128	
31	155	108	225	54	154	249	176	13	252	22	167	89	63	150	96	166	249	149	205	221	184	37	236	206	219	233	192	39	174	80	113	
147	118	107	129	54	2	169	23	60	224	86	230	145	6	212	97	54	13	31	189	225	156	165	206	188	12	190	132	45	144	49	125	
105	132	192	156	93	6	201	171	27	135	108	143	108	227	126	212	89	236	34	172	96	74	158	223	60	54	223	44	159	236	113	136	
0	205	2	138	20	131	142	231	6	1	88	2	32	202	32	64	72	42	2	192	66	170	0	253	32	36	138	64	21	10	176	136	
57	77	110	238	84	147	239	112	68	64	255	2	113	107	179	96	122	168	23	234	201	179	45	157	114	239	163	128	55	171	112	224	
80	79	62	174	10	66	31	36	164	6	134	163	247	39	2	67	102	245	237	227	104	129	1	45	241	227	238	145	36	178	37	107	
92	94	183	117	34	106	161	2	236	174	251	224	223	126	133	235	183	117	108	34	1	245	33	72	132	231	123	128	228	115	5	33	
101	32	193	65	208	45	107	26	35	165	111	76	81	163	201	84	89	206	51	156	27	18	217	64	93	188	161	236	235	227	82	160	
93	0	153	165	164	106	67	18	98	233	79	104	215	49	89	120	81	206	124	27	25	176	201	0	212	167	49	20	172	235	88	3	
16	157	63	171	18	230	19	251	52	69	203	2	247	119	32	64	241	59	25	160	58	137	25	63	233	167	42	64	176	3	165	123	
201	28	151	213	165	62	45	55	252	250	78	84	188	50	1	239	165	119	248	8	161	220	51	202	197	251	94	2	138	116	137	57	
194	49	176	144	235	213	184	67	139	253	149	63	12	158	78	43	174	63	247	145	150	91	178	192	31	16	223	251	131	68	167	223	
244	104	70	142	76	129	198	200	135	176	176	10	98	200	97	19	88	232	110	98	74	103	138	185	48	0	133	60	85	59	82	136	
