空气轻垫唇油	112 甜过蜜糖 6.5ml	http://www.lancome.com.cn/on/demandware.static/-/Sites-lancome-master-catalog/default/dw8bfe9023/images/LAN_PRO_IMG/Product Set/LAN00228/shade/L9215200U.png	http://www.lancome.com.cn/dw/image/v2/AARM_PRD/on/demandware.static/-/Sites-lancome-master-catalog/default/dw75921f72/images/LAN_PRO_IMG/Product Set/LAN00228/L9215100U/L9215100U_1.jpg?sw=490&sh=490&sm=fit
40	93	124	109	213	95	119	247	84	164	124	2	91	49	33	145	94	184	134	104	104	186	81	30	103	207	36	1	115	250	78	139	
69	154	51	218	181	164	187	83	255	9	81	84	188	216	180	100	231	59	30	29	179	173	34	255	153	254	58	202	152	2	161	37	
40	28	123	127	116	229	243	114	148	12	125	3	56	253	33	0	168	58	147	74	1	186	26	63	67	205	32	9	115	171	100	251	
167	113	38	143	141	31	178	232	236	232	211	79	202	216	191	235	248	197	254	119	237	243	221	220	156	58	207	23	77	63	121	4	
62	78	98	190	117	223	91	65	133	140	125	139	107	198	35	20	216	185	151	34	12	146	40	159	243	213	129	171	51	191	86	246	
51	84	122	172	87	114	208	71	69	65	254	167	15	24	182	132	122	141	150	161	12	187	5	200	176	229	16	3	237	92	234	207	
7	41	70	219	224	137	169	17	174	80	113	133	172	195	230	77	102	41	51	222	83	152	18	240	4	24	154	202	30	133	225	180	
138	47	113	210	246	176	232	150	121	1	56	226	169	14	181	173	110	187	134	209	166	168	36	239	172	88	190	129	231	212	111	156	
3	43	66	219	228	136	233	81	172	84	116	229	185	195	247	93	102	42	23	92	210	152	6	224	76	24	170	200	158	133	241	248	
11	210	2	188	124	17	188	127	220	74	208	231	188	168	182	193	238	33	155	165	229	15	6	223	36	127	250	138	30	188	249	157	
3	220	49	207	109	215	175	246	77	106	88	66	40	60	180	229	204	59	18	201	193	186	117	253	37	24	82	34	87	28	113	253	
161	217	113	92	116	135	167	222	95	66	116	6	176	28	181	100	126	120	18	78	227	173	53	255	33	30	18	0	93	153	113	252	
26	145	95	168	219	194	16	111	133	65	104	34	125	254	32	80	234	179	179	128	31	139	18	221	251	229	138	67	177	2	165	146	
26	148	123	200	27	243	187	206	134	65	222	163	24	159	44	64	127	155	155	144	27	139	32	247	123	165	154	207	183	10	36	122	
26	157	95	250	219	225	49	99	135	65	233	34	124	247	40	112	110	179	147	128	27	139	58	221	251	231	138	75	187	66	165	178	
114	162	238	172	28	128	217	64	135	156	144	135	37	205	114	66	236	161	191	213	206	15	198	213	216	1	171	217	53	46	52	74	
57	205	106	238	212	146	111	247	117	64	254	2	121	235	182	96	120	238	23	238	217	187	45	239	122	239	166	192	55	170	240	104	
139	193	68	169	100	145	252	37	77	97	83	215	189	8	182	224	238	11	55	141	215	188	69	213	36	57	190	192	29	140	249	141	
2	221	18	157	147	197	60	231	158	15	74	181	172	166	34	64	229	123	163	197	102	152	18	255	45	54	158	139	24	84	173	219	
3	205	3	159	151	209	190	230	30	71	72	167	172	238	55	196	251	107	179	197	103	152	6	255	36	54	158	139	20	92	189	222	
160	216	121	93	116	199	235	214	95	15	116	2	48	19	165	36	127	122	2	72	226	188	49	127	71	30	50	0	83	153	100	169	
214	34	158	187	202	97	57	76	190	183	215	179	237	231	73	91	111	223	239	144	34	215	203	208	221	227	127	175	161	209	39	203	
135	176	174	159	141	151	190	232	158	254	211	151	196	232	123	75	217	100	123	103	244	199	223	157	156	115	207	247	28	47	57	198	
11	156	224	217	182	177	184	87	31	67	92	183	173	14	182	164	39	59	151	157	151	156	36	247	14	95	154	194	150	204	145	253	
35	36	226	9	213	55	178	71	78	193	124	7	8	40	182	232	249	14	146	21	151	186	85	194	30	60	146	71	205	79	248	140	
158	13	246	246	182	178	254	183	253	194	127	18	105	235	181	105	255	227	55	203	248	252	46	238	42	255	215	128	231	245	241	13	
26	132	90	169	54	162	250	87	31	1	94	2	189	11	48	64	127	155	31	153	26	156	1	223	238	239	186	192	183	130	177	137	
244	77	194	148	244	162	206	98	153	130	250	2	46	232	49	3	234	229	23	195	104	167	0	238	176	54	142	16	69	121	114	128	
129	192	247	81	53	223	161	6	92	5	114	82	168	28	180	173	73	58	42	24	179	252	117	215	5	126	82	66	199	8	213	172	
129	140	55	95	52	236	161	51	252	31	95	16	180	240	180	109	129	50	58	8	179	252	55	239	13	62	90	66	196	72	85	37	
200	157	254	95	135	240	181	55	244	71	78	50	60	63	32	99	35	118	187	136	112	220	183	235	103	111	254	131	39	64	181	122	
246	12	166	156	77	228	202	66	129	130	208	3	40	254	53	75	204	243	59	199	40	207	146	234	19	58	202	138	133	117	112	138	
230	120	51	218	79	212	185	96	137	220	208	38	44	222	103	239	204	177	147	211	195	15	178	232	21	48	138	186	21	44	53	247	
42	168	234	238	126	147	186	88	143	192	125	139	253	205	253	0	30	57	23	189	130	163	46	223	110	93	171	188	87	174	19	129	
161	217	113	73	116	207	231	254	95	12	116	2	176	21	181	36	88	24	18	104	227	188	53	255	37	30	16	4	83	152	117	237	
215	113	86	134	21	63	250	232	109	232	247	78	202	120	159	231	248	197	222	243	173	243	93	204	182	122	207	23	205	63	123	4	
2	132	242	185	182	171	186	67	30	3	89	18	141	136	48	64	255	11	23	145	146	188	64	215	140	214	154	224	181	10	177	128	
26	153	118	156	211	208	188	103	173	5	76	163	44	190	38	196	238	187	131	129	86	155	38	213	178	118	154	203	55	6	173	223	
19	80	107	197	86	66	239	81	68	224	87	230	81	20	191	100	126	188	22	191	201	180	53	206	52	12	175	128	45	178	116	244	
114	19	98	168	95	75	211	104	141	44	144	47	14	155	39	80	250	169	223	101	88	3	16	220	146	80	138	251	53	15	117	87	
10	188	58	250	117	252	113	86	249	13	92	16	174	157	38	116	165	59	151	17	178	188	50	247	207	253	26	75	130	4	47	251	
131	200	119	93	85	143	175	254	221	68	114	70	226	68	189	100	92	80	18	109	227	188	116	255	37	62	0	6	87	152	81	236	
162	192	52	158	77	197	212	175	223	19	240	26	162	24	60	65	201	130	27	1	106	47	90	149	177	58	220	127	16	24	208	10	
14	173	192	251	212	129	234	248	143	129	125	2	125	235	56	0	123	235	23	216	2	56	10	253	126	205	175	228	183	138	97	136	
183	32	233	203	76	43	200	89	71	241	241	94	83	72	222	43	88	140	55	189	157	118	239	144	22	24	235	252	245	170	112	228	
158	205	118	243	182	171	126	183	61	50	95	146	205	111	52	65	55	239	55	139	240	220	13	255	174	255	223	192	183	248	241	1	
27	113	122	172	126	211	177	72	237	72	220	175	31	152	183	32	126	177	223	225	140	163	4	204	210	85	42	155	111	142	57	223	
3	192	46	189	69	149	172	167	204	80	86	199	168	136	50	195	232	41	59	133	199	28	87	213	230	113	158	129	28	28	185	158	
57	132	97	233	92	179	203	123	86	1	221	18	83	105	184	100	89	136	23	185	187	182	109	159	252	239	187	204	247	138	240	160	
146	145	91	236	146	66	31	101	165	4	240	163	13	159	160	80	110	155	149	224	88	139	32	205	250	225	174	207	49	2	166	59	
114	115	3	236	41	197	26	121	175	76	185	109	172	222	36	208	220	185	207	227	79	3	194	221	177	240	171	191	24	34	38	215	
51	142	234	136	87	179	184	67	95	69	220	167	8	136	54	132	255	139	135	149	158	187	4	198	26	85	154	195	221	76	57	207	
9	195	124	93	100	152	233	23	70	53	118	130	187	8	150	228	106	46	166	141	135	184	229	209	70	105	242	65	119	140	249	172	
59	51	114	224	54	176	216	22	73	200	126	226	43	14	151	164	174	179	149	209	142	184	36	205	130	217	170	131	103	140	109	77	
182	221	114	250	254	165	222	255	95	10	248	186	110	253	61	0	159	251	151	227	250	39	10	255	186	222	141	254	215	255	240	27	
131	91	27	156	124	148	184	214	205	88	16	100	188	158	181	231	198	51	31	205	135	9	6	241	38	56	186	170	28	156	121	157	
150	141	70	179	148	171	110	231	61	130	250	18	75	42	52	81	107	231	23	131	120	254	1	238	190	238	222	192	165	249	240	8	
10	199	98	239	119	208	252	119	85	13	94	163	41	15	190	228	126	187	151	137	214	184	36	223	118	109	190	193	55	142	253	219	
82	148	55	218	155	164	49	167	255	29	76	16	140	183	44	85	165	27	43	144	18	15	50	245	217	254	18	74	146	0	165	107	
7	173	224	131	247	177	170	135	78	65	92	198	168	234	222	164	191	43	146	157	151	184	92	241	46	28	143	227	221	71	219	140	
247	210	204	167	45	14	252	104	47	190	179	159	207	106	94	91	255	197	255	231	236	119	221	192	150	123	207	182	13	63	249	214	
27	19	106	169	47	147	184	89	205	72	214	231	9	136	246	224	238	129	223	245	221	163	5	212	214	81	170	203	127	142	57	221	
166	205	112	254	246	160	222	238	217	2	248	18	111	234	61	81	255	235	23	227	234	175	10	255	178	254	142	184	85	251	225	137	
3	107	64	140	118	152	232	68	173	68	208	231	173	10	183	196	238	161	31	205	199	11	68	237	180	120	154	138	31	156	43	221	
61	73	107	111	4	27	71	248	101	224	246	74	83	73	157	244	122	196	84	234	201	178	109	44	114	233	165	20	111	187	122	36	
28	141	120	219	86	145	235	248	206	0	125	2	249	235	180	96	122	234	31	250	194	56	47	253	126	141	175	192	55	139	113	168	
246	92	242	212	55	134	222	114	241	202	250	34	40	255	53	81	238	245	21	195	232	235	0	238	51	126	206	130	39	245	112	11	
82	139	76	254	186	192	29	239	150	21	204	163	109	231	170	65	71	187	139	128	94	11	10	253	242	167	218	203	52	130	173	26	
27	201	50	220	125	212	158	230	205	76	220	2	44	158	38	228	234	107	146	200	70	171	50	253	115	253	154	11	23	28	173	207	
230	93	18	156	95	196	158	98	136	138	248	34	44	254	37	82	236	243	147	195	96	35	18	239	53	48	138	27	21	123	33	155	
154	141	114	251	180	162	234	183	93	1	123	18	45	107	60	65	122	163	23	176	186	184	1	255	174	255	138	192	183	202	241	8	
19	132	98	201	20	178	104	87	119	65	214	147	73	143	190	108	119	141	31	189	190	157	37	223	26	110	154	196	183	132	240	92	
163	248	107	219	116	221	249	22	189	77	118	17	188	159	182	56	111	58	147	28	167	188	48	247	79	31	178	193	150	128	127	251	
34	157	34	154	93	241	186	231	223	77	120	171	172	252	54	64	207	59	147	129	182	58	62	255	63	22	154	235	85	12	253	223	
2	157	146	155	245	133	188	231	30	27	88	51	172	254	32	64	199	59	179	1	114	152	2	255	45	54	30	234	16	92	161	219	
102	77	102	158	125	192	158	96	137	198	249	171	104	236	55	66	234	241	147	227	64	35	66	238	49	52	138	155	85	127	116	210	
11	43	66	201	108	184	233	70	173	17	120	199	172	130	215	206	110	43	87	204	131	152	198	193	4	56	154	162	95	132	123	157	
186	91	82	224	7	67	90	96	37	160	242	171	43	27	39	80	126	177	135	227	76	191	4	236	242	193	130	179	55	159	110	139	
166	205	240	222	244	160	254	206	155	3	121	18	236	234	61	64	255	235	23	195	162	34	138	251	52	60	143	168	149	123	241	137	
146	77	98	231	150	163	234	182	93	128	122	2	107	43	53	64	126	235	23	240	168	184	1	238	190	222	158	128	167	219	112	8	
56	89	122	228	55	95	95	112	69	172	246	3	27	29	51	112	122	188	149	106	200	179	48	140	243	233	160	147	119	187	116	235	
169	197	97	73	5	155	229	111	92	96	120	66	179	8	180	164	90	40	2	44	193	184	117	223	37	24	22	4	87	156	209	172	
18	137	94	142	218	192	27	236	135	5	204	162	109	231	170	116	106	179	175	192	90	11	42	245	208	228	138	203	49	2	165	186	
118	114	19	168	107	143	50	88	175	44	177	111	14	214	37	80	230	181	207	98	65	3	146	221	144	176	43	190	25	43	39	211	
6	173	176	138	252	161	186	203	138	9	25	10	140	206	120	0	223	27	23	145	146	35	138	243	44	20	143	254	148	75	163	129	
19	205	113	171	22	147	235	248	79	64	93	66	253	202	183	100	126	235	31	219	199	40	46	255	188	205	171	200	53	143	97	109	
179	197	12	141	5	151	206	175	85	106	218	199	96	104	62	228	89	138	62	175	255	178	85	159	180	46	138	215	61	28	248	4	
19	145	235	69	102	18	175	49	120	70	87	166	17	12	158	96	126	140	23	175	209	188	53	203	70	45	186	132	101	162	113	241	
130	240	170	152	207	193	185	71	154	213	68	187	140	220	118	8	235	57	147	145	22	95	182	194	93	16	158	235	149	12	181	246	
9	227	211	153	100	168	104	23	239	81	94	226	188	155	242	250	102	43	54	13	135	152	198	209	68	56	186	160	30	132	9	137	
144	13	66	147	148	163	238	231	61	130	250	18	42	34	33	65	105	226	14	210	56	191	1	238	184	134	158	64	229	89	241	8	
50	85	114	172	87	51	210	71	125	197	248	43	14	24	39	148	250	137	151	177	44	187	4	206	176	84	2	19	255	94	47	207	
35	171	98	139	215	179	186	195	95	73	220	231	40	72	182	164	254	171	146	149	150	186	4	253	62	92	138	195	223	14	249	157	
89	194	226	125	85	218	105	23	119	101	118	150	187	0	146	236	122	172	174	140	153	248	117	149	214	239	242	65	111	140	248	108	
186	133	114	236	180	130	250	113	93	0	126	130	75	207	180	65	254	181	23	233	248	185	5	206	162	255	130	192	119	140	240	1	
178	5	66	236	68	138	78	97	157	2	250	2	107	74	52	81	122	165	23	227	120	191	64	207	178	254	130	128	117	170	240	0	
132	105	130	158	204	129	134	196	150	144	80	2	32	200	113	9	72	104	34	195	66	98	138	160	32	0	207	40	21	123	48	136	
26	207	66	156	114	144	174	246	149	6	90	231	41	234	183	196	126	235	135	133	230	154	6	239	52	102	174	129	63	212	41	221	
162	121	0	159	77	193	62	200	142	20	64	171	172	206	33	65	204	59	147	195	66	26	74	249	5	16	202	171	20	29	53	218	
132	225	130	145	196	1	172	204	22	179	80	18	8	170	105	11	121	75	2	210	112	254	10	192	28	0	222	100	133	89	177	128	
20	237	128	179	148	137	238	236	63	129	89	2	239	234	105	0	123	234	6	210	18	56	72	255	172	196	143	100	177	90	177	136	
174	189	246	254	246	178	158	254	155	194	88	179	237	254	61	33	223	123	151	247	242	194	46	239	42	95	207	202	135	247	243	213	
153	141	108	251	246	178	235	183	124	65	95	18	249	43	178	97	102	167	55	140	176	152	37	255	110	239	250	192	55	128	225	233	
18	205	66	154	87	211	170	231	23	5	90	163	40	222	38	196	123	187	131	209	126	155	4	255	56	38	158	195	55	28	173	142	
9	202	115	217	36	152	233	23	126	17	118	112	189	130	244	236	38	42	62	156	147	184	231	209	132	249	250	192	94	136	201	41	
27	223	99	207	86	147	235	246	55	65	94	230	121	238	182	228	126	239	23	253	231	152	45	255	62	111	174	192	63	134	161	253	
6	105	130	158	204	129	174	230	128	146	88	2	40	234	113	11	104	106	51	195	64	99	138	232	56	0	207	168	21	123	176	128	
57	83	99	12	124	151	199	120	85	76	223	230	115	205	183	228	124	168	54	239	201	179	44	159	50	111	161	136	127	174	112	245	
36	105	70	158	204	129	134	230	128	144	120	10	32	232	113	3	72	106	34	67	64	107	138	168	48	32	207	40	85	123	114	136	
50	90	66	164	6	72	252	116	45	196	242	239	47	14	55	208	110	177	143	193	205	191	68	236	176	208	138	147	45	188	47	221	
139	192	6	189	5	157	236	39	78	81	82	71	180	152	178	225	200	40	58	133	199	188	87	213	164	121	222	128	29	28	249	220	
21	212	59	218	19	164	147	86	254	73	77	86	28	211	36	100	247	57	18	25	179	173	58	223	249	190	26	74	153	2	161	35	
170	48	227	216	71	240	185	65	156	87	85	179	8	221	118	13	106	57	147	145	2	214	182	192	87	81	218	235	23	12	53	242	
56	12	99	254	117	223	95	81	133	14	121	11	99	223	33	144	248	184	151	2	104	150	56	191	99	199	161	1	115	175	86	242	
131	193	39	153	5	223	236	239	95	82	90	66	160	204	180	229	248	11	50	77	199	184	119	213	39	56	142	6	93	28	209	44	
17	145	95	172	19	192	55	117	165	64	234	6	125	183	40	114	226	51	120	192	81	169	18	101	241	225	2	11	105	2	161	58	
11	208	74	188	93	149	252	127	156	80	212	135	173	202	50	193	108	33	155	173	228	13	86	221	230	99	218	141	30	156	185	220	
161	201	120	93	102	199	167	246	94	40	116	2	176	21	183	36	106	58	18	74	227	184	113	127	101	10	18	0	81	152	97	168	
203	211	46	140	108	151	156	125	158	65	212	135	172	10	50	65	206	33	191	197	196	15	22	221	242	51	218	153	28	156	185	93	
7	43	99	203	224	145	173	65	172	20	120	198	168	130	245	196	110	40	19	222	211	24	22	224	4	24	138	200	92	7	241	188	
50	71	82	136	82	114	152	71	85	65	250	163	43	14	183	161	110	155	134	177	172	187	5	206	178	64	154	131	101	220	174	140	
178	139	111	174	42	194	29	225	133	29	240	163	109	6	168	82	110	147	167	193	90	139	103	245	240	225	234	195	49	130	165	105	
186	176	227	179	67	227	187	200	23	115	193	179	57	222	105	40	127	153	147	211	15	151	60	243	17	68	155	167	61	29	52	254	
3	217	32	136	125	151	172	111	92	97	81	86	188	24	182	160	202	1	18	13	229	47	21	221	38	95	154	42	28	12	217	157	
129	213	33	73	5	223	164	239	78	80	120	66	184	156	180	165	217	8	18	41	199	184	119	213	39	88	135	70	95	12	209	172	
50	131	79	232	154	195	27	237	133	5	217	163	77	231	168	64	126	187	151	224	88	139	38	213	248	227	170	207	53	130	164	250	
194	79	194	158	250	32	174	246	136	134	152	231	45	238	179	67	110	227	155	231	228	11	6	238	48	54	238	152	13	255	61	217	
51	131	46	168	188	151	72	105	6	84	211	167	97	232	58	64	216	168	59	101	222	139	71	157	154	99	235	221	60	46	184	70	
1	192	97	73	21	223	228	111	92	97	114	82	146	8	180	165	88	136	2	41	253	188	117	223	45	30	150	64	93	12	209	172	
26	132	82	169	54	162	106	83	7	1	223	2	61	11	48	64	123	139	31	152	26	152	1	223	254	239	186	192	183	138	160	128	
1	149	126	85	52	206	171	55	92	5	94	18	240	61	180	100	118	54	18	8	241	184	53	79	103	46	178	0	69	200	213	41	
22	141	118	251	180	163	106	183	29	1	123	18	233	107	60	65	127	131	23	240	186	152	9	255	174	222	142	192	183	203	225	0	
62	7	99	168	20	163	203	90	5	45	217	199	65	111	62	192	124	168	151	181	152	147	0	156	218	69	171	245	183	207	116	112	
57	205	110	238	212	146	79	244	213	0	254	2	115	235	180	96	120	238	23	234	216	187	44	191	122	239	167	192	55	174	240	168	
3	75	72	141	102	152	233	102	173	68	212	199	173	10	183	196	110	161	95	205	199	15	100	205	180	56	186	136	29	156	57	220	
26	132	226	169	54	163	234	83	15	1	88	2	141	10	48	64	127	139	31	145	154	188	65	215	140	223	186	196	181	138	49	129	
182	205	246	190	246	162	222	238	223	2	248	18	111	234	61	65	255	235	23	227	248	231	10	255	186	254	207	136	213	249	225	137	
2	157	22	159	125	165	188	231	30	11	88	50	172	254	32	64	231	123	147	129	114	152	2	255	45	54	158	138	16	76	161	155	
2	221	150	157	179	197	60	231	62	79	74	181	172	182	34	64	231	123	179	133	118	152	19	255	45	54	158	195	24	84	169	223	
188	145	20	235	157	207	212	41	15	57	177	26	202	89	60	65	217	130	63	34	122	42	91	149	139	219	193	126	82	10	208	2	
55	32	97	139	76	3	203	88	70	240	145	206	83	72	253	43	120	140	87	255	141	119	239	152	20	8	235	188	253	171	114	240	
61	73	106	111	4	27	71	248	69	224	246	78	115	73	191	244	120	228	84	238	205	179	109	172	114	233	165	148	111	191	122	100	
214	34	142	175	74	35	57	216	54	183	215	183	205	231	75	91	255	221	239	182	42	215	203	210	221	227	255	189	128	119	39	242	
231	113	62	12	109	31	182	104	205	224	241	79	202	216	63	235	216	197	250	103	237	103	223	204	180	123	75	63	93	63	123	134	
242	195	75	236	10	0	157	101	164	12	212	163	41	135	160	80	110	145	143	192	72	15	96	205	240	225	174	153	53	130	166	249	
129	200	115	95	117	223	161	246	95	77	118	80	184	144	180	101	251	58	34	72	227	188	53	255	5	30	18	2	83	152	101	172	
3	205	3	159	151	209	190	231	30	69	88	163	172	238	55	196	251	107	147	197	102	152	46	255	36	54	158	139	20	92	189	222	
203	203	91	152	108	156	169	86	237	89	84	100	188	154	182	231	230	33	30	205	199	45	38	209	4	56	186	168	30	156	121	205	
54	213	246	252	254	7	222	255	95	170	240	42	110	253	60	1	223	251	183	161	232	251	11	223	58	222	197	254	215	252	240	137	
19	1	107	197	86	86	235	81	68	200	87	130	81	13	190	100	124	156	23	239	201	181	53	206	117	45	170	132	37	170	116	241	
61	0	229	235	92	51	201	89	86	97	213	82	83	65	184	236	89	136	54	187	187	54	111	151	220	207	171	252	247	174	112	160	
9	195	116	89	101	216	233	23	111	85	118	134	185	140	150	228	106	170	166	141	215	184	247	209	70	121	50	65	127	140	253	252	
62	7	107	238	118	243	91	120	21	68	221	175	107	79	179	16	126	185	151	230	168	146	44	158	242	197	169	129	55	175	116	241	
3	143	98	137	247	145	184	103	204	65	90	231	168	8	182	228	238	43	146	149	151	184	4	221	46	92	138	195	95	12	249	157	
114	90	82	228	39	66	210	112	1	172	242	239	15	27	165	80	238	245	135	226	72	183	17	236	178	225	162	147	111	191	102	91	
90	122	27	136	106	95	51	88	172	108	150	239	30	150	163	80	230	181	223	103	193	3	160	216	208	33	43	190	61	37	39	113	
198	242	174	190	45	135	191	232	158	190	211	151	228	232	123	75	209	101	123	231	228	71	223	185	220	51	207	191	28	63	57	82	
247	82	236	167	13	14	254	216	45	190	179	159	207	74	95	91	255	197	127	231	236	119	221	192	214	251	207	183	45	63	123	86	
226	72	166	220	77	228	216	142	137	2	192	3	40	190	53	75	200	243	59	193	40	15	210	233	19	58	218	27	21	125	112	10	
2	162	226	145	197	96	184	207	26	231	88	151	136	172	94	8	249	11	147	149	150	252	132	194	13	22	158	231	133	68	183	222	
11	161	82	137	117	249	233	23	239	81	84	134	173	131	246	230	102	43	146	157	135	56	230	209	6	121	154	168	30	132	233	204	
42	96	106	200	126	147	251	88	143	128	221	138	249	205	189	36	62	185	23	233	130	162	110	223	86	93	171	184	119	139	83	161	
34	156	34	158	125	245	186	231	158	77	88	55	172	252	54	64	205	59	179	129	182	186	114	255	61	22	154	235	85	12	181	223	
11	115	99	65	101	157	232	85	77	89	82	102	136	28	212	164	238	137	150	221	215	184	117	192	38	88	154	194	79	12	249	221	
170	248	163	184	79	213	185	71	155	85	69	147	44	222	102	45	238	57	147	145	83	94	178	209	93	81	218	235	23	12	181	242	
166	205	240	158	246	162	254	238	155	2	120	18	236	234	61	65	255	235	23	227	242	98	10	255	44	62	143	172	149	123	241	137	
146	149	86	188	195	66	20	103	57	7	104	179	46	182	32	213	251	187	133	160	124	159	18	207	177	246	94	3	113	100	173	142	
11	35	66	201	124	152	232	70	173	69	112	199	172	10	183	134	238	35	151	221	135	42	100	193	4	24	154	168	95	140	107	156	
230	29	18	158	95	132	190	98	136	138	248	34	44	190	33	66	236	243	147	195	96	43	146	238	49	54	202	138	21	123	33	155	
3	166	162	129	197	54	184	199	90	103	88	151	8	168	126	8	249	11	147	149	150	254	181	194	12	28	158	231	205	92	249	206	
11	51	110	137	79	213	185	86	44	109	246	167	169	142	150	228	108	141	254	213	135	186	117	209	22	105	186	129	111	12	125	221	
118	28	246	212	55	134	218	98	185	138	242	34	40	254	53	16	238	245	53	195	168	235	0	238	27	62	207	130	5	37	114	3	
23	75	66	153	2	130	42	16	52	0	66	231	169	194	179	72	102	233	55	223	198	144	135	96	132	32	234	128	61	149	57	24	
26	221	114	220	127	209	158	103	205	77	92	35	44	158	166	228	206	59	151	193	198	43	38	255	51	125	154	139	23	28	173	207	
34	24	18	158	109	133	186	67	140	8	113	2	172	218	53	64	204	57	31	67	0	43	82	253	21	56	138	138	20	42	113	131	
57	81	107	77	100	82	239	116	68	232	126	34	81	29	179	96	120	252	23	238	201	177	37	140	115	169	162	132	103	186	116	233	
18	195	66	156	82	144	188	127	149	5	208	231	41	238	182	196	126	171	135	133	198	154	6	221	54	38	190	139	55	132	189	221	
18	207	66	154	87	209	190	230	150	5	90	163	40	206	54	196	122	187	131	193	102	155	6	255	56	38	158	195	53	28	189	142	
86	205	214	247	246	162	238	167	61	147	123	18	109	106	52	65	123	239	55	227	120	216	9	255	188	254	223	128	165	121	241	0	
26	145	114	142	211	208	148	103	141	5	221	163	44	254	46	196	234	187	131	129	86	139	38	247	50	116	154	203	55	6	173	223	
6	153	230	254	182	131	254	248	159	210	86	163	237	239	61	9	255	123	183	247	240	200	14	255	170	94	223	202	167	244	33	217	
51	143	106	137	247	179	186	67	78	77	220	167	40	200	182	128	254	43	151	149	150	187	4	221	62	85	138	195	221	14	57	223	
119	0	96	226	76	19	202	89	1	228	149	207	83	77	223	15	124	132	95	191	141	35	109	200	146	72	169	244	111	175	114	212	
11	59	107	201	99	148	184	84	237	76	254	231	169	14	183	224	238	153	223	213	134	186	100	192	22	89	186	131	71	142	45	221	
9	136	114	217	101	252	233	23	127	21	118	18	173	131	242	236	98	42	174	156	147	184	247	209	7	249	154	65	254	140	201	236	
27	205	113	174	86	147	107	248	71	64	221	66	121	202	179	96	126	169	23	207	207	146	44	255	246	205	171	128	55	143	112	236	
102	15	102	158	125	192	190	96	136	204	249	171	104	236	55	67	200	225	179	231	64	35	6	236	52	48	202	139	85	111	116	195	
18	132	98	201	84	162	232	71	61	67	210	147	8	142	60	64	127	141	31	181	178	157	5	222	30	46	154	196	149	132	241	72	
155	128	67	137	20	50	105	89	55	65	214	214	89	199	186	236	125	136	54	188	191	150	37	223	146	239	186	196	191	132	56	244	
210	79	230	94	178	162	94	166	49	142	218	231	105	238	183	81	247	255	165	193	232	203	7	239	186	118	254	131	165	244	180	79	
166	10	160	158	77	233	184	72	158	86	81	187	168	204	119	9	216	41	147	7	38	118	206	243	5	18	219	171	85	109	23	210	
75	115	59	204	106	213	155	89	174	108	149	173	156	214	226	112	246	61	255	103	199	3	162	221	243	49	171	190	26	39	39	247	
146	77	82	183	150	162	238	230	29	130	250	18	111	42	53	65	122	235	23	227	40	186	1	238	184	206	142	128	165	88	241	136	
2	189	50	216	254	181	184	119	159	73	88	163	44	158	182	32	206	59	151	149	178	139	34	253	46	28	154	234	151	12	177	223	
163	219	99	73	116	155	239	253	93	72	112	230	48	128	180	164	126	40	22	238	227	184	36	255	36	28	164	128	95	156	240	253	
32	77	70	158	204	129	134	229	128	128	248	10	96	232	49	3	72	234	34	67	64	107	138	173	48	32	207	56	85	122	242	136	
34	132	70	140	84	162	170	99	148	1	251	18	64	232	52	64	121	164	19	161	48	191	0	223	56	46	138	200	149	10	112	128	
3	140	96	217	246	177	184	87	31	65	92	151	172	14	182	96	103	27	23	157	150	156	37	215	14	30	154	194	151	204	145	221	
150	204	230	246	148	162	238	167	253	130	251	18	107	106	53	73	123	231	55	195	248	252	8	238	186	254	223	128	165	249	240	8	
57	16	107	76	118	19	219	120	69	76	255	230	91	205	183	228	126	184	150	110	137	179	37	158	114	237	160	128	127	174	116	245	
9	48	98	201	69	253	241	83	103	93	126	38	168	156	214	100	108	138	222	156	151	184	247	209	87	89	178	195	251	140	252	255	
223	58	54	168	107	31	57	80	45	124	215	175	159	151	131	127	102	189	255	102	133	23	167	208	215	249	106	174	50	165	39	245	
102	28	102	158	125	224	186	98	136	198	249	163	108	236	53	66	234	241	147	163	32	163	2	238	53	54	202	139	21	111	117	210	
147	219	70	140	118	146	174	228	157	64	208	231	44	202	182	197	110	163	151	229	231	171	4	255	50	40	170	130	63	156	57	221	
166	28	150	156	95	164	186	98	136	138	216	34	44	254	33	66	236	241	147	195	32	43	146	238	53	52	202	138	21	105	33	155	
2	166	160	131	215	97	190	207	30	103	88	147	140	174	94	8	189	11	147	149	18	152	141	243	13	22	158	231	133	92	183	218	
162	24	160	159	77	225	188	202	30	86	80	187	172	188	113	9	201	123	179	195	34	118	218	243	5	16	218	171	21	125	23	218	
210	194	14	189	8	132	76	101	148	22	194	199	33	203	58	67	76	161	47	133	106	15	67	221	240	98	218	152	53	180	176	74	
60	204	106	234	20	147	203	248	71	0	253	2	123	203	181	96	120	168	31	234	138	179	44	253	250	205	163	136	55	139	112	160	
2	24	18	158	109	133	176	67	140	8	80	2	172	218	33	64	238	57	147	3	0	171	18	253	21	48	10	10	16	40	33	131	
55	102	40	170	29	173	210	72	206	164	157	143	231	200	123	0	89	168	75	61	142	35	78	155	208	21	137	61	213	47	24	198	
32	132	2	137	212	163	168	103	20	1	123	2	64	170	60	64	121	142	2	177	16	187	1	222	56	46	146	64	149	10	240	136	
15	75	194	187	160	130	46	208	180	192	90	199	185	194	243	201	102	105	55	223	197	209	14	232	160	9	239	128	44	247	57	144	
138	248	51	152	79	213	185	87	159	93	84	55	44	159	102	173	236	57	147	145	195	78	178	209	23	81	218	235	31	12	53	255	
7	79	130	158	232	0	174	246	136	134	216	199	173	226	179	2	110	99	27	239	224	11	134	234	56	36	174	136	12	247	185	217	
60	173	66	171	92	131	98	248	7	128	249	2	107	203	41	0	121	232	14	208	10	187	10	253	190	205	167	96	51	138	112	136	
34	38	162	129	197	102	188	71	90	231	88	151	136	172	126	8	217	79	131	149	150	254	132	194	13	22	158	231	197	76	245	206	
58	19	96	229	55	82	251	117	69	76	126	231	43	13	182	192	126	153	151	225	204	184	37	204	246	233	162	131	111	142	124	219	
191	96	107	238	86	147	203	88	95	64	117	138	123	205	189	36	126	169	23	235	201	182	36	223	82	205	171	168	119	175	114	225	
26	128	226	233	54	163	234	82	7	1	93	2	29	139	48	64	127	137	23	153	154	184	1	223	222	205	186	192	183	138	49	128	
14	181	116	251	182	163	250	219	31	129	93	163	237	237	61	0	159	59	151	189	146	184	15	221	46	223	143	198	183	207	17	145	
198	114	174	190	109	39	31	232	158	190	199	159	228	233	123	75	209	109	251	103	226	71	219	185	220	115	207	189	28	127	17	82	
139	192	14	189	5	157	240	36	78	81	82	87	180	152	50	225	200	40	186	69	199	188	87	149	134	113	218	129	28	28	185	156	
154	74	14	189	8	164	105	20	164	20	198	135	169	131	51	75	108	233	191	197	10	212	210	233	196	97	250	137	44	149	41	216	
137	192	55	89	37	221	160	36	94	81	114	82	168	156	188	229	202	24	50	9	195	188	119	213	5	88	82	66	87	28	213	172	
9	193	112	217	101	217	249	119	239	93	116	148	169	143	246	228	110	43	134	12	215	56	54	213	70	217	178	233	86	140	205	221	
3	218	99	75	116	147	175	245	77	72	122	230	168	200	180	228	126	40	22	206	195	184	36	253	36	60	170	194	95	158	241	189	
70	34	142	175	8	39	59	216	54	191	207	149	197	231	75	90	221	205	235	182	10	215	219	210	221	247	207	189	144	119	52	242	
41	211	102	73	77	221	240	87	109	93	118	183	169	157	150	100	108	154	191	157	214	184	119	213	71	121	178	195	119	140	244	255	
180	133	60	233	188	175	83	184	70	57	189	24	211	121	120	65	217	130	31	122	186	42	89	20	207	137	33	116	240	139	80	2	
54	196	246	156	254	131	220	239	95	146	240	2	108	234	61	65	251	233	55	161	226	235	10	223	184	190	223	148	213	56	113	137	
75	218	104	141	109	216	233	118	237	68	212	135	173	142	182	231	106	161	223	205	199	46	118	193	118	121	186	137	30	28	125	253	
231	121	46	172	13	159	182	104	206	234	144	13	222	216	55	107	200	101	250	103	229	103	223	252	240	123	79	63	88	61	123	134	
187	19	106	168	125	23	216	119	77	72	220	239	9	8	182	228	238	129	223	189	221	43	84	204	114	89	170	218	127	142	248	213	
119	96	99	206	76	3	203	88	65	224	177	206	83	200	253	170	120	196	95	239	137	35	205	168	144	8	161	188	125	187	114	176	
2	133	66	139	212	163	168	103	52	1	123	18	40	42	60	64	121	138	19	145	18	184	1	223	60	44	154	192	213	74	241	136	
22	141	86	251	180	131	106	169	29	1	123	2	233	106	60	65	127	139	23	240	58	152	9	255	174	222	143	196	181	138	241	0	
27	120	38	173	107	149	184	86	5	104	214	167	185	158	179	100	238	189	255	205	205	159	231	217	215	121	186	162	55	148	52	255	
3	251	49	202	109	133	175	253	204	24	120	70	172	202	252	167	206	11	19	238	195	43	58	245	45	24	142	234	26	158	225	173	
123	90	75	164	70	84	233	118	45	76	246	239	57	14	183	209	110	177	223	197	205	139	116	232	212	33	186	144	45	28	47	221	
2	157	3	159	151	209	190	231	30	69	72	163	172	238	34	196	251	123	179	197	86	152	18	255	37	54	158	139	20	76	189	222	
11	249	113	91	101	221	169	21	237	89	116	68	168	156	252	236	206	58	146	88	211	56	118	225	7	88	146	194	87	140	213	253	
50	177	246	252	124	7	216	127	95	169	240	42	110	253	52	1	159	189	183	161	152	250	67	221	26	222	221	246	119	172	240	137	
18	207	66	157	86	147	170	230	148	4	218	231	41	202	182	196	122	171	131	193	230	155	6	255	48	38	186	129	55	156	60	156	
185	249	25	250	195	197	20	221	22	57	68	10	60	215	104	41	220	153	19	208	91	90	26	177	251	193	159	111	48	24	168	171	
5	129	59	218	228	141	97	149	239	29	125	0	148	211	248	125	66	10	2	92	18	56	58	81	109	24	38	108	208	128	225	160	
6	173	208	131	244	171	234	202	31	1	185	2	140	106	121	0	123	203	23	177	50	32	72	255	172	20	143	228	149	91	97	128	
246	90	126	228	38	74	249	16	169	132	178	231	15	31	21	27	238	245	149	227	136	180	4	200	210	249	234	131	109	185	109	83	
22	84	123	202	83	227	147	216	86	1	205	22	92	215	41	96	127	185	147	176	11	135	56	255	217	142	154	78	185	3	37	178	
61	73	106	110	20	19	71	248	69	192	246	78	115	73	191	244	120	228	20	238	205	179	109	189	114	233	165	148	127	191	122	96	
2	157	18	159	179	133	60	231	30	9	74	165	172	182	34	64	231	123	179	133	70	152	18	255	45	54	158	139	24	84	169	155	
56	205	102	236	92	147	78	244	213	0	254	2	115	233	180	96	120	238	23	234	200	171	44	191	250	239	167	200	119	170	240	136	
3	165	112	203	246	177	184	95	31	81	89	147	172	222	252	32	159	27	23	149	150	40	110	215	46	28	154	238	215	206	241	221	
34	156	34	155	125	245	186	231	158	77	88	39	172	252	54	64	221	59	147	145	22	186	122	253	45	22	154	235	213	12	181	223	
2	156	146	159	244	165	188	231	30	27	88	34	172	254	32	64	247	123	179	1	50	152	3	247	45	54	30	194	16	76	161	155	
58	19	107	168	103	85	185	116	45	76	246	231	46	14	166	84	110	145	159	229	205	155	52	204	210	97	170	211	63	14	63	251	
58	219	114	206	118	208	158	230	77	12	220	231	40	158	166	196	254	251	151	193	206	171	38	253	50	116	170	139	55	30	45	207	
131	132	39	215	53	246	168	35	92	75	82	82	236	60	180	229	224	47	58	137	181	252	53	239	5	126	218	66	6	12	241	108	
82	2	14	173	8	134	25	83	166	149	198	135	161	131	34	82	108	165	189	132	8	201	211	221	210	225	186	128	60	132	52	90	
160	12	125	95	84	239	163	114	84	10	126	2	48	17	177	64	72	50	3	74	96	188	97	63	103	175	32	0	81	235	100	168	
50	6	34	168	213	163	218	75	21	5	217	143	79	204	62	132	216	169	135	181	60	178	0	158	144	116	136	219	245	79	62	198	
3	75	74	155	228	152	236	214	172	16	88	199	177	194	245	192	106	42	19	223	211	24	6	241	36	24	186	200	28	147	249	156	
18	149	91	234	26	194	27	232	133	1	233	162	93	247	40	112	122	179	147	224	27	139	46	213	248	225	138	207	53	2	37	50	
37	177	40	161	245	191	240	73	78	97	153	79	210	88	62	32	216	139	18	53	159	186	93	220	92	25	11	116	221	14	121	150	
164	28	250	222	100	230	187	81	212	130	119	18	112	253	183	105	104	56	19	10	176	165	50	107	71	47	162	1	85	235	116	162	
182	113	103	134	79	65	190	232	128	240	209	175	81	204	125	139	122	248	147	227	77	115	190	240	23	0	203	175	45	127	118	246	
6	140	212	158	246	131	238	235	159	130	112	2	236	234	61	65	123	235	23	161	114	106	10	255	44	30	207	172	149	120	113	136	
27	51	102	137	111	213	184	85	37	109	214	167	168	156	182	100	236	157	255	149	135	155	101	209	87	121	186	131	39	140	116	223	
139	91	106	169	103	148	184	87	173	76	222	231	173	14	182	228	238	155	223	213	198	59	100	192	118	89	170	195	31	142	189	221	
91	113	122	204	106	23	187	88	173	108	212	175	28	159	162	116	238	181	223	102	193	3	164	220	242	121	43	186	22	134	39	247	
183	128	226	91	20	50	72	89	87	65	215	151	75	206	190	124	121	140	62	188	191	151	45	223	146	110	131	204	191	142	112	84	
34	132	70	140	84	162	168	103	52	1	91	18	64	234	48	64	121	174	2	161	48	187	0	223	56	38	138	192	149	10	240	128	
2	129	246	252	62	131	216	105	159	144	82	130	237	238	52	65	222	125	55	161	128	219	11	221	138	250	223	198	53	172	49	137	
48	85	123	236	54	199	91	113	5	204	253	170	83	223	179	49	254	185	21	234	205	147	36	28	243	233	163	177	125	170	102	115	
2	133	2	139	84	162	168	103	20	1	91	18	64	170	56	64	121	14	19	177	48	186	1	223	60	38	154	196	149	74	176	136	
182	105	233	186	108	73	207	200	18	228	213	171	67	205	251	8	88	200	151	99	106	118	206	176	82	1	173	189	117	191	86	242	
2	132	34	139	212	163	170	75	84	1	91	18	72	42	60	64	121	139	19	145	146	184	1	215	60	12	154	196	149	74	241	128	
56	1	202	233	84	131	106	80	7	1	255	2	25	139	48	64	122	136	23	216	26	178	1	222	246	205	162	196	183	139	112	128	
6	52	162	145	229	98	184	71	30	199	89	179	140	252	122	8	217	59	147	145	18	210	210	194	13	22	159	239	132	110	181	210	
24	19	107	229	118	82	251	113	5	76	126	231	25	13	182	68	126	156	151	232	201	176	37	140	118	237	162	128	111	142	116	243	
2	132	96	203	214	161	170	75	30	1	91	18	40	42	60	64	123	139	19	177	146	152	13	215	30	14	154	192	149	78	177	192	
6	165	224	201	246	179	186	75	31	49	89	147	140	236	252	0	159	27	151	149	146	56	108	215	46	28	139	230	149	206	145	209	
2	167	162	129	213	97	188	207	26	109	88	135	140	172	94	0	249	75	147	149	150	248	128	226	45	20	158	231	133	76	183	222	
123	83	106	128	102	212	185	117	45	76	246	167	56	15	182	212	238	177	159	229	205	155	100	204	215	105	170	146	55	142	53	251	
35	167	162	129	213	54	182	199	90	239	88	7	136	168	126	8	249	79	147	21	150	250	148	226	12	30	158	103	197	94	255	206	
191	72	107	254	86	147	235	112	85	64	117	2	121	201	181	32	126	169	23	239	233	182	46	191	82	73	163	168	119	171	114	224	
198	120	140	189	77	143	95	216	158	190	196	13	228	233	115	74	209	109	123	103	66	71	219	187	221	119	207	60	24	125	17	210	
146	129	91	234	26	194	27	105	132	0	233	162	81	215	168	113	122	147	159	226	121	11	14	221	240	225	170	207	53	130	164	50	
27	113	114	236	106	19	56	80	173	104	214	163	29	159	183	112	238	181	223	236	196	131	164	220	210	249	42	186	54	134	35	253	
86	38	139	234	152	103	107	216	54	173	223	129	197	199	105	80	253	221	239	182	10	19	233	210	217	229	175	245	128	99	38	114	
225	120	62	188	77	221	182	102	238	234	224	9	190	152	55	107	200	101	250	67	229	111	210	252	245	59	91	59	88	61	43	142	
125	72	65	238	76	19	203	216	65	224	181	206	83	200	191	178	88	228	95	239	201	35	108	184	210	9	161	188	127	191	122	240	
11	155	98	137	246	145	174	101	93	73	82	231	169	136	182	228	126	171	150	197	215	184	5	255	46	28	186	193	125	142	185	157	
199	4	135	179	181	246	40	1	189	219	67	85	204	218	48	233	229	37	187	149	181	197	29	194	142	119	218	195	140	69	57	85	
139	72	39	157	37	220	160	134	222	83	82	82	174	152	61	233	194	41	186	69	167	244	119	241	135	123	218	3	28	29	57	12	
137	192	53	91	5	221	164	165	222	81	114	82	172	220	188	229	200	25	170	1	199	188	119	213	7	88	82	66	87	28	209	172	
139	216	114	217	109	221	248	55	237	93	118	183	169	157	246	101	238	57	215	129	214	184	118	213	71	89	146	203	87	140	229	255	
139	218	114	217	109	221	185	87	237	93	84	150	173	142	182	103	238	41	159	141	199	44	54	209	71	89	154	171	30	140	253	255	
50	192	246	253	62	131	216	111	95	177	242	2	109	136	52	65	222	189	55	129	200	251	3	221	154	250	219	150	85	136	113	137	
139	90	102	153	109	220	249	86	237	92	84	167	173	142	183	239	238	33	223	205	199	45	118	193	199	121	250	139	22	156	125	255	
62	3	106	172	118	19	75	89	5	76	125	167	107	77	187	0	126	168	151	239	136	178	36	156	242	205	161	129	119	175	116	241	
134	166	174	145	150	115	169	207	94	247	23	178	144	46	222	44	127	11	19	157	178	212	45	210	77	6	159	229	133	69	181	244	
162	88	117	94	79	229	181	204	143	54	116	10	176	221	61	45	76	120	51	202	227	103	122	241	5	24	218	170	87	89	117	254	
200	28	254	87	166	114	189	55	252	203	86	50	120	125	148	107	35	118	187	136	240	252	183	235	103	111	246	129	39	240	253	107	
219	88	102	237	47	149	248	86	101	120	214	163	169	158	151	109	238	185	255	197	206	158	231	193	215	121	218	130	39	156	52	223	
63	3	106	172	118	23	203	88	69	196	253	239	91	72	191	32	126	168	151	239	140	178	100	156	210	205	161	140	127	175	122	213	
151	80	251	218	75	199	155	216	22	66	193	86	84	215	105	104	127	185	19	211	235	135	122	242	17	142	155	46	189	27	37	178	
173	66	234	88	196	54	245	88	208	158	117	23	80	233	255	11	89	76	163	63	244	246	230	130	86	43	243	13	231	253	124	194	
61	96	100	202	76	19	66	216	199	240	245	10	67	201	255	108	88	200	126	122	142	99	239	184	210	201	193	188	119	191	80	228	
47	174	224	83	245	61	186	155	90	243	93	216	137	252	221	172	23	94	147	29	183	80	252	178	110	95	53	237	206	247	219	149	
191	64	226	60	197	63	212	72	81	134	113	31	75	216	127	184	217	169	134	39	188	246	86	130	22	223	81	47	251	253	90	134	
51	207	71	141	84	146	238	246	4	64	218	231	97	224	181	196	124	168	22	237	205	187	5	255	48	46	170	128	61	174	120	220	
2	153	2	159	23	209	190	231	30	65	72	227	172	254	34	192	250	59	147	193	87	152	18	255	37	52	142	139	20	14	189	158	
237	96	226	85	197	54	252	222	81	243	118	22	25	41	215	235	121	204	178	154	245	246	181	130	94	107	244	101	239	253	250	132	
185	201	99	108	20	19	70	248	69	192	254	78	115	73	181	244	120	236	20	110	205	179	109	189	114	233	165	144	127	190	120	168	
2	143	26	159	179	133	62	231	158	13	74	33	172	178	34	64	230	123	163	197	86	152	2	255	44	52	158	203	16	4	173	203	
56	205	102	236	92	147	206	246	197	0	254	2	51	233	180	100	120	234	23	232	200	171	36	191	250	239	167	152	119	168	112	136	
86	126	150	182	234	36	158	248	136	186	153	111	76	255	233	139	167	85	253	227	224	71	138	232	208	114	111	190	132	119	35	147	
6	82	150	155	160	168	56	24	190	27	83	228	205	195	233	94	183	25	46	30	130	197	11	208	132	178	122	204	144	211	33	1	
139	211	96	137	111	156	184	87	173	92	84	231	172	158	246	231	238	43	159	149	199	60	118	209	134	89	170	139	31	140	57	221	
2	153	18	155	117	133	186	231	142	9	88	35	172	254	32	64	238	59	147	193	18	152	66	253	45	20	154	202	148	14	165	219	
27	49	98	233	109	149	184	85	173	105	214	167	169	156	182	100	238	157	255	133	206	155	101	209	87	121	186	130	23	140	52	223	
135	74	22	186	32	128	172	208	174	26	81	213	189	194	249	75	230	105	63	207	195	69	14	240	128	24	107	136	28	179	33	145	
43	145	120	200	127	149	152	87	201	73	148	239	172	30	182	164	206	19	151	149	135	43	50	213	146	89	154	251	30	140	171	221	
27	147	104	137	117	221	249	83	109	77	212	167	168	30	182	100	238	129	159	133	215	43	116	213	215	89	170	203	31	140	125	223	
51	91	98	142	126	144	142	112	133	64	216	231	41	206	183	196	110	249	151	199	197	139	6	237	48	32	170	136	63	191	56	221	
147	207	110	254	190	145	222	191	157	2	88	215	109	238	190	1	151	123	21	207	246	136	14	255	170	126	190	138	23	214	185	93	
129	75	70	155	36	136	236	148	172	16	82	215	185	194	177	65	98	43	62	207	195	20	6	241	36	56	234	136	28	145	113	152	
186	94	246	254	71	66	126	119	21	134	122	179	107	125	37	197	254	247	181	162	108	252	1	175	51	255	212	131	103	252	228	139	
180	25	60	225	188	239	83	184	70	184	163	8	215	25	65	73	153	21	110	114	56	48	89	28	205	137	33	116	240	11	68	2	
43	50	98	201	125	125	240	81	109	109	253	38	152	156	254	100	238	152	223	28	151	59	229	208	87	93	178	239	215	142	116	247	
82	224	246	156	62	130	248	234	255	144	210	2	236	234	53	73	255	229	127	241	168	239	3	221	152	190	223	132	5	32	113	9	
54	129	68	251	212	130	106	169	29	16	123	2	105	106	60	65	123	139	55	240	122	184	73	253	190	254	143	196	53	138	240	0	
34	49	118	205	124	155	248	89	79	97	123	171	136	157	180	96	222	29	247	21	146	186	231	213	6	120	152	230	87	140	82	213	
183	0	102	90	28	19	72	89	87	80	245	151	75	206	190	121	92	136	63	191	142	247	111	213	146	106	195	204	55	175	112	84	
162	28	160	159	77	105	180	202	30	118	80	155	172	188	119	11	139	123	179	3	34	118	218	243	5	18	218	171	85	125	23	218	
194	79	194	150	250	0	174	246	152	134	216	231	237	230	179	130	127	227	135	231	224	203	132	239	56	38	175	136	141	241	163	152	
57	73	107	78	84	215	239	240	68	68	124	131	115	77	183	32	120	232	19	238	200	178	108	61	119	13	161	32	117	187	118	248	
6	140	98	129	212	163	170	202	86	1	90	18	8	42	52	64	121	139	19	145	146	184	1	247	28	12	138	196	149	73	241	128	
6	173	114	193	246	163	186	195	31	161	89	130	140	172	116	0	191	59	19	145	146	184	8	214	46	28	139	230	213	79	147	129	
183	82	99	140	102	2	235	112	148	192	215	231	81	204	183	101	126	168	23	239	237	183	36	206	16	40	234	136	61	175	112	245	
6	177	162	131	213	229	184	69	10	201	89	163	140	254	88	0	221	59	147	145	18	154	154	192	45	20	143	239	133	78	183	210	
6	49	162	139	197	224	184	67	26	193	89	147	140	252	122	8	217	59	147	17	18	154	210	194	13	54	159	235	132	110	181	210	
34	28	160	159	69	109	180	202	30	122	88	59	172	188	97	9	141	91	179	3	2	116	218	243	5	22	218	171	148	125	23	219	
209	145	125	175	170	4	29	185	40	88	69	245	221	87	186	113	86	23	61	239	241	8	255	85	231	235	234	196	52	162	161	113	
130	146	150	153	169	138	176	5	158	159	67	117	204	210	104	207	193	53	234	17	52	197	67	192	12	50	94	71	152	12	141	135	
44	42	139	236	88	199	75	216	55	172	236	201	147	199	97	16	220	253	103	242	10	19	234	26	217	245	175	189	144	187	38	240	
246	95	146	134	214	34	158	230	24	134	184	239	108	110	37	1	254	247	135	231	104	235	0	238	48	54	206	154	197	123	165	25	
65	120	190	188	77	205	176	102	254	192	198	9	190	184	99	75	192	111	250	65	69	235	210	233	213	115	94	59	72	28	41	30	
146	159	26	190	50	144	62	231	188	5	82	231	45	234	162	192	246	59	167	129	230	159	6	255	176	103	58	139	52	4	45	31	
61	75	107	236	92	19	79	248	193	196	188	142	115	205	183	176	88	228	87	238	201	35	108	172	242	201	161	188	127	191	112	112	
2	143	26	159	178	129	58	231	30	13	74	37	164	234	34	64	230	43	3	197	86	152	2	127	44	52	158	195	16	0	165	75	
2	153	10	159	31	209	186	238	158	1	88	167	164	222	34	192	252	59	147	193	87	154	18	255	44	52	138	203	28	12	185	159	
3	219	99	203	84	151	174	245	77	64	90	198	169	136	180	228	126	42	18	205	199	184	52	253	38	60	138	192	95	142	249	156	
67	149	62	215	130	226	189	175	126	87	79	18	244	54	190	107	99	23	59	137	179	216	63	119	77	42	218	192	132	64	165	106	
133	12	183	223	61	244	163	2	222	95	83	18	236	216	181	109	193	50	58	27	163	229	55	255	5	62	90	2	208	73	117	44	
129	208	53	91	13	221	164	37	206	91	115	82	138	220	252	225	137	25	170	3	199	252	119	213	7	88	90	70	81	8	209	164	
130	208	118	217	101	157	248	23	175	89	114	51	168	157	84	65	238	185	183	145	210	188	99	213	7	120	154	194	87	140	241	219	
56	137	122	234	83	213	91	232	5	8	253	10	123	223	43	112	120	185	149	226	74	51	56	61	243	205	162	169	49	11	102	234	
134	24	178	218	79	245	184	67	159	95	85	23	44	222	103	109	237	59	147	145	182	71	50	241	23	80	218	235	146	77	45	215	
178	95	230	119	151	34	94	167	113	134	122	183	107	108	21	81	183	255	181	163	248	252	5	238	42	126	220	131	229	244	246	95	
162	192	118	157	108	131	248	79	95	49	210	18	172	136	52	73	238	173	63	129	128	255	67	213	148	58	218	144	21	8	113	137	
134	32	170	209	140	98	173	201	158	215	213	146	208	253	255	111	89	92	59	185	48	247	230	194	77	18	223	239	133	121	245	246	
54	129	116	235	214	163	234	184	71	160	251	2	75	107	61	64	122	139	23	240	154	186	73	221	158	216	139	196	183	139	112	128	
18	120	102	253	44	141	248	70	109	88	210	163	172	159	21	75	238	189	255	133	138	156	195	193	150	120	218	130	7	156	48	91	
60	105	107	238	87	211	75	72	69	108	253	139	115	205	51	48	120	168	151	239	72	178	108	189	243	205	161	169	119	175	118	226	
66	8	246	157	108	163	248	66	127	129	210	2	172	138	21	73	238	173	127	129	128	255	195	200	148	58	218	128	4	1	33	9	
230	98	238	212	204	114	173	71	216	215	214	147	192	237	255	15	89	108	51	189	176	246	230	194	93	58	223	47	197	120	245	228	
14	48	178	178	105	244	184	67	175	223	21	55	140	158	118	14	167	57	183	149	150	71	178	192	151	80	218	239	134	68	45	215	
90	97	114	232	42	19	248	80	173	96	214	131	45	143	181	112	238	189	95	237	192	131	164	220	146	249	170	184	55	134	35	217	
19	15	67	141	86	130	238	119	68	64	218	231	113	34	182	228	126	166	22	173	197	153	37	255	52	44	170	128	61	142	120	220	
186	212	101	80	13	223	197	239	221	126	180	58	74	92	156	181	153	146	223	32	249	111	125	223	59	90	85	214	87	28	214	126	
185	77	107	108	20	146	71	116	69	224	254	78	115	73	181	112	120	236	20	110	237	187	37	191	114	233	161	144	127	186	122	232	
210	131	93	236	10	66	29	105	4	8	241	178	81	87	168	113	94	149	141	226	121	7	109	221	240	225	234	221	49	162	164	49	
18	56	246	225	106	169	120	82	45	121	242	163	13	159	85	120	238	189	255	149	130	147	135	192	150	248	26	130	167	133	33	213	
183	253	113	206	223	7	159	252	131	168	185	106	112	125	61	32	221	211	87	99	251	35	120	191	57	12	173	190	93	59	146	179	
34	33	118	233	126	139	248	89	111	33	123	138	141	141	124	64	238	29	119	49	146	178	199	208	6	120	10	230	87	142	83	129	
43	49	114	193	124	25	248	81	109	105	253	163	136	28	254	100	238	25	223	53	150	179	101	208	86	89	2	230	215	142	115	215	
63	19	107	225	116	54	219	89	69	109	255	231	27	13	190	160	126	141	151	191	157	178	101	142	210	221	160	196	111	142	112	213	
23	112	151	166	139	37	190	216	134	250	153	70	92	254	105	107	255	89	59	227	201	67	154	224	145	8	207	174	173	123	33	147	
23	20	213	235	147	102	59	24	6	113	203	166	93	118	41	104	119	147	187	176	27	145	61	220	217	134	139	70	189	67	33	114	
18	129	86	141	30	131	232	105	143	177	211	2	236	202	52	64	122	173	127	161	16	248	67	221	156	186	219	192	53	10	113	136	
107	145	98	232	124	17	248	81	13	73	213	163	137	29	190	100	238	145	223	237	222	171	101	212	214	121	170	222	23	142	240	213	
58	77	98	236	20	146	238	119	197	0	254	2	43	171	52	64	104	174	23	232	200	187	52	221	242	253	130	0	55	136	112	136	
2	153	18	139	61	133	186	231	142	9	88	34	172	222	32	64	238	59	159	209	18	152	66	253	173	20	138	202	20	14	161	155	
82	65	198	140	92	130	232	105	175	128	210	2	236	202	48	66	122	173	127	193	74	203	195	221	148	176	203	136	53	32	33	8	
187	19	107	229	54	82	123	113	5	76	255	231	27	13	182	96	126	153	151	229	201	186	37	206	242	233	170	128	111	142	116	121	
130	24	59	216	116	229	185	87	158	93	80	87	188	158	52	105	231	59	19	17	163	45	50	209	69	26	26	202	144	0	37	255	
135	255	53	222	110	5	158	252	206	218	17	98	124	218	233	35	204	113	23	239	227	103	42	249	49	24	239	174	25	59	33	169	
6	140	2	129	212	163	170	194	22	33	90	2	8	42	48	64	121	11	19	145	50	184	1	255	28	6	154	196	149	75	49	128	
185	77	106	108	4	155	199	116	69	192	254	10	115	9	183	176	120	228	84	234	233	179	100	175	242	237	160	16	103	186	122	104	
50	205	102	252	117	134	236	103	205	0	250	2	42	168	52	64	232	171	31	193	72	187	16	253	179	252	154	1	21	136	240	136	
25	73	111	205	86	146	239	117	100	64	94	198	113	1	178	96	126	174	22	236	201	184	37	237	118	41	162	128	63	154	240	248	
10	217	50	168	61	133	190	229	143	9	216	163	172	222	48	64	238	59	159	193	194	43	64	253	176	209	170	250	20	14	177	219	
3	219	10	186	94	133	186	239	30	13	88	167	164	218	34	64	252	59	19	213	86	154	2	255	108	4	174	235	28	8	185	207	
64	40	186	188	109	221	176	66	238	72	66	1	172	156	34	96	192	59	234	1	6	185	146	233	149	119	26	11	64	8	45	142	
32	105	83	236	120	193	107	66	3	160	252	136	49	151	97	180	88	248	147	216	75	26	226	249	87	213	129	41	83	136	102	168	
128	208	53	91	36	201	161	142	254	31	114	48	244	81	172	109	131	16	106	8	99	228	43	119	5	186	114	70	80	24	197	173	
6	189	114	131	246	161	186	194	14	129	88	162	140	156	116	0	191	59	19	209	146	186	0	254	44	28	139	234	197	79	179	129	
130	216	54	219	109	205	184	7	175	89	112	49	172	158	116	73	231	59	183	145	194	124	18	241	7	24	90	203	84	12	229	219	
38	38	224	136	223	241	152	75	31	7	221	179	8	204	126	140	123	139	131	149	22	182	102	210	30	20	154	239	215	77	188	198	
38	57	178	130	247	165	186	67	10	137	89	43	12	222	84	0	222	59	147	149	146	58	192	242	61	20	142	234	197	71	179	147	
72	141	252	255	139	240	188	191	54	23	71	179	249	127	24	107	103	87	185	130	114	88	235	245	111	235	254	197	183	210	173	130	
76	148	126	217	134	98	177	191	116	23	111	50	208	187	40	75	121	22	171	176	48	249	51	68	75	171	246	69	145	65	165	34	
33	251	121	72	116	199	247	252	71	72	124	98	48	215	164	52	90	56	22	106	195	186	104	125	111	28	36	232	83	154	228	235	
2	72	212	157	108	138	184	6	31	57	242	18	172	10	20	73	238	173	127	129	2	220	193	213	4	58	218	130	21	8	113	137	
6	36	174	209	140	98	189	199	158	191	222	147	144	173	119	75	89	94	187	153	48	244	99	192	79	7	255	197	133	121	253	242	
0	221	27	191	178	193	46	167	62	1	72	197	180	231	40	64	242	59	3	193	83	152	19	127	109	36	62	72	24	0	165	186	
6	56	178	154	239	245	184	64	159	93	85	55	140	222	102	105	239	57	179	149	150	67	178	224	31	16	218	235	146	69	165	215	
6	59	160	159	229	105	182	75	30	43	89	163	172	188	97	8	159	59	179	1	18	24	202	241	5	22	154	171	148	111	21	211	
183	68	107	140	70	34	235	80	84	194	223	198	81	204	191	109	126	172	23	175	233	183	36	202	80	42	234	128	61	235	112	245	
29	118	21	206	14	5	159	248	196	186	152	66	124	210	233	171	253	89	54	239	193	103	42	241	49	138	239	190	25	123	33	161	
95	127	147	174	174	36	30	216	202	202	153	70	92	242	233	234	253	105	63	239	137	3	138	224	176	140	239	174	152	251	33	129	
15	236	228	243	213	189	254	150	126	247	30	7	169	41	87	139	171	106	211	157	182	248	159	224	110	79	223	97	207	221	217	206	
40	102	174	241	197	54	244	215	82	191	118	19	136	169	119	139	233	78	163	29	180	252	129	194	79	79	246	5	199	252	252	202	
191	20	106	225	116	50	251	82	85	108	255	183	27	13	183	32	126	140	151	191	189	182	37	142	118	205	160	196	111	237	116	241	
102	111	242	222	242	32	159	222	27	134	120	249	108	239	237	20	23	255	53	222	160	83	138	234	120	62	13	170	135	243	167	161	
23	23	111	197	102	50	233	113	100	66	95	230	89	52	188	109	126	12	23	175	161	176	37	204	68	46	234	132	47	226	113	245	
191	63	120	225	246	251	255	146	89	238	60	254	29	28	215	164	167	251	149	243	181	184	36	226	110	221	173	231	239	213	223	245	
2	56	242	217	101	172	248	2	173	89	82	162	172	158	117	72	238	185	191	145	130	152	194	224	135	56	218	138	132	133	49	219	
6	49	114	225	126	153	248	81	109	97	255	163	141	29	244	96	238	153	223	117	146	179	37	192	22	88	10	230	87	143	97	213	
172	14	236	31	237	120	180	99	208	158	117	59	96	237	55	11	137	42	227	7	116	118	194	74	71	43	112	9	83	252	95	195	
199	77	131	166	222	0	174	231	136	130	152	223	245	98	33	3	110	227	83	239	97	67	0	238	52	4	239	168	13	123	163	152	
242	223	230	150	214	2	222	167	57	134	250	247	104	108	21	17	255	247	53	165	248	239	9	238	56	46	206	144	77	112	242	88	
18	33	86	141	30	139	232	73	143	33	211	2	204	202	60	64	122	173	127	161	18	177	67	213	148	168	139	212	53	10	113	128	
56	0	106	108	86	19	202	88	69	64	255	2	91	137	181	96	126	172	23	169	136	183	37	158	82	237	160	148	119	175	112	160	
90	65	114	236	38	19	120	84	109	0	246	139	15	15	181	112	110	149	95	236	200	163	36	204	210	249	170	152	103	158	99	25	
43	181	97	73	245	151	170	111	79	73	88	78	40	28	188	164	220	11	146	189	215	58	116	223	46	28	140	238	95	14	218	189	
2	205	2	156	20	131	170	103	20	0	90	2	40	202	32	64	120	42	19	192	66	184	0	255	32	36	154	128	21	8	48	136	
0	141	2	138	84	131	170	103	4	1	88	2	32	200	48	64	120	42	2	193	2	186	0	255	32	4	138	72	21	10	48	136	
114	65	70	140	92	130	232	73	143	0	240	2	136	202	52	66	122	173	127	225	74	3	195	213	148	184	138	136	53	10	112	128	
2	77	2	156	20	130	170	103	52	0	90	2	40	130	32	64	104	43	19	128	66	152	0	255	32	38	154	128	20	8	176	136	
167	237	117	218	252	167	158	253	219	170	184	122	124	248	253	165	159	91	85	123	243	99	8	255	56	30	45	254	213	251	195	165	
82	1	91	136	94	139	232	73	141	32	211	74	4	138	48	64	106	141	127	225	88	163	131	213	148	160	138	220	53	10	113	128	
153	207	107	207	22	146	239	117	116	64	94	198	113	34	178	97	118	174	30	237	241	153	37	239	118	45	170	128	63	146	241	248	
57	73	98	108	20	154	199	116	229	64	246	10	123	9	183	117	120	224	22	234	237	171	36	173	242	237	160	16	119	190	112	108	
34	205	22	222	245	132	252	103	205	0	250	2	172	184	52	193	232	163	27	193	88	187	2	237	55	248	158	3	16	24	248	138	
47	173	66	11	247	187	162	195	95	97	121	6	136	24	190	164	249	10	146	29	151	184	92	247	46	28	142	103	223	78	217	132	
10	217	18	168	124	129	222	245	141	8	208	162	175	143	48	64	206	187	159	225	74	43	64	255	242	213	174	250	22	154	177	153	
78	203	236	255	11	64	90	184	167	21	135	129	233	239	24	66	70	117	253	194	74	73	203	181	207	243	207	221	54	162	5	10	
60	20	21	189	155	226	81	59	149	31	123	53	79	119	40	89	215	51	165	160	57	192	83	29	201	243	113	199	186	97	164	147	
6	120	178	216	207	245	152	202	143	93	212	39	44	222	103	42	236	59	179	209	134	67	178	241	19	16	218	187	146	93	37	223	
47	165	96	129	245	155	170	231	79	105	121	98	136	216	252	164	251	10	146	61	215	184	12	221	46	28	143	230	223	14	217	133	
162	251	10	154	94	133	190	229	30	12	88	135	164	204	54	0	220	59	19	197	70	58	90	255	52	4	142	235	29	26	189	218	
14	139	166	179	213	175	246	198	23	189	82	7	33	41	83	11	233	111	163	85	22	248	25	172	47	215	223	67	165	93	220	202	
2	205	9	187	94	193	191	231	30	69	88	167	180	134	32	64	236	43	19	197	66	26	10	255	100	4	190	234	20	26	181	218	
55	1	235	205	198	50	239	89	84	194	223	134	81	109	191	108	126	140	23	175	137	179	53	138	82	47	170	132	165	235	112	240	
185	77	98	236	12	19	78	116	193	194	244	10	35	137	183	55	104	228	95	239	232	163	36	168	242	233	165	184	119	191	114	76	
29	205	21	236	172	19	206	239	206	178	152	74	93	226	185	166	159	67	126	111	193	35	11	159	184	207	239	60	92	250	169	169	
0	205	2	138	20	131	162	231	4	0	88	2	32	200	32	64	72	42	2	192	66	170	0	253	32	4	138	72	21	10	176	136	
33	233	112	76	93	149	163	239	94	8	120	74	56	152	52	180	216	168	2	76	195	58	114	223	55	28	0	42	89	8	98	142	
0	205	2	140	20	131	170	231	4	1	90	2	32	138	32	64	104	42	2	192	66	152	0	255	32	36	138	64	20	10	176	136	
18	11	146	252	51	208	176	71	174	13	90	163	172	158	36	192	230	59	175	1	2	153	2	205	144	244	58	203	16	2	37	175	
77	205	202	172	236	32	78	255	154	130	152	207	253	227	249	80	83	231	50	239	96	3	142	251	240	54	239	60	188	250	185	8	
88	143	142	173	156	2	141	111	156	246	146	199	247	34	35	67	107	69	108	165	105	203	7	140	248	227	239	20	28	120	41	216	
0	40	210	157	100	169	232	70	47	1	242	2	172	138	17	72	234	45	34	145	2	186	195	193	20	48	154	0	4	8	33	136	
175	191	114	192	247	212	158	243	201	206	188	175	12	254	247	36	167	179	215	179	245	43	52	254	123	93	47	251	207	228	47	247	
138	62	135	181	37	110	188	39	184	251	18	85	188	63	16	139	133	119	249	5	33	220	147	194	133	115	126	130	136	100	143	251	
114	65	75	136	92	3	104	105	141	0	241	2	0	138	36	80	106	141	127	224	72	3	195	213	148	168	138	252	53	10	114	128	
134	113	178	144	207	212	188	69	139	220	149	47	12	222	103	15	236	185	147	209	214	67	178	192	59	80	207	239	135	60	183	215	
32	205	2	138	84	135	162	230	4	0	120	2	32	200	48	0	88	42	19	81	66	186	24	253	33	4	138	72	85	10	176	136	
149	111	7	181	206	0	110	255	128	242	88	198	245	227	241	167	111	106	51	238	97	210	142	232	188	128	239	168	44	250	177	168	
179	167	53	84	190	7	156	111	26	170	184	90	112	120	148	161	157	213	93	41	249	239	65	222	57	30	109	246	85	104	82	41	
227	143	135	180	254	2	174	119	168	226	154	207	117	110	145	3	111	231	91	173	225	207	132	207	60	34	239	136	45	240	51	184	
2	216	20	155	100	137	184	7	175	25	115	50	172	158	20	73	231	59	191	17	82	252	66	241	4	26	218	194	84	8	129	137	
63	29	96	225	182	59	254	243	29	98	62	183	27	63	182	33	126	155	151	239	188	184	37	238	242	221	170	198	231	205	240	245	
250	65	98	232	54	3	94	125	45	0	249	138	11	15	60	80	126	133	95	227	200	167	68	206	178	249	138	156	55	138	242	1	
194	49	176	128	235	117	184	79	139	253	149	63	12	190	103	46	175	19	247	145	150	67	186	192	27	80	95	191	147	116	167	223	
42	38	134	189	229	239	180	71	159	159	80	181	172	237	35	11	141	43	135	5	52	244	66	138	6	87	125	163	208	124	156	219	
0	205	2	140	20	131	174	231	4	0	90	2	32	162	32	64	72	42	2	192	66	168	0	255	32	36	138	0	20	24	176	136	
251	72	98	236	76	19	78	116	193	192	246	138	99	141	181	53	124	228	23	238	204	167	36	168	242	233	197	152	119	191	114	92	
163	163	120	72	124	157	176	107	90	105	112	104	32	152	246	48	216	137	2	12	199	58	98	95	60	28	33	111	81	8	203	173	
27	155	70	141	50	146	42	117	164	73	210	231	105	162	160	196	126	167	175	196	149	153	5	237	176	36	170	192	47	134	169	29	
128	221	9	187	92	133	174	237	30	9	80	199	180	199	40	64	220	59	19	193	99	154	90	255	101	5	190	232	28	26	177	185	
153	205	111	237	22	18	111	117	101	64	254	6	123	11	182	229	126	228	21	238	233	185	37	239	242	233	166	128	127	182	240	104	
249	73	98	108	68	26	198	116	229	0	244	10	43	73	181	113	106	224	78	235	236	175	36	189	178	233	194	24	119	186	114	140	
2	201	22	222	117	132	252	103	141	0	218	2	172	218	36	192	234	51	59	193	66	139	2	253	49	56	154	11	21	26	241	138	
98	57	160	158	207	213	148	65	139	220	149	43	44	156	103	43	204	187	179	193	214	107	242	240	23	16	222	187	23	76	183	223	
186	201	80	232	124	131	222	245	13	0	244	138	47	15	180	69	110	177	31	233	106	43	64	253	242	217	174	218	55	136	240	137	
60	1	106	236	68	35	207	72	84	130	229	2	83	201	49	104	120	168	19	234	8	179	20	138	83	239	129	29	119	251	116	162	
22	185	134	179	23	143	242	160	143	181	82	7	110	120	35	194	161	227	175	81	94	248	27	253	141	194	207	67	173	46	93	74	
39	175	82	67	215	185	178	195	95	65	124	98	40	168	247	164	123	42	130	145	151	186	4	254	46	28	6	99	223	79	251	141	
10	233	126	163	31	137	176	64	238	132	154	3	237	217	123	2	34	41	251	209	6	41	158	221	14	77	11	123	111	38	25	138	
92	235	97	238	25	192	90	184	167	44	141	0	233	223	72	82	64	245	253	194	74	1	203	245	219	225	171	189	50	130	7	34	
53	9	235	206	68	102	239	64	212	192	197	2	81	252	53	108	120	232	50	239	137	179	36	138	81	44	195	8	181	251	112	228	
105	132	192	156	93	2	201	235	91	134	76	142	109	227	58	212	91	236	34	172	96	74	158	223	124	62	223	60	158	236	113	136	
90	157	183	181	179	202	53	39	188	207	94	161	172	63	130	66	163	55	237	17	112	217	35	206	239	119	126	195	134	116	165	107	
32	249	106	73	86	203	235	244	68	68	116	143	49	13	190	20	62	152	3	108	194	186	52	125	119	12	32	96	127	154	198	248	
2	163	199	77	91	208	232	72	235	144	112	194	233	202	117	162	190	57	179	192	6	192	134	217	14	248	139	175	117	166	107	140	
98	189	38	130	75	212	188	99	137	220	157	47	8	158	102	7	236	177	211	131	212	75	178	196	27	24	206	251	7	6	183	215	
73	28	151	213	165	62	45	55	253	250	78	84	188	50	1	239	165	119	248	8	161	220	51	200	197	251	94	2	138	116	137	57	
144	65	75	137	76	11	232	69	44	32	243	82	148	138	32	64	106	141	127	226	65	183	193	80	148	32	170	132	29	10	241	160	
194	49	176	144	235	213	184	71	139	253	149	63	12	158	78	43	174	59	247	145	150	91	178	192	31	16	223	187	131	68	167	223	
228	104	70	156	76	129	194	200	135	176	176	10	32	200	97	17	72	232	106	66	66	103	138	185	16	0	193	56	85	59	82	136	
94	223	156	158	169	86	29	191	57	127	215	253	204	55	10	223	197	215	173	98	124	203	107	229	243	243	254	215	154	116	175	83	
2	73	88	155	102	169	184	70	47	17	90	2	172	138	124	72	238	139	55	193	2	184	67	241	20	56	154	130	20	24	177	137	
2	192	84	155	238	137	188	199	47	17	82	130	140	206	88	72	239	27	63	17	82	52	67	241	4	16	218	226	84	8	129	129	
57	107	41	174	86	205	75	96	5	68	81	139	63	204	51	16	190	169	23	103	78	50	56	189	241	197	41	184	117	31	23	248	
9	121	167	181	164	14	237	55	52	234	82	70	189	49	145	39	12	110	61	141	201	248	245	136	229	174	254	128	46	240	179	249	
30	223	182	146	179	247	151	198	60	223	222	101	174	56	35	137	205	107	135	21	180	251	48	236	184	23	126	195	200	93	189	95	
