菁纯柔润唇膏（丝缎柔润版）套装	#114 甜点	http://www.lancome.com.cn/on/demandware.static/-/Sites-lancome-master-catalog/default/dwb88afa98/images/LAN_PRO_IMG/Product Set/LAN00284/L9598900U.png	http://www.lancome.com.cn/dw/image/v2/AARM_PRD/on/demandware.static/-/Sites-lancome-master-catalog/default/dwe972eb7a/images/LAN_PRO_IMG/Product Set/LAN00284/L9598900U.jpg?sw=490&sh=490&sm=fit
37	244	145	77	73	126	198	153	107	123	105	88	210	114	92	182	209	76	80	42	193	116	249	17	39	188	5	52	90	114	194	180	
54	128	60	219	14	99	146	168	206	51	153	19	208	120	60	107	217	81	123	115	150	229	95	245	137	46	235	85	213	43	125	130	
13	15	207	229	144	54	107	51	52	197	206	198	249	102	147	224	118	239	31	188	189	152	37	172	236	239	175	128	175	231	49	120	
188	119	209	170	211	39	95	220	19	70	253	191	89	231	235	84	127	217	133	254	106	7	136	186	250	197	165	172	179	247	166	243	
180	247	253	95	210	99	167	252	82	190	125	242	81	119	173	173	127	90	134	234	241	246	45	126	111	142	103	164	245	243	230	225	
33	219	85	69	60	14	135	189	68	160	234	228	243	32	132	38	94	116	98	106	201	248	117	44	44	174	101	16	77	186	226	169	
182	89	238	116	205	98	188	192	152	150	241	147	73	252	119	11	237	253	179	199	228	119	154	128	83	123	207	143	197	125	119	214	
149	221	255	91	182	115	231	252	94	218	95	114	112	124	189	109	123	90	22	107	225	244	47	127	105	14	103	196	253	251	249	181	
71	221	133	159	207	54	174	189	158	251	67	87	252	250	121	239	181	71	59	63	247	193	155	255	44	110	223	204	156	119	177	148	
188	223	115	106	247	251	247	252	245	10	125	114	91	85	173	164	59	82	134	106	243	165	44	191	51	207	37	71	119	251	228	181	
131	198	4	154	95	150	168	253	159	83	85	215	108	99	190	197	103	3	147	239	247	77	30	255	42	122	218	206	31	133	185	212	
124	77	118	253	141	210	126	124	213	142	222	3	73	251	35	194	248	244	239	226	108	179	3	206	243	239	231	131	55	255	252	2	
252	75	90	100	96	138	87	112	169	136	122	104	62	179	33	18	162	228	68	106	64	171	128	108	242	169	37	41	96	179	102	35	
203	208	189	247	111	108	189	191	159	123	211	247	220	189	92	107	239	87	255	129	245	124	251	209	95	123	255	198	221	76	181	251	
38	77	130	158	212	131	174	193	22	130	89	2	96	202	33	64	120	104	2	194	96	183	10	254	48	38	143	136	149	123	240	128	
16	93	150	175	45	194	246	228	181	140	250	35	111	254	37	198	248	245	174	227	76	187	3	238	179	246	198	3	53	62	124	31	
11	8	171	157	116	166	235	146	30	67	94	70	181	169	179	236	89	110	51	13	129	152	117	249	4	47	186	128	156	229	121	248	
2	157	174	185	177	228	184	199	190	79	74	183	172	230	34	72	231	59	187	149	22	216	18	247	205	54	158	195	148	68	165	219	
40	204	123	115	87	253	177	230	84	130	110	18	59	249	36	164	57	58	130	8	96	188	48	191	111	207	22	65	83	88	97	170	
2	25	172	143	205	100	188	143	142	93	90	131	228	236	63	202	204	119	251	193	22	41	219	241	13	54	222	139	148	127	157	222	
9	25	187	221	246	246	187	210	94	65	94	66	188	188	183	232	243	111	50	9	133	184	52	249	69	47	154	0	157	105	113	237	
26	123	194	173	82	160	186	214	42	129	216	227	45	143	209	64	38	251	135	213	134	26	134	99	244	229	170	169	173	147	39	153	
143	94	231	151	194	114	61	119	49	194	95	247	93	38	147	175	39	255	183	167	181	220	45	234	44	98	254	129	175	245	173	245	
56	204	100	237	29	111	71	190	85	38	236	3	115	41	54	228	88	202	147	106	232	186	117	191	227	239	133	20	119	254	212	106	
114	185	127	90	170	201	215	167	175	28	188	40	59	255	68	82	166	247	109	66	90	107	186	113	251	252	7	123	81	2	231	59	
255	73	230	212	199	86	126	113	249	246	183	31	72	235	255	159	238	229	243	238	228	211	190	200	50	123	197	135	15	253	252	70	
3	25	203	152	230	212	184	198	143	193	90	231	188	190	247	104	226	107	51	85	151	152	182	224	28	60	142	138	157	31	57	223	
10	176	51	219	239	221	177	215	143	121	244	62	172	222	108	172	175	27	255	17	19	123	250	209	31	209	30	255	90	12	133	255	
67	121	130	142	127	148	186	86	139	200	88	207	44	222	119	68	230	235	183	85	199	11	146	226	62	124	142	170	140	30	59	223	
14	184	171	176	233	253	185	71	175	221	181	189	140	223	70	30	175	59	255	149	19	75	242	209	95	81	159	235	194	4	135	243	
2	25	158	191	139	102	52	142	14	95	90	39	236	126	35	74	231	115	187	129	20	136	27	225	193	54	94	131	144	115	37	91	
253	96	142	174	77	66	89	72	160	210	131	9	81	219	83	91	200	197	123	247	44	71	218	8	212	43	207	61	136	51	50	2	
74	56	171	185	233	236	185	67	171	221	84	189	172	191	83	31	207	59	255	149	146	79	242	224	207	81	222	235	134	69	183	251	
246	76	114	214	79	213	222	96	217	198	225	27	104	250	55	191	248	241	162	226	236	103	182	234	51	26	207	11	69	125	124	6	
139	133	39	154	213	148	110	253	93	81	69	22	104	108	62	229	121	10	19	239	247	156	62	247	46	58	202	68	31	140	248	220	
49	74	77	239	44	0	79	188	84	2	208	230	243	97	185	97	88	224	46	238	201	162	79	61	224	171	226	24	61	187	112	40	
253	168	212	112	41	63	80	146	227	178	164	24	15	27	65	191	129	212	236	112	60	111	210	144	219	219	65	127	226	37	74	2	
8	252	159	247	234	78	53	247	184	219	160	105	180	247	64	27	167	127	123	2	112	203	154	105	253	167	127	32	128	112	135	187	
35	189	235	85	244	191	173	71	220	99	120	198	176	172	52	32	207	43	19	13	211	184	116	201	37	28	142	34	205	120	211	252	
142	160	135	65	201	47	105	88	167	55	227	85	76	195	72	158	45	132	123	158	18	85	155	80	29	216	81	100	227	197	34	160	
42	175	34	136	213	135	75	109	181	4	202	133	107	199	48	148	88	174	67	236	90	155	0	223	251	52	128	73	2	134	182	232	
75	150	157	253	252	38	124	158	31	251	86	118	253	243	249	235	247	79	62	156	163	212	139	195	206	255	255	132	158	248	41	41	
42	162	160	19	197	221	241	7	251	93	53	25	170	204	94	188	137	170	198	17	158	104	250	245	15	93	148	107	195	12	222	222	
162	181	251	93	119	210	177	119	89	69	116	182	56	189	182	37	106	62	147	8	183	250	180	203	119	45	54	163	111	128	231	255	
9	170	234	193	87	146	251	80	70	229	71	135	25	143	242	228	126	172	147	157	134	188	180	198	94	77	139	69	175	143	121	208	
161	168	149	88	204	173	224	207	218	51	0	88	180	184	64	59	129	11	106	17	55	126	218	113	13	18	81	122	216	72	211	140	
1	11	73	195	70	168	169	16	238	0	27	226	177	2	213	96	106	51	62	201	131	56	79	117	132	132	170	192	12	10	81	184	
18	155	203	185	242	162	185	215	190	65	90	247	189	199	176	64	103	59	183	149	147	216	7	247	236	38	190	192	172	132	161	217	
32	131	85	77	146	63	162	15	78	33	106	192	227	32	132	100	22	30	34	24	145	184	117	29	44	190	1	80	209	202	193	172	
129	148	157	191	180	38	173	175	94	3	82	86	252	114	40	65	215	95	34	129	51	220	83	255	172	54	222	2	156	88	177	8	
61	159	194	235	148	191	234	250	71	173	223	198	99	233	187	68	121	234	30	252	158	185	77	191	190	205	175	244	191	203	88	132	
153	196	68	237	52	6	79	60	84	66	231	214	83	99	184	101	94	196	52	238	233	180	93	15	224	170	226	4	63	250	240	32	
25	141	79	188	148	162	111	247	84	195	222	214	113	227	176	224	121	238	62	141	185	155	5	239	248	175	191	128	189	232	248	24	
7	166	131	129	212	39	170	202	94	121	153	82	84	124	121	168	249	11	18	191	183	82	125	210	29	6	155	244	156	105	49	228	
167	48	36	137	205	53	204	89	71	127	85	95	128	136	95	143	77	136	243	15	175	54	219	144	7	24	217	188	95	221	218	213	
19	71	229	169	158	35	174	207	94	130	216	195	165	104	49	64	123	171	27	165	142	178	71	217	180	4	143	36	181	248	177	140	
35	132	74	155	85	183	234	119	21	69	205	151	32	46	54	228	93	170	147	156	191	154	117	255	15	63	154	67	159	141	248	212	
93	72	191	127	164	78	77	181	116	130	198	16	243	115	145	123	113	228	124	106	105	244	57	46	225	239	117	16	34	240	240	40	
19	46	229	173	150	35	174	71	79	227	216	195	173	44	53	34	239	235	19	133	132	184	69	200	164	86	158	178	181	254	177	204	
28	124	31	115	170	239	55	247	182	186	10	124	247	119	65	27	39	127	93	58	115	212	27	40	237	195	117	32	170	241	135	187	
29	135	110	235	186	163	203	248	4	64	223	194	219	103	186	96	94	187	31	253	154	137	109	159	234	237	171	212	53	131	168	224	
59	186	234	165	54	144	184	80	43	77	214	167	169	140	214	0	238	173	245	149	142	187	196	195	194	117	170	195	109	142	123	223	
94	112	179	246	129	100	127	144	51	254	135	16	93	183	73	126	39	213	253	202	73	69	187	226	211	211	223	164	162	243	165	114	
73	160	176	88	233	252	112	79	251	29	37	16	174	210	78	254	129	10	224	28	22	72	186	241	15	217	22	111	210	68	235	198	
249	65	107	109	20	18	103	120	101	192	247	66	115	65	181	113	120	228	46	234	201	183	37	13	242	235	225	0	127	171	112	32	
106	176	160	19	233	124	113	19	99	127	167	29	138	188	94	190	205	158	253	20	159	122	250	129	15	121	80	115	202	196	222	215	
198	232	164	147	14	0	188	164	174	83	146	146	172	46	81	75	111	215	127	211	226	93	139	227	156	48	222	196	5	53	49	8	
135	79	15	153	174	2	172	168	156	18	194	242	213	35	177	233	103	69	59	239	241	156	5	126	228	34	250	196	60	177	177	32	
164	132	105	170	252	99	161	74	86	49	185	251	83	77	88	8	127	155	23	49	50	38	75	23	92	142	187	252	213	203	85	144	
124	121	122	98	53	221	87	216	97	172	189	8	63	217	75	48	184	248	213	122	74	35	248	189	243	221	37	61	115	187	78	43	
217	83	119	238	42	10	93	53	161	94	183	230	127	87	139	247	102	245	253	234	233	197	165	237	242	251	102	146	47	180	161	121	
35	73	38	140	29	133	154	230	204	68	200	7	160	168	55	64	200	99	27	197	132	171	22	237	48	60	138	25	93	31	121	94	
54	253	234	190	218	195	191	205	158	134	88	163	117	254	43	0	255	251	131	211	66	155	10	127	249	135	175	169	149	123	165	211	
151	22	206	135	242	42	109	157	61	227	119	247	89	35	155	93	119	206	55	188	177	212	13	78	94	46	255	196	175	245	248	145	
221	4	203	167	246	58	110	240	117	227	83	214	95	44	187	232	119	204	62	191	189	212	13	206	254	111	175	132	173	247	249	81	
149	68	227	79	150	50	239	112	116	194	247	82	91	96	181	100	126	228	62	174	169	182	109	206	176	238	163	128	239	251	112	100	
35	237	194	15	205	31	230	237	93	226	248	78	106	232	183	244	248	238	182	239	205	178	221	254	54	62	135	10	95	254	250	156	
153	119	11	173	114	2	47	112	44	202	89	228	221	70	131	113	118	37	94	239	225	146	37	14	228	197	43	128	12	179	35	241	
31	93	121	231	114	78	127	248	61	228	127	166	255	119	139	112	54	221	95	238	193	144	61	238	247	237	39	132	45	243	35	113	
212	202	62	240	138	201	85	115	182	62	167	185	87	151	64	17	39	177	109	2	120	109	43	52	219	195	117	125	96	128	133	99	
248	182	158	112	169	171	80	199	179	191	164	57	207	243	74	27	137	150	237	48	58	103	194	2	219	211	117	127	224	72	206	11	
124	249	186	110	185	220	87	252	163	140	188	8	63	223	74	16	190	255	205	74	90	43	152	33	251	253	37	125	98	179	238	35	
214	114	139	230	10	64	60	64	168	162	131	227	197	199	105	74	54	213	233	226	64	69	154	64	144	160	207	156	36	50	37	18	
20	221	27	239	150	199	39	252	52	0	75	66	247	247	41	64	242	123	31	106	121	161	57	63	233	167	39	64	48	123	165	35	
69	224	184	105	169	109	85	152	111	63	165	24	150	51	75	59	129	8	76	26	94	4	251	16	199	217	85	60	208	113	198	98	
177	77	101	205	92	35	239	250	85	34	254	66	115	33	181	117	120	204	22	234	233	182	101	191	118	170	226	132	119	249	112	168	
176	197	105	237	68	3	111	252	87	34	252	10	83	1	184	113	120	140	23	234	233	182	97	31	118	141	161	180	117	184	112	168	
54	253	250	252	222	195	191	237	158	196	248	163	113	254	111	0	251	251	19	211	84	179	58	254	121	7	175	171	213	122	165	210	
5	32	133	49	192	111	104	11	54	123	227	81	209	38	88	57	153	143	120	156	27	220	203	64	141	154	251	196	136	64	194	160	
45	100	243	106	246	185	239	216	95	195	125	202	159	233	253	160	63	233	23	31	131	178	172	218	118	93	39	172	255	255	115	161	
68	48	217	101	40	46	115	26	40	169	187	104	215	35	201	18	23	84	109	40	0	48	201	2	198	254	113	148	192	227	67	33	
95	101	122	231	50	94	127	248	61	228	254	138	95	119	131	112	54	253	223	238	200	147	189	206	247	253	47	133	103	179	47	97	
159	12	231	213	134	50	239	50	84	194	211	214	217	110	181	237	127	237	62	239	233	246	101	234	164	234	239	128	173	241	113	245	
168	37	106	97	244	11	231	119	113	160	247	26	19	9	144	49	122	172	87	57	248	186	101	14	254	205	164	64	101	136	210	160	
248	45	248	229	244	58	121	19	121	1	127	18	27	11	148	120	106	174	6	152	184	186	229	206	198	253	178	192	229	137	194	129	
236	52	157	127	233	109	87	184	49	126	173	24	246	119	9	59	145	214	108	42	121	70	251	35	231	255	113	58	194	115	198	99	
3	188	174	152	237	245	184	199	158	95	88	23	172	254	114	104	205	43	179	149	150	90	50	241	15	54	222	203	144	76	189	222	
88	155	115	224	58	194	27	248	165	164	174	170	29	151	224	112	54	149	157	240	90	11	41	222	251	197	47	207	54	130	37	59	
148	105	94	93	10	130	190	98	172	128	226	129	152	195	37	23	46	117	106	194	96	201	131	108	96	170	67	8	65	177	35	128	
125	165	155	70	213	124	103	233	115	159	175	24	82	241	77	54	185	222	96	58	123	243	187	34	251	255	69	69	195	251	214	162	
216	194	156	116	10	105	85	182	182	63	167	185	87	183	74	27	39	149	237	0	104	71	170	17	209	195	113	61	112	240	134	107	
252	62	156	252	170	232	81	27	178	158	165	57	55	243	67	91	131	242	237	18	58	111	194	42	219	227	116	121	240	233	198	35	
202	158	180	155	162	106	188	135	158	223	90	241	204	62	130	203	135	87	191	17	176	220	75	226	141	50	126	195	132	93	141	91	
19	140	235	223	212	179	239	247	86	67	94	210	121	236	180	96	127	171	23	153	179	185	44	255	126	46	190	192	245	202	241	232	
94	82	143	183	2	66	41	4	164	214	199	135	221	199	105	74	118	85	185	247	65	213	187	64	192	163	235	132	172	115	37	112	
29	151	107	235	182	163	203	250	4	65	223	230	219	111	185	96	126	187	31	253	153	153	109	190	232	205	175	196	189	203	161	241	
205	81	151	103	32	14	102	184	125	234	119	100	223	115	137	246	54	84	124	106	201	212	153	74	164	254	37	132	10	179	65	33	
37	40	9	189	108	132	66	88	198	72	89	68	181	192	177	224	80	40	50	95	199	52	222	61	132	160	170	56	28	139	16	128	
203	210	237	211	173	249	189	63	239	127	183	183	204	156	222	107	175	23	255	133	247	109	255	209	79	123	255	223	86	76	213	87	
3	125	43	174	116	132	170	87	168	192	88	71	181	202	119	64	254	43	19	221	199	155	144	234	188	44	174	168	28	22	57	217	
82	95	22	191	61	198	246	228	189	204	218	39	111	254	39	198	252	255	175	195	77	177	11	239	177	246	206	131	61	63	124	95	
117	164	45	168	28	61	194	216	71	83	153	95	211	72	94	139	217	128	93	63	191	103	95	151	155	94	129	124	221	143	120	84	
90	95	246	237	61	210	254	246	181	140	222	35	105	255	51	192	248	244	191	227	76	185	131	238	243	239	238	131	55	191	124	27	
216	22	156	188	42	41	80	154	178	63	134	189	175	163	75	91	167	215	237	0	46	79	130	51	210	227	120	185	184	65	15	27	
57	13	102	237	149	118	79	50	197	196	206	2	235	41	55	231	72	230	185	108	184	184	117	172	235	255	198	1	163	237	120	110	
124	190	158	184	171	168	84	71	179	159	161	61	15	227	66	219	135	183	237	16	62	79	194	0	218	243	117	123	234	96	142	19	
21	151	78	171	156	143	75	248	199	236	159	103	115	104	186	65	124	230	94	254	253	161	109	189	186	200	167	212	61	171	80	85	
41	196	36	251	141	223	197	191	86	115	196	2	251	61	50	237	89	58	186	8	217	248	123	189	75	207	213	113	211	14	220	232	
25	141	71	253	148	178	111	247	244	67	222	70	113	227	176	228	121	238	62	141	185	155	37	239	248	239	174	192	191	232	240	40	
196	6	189	245	168	108	61	131	190	159	22	48	205	51	65	75	163	87	109	128	32	69	43	194	197	243	126	133	128	112	133	35	
38	77	130	158	212	131	174	101	22	130	89	2	104	234	49	64	120	106	19	195	112	183	10	254	48	38	143	136	21	122	240	128	
133	74	142	53	0	130	108	34	52	162	227	209	209	35	1	9	56	101	106	238	96	213	1	78	4	162	97	0	97	177	41	0	
94	109	122	229	115	94	127	112	61	172	254	131	95	127	19	240	62	253	223	234	200	147	189	206	247	237	47	129	39	183	47	35	
108	212	189	127	249	111	85	190	123	255	165	56	210	117	13	63	145	86	236	56	57	102	251	18	255	255	117	126	194	120	198	115	
29	135	103	235	180	35	75	248	5	96	223	230	219	111	186	96	126	150	29	255	153	145	45	157	232	237	171	212	63	143	48	113	
25	165	146	107	147	191	170	75	70	33	235	74	195	200	124	224	57	159	10	49	30	185	157	31	189	228	1	116	241	74	201	4	
68	176	185	57	232	105	81	139	234	63	32	57	150	147	75	90	129	25	104	16	18	68	194	16	205	145	117	63	208	80	71	99	
61	102	234	234	246	191	238	216	94	193	125	78	95	201	189	160	127	233	23	191	131	179	188	158	242	205	47	164	255	251	123	161	
27	223	71	191	146	130	47	247	62	65	90	247	253	231	176	192	119	63	63	157	243	152	6	255	188	46	190	192	173	132	161	185	
16	244	127	119	118	194	181	119	92	194	114	226	53	29	164	33	63	59	23	129	240	252	37	108	100	14	118	128	101	200	101	251	
11	176	55	219	235	221	185	215	143	121	116	126	188	222	100	172	239	59	255	17	151	123	250	209	207	81	62	239	218	12	141	255	
31	93	123	231	114	78	127	240	61	228	126	162	221	127	147	112	54	253	87	238	193	144	61	238	247	237	47	132	39	179	39	241	
109	176	176	82	233	124	113	159	235	127	181	61	138	181	79	254	193	6	236	16	159	99	250	144	207	217	117	255	202	212	206	87	
2	153	135	153	177	228	56	135	190	89	74	209	188	215	32	72	205	59	187	149	18	218	82	247	141	54	158	202	152	68	165	251	
221	135	102	239	184	19	95	185	133	68	159	198	219	71	186	231	126	215	221	238	248	137	109	157	250	249	171	212	54	175	168	97	
23	177	137	129	148	111	171	218	86	249	155	86	144	48	80	44	121	10	26	189	155	24	125	150	141	6	171	244	153	107	17	228	
25	204	7	253	36	46	77	182	84	42	90	66	215	49	177	109	81	100	60	44	105	184	81	156	228	254	255	196	62	248	112	32	
10	184	51	144	233	253	185	215	175	93	181	189	140	223	102	30	239	59	223	149	19	107	186	241	95	81	31	235	218	12	167	247	
2	188	173	185	253	229	184	199	158	95	88	21	172	190	114	72	205	43	187	149	150	72	114	241	205	22	158	235	144	76	181	223	
17	220	127	245	38	239	165	55	28	234	90	98	245	61	177	105	231	62	55	41	225	184	1	156	229	143	254	128	124	120	81	187	
27	141	107	219	148	131	235	247	86	65	94	210	121	236	180	96	127	171	23	153	179	185	45	255	122	47	190	192	181	202	241	232	
179	55	66	142	211	242	190	103	57	66	253	247	40	46	54	148	254	171	147	165	253	154	4	207	50	125	138	139	47	198	250	221	
111	178	224	82	237	253	209	219	163	125	181	61	154	220	222	190	205	154	221	21	159	114	250	145	95	89	48	255	203	205	222	215	
36	32	130	72	137	53	234	200	182	163	225	88	0	194	108	156	217	204	106	156	26	87	154	82	27	220	147	125	193	99	98	164	
229	17	24	71	228	30	102	184	120	234	51	76	211	112	221	248	148	76	116	110	213	180	217	26	14	187	97	116	72	179	74	149	
44	183	40	169	244	189	249	26	70	125	92	175	145	44	250	0	205	10	7	53	158	58	96	21	78	5	161	237	213	74	84	211	
172	13	122	235	244	170	123	146	121	1	127	18	155	43	157	120	110	175	23	216	186	152	101	230	198	249	178	192	228	139	226	161	
36	254	253	93	202	99	173	255	82	178	124	246	81	103	133	47	127	94	38	168	249	250	103	79	45	142	247	228	229	248	230	241	
184	45	104	97	244	10	107	115	113	33	247	26	19	11	144	17	122	174	70	152	184	186	65	14	246	237	178	64	229	137	194	160	
177	76	101	205	4	35	239	250	84	98	246	82	211	33	181	109	120	204	54	234	233	182	101	190	52	238	226	132	119	249	112	168	
188	247	221	92	210	119	79	254	18	178	124	246	89	103	233	189	127	218	151	234	121	214	57	126	123	143	229	172	243	241	230	241	
179	245	106	174	114	132	186	119	24	76	88	223	44	206	54	16	254	171	23	165	231	159	144	207	50	109	174	170	13	14	187	219	
124	253	26	110	177	221	86	252	35	140	188	9	63	219	66	16	186	255	205	98	74	11	216	45	251	237	37	61	98	178	238	11	
185	64	107	108	4	18	99	120	101	64	246	66	83	17	181	113	120	164	46	234	201	183	37	140	242	235	162	0	127	170	112	32	
157	223	252	93	174	115	183	254	94	250	94	114	89	124	253	175	127	90	182	122	241	244	47	126	106	143	103	132	255	249	249	165	
189	213	126	122	247	123	246	252	85	66	127	242	91	125	191	173	63	82	134	106	245	181	60	191	122	207	101	5	255	251	232	183	
35	167	234	142	253	159	246	237	95	232	252	79	98	232	62	160	216	238	178	111	220	186	222	255	62	95	135	43	93	126	250	140	
189	76	227	77	148	50	207	59	84	194	251	82	83	96	181	100	122	204	62	170	169	183	101	142	176	238	166	128	247	251	112	100	
219	211	118	238	42	18	93	61	165	94	183	254	107	103	138	247	102	213	253	234	232	199	109	205	242	251	230	144	38	180	168	121	
141	221	166	159	229	54	239	190	218	222	95	54	216	120	191	239	81	70	53	111	245	244	63	239	110	127	255	132	142	255	248	101	
28	249	159	247	170	78	55	190	166	222	142	32	255	247	64	115	39	119	125	66	97	201	187	40	233	195	119	144	168	243	135	123	
144	209	29	191	28	79	69	189	148	16	128	20	247	89	40	67	192	18	89	105	107	237	83	63	225	161	238	16	24	24	145	58	
117	96	231	108	68	66	70	120	113	194	243	74	115	105	181	51	120	228	108	106	201	183	149	8	242	234	225	20	111	186	114	0	
176	68	109	197	92	11	109	126	85	162	246	90	83	33	144	53	120	140	87	232	233	182	101	158	118	138	225	180	119	248	112	168	
36	83	115	78	98	109	167	200	200	0	121	234	118	220	173	57	190	209	70	98	193	39	56	125	53	40	96	58	81	27	199	177	
151	150	198	209	226	42	237	223	63	243	119	247	89	99	159	93	119	206	55	188	177	212	13	194	92	46	255	196	175	244	249	145	
90	137	82	228	91	130	91	96	37	128	198	138	61	135	32	84	118	181	159	248	72	27	0	206	250	196	139	201	55	130	40	42	
61	107	108	41	172	23	205	158	66	254	180	207	19	9	211	10	73	204	117	253	204	102	231	16	234	201	229	188	255	189	122	192	
11	166	213	255	254	54	121	158	127	243	118	82	253	227	221	239	247	79	62	156	183	216	235	250	206	255	255	132	158	248	233	41	
44	117	185	82	253	109	215	157	219	187	189	24	214	253	77	62	153	122	115	122	59	98	250	50	111	223	5	126	210	123	198	163	
1	180	157	113	180	170	97	31	126	43	74	112	215	51	136	120	19	6	124	24	179	216	65	23	236	175	63	68	132	192	211	33	
157	12	229	237	132	50	239	122	84	226	210	214	243	44	149	233	127	204	54	175	233	254	101	234	132	235	254	128	173	249	112	172	
56	141	66	238	212	163	198	247	23	1	248	10	115	235	48	64	121	234	6	49	26	187	8	191	250	207	167	72	247	218	240	136	
206	157	180	147	171	188	188	167	190	27	11	49	236	126	72	207	135	87	251	23	178	72	219	227	173	114	95	194	130	85	141	31	
230	77	254	222	205	100	254	224	217	198	224	11	104	248	55	27	200	227	179	227	100	227	146	232	51	58	204	11	65	125	124	206	
66	145	153	174	186	100	62	141	14	21	11	193	244	231	104	66	215	95	59	16	18	0	219	115	237	180	191	172	144	114	165	59	
134	8	130	155	196	162	168	65	188	131	83	18	76	202	49	73	121	41	51	147	48	215	10	202	20	34	219	192	149	121	161	128	
36	69	226	158	212	131	174	109	86	130	248	2	96	232	61	64	120	232	2	195	240	179	10	254	52	46	143	8	85	58	240	128	
70	145	184	168	172	33	159	137	14	125	155	173	204	252	74	64	215	23	255	145	26	3	219	211	249	20	143	255	148	110	149	83	
119	78	191	126	45	38	95	50	241	142	239	64	122	123	53	123	197	229	61	174	168	195	107	236	211	255	194	26	131	243	112	35	
220	44	253	118	168	110	71	186	249	186	167	24	95	115	73	123	35	212	124	122	120	109	155	34	251	251	117	84	226	241	194	35	
120	182	150	48	169	169	84	207	163	63	160	61	143	163	72	155	129	215	236	16	62	75	202	49	218	211	85	127	234	76	142	11	
69	118	220	71	116	30	102	152	109	170	127	108	211	80	157	247	148	68	108	110	229	244	121	12	38	187	37	132	72	179	75	5	
183	247	109	160	206	7	222	248	1	254	176	239	83	12	159	17	126	217	21	247	237	103	125	156	250	202	237	190	61	186	118	213	
216	77	223	127	132	78	71	183	117	131	230	16	247	115	1	122	51	246	108	10	104	229	57	42	243	239	117	16	162	240	228	40	
212	207	31	174	154	67	31	248	164	132	222	163	87	103	41	65	126	245	77	226	104	129	9	60	241	225	239	149	52	179	36	115	
155	107	3	169	48	134	171	212	174	200	218	197	157	134	179	64	238	105	29	221	219	152	16	236	232	177	174	192	12	151	41	216	
192	176	221	83	226	233	161	79	62	59	113	48	148	179	200	89	51	31	98	16	51	92	139	81	76	162	118	228	224	64	135	163	
43	168	48	88	201	213	208	207	203	93	172	8	140	154	118	188	201	11	194	28	22	43	250	241	27	221	84	127	210	4	239	207	
216	188	191	253	162	100	61	191	182	219	70	48	253	247	72	123	39	127	125	138	121	216	187	35	229	227	127	128	160	112	165	123	
157	87	111	101	34	94	95	48	37	238	150	228	223	55	147	251	54	85	253	238	237	129	53	200	226	249	98	144	46	247	15	113	
16	207	107	173	150	195	191	237	20	132	218	163	113	239	33	64	126	249	23	227	104	147	45	46	249	165	175	129	53	186	181	250	
117	73	151	102	9	78	71	168	161	160	163	8	87	113	1	127	0	244	125	106	9	225	153	40	241	234	69	16	224	115	66	34	
109	189	189	85	253	126	69	187	115	251	172	24	210	117	77	55	153	222	108	56	59	106	251	15	111	255	69	127	194	104	102	226	
33	82	173	169	28	167	137	31	22	77	153	23	145	14	58	72	204	9	31	149	190	129	113	21	193	141	186	212	152	73	245	210	
77	85	215	196	225	6	111	61	97	202	43	68	88	115	153	254	116	198	124	238	217	194	241	200	117	190	231	128	170	243	226	32	
220	85	95	231	42	74	71	184	48	166	231	34	87	119	137	115	114	212	108	234	105	213	233	12	241	163	103	148	32	179	36	35	
40	147	104	169	188	161	89	123	22	53	93	231	145	45	120	1	94	26	151	181	154	26	67	21	206	193	169	229	180	200	148	211	
223	64	175	167	5	118	105	16	166	197	199	23	217	199	59	206	112	228	185	188	9	213	191	130	211	239	203	5	166	247	61	112	
187	165	1	171	21	213	79	93	7	65	205	22	247	199	58	224	88	170	153	189	251	139	252	191	161	245	142	56	58	14	242	252	
243	195	103	222	44	26	76	185	173	118	183	223	74	79	188	87	102	196	127	238	236	71	111	205	178	58	227	156	62	188	224	85	
36	77	66	158	212	131	174	105	22	128	88	2	96	232	49	64	120	106	2	195	80	179	10	255	48	38	135	8	85	122	240	128	
134	12	130	155	148	162	168	67	54	131	83	18	72	234	33	72	123	43	2	144	48	212	10	238	12	38	159	192	149	104	177	128	
38	77	2	158	212	131	174	225	22	128	89	2	96	234	33	64	120	106	2	194	98	186	10	255	48	38	143	136	21	122	240	128	
132	12	130	155	212	163	174	67	22	130	83	18	104	234	33	72	121	42	19	144	48	190	8	254	32	38	155	0	148	121	176	128	
2	189	132	153	185	164	57	143	158	25	218	112	188	151	32	200	205	59	63	145	19	200	211	247	141	54	190	202	152	64	169	155	
75	249	244	157	174	83	173	191	222	250	150	102	156	56	215	239	103	118	250	153	229	233	231	221	44	47	255	246	175	252	57	109	
188	111	237	200	236	43	79	223	3	188	188	239	19	5	209	14	77	196	117	254	200	38	231	144	242	200	165	188	119	248	86	249	
189	252	252	93	202	55	220	255	87	178	124	210	89	127	181	191	127	222	182	168	253	254	127	94	106	207	245	133	251	240	234	176	
11	184	55	217	233	221	185	215	175	89	92	253	188	223	228	174	207	59	255	145	147	75	242	241	207	89	62	234	158	12	143	255	
252	127	108	225	236	47	79	223	3	188	188	207	19	9	209	22	13	196	117	254	200	98	215	154	250	201	165	188	127	248	210	177	
40	191	237	85	202	87	237	55	22	179	254	246	177	39	148	175	79	246	242	140	249	248	245	30	79	175	247	144	231	232	206	185	
117	242	204	160	76	7	79	216	3	240	144	207	19	65	89	27	93	200	93	254	155	71	219	17	216	136	229	252	189	185	82	16	
94	95	86	191	53	198	126	228	181	140	218	39	111	254	51	192	252	247	191	195	76	187	9	238	183	247	142	131	53	63	124	223	
122	187	150	178	171	173	84	199	171	59	168	253	47	162	64	158	133	211	236	16	30	75	202	49	152	210	85	127	202	68	139	31	
198	221	149	191	139	112	52	143	158	215	131	51	204	118	106	207	231	87	187	147	53	205	27	226	169	50	223	87	144	117	173	87	
234	186	185	184	237	253	153	223	139	95	180	61	172	190	126	62	207	19	255	21	150	79	242	241	95	89	94	251	146	76	135	223	
7	178	185	147	237	253	176	79	207	127	57	125	140	188	78	42	135	27	255	17	150	124	250	209	13	22	95	255	208	76	135	215	
29	77	122	231	50	94	127	240	61	236	254	130	95	119	147	112	126	253	223	234	200	146	61	238	247	237	167	133	103	179	103	225	
11	184	54	216	235	157	185	215	143	121	116	126	188	222	230	236	239	59	255	17	151	88	242	241	159	89	62	234	222	12	137	255	
155	207	71	159	146	146	111	247	54	65	94	214	125	227	176	228	119	239	63	140	243	153	37	255	252	239	190	192	63	132	169	185	
121	82	103	109	4	70	194	120	65	234	246	70	83	41	149	112	120	228	108	234	201	183	245	12	210	233	225	148	111	171	114	144	
86	95	86	191	61	214	127	228	189	204	218	39	111	254	35	196	254	245	191	227	205	147	184	239	183	246	143	131	45	55	61	87	
61	117	234	239	22	55	234	216	103	200	253	70	91	249	189	32	126	201	23	251	137	179	60	222	242	205	175	164	255	251	107	145	
94	122	144	164	175	0	23	146	139	174	154	167	140	175	65	198	231	117	173	81	64	1	208	194	208	244	143	183	142	126	5	91	
185	64	107	237	4	18	99	120	69	202	246	66	83	25	181	96	120	132	14	234	201	183	53	140	211	233	162	4	127	170	112	32	
217	7	213	69	176	10	111	63	48	170	186	104	215	51	152	247	54	198	124	238	249	205	165	14	164	170	101	148	40	240	194	33	
243	82	247	220	40	16	92	61	169	94	183	254	107	79	159	255	230	213	253	238	232	71	235	193	146	250	222	158	38	180	226	125	
2	180	161	187	253	237	184	207	158	89	88	93	172	190	120	72	205	27	191	21	147	88	194	241	141	20	158	250	148	76	149	219	
101	114	184	103	36	31	231	184	104	234	51	76	215	120	223	50	150	76	84	110	197	244	217	10	100	189	37	180	72	187	91	149	
151	134	198	85	214	34	237	251	55	227	119	215	81	99	158	93	127	206	55	188	177	212	13	206	92	46	255	196	175	228	240	208	
189	12	225	109	148	59	207	122	85	226	246	82	83	32	149	232	121	204	54	170	169	182	101	14	180	239	176	132	245	249	112	40	
33	175	234	190	252	141	247	109	94	77	249	15	115	232	62	0	217	235	19	69	214	186	206	63	124	15	167	233	93	106	250	195	
90	187	150	176	171	172	20	199	171	155	160	221	143	166	64	219	135	247	237	21	30	75	210	161	152	210	94	127	138	84	171	31	
219	62	132	190	169	188	28	15	187	251	128	221	175	166	67	219	167	167	236	149	62	79	146	177	152	243	94	251	138	68	139	95	
120	255	122	110	240	207	87	244	97	140	252	9	63	219	2	16	190	250	197	106	72	187	152	63	251	205	37	41	99	178	238	139	
94	121	114	229	19	94	126	240	61	140	254	35	207	127	17	208	126	253	255	226	204	145	137	236	247	253	175	129	47	183	47	147	
220	66	253	229	34	74	111	184	49	166	247	226	87	103	137	91	118	212	109	234	104	212	233	10	245	163	229	132	36	243	36	97	
148	79	47	165	54	3	111	180	36	172	218	227	247	39	177	65	126	244	13	238	104	145	73	46	241	231	175	144	37	187	52	120	
8	193	61	233	173	223	125	63	206	53	6	0	219	33	120	99	128	2	123	40	82	56	115	149	239	219	117	85	18	136	213	40	
185	76	101	199	4	43	237	118	84	99	246	82	243	33	149	109	123	206	54	168	169	252	101	174	196	234	242	128	103	248	80	168	
169	12	229	247	100	58	233	146	84	242	82	210	243	44	145	235	111	238	55	141	169	252	229	234	4	235	250	128	229	249	81	232	
164	205	126	243	244	138	239	117	125	3	119	18	211	9	156	49	106	174	70	74	248	190	97	238	246	171	242	64	103	136	210	160	
197	81	221	69	98	30	110	184	121	232	99	108	223	115	141	247	54	84	124	106	225	212	253	74	38	251	101	132	104	243	67	49	
149	151	110	170	156	143	75	248	229	232	191	111	115	104	191	99	126	230	94	255	249	227	61	221	248	200	165	212	61	171	112	85	
172	141	126	243	244	168	123	148	125	17	119	18	187	11	189	121	111	235	23	218	178	184	104	230	110	185	34	192	229	139	225	161	
9	148	149	155	180	251	33	191	30	123	95	244	221	118	202	236	87	15	190	24	51	216	111	215	204	55	255	196	158	76	137	113	
220	56	253	118	43	79	85	184	187	250	167	56	255	247	201	127	183	245	253	74	121	69	251	58	219	251	117	62	226	241	6	115	
236	181	181	85	253	126	209	59	123	251	189	24	210	117	76	62	153	30	108	56	59	122	251	14	79	255	85	118	194	104	198	243	
11	160	253	247	254	54	121	159	127	243	118	22	253	235	222	238	247	79	62	156	183	216	255	241	142	255	255	196	142	200	233	237	
88	155	149	111	32	78	70	180	229	8	170	96	246	115	128	242	128	118	108	106	217	136	219	41	161	255	37	16	10	178	194	41	
36	165	149	115	252	45	70	141	91	187	57	88	246	113	77	58	153	74	102	122	50	96	219	50	45	158	69	126	208	123	194	163	
212	79	78	174	8	6	79	184	52	174	198	135	83	103	11	83	124	212	109	238	104	199	73	44	240	227	237	148	36	179	36	112	
102	169	217	162	254	109	91	137	27	161	9	139	21	255	65	80	183	159	23	209	18	26	216	210	221	148	141	126	180	171	6	178	
135	206	148	151	166	42	175	175	60	51	67	114	220	34	136	203	51	71	42	139	113	220	13	99	44	38	254	4	140	113	169	161	
232	72	189	124	44	212	75	130	243	138	230	0	187	171	21	122	192	228	125	74	8	78	227	171	195	255	208	25	146	177	116	40	
56	141	106	254	148	163	199	247	213	0	254	2	115	233	176	64	88	234	6	234	184	171	40	191	250	239	166	72	119	218	240	168	
43	164	11	174	84	4	235	121	16	67	73	215	245	79	56	145	93	139	19	175	251	150	88	143	225	239	154	40	61	138	242	208	
159	62	231	17	195	187	188	87	21	231	78	183	137	46	247	172	47	59	146	156	181	252	52	194	46	94	159	98	239	252	137	212	
68	169	153	162	218	45	43	137	10	49	9	139	213	243	72	80	243	223	59	208	18	26	219	115	253	132	15	108	144	107	129	34	
135	207	149	151	134	42	174	174	62	51	91	242	196	122	13	75	39	87	59	147	49	212	13	226	44	50	223	198	133	115	129	129	
104	233	16	46	105	153	87	204	195	28	168	8	170	216	75	150	200	242	226	66	78	35	202	177	243	212	5	59	82	31	70	14	
166	158	116	88	239	179	176	239	223	22	52	179	12	201	166	79	203	59	131	49	118	111	14	255	14	18	87	127	87	204	205	143	
6	211	107	72	42	192	187	200	206	81	217	226	209	220	252	104	126	81	127	227	151	37	175	113	68	36	171	204	85	147	165	241	
56	141	106	238	212	131	238	247	215	1	252	2	113	233	176	64	121	234	23	152	154	187	8	191	122	239	166	192	247	218	240	136	
2	133	19	155	215	225	176	103	31	5	89	179	172	174	44	196	203	59	130	17	22	152	2	215	13	52	154	75	144	12	173	222	
9	172	254	209	244	186	233	191	127	241	118	148	253	235	214	253	119	111	126	29	183	248	255	247	78	127	247	196	206	132	233	220	
31	90	135	180	131	71	189	230	140	210	138	135	189	190	35	139	175	97	251	199	197	133	22	232	208	71	222	19	13	124	41	218	
233	47	232	101	236	31	77	55	65	238	188	205	147	41	211	6	72	166	71	141	232	58	229	138	111	89	181	180	119	252	82	232	
111	183	240	90	237	253	209	93	123	125	61	61	138	157	222	188	157	130	199	20	159	106	250	210	95	221	21	255	218	198	206	223	
134	14	215	151	198	34	174	230	93	147	123	242	192	42	53	79	235	127	2	179	48	254	79	234	36	50	222	7	133	113	161	132	
221	9	47	188	13	192	199	98	204	198	196	3	180	152	51	107	200	225	59	207	109	15	178	232	209	33	234	25	28	45	53	106	
18	63	154	188	211	164	48	67	123	135	104	7	44	178	99	88	246	127	128	144	22	218	144	192	145	244	26	11	128	96	47	206	
205	204	148	151	226	42	175	167	190	19	75	80	252	114	137	203	163	71	42	94	51	216	75	98	44	34	126	192	140	115	137	41	
153	204	238	223	140	50	173	239	116	210	198	18	113	96	50	105	121	102	58	175	224	245	61	111	85	43	215	0	55	248	240	100	
94	91	54	158	61	214	127	244	189	204	222	167	108	254	167	196	254	253	191	231	205	145	171	237	183	247	175	131	7	63	61	127	
208	201	61	253	15	205	85	164	207	53	34	2	46	153	36	66	162	51	109	64	66	45	35	177	195	251	80	19	50	24	69	43	
91	251	151	186	235	157	20	199	171	113	160	221	174	230	66	158	135	227	236	85	31	75	218	241	152	210	93	122	202	84	139	29	
134	140	130	155	148	162	172	71	62	131	83	18	76	234	32	72	123	47	19	144	50	220	10	230	12	38	159	192	132	72	177	128	
109	52	241	82	233	127	83	152	115	255	61	124	90	245	207	190	151	92	244	58	145	116	250	98	79	223	101	191	202	247	78	115	
228	172	212	119	232	42	118	170	251	178	171	56	207	243	77	31	179	214	108	42	48	119	203	98	191	222	85	54	192	241	195	162	
87	49	251	65	211	93	57	219	111	101	46	28	25	23	71	60	53	155	242	156	151	24	53	82	95	205	16	100	235	132	167	126	
124	78	204	165	8	14	79	184	48	166	231	141	83	99	19	91	116	196	125	238	72	212	217	10	246	239	229	148	40	243	112	82	
108	180	245	85	249	127	113	27	123	187	183	56	222	253	204	63	147	92	108	56	51	112	251	18	95	255	113	118	194	225	71	163	
86	95	122	174	52	194	127	244	189	204	218	167	111	255	39	64	254	253	191	227	204	145	129	238	178	245	174	131	45	179	125	83	
83	185	135	186	137	172	12	135	171	83	138	93	174	182	66	254	165	231	120	149	31	73	146	241	153	54	94	122	136	68	131	92	
232	189	55	246	249	205	117	231	175	76	42	9	190	255	96	147	132	51	253	64	114	105	178	253	251	209	84	59	2	20	135	123	
89	217	85	110	57	14	70	180	233	136	186	108	255	115	128	246	134	116	108	106	73	41	217	45	160	248	37	144	106	178	66	57	
11	160	253	241	237	252	121	159	255	251	246	18	189	175	222	238	239	79	127	156	151	216	251	209	79	251	223	236	142	204	201	237	
204	122	253	118	32	126	95	180	177	254	55	108	255	119	203	251	7	117	253	106	225	68	187	40	195	251	101	132	42	243	6	113	
215	211	117	244	46	30	93	57	173	126	151	255	79	95	158	119	102	133	125	238	253	69	119	204	146	250	203	150	46	172	241	117	
141	71	107	191	212	123	103	216	84	102	93	218	113	229	187	165	59	74	2	110	224	150	44	63	117	79	37	32	55	255	212	224	
9	182	149	155	188	251	57	159	62	121	95	244	221	182	202	236	87	15	254	24	179	216	239	215	204	119	255	228	158	204	157	245	
121	0	111	108	76	82	67	120	65	196	246	10	83	21	183	240	120	172	238	110	201	183	229	28	211	233	97	21	119	170	126	224	
226	190	97	69	204	7	205	63	83	170	184	206	3	41	213	23	77	172	87	172	233	126	213	154	62	156	149	180	125	232	82	189	
38	112	180	152	109	245	176	64	143	29	177	27	140	158	102	141	204	25	131	17	6	103	2	208	23	80	90	127	210	13	45	199	
218	120	210	244	19	84	90	80	59	228	6	191	47	151	99	215	246	253	133	148	41	94	144	138	187	213	15	43	174	52	47	123	
57	2	107	237	68	118	97	80	101	66	247	70	83	9	181	112	120	132	14	168	137	182	37	140	214	233	226	0	111	168	112	32	
234	178	177	152	237	253	185	223	171	127	180	29	188	191	94	190	207	19	255	21	147	75	242	241	223	89	30	254	146	76	135	255	
247	17	111	142	236	7	111	248	229	252	183	126	90	75	191	115	110	196	127	239	249	231	63	220	248	42	225	148	61	169	112	113	
151	132	197	213	150	34	236	191	117	243	247	214	209	35	156	111	127	198	127	172	185	220	109	206	44	46	247	196	175	228	248	213	
220	79	110	165	4	14	79	176	52	174	198	135	243	39	19	83	116	228	125	238	104	148	89	46	241	171	231	144	32	187	52	120	
94	123	106	228	119	90	127	240	173	204	254	103	79	223	183	208	254	253	255	226	205	147	176	204	178	253	175	131	47	183	111	87	
185	12	225	111	84	59	231	62	84	226	242	82	83	33	145	121	121	206	54	170	169	254	101	46	52	239	240	4	245	249	80	168	
37	191	40	191	252	175	243	248	86	44	249	13	243	232	58	0	221	106	23	119	158	178	122	63	236	141	35	120	93	107	210	195	
75	249	244	213	143	147	188	55	87	243	214	230	184	56	214	102	103	246	250	137	197	120	247	220	110	126	215	146	175	236	217	45	
49	141	213	93	200	39	204	191	87	179	176	82	1	43	213	63	77	198	38	136	253	250	69	158	46	222	213	196	255	248	226	140	
56	253	122	110	112	143	127	246	112	140	124	12	115	243	34	16	62	250	7	106	72	186	24	63	123	205	37	65	99	146	238	187	
92	86	204	229	0	14	111	56	49	174	239	140	211	39	129	90	118	212	109	238	72	212	249	8	245	175	229	132	32	243	102	112	
227	191	193	197	236	39	76	187	19	242	184	206	19	37	213	22	77	196	77	188	233	110	213	154	46	156	133	188	189	248	82	60	
185	12	229	215	68	43	237	182	84	51	247	82	243	33	157	105	123	238	54	138	169	244	101	170	68	235	240	128	231	217	80	168	
57	205	103	222	148	146	79	247	213	64	222	66	115	233	180	228	120	238	62	168	249	187	44	255	250	239	166	192	55	234	240	108	
43	173	229	85	180	159	252	55	87	187	118	208	177	47	148	175	77	62	119	136	253	248	117	158	47	254	244	128	207	232	192	156	
70	221	181	151	139	112	63	140	158	183	131	179	236	246	107	207	215	87	251	243	118	69	239	227	169	114	223	223	132	119	165	126	
172	204	109	243	228	138	239	177	125	19	119	18	211	65	152	57	107	174	70	74	249	252	97	103	230	187	246	64	103	137	194	160	
61	117	110	239	60	103	203	248	229	232	253	102	91	89	187	96	126	205	95	251	141	163	61	204	242	205	171	148	239	251	96	21	
30	103	107	160	180	83	95	89	21	204	149	239	75	71	243	69	94	248	157	247	248	131	41	172	250	209	173	249	182	191	180	113	
172	141	126	251	244	136	123	144	253	16	119	18	253	67	185	89	123	235	23	218	178	244	104	238	110	187	166	196	228	155	97	161	
56	141	106	238	148	131	238	119	87	1	254	2	115	233	176	64	120	170	23	184	250	187	8	191	250	239	166	192	247	138	240	136	
211	82	245	212	42	28	92	28	171	222	182	253	238	159	205	127	231	213	253	142	237	71	243	192	146	250	222	190	14	244	99	93	
69	116	220	101	52	15	231	152	104	234	127	108	215	120	217	50	22	76	92	110	229	244	221	8	228	189	37	4	76	243	75	145	
2	179	177	187	253	237	177	207	158	121	25	125	156	188	72	74	135	27	255	17	147	120	203	209	141	20	63	254	148	76	149	219	
27	140	71	223	22	146	107	119	181	67	94	214	121	231	178	228	127	171	63	140	253	157	36	255	190	239	190	192	47	132	185	124	
30	93	122	229	50	94	127	240	45	236	254	130	95	127	179	112	62	253	159	234	200	145	41	238	247	237	47	129	39	179	39	243	
27	141	106	254	148	147	235	119	85	1	222	2	113	235	176	100	121	170	23	185	249	187	45	255	250	239	174	192	183	138	240	168	
139	185	20	155	185	132	57	175	158	25	84	52	188	150	162	197	207	59	191	144	115	76	195	247	173	51	254	202	154	4	137	187	
139	184	177	216	233	253	185	223	175	89	148	125	188	159	100	174	207	59	255	21	147	79	242	241	223	89	30	250	158	76	139	255	
139	184	50	216	237	189	185	215	143	91	244	127	188	222	230	174	239	59	223	145	183	111	50	243	31	89	62	234	94	76	169	255	
175	70	66	158	245	177	110	244	185	14	89	214	108	194	186	213	113	235	23	238	112	151	8	255	52	112	170	136	14	215	250	132	
83	185	151	186	139	229	4	199	175	83	136	29	174	246	98	222	231	227	120	21	23	75	218	241	153	86	94	122	152	84	163	92	
36	13	98	158	212	131	174	105	86	0	121	2	96	232	52	64	120	106	2	195	210	178	8	255	48	46	135	8	85	42	240	128	
4	205	2	158	148	131	174	227	150	128	88	2	96	234	49	64	120	106	2	195	98	186	10	255	48	38	135	8	21	122	176	136	
116	236	219	192	84	197	98	198	147	161	168	10	16	211	101	16	249	252	3	154	74	83	154	96	123	140	133	108	129	122	98	130	
228	164	245	119	252	47	214	171	123	187	57	88	222	249	77	62	155	94	108	58	50	116	203	26	175	222	69	118	192	234	195	163	
198	211	171	172	104	4	29	252	26	93	209	247	85	206	184	73	246	141	63	239	208	71	170	81	208	32	235	204	20	169	181	241	
13	207	135	151	228	34	175	188	148	183	91	214	220	98	185	203	93	71	34	254	113	208	79	106	108	39	255	132	140	243	169	176	
159	197	67	184	214	33	110	235	29	74	88	251	92	249	185	197	127	203	23	239	243	23	4	215	176	36	175	206	191	124	185	33	
23	88	107	75	18	182	203	200	71	69	108	134	66	76	191	36	63	168	2	220	143	160	61	127	42	44	1	72	253	131	104	84	
36	141	98	158	212	131	166	104	86	0	89	2	96	232	48	64	120	106	2	195	242	186	10	255	48	38	131	8	85	107	240	128	
134	140	130	155	148	166	174	199	62	131	67	18	104	226	32	72	123	43	51	144	50	156	24	254	45	38	159	64	148	64	177	128	
6	13	2	158	212	131	174	99	150	0	89	2	96	234	48	64	121	106	2	195	114	186	8	255	48	38	142	136	21	107	176	136	
138	179	181	179	253	237	185	223	159	125	21	125	156	188	74	171	135	27	223	17	179	120	250	209	141	81	63	254	152	76	143	243	
195	80	253	212	110	60	253	30	171	255	183	253	156	190	215	123	231	213	253	135	225	71	243	192	150	186	254	190	140	244	67	125	
148	6	30	185	138	98	188	47	188	23	139	147	197	42	35	75	227	19	106	163	52	197	11	82	193	163	254	5	144	113	173	2	
2	141	2	159	212	130	174	99	148	130	90	2	104	226	32	64	120	107	51	194	114	154	10	255	56	38	142	128	21	106	161	136	
99	157	191	85	124	142	237	55	254	171	122	80	176	40	20	98	205	119	122	137	225	248	209	78	45	62	214	0	200	200	208	188	
120	18	106	108	77	114	81	122	69	206	246	14	75	13	183	244	120	156	238	40	136	183	117	140	211	233	96	145	119	172	126	227	
139	176	185	250	237	253	185	223	175	89	180	29	188	159	126	191	205	27	223	21	183	79	242	241	223	89	158	250	154	204	139	255	
65	132	229	213	172	58	237	191	236	242	250	212	241	44	156	239	15	70	126	173	241	248	111	237	142	58	247	196	174	240	209	109	
166	12	130	158	213	231	166	71	22	3	72	18	96	248	48	72	249	106	2	145	50	190	26	255	57	54	159	75	209	122	244	130	
0	156	159	213	245	206	117	103	184	139	110	16	62	183	36	49	161	62	51	8	113	248	16	111	125	63	84	2	64	72	211	171	
235	176	185	250	237	253	89	223	171	123	181	29	158	191	94	190	141	147	255	21	151	75	250	209	223	217	95	254	154	76	207	255	
219	171	134	186	137	188	76	199	171	25	136	93	174	178	66	222	133	231	252	149	31	75	146	243	153	118	94	123	138	68	139	15	
33	141	141	85	228	143	237	55	94	191	106	84	176	58	20	59	201	102	114	8	241	248	113	78	45	62	213	0	192	232	192	168	
161	4	237	215	228	43	233	146	117	51	119	82	243	97	153	109	123	238	54	136	169	244	109	163	70	170	242	128	229	249	80	160	
7	89	103	71	52	31	239	48	76	192	91	198	240	72	181	100	126	100	18	239	193	176	117	236	36	60	162	128	95	191	81	245	
218	249	19	252	203	221	117	231	191	4	164	9	46	255	32	149	160	123	251	64	99	107	178	253	179	242	86	59	66	16	167	251	
57	0	107	225	68	118	105	18	101	71	246	18	27	27	151	248	104	132	142	168	153	180	101	136	214	233	242	0	231	200	116	96	
67	156	181	215	172	190	237	191	238	123	158	244	253	46	156	238	135	71	127	156	147	201	111	247	142	190	127	212	142	192	129	125	
70	212	164	159	169	16	158	172	142	187	131	231	236	246	109	207	213	87	253	243	122	69	219	224	169	118	223	223	156	119	141	55	
211	233	151	154	139	197	1	198	175	81	128	25	174	246	96	254	225	243	248	209	31	79	186	243	185	18	95	122	144	4	167	126	
32	223	123	79	244	143	111	247	117	13	124	96	51	117	180	52	126	250	6	104	243	186	32	63	111	143	36	192	115	138	230	185	
197	113	93	101	32	42	118	152	120	234	55	108	223	117	137	59	150	85	124	122	161	244	233	12	196	251	101	132	204	243	67	49	
60	191	41	175	188	143	195	248	86	172	217	77	247	225	24	0	89	74	95	111	186	178	89	63	237	143	37	116	112	171	87	224	
140	204	126	251	244	138	127	184	191	146	53	18	253	195	253	75	127	193	23	250	226	196	42	239	110	219	231	196	116	185	97	161	
140	204	125	243	228	168	237	176	253	18	119	16	255	99	153	123	107	232	110	106	251	244	107	231	70	251	246	196	231	249	65	161	
252	93	79	231	4	14	111	184	53	174	230	68	115	99	17	83	112	228	125	238	104	148	113	46	245	171	225	16	40	187	116	120	
137	150	73	157	98	58	43	58	60	70	86	230	253	38	130	229	55	75	150	46	225	156	101	63	196	239	122	128	62	229	1	249	
250	119	50	224	59	221	90	80	137	12	189	237	14	159	101	16	174	153	223	226	202	39	128	218	243	209	40	187	91	14	38	83	
23	139	70	152	228	18	236	235	172	30	112	231	8	226	191	89	123	75	6	172	84	211	6	205	50	42	239	133	149	244	107	197	
213	87	74	136	246	48	103	218	212	66	222	246	17	200	190	96	118	200	6	238	230	183	166	127	114	44	163	200	61	217	248	133	
141	206	230	157	197	123	175	254	214	82	92	186	217	101	187	175	121	74	178	234	241	244	47	187	108	15	247	133	215	253	253	160	
64	210	221	175	106	10	160	60	12	202	90	229	245	96	136	202	22	85	110	33	193	240	195	33	4	166	122	128	92	170	9	153	
218	203	126	188	235	192	157	103	191	4	208	163	44	238	34	81	238	179	239	129	118	11	130	255	240	99	222	171	53	4	173	91	
131	180	36	27	221	245	161	167	222	91	5	16	164	220	94	239	201	10	218	145	247	77	126	247	13	83	222	107	152	68	159	254	
70	182	216	165	242	42	56	59	57	175	123	253	205	55	136	208	55	31	253	48	176	216	197	78	204	167	63	198	164	226	143	177	
130	241	34	152	207	193	188	239	30	87	80	179	172	222	110	0	251	27	147	129	82	26	18	211	45	20	158	239	21	28	181	218	
181	121	127	97	142	15	185	192	76	224	98	146	81	28	21	43	110	113	114	127	229	245	55	4	93	10	79	80	229	185	81	164	
161	63	8	201	156	23	204	159	86	226	188	206	145	3	209	164	77	140	66	188	235	42	85	154	38	157	151	124	91	248	106	188	
169	45	129	225	205	207	108	7	194	234	40	24	176	53	81	182	201	46	82	28	97	24	208	154	45	221	149	52	26	88	82	184	
6	102	103	31	224	242	174	228	180	94	114	225	224	238	173	217	251	235	134	230	124	209	44	109	36	34	250	129	1	87	167	197	
210	159	202	133	210	36	180	103	48	165	202	151	5	38	64	66	111	223	35	133	25	154	149	98	189	36	158	66	173	72	185	148	
28	204	238	223	141	50	228	239	214	147	198	18	113	225	56	235	105	230	42	170	56	245	31	181	87	43	215	1	179	120	240	170	
2	82	85	139	106	10	188	61	12	50	123	231	100	10	172	75	38	21	46	35	199	180	13	93	20	34	122	134	124	154	129	25	
111	126	249	87	227	124	127	144	57	238	119	252	89	127	223	190	55	253	183	206	161	84	253	226	86	127	117	162	238	247	70	125	
97	121	233	77	108	204	69	6	234	66	104	72	179	153	149	122	192	234	121	72	203	42	242	41	71	188	144	56	88	18	82	42	
212	183	223	101	242	107	55	59	58	174	127	184	95	119	203	18	55	95	108	50	49	208	169	74	252	134	101	167	228	226	135	193	
29	199	204	66	202	51	95	249	18	182	173	175	95	103	203	31	55	215	197	190	120	66	47	56	250	131	109	188	191	243	131	112	
79	122	248	118	99	126	127	152	57	238	118	237	254	127	203	254	151	245	245	110	229	84	187	232	70	255	101	143	174	247	15	115	
73	125	135	181	53	140	173	55	174	232	78	68	188	181	16	230	164	63	251	13	193	217	177	239	101	63	30	0	10	20	17	248	
160	172	146	158	221	229	148	199	158	15	96	18	164	248	96	72	201	122	162	17	50	110	90	179	13	22	22	107	208	72	244	138	
2	141	2	158	84	162	174	98	182	2	90	2	104	234	32	64	120	107	51	194	114	154	2	255	40	38	158	136	21	89	33	136	
250	169	192	56	137	249	88	71	187	23	164	153	46	175	66	159	137	131	237	144	62	79	242	211	219	209	212	123	162	196	206	94	
218	236	147	154	153	213	18	198	191	83	128	24	174	214	100	247	225	243	250	145	127	79	154	243	153	80	159	123	18	4	175	46	
86	241	140	166	168	18	30	168	14	168	139	229	213	254	73	66	213	85	253	243	77	65	203	49	186	231	239	253	156	115	25	19	
130	241	32	153	207	193	188	239	30	87	88	179	172	190	110	0	207	27	147	129	114	26	82	243	45	16	158	239	21	28	181	218	
197	114	253	101	32	78	111	56	120	234	55	96	223	55	137	59	182	85	124	106	225	244	185	72	197	251	101	132	64	179	67	49	
60	86	122	236	38	27	95	112	81	46	117	106	91	29	163	49	254	153	149	106	200	178	32	140	243	217	32	135	119	187	100	179	
139	146	178	218	233	180	184	215	175	25	21	48	172	223	110	239	135	59	151	145	150	77	50	241	15	217	90	203	154	4	169	159	
120	18	106	108	109	118	81	83	101	77	247	63	11	29	182	124	124	148	239	40	140	179	49	140	211	249	48	151	99	172	118	115	
140	68	127	255	108	11	253	184	191	154	53	18	253	207	253	107	111	81	127	234	224	69	43	254	78	155	239	140	84	185	97	161	
133	4	255	215	180	42	233	27	127	211	119	80	251	99	157	111	67	78	126	24	179	244	111	194	206	190	119	196	198	233	209	161	
252	116	140	103	12	110	71	24	49	230	231	12	83	115	67	91	88	196	121	126	41	214	217	8	247	235	197	52	168	243	82	114	
65	141	237	69	172	46	237	191	238	251	190	64	243	41	156	102	71	70	125	8	209	233	239	229	236	191	247	148	198	242	209	105	
5	255	61	173	188	175	67	186	118	172	42	76	247	113	1	0	153	110	93	127	139	184	121	63	237	221	37	52	208	251	82	225	
146	185	27	220	75	221	52	103	191	67	228	26	60	255	36	48	162	187	243	0	83	43	178	247	51	181	22	43	16	0	175	187	
82	235	114	188	75	192	29	103	191	7	212	163	44	239	34	212	238	187	175	129	90	15	130	247	241	118	158	171	55	4	165	95	
32	223	122	75	244	139	111	247	117	13	124	228	51	103	176	52	95	58	6	72	242	186	100	127	110	142	52	192	127	136	230	249	
245	85	143	231	4	14	111	56	48	174	231	68	243	115	9	83	80	196	125	110	105	146	249	12	245	235	225	16	40	187	112	120	
37	93	57	233	52	175	227	178	84	172	250	68	215	113	49	0	216	108	23	111	137	176	121	62	237	221	39	84	80	251	81	225	
9	143	164	93	141	55	172	191	86	179	142	130	137	32	215	239	73	102	234	136	240	232	103	138	111	127	215	21	215	252	216	172	
107	251	234	4	118	25	190	252	107	236	180	239	8	140	214	150	190	205	215	231	197	115	172	232	62	89	175	191	111	190	95	221	
75	224	30	137	120	153	57	8	174	112	36	160	156	134	194	242	166	25	251	221	131	1	230	209	204	17	43	232	12	135	3	241	
67	183	216	165	242	58	60	63	56	109	94	245	221	39	138	208	55	31	245	45	245	152	229	79	238	247	62	197	44	196	139	217	
134	182	124	83	159	121	180	142	218	23	37	179	192	253	78	47	39	90	203	50	182	101	191	247	79	27	85	127	195	93	221	246	
95	237	228	213	143	18	142	174	239	242	158	162	200	230	215	230	99	70	252	252	244	73	239	226	186	126	207	159	134	244	249	100	
228	176	188	99	140	111	81	25	2	183	37	29	215	113	72	27	145	4	121	62	58	116	217	16	205	203	97	116	200	107	210	114	
111	251	225	71	98	24	254	176	105	236	118	238	104	44	215	182	38	237	246	206	197	114	174	224	54	120	103	170	79	183	75	253	
72	168	230	85	27	138	104	136	238	177	66	130	201	235	88	106	98	100	123	220	18	216	143	193	78	106	223	69	166	134	115	128	
21	31	110	49	166	50	109	191	117	86	86	231	5	33	179	77	55	134	13	173	228	209	37	12	242	107	239	132	237	240	249	81	
214	86	111	149	166	46	111	178	52	246	214	247	83	109	159	11	55	230	77	174	232	213	53	44	242	43	241	128	37	241	244	113	
111	120	235	86	102	24	255	148	121	206	118	174	121	45	215	190	126	221	183	206	197	246	173	224	86	127	245	130	111	247	122	253	
8	19	209	171	230	32	161	25	14	205	91	231	253	74	204	200	214	27	167	17	147	152	71	64	12	5	186	192	156	138	145	217	
49	142	107	136	212	6	237	255	84	86	192	199	17	32	183	201	127	136	3	173	250	234	55	29	112	42	215	12	181	252	112	248	
93	241	154	38	138	4	30	153	226	201	139	236	223	242	203	98	182	213	108	243	223	1	143	96	248	229	47	220	168	51	169	17	
91	21	100	68	186	58	94	51	237	196	191	181	75	126	151	119	134	247	221	38	189	193	101	206	98	121	4	146	166	244	196	117	
68	136	230	255	5	2	224	136	118	145	194	2	225	105	57	75	97	228	43	152	18	248	15	224	31	238	215	1	163	41	113	10	
151	70	76	155	142	162	174	164	220	118	131	246	209	98	191	75	243	71	42	183	244	197	77	62	224	34	254	197	156	83	185	193	
126	163	228	72	202	3	221	248	3	212	172	207	73	103	95	158	31	209	249	252	218	3	207	80	122	79	69	188	247	246	2	241	
153	155	150	165	178	82	51	53	37	77	214	244	207	55	130	231	70	124	140	44	189	201	37	142	234	247	38	198	174	164	173	117	
6	199	140	147	174	51	190	172	158	179	155	247	229	106	223	11	251	67	123	247	52	193	75	224	174	3	255	215	140	123	153	133	
39	241	164	152	203	53	30	218	3	83	136	143	75	236	91	191	93	219	211	247	158	67	222	241	187	70	205	126	251	255	170	148	
50	187	196	136	76	83	200	123	71	244	180	207	3	44	83	134	73	136	130	181	143	42	119	144	26	68	197	125	255	172	126	220	
39	179	65	11	254	21	234	216	75	121	89	238	72	76	222	172	94	8	150	255	151	50	111	208	14	24	169	238	223	143	88	213	
27	81	99	205	54	146	235	120	101	192	223	166	121	79	183	228	126	236	183	239	205	176	37	204	118	109	163	128	63	190	112	125	
70	48	214	188	42	169	88	105	159	128	177	170	239	254	101	3	222	177	255	161	0	99	194	220	146	218	75	190	20	168	3	17	
116	233	134	206	13	128	130	200	230	145	139	3	34	201	105	194	232	228	234	209	10	35	138	225	155	32	131	91	146	10	120	10	
203	97	82	136	27	153	106	72	174	32	136	136	141	130	81	50	34	129	91	222	66	7	134	209	213	24	139	125	4	7	35	34	
138	184	146	218	235	180	184	203	159	29	21	18	44	222	102	239	197	27	147	145	22	79	26	209	27	80	90	239	154	4	173	143	
122	18	98	109	37	126	240	83	37	109	247	191	11	29	6	88	236	157	255	5	156	187	113	128	215	249	50	147	235	140	118	215	
70	237	148	151	206	136	174	232	190	178	147	2	236	234	89	67	123	227	127	211	114	75	203	251	188	22	207	172	132	122	33	8	
253	116	157	103	12	110	71	24	96	166	167	8	211	113	73	59	216	196	120	110	105	230	249	8	227	235	197	20	72	243	82	112	
65	141	169	71	188	12	239	191	239	233	190	64	243	169	212	102	210	70	124	72	217	41	239	225	233	253	39	216	198	250	209	105	
16	93	63	165	49	207	103	246	252	236	106	4	246	209	33	64	176	114	88	106	97	185	48	62	233	205	5	16	72	59	7	122	
16	253	90	252	114	193	181	103	190	5	232	163	61	222	32	112	162	187	147	128	70	139	178	127	241	229	62	139	49	16	167	219	
114	171	107	190	250	209	60	103	158	5	220	163	45	207	38	80	239	187	167	129	82	11	162	247	243	101	186	235	21	0	167	251	
33	223	122	91	116	139	239	247	127	77	124	228	49	99	180	52	95	42	6	12	243	184	101	127	110	158	52	192	127	154	194	185	
89	173	49	234	180	156	79	191	123	105	90	76	191	254	208	240	151	239	29	29	219	26	168	191	185	253	47	232	142	130	131	121	
229	85	29	111	44	14	71	56	48	170	231	76	211	119	9	115	80	196	124	110	105	146	249	12	229	251	225	20	0	179	82	48	
69	132	189	213	188	46	233	159	255	203	191	80	223	115	156	110	151	6	126	24	147	233	171	214	205	255	119	212	194	200	193	33	
16	93	59	229	52	207	103	118	124	200	106	4	182	177	33	64	240	124	27	104	65	185	49	46	225	189	39	0	88	59	69	250	
132	68	255	247	108	42	105	154	255	146	119	16	223	227	217	127	107	76	110	138	161	244	239	242	78	187	119	4	230	249	65	161	
205	116	189	101	32	46	125	24	120	242	39	92	223	119	201	59	151	85	124	122	161	212	185	74	199	251	101	4	192	243	67	49	
29	199	132	183	140	35	174	168	22	246	131	199	221	106	91	11	253	71	104	247	252	193	95	160	232	195	239	85	140	123	185	0	
2	149	16	153	239	197	188	239	30	25	88	50	140	254	104	64	247	27	147	145	82	26	10	211	13	22	158	238	144	72	161	147	
215	84	245	214	44	36	157	152	159	250	183	120	220	127	221	111	135	85	125	175	225	71	235	224	211	251	251	158	6	241	101	115	
251	188	148	184	137	245	80	199	155	19	160	25	46	154	98	159	201	187	251	17	126	79	210	241	155	83	92	123	154	68	138	14	
2	221	34	159	223	196	188	238	158	93	88	163	172	254	38	65	239	123	179	193	66	26	146	245	53	52	222	171	21	28	181	219	
166	183	160	145	213	237	176	79	30	253	89	191	140	188	102	8	221	27	147	145	182	122	90	210	13	20	159	239	213	76	151	211	
79	69	194	142	195	48	126	133	35	7	207	138	78	227	206	222	119	214	186	142	28	18	143	225	54	118	212	139	174	247	184	20	
167	217	112	90	93	157	182	232	95	64	125	15	40	248	118	160	155	107	146	71	198	58	62	247	46	30	5	43	95	31	91	206	
110	255	210	82	211	216	102	204	59	1	109	104	104	243	204	244	49	222	162	218	83	26	138	227	63	60	21	111	131	215	234	172	
110	159	210	74	211	56	118	143	35	3	111	168	72	243	206	220	55	222	162	218	19	26	170	226	62	127	20	79	170	215	234	4	
92	231	144	166	251	0	79	184	3	164	9	173	239	227	73	84	87	205	173	254	90	18	203	241	252	148	141	236	166	183	6	3	
6	60	176	145	237	229	184	75	30	251	89	191	172	252	71	8	207	27	147	145	146	90	202	210	13	20	159	175	148	77	23	211	
58	225	98	237	118	147	250	120	117	0	254	130	107	79	180	112	126	173	23	233	200	186	37	221	246	253	139	128	119	142	112	141	
56	91	90	229	116	143	114	54	165	168	118	237	179	27	3	80	110	188	6	64	76	186	64	12	230	237	160	129	105	168	74	155	
60	71	122	229	116	75	83	120	117	236	254	47	83	1	139	16	120	204	7	110	104	178	97	142	246	237	33	21	99	187	102	195	
206	124	125	252	108	11	253	184	189	186	180	50	221	95	149	75	239	213	127	234	225	69	43	255	70	155	111	156	21	185	65	33	
122	176	118	225	101	30	248	87	45	105	247	59	14	29	148	122	238	149	255	145	152	187	225	192	151	249	154	210	71	140	246	223	
253	99	228	6	172	27	79	232	65	244	189	175	75	104	223	151	90	196	236	110	204	99	237	168	114	73	197	61	103	255	94	68	
188	205	206	87	149	115	71	172	118	166	239	2	67	97	27	212	17	238	32	234	120	244	93	46	232	175	69	21	231	243	218	0	
14	208	244	242	101	212	248	132	235	93	53	5	172	223	126	79	231	1	159	81	134	108	186	241	207	217	18	235	150	135	77	215	
122	16	118	233	101	62	248	87	45	105	247	183	14	29	150	88	238	157	255	21	156	187	97	192	151	249	26	210	199	141	230	215	
68	168	132	151	92	136	170	232	190	176	147	2	232	234	73	67	123	225	110	130	98	67	203	217	156	6	207	44	4	42	33	8	
16	111	31	237	50	194	63	230	180	12	254	163	183	151	33	80	118	251	207	192	72	153	33	127	241	229	46	129	33	144	37	107	
33	223	115	75	116	139	239	255	127	65	126	228	177	71	180	36	127	42	22	140	195	184	101	127	108	30	182	192	95	154	226	185	
73	165	185	233	244	158	75	191	127	105	126	76	191	191	216	240	151	142	22	28	155	154	233	63	254	255	54	236	190	128	208	121	
93	133	185	227	188	46	105	159	127	235	191	80	223	243	220	104	151	70	124	24	187	57	235	214	235	255	55	212	194	200	193	33	
245	81	29	101	36	78	103	56	112	234	231	0	211	115	9	115	208	212	124	106	105	244	249	12	229	235	101	20	104	179	66	48	
4	4	253	255	172	46	233	154	254	187	55	80	223	227	217	123	103	70	126	26	161	229	235	226	206	251	119	132	194	225	65	161	
205	52	189	117	168	110	121	24	248	250	167	24	223	55	73	59	133	85	124	58	33	228	249	64	207	251	117	20	192	241	71	112	
2	149	16	155	251	197	188	239	30	57	88	51	140	190	104	64	223	27	147	145	82	26	90	247	45	22	158	238	148	76	165	219	
130	221	32	158	223	197	190	238	158	89	88	55	172	254	36	64	237	123	147	193	98	10	90	247	61	54	158	171	21	29	181	219	
38	191	160	147	253	237	188	199	30	253	88	191	140	188	102	8	141	59	147	17	178	218	90	247	45	22	159	235	148	76	151	211	
34	207	96	158	125	217	190	236	223	85	88	139	104	204	63	0	201	235	179	71	230	58	110	255	63	30	159	235	85	31	93	222	
34	239	96	155	253	217	182	236	223	117	88	15	168	236	126	0	249	107	131	87	214	122	46	247	47	30	159	107	85	31	223	222	
46	89	115	76	95	91	66	122	87	160	252	234	10	149	181	180	126	252	134	106	73	187	101	222	55	92	1	62	119	189	110	180	
