菁纯柔润唇釉套装	#181（丝绒）间奏曲	http://www.lancome.com.cn/on/demandware.static/-/Sites-lancome-master-catalog/default/dw08f1a90b/images/LAN_PRO_IMG/PRO/181.png	http://www.lancome.com.cn/dw/image/v2/AARM_PRD/on/demandware.static/-/Sites-lancome-master-catalog/default/dw4e5be981/images/LAN_PRO_IMG/PRO/181_1000.jpg?sw=490&sh=490&sm=fit
29	223	90	204	226	18	126	241	37	6	127	230	29	34	170	81	118	129	14	238	245	146	37	77	246	171	230	133	62	243	169	1	
134	180	230	209	230	34	184	203	63	243	83	179	76	190	94	11	183	23	247	181	176	212	141	194	30	26	223	198	133	68	161	209	
2	156	18	155	252	129	188	231	158	11	88	34	172	254	32	64	207	59	51	145	18	152	2	247	44	22	158	234	148	8	161	137	
2	188	146	155	252	173	188	231	30	27	88	48	172	254	96	64	199	59	147	17	18	250	2	247	45	22	30	234	148	76	161	137	
9	91	14	158	173	178	164	214	196	14	214	102	162	184	179	236	200	102	174	67	204	169	35	232	128	115	250	131	30	125	121	15	
70	191	180	151	171	244	190	173	158	255	27	161	236	254	79	207	135	119	251	211	182	73	235	241	47	54	223	215	134	119	141	87	
194	164	148	145	238	40	184	143	62	51	19	146	204	46	88	75	167	23	59	145	50	92	139	211	12	18	223	230	132	64	129	137	
166	12	134	158	68	162	170	66	148	130	243	18	40	234	49	75	104	233	19	195	32	247	2	234	16	34	202	136	133	121	49	128	
86	17	237	231	10	112	31	40	172	192	143	163	245	111	13	106	118	211	253	163	9	1	127	201	195	231	235	145	164	243	37	122	
169	101	43	170	93	229	175	86	204	64	108	6	61	217	123	160	104	42	19	29	195	50	178	170	113	205	142	40	89	94	115	232	
41	174	228	117	180	186	109	55	82	231	118	157	179	33	150	37	13	174	53	140	184	252	101	142	78	239	244	128	239	236	210	248	
149	27	31	232	190	6	155	248	148	216	148	230	85	95	161	99	254	85	29	255	185	199	41	28	248	169	239	220	156	169	33	33	
37	97	97	71	84	95	230	248	85	224	113	74	82	88	157	164	88	200	18	107	237	178	125	174	36	14	133	36	127	191	82	164	
98	0	110	76	92	70	121	41	225	69	231	153	120	45	22	115	108	164	123	172	184	158	119	93	95	43	209	68	117	162	118	98	
6	206	164	151	237	244	188	175	159	255	31	179	236	236	223	175	167	119	251	151	182	216	47	225	47	30	223	199	134	125	157	215	
150	36	230	209	198	34	184	65	185	243	83	147	76	238	126	107	63	189	183	183	176	215	140	194	28	42	223	198	165	100	177	213	
25	111	251	236	62	2	159	222	142	192	216	230	189	239	241	96	86	123	29	205	195	11	166	169	224	141	175	188	156	248	49	185	
70	221	181	151	171	160	190	134	174	155	11	49	236	254	76	207	167	87	251	211	114	201	155	225	45	54	95	199	132	115	161	7	
66	4	151	151	133	42	172	135	189	179	75	81	204	34	5	207	161	71	106	1	52	216	3	224	132	50	94	3	128	113	137	142	
28	120	177	169	175	69	157	222	14	230	156	167	189	31	115	206	207	81	191	199	195	5	83	176	196	85	190	178	62	127	21	123	
205	82	156	246	40	44	125	26	171	254	183	60	223	231	203	123	167	69	125	142	129	69	235	192	214	251	115	156	138	241	3	113	
27	203	212	211	151	155	106	150	79	161	22	162	174	2	247	228	39	226	158	92	206	185	13	234	174	93	20	147	191	159	25	13	
0	141	2	136	20	131	174	231	6	1	88	2	40	200	48	64	104	42	19	193	82	184	0	253	40	36	138	64	21	8	177	136	
187	127	171	172	50	70	155	119	0	236	252	231	53	158	163	2	236	253	85	133	173	219	160	12	240	165	174	176	109	36	38	219	
168	124	252	101	224	47	125	55	112	170	54	24	147	49	129	59	13	148	124	40	168	252	225	14	199	203	117	148	226	240	66	161	
253	69	110	237	53	22	79	56	101	200	255	2	91	107	177	119	88	196	63	234	232	179	113	140	243	251	227	144	39	191	112	97	
10	204	116	29	59	217	157	63	207	84	92	135	175	76	50	101	6	35	234	5	198	45	119	157	230	82	88	19	94	12	133	125	
162	204	2	156	93	197	142	230	150	2	64	2	32	202	49	65	200	106	19	195	98	174	18	191	49	22	154	8	17	25	48	138	
176	126	110	51	18	194	185	100	244	204	247	183	33	12	22	1	104	173	197	133	236	188	101	14	101	161	186	129	101	0	126	219	
38	95	88	200	236	241	150	218	5	74	124	110	2	211	167	236	94	248	134	114	79	34	98	188	50	253	32	171	255	249	248	149	
30	147	83	235	50	130	59	120	37	5	123	230	79	87	168	228	118	25	157	230	147	145	45	245	138	236	42	194	54	131	165	117	
130	76	134	156	78	160	190	230	156	130	210	2	44	234	49	75	110	235	59	195	96	143	2	235	16	34	218	136	21	121	33	136	
200	148	190	248	161	44	125	23	191	19	38	16	159	183	96	123	167	23	121	24	50	77	179	194	207	251	86	64	130	224	227	34	
178	69	66	169	220	34	110	71	45	0	250	18	11	10	52	80	122	143	95	240	56	187	65	206	182	252	130	208	37	155	242	128	
8	181	58	126	113	204	113	119	169	9	109	0	62	247	32	48	164	59	215	8	82	184	48	45	243	253	48	3	98	130	231	187	
3	223	106	187	118	131	191	247	30	68	94	231	253	206	182	96	127	107	23	197	231	188	110	255	108	39	190	136	61	154	185	217	
201	158	237	95	162	86	191	191	124	79	87	244	253	119	154	103	23	87	191	174	241	220	165	111	102	47	126	128	46	228	165	249	
198	141	114	224	244	137	254	227	137	64	184	139	140	14	52	1	254	179	31	247	240	43	0	255	190	220	138	250	21	143	209	193	
178	69	82	230	116	10	222	101	57	2	248	10	43	10	53	81	126	129	23	227	104	183	0	207	178	220	142	144	101	250	242	137	
178	205	98	227	182	10	238	117	125	34	251	18	75	11	20	81	122	135	31	226	248	191	65	238	182	255	134	208	103	155	240	128	
195	147	60	193	186	19	56	189	175	121	150	245	220	30	190	103	167	23	255	229	247	29	45	215	186	91	191	246	30	132	169	29	
252	109	225	248	221	35	78	255	83	162	184	91	91	121	81	157	89	202	149	59	249	102	89	154	251	207	229	188	255	252	242	32	
178	205	112	238	244	2	222	117	25	2	249	131	75	15	52	17	254	147	151	231	248	174	64	239	178	254	138	208	55	142	226	17	
118	77	116	207	166	19	222	189	105	226	191	139	105	108	149	48	62	247	93	239	232	161	45	255	50	126	205	144	119	246	80	93	
218	188	188	176	139	228	149	135	159	247	134	51	188	191	66	75	229	51	249	145	50	79	146	243	219	83	222	123	130	68	165	123	
242	69	66	237	68	11	110	103	13	34	251	10	11	10	52	80	122	205	95	226	104	183	65	206	178	252	130	176	53	250	242	136	
100	52	249	199	100	126	115	26	123	251	191	56	223	255	205	186	183	221	236	10	1	114	249	224	159	221	33	62	194	235	71	179	
1	132	99	135	116	190	234	51	125	73	91	214	179	56	148	228	94	46	22	13	181	184	101	143	36	126	186	192	14	206	88	253	
159	137	190	249	21	223	90	64	215	77	198	18	15	25	50	228	224	160	159	92	62	169	49	188	139	223	128	83	178	141	248	102	
194	141	114	129	252	137	234	97	237	0	184	2	140	138	116	64	106	163	95	243	210	43	64	247	188	24	138	232	21	10	225	128	
124	69	124	238	61	30	78	184	69	40	254	8	123	105	53	83	216	228	127	106	232	163	121	189	243	251	225	16	114	187	112	2	
38	108	226	202	84	179	170	192	86	162	121	2	64	200	125	40	121	232	19	243	130	182	44	250	58	12	143	172	213	123	112	132	
6	24	158	155	117	167	184	64	62	9	83	18	140	218	32	72	255	41	51	17	50	180	26	247	13	54	26	66	144	9	33	131	
231	173	1	8	93	237	195	170	81	89	168	28	146	56	84	49	201	138	83	111	187	42	211	87	13	24	129	124	217	73	82	48	
24	27	145	175	176	44	15	153	42	8	73	96	247	119	9	80	212	95	29	106	11	144	217	41	229	229	170	16	16	243	3	169	
235	132	110	220	93	214	90	33	221	101	231	17	83	47	54	113	192	164	59	174	60	157	117	222	127	59	192	65	49	136	252	66	
29	96	219	234	82	49	170	216	38	1	117	226	121	199	232	232	126	88	151	254	3	146	174	113	82	237	171	236	183	147	43	176	
134	112	226	211	231	209	184	192	31	247	81	179	12	222	127	40	255	89	147	211	198	246	174	192	31	24	223	175	149	29	119	215	
6	140	2	154	148	163	170	224	22	1	91	2	96	234	48	64	89	42	19	147	18	186	8	255	40	38	139	192	149	75	48	128	
35	127	233	205	110	1	157	127	2	226	220	239	176	188	213	32	222	127	23	133	201	58	229	168	102	45	190	186	29	250	48	249	
23	105	252	193	158	119	90	218	7	160	142	2	211	119	241	44	127	240	58	250	12	17	57	216	187	158	143	55	181	251	4	44	
90	217	150	238	155	204	86	228	175	128	234	8	111	255	32	82	226	247	249	194	74	139	154	253	187	245	15	27	34	50	167	26	
183	231	200	90	202	49	30	252	21	150	237	246	97	226	187	125	127	218	130	254	238	71	46	59	58	78	231	173	183	243	172	132	
63	199	196	148	206	19	207	249	18	182	156	206	65	99	187	143	93	202	19	238	233	67	79	158	56	7	239	252	191	254	218	176	
109	177	169	72	221	93	201	217	198	113	133	8	179	85	90	174	89	2	122	92	219	2	251	17	79	217	133	124	146	10	214	244	
20	108	199	229	23	39	124	71	135	162	136	2	39	191	113	14	56	252	83	232	72	247	144	136	243	196	199	33	167	250	182	138	
57	221	123	238	118	214	95	240	101	72	124	2	123	95	176	112	126	250	23	234	201	186	60	175	243	237	33	128	103	178	102	249	
60	5	74	236	212	163	206	91	21	130	253	2	91	235	185	64	120	168	23	170	24	179	0	222	242	239	162	136	183	251	112	128	
248	249	24	224	114	207	93	119	51	160	164	8	31	31	64	16	198	189	149	216	90	154	208	30	251	205	36	121	32	128	134	122	
103	205	107	74	196	172	98	200	127	1	107	139	80	236	125	112	241	202	51	222	150	50	156	119	31	44	129	76	149	211	112	38	
90	185	50	184	91	193	16	71	159	21	192	187	44	223	38	80	235	187	147	129	22	11	146	245	147	209	26	235	18	4	167	91	
40	185	58	121	117	221	113	247	254	41	116	8	191	155	64	16	141	59	70	24	130	250	242	55	239	221	52	104	66	136	195	171	
90	217	22	238	155	197	94	228	175	68	202	3	111	255	36	80	234	243	251	194	90	11	26	253	251	245	143	91	50	38	165	90	
86	208	109	237	10	99	27	184	38	114	158	167	213	63	11	72	127	213	125	227	73	0	125	21	195	231	235	149	61	115	53	114	
41	152	57	219	125	189	209	222	95	93	116	20	190	217	38	108	201	58	50	24	178	46	122	183	79	223	18	122	210	8	213	239	
184	252	120	104	112	207	91	254	113	32	100	8	59	23	0	49	62	216	23	106	234	62	112	63	243	201	33	108	113	153	98	171	
223	89	224	111	178	26	95	53	113	194	87	166	251	109	151	100	22	118	181	238	253	156	237	142	238	255	37	128	39	182	9	125	
136	223	107	191	118	130	191	247	62	68	90	231	189	206	162	64	127	123	23	197	226	152	46	255	100	39	190	128	20	152	181	249	
21	195	220	158	202	18	175	232	194	150	188	162	105	226	239	143	127	211	166	242	84	67	47	249	56	6	239	141	189	243	45	133	
135	219	78	201	40	151	109	145	133	85	199	214	201	7	170	109	102	144	62	238	207	149	117	213	134	216	130	198	62	157	168	116	
117	225	204	202	94	81	66	216	134	17	149	74	87	193	232	235	120	208	126	250	27	67	203	49	216	1	161	124	60	155	184	32	
188	204	229	125	151	115	77	255	23	242	188	210	91	45	177	175	127	222	149	172	249	254	125	158	123	207	245	180	247	252	244	248	
100	112	189	103	40	79	117	152	234	184	187	8	215	117	73	58	132	84	108	106	64	224	251	0	199	143	117	20	192	251	70	35	
57	158	229	117	142	115	77	191	87	246	214	246	89	45	147	175	127	222	180	156	185	250	103	158	126	239	245	132	247	252	188	125	
139	159	124	125	182	150	127	183	85	78	94	183	217	125	182	101	87	55	181	174	245	156	109	191	110	255	242	196	55	196	213	245	
85	113	185	102	44	76	71	152	234	232	191	8	211	221	221	34	148	212	124	90	201	33	249	32	243	189	37	60	64	187	86	115	
58	147	20	237	105	244	81	63	5	29	92	100	236	119	168	212	196	18	166	0	10	10	99	157	135	247	240	219	178	128	44	59	
147	247	31	224	246	134	189	247	156	121	210	246	84	31	168	33	255	23	23	253	241	223	0	198	124	138	238	196	12	152	161	185	
209	219	75	111	48	30	78	181	101	72	254	228	115	83	144	244	54	236	92	238	217	152	37	47	170	237	36	192	44	162	232	49	
15	156	230	87	235	54	189	191	251	223	54	183	104	254	255	239	183	71	243	191	247	97	191	235	110	127	223	199	207	244	249	215	
104	176	241	65	175	125	81	27	235	253	52	57	10	29	78	62	129	18	197	16	159	108	242	145	75	217	17	255	226	12	198	119	
75	187	229	157	202	243	41	55	86	241	214	230	185	37	146	239	103	230	254	140	177	216	231	157	14	99	245	208	175	228	156	125	
164	104	226	154	212	131	166	204	214	130	112	2	96	200	49	72	121	232	2	211	194	182	10	250	52	4	135	40	213	123	112	128	
147	147	119	193	180	135	188	245	143	121	146	246	92	63	252	165	231	23	127	253	243	217	9	213	42	90	255	198	12	132	177	61	
89	211	179	236	10	36	27	152	39	106	94	102	125	119	9	112	54	215	61	226	139	3	185	241	209	172	235	140	41	243	33	123	
141	164	149	119	184	15	37	189	62	187	35	120	221	115	200	187	23	94	106	122	115	244	201	46	236	131	101	116	194	241	131	161	
43	251	57	8	112	213	159	254	15	77	124	108	56	156	230	36	156	59	151	77	195	58	48	253	115	29	40	186	91	158	134	255	
228	181	189	83	184	111	177	9	122	185	179	120	215	125	205	59	135	30	124	48	35	244	233	24	143	184	101	118	192	232	71	163	
170	188	28	50	121	253	144	39	155	63	36	25	174	153	70	159	129	59	195	17	102	124	82	183	143	83	84	123	82	76	143	207	
166	4	98	158	76	161	174	65	212	130	121	18	96	232	53	72	120	168	19	163	128	183	2	202	16	44	203	168	85	123	112	128	
4	72	134	155	148	131	42	196	182	1	83	18	72	194	33	72	120	105	34	210	34	180	10	254	4	38	154	64	148	25	161	128	
215	135	86	209	182	130	236	39	237	145	27	210	73	106	180	99	99	167	46	191	116	232	69	196	126	42	231	196	173	168	249	4	
168	148	108	81	252	251	237	191	95	63	60	184	251	61	156	52	159	26	247	8	250	120	111	183	111	223	53	244	214	200	214	249	
31	88	53	185	47	243	153	216	15	115	20	163	221	31	51	237	103	81	159	215	7	5	117	253	195	211	90	215	182	149	13	119	
117	104	137	160	140	45	79	154	67	243	128	88	147	48	85	186	205	196	120	127	159	102	247	18	153	158	197	124	144	121	210	100	
220	72	247	246	43	74	93	236	189	178	166	24	127	247	9	127	102	245	249	234	104	199	171	234	211	242	87	23	34	177	38	34	
136	193	61	121	173	221	85	175	215	63	38	16	175	153	88	77	129	26	233	72	114	108	99	149	207	219	84	123	82	8	197	43	
163	248	3	136	90	139	163	64	30	96	72	238	180	146	224	128	88	40	18	212	67	150	84	95	20	4	139	40	28	8	17	156	
101	56	248	83	100	61	240	82	74	239	52	12	176	184	87	58	141	106	82	30	135	122	244	32	15	29	112	42	201	251	90	255	
137	158	107	169	50	210	63	49	116	78	87	244	221	23	162	228	86	60	150	110	245	156	109	191	230	247	50	196	62	134	173	245	
130	164	144	145	230	42	184	143	62	51	82	18	204	170	72	72	183	15	51	144	50	220	139	211	12	54	223	230	132	64	129	137	
164	105	226	158	212	131	174	192	86	130	112	2	96	200	53	64	120	232	2	195	224	183	10	250	48	14	143	40	85	123	112	136	
2	188	146	155	249	165	184	199	158	27	88	48	172	254	100	8	207	59	179	17	18	122	194	243	13	30	30	234	144	76	163	139	
134	4	150	151	214	162	168	67	180	131	83	18	76	234	57	73	123	45	19	177	48	213	8	206	24	6	223	196	133	104	177	128	
55	199	237	88	154	7	79	249	86	182	232	199	65	106	255	75	93	202	3	254	252	67	47	24	122	14	207	172	181	243	228	212	
164	12	2	158	84	163	174	66	148	130	81	18	96	234	49	73	121	104	19	131	32	246	10	234	0	38	202	8	149	105	48	128	
31	13	99	202	212	178	239	119	245	195	223	210	89	238	182	228	123	174	23	189	189	179	36	206	58	110	175	192	167	238	240	228	
62	205	100	247	246	146	254	180	61	192	127	130	249	111	156	97	127	251	23	254	250	248	109	239	238	223	175	196	103	255	240	217	
134	88	154	155	116	167	184	192	30	9	83	18	156	218	33	72	255	41	51	83	34	180	26	242	5	54	26	66	144	25	33	131	
6	73	134	155	212	131	174	196	150	2	82	2	104	202	33	72	120	107	34	210	98	182	10	254	48	38	159	192	149	57	161	136	
134	121	226	147	231	193	188	192	158	212	81	179	12	220	119	9	254	249	147	211	194	246	154	224	21	16	207	175	21	127	53	215	
212	62	253	243	184	110	57	154	187	191	179	56	223	127	77	59	167	85	237	50	48	229	251	96	203	251	99	246	192	225	7	115	
130	164	230	145	198	34	188	207	58	243	82	147	72	174	126	11	127	223	51	181	176	254	133	194	28	46	223	196	133	100	241	208	
166	4	226	158	196	162	174	65	212	130	81	18	64	232	53	73	120	168	19	163	176	183	2	202	16	46	202	136	213	122	112	128	
31	5	234	192	214	178	239	95	85	193	222	18	89	171	188	100	123	238	23	189	185	187	37	206	126	239	174	196	167	250	240	160	
0	205	2	136	148	129	174	231	6	1	88	2	32	136	32	64	104	42	2	192	66	168	0	253	40	36	142	64	21	8	176	136	
60	5	226	236	212	163	238	95	85	129	252	2	89	235	177	64	120	170	23	184	152	179	0	206	114	239	166	128	183	250	240	128	
88	189	50	234	153	197	86	231	135	9	168	9	174	255	96	80	201	243	255	209	90	11	154	181	251	245	143	123	18	14	164	90	
132	72	130	154	212	131	174	196	22	130	80	2	96	202	49	64	120	106	19	211	98	182	10	255	48	38	143	8	213	59	48	136	
11	16	112	225	101	156	248	16	237	89	118	51	142	159	246	111	238	153	151	145	134	60	34	192	71	217	26	130	86	132	101	223	
41	218	181	219	253	253	241	223	95	125	116	124	190	156	190	236	205	26	182	29	151	124	123	245	79	219	48	250	210	12	197	255	
182	205	66	235	212	2	110	228	61	0	250	2	75	42	61	81	122	199	31	242	120	187	73	238	190	254	134	196	181	219	240	136	
221	72	252	247	44	8	125	184	237	246	183	145	223	99	147	123	103	228	125	78	232	69	239	224	214	251	119	148	38	241	65	96	
77	91	107	200	224	84	127	151	61	70	106	198	25	134	183	112	118	137	18	230	205	16	52	193	118	237	142	4	58	242	228	84	
230	123	230	150	239	81	190	232	203	246	81	171	72	236	255	43	254	253	179	231	196	115	174	224	55	24	207	175	71	127	119	215	
166	122	226	155	119	227	186	192	30	207	81	179	172	206	127	72	255	121	147	215	38	150	10	242	29	22	155	171	149	31	53	211	
203	220	246	127	246	50	127	183	113	75	94	179	249	127	158	111	55	119	181	175	244	252	173	239	102	255	244	128	39	244	240	253	
178	77	82	230	116	42	206	103	57	2	250	26	107	42	53	17	122	203	23	227	104	183	0	239	178	222	206	144	101	248	242	136	
62	205	98	227	244	10	238	245	125	2	251	2	75	43	60	81	122	199	23	226	232	186	73	238	182	255	198	192	103	187	240	128	
179	73	98	204	68	18	238	96	217	192	218	131	104	236	183	33	126	237	55	231	196	243	174	236	54	40	207	136	101	254	115	212	
178	205	80	172	244	2	206	231	57	2	184	26	15	42	52	81	126	227	31	227	120	175	64	255	178	254	202	208	53	168	226	136	
205	50	188	246	104	44	121	26	171	255	55	60	157	247	203	122	167	197	125	14	128	69	235	192	214	251	123	172	130	241	3	113	
62	205	226	231	246	26	254	244	125	2	254	130	107	47	157	112	127	207	55	234	232	184	45	239	246	255	230	128	103	255	240	137	
8	178	245	81	244	189	249	159	127	61	54	184	159	157	220	60	151	26	247	24	179	124	107	215	79	223	117	244	214	140	215	253	
54	77	66	239	84	10	206	228	61	34	250	10	75	42	53	81	122	207	31	226	104	179	1	238	178	238	134	144	101	251	242	136	
194	141	82	131	244	137	238	231	173	0	184	10	172	10	48	65	106	163	95	243	114	43	64	255	188	20	138	248	21	10	225	136	
200	172	190	112	133	236	101	135	249	19	38	24	159	179	80	123	129	70	104	24	58	109	178	0	207	251	86	77	194	80	195	42	
24	254	42	181	38	193	255	246	4	230	28	167	61	141	115	0	184	121	147	231	194	61	56	255	241	199	175	161	53	62	53	251	
67	218	39	213	98	135	173	247	158	122	18	102	48	31	164	32	175	151	63	129	195	25	1	245	60	14	255	134	29	8	177	57	
25	205	106	187	86	131	191	246	30	68	94	199	253	207	178	96	127	107	23	207	231	188	46	255	100	111	190	128	61	158	177	217	
184	237	88	225	80	207	85	119	49	165	100	24	63	23	64	17	168	191	21	152	120	158	240	30	255	201	52	97	32	128	198	170	
118	77	224	70	182	18	222	180	105	194	190	139	107	109	151	54	54	245	221	239	232	161	237	238	58	124	141	146	103	246	82	93	
35	142	167	117	181	174	109	55	121	235	118	93	162	45	22	53	129	46	53	13	188	248	113	143	239	254	84	0	202	204	210	124	
139	239	70	222	91	145	108	253	191	144	84	230	104	227	191	245	118	162	150	252	231	72	14	223	62	88	135	139	63	180	104	13	
45	152	9	184	77	103	201	250	18	113	228	28	147	37	18	41	72	136	18	237	59	122	112	21	197	219	217	124	89	41	90	240	
162	30	87	153	126	163	176	246	141	217	208	247	132	10	164	65	206	33	7	113	179	142	67	126	44	18	186	194	156	137	49	153	
130	123	84	219	62	155	16	92	223	13	240	227	174	91	173	73	206	51	206	80	174	173	67	253	166	242	50	211	214	137	12	15	
45	188	0	168	93	37	73	250	86	113	236	28	147	86	114	53	93	136	18	252	191	106	119	21	205	201	137	124	91	141	114	240	
248	9	37	124	93	197	201	32	198	8	230	8	123	157	52	240	200	180	125	200	88	47	115	189	81	235	226	88	81	1	116	106	
200	140	190	248	137	228	93	7	191	155	38	16	190	183	96	123	161	55	121	24	50	77	178	194	219	251	94	73	130	64	165	42	
32	149	123	79	116	172	99	115	109	9	127	64	54	243	172	48	188	58	70	8	147	184	48	111	103	189	32	64	66	202	195	171	
2	157	18	155	252	129	184	231	158	9	88	34	172	250	32	64	207	59	51	17	18	152	2	245	44	22	158	234	20	8	161	137	
237	161	161	104	157	37	66	155	87	113	141	28	155	105	88	204	217	138	233	253	155	98	219	147	203	221	133	124	219	13	210	50	
157	119	200	174	134	34	79	216	80	194	220	255	95	105	155	139	63	192	133	111	233	102	141	10	240	195	101	140	239	255	186	17	
55	131	204	141	202	19	141	251	130	180	156	198	65	102	247	38	93	196	98	188	204	75	239	153	56	6	207	181	183	238	188	196	
247	111	81	248	156	35	71	207	83	182	184	90	3	226	229	29	217	202	68	54	122	103	111	154	184	222	133	126	241	248	246	68	
91	212	96	109	50	154	94	53	117	194	95	167	123	109	150	116	54	253	189	175	253	156	101	207	226	255	37	146	39	166	128	117	
28	220	43	225	36	193	127	246	22	98	142	166	191	151	107	64	253	217	155	195	75	157	57	191	243	197	143	69	54	159	52	122	
253	127	81	160	174	35	70	154	67	250	152	255	79	33	209	159	27	196	221	115	237	103	205	154	248	193	101	188	191	253	248	1	
18	78	111	60	74	235	191	230	220	78	88	143	117	44	55	0	174	227	119	135	132	185	38	125	85	47	120	129	117	123	7	219	
66	75	251	28	74	203	159	6	204	68	90	135	36	172	55	64	230	35	43	69	132	184	103	123	87	46	56	139	117	156	5	95	
125	117	49	102	116	12	79	152	96	232	121	72	147	209	217	48	28	220	20	110	201	50	248	42	245	172	37	172	104	187	82	33	
67	27	250	158	102	144	183	7	205	68	94	167	166	172	167	68	198	42	170	69	196	187	38	226	86	52	18	11	52	222	60	95	
35	155	253	137	238	219	181	231	207	117	120	167	4	44	182	36	175	3	34	5	213	56	54	209	4	22	94	38	213	108	213	220	
19	3	42	40	36	180	249	99	236	76	127	7	63	234	50	0	180	35	37	13	148	185	52	77	210	175	58	193	65	66	171	65	
71	187	228	85	239	18	188	239	251	251	146	231	104	252	215	47	167	71	251	181	246	105	175	249	46	62	223	223	199	244	241	223	
68	113	185	103	40	78	119	184	104	168	187	72	215	119	73	50	148	84	125	106	193	33	251	32	225	172	37	28	64	179	71	35	
70	235	231	149	175	22	188	174	191	187	26	227	236	252	93	14	183	87	123	245	150	73	139	249	47	30	223	206	132	116	145	215	
82	171	50	184	219	192	184	71	159	5	200	179	44	206	98	64	231	59	187	145	22	11	130	247	185	116	158	235	20	4	173	223	
8	185	58	120	241	205	112	119	191	9	108	24	191	159	96	16	165	59	215	16	66	188	18	183	239	223	20	107	66	0	135	155	
57	157	123	111	116	135	111	240	116	72	126	66	115	117	176	112	126	234	23	238	201	186	60	63	119	173	164	128	119	250	114	233	
120	249	18	238	153	205	86	244	163	8	172	8	126	255	96	80	240	243	253	66	74	43	154	189	251	253	5	59	114	50	230	26	
1	202	147	237	96	4	174	254	58	42	90	102	253	34	185	224	183	79	54	206	193	152	137	123	36	174	126	164	28	242	41	137	
6	76	2	154	148	163	170	192	22	3	89	2	96	202	49	64	121	106	19	211	34	182	10	255	40	6	143	200	149	31	48	128	
167	104	226	222	84	147	174	200	86	130	81	2	104	200	117	0	121	233	19	211	198	182	46	250	48	14	143	168	213	63	112	192	
105	77	100	76	125	159	79	58	69	104	254	10	123	121	181	116	88	230	95	106	201	170	113	189	119	255	165	144	115	191	112	37	
70	171	180	151	175	132	190	168	142	187	154	227	236	254	93	70	183	119	251	247	150	73	139	243	45	54	207	254	132	118	133	7	
168	236	124	105	84	79	127	254	116	32	100	8	19	17	17	49	8	216	66	106	104	190	113	63	119	139	33	36	113	153	70	170	
17	99	43	165	36	239	237	115	236	236	94	5	183	140	50	0	160	33	127	13	196	153	48	12	211	71	170	129	4	98	117	122	
134	12	134	158	69	164	170	66	148	130	195	18	40	238	49	75	108	123	51	195	32	223	18	234	17	34	218	8	149	125	49	130	
162	204	4	156	77	197	132	231	150	19	192	18	160	152	48	65	201	42	19	193	98	46	82	183	37	18	222	59	80	24	240	138	
168	60	188	117	228	175	117	23	241	187	54	24	159	59	1	27	133	118	108	8	176	252	113	34	207	219	116	16	194	209	194	171	
207	207	70	218	255	144	126	212	253	24	118	230	104	194	191	253	126	226	158	252	239	88	14	255	62	120	134	139	191	212	248	13	
15	165	97	67	246	249	235	91	79	97	125	238	152	12	222	164	63	11	23	157	151	56	108	215	46	28	159	228	255	142	211	245	
27	165	226	130	151	208	122	231	207	101	158	7	42	174	126	132	104	202	142	212	94	185	180	229	187	85	148	67	175	142	252	94	
186	172	236	186	207	241	156	239	151	119	140	187	41	238	102	139	203	243	187	147	46	79	110	183	218	83	223	251	183	93	188	222	
116	88	47	225	44	70	95	178	132	232	158	231	211	31	49	96	221	245	61	231	201	145	113	28	201	167	239	212	12	58	20	114	
49	161	169	231	70	79	237	109	90	225	93	10	117	173	88	32	184	31	83	141	65	184	185	19	247	141	189	48	109	202	211	186	
13	207	148	151	162	58	174	165	252	19	75	244	236	98	137	207	35	71	234	218	49	208	15	96	44	35	127	68	136	115	169	128	
27	197	234	193	212	146	239	255	87	193	222	2	89	171	188	100	123	239	23	189	187	187	37	238	126	111	190	196	167	222	240	232	
2	153	18	155	252	129	184	199	158	9	88	34	172	234	32	64	207	59	51	81	18	152	2	245	44	20	158	234	148	8	161	137	
132	88	155	187	246	199	187	194	62	9	82	50	180	214	33	72	255	57	51	211	35	156	26	243	69	7	62	202	144	25	33	163	
146	141	80	158	244	169	254	231	57	2	184	26	237	106	52	65	255	227	31	163	112	47	72	255	180	222	206	216	21	122	225	137	
134	132	130	145	148	162	44	71	52	131	91	18	72	226	40	72	123	47	51	176	48	212	0	206	8	38	159	196	132	104	177	128	
60	5	66	236	212	163	198	127	149	129	252	2	67	235	60	64	120	234	6	56	24	187	0	158	114	239	167	8	247	250	240	128	
171	186	181	219	237	253	249	223	223	125	116	120	190	156	252	237	199	27	191	29	183	124	106	243	79	89	50	254	210	140	213	253	
134	121	170	154	231	193	190	192	158	216	81	163	28	222	117	9	254	121	179	211	192	114	154	224	53	16	207	171	21	123	181	211	
134	73	130	154	212	130	174	198	150	130	82	2	104	202	33	64	120	107	51	210	98	154	10	255	48	38	143	136	21	123	177	136	
205	96	248	246	104	44	121	26	171	255	183	184	157	247	203	122	135	205	125	12	128	69	235	192	214	249	115	172	134	241	3	97	
25	205	107	191	22	131	239	246	22	64	78	134	121	207	50	100	127	234	19	207	235	184	62	255	246	239	142	0	55	159	177	248	
22	195	197	13	136	7	142	253	7	176	136	199	64	237	125	198	125	197	107	253	203	67	31	89	57	6	207	92	221	246	176	176	
2	164	226	145	214	34	172	199	122	99	90	147	8	46	94	40	127	207	51	149	178	252	133	226	60	14	158	196	133	84	177	220	
2	141	2	140	20	129	174	103	4	1	90	2	40	42	48	64	104	43	19	193	82	136	0	253	32	36	138	128	20	8	176	136	
132	77	130	158	212	131	174	196	150	130	80	2	96	202	49	64	120	106	19	211	98	190	10	255	32	38	143	8	21	123	48	136	
120	189	26	234	185	193	22	247	143	9	188	41	190	255	96	80	221	251	221	16	26	11	202	191	251	213	45	251	146	10	166	27	
18	175	98	152	115	193	190	103	173	13	216	163	44	142	38	80	238	187	143	129	86	139	2	255	178	116	154	203	53	4	165	203	
6	4	130	156	148	162	174	71	20	131	91	18	64	234	56	72	121	110	19	177	48	182	0	206	40	38	158	192	149	120	176	128	
166	105	194	156	212	131	174	228	150	130	80	2	96	232	53	0	120	234	19	195	96	178	10	251	48	46	143	168	85	122	112	136	
134	122	155	187	242	195	187	192	30	13	81	50	188	222	33	72	255	123	147	211	34	190	10	255	69	7	191	131	148	25	37	131	
72	168	190	112	141	236	117	135	235	27	174	24	191	187	64	123	129	183	108	24	26	105	178	33	203	255	84	105	194	64	198	42	
5	212	123	75	116	174	235	208	126	9	125	80	211	209	188	48	183	24	6	24	179	180	56	119	71	191	50	196	216	131	99	161	
26	189	18	248	19	205	22	103	175	1	232	0	174	223	32	16	167	59	219	0	82	169	18	255	187	213	26	75	18	0	167	27	
33	221	123	79	116	143	239	244	84	72	126	66	115	121	180	32	124	234	22	238	233	186	52	63	103	47	164	128	119	138	114	233	
200	132	188	248	173	232	81	7	235	31	38	16	190	55	64	123	193	19	253	16	50	76	227	193	207	251	86	123	146	64	133	42	
38	76	130	154	212	131	142	204	22	2	80	2	96	202	49	64	89	106	19	211	98	182	10	255	40	6	143	136	149	27	48	136	
139	157	246	255	247	182	124	183	57	91	94	179	125	127	182	99	215	127	181	165	244	220	169	239	110	255	252	130	167	244	228	95	
54	205	66	239	212	2	110	228	61	34	251	2	107	106	60	80	122	199	31	226	104	179	73	239	178	254	198	144	101	187	242	128	
107	141	100	77	125	159	111	55	197	40	254	8	42	41	180	244	200	166	94	8	201	186	101	255	55	255	128	144	87	204	80	45	
162	129	28	187	141	205	212	47	158	51	161	24	166	24	124	1	201	2	91	1	122	111	91	149	173	219	222	127	80	8	208	138	
232	60	188	119	229	175	116	151	251	187	55	24	159	185	64	27	133	118	108	24	184	252	209	34	207	219	116	112	194	216	194	139	
200	188	190	119	225	236	116	151	185	155	118	24	191	191	64	27	133	115	253	16	50	252	146	34	207	251	116	67	194	81	135	11	
160	204	125	93	68	207	101	246	117	38	100	24	50	17	4	49	8	186	66	72	104	254	113	63	103	139	80	33	83	152	70	170	
125	125	17	100	48	12	71	184	96	168	122	72	223	211	201	180	20	220	84	106	201	48	217	42	241	253	37	44	106	179	66	33	
130	141	80	131	244	169	238	231	189	0	184	26	172	42	56	65	123	131	95	241	114	43	64	255	188	20	142	248	21	74	225	136	
11	183	65	204	95	23	74	125	71	232	93	70	104	3	188	228	124	172	150	172	219	30	77	223	63	92	148	174	63	142	120	61	
61	117	81	101	244	31	110	184	97	168	125	76	83	81	153	180	28	204	20	110	201	178	76	46	164	205	37	164	110	187	82	161	
82	227	184	172	154	80	22	109	2	224	136	171	111	238	234	192	122	157	236	241	94	11	142	157	184	197	175	255	53	38	173	87	
47	36	226	1	87	49	234	202	123	227	125	198	8	136	223	172	123	137	147	157	135	178	189	194	30	28	159	231	239	199	122	212	
123	163	161	133	157	23	142	127	6	165	138	207	64	164	84	134	92	198	232	173	220	11	255	157	57	4	143	124	3	46	144	100	
22	105	46	172	30	135	222	64	133	228	138	131	103	204	51	1	174	241	91	231	76	161	20	124	243	0	139	50	53	123	53	66	
29	203	207	206	194	22	111	248	0	150	77	198	81	103	185	143	63	196	34	238	201	194	63	40	122	47	229	12	191	251	176	240	
31	5	99	220	212	178	239	119	213	193	223	2	89	232	190	228	121	234	22	185	185	187	36	206	58	110	167	192	183	238	240	228	
54	77	194	231	20	10	206	228	61	34	250	2	107	42	61	81	122	207	31	226	104	179	9	236	178	238	198	144	101	251	242	136	
134	122	138	155	118	129	190	192	30	134	80	183	172	206	35	8	255	121	147	211	98	182	10	250	4	23	191	171	149	63	53	219	
57	221	123	234	84	199	123	246	85	72	124	2	51	255	48	112	124	250	23	200	139	186	56	63	127	205	164	64	115	138	116	186	
47	215	13	154	220	38	207	220	18	90	93	86	80	229	187	45	89	74	19	254	251	71	122	55	97	42	239	236	147	251	244	244	
59	250	34	208	181	212	83	87	19	77	220	39	10	157	230	36	252	184	151	84	223	171	32	230	186	85	148	235	14	142	254	215	
191	239	228	30	205	191	212	239	219	215	188	95	106	232	118	143	201	234	226	23	252	107	222	250	58	94	85	59	223	124	218	204	
161	6	105	183	116	170	235	16	84	97	83	214	241	8	152	96	122	174	22	189	177	188	69	175	100	46	186	192	173	137	80	160	
35	171	167	85	244	142	236	39	255	249	114	85	176	172	20	98	141	63	123	13	245	248	215	237	15	62	220	128	72	136	208	252	
178	86	98	172	211	115	158	111	21	6	216	187	12	174	39	89	255	159	151	163	124	135	4	206	178	100	154	159	181	117	175	214	
255	66	96	232	205	53	79	152	67	16	133	218	89	72	253	251	124	193	121	255	158	7	191	176	83	105	201	124	149	191	248	100	
8	155	147	173	36	34	163	242	40	13	90	228	148	163	160	192	198	111	134	65	145	184	128	97	196	165	42	132	76	43	43	145	
127	127	73	128	206	55	94	251	19	246	172	239	19	36	199	187	95	196	220	254	237	71	247	144	58	75	229	252	191	252	250	85	
43	232	12	73	93	183	72	254	71	113	172	12	129	3	82	180	73	136	82	188	143	10	115	149	15	89	129	124	218	140	90	164	
103	127	129	129	205	63	77	159	67	246	140	76	131	32	87	190	205	140	208	156	205	74	245	146	47	92	197	60	154	252	90	220	
91	220	98	79	54	154	94	55	125	64	223	163	75	28	150	116	54	181	157	175	236	137	101	239	34	126	132	146	39	166	208	85	
114	77	100	196	86	18	222	62	233	192	186	139	105	111	149	50	62	245	93	231	232	163	37	206	50	126	141	144	103	246	82	93	
27	11	234	44	147	18	190	100	196	196	206	135	79	236	51	0	126	253	145	229	220	187	20	140	242	229	138	1	111	190	63	214	
9	158	242	173	50	146	63	51	53	79	95	228	223	39	162	228	86	46	182	14	205	144	101	191	226	245	42	131	62	228	169	245	
51	13	98	204	86	146	254	103	121	192	90	131	104	172	182	97	126	239	55	231	196	187	164	205	54	40	202	128	103	252	115	220	
54	205	102	227	246	130	110	244	125	160	251	2	107	107	60	80	127	203	23	242	248	186	73	239	190	222	135	196	39	187	240	136	
6	126	154	187	50	163	186	194	30	15	88	183	236	206	33	64	255	123	147	210	34	156	9	255	108	135	186	195	144	27	37	155	
25	155	99	169	34	243	63	51	53	76	94	231	157	151	162	228	119	40	150	14	213	152	37	159	198	247	43	132	62	228	189	245	
9	95	153	237	114	134	170	214	18	64	92	230	189	51	161	228	54	127	18	200	131	152	177	251	36	173	170	128	31	176	41	185	
2	164	146	145	246	170	184	207	62	51	90	146	204	174	104	72	55	31	51	144	50	216	137	215	12	6	31	230	132	64	161	137	
11	251	114	201	246	153	189	255	15	117	92	231	172	158	254	196	183	27	151	197	214	24	38	245	126	93	62	230	55	158	173	253	
86	235	149	140	186	7	138	170	142	184	152	227	236	234	69	194	183	85	125	245	67	73	139	251	184	52	143	254	12	33	9	13	
77	203	149	151	168	26	174	189	238	159	11	228	204	226	235	206	55	70	106	254	85	65	175	225	172	54	111	196	138	243	161	21	
60	13	106	94	212	179	231	115	213	128	253	2	115	233	181	100	88	234	6	138	184	171	46	255	122	239	167	8	247	250	240	160	
102	127	110	214	239	208	190	224	201	220	217	175	104	236	247	35	238	253	179	231	196	115	174	232	55	56	207	171	69	127	119	215	
114	137	106	113	83	195	232	99	59	37	110	27	8	170	54	80	105	185	179	129	20	26	4	87	95	109	155	227	241	0	111	130	
25	51	150	165	52	90	39	81	36	205	95	100	239	35	131	196	118	46	140	58	137	176	33	140	228	247	38	128	138	206	45	121	
51	203	72	73	28	53	200	222	7	81	172	198	1	5	182	164	76	128	18	172	143	46	119	151	50	77	131	125	123	188	104	212	
35	13	98	221	212	146	236	103	93	192	90	131	40	172	182	97	126	175	51	133	244	186	36	207	54	44	138	128	69	236	241	220	
162	237	226	156	84	131	174	231	86	128	88	2	32	232	53	64	120	234	2	195	226	186	0	255	48	46	143	136	85	120	112	136	
132	89	155	187	246	195	191	212	30	136	82	98	181	215	33	72	254	123	51	210	99	156	10	123	229	134	62	136	148	89	165	171	
2	165	146	145	214	162	190	239	62	35	90	146	76	174	120	64	119	31	51	145	50	152	137	247	44	6	159	196	132	64	161	137	
128	77	130	156	212	131	174	230	150	130	88	2	96	234	49	64	120	106	19	195	98	186	10	255	32	38	143	8	20	121	48	136	
6	4	130	137	148	162	174	103	20	131	90	18	72	234	56	64	121	111	19	177	48	152	1	206	40	38	158	196	133	120	176	128	
130	77	130	158	212	130	174	230	150	130	90	2	104	234	33	64	120	107	51	194	98	154	10	255	40	38	142	136	21	121	176	136	
56	133	98	204	212	179	238	255	85	129	254	2	81	233	188	64	121	234	23	184	154	187	32	238	122	239	166	192	183	218	240	136	
11	182	49	219	237	253	241	223	207	127	60	40	190	156	254	239	135	27	255	29	151	120	234	209	79	89	118	254	214	204	213	253	
204	32	248	247	232	40	121	26	171	191	55	24	157	235	223	94	167	207	127	28	128	69	235	224	198	249	123	173	134	245	71	225	
2	172	226	147	214	162	174	199	62	99	90	147	12	174	124	64	127	79	51	149	146	216	141	227	60	14	159	196	133	84	177	216	
34	4	130	141	212	34	174	207	20	131	90	18	64	234	56	64	121	110	19	177	48	186	0	206	40	38	158	196	149	120	176	128	
27	205	35	223	21	151	111	230	23	64	206	2	121	239	48	100	121	234	19	207	107	187	60	255	243	239	135	0	51	31	112	248	
2	205	2	140	148	128	172	231	4	1	90	2	40	42	48	64	104	43	19	193	82	136	0	253	32	36	138	192	20	8	176	8	
6	121	187	191	238	193	191	228	158	152	88	163	180	222	113	9	254	123	19	195	66	219	10	224	117	0	239	170	21	123	181	187	
59	237	234	201	212	146	239	254	87	65	222	2	89	169	188	100	123	239	23	253	218	187	45	255	126	111	174	196	183	158	240	168	
62	205	102	239	22	26	254	248	109	128	254	130	107	111	157	112	126	237	55	234	232	176	45	237	246	255	175	128	103	191	112	136	
162	141	116	254	244	170	254	175	25	3	184	18	237	106	60	65	255	227	23	163	240	174	72	255	190	254	222	208	149	200	225	137	
33	151	63	239	52	46	239	48	108	72	123	68	243	121	184	96	86	66	28	111	185	184	61	47	224	188	32	192	76	235	208	33	
92	179	136	172	184	144	30	169	130	137	152	237	215	234	233	64	221	219	173	241	158	3	206	17	248	197	175	253	188	34	41	19	
204	64	252	246	108	104	125	154	239	214	183	24	223	235	219	91	231	197	127	142	192	69	219	224	214	251	115	157	6	241	109	99	
173	239	72	79	212	27	231	237	84	166	108	134	81	96	159	164	89	238	2	238	97	178	125	63	108	15	165	5	127	251	218	160	
161	217	123	91	244	199	227	247	86	73	124	96	48	213	180	36	92	58	22	88	211	186	112	127	111	28	180	224	83	136	240	249	
155	157	246	255	182	182	220	191	63	91	94	179	109	255	182	101	215	127	181	133	254	220	171	239	106	255	255	194	135	228	225	95	
128	201	130	154	148	129	142	204	22	2	80	2	96	202	57	64	89	106	19	211	98	162	10	191	40	6	159	8	20	91	176	136	
232	132	28	187	141	77	85	173	142	51	161	24	214	89	72	75	201	19	123	49	122	109	91	21	237	219	95	125	80	8	213	2	
40	253	120	106	240	207	87	247	117	8	124	40	191	255	160	48	222	250	23	104	218	58	120	63	239	205	36	104	114	154	194	171	
33	205	99	95	244	135	239	247	87	73	124	70	176	229	180	100	94	42	18	76	243	184	101	255	44	62	166	192	95	136	240	237	
72	169	186	114	169	248	85	135	251	31	172	56	174	187	64	26	129	115	237	16	26	107	130	243	203	247	84	123	194	64	231	43	
133	66	123	91	244	143	235	216	126	9	115	80	211	81	189	56	31	72	6	94	163	180	44	63	100	174	48	68	216	155	67	161	
18	207	38	152	90	128	188	231	156	4	210	167	172	142	50	65	110	171	159	197	246	155	6	255	180	32	154	203	21	4	189	223	
26	157	22	248	91	205	48	103	173	1	104	8	44	255	36	80	162	179	195	0	82	171	18	253	187	244	18	75	82	0	167	27	
99	141	102	92	124	159	232	55	205	73	126	8	170	168	182	116	202	162	22	8	151	186	100	255	39	62	144	144	87	204	208	237	
200	189	158	242	161	236	116	215	187	27	62	24	190	255	96	27	165	115	253	16	50	237	146	99	203	255	86	75	194	80	199	27	
168	12	62	119	65	237	117	98	244	54	102	25	54	179	35	27	169	242	194	10	40	252	16	63	71	203	80	1	115	89	78	138	
112	179	136	172	56	51	90	74	2	169	217	237	215	238	83	16	221	157	229	177	14	3	207	25	216	197	169	189	184	107	30	18	
2	137	16	155	252	137	184	231	30	17	88	18	172	202	48	64	207	43	51	17	82	24	66	247	44	20	30	234	20	8	129	137	
125	111	80	101	244	30	110	188	113	168	126	72	211	97	145	180	26	204	4	110	201	178	205	14	230	237	37	36	106	250	74	169	
167	114	226	6	69	20	252	72	217	206	245	151	72	200	255	142	253	237	179	231	196	247	190	192	22	56	223	175	79	127	122	214	
156	191	19	169	54	138	163	82	36	12	94	228	141	131	130	196	118	61	132	241	83	152	129	143	224	229	42	192	46	166	41	177	
16	157	251	244	114	202	181	103	120	11	122	114	60	189	160	33	55	127	23	1	113	248	32	111	124	231	118	131	101	64	167	171	
155	219	22	173	51	146	57	53	165	77	214	244	143	7	162	230	102	12	140	252	253	153	33	205	170	241	162	215	46	132	173	117	
122	188	172	186	139	241	29	207	151	119	140	187	45	255	106	11	201	211	251	145	62	75	250	179	219	199	223	251	183	92	180	90	
90	191	112	170	186	201	18	183	143	69	152	173	175	255	96	80	151	123	223	81	218	11	218	191	250	213	15	251	22	14	133	91	
10	158	166	153	219	241	61	247	183	95	86	151	173	230	162	236	99	42	170	156	182	216	55	183	79	119	222	203	146	68	173	223	
54	205	70	239	148	2	238	228	61	32	251	2	107	106	61	80	120	205	31	226	104	179	73	237	178	238	199	148	101	187	242	136	
7	177	1	200	219	165	170	200	159	81	8	94	253	216	124	172	253	155	27	255	147	3	30	245	57	28	138	106	157	141	177	20	
155	159	34	203	181	211	214	117	149	77	157	39	42	252	190	164	252	186	151	198	255	169	56	255	170	93	166	131	127	142	252	255	
152	87	107	172	22	230	171	123	52	196	70	151	49	205	50	69	126	169	145	253	232	183	52	142	241	97	138	0	103	140	53	240	
122	168	186	250	27	209	18	198	191	149	172	11	44	223	102	18	233	251	251	208	74	75	154	243	251	213	31	123	51	4	47	42	
93	211	146	170	154	16	14	173	134	73	154	231	255	234	235	192	246	195	172	215	223	3	142	161	184	229	47	220	141	54	169	85	
38	127	106	150	238	192	190	228	200	204	88	163	104	236	55	3	238	249	179	231	196	243	174	232	55	57	239	171	69	127	119	223	
182	79	66	130	210	34	190	231	29	3	137	179	64	46	61	73	127	211	155	167	124	143	77	238	176	6	158	147	181	95	189	158	
2	13	98	157	214	130	174	103	156	192	90	131	40	238	54	65	126	235	19	165	208	187	134	239	52	44	206	136	5	108	49	216	
34	187	48	155	255	205	180	199	159	93	120	175	172	220	102	0	207	59	151	81	214	42	66	247	45	20	158	235	85	12	135	223	
122	174	172	58	141	189	220	207	223	119	132	31	43	236	118	139	137	227	233	21	190	107	238	179	251	87	221	123	215	92	222	78	
27	219	114	201	246	145	191	255	15	101	92	231	45	142	190	196	126	187	151	197	199	153	36	253	126	77	174	226	63	158	169	253	
39	230	133	151	172	31	174	168	142	251	24	237	192	232	221	143	149	64	251	55	215	69	75	179	44	94	239	246	156	254	217	149	
114	77	102	196	94	2	254	100	233	208	186	139	104	110	149	51	46	247	127	231	160	99	133	205	54	58	203	144	101	244	115	93	
46	236	211	82	241	249	162	198	59	1	109	104	40	247	236	180	179	90	130	24	19	26	170	247	47	28	20	107	194	71	207	174	
62	179	34	202	221	213	214	89	67	77	189	47	42	204	254	132	216	138	134	146	207	35	170	209	58	85	133	255	91	14	254	215	
74	22	146	214	195	120	52	7	59	11	79	184	108	167	206	220	183	190	163	0	17	30	146	194	23	119	80	139	138	196	140	53	
59	187	97	136	95	83	216	251	71	244	156	239	10	12	119	132	78	137	134	181	207	42	119	208	26	84	133	255	255	172	60	221	
130	177	32	147	205	197	180	79	30	125	81	191	140	156	110	9	205	27	147	145	82	94	90	208	13	16	222	239	149	12	151	211	
2	201	16	155	246	137	190	239	14	1	88	2	172	202	48	64	254	59	19	1	82	24	66	247	44	20	158	234	20	10	129	137	
2	133	130	129	148	162	174	231	54	1	90	18	72	234	40	64	127	111	19	144	50	152	1	255	44	38	159	196	132	66	177	136	
0	205	2	156	148	131	174	231	22	0	90	2	32	234	49	64	120	106	19	193	98	186	2	255	32	38	142	0	21	120	176	136	
130	141	246	254	246	170	254	167	59	131	250	18	237	106	60	65	255	231	55	129	240	252	10	239	190	254	223	128	133	248	225	9	
2	77	2	156	148	130	174	103	150	130	90	2	40	234	49	64	120	107	19	193	96	154	2	255	40	38	142	128	21	120	48	136	
72	187	158	122	187	136	16	135	187	21	164	57	174	235	66	218	131	123	233	16	22	107	146	241	251	247	86	123	194	68	143	11	
2	133	130	137	212	162	174	239	22	131	90	2	64	170	56	64	121	78	19	145	18	186	9	238	40	38	158	196	133	90	176	136	
133	75	219	107	244	11	239	216	118	8	115	68	211	65	185	40	122	72	6	126	195	176	13	48	100	136	37	4	125	251	208	161	
2	201	2	136	148	129	140	103	4	1	88	2	32	8	48	64	72	42	19	193	82	168	0	253	32	32	138	192	21	8	176	136	
90	237	88	234	147	205	94	230	63	1	108	139	191	223	32	80	182	251	149	208	90	26	88	255	251	197	15	123	50	134	135	90	
74	185	148	186	171	177	28	135	143	23	128	149	172	234	96	218	199	115	235	17	22	75	218	243	138	214	94	123	154	68	169	30	
38	232	209	90	75	209	178	200	27	50	37	168	104	215	205	180	155	219	163	210	67	86	234	243	31	30	21	111	83	23	110	175	
61	175	105	69	213	91	231	251	112	230	108	14	67	97	151	52	89	206	2	46	125	186	125	31	110	239	165	5	239	250	94	236	
230	110	226	158	109	240	158	224	153	206	209	163	40	236	55	11	206	251	179	199	228	111	238	235	55	50	206	171	85	127	118	214	
172	12	150	127	193	237	116	67	181	151	99	25	110	249	33	155	169	50	226	0	60	245	18	42	199	243	80	3	226	125	206	130	
32	77	66	156	212	131	174	103	22	128	88	2	32	232	48	64	120	42	2	129	96	186	0	255	48	38	134	0	85	120	176	136	
118	170	135	158	221	193	160	235	151	221	218	79	96	232	60	70	249	235	107	149	14	107	207	245	24	54	207	251	29	46	56	222	
138	156	246	255	182	178	220	191	63	91	126	179	237	255	188	105	215	255	181	133	178	252	171	255	170	255	223	194	135	196	225	93	
220	188	150	250	139	236	116	215	191	27	172	24	62	255	96	91	165	115	253	16	50	107	154	243	251	255	86	75	130	80	167	27	
220	189	158	242	161	237	116	215	187	27	46	24	254	255	96	27	165	115	236	16	50	109	154	163	251	223	85	123	194	80	195	11	
200	196	156	189	13	109	20	143	158	55	128	24	182	189	72	75	193	19	233	1	42	109	211	145	193	243	90	63	144	88	133	10	
35	157	50	94	117	188	248	119	253	73	126	0	172	184	54	100	172	59	54	1	182	185	50	255	39	62	18	74	82	12	241	239	
34	173	0	156	220	129	142	239	22	0	88	2	32	232	48	65	89	74	19	225	98	250	67	255	60	4	207	172	21	120	176	136	
40	253	120	107	118	143	127	255	116	0	124	0	51	113	0	48	62	234	18	104	243	184	125	63	111	143	36	64	119	138	194	168	
2	157	18	254	219	193	48	103	191	5	105	51	44	254	36	80	178	187	131	128	114	27	18	255	63	180	26	75	16	0	167	155	
2	251	112	155	126	201	190	239	30	65	88	167	172	158	102	0	238	59	147	81	210	56	66	245	44	20	30	235	21	14	133	219	
134	132	244	255	244	170	252	175	31	19	249	18	237	106	60	73	255	195	55	161	178	252	75	255	190	254	223	196	149	232	225	9	
110	234	209	146	219	208	42	200	27	183	77	171	108	231	76	212	119	218	163	210	66	86	202	243	63	20	21	239	146	151	174	244	
34	141	98	223	214	144	238	103	93	65	122	2	40	168	52	96	126	171	19	129	210	186	36	255	54	44	154	192	21	142	241	140	
126	73	102	239	22	26	254	248	109	128	247	130	107	79	157	113	126	229	63	234	232	176	45	237	246	251	175	128	103	191	112	1	
61	191	169	31	215	87	167	255	86	238	92	103	113	116	187	36	121	106	130	47	253	250	111	63	125	71	165	36	251	126	244	246	
35	205	97	95	116	155	238	191	95	64	90	198	184	8	180	228	90	42	18	205	199	184	103	253	44	62	158	192	95	142	241	252	
34	173	96	157	252	171	236	103	95	97	120	10	160	40	20	32	201	174	51	1	240	186	197	191	60	30	158	224	85	72	210	140	
62	201	102	239	22	18	254	248	109	160	254	130	107	79	189	96	126	237	31	234	200	176	45	253	246	253	175	128	119	190	112	129	
33	221	121	91	118	207	247	246	95	64	124	98	49	85	160	32	94	58	19	88	195	184	121	127	111	141	52	64	119	154	196	185	
10	154	166	121	123	213	57	119	183	93	86	181	168	190	166	108	237	59	255	148	183	217	119	213	79	127	250	203	178	132	173	223	
214	205	2	154	146	34	174	230	20	2	202	211	68	162	57	201	121	207	11	231	124	143	13	106	184	38	222	12	149	115	177	8	
114	162	98	188	95	129	232	75	143	4	202	143	32	200	54	196	249	173	107	133	14	107	207	221	20	52	139	123	61	12	120	134	
162	235	160	158	109	221	190	238	219	94	80	139	168	204	127	9	201	107	179	71	198	126	238	241	23	24	218	171	85	29	95	222	
254	180	236	178	141	105	213	141	147	119	149	185	219	253	90	27	153	147	253	17	58	103	250	147	219	87	221	255	246	78	150	114	
70	182	146	218	227	112	62	207	59	31	77	186	12	230	238	220	247	223	163	144	23	94	170	226	30	118	84	239	138	247	174	149	
110	226	224	178	75	129	91	216	19	182	9	175	108	195	73	148	23	217	231	211	74	86	206	243	92	22	141	254	54	167	6	99	
2	141	98	157	86	146	188	103	60	65	90	131	40	174	54	96	126	175	19	133	240	186	36	207	52	46	154	128	5	76	241	220	
75	111	18	133	56	159	140	55	190	168	206	204	175	130	147	228	132	239	252	205	205	152	213	190	172	245	159	144	10	148	11	12	
63	102	166	158	140	39	158	233	220	254	153	255	121	108	63	43	221	199	206	231	244	231	79	44	112	2	255	184	93	127	176	215	
174	180	244	251	188	179	216	159	31	123	119	179	205	255	252	40	159	155	183	149	178	252	107	215	138	223	223	198	215	204	209	85	
24	223	91	244	50	202	55	247	60	134	90	226	63	183	160	97	54	255	133	192	224	249	36	111	248	167	118	129	37	240	165	169	
218	180	188	250	139	229	29	159	147	127	141	59	252	255	106	11	205	147	253	145	58	79	250	179	219	215	255	255	144	74	165	123	
130	249	50	158	79	197	188	206	159	91	80	51	172	158	101	11	238	91	147	193	226	14	210	241	21	16	222	171	21	92	37	219	
47	81	163	206	229	180	238	220	73	65	109	70	104	252	61	172	216	98	179	207	149	35	58	225	55	92	130	10	223	95	248	244	
95	226	128	166	172	9	154	184	10	178	155	239	223	232	219	10	151	197	125	55	206	69	207	147	216	135	239	253	172	127	25	1	
2	193	2	140	148	129	140	101	4	1	80	2	32	10	48	64	72	34	19	193	82	168	0	221	32	32	138	192	20	8	176	8	
61	86	85	105	52	47	79	184	100	8	251	100	83	97	153	112	54	68	76	110	169	160	9	62	232	175	37	212	120	187	66	33	
72	132	156	184	13	109	17	142	158	55	140	25	166	189	72	91	129	19	233	1	26	108	219	17	207	215	80	63	144	88	133	10	
34	141	128	157	220	163	140	239	22	34	88	2	160	170	48	64	89	42	51	129	114	58	67	159	60	6	159	172	21	72	176	136	
2	157	18	152	211	225	176	103	191	1	104	51	44	254	44	80	242	187	147	128	18	155	18	247	63	54	26	75	16	0	167	154	
199	22	226	218	239	240	60	154	31	94	87	183	72	254	191	109	247	115	183	135	164	86	47	243	22	62	218	203	158	247	61	87	
58	129	102	237	22	2	238	120	101	160	242	2	107	75	61	81	122	229	63	226	200	179	9	221	178	249	139	132	119	170	112	0	
10	176	34	153	109	213	185	71	143	93	84	23	172	142	118	204	203	43	179	149	22	94	242	209	135	81	154	235	22	12	61	223	
134	132	212	159	244	171	236	175	63	51	251	18	236	106	60	73	123	199	63	145	50	254	75	255	188	190	223	196	149	104	225	128	
78	18	130	154	235	116	62	220	31	223	85	191	76	238	239	206	247	211	191	214	148	87	170	226	30	22	223	207	158	119	172	87	
6	176	244	217	188	191	248	91	31	251	118	51	204	254	220	41	159	31	183	21	178	248	235	211	14	94	223	230	214	204	209	87	
90	160	152	176	137	165	80	207	163	55	172	25	142	175	106	90	161	147	233	144	30	75	146	209	219	213	94	127	146	68	175	26	
47	223	228	173	173	83	135	190	194	254	156	237	202	108	147	175	207	71	252	231	253	99	111	160	232	115	239	156	206	125	216	85	
230	115	210	218	235	244	190	204	59	223	117	189	76	254	239	252	247	95	162	210	150	94	170	226	30	54	95	239	154	119	175	215	
230	249	82	82	203	209	182	236	187	185	53	40	104	218	207	183	191	219	242	210	70	119	170	241	63	24	69	239	75	23	238	143	
120	169	152	122	155	157	16	199	171	21	172	25	46	171	70	150	161	187	233	16	18	107	146	241	251	213	20	123	210	4	143	10	
207	86	228	154	173	115	94	152	159	222	149	247	236	124	191	239	223	211	255	247	173	102	111	242	6	83	223	143	190	255	188	85	
33	205	123	73	212	207	231	255	117	33	108	10	114	49	60	52	57	138	2	104	115	186	57	127	127	142	20	68	115	138	226	168	
2	184	244	221	188	148	248	191	63	91	118	49	236	255	220	104	215	63	183	149	178	216	227	247	14	126	222	202	150	132	225	93	
3	201	99	139	85	159	174	175	78	65	90	198	232	136	188	228	120	10	50	77	215	184	117	255	36	60	142	64	95	158	217	220	
33	205	123	73	86	207	239	255	118	33	108	2	49	19	52	48	57	154	2	248	83	184	48	127	111	143	20	96	115	154	194	168	
32	141	32	159	116	169	168	39	94	41	120	26	172	168	52	0	201	42	19	1	178	184	66	255	12	62	154	96	84	72	211	136	
152	30	30	245	52	174	124	55	189	138	126	69	191	59	33	81	230	61	15	0	33	189	16	206	231	255	50	1	74	232	105	155	
2	157	50	218	215	244	176	103	221	9	120	18	44	252	36	96	253	59	147	1	178	187	50	247	31	62	26	75	209	8	229	143	
167	251	242	18	235	208	182	205	251	221	117	61	12	222	110	191	175	91	162	83	214	126	170	224	62	24	95	239	195	23	239	199	
32	217	121	203	86	207	187	254	6	0	124	130	49	213	36	32	126	58	19	202	195	184	61	125	103	13	0	32	119	154	69	248	
88	188	158	250	171	228	84	223	187	27	172	24	62	255	96	91	165	115	253	16	18	107	154	241	251	255	87	123	210	80	167	27	
126	251	166	180	223	16	78	220	131	220	154	239	78	231	91	151	93	197	237	247	218	67	203	224	184	112	205	255	175	255	188	85	
122	180	188	186	171	105	28	223	155	255	148	187	255	255	74	11	223	211	253	49	30	67	251	145	219	215	255	255	182	92	149	83	
162	252	32	158	79	229	190	238	158	90	208	183	172	254	117	11	207	123	147	195	98	78	218	243	53	18	222	171	20	93	181	219	
162	179	48	147	237	205	188	231	30	121	81	63	140	158	108	9	205	27	147	145	210	126	218	209	13	16	223	239	148	12	149	211	
133	207	2	187	218	32	46	228	20	2	203	210	209	98	249	67	121	202	10	239	112	144	77	42	188	38	175	4	181	251	177	128	
122	183	236	185	175	121	85	207	11	119	156	187	79	253	90	27	155	151	253	49	30	107	235	145	219	199	253	255	246	204	222	91	
162	243	32	155	205	205	188	231	142	127	80	191	140	220	126	3	205	27	147	193	114	126	218	247	45	16	223	239	21	28	151	219	
150	140	150	158	211	34	38	239	188	19	234	19	68	162	41	217	241	207	10	146	112	207	10	98	184	38	94	79	128	113	171	142	
49	182	229	85	84	31	226	255	86	232	122	230	115	100	146	37	121	238	34	44	188	250	109	31	111	46	181	68	243	104	86	252	
230	110	230	158	237	240	158	224	153	206	209	163	104	236	119	11	221	113	243	199	164	103	238	234	51	114	207	187	133	127	119	214	
130	8	130	157	68	0	172	99	28	130	80	18	40	170	48	9	121	109	34	131	96	254	130	195	20	34	218	128	5	56	49	136	
130	64	242	157	70	0	184	103	56	146	82	146	172	174	116	11	111	109	51	129	224	252	134	194	20	46	218	136	5	36	51	136	
27	22	107	237	54	50	251	24	45	232	87	230	221	31	178	96	126	157	23	173	129	144	37	204	198	237	170	132	47	174	49	241	
191	126	101	125	174	59	159	186	93	254	21	246	203	76	223	175	95	72	215	111	229	228	109	187	38	91	239	182	127	253	221	245	
130	104	130	149	70	2	172	71	30	163	82	18	172	170	113	9	123	109	51	129	96	252	130	194	4	6	223	160	133	120	49	136	
219	17	122	237	38	26	123	121	101	192	247	162	91	79	147	116	126	181	191	238	200	176	37	204	214	233	171	132	39	166	113	113	
126	96	230	229	38	10	238	120	97	160	243	2	75	75	29	82	122	229	127	226	200	247	137	200	178	251	195	148	103	187	114	0	
71	84	224	223	230	48	190	203	31	67	89	179	108	238	255	104	247	91	179	135	166	22	175	243	22	62	218	138	151	247	177	213	
231	251	224	156	235	80	190	207	155	221	84	191	44	238	239	255	231	219	183	215	215	90	238	224	62	56	207	239	158	245	175	215	
2	176	244	217	124	135	248	15	63	89	114	49	172	158	84	72	199	31	191	149	146	248	195	213	14	122	218	194	20	132	225	219	
253	81	85	77	44	30	71	184	97	248	183	108	83	113	153	247	86	196	108	110	233	98	253	8	182	232	97	156	123	187	112	33	
230	255	118	80	251	209	182	238	251	253	52	45	40	254	238	55	175	251	199	115	230	111	174	247	62	24	15	239	67	20	239	223	
10	176	52	153	109	221	184	71	143	93	84	23	172	158	118	205	206	57	183	21	150	92	114	209	7	81	154	235	22	12	61	223	
2	128	244	153	252	171	248	171	31	49	243	18	204	234	124	72	255	143	63	145	178	248	75	215	156	190	223	196	149	8	225	129	
123	1	114	237	38	26	120	121	101	160	246	130	91	15	149	116	126	165	63	168	200	179	53	204	214	249	139	128	103	172	112	0	
2	176	244	209	252	191	248	75	31	249	114	51	140	158	212	41	135	31	183	21	146	248	99	208	14	90	219	230	148	140	209	215	
2	68	130	159	68	34	168	70	30	131	91	18	104	234	48	72	123	109	19	129	96	190	0	203	4	38	154	128	133	104	33	136	
2	40	178	159	230	34	184	70	58	3	91	147	172	174	85	8	127	127	51	133	162	212	129	227	4	62	154	130	133	85	33	137	
166	255	36	146	237	205	182	238	155	127	16	63	172	252	126	3	143	123	211	71	230	111	154	247	63	18	95	239	85	29	215	223	
182	60	166	188	173	240	158	200	155	222	144	131	236	238	127	11	221	113	255	199	44	71	250	234	153	115	207	187	149	125	53	214	
122	163	236	161	143	91	156	207	11	245	156	175	15	45	90	26	63	215	253	181	158	123	229	145	219	199	125	247	231	220	151	91	
2	157	18	152	211	225	178	231	191	1	104	179	44	254	36	64	251	187	131	144	18	154	18	247	27	54	26	107	17	0	167	154	
35	169	35	89	213	221	166	231	78	65	120	70	168	152	116	164	201	42	18	29	215	184	118	245	47	28	150	74	91	14	249	172	
34	140	0	157	116	171	168	103	30	33	90	18	160	168	48	64	73	42	19	129	50	184	65	255	44	54	154	192	21	8	144	136	
3	156	50	216	215	244	176	103	222	73	120	18	44	252	36	96	255	59	147	17	182	186	50	247	31	62	26	74	209	76	161	207	
35	143	98	136	212	149	254	231	15	69	88	199	44	136	54	64	254	171	147	133	214	154	4	255	62	28	142	233	29	142	249	220	
3	233	51	74	213	213	175	231	207	65	120	66	184	220	116	164	248	59	18	157	211	58	62	245	45	28	134	106	91	14	225	236	
108	164	185	250	201	109	113	143	139	63	45	24	150	183	72	26	129	30	107	16	18	102	250	19	223	150	85	127	146	72	134	34	
88	249	148	250	171	204	20	223	175	25	180	40	190	255	64	26	167	115	253	16	82	107	154	241	251	255	87	123	210	80	167	27	
130	252	180	159	45	229	190	206	158	27	144	51	172	254	97	75	205	123	159	195	98	77	90	243	165	82	222	187	20	93	53	219	
2	32	146	145	150	171	184	70	62	163	82	18	140	170	113	72	127	47	51	145	34	220	1	194	12	22	155	128	132	65	33	136	
134	254	48	147	237	205	188	231	158	123	80	179	140	158	100	1	207	27	147	147	242	126	202	243	45	16	223	239	148	28	149	219	
148	207	130	31	210	34	38	238	52	134	203	146	97	98	41	209	113	78	74	234	112	215	141	46	60	38	207	5	161	115	169	128	
33	160	166	29	94	155	160	72	86	177	224	10	112	192	100	32	88	44	98	29	18	251	207	17	92	38	19	125	81	8	99	172	
63	16	120	225	38	27	121	24	105	236	54	174	155	29	215	56	62	149	213	252	141	176	101	128	198	217	161	244	231	175	82	113	
27	17	107	237	54	18	121	48	45	192	94	230	153	15	179	96	118	149	159	237	153	144	101	204	198	233	170	128	39	134	113	113	
2	48	244	221	108	63	248	90	63	251	116	51	140	191	213	43	175	29	247	21	146	252	227	192	14	90	219	166	199	228	67	215	
91	96	114	229	38	26	121	92	105	224	246	138	27	15	151	54	62	149	93	172	140	176	229	200	214	249	163	132	103	180	114	113	
118	96	230	228	13	10	104	72	97	160	226	2	75	203	53	82	122	165	127	224	72	183	133	200	147	232	131	21	103	186	114	0	
243	92	230	92	79	63	212	106	217	206	244	15	106	248	55	119	204	229	254	101	236	111	118	218	18	122	193	27	95	124	124	79	
50	1	102	236	29	2	232	104	101	160	226	2	107	75	53	80	122	165	31	226	72	179	1	221	147	232	139	21	119	170	112	0	
130	132	2	158	68	131	174	103	20	2	121	18	104	234	40	64	121	41	2	162	80	190	8	223	20	38	154	192	21	10	177	136	
118	160	85	225	78	11	232	73	47	176	179	10	75	75	92	90	122	133	127	177	26	115	201	208	158	216	131	116	117	171	114	0	
134	77	82	130	228	168	238	135	169	2	185	18	204	42	61	2	235	195	31	195	112	37	8	226	52	28	158	128	197	91	225	136	
58	0	98	233	23	19	248	64	101	0	246	130	11	11	52	100	122	141	31	169	136	179	5	204	215	249	130	1	119	142	112	128	
2	176	116	217	108	133	248	67	175	25	114	33	172	158	52	72	230	57	255	149	130	248	67	213	6	122	26	194	20	132	97	155	
114	1	70	236	29	3	72	104	101	128	242	10	67	11	52	80	120	164	15	160	8	179	17	220	147	232	139	17	117	40	112	2	
27	1	106	225	54	26	121	16	101	64	86	130	25	15	183	96	126	149	151	253	137	144	37	204	215	233	170	196	39	142	112	96	
2	176	178	153	109	213	176	67	159	93	85	55	172	158	118	77	198	59	179	17	150	92	50	209	7	80	90	235	150	12	61	223	
2	160	212	153	116	139	248	11	63	177	114	18	204	170	116	72	255	13	63	145	18	248	195	213	12	58	223	228	148	8	193	129	
122	0	114	229	7	26	120	96	101	160	246	130	11	11	20	112	122	133	31	232	200	179	21	200	215	233	130	1	103	174	114	2	
2	48	244	241	110	189	248	66	175	249	114	163	140	158	212	42	175	29	247	17	146	248	227	208	14	90	90	226	196	140	67	223	
66	50	180	209	105	221	184	83	239	89	116	61	140	158	86	43	238	25	255	17	134	120	242	192	15	88	90	235	198	132	39	223	
59	1	112	225	38	27	121	16	97	224	182	170	155	31	215	52	46	149	149	252	140	176	101	200	198	217	160	212	103	142	82	125	
35	166	160	155	253	189	200	75	95	109	217	29	160	232	94	8	217	138	147	21	158	50	222	147	12	28	155	125	220	78	216	214	
2	157	82	154	211	225	178	111	30	1	104	163	44	254	36	64	251	59	131	144	18	154	26	255	57	4	154	75	149	2	165	155	
39	180	176	27	237	61	208	75	91	123	61	93	138	216	94	184	217	8	82	29	159	102	222	211	15	92	17	126	216	79	218	150	
2	140	0	157	84	171	168	39	30	35	90	18	160	170	48	64	73	42	19	129	50	184	65	191	12	54	154	192	20	8	144	136	
34	135	98	154	214	225	186	79	23	5	89	163	40	239	62	0	127	187	147	149	18	154	72	223	62	20	154	235	151	142	180	219	
35	167	160	170	221	181	232	95	95	77	121	31	168	200	126	8	217	139	19	21	158	58	94	215	14	28	154	110	223	78	250	214	
231	48	145	80	237	125	80	138	251	251	165	24	78	246	77	190	129	212	248	26	17	103	250	194	31	222	81	126	202	105	74	38	
88	249	148	250	59	205	18	236	175	153	160	40	174	255	64	18	166	211	253	80	66	107	219	241	251	209	23	127	242	19	167	27	
90	177	180	160	139	71	28	207	35	253	158	171	15	63	66	82	255	215	253	241	26	75	145	209	251	213	223	247	167	12	133	91	
130	252	20	147	186	137	190	199	158	51	82	179	172	222	96	73	231	123	155	83	114	220	75	243	44	18	95	194	148	92	129	153	
130	33	146	147	150	163	186	71	62	161	83	18	172	170	41	72	115	43	19	144	50	156	9	238	12	6	158	192	132	81	161	136	
134	124	180	188	45	229	158	202	159	158	144	39	236	254	105	75	205	123	255	195	34	69	90	251	129	82	207	187	148	125	21	91	
