菁纯柔润唇膏（丝缎柔润版）套装	#368 兰蔻玫瑰	http://www.lancome.com.cn/on/demandware.static/-/Sites-lancome-master-catalog/default/dw57dfa677/images/LAN_PRO_IMG/Product Set/LAN00284/L9603800U.png	http://www.lancome.com.cn/dw/image/v2/AARM_PRD/on/demandware.static/-/Sites-lancome-master-catalog/default/dw2b50980c/images/LAN_PRO_IMG/PRO/368.jpg?sw=490&sh=490&sm=fit
26	152	147	162	71	133	181	240	16	34	144	74	60	29	32	104	239	145	27	195	65	63	16	231	149	198	90	50	31	42	33	187	
29	13	42	140	25	115	19	112	84	228	197	32	85	179	163	225	80	44	155	234	60	27	101	30	241	71	171	61	18	47	52	96	
13	160	249	225	164	111	105	159	43	115	39	24	153	55	88	58	21	28	81	60	147	116	241	82	207	221	149	100	194	192	195	240	
144	63	50	107	26	163	146	120	214	168	139	227	99	233	97	64	144	62	11	66	168	185	139	62	114	197	1	50	123	235	96	11	
80	162	153	58	24	232	1	31	246	21	131	16	151	131	64	122	1	23	108	16	26	73	235	16	217	165	59	124	128	64	7	104	
8	175	59	113	180	143	109	183	124	233	126	80	183	33	144	48	3	46	76	12	249	248	97	46	238	159	52	64	192	208	194	41	
2	168	138	155	84	131	170	71	22	3	80	18	36	202	48	64	123	43	19	145	50	156	0	251	36	6	154	128	149	10	177	200	
32	185	251	200	219	205	49	87	174	17	108	8	60	151	96	48	166	187	83	16	19	43	50	85	95	137	2	107	208	2	167	187	
101	36	237	101	68	46	105	26	97	226	238	64	147	53	209	122	92	196	120	188	137	246	241	10	69	235	195	4	225	241	114	112	
56	66	170	22	86	219	163	64	84	133	199	138	242	196	35	40	120	184	194	113	40	179	36	14	241	7	170	25	225	122	55	224	
41	217	55	109	52	143	227	52	76	104	118	64	179	17	176	32	220	40	30	104	201	184	113	61	229	253	32	16	82	138	80	169	
218	80	244	220	46	24	124	29	175	122	183	187	204	95	204	91	231	149	255	132	224	69	227	193	214	251	254	158	6	180	161	83	
165	112	236	64	112	63	176	84	104	232	54	77	210	28	159	43	140	80	247	124	161	102	113	72	95	11	37	128	201	113	67	243	
28	120	185	233	176	78	87	157	54	104	244	0	23	23	65	88	181	29	93	56	9	164	249	22	235	239	37	84	232	178	102	123	
123	38	160	72	61	61	194	74	91	169	140	8	170	33	213	180	145	74	76	60	186	107	233	159	58	92	1	62	210	205	82	44	
68	181	185	105	249	120	150	143	122	83	40	40	156	182	78	58	147	95	192	144	23	74	250	64	109	183	23	111	200	112	135	150	
125	112	187	236	13	223	83	216	249	200	164	12	94	255	1	80	176	253	217	42	9	99	186	138	243	253	5	62	234	50	106	82	
38	108	2	154	84	131	170	192	22	128	89	2	104	202	57	64	120	40	19	195	98	183	10	255	52	6	139	136	21	59	112	128	
228	113	121	74	106	221	115	200	239	8	173	40	22	213	237	52	170	152	74	90	67	35	170	115	19	156	0	127	80	19	102	167	
95	62	228	1	98	46	233	154	42	191	62	253	13	43	215	27	39	197	117	188	128	84	175	66	28	11	105	228	231	245	3	97	
88	249	50	250	185	204	88	191	235	25	188	8	191	219	72	16	132	187	76	24	218	107	146	181	251	253	52	122	66	128	195	11	
2	140	10	154	20	163	170	199	22	1	90	2	112	202	32	64	121	42	19	144	50	156	8	255	40	39	171	192	148	10	176	136	
67	136	159	28	106	106	69	34	184	211	162	25	86	55	0	91	35	229	104	128	17	77	147	97	144	34	80	82	128	96	34	96	
252	161	208	162	243	130	82	133	19	49	185	187	110	72	72	150	217	207	132	81	30	242	200	239	56	244	5	115	225	14	234	139	
197	22	222	71	162	58	56	18	60	43	115	244	223	38	140	251	6	55	236	16	165	148	101	98	6	251	114	128	236	225	139	53	
56	253	122	110	116	143	119	247	96	140	124	8	115	113	34	48	60	250	6	106	72	186	56	63	127	205	37	1	99	154	230	186	
232	141	120	123	141	205	125	191	123	51	164	24	187	59	80	80	9	130	89	8	122	60	251	55	239	223	80	113	82	136	194	170	
208	120	190	190	40	237	177	6	234	147	164	25	183	254	67	59	129	119	104	17	38	109	210	33	217	227	126	59	192	80	15	26	
22	73	102	175	20	130	110	228	189	128	218	2	109	202	53	64	122	237	63	227	200	147	137	237	176	238	143	128	37	59	113	0	
84	52	28	240	25	253	80	7	175	249	174	25	151	191	98	123	161	147	253	16	46	79	50	20	219	211	89	123	184	65	143	19	
168	148	54	185	205	192	177	165	196	22	146	19	205	189	106	79	201	51	171	65	96	109	122	180	205	210	94	79	86	12	181	234	
109	64	237	101	36	110	107	24	112	226	127	72	211	113	157	122	88	196	124	110	137	240	253	10	197	255	225	20	205	251	82	96	
85	176	145	54	10	104	1	136	234	83	131	105	151	214	73	123	3	69	108	19	11	65	235	33	216	160	123	60	136	65	35	115	
49	213	59	111	20	79	103	125	100	232	239	72	243	113	24	112	88	220	78	106	217	178	121	13	229	237	37	20	104	186	194	160	
82	189	62	188	155	205	53	231	173	21	168	9	62	255	34	19	162	179	251	0	118	11	18	253	243	241	30	91	0	0	167	91	
69	92	127	229	36	14	111	48	108	226	115	68	211	67	145	114	22	228	60	110	193	180	125	14	228	251	99	128	108	243	81	112	
151	165	35	66	149	83	194	201	119	53	205	16	200	156	252	165	88	94	208	251	183	251	44	245	43	89	134	111	215	135	255	236	
94	77	98	239	20	130	110	240	245	128	218	2	107	235	49	64	122	237	63	227	200	147	133	239	178	239	143	128	39	187	112	8	
3	169	240	157	190	153	186	207	143	101	152	171	172	254	87	32	142	51	251	133	150	41	231	251	190	94	15	186	85	140	5	222	
82	141	150	146	157	229	118	239	175	53	138	2	238	186	104	66	225	211	235	144	26	75	27	247	185	198	222	95	145	88	173	10	
198	1	70	159	204	11	108	105	191	178	211	26	76	202	40	91	98	197	127	226	120	215	203	220	148	178	207	220	52	41	113	0	
82	141	212	158	219	136	122	174	175	144	136	130	237	254	97	82	227	243	251	211	82	9	218	253	189	244	15	59	20	35	131	10	
99	148	107	69	246	138	238	63	63	99	122	255	113	46	156	112	119	183	119	141	230	152	165	255	126	62	190	130	37	192	211	93	
234	248	16	250	105	205	86	214	191	27	160	8	46	223	101	24	141	251	223	66	66	79	218	243	159	223	21	59	82	17	71	155	
6	204	2	155	20	163	170	232	22	1	89	2	104	234	57	65	121	107	19	243	34	186	10	255	44	6	143	192	149	91	48	136	
2	164	148	145	188	171	120	11	63	51	91	18	206	234	88	72	227	15	127	17	18	216	203	211	140	150	223	244	148	72	145	1	
30	73	114	228	118	10	126	240	45	128	254	2	79	203	177	80	126	253	95	234	200	147	132	236	242	253	175	128	39	183	98	128	
88	138	144	93	27	184	160	39	110	1	202	220	174	160	132	228	166	23	232	1	147	41	133	119	136	244	26	82	200	4	131	45	
236	65	209	103	162	106	39	140	48	164	59	248	215	119	201	150	19	212	68	122	40	176	233	42	173	196	37	20	227	251	70	33	
2	141	6	158	148	130	174	231	180	3	90	18	104	234	48	64	121	107	51	129	114	154	2	255	56	38	158	192	20	8	176	136	
4	77	2	158	20	131	174	98	150	0	88	2	32	234	49	64	88	106	19	195	98	186	2	191	32	38	142	8	21	123	48	136	
129	50	252	69	170	63	165	23	110	235	54	252	159	60	198	43	15	21	110	44	181	252	109	24	196	139	113	180	237	248	139	21	
94	77	98	229	50	18	126	240	45	192	254	130	223	79	179	116	118	253	95	238	200	147	45	238	246	253	175	132	39	183	99	193	
244	176	184	178	172	205	145	200	138	245	181	57	151	221	74	10	138	145	253	81	30	111	250	48	219	193	125	127	208	9	151	243	
19	161	212	136	223	135	168	237	78	181	169	3	76	202	124	128	251	9	34	213	18	106	27	213	29	8	31	110	81	2	225	130	
126	157	118	236	121	118	90	250	169	72	190	45	110	255	46	81	254	181	221	226	200	131	32	221	179	249	11	155	18	230	38	83	
0	136	156	177	8	233	176	138	174	51	162	17	229	86	75	26	129	19	107	0	6	69	67	19	141	199	123	63	16	64	13	2	
30	37	118	237	62	35	250	120	109	160	187	130	207	207	57	65	126	205	95	243	168	163	13	204	178	249	139	148	231	239	97	129	
130	140	6	159	82	130	186	103	188	3	90	147	108	238	48	64	127	187	187	133	114	157	0	255	60	38	154	192	21	4	161	153	
167	96	226	159	94	147	174	200	222	66	81	131	104	204	191	32	126	233	19	231	198	183	46	251	54	14	143	168	85	63	115	212	
130	161	36	249	184	173	120	175	191	25	208	16	172	158	116	65	205	27	255	145	186	72	67	247	143	248	158	250	144	4	161	155	
176	76	151	110	155	102	20	99	52	34	227	16	86	55	1	157	104	247	107	128	41	159	81	46	177	166	80	18	177	112	166	58	
70	56	182	241	237	189	184	82	239	251	177	56	140	188	212	42	175	27	255	17	146	109	226	226	143	95	91	254	198	77	3	151	
65	158	155	249	240	172	57	23	248	27	126	84	188	179	32	120	165	59	54	24	178	152	178	103	239	255	54	192	136	64	163	139	
2	129	148	147	129	133	181	135	158	49	207	17	196	50	42	78	201	127	42	144	18	218	83	225	141	54	222	83	144	78	161	134	
0	193	142	184	213	196	168	237	30	29	80	3	228	226	120	192	249	11	34	29	82	105	27	85	45	39	159	77	144	10	185	200	
2	141	98	154	212	131	170	103	86	1	91	2	96	234	52	64	121	42	19	145	242	187	12	255	56	46	142	192	149	14	240	136	
6	204	2	154	148	131	174	227	22	2	88	2	96	202	48	64	89	106	19	211	114	188	8	255	40	38	142	200	20	27	176	136	
6	68	38	155	30	131	186	200	142	192	219	131	236	206	57	64	127	113	63	247	130	129	14	255	188	38	143	128	149	63	49	209	
32	141	98	158	212	131	162	103	86	1	121	2	96	232	52	64	89	42	2	17	242	186	8	191	56	46	134	64	213	10	240	136	
38	96	98	153	84	131	170	200	86	128	120	2	64	200	61	64	120	232	19	227	224	183	10	222	52	12	139	168	85	59	112	128	
86	76	22	158	62	162	186	224	173	0	219	130	236	238	41	64	119	117	191	243	0	129	11	255	184	54	143	192	148	55	33	17	
29	212	126	111	52	46	123	248	125	8	127	32	95	123	169	112	55	221	21	106	176	176	41	47	251	239	33	196	227	163	66	163	
41	28	189	123	169	125	148	31	30	123	56	92	158	124	12	171	141	19	90	0	243	46	123	49	71	219	80	122	216	72	199	121	
126	115	224	4	235	25	94	253	67	172	188	175	75	40	223	150	62	198	228	126	220	99	239	128	122	85	165	191	231	254	222	95	
84	252	159	228	48	110	83	186	169	171	170	72	215	119	0	114	149	213	125	104	59	193	145	15	241	255	35	84	8	99	3	51	
127	115	196	4	173	25	92	253	67	254	188	239	75	40	223	158	47	198	236	247	220	99	239	128	186	89	229	191	239	254	218	93	
112	121	190	244	40	76	85	36	169	242	164	9	87	191	65	59	168	245	125	67	73	103	178	0	211	225	125	63	97	51	38	122	
20	109	155	167	182	10	239	220	52	162	90	66	245	35	161	64	122	76	23	106	65	176	73	42	228	132	167	132	36	251	177	169	
98	53	25	188	252	237	176	79	138	8	153	104	180	223	36	16	204	57	87	33	18	3	202	219	117	52	186	186	24	90	131	171	
88	137	58	252	25	196	80	35	166	12	142	1	191	223	96	80	192	179	253	128	74	11	210	29	251	229	170	91	48	0	167	74	
216	124	122	236	83	206	115	118	33	132	228	8	63	151	33	16	38	189	197	96	72	187	48	12	243	225	32	1	99	144	38	234	
111	54	225	64	230	123	251	218	91	255	117	254	24	45	223	188	31	220	151	30	183	118	237	226	30	30	117	230	207	253	90	245	
82	157	126	198	86	2	254	255	61	97	123	163	113	47	180	113	127	215	31	165	240	185	45	255	62	46	174	196	101	130	240	89	
32	173	96	223	220	169	166	234	94	0	121	10	160	232	52	64	89	234	19	131	178	58	74	255	60	30	155	40	85	11	112	136	
32	141	2	159	220	131	174	107	22	0	89	2	224	232	48	64	120	106	19	195	114	186	75	191	44	38	143	8	21	74	112	136	
86	62	255	245	98	106	59	58	59	174	119	249	78	119	193	90	55	117	253	34	32	213	137	106	222	247	123	135	166	225	7	51	
111	54	232	64	230	61	123	90	59	239	125	190	25	61	223	188	191	221	151	158	145	118	236	194	94	93	53	230	231	255	86	245	
212	172	222	119	234	42	118	170	187	186	170	56	79	243	73	155	179	247	108	34	48	215	139	106	188	182	119	62	232	241	11	3	
201	120	255	85	34	94	101	150	224	254	38	236	51	55	195	123	38	116	108	78	193	220	178	40	68	171	101	128	104	241	66	121	
84	120	159	240	40	108	17	66	170	179	130	8	151	151	65	11	129	113	125	19	10	69	211	0	209	131	127	60	128	113	7	50	
50	189	47	178	213	69	185	226	24	88	176	9	176	28	37	17	204	19	83	209	121	235	16	172	121	144	222	250	193	8	119	187	
80	157	61	230	184	14	87	189	232	40	186	72	215	123	8	82	134	215	76	98	248	139	105	47	249	239	39	208	64	34	131	43	
188	4	206	174	74	51	92	72	35	163	161	185	79	235	43	154	183	197	245	167	28	71	137	0	146	195	105	191	188	99	170	131	
248	245	82	104	61	143	90	248	59	40	244	8	95	219	8	20	222	153	68	106	104	35	216	223	243	221	33	190	82	155	67	11	
104	149	126	126	229	12	124	51	169	27	119	24	255	123	8	19	143	147	215	42	248	108	2	13	199	251	112	200	66	232	195	131	
108	52	245	85	121	127	113	26	123	187	183	56	222	245	204	63	151	220	108	56	51	112	251	26	95	255	113	118	194	225	71	163	
254	76	206	36	138	35	95	208	148	166	166	139	83	251	35	91	62	229	125	230	44	199	131	0	82	171	97	157	235	249	104	3	
134	141	2	158	212	131	174	99	22	130	90	2	104	234	48	64	121	107	51	195	98	186	10	255	56	38	143	128	21	122	161	136	
223	114	244	103	97	124	127	16	105	238	183	189	223	63	215	127	167	213	253	239	141	71	229	226	215	251	123	155	166	247	103	119	
60	243	229	83	136	89	71	156	98	21	161	56	211	116	216	191	57	210	92	219	219	64	239	49	173	2	245	124	225	83	214	100	
165	53	16	1	245	251	195	194	125	65	108	16	151	18	142	52	89	42	2	56	59	186	116	158	172	156	2	70	202	3	98	164	
32	133	78	140	220	130	174	111	132	128	219	2	80	234	56	65	120	235	27	227	112	155	0	76	124	33	174	204	21	106	176	128	
125	246	225	65	213	28	71	216	115	238	116	236	3	117	223	180	121	204	132	60	235	118	252	130	62	220	133	230	235	254	86	244	
125	32	19	112	157	253	87	192	171	224	170	9	223	221	75	178	176	229	120	126	11	99	250	26	251	253	5	56	74	123	67	82	
172	181	148	19	253	121	247	157	126	255	61	28	203	96	75	188	25	78	238	122	63	112	251	50	111	215	85	117	218	95	222	214	
37	164	181	87	252	47	212	187	91	187	57	88	214	121	76	54	153	94	126	56	179	106	219	30	47	158	85	126	192	104	210	163	
89	217	17	111	50	14	70	180	109	8	186	100	255	83	128	244	22	116	108	106	73	136	217	45	168	237	36	208	42	162	195	57	
205	90	221	246	42	94	95	180	177	222	22	100	253	119	139	91	6	117	253	106	225	68	187	106	226	251	109	132	46	243	7	113	
199	148	159	82	163	108	60	151	184	91	111	84	156	231	12	191	167	83	120	28	179	221	178	66	15	187	86	68	200	208	163	113	
65	157	123	239	118	10	235	248	120	97	123	226	117	61	188	96	62	223	55	239	209	184	141	127	116	46	170	128	109	195	243	185	
82	77	102	174	20	130	110	228	237	128	218	2	105	202	53	64	122	237	63	227	200	177	3	237	176	236	143	128	37	187	112	8	
32	185	59	104	219	229	51	87	46	1	108	8	60	151	96	48	238	59	19	80	19	58	50	85	125	141	2	106	16	2	231	187	
34	141	2	159	92	163	174	234	22	2	88	2	160	232	48	64	89	106	19	195	114	186	74	255	44	38	154	232	21	9	48	136	
18	73	66	236	92	130	238	105	173	128	210	2	73	202	53	80	122	237	63	227	72	147	128	204	182	236	138	128	37	186	113	136	
117	161	61	97	157	111	65	189	99	57	167	24	211	49	88	57	89	132	104	56	25	114	249	20	207	201	133	116	225	8	214	34	
65	57	169	97	197	111	109	23	120	233	46	16	147	53	80	58	129	140	81	156	145	248	241	66	207	221	149	100	200	224	210	240	
32	236	96	159	92	169	170	238	94	1	120	2	160	232	53	0	89	106	51	195	178	190	74	191	60	30	155	104	213	9	81	136	
230	0	86	157	108	10	108	105	173	178	243	26	76	202	61	91	106	133	127	227	112	71	195	204	22	186	203	140	53	168	97	128	
130	141	2	158	20	162	46	231	180	0	90	18	96	234	32	64	121	106	51	128	48	154	10	255	40	38	158	192	20	8	176	136	
9	217	55	109	52	207	227	116	108	72	118	64	182	17	32	36	164	48	30	72	195	185	49	61	229	249	32	0	90	154	65	41	
94	77	102	228	86	26	110	240	61	192	254	2	107	203	181	81	126	237	31	234	232	147	37	236	246	253	175	128	39	183	98	136	
162	248	176	90	249	141	116	214	191	27	240	24	172	223	68	16	143	123	87	80	226	111	218	243	63	158	20	122	82	24	195	139	
2	141	2	159	84	163	174	106	22	2	88	2	104	234	48	64	121	107	51	131	114	186	10	255	60	38	158	136	21	105	49	136	
6	172	180	177	188	169	120	3	255	49	155	24	142	168	80	74	167	27	127	17	178	248	203	209	140	214	27	246	132	72	129	129	
84	121	185	224	136	205	17	192	162	189	180	9	151	159	65	26	170	241	125	81	10	99	178	32	217	193	47	61	224	19	7	98	
158	65	114	228	118	26	254	120	45	128	254	2	79	203	181	112	126	237	95	234	200	179	37	204	242	249	175	128	39	183	98	128	
88	225	26	252	25	196	85	103	161	13	228	9	175	215	32	80	192	187	205	128	90	11	210	29	243	229	50	59	48	0	166	10	
6	76	2	158	84	131	174	192	150	128	89	2	96	202	49	64	120	106	2	195	66	182	10	255	48	38	139	136	21	59	48	128	
130	165	52	251	188	141	120	175	191	25	208	16	172	158	92	73	199	27	127	17	178	92	67	247	142	250	222	250	148	12	129	139	
2	40	176	241	236	45	184	74	239	187	240	24	172	174	85	10	239	95	127	145	146	126	195	224	142	222	90	170	196	193	3	137	
2	140	2	158	20	163	170	103	150	1	91	18	96	234	48	64	121	42	19	129	50	186	10	255	56	38	138	192	21	14	176	136	
86	69	38	142	30	131	190	200	158	128	219	130	236	206	57	64	126	241	63	243	234	135	11	255	184	38	143	152	149	63	49	80	
138	177	180	187	253	173	184	223	159	121	149	57	140	159	126	11	207	27	223	17	178	107	202	209	143	217	30	254	150	76	133	211	
202	208	244	212	111	28	124	55	171	123	151	187	140	31	214	127	231	149	255	135	224	77	227	193	151	251	218	190	6	244	129	87	
32	141	98	158	212	163	162	227	86	1	91	2	96	232	52	64	89	42	2	17	178	186	8	191	40	46	130	64	213	10	240	136	
28	213	126	111	50	46	122	248	61	8	255	32	95	127	137	81	182	213	221	106	168	177	9	238	250	239	35	196	103	179	99	3	
120	104	26	236	65	196	81	102	161	4	230	9	63	151	32	80	224	191	205	192	72	139	144	45	243	225	16	9	98	16	38	10	
82	173	86	188	91	128	94	106	169	128	168	8	239	250	37	211	226	241	251	227	72	75	210	253	179	248	75	59	48	34	43	2	
208	81	29	182	40	76	53	61	168	58	162	0	247	247	73	91	128	85	121	98	65	65	154	1	209	161	111	56	0	50	7	59	
82	157	27	250	155	192	23	231	174	5	200	163	60	247	32	64	227	123	155	192	82	11	58	255	249	231	142	75	48	2	165	122	
65	221	31	118	49	204	119	247	236	8	106	68	190	243	33	80	164	115	76	74	67	185	18	111	237	255	36	2	72	82	163	43	
237	33	233	101	4	111	67	24	112	226	231	8	211	117	89	59	88	196	120	106	169	246	249	10	199	233	65	20	224	235	82	96	
237	64	249	103	4	110	99	16	112	226	103	72	211	113	17	122	88	196	124	110	169	180	253	10	199	235	97	4	105	251	82	96	
37	181	25	111	180	79	71	184	100	232	235	72	211	113	8	48	216	204	92	106	217	178	121	28	237	189	33	116	88	171	66	176	
32	237	122	91	244	207	231	247	119	5	124	8	51	247	180	52	121	250	2	72	242	186	112	127	111	142	52	64	115	138	230	168	
76	148	94	126	233	44	120	187	169	27	125	56	223	127	8	83	135	19	247	40	48	46	10	151	207	255	112	204	194	161	195	131	
120	248	114	250	61	141	82	244	251	8	188	8	175	219	76	16	158	171	76	72	202	43	210	183	243	221	32	58	66	138	67	11	
121	105	59	126	13	205	87	64	227	192	237	8	59	215	32	48	200	234	88	78	74	43	250	57	243	249	4	56	80	59	98	226	
6	204	2	158	148	131	174	230	22	2	88	2	96	234	33	64	89	106	2	194	98	152	8	255	32	38	142	136	20	27	176	136	
6	229	6	155	156	131	174	232	150	16	217	2	96	232	57	64	121	106	19	243	98	179	11	255	44	6	143	132	149	123	48	128	
4	77	2	158	20	131	174	226	22	128	88	2	32	232	49	64	88	106	19	195	98	186	10	191	32	38	138	8	20	123	48	136	
84	39	219	103	146	46	78	23	51	171	171	12	83	35	65	18	53	254	76	24	56	201	145	10	169	140	37	80	224	242	194	40	
220	89	93	229	178	10	79	176	164	168	150	224	215	87	129	67	38	245	93	122	105	193	105	44	232	233	39	148	36	179	1	49	
212	48	157	243	136	237	81	18	166	183	166	24	183	247	65	91	129	31	109	16	58	77	243	34	201	195	113	121	160	65	7	98	
220	81	29	229	40	79	79	184	164	184	151	96	215	23	129	115	6	212	125	106	105	197	105	12	225	234	103	148	32	177	5	49	
164	113	49	74	122	201	179	200	238	8	105	104	28	208	109	48	190	25	66	82	66	34	138	114	85	140	35	110	80	19	103	163	
158	100	118	239	62	35	218	88	101	160	185	10	207	75	57	67	126	133	95	227	168	163	77	204	178	217	139	148	103	235	112	0	
133	184	191	83	160	189	189	150	172	123	38	92	190	180	76	59	133	83	120	28	147	252	176	32	79	155	85	112	200	217	195	57	
84	93	29	234	56	110	85	180	169	184	171	8	215	55	1	115	128	181	125	48	9	3	89	28	249	251	37	84	224	50	6	59	
77	92	235	101	4	14	111	48	113	226	127	68	211	51	145	115	112	228	60	110	201	180	245	40	229	175	227	0	109	243	80	48	
2	140	2	159	86	162	170	103	190	3	91	146	108	238	48	65	127	43	51	129	48	157	2	255	20	38	154	192	20	68	49	136	
210	249	58	188	11	192	53	103	190	6	212	163	44	223	34	65	230	187	239	129	102	79	130	255	241	227	126	139	53	16	165	91	
80	121	155	244	67	205	55	103	190	134	98	9	62	215	97	80	162	123	123	64	66	221	178	123	241	151	22	43	64	48	7	123	
16	140	11	186	20	163	171	119	22	1	90	2	113	202	32	64	121	43	19	144	50	152	8	63	232	167	171	192	148	74	176	136	
18	228	114	142	31	155	186	110	143	32	200	139	172	220	52	32	254	177	219	133	70	45	7	255	189	60	26	59	85	14	17	14	
104	237	123	108	212	206	71	183	112	4	108	8	51	243	0	112	88	254	6	88	91	186	240	63	127	173	36	104	97	130	230	234	
206	182	208	37	242	42	57	59	57	171	127	253	205	55	136	144	55	31	253	32	176	216	193	78	236	231	127	198	166	226	143	177	
79	122	241	87	227	92	127	148	121	254	118	236	104	127	223	190	55	252	246	206	193	116	175	224	86	126	101	130	207	247	74	253	
122	13	118	236	59	166	90	98	137	0	234	9	78	191	37	81	206	181	221	227	8	139	64	205	179	249	138	27	22	231	39	67	
0	172	138	138	148	163	170	195	22	1	88	2	113	202	48	64	89	42	2	145	18	190	8	127	104	7	171	192	149	74	48	136	
216	44	190	189	168	248	16	134	190	151	130	17	183	190	67	75	131	119	237	17	62	205	195	35	203	227	126	17	128	64	13	75	
61	121	168	43	148	205	215	217	82	196	5	5	183	216	83	40	89	74	17	95	158	34	252	51	235	13	175	253	180	119	222	194	
24	126	50	126	25	131	18	112	84	128	193	233	99	193	33	1	84	56	139	96	168	147	1	60	242	199	33	58	122	187	48	10	
102	161	32	18	201	137	19	233	195	244	169	9	66	209	79	23	153	8	209	51	78	82	234	16	31	80	197	126	192	46	86	198	
35	190	144	24	250	185	178	222	218	233	120	237	172	204	199	148	135	107	198	21	151	90	130	115	12	20	61	250	222	69	11	221	
212	52	62	176	138	237	17	2	174	117	170	25	151	158	66	91	161	151	125	17	62	73	179	20	217	163	123	91	128	64	7	83	
129	32	237	97	128	47	237	23	118	242	39	24	147	41	81	59	15	164	120	156	185	124	125	16	77	155	213	52	205	240	194	32	
117	12	150	78	203	63	70	103	113	171	234	24	94	50	36	191	184	118	98	24	57	251	145	42	57	238	84	18	203	122	235	6	
54	165	82	136	222	131	234	235	31	161	249	10	12	200	112	0	122	207	23	241	90	187	202	223	188	20	143	236	85	10	243	128	
111	115	224	4	239	25	190	220	75	236	188	239	74	172	223	150	190	197	247	119	204	115	236	224	62	93	237	191	239	190	222	221	
164	120	133	108	44	47	195	216	82	138	176	72	211	241	209	26	88	200	68	106	41	103	203	40	225	152	229	60	216	249	82	161	
75	151	211	165	178	42	60	51	56	235	91	245	205	38	154	208	55	31	253	37	177	152	197	206	236	119	47	196	142	230	137	81	
208	144	60	248	138	237	17	3	174	55	164	57	151	190	98	91	131	147	125	17	62	79	242	17	217	163	122	123	144	0	15	90	
210	144	188	184	168	217	16	99	170	23	165	57	151	190	102	91	199	147	237	1	126	79	186	17	219	243	90	127	144	0	143	67	
149	72	3	190	84	131	171	80	20	128	83	82	113	195	177	232	120	40	22	218	105	182	10	254	176	166	171	0	61	187	49	160	
3	141	107	231	118	10	170	126	120	33	90	194	117	169	148	96	126	95	23	239	177	184	133	111	36	46	170	128	13	131	243	169	
48	100	67	45	18	171	98	68	52	72	250	71	115	192	13	0	120	172	68	100	45	176	69	15	160	164	160	128	233	27	82	210	
76	153	29	250	141	221	144	61	140	153	149	10	246	21	32	239	72	18	251	81	83	41	123	180	219	243	94	91	150	10	157	43	
88	172	158	176	137	253	16	135	190	63	130	25	143	254	66	203	161	55	237	17	62	77	139	19	155	247	95	87	128	64	141	75	
47	116	226	69	230	59	251	212	123	226	116	190	25	173	215	188	63	221	183	158	129	246	236	226	86	95	245	174	231	253	114	245	
101	48	153	99	141	111	67	152	115	243	165	28	210	113	73	58	217	76	120	62	25	114	249	18	205	158	5	116	200	107	82	50	
38	12	2	158	84	163	170	97	22	0	89	2	96	234	49	64	120	42	19	131	50	186	10	255	48	38	138	136	21	106	112	128	
126	179	224	100	255	91	95	253	67	236	188	175	75	172	222	150	62	204	197	231	220	59	236	136	122	93	165	255	231	190	222	87	
34	161	98	201	254	139	254	237	95	33	249	138	9	204	60	0	254	155	23	241	218	186	77	221	62	92	143	228	117	142	242	129	
89	223	80	111	51	154	70	180	101	8	126	236	111	19	128	244	54	252	204	110	193	184	13	191	182	253	32	192	110	135	74	29	
79	122	253	230	107	94	95	152	57	238	118	237	254	119	203	254	150	117	253	102	197	84	187	200	198	255	101	143	174	247	14	115	
38	100	98	156	84	131	174	232	214	130	121	2	64	200	61	64	120	232	19	227	192	182	8	222	52	12	139	136	85	59	112	128	
109	176	245	113	237	255	241	89	127	57	119	120	222	157	204	60	159	28	254	16	147	240	251	208	95	218	113	102	194	136	198	167	
0	197	6	158	212	131	166	237	20	1	219	18	96	234	40	64	120	106	34	226	114	187	10	255	48	38	158	0	21	26	176	136	
206	240	244	246	109	60	220	146	171	123	181	185	143	191	222	127	231	215	255	135	226	71	234	225	215	251	254	190	134	245	131	87	
35	173	35	11	213	159	238	247	92	64	120	70	176	136	180	164	216	42	18	77	215	184	117	253	44	124	142	64	93	14	248	156	
82	77	98	174	84	130	110	108	245	128	250	2	104	202	53	80	122	237	63	227	200	179	10	239	176	172	142	136	53	186	112	8	
87	52	157	243	139	102	31	152	26	242	1	150	92	119	73	203	247	85	57	190	51	71	155	226	153	203	223	238	168	115	161	113	
114	65	66	204	92	2	238	109	13	128	250	2	72	202	52	64	122	173	63	225	72	179	1	205	182	168	138	136	53	170	112	128	
36	108	98	158	84	131	166	104	86	128	121	2	96	200	49	64	120	104	2	67	226	178	10	255	48	6	131	8	85	59	112	128	
6	205	6	158	28	131	174	232	134	0	219	2	96	234	41	64	121	96	106	226	66	129	11	255	56	38	143	140	20	59	48	128	
192	169	148	145	252	169	120	7	191	59	211	24	142	170	80	73	167	139	127	17	50	124	203	211	140	18	95	100	132	72	129	129	
154	69	114	236	86	2	238	124	237	128	250	2	75	203	53	81	122	237	95	226	232	183	4	204	178	248	139	128	103	178	99	136	
246	1	116	238	14	43	104	120	237	178	179	18	203	74	29	91	122	133	127	227	168	103	203	204	150	250	203	148	53	171	112	0	
2	77	10	158	20	131	174	226	150	0	88	2	32	234	49	64	88	106	19	195	98	186	10	255	32	38	142	136	20	59	48	136	
38	77	2	158	84	131	174	96	22	0	91	2	96	202	49	64	120	104	19	195	98	178	10	255	48	38	139	136	21	59	48	128	
228	60	141	97	172	111	65	26	64	250	176	124	146	17	65	59	217	68	76	56	57	118	241	2	205	194	37	116	224	105	86	51	
50	77	98	206	86	18	110	116	53	128	254	2	105	235	181	116	126	237	23	234	200	179	36	238	54	108	135	128	39	182	98	140	
2	32	240	211	236	40	184	6	191	187	115	16	172	170	85	90	239	79	127	17	146	124	195	194	140	254	218	162	196	81	3	137	
214	0	212	246	238	8	124	9	175	178	179	26	205	139	92	91	239	213	127	131	120	71	203	192	150	250	219	220	7	169	161	1	
86	69	34	174	30	3	206	232	31	160	219	130	77	206	57	64	126	225	63	227	232	131	9	254	176	230	143	156	53	63	49	80	
28	85	126	230	114	2	126	248	61	160	255	34	95	127	169	81	62	213	255	226	232	147	9	238	242	239	103	132	103	179	99	19	
69	102	250	101	36	46	101	18	104	194	110	76	247	33	147	58	51	108	108	14	129	240	181	10	198	191	112	0	200	251	83	40	
235	251	98	4	118	25	190	244	105	236	180	239	8	140	214	150	62	205	215	231	197	115	172	232	62	89	175	191	111	190	91	221	
163	207	12	173	28	151	206	253	86	224	210	199	225	72	54	225	92	235	19	239	237	186	85	191	36	75	143	128	29	158	248	156	
2	182	216	99	242	58	177	63	63	47	119	244	205	55	140	20	55	31	231	48	178	188	69	215	110	247	50	199	230	128	143	177	
79	250	241	71	99	28	123	176	105	200	119	238	104	78	223	246	54	245	246	238	193	86	175	232	22	120	101	138	79	182	74	125	
146	75	78	173	30	130	190	116	148	132	214	231	97	138	178	65	126	229	191	231	236	155	69	253	240	99	239	129	61	188	56	93	
120	241	48	232	61	157	90	252	123	9	244	40	191	219	76	16	150	153	221	72	202	43	250	191	243	221	32	254	82	146	66	11	
232	164	184	121	253	233	81	15	210	29	164	24	182	177	64	26	193	26	232	16	58	110	226	19	207	213	20	123	208	72	198	42	
2	205	2	158	148	131	174	231	22	0	90	2	96	226	33	64	89	106	19	194	98	152	10	255	32	38	142	128	20	123	176	136	
140	148	222	125	233	44	120	187	187	27	117	56	223	123	8	91	135	215	125	0	56	124	138	211	207	255	112	206	194	225	195	131	
20	193	11	167	20	10	111	249	36	160	223	2	215	99	56	64	114	205	29	235	72	145	9	13	224	165	175	132	36	178	161	160	
66	249	148	178	185	220	144	135	171	29	138	57	172	186	66	202	129	83	233	17	86	73	154	241	185	82	94	123	128	84	141	79	
220	20	156	244	42	108	89	26	162	250	135	61	215	55	73	91	167	213	125	34	40	69	219	2	211	227	121	181	160	113	5	115	
6	12	2	158	148	130	170	99	20	128	91	2	104	234	49	64	120	107	19	131	50	154	10	255	32	38	138	136	21	42	48	128	
218	242	188	184	171	241	144	71	154	23	128	187	172	174	110	203	195	19	233	17	62	79	130	209	155	83	222	123	144	92	173	94	
70	234	150	154	153	209	178	134	142	157	128	49	172	250	102	206	129	115	234	81	86	73	138	241	9	22	95	123	146	69	173	14	
237	84	109	103	4	14	111	56	116	226	102	68	243	49	25	115	88	196	60	110	233	180	245	42	231	235	227	0	106	187	80	48	
82	234	42	188	42	192	61	231	180	13	222	163	173	175	34	64	110	187	175	129	78	139	134	255	240	229	190	137	52	20	173	75	
16	125	219	188	50	193	55	102	182	132	254	163	61	215	32	80	114	251	143	192	64	155	162	107	241	165	62	139	32	80	39	251	
2	77	87	143	94	169	174	230	140	0	202	195	228	202	53	65	234	115	123	231	34	153	7	253	52	32	138	0	21	91	161	136	
41	169	117	91	213	223	225	247	95	81	112	82	168	220	180	164	89	58	2	24	243	248	119	247	45	30	20	66	83	12	210	172	
45	189	29	109	189	207	71	184	100	232	105	76	210	81	1	48	152	100	92	106	249	176	121	61	237	221	1	116	88	171	66	48	
16	133	11	171	20	163	107	119	4	1	218	66	115	99	40	64	120	46	31	234	24	153	9	63	232	165	170	192	52	202	176	40	
208	160	188	189	138	232	21	7	190	23	135	17	183	191	66	75	167	23	233	1	54	77	131	17	201	227	126	121	128	64	141	74	
237	116	173	101	5	111	67	24	113	226	231	8	211	113	17	59	88	196	120	106	169	246	249	10	197	171	65	20	73	251	82	96	
126	77	118	236	187	34	94	231	169	128	234	139	79	187	37	83	238	247	249	226	120	171	64	236	243	248	206	27	39	247	163	2	
248	45	22	252	11	169	86	106	169	128	168	10	111	235	33	211	232	243	233	226	8	107	146	253	179	240	67	59	115	115	107	10	
36	13	2	158	84	131	170	99	22	0	89	2	96	232	49	64	120	42	19	129	34	186	8	255	32	38	139	0	21	42	48	128	
36	36	122	254	124	143	90	120	249	168	189	8	202	219	157	20	158	169	70	106	200	163	74	220	215	222	1	62	82	171	66	129	
236	32	196	33	41	121	112	24	33	114	167	185	131	5	67	159	8	132	237	36	44	84	193	0	198	209	97	53	106	164	90	210	
88	112	157	245	40	72	21	12	166	189	130	33	183	151	65	90	130	117	109	66	74	65	243	0	193	225	126	24	32	114	5	107	
76	180	185	114	216	237	81	27	39	183	111	24	23	247	72	88	1	158	108	16	26	88	251	50	221	135	49	125	224	193	134	98	
160	249	48	90	253	141	252	239	251	25	116	24	174	219	100	16	143	59	70	24	226	122	202	243	63	30	22	106	82	88	195	139	
33	165	113	73	213	237	99	159	115	97	109	8	18	181	204	52	25	154	34	24	19	186	248	87	109	188	20	110	211	138	198	168	
156	72	22	242	3	204	120	64	173	134	231	25	47	223	33	219	162	185	205	130	8	135	18	224	211	241	66	11	98	37	47	130	
248	232	30	252	73	196	80	102	161	13	228	9	47	155	34	81	200	187	205	192	72	139	18	45	243	241	18	27	98	16	46	10	
208	89	31	236	10	66	55	108	164	134	226	162	127	247	33	115	54	245	237	226	96	135	162	108	241	227	111	11	32	51	39	43	
21	75	139	191	148	131	238	88	22	130	83	70	113	195	185	72	120	104	54	250	107	178	13	223	148	166	175	136	61	251	48	160	
88	177	56	232	186	237	81	75	6	53	173	57	135	151	106	80	194	155	141	17	26	11	82	21	211	197	56	125	176	8	140	67	
120	241	115	100	80	78	71	117	33	192	184	8	55	55	1	52	56	252	85	106	73	163	176	12	241	172	36	56	99	178	102	58	
92	53	23	230	56	78	87	25	168	248	171	8	255	87	8	115	148	213	125	114	105	65	217	44	241	160	39	16	8	51	135	51	
40	105	59	126	13	205	71	98	226	200	164	8	179	213	17	48	200	234	80	74	74	107	250	61	227	217	5	57	82	57	70	106	
140	111	19	104	210	173	167	202	120	0	104	72	159	210	65	144	186	25	66	114	99	55	144	114	245	132	3	44	81	81	35	160	
136	169	185	113	181	205	117	39	107	189	46	24	190	23	64	50	163	58	85	24	83	248	176	113	239	221	54	98	194	0	199	235	
25	185	27	105	147	205	119	117	100	64	104	64	190	147	32	48	62	59	18	88	83	184	48	125	233	201	2	98	121	2	227	187	
145	217	63	108	23	207	103	52	237	64	98	64	182	17	32	113	160	48	90	106	99	173	49	61	225	233	0	0	122	26	65	42	
64	232	134	55	105	8	40	148	162	153	110	32	245	227	200	126	128	124	100	216	18	218	202	33	141	244	122	200	194	163	35	168	
215	148	223	82	162	100	61	205	184	83	111	16	92	247	76	123	183	87	121	158	115	69	187	99	251	171	118	206	160	83	163	99	
109	165	61	97	189	111	65	11	64	249	172	24	146	17	64	56	217	148	124	56	25	242	241	4	239	217	37	116	192	40	214	34	
197	249	191	114	163	237	183	135	232	91	47	24	190	221	68	58	163	115	124	90	147	109	186	99	75	155	117	106	192	83	195	43	
5	168	189	115	161	173	233	134	254	59	55	24	190	57	88	58	129	103	124	24	17	120	184	48	205	155	117	112	192	65	195	32	
210	75	78	172	42	2	63	236	180	134	214	167	109	231	163	67	118	245	173	231	104	199	143	237	240	227	239	129	53	183	37	91	
69	85	121	71	52	14	111	184	109	232	127	100	219	116	157	116	182	68	125	110	161	176	109	110	231	191	39	132	44	179	82	117	
110	253	240	254	252	16	254	188	123	216	124	163	237	255	157	112	255	223	183	239	226	114	239	255	62	255	207	238	119	182	243	213	
67	159	121	135	178	26	63	183	61	73	94	229	189	54	146	228	54	79	63	79	215	152	165	239	164	126	62	130	14	214	137	125	
158	188	244	255	254	178	252	255	123	219	116	178	239	255	84	57	255	255	53	129	178	254	239	255	174	251	223	238	231	244	243	197	
0	205	10	158	20	131	175	230	22	0	88	2	48	234	49	64	88	106	2	195	98	186	10	191	96	38	174	8	20	27	48	136	
41	151	83	69	116	30	234	49	113	8	127	68	83	57	148	180	28	108	20	44	249	176	117	15	38	255	32	192	111	162	90	165	
56	177	24	168	155	233	80	79	134	53	141	57	143	159	42	88	135	155	207	16	26	11	80	21	219	197	56	127	176	8	143	3	
211	78	14	173	12	6	78	176	20	230	198	199	225	42	51	67	124	229	189	239	236	213	85	174	240	99	235	144	45	183	56	88	
163	135	44	175	156	135	206	61	198	69	220	199	225	72	62	65	220	34	59	237	254	43	95	157	236	25	175	216	28	142	248	216	
220	113	21	230	9	76	69	57	161	178	163	88	222	119	73	255	16	84	109	106	105	69	251	192	209	242	71	60	34	51	135	50	
86	78	206	165	34	34	63	16	52	166	214	231	205	39	131	91	118	245	237	231	136	213	197	104	208	227	235	129	37	243	37	81	
33	181	208	75	221	189	226	203	95	105	109	76	154	216	220	180	217	10	82	29	151	58	252	151	14	29	17	126	219	78	218	132	
204	112	145	82	73	109	97	154	179	179	161	24	158	215	73	190	1	220	104	24	3	71	251	194	213	210	85	62	130	209	6	50	
214	106	18	186	9	224	16	64	189	30	193	49	174	218	33	223	224	185	239	131	46	79	130	225	145	240	218	11	16	5	47	6	
229	80	13	109	36	14	71	56	100	234	231	68	211	81	25	115	216	196	56	110	233	180	121	12	229	251	229	4	72	187	112	48	
232	225	125	97	188	75	69	39	64	189	174	24	146	21	64	48	201	20	108	56	88	250	225	4	239	217	53	119	224	8	214	42	
248	225	18	232	49	141	90	253	59	41	180	8	143	219	72	16	191	137	76	88	74	43	136	215	251	221	33	126	66	130	195	3	
124	85	118	231	114	2	126	248	97	160	255	162	95	127	41	81	126	213	255	226	232	179	9	236	242	239	103	132	103	179	98	129	
20	77	6	158	28	131	174	232	134	128	219	2	96	234	33	64	120	96	106	226	96	163	11	255	184	38	135	28	20	59	48	128	
50	77	98	204	84	146	238	117	253	128	252	2	104	235	53	112	122	237	23	234	192	179	36	239	54	44	134	136	103	178	114	140	
208	193	15	173	132	2	79	53	36	0	210	2	247	35	32	67	114	228	61	234	120	153	1	13	240	227	226	144	52	170	176	40	
2	141	2	158	148	131	174	227	22	0	90	2	96	226	33	64	89	106	19	130	98	152	10	255	32	38	142	128	20	106	176	136	
220	120	159	244	42	72	81	20	182	181	134	57	247	151	65	90	38	245	109	80	10	65	163	0	209	229	118	24	160	177	5	123	
204	148	208	249	169	44	124	187	59	27	53	56	223	187	64	90	135	151	125	16	48	108	139	211	207	255	117	238	194	224	195	131	
116	0	251	126	102	106	115	0	248	139	103	56	87	245	160	122	50	188	108	42	17	181	160	2	209	239	96	3	224	235	103	35	
146	69	114	236	70	2	238	108	125	130	250	10	79	138	53	80	122	237	95	227	200	179	1	206	178	236	138	136	101	187	98	136	
66	164	148	155	236	173	248	135	191	27	120	16	172	250	76	72	199	11	127	17	18	60	202	209	156	62	94	238	144	72	129	137	
6	73	2	158	84	130	174	98	148	128	91	2	104	202	49	64	120	105	51	195	98	154	10	255	48	38	138	136	21	59	33	128	
134	36	148	147	172	169	184	194	191	179	179	16	174	170	93	11	175	15	127	17	50	124	203	224	140	154	94	242	196	65	1	137	
48	205	66	140	92	131	238	109	157	0	250	2	104	202	36	64	120	232	38	226	72	179	10	223	176	172	143	8	53	186	240	136	
66	249	144	178	185	216	16	134	171	21	136	25	174	190	66	90	129	83	233	17	86	73	218	241	185	85	30	123	128	20	143	78	
208	178	92	103	32	11	102	57	32	170	51	252	247	99	200	51	54	196	108	106	249	220	201	29	228	131	97	240	104	162	131	57	
160	44	27	56	212	47	228	239	120	130	120	88	151	161	33	25	41	154	66	33	33	254	16	30	189	134	84	44	217	120	227	168	
130	180	180	250	237	173	184	199	175	59	177	56	140	222	108	10	135	59	255	17	146	109	202	209	143	26	95	254	144	76	129	147	
86	77	70	174	30	2	78	232	149	160	219	2	79	234	57	64	126	229	127	227	104	131	9	254	176	230	143	156	53	59	48	0	
141	78	19	175	50	10	111	180	52	2	82	230	213	115	145	224	54	124	22	110	225	148	13	46	228	167	43	132	44	243	33	161	
242	69	66	140	92	2	238	109	13	0	250	2	72	202	36	80	120	172	31	226	72	147	129	223	180	168	138	140	53	58	240	136	
145	217	95	104	18	207	71	117	229	64	226	0	63	23	32	113	34	176	94	106	75	173	51	125	241	169	0	66	120	2	227	59	
43	169	55	89	221	253	160	231	223	81	112	80	168	152	244	172	201	58	162	24	151	120	118	247	15	30	22	106	219	12	219	172	
10	251	62	254	59	209	20	231	175	29	172	41	44	223	98	17	167	51	205	193	66	75	10	245	251	209	26	187	18	0	175	139	
6	73	2	158	84	131	174	96	150	128	91	2	96	202	49	64	120	104	19	195	98	186	10	255	48	38	139	136	21	59	112	128	
18	111	42	172	18	130	63	118	52	13	222	167	165	167	35	64	126	251	143	197	74	155	0	127	240	229	174	137	52	146	37	91	
16	111	123	237	50	194	59	118	52	140	254	163	61	135	161	80	118	255	207	224	72	155	33	108	241	229	42	129	32	147	37	107	
245	89	31	109	53	79	71	56	108	224	103	72	214	49	17	113	144	100	120	106	105	176	121	12	245	235	69	20	104	59	66	32	
229	80	45	111	13	79	71	184	80	234	231	8	211	113	25	51	216	196	120	110	233	246	249	12	231	251	65	52	72	123	82	48	
232	188	188	121	185	233	81	15	146	31	36	57	166	145	66	27	193	26	232	16	58	110	194	53	207	211	84	123	208	8	198	42	
242	45	22	188	137	161	70	231	171	130	168	11	38	234	37	211	232	227	104	226	124	107	130	253	177	240	202	59	49	113	235	14	
88	189	154	176	176	232	80	135	54	7	206	57	191	255	66	88	183	187	237	17	62	90	131	51	219	231	62	121	160	64	141	11	
214	74	238	229	34	2	63	176	32	134	214	227	101	39	163	83	118	245	173	226	104	148	165	106	244	227	234	129	37	243	37	105	
66	251	148	154	155	209	146	134	143	21	136	25	172	254	70	198	129	115	233	81	86	75	218	241	187	80	31	123	144	4	143	94	
90	177	184	176	153	108	20	15	171	255	138	25	142	191	74	90	129	23	253	17	26	73	211	128	219	245	94	127	130	68	135	82	
36	77	66	158	84	131	166	104	22	128	121	2	96	200	49	64	120	104	2	67	66	178	10	255	48	38	131	8	85	59	112	128	
36	41	123	222	124	141	235	240	235	168	241	72	254	201	149	16	254	233	70	106	136	35	74	253	22	156	33	56	85	187	66	161	
2	12	2	158	20	130	42	99	22	2	90	2	104	226	33	64	120	106	51	128	50	158	2	255	32	38	138	136	20	10	48	136	
212	65	28	183	44	14	77	188	180	186	151	16	215	67	9	91	98	197	125	234	104	197	73	12	224	227	231	148	36	177	1	41	
20	201	15	175	148	11	71	176	36	160	223	2	243	99	41	64	120	236	12	234	88	176	73	44	232	229	175	0	52	171	48	32	
88	174	154	180	240	232	81	151	50	183	78	25	183	183	66	88	147	255	237	16	58	90	131	35	217	167	61	105	160	64	142	11	
0	12	2	158	20	135	170	99	22	10	88	2	96	232	48	64	248	42	19	129	50	186	8	255	33	54	139	0	20	10	48	136	
213	164	157	122	130	100	127	173	122	27	41	16	92	115	72	59	51	67	124	186	51	69	187	99	249	174	119	76	160	115	163	35	
32	12	2	158	85	167	162	99	22	8	88	2	96	248	48	64	216	42	2	129	50	186	26	255	33	54	131	8	81	10	112	130	
78	171	132	30	185	145	146	168	143	149	137	165	236	234	110	134	129	107	234	83	6	75	138	241	8	18	95	127	154	46	29	158	
124	161	249	99	254	107	81	9	106	185	61	56	86	53	200	58	19	28	108	58	19	112	233	16	223	205	37	119	226	170	198	35	
212	253	223	114	138	233	55	200	170	19	45	56	126	243	73	58	39	83	121	82	114	67	186	99	249	203	69	111	224	115	163	35	
41	245	57	75	253	73	69	173	66	121	189	24	242	49	216	52	217	18	84	40	27	56	251	21	109	156	52	116	80	10	210	170	
132	8	2	159	84	131	170	64	22	128	83	2	104	202	33	64	120	41	51	128	32	179	2	222	20	38	139	8	21	42	49	128	
117	181	209	99	244	107	83	9	123	241	63	56	86	81	200	60	147	28	124	58	17	240	249	18	221	140	33	118	226	107	198	35	
197	80	141	231	36	14	111	56	96	234	247	68	211	99	153	115	92	196	60	238	233	180	249	72	229	235	231	4	8	179	112	48	
243	88	12	173	12	6	78	60	148	230	198	7	243	106	51	67	216	228	61	239	236	135	83	175	224	107	239	144	60	62	56	90	
229	112	216	82	105	29	84	152	251	186	165	92	74	216	207	191	149	204	108	126	231	102	222	64	22	219	85	62	200	179	74	5	
95	42	206	167	128	38	106	16	48	166	207	197	213	99	19	90	116	229	125	254	140	208	221	74	214	231	235	132	168	231	42	16	
37	182	168	35	252	189	210	218	94	237	249	93	130	216	94	40	153	10	82	29	150	58	92	19	204	29	17	124	217	79	91	198	
252	36	253	103	46	107	67	24	120	170	183	56	215	53	137	59	26	84	108	106	41	244	233	10	199	235	97	55	228	251	70	99	
216	76	95	253	40	10	77	180	180	26	214	144	247	39	145	91	102	244	125	234	104	197	227	11	192	235	242	144	36	177	32	41	
48	205	66	204	92	131	230	109	149	0	248	2	104	232	52	80	120	232	6	227	72	187	2	255	52	44	143	8	53	58	240	136	
208	72	92	253	44	10	77	52	180	18	150	16	247	3	129	91	98	228	125	234	104	197	65	13	240	235	226	144	36	176	32	41	
68	176	216	241	252	172	120	159	187	187	52	56	159	187	192	94	183	159	127	24	18	109	195	210	206	255	117	246	226	192	195	129	
253	84	253	103	38	106	67	8	120	234	247	40	211	113	137	123	50	84	124	106	41	244	233	10	199	235	97	20	96	123	70	35	
104	251	124	113	164	201	117	182	107	61	38	56	183	17	64	17	129	54	236	16	74	120	225	49	207	209	116	115	96	152	198	43	
216	97	147	230	10	76	69	20	178	140	230	8	183	151	73	90	32	220	125	74	74	69	179	0	209	225	36	56	32	176	38	106	
220	92	95	101	34	75	55	48	124	170	119	104	87	21	129	115	50	244	108	98	97	180	45	12	241	235	97	5	101	179	71	33	
48	205	66	140	92	130	238	231	133	0	248	2	8	138	36	81	104	237	63	226	72	187	64	238	180	44	142	8	21	24	240	136	
145	209	95	106	138	207	87	253	229	64	224	64	119	87	40	113	98	146	94	234	89	41	48	125	241	137	38	82	120	146	160	59	
6	73	2	158	84	130	174	98	150	128	90	2	40	202	49	64	120	107	19	195	96	154	2	255	32	38	138	128	21	25	48	136	
34	77	98	220	92	130	238	101	245	128	248	2	104	202	53	64	120	232	23	227	200	163	6	239	50	44	143	136	85	58	242	136	
216	79	127	228	18	130	111	112	52	140	246	161	111	7	161	81	54	245	237	226	104	155	33	110	241	227	34	129	33	179	38	105	
184	240	112	232	113	143	90	252	123	40	244	8	159	155	0	17	222	153	85	106	234	190	72	223	243	221	33	254	82	138	67	139	
10	191	22	186	43	149	28	231	139	29	136	173	172	207	98	145	135	59	205	193	70	75	202	245	170	209	222	187	26	4	175	27	
18	38	146	152	219	224	168	67	174	23	139	17	12	130	96	220	225	11	106	145	18	11	130	80	152	36	154	75	128	64	175	130	
66	233	144	178	155	221	144	134	171	53	140	153	172	174	70	134	129	83	233	81	86	75	218	241	187	85	31	123	144	20	143	78	
146	79	46	172	18	134	111	118	180	140	206	135	37	135	35	81	124	239	15	236	104	155	1	109	240	225	170	128	32	146	36	90	
35	169	55	89	253	253	160	199	206	113	120	80	168	216	244	172	137	59	226	25	151	56	118	247	15	94	22	107	217	12	219	172	
92	69	86	236	18	2	126	248	37	160	251	130	79	111	57	83	126	213	125	226	104	147	137	172	242	239	231	132	103	179	98	1	
4	77	2	158	84	131	170	98	22	0	91	2	96	202	49	64	120	106	19	195	98	186	10	255	32	38	138	8	21	27	48	136	
9	110	102	25	84	187	233	71	116	70	74	130	161	8	147	236	122	44	34	157	166	188	101	94	100	47	154	1	229	220	121	204	
121	207	78	78	180	18	111	183	96	0	254	230	243	34	182	115	122	230	44	238	253	152	101	109	226	169	230	128	47	242	248	12	
198	160	148	147	172	169	248	138	175	179	177	24	142	234	92	11	175	131	127	17	50	109	203	227	140	154	95	254	196	73	195	129	
118	77	6	142	28	3	78	228	149	160	218	2	75	234	49	64	122	229	127	227	104	147	9	238	176	230	143	148	53	63	49	0	
98	176	240	218	252	173	248	207	207	25	57	56	172	254	124	80	207	27	127	17	146	43	202	209	158	156	30	254	148	200	129	139	
36	77	98	158	84	131	170	96	86	128	89	2	96	200	49	64	120	104	2	195	194	178	8	255	48	36	139	8	85	59	48	128	
132	8	2	159	84	131	170	65	22	0	83	2	104	202	33	64	120	40	2	128	34	182	10	223	20	38	139	8	21	42	48	128	
181	66	67	159	76	131	235	104	86	128	209	194	113	195	185	65	120	232	34	238	105	246	79	155	148	162	163	12	117	187	112	160	
0	141	2	158	20	131	170	98	22	0	89	2	96	226	32	64	88	106	2	130	114	184	8	255	32	38	130	0	20	74	48	136	
133	106	150	181	2	10	47	132	62	146	66	192	213	195	193	75	99	109	106	250	97	212	207	104	164	162	111	4	172	243	33	168	
92	28	188	182	40	108	81	18	162	255	143	61	215	183	67	91	135	213	125	2	8	69	219	34	211	231	121	152	160	241	5	115	
198	96	212	147	172	40	236	136	63	179	179	18	206	106	73	91	235	197	127	146	32	116	203	192	148	178	223	180	132	123	67	128	
66	233	176	186	155	221	18	166	143	21	136	9	172	222	66	18	129	123	233	83	70	75	218	245	185	85	31	123	144	7	143	94	
93	85	121	103	54	30	127	184	121	232	127	34	91	125	155	112	54	220	125	110	225	176	237	238	246	237	39	132	103	179	83	113	
165	106	72	191	92	131	231	120	86	160	241	66	243	193	185	65	120	232	34	238	74	182	79	189	164	128	227	40	125	171	112	160	
212	214	93	47	34	106	55	184	60	126	115	244	215	119	137	89	54	85	108	98	161	20	109	31	196	163	97	196	60	179	3	113	
0	205	10	190	20	131	135	246	22	0	92	2	113	224	33	64	88	106	19	202	98	170	8	63	96	167	174	0	20	27	48	136	
213	88	221	101	36	78	103	48	120	234	119	0	211	49	145	115	240	68	124	106	233	244	249	8	229	235	99	4	104	59	80	50	
90	241	176	176	155	220	20	143	171	29	136	25	174	191	74	90	129	95	237	17	94	73	242	241	251	213	30	127	130	68	135	90	
212	64	29	247	44	14	93	56	180	186	135	16	215	87	9	91	102	213	125	106	104	197	91	14	193	235	99	20	32	177	1	33	
0	140	2	158	52	167	170	99	22	8	88	2	224	234	48	64	217	42	2	129	50	186	10	255	33	54	154	8	148	10	48	136	
90	161	152	178	153	124	20	143	171	189	137	25	142	190	78	154	161	151	237	17	30	75	219	128	187	213	95	127	130	68	143	86	
100	233	91	238	124	169	106	252	171	168	248	72	255	203	141	16	250	235	78	202	75	35	202	125	182	152	39	56	72	251	67	169	
212	65	13	231	60	14	79	56	180	184	151	0	215	67	9	83	64	196	125	234	104	197	89	44	225	227	227	148	32	177	48	32	
165	45	123	206	124	171	234	248	239	160	249	74	243	233	181	48	250	234	86	107	137	35	78	253	54	152	33	56	125	251	66	161	
201	54	253	103	35	121	85	25	40	206	119	124	255	117	139	191	22	68	236	42	169	228	251	11	198	227	112	152	110	247	14	113	
220	80	157	244	12	78	85	24	164	186	167	24	215	83	9	91	161	212	125	42	104	69	211	10	211	235	113	20	32	241	0	34	
38	77	2	158	84	131	170	96	22	0	91	2	32	202	49	64	120	106	19	195	66	186	10	255	32	38	138	136	21	27	48	136	
102	32	208	147	236	41	120	136	187	179	177	24	206	234	93	26	223	143	127	145	18	102	203	208	158	158	223	252	132	203	67	1	
214	96	244	247	44	40	120	152	171	179	177	154	207	239	93	91	231	213	127	51	162	101	202	192	158	218	207	190	134	241	67	1	
118	77	70	164	20	130	110	228	189	160	218	2	75	234	49	65	122	229	127	227	104	147	8	238	176	230	143	144	37	59	48	0	
74	187	20	186	41	149	24	167	139	25	168	237	172	238	96	145	199	51	221	128	86	75	218	245	130	209	218	187	26	68	11	31	
34	180	240	218	252	169	248	203	239	57	185	56	142	250	92	16	223	139	87	16	146	42	202	211	30	220	31	254	212	202	195	129	
38	77	98	158	84	131	170	96	86	128	89	2	96	200	49	64	120	104	2	195	226	178	10	255	48	38	139	136	85	43	48	128	
124	77	86	229	22	2	94	248	37	160	250	2	75	107	41	80	126	229	125	226	72	179	137	206	178	239	231	132	103	179	98	0	
56	240	112	233	53	143	90	120	127	40	244	8	143	27	0	20	222	185	85	106	200	182	72	221	211	219	33	150	114	155	66	139	
216	76	222	189	44	46	93	146	176	154	150	16	247	35	1	91	102	245	125	106	40	197	195	40	208	235	242	144	36	241	1	9	
96	164	217	99	244	169	121	23	43	169	123	8	151	171	76	80	191	175	110	24	26	56	200	66	254	190	55	236	228	194	195	129	
90	249	184	178	153	205	20	239	171	61	136	25	174	159	74	18	129	219	253	17	94	75	218	177	251	213	30	127	130	20	135	90	
92	48	184	178	168	108	81	27	162	255	143	25	223	247	75	90	133	215	253	17	26	67	219	0	219	231	121	125	160	97	7	115	
90	249	184	178	155	221	20	175	171	125	136	25	174	159	74	18	129	219	237	81	94	75	250	181	251	213	29	127	130	22	143	90	
0	140	2	159	53	167	170	227	30	9	88	2	228	234	48	64	217	42	2	129	50	190	74	191	37	54	154	72	144	8	48	137	
1	169	56	185	157	253	176	199	222	113	216	11	182	152	114	160	137	43	250	17	151	41	86	53	237	85	30	123	216	8	153	142	
248	95	14	189	16	134	127	52	180	132	198	133	113	67	3	81	100	228	125	238	104	159	209	46	243	235	234	128	40	177	34	122	
101	99	252	38	236	29	87	184	105	188	181	77	67	104	223	27	156	196	102	110	204	99	239	32	86	217	101	60	65	187	66	193	
37	38	168	35	180	175	195	216	126	175	57	77	215	201	91	8	153	8	71	29	158	176	221	18	204	29	53	116	192	79	83	194	
116	32	26	162	26	236	91	16	163	165	143	9	23	215	67	82	34	213	109	16	26	75	152	4	219	165	33	121	160	131	14	2	
16	139	78	153	146	178	40	131	54	21	66	150	161	130	162	204	99	15	42	152	18	216	7	117	140	34	154	65	189	128	169	132	
95	45	138	165	144	38	107	16	32	228	207	133	209	99	83	90	84	229	121	254	24	210	209	8	222	239	139	128	168	227	58	16	
6	13	2	158	20	163	170	226	20	1	90	2	96	234	48	64	88	106	19	195	50	186	10	255	40	38	139	192	149	75	48	136	
221	88	211	214	70	68	71	144	225	194	226	70	121	210	213	127	114	228	52	234	233	231	190	234	49	234	103	8	43	243	99	41	
242	57	15	154	77	197	133	77	158	87	129	31	36	212	38	76	200	59	251	129	95	75	154	245	145	18	219	59	25	14	181	94	
84	34	251	96	194	98	51	88	224	150	239	48	91	247	105	122	119	221	36	250	24	227	168	64	219	229	35	76	225	227	102	35	
240	216	95	126	74	65	71	252	164	90	228	96	115	215	161	121	34	208	124	234	105	7	59	53	241	163	100	24	112	177	166	57	
241	208	12	175	12	7	79	189	22	38	198	13	247	65	50	65	216	228	57	111	232	14	211	191	225	235	204	24	24	190	208	90	
120	251	88	113	162	137	53	183	42	53	46	57	39	3	66	16	39	146	237	16	74	248	193	49	223	193	116	113	96	216	207	27	
40	122	120	127	120	141	19	190	43	44	52	236	167	1	131	16	134	90	196	66	194	40	203	61	230	213	53	57	90	153	78	153	
189	72	71	159	76	131	99	88	86	34	193	194	241	194	57	237	120	232	34	234	107	246	95	157	52	163	195	4	53	187	120	160	
181	111	91	78	124	169	234	232	237	128	248	74	123	233	189	49	122	232	70	107	168	35	76	255	180	152	165	56	93	251	66	168	
72	243	120	97	242	15	125	189	43	53	38	157	223	7	202	16	55	157	205	44	210	112	209	85	238	209	53	100	104	144	131	49	
1	187	163	153	246	165	169	87	94	217	80	118	148	152	240	168	237	43	23	157	147	216	130	241	12	8	191	224	156	8	177	185	
124	48	184	180	168	108	85	26	179	255	135	25	215	247	67	90	133	215	109	16	28	67	250	0	219	167	117	61	160	113	6	83	
106	164	245	88	203	249	33	71	187	23	108	24	44	183	68	222	161	26	227	24	18	94	162	211	31	22	84	106	130	68	135	238	
214	205	118	191	254	139	254	236	255	162	250	26	239	234	84	65	255	239	127	227	248	239	203	255	188	254	207	188	101	123	225	129	
165	73	69	159	204	139	231	232	86	162	241	138	241	192	185	1	120	232	98	235	96	182	78	189	52	136	199	44	125	187	80	160	
66	168	246	251	236	169	248	211	255	27	243	154	172	239	92	72	239	187	255	145	178	107	202	243	158	222	218	234	150	140	163	153	
84	91	221	165	162	11	63	184	28	236	51	231	221	103	131	91	54	85	174	98	193	208	13	136	252	135	111	148	172	251	133	113	
95	118	248	103	99	122	127	25	41	207	127	253	207	125	142	190	54	212	245	38	149	212	239	194	70	255	97	135	239	247	143	117	
198	168	246	155	236	169	248	195	255	19	242	26	172	170	92	75	239	139	127	145	178	126	203	243	158	58	218	200	132	201	225	137	
22	173	246	255	254	171	254	249	255	178	242	154	239	239	20	64	255	255	127	131	176	251	207	247	190	254	223	210	231	238	241	129	
38	165	242	239	246	43	254	253	95	160	251	10	73	235	61	80	126	239	23	227	152	178	77	254	62	124	135	132	247	254	240	129	
54	173	114	206	214	131	238	252	127	128	251	2	104	235	61	80	122	239	23	227	218	178	8	255	62	60	135	136	247	250	242	128	
54	45	114	239	246	43	254	235	127	160	251	10	207	234	61	64	255	239	127	163	136	178	77	254	190	254	143	132	245	251	243	129	
150	236	118	191	254	171	254	238	127	162	250	26	239	234	60	65	255	239	127	227	232	247	203	255	188	254	207	148	101	123	97	137	
56	96	112	105	36	31	90	120	121	40	252	8	207	27	17	16	222	185	85	106	200	182	105	221	243	217	33	146	66	187	66	1	
22	140	114	239	254	43	254	250	127	162	250	130	207	239	20	64	255	255	127	163	216	179	77	254	190	254	143	150	231	255	225	129	
221	88	120	101	54	26	127	248	101	224	118	162	91	29	147	112	62	212	95	238	201	180	109	140	246	233	37	132	103	187	82	113	
0	165	219	225	240	170	235	183	62	161	122	64	215	227	72	80	54	79	38	24	19	184	200	31	236	173	39	228	192	194	131	169	
220	80	159	244	12	108	85	24	161	186	166	24	215	179	65	91	161	212	125	10	73	69	243	2	209	239	113	28	32	113	4	35	
161	181	127	73	116	143	251	220	126	121	112	106	177	221	188	32	190	27	23	92	179	184	44	127	110	136	34	228	85	137	211	233	
220	22	254	245	34	38	121	18	168	190	182	148	221	39	67	91	167	117	109	168	32	213	145	72	211	235	115	132	168	224	37	51	
92	53	184	242	185	108	81	27	163	253	175	25	159	247	74	90	135	223	253	16	26	67	250	0	219	229	53	125	160	99	134	115	
124	181	184	224	249	236	81	159	163	253	173	25	31	247	74	26	149	223	221	16	26	75	250	0	251	197	53	125	160	66	134	115	
2	164	177	89	219	249	161	71	174	21	104	16	168	183	68	156	171	59	226	16	18	75	162	211	15	220	30	107	211	68	199	238	
2	204	2	158	148	163	170	230	22	1	90	2	96	226	33	64	89	106	2	146	50	152	10	255	40	38	138	192	148	91	48	136	
25	185	59	121	157	221	176	231	222	81	216	16	190	156	100	160	137	59	202	17	23	41	114	53	169	213	30	123	208	8	141	14	
252	76	14	180	8	6	126	48	176	194	230	21	115	227	3	91	96	228	125	238	104	199	145	46	210	235	234	129	40	241	42	82	
92	49	186	52	232	108	85	25	179	255	135	61	23	183	67	26	129	223	109	16	26	67	250	0	219	165	117	61	160	240	134	83	
116	237	89	206	124	11	207	236	127	32	249	10	115	107	157	16	122	232	70	106	106	35	76	255	52	156	7	60	117	186	98	136	
93	107	231	36	162	10	110	49	233	228	58	237	239	104	209	146	54	228	108	111	196	241	132	40	176	232	101	176	101	246	67	77	
89	142	71	77	48	178	106	190	116	9	122	228	233	98	144	240	55	231	108	172	173	137	37	127	160	239	50	128	36	130	35	12	
131	184	3	185	6	133	169	87	30	121	80	86	181	212	112	169	93	59	23	149	147	220	18	151	141	4	186	224	28	12	49	185	
217	120	215	244	79	20	70	52	241	194	224	70	121	114	149	247	98	228	60	234	233	231	182	232	49	234	231	8	47	176	98	61	
145	188	59	243	22	135	171	151	86	9	94	118	181	93	176	228	87	58	23	153	187	188	49	191	237	143	190	192	188	8	177	185	
89	157	23	201	150	135	74	183	68	41	222	70	243	49	160	224	87	182	28	184	249	169	25	191	170	174	166	212	58	138	184	41	
10	178	120	249	186	45	89	159	27	63	52	157	189	15	74	16	7	27	197	144	18	76	219	119	207	215	188	253	176	128	143	59	
253	88	211	92	74	96	67	216	240	202	244	98	115	215	225	123	122	252	52	250	41	231	242	106	81	168	103	8	235	241	98	185	
95	115	224	77	227	122	127	216	49	230	127	175	73	111	159	188	63	221	183	238	213	144	173	200	118	127	165	133	239	247	174	245	
124	90	249	126	10	96	67	216	160	14	228	32	115	215	41	122	116	248	108	234	9	7	250	40	209	161	97	24	240	243	38	113	
220	28	158	182	168	44	89	18	184	154	183	48	223	183	65	91	199	247	125	90	40	69	131	34	211	251	114	152	128	241	33	3	
44	99	233	227	116	79	203	216	70	236	121	73	211	77	217	0	216	200	71	127	138	176	233	16	197	221	37	180	213	187	86	225	
100	99	233	39	236	75	231	216	106	252	121	73	211	77	217	26	24	204	101	111	200	114	207	32	228	153	101	188	101	251	86	240	
117	45	138	165	17	38	75	16	33	196	206	5	243	35	19	90	88	228	121	254	8	210	209	42	195	237	128	16	136	243	114	114	
105	208	12	175	13	15	71	189	22	38	198	13	247	99	26	82	208	196	121	110	72	6	219	31	229	255	197	56	24	58	208	122	
248	171	90	115	34	137	117	151	34	29	38	61	47	3	66	16	167	147	237	64	66	120	131	49	255	193	52	113	96	128	207	91	
246	193	3	168	77	65	198	232	207	84	161	11	66	200	126	199	248	193	106	227	94	39	78	209	185	0	207	127	113	47	252	198	
18	172	118	255	126	171	254	234	127	162	242	26	207	234	60	64	255	255	127	163	160	247	203	255	190	254	223	144	101	248	97	129	
150	172	118	255	254	139	250	250	127	178	242	26	239	235	124	65	255	255	127	129	160	255	207	255	190	250	207	218	231	173	113	129	
6	12	2	154	148	163	170	226	22	3	88	2	96	234	49	64	121	106	19	145	34	186	8	255	40	38	142	128	149	91	48	136	
135	242	226	146	230	177	188	205	63	87	81	183	12	204	254	8	255	219	183	149	150	247	174	242	30	30	159	239	239	220	191	223	
7	36	226	147	214	178	186	207	95	71	91	151	72	236	254	40	127	239	179	149	182	246	172	226	62	46	158	196	141	223	243	213	
203	218	61	95	40	222	189	188	188	94	86	244	252	94	134	247	135	117	255	102	231	76	187	253	111	123	127	194	10	148	141	125	
202	244	244	117	163	94	61	191	59	255	38	57	252	62	74	51	183	215	253	0	240	92	187	71	239	123	93	247	2	52	135	91	
86	203	82	166	178	18	62	236	45	128	67	226	109	194	169	212	54	69	60	234	64	145	141	236	176	164	47	135	38	179	169	5	
79	81	208	71	226	18	62	152	41	194	127	228	221	118	205	254	54	85	180	230	197	208	189	72	38	175	111	134	175	243	41	21	
92	60	158	246	168	44	91	154	186	155	191	56	223	247	65	90	167	247	253	82	24	65	155	34	219	255	119	216	128	243	163	19	
44	117	65	231	244	75	207	248	22	160	249	202	211	93	217	164	88	220	23	106	201	178	93	58	228	205	165	52	127	251	82	176	
105	44	136	109	89	46	75	16	33	132	238	13	242	51	1	90	216	236	121	44	9	210	241	10	197	189	128	16	10	99	114	122	
236	131	5	227	12	15	79	185	23	60	135	72	211	71	24	117	212	196	109	110	249	0	233	29	237	218	229	124	18	138	214	96	
248	179	120	115	226	73	113	247	35	53	166	185	63	7	66	16	47	154	197	0	74	127	177	49	255	193	52	113	97	128	198	122	
171	254	226	30	119	154	250	244	249	196	116	231	41	204	183	213	126	233	151	213	230	254	36	238	62	127	20	163	111	156	126	221	
203	19	99	197	98	26	109	113	41	228	127	231	25	7	150	244	54	172	183	172	213	156	165	206	86	121	163	128	47	166	104	245	
140	167	249	97	226	43	125	157	51	63	61	56	217	7	200	24	63	159	69	184	26	80	233	83	207	141	183	116	177	194	135	243	
252	46	251	224	194	98	107	82	112	166	182	2	17	39	193	59	111	252	36	250	56	247	161	42	91	139	231	4	163	241	102	240	
208	159	87	236	44	195	205	55	133	8	210	226	51	21	160	65	108	182	63	232	121	169	33	157	241	162	224	208	119	136	244	121	
224	40	149	51	232	233	65	150	59	251	33	56	182	55	65	63	129	118	125	24	51	92	203	50	141	146	85	58	130	213	86	43	
114	72	231	84	2	66	109	20	161	194	194	192	49	55	149	127	102	244	125	202	201	215	165	40	177	234	254	128	39	240	118	56	
216	158	228	101	34	10	176	54	60	51	218	240	247	58	128	67	98	247	236	129	168	220	193	11	196	227	250	145	101	64	5	43	
198	82	119	68	98	66	187	88	173	206	51	231	92	63	165	63	182	117	95	227	161	165	33	204	85	26	107	134	197	177	39	119	
11	17	119	207	117	254	249	16	77	77	95	118	153	61	182	236	110	62	151	205	145	184	113	229	71	249	186	194	150	143	245	247	
108	57	249	100	234	76	81	16	35	253	37	41	23	183	67	26	6	252	117	88	90	90	250	0	219	161	37	109	162	163	6	115	
93	12	143	188	40	102	88	18	161	194	198	1	63	247	35	91	225	229	253	165	44	197	147	8	211	227	250	17	32	113	122	66	
152	137	63	185	155	217	148	231	222	21	226	16	191	156	32	225	129	51	206	17	126	41	35	21	235	193	62	115	80	8	141	10	
108	240	249	96	240	236	83	223	35	253	45	8	31	247	73	24	23	220	85	24	26	90	248	2	255	141	53	125	162	130	134	243	
124	181	248	96	241	236	83	223	35	181	45	24	31	247	72	48	147	158	213	24	26	90	248	0	251	221	5	125	162	194	134	226	
92	84	155	116	41	108	85	18	163	170	167	24	95	183	65	122	133	244	236	10	9	71	243	2	211	239	113	28	162	241	70	51	
