菁纯柔润唇釉套装	#132（丝润）欢乐颂	http://www.lancome.com.cn/on/demandware.static/-/Sites-lancome-master-catalog/default/dwf1cab82b/images/LAN_PRO_IMG/PRO/132.png	http://www.lancome.com.cn/dw/image/v2/AARM_PRD/on/demandware.static/-/Sites-lancome-master-catalog/default/dw7528b2ee/images/LAN_PRO_IMG/PRO/132-1000.jpg?sw=490&sh=490&sm=fit
2	156	22	155	252	133	188	231	158	27	88	50	172	254	48	64	207	59	179	145	82	154	2	247	44	22	158	234	20	72	161	137	
200	153	154	248	185	196	121	151	191	17	36	16	159	183	96	90	167	19	57	24	50	9	178	211	235	253	22	77	146	192	161	58	
22	214	109	161	10	67	157	184	36	246	158	167	209	31	17	96	127	149	253	227	201	149	125	28	199	195	239	213	61	50	21	114	
151	231	200	90	218	49	14	252	22	150	205	230	97	226	251	125	95	202	130	254	238	71	46	186	58	71	239	173	191	247	168	148	
62	199	204	156	206	19	143	249	18	178	156	206	65	98	185	143	93	198	163	238	105	83	79	221	56	7	239	252	183	254	56	176	
40	181	58	102	113	204	117	119	233	9	111	0	62	191	32	48	164	59	87	8	80	184	48	45	103	253	48	0	66	130	230	187	
15	251	86	211	63	155	74	180	143	176	22	230	238	209	224	164	6	112	158	92	195	201	12	253	174	85	5	178	46	158	25	45	
96	113	191	103	168	78	117	53	238	185	175	8	246	63	73	58	132	116	108	10	192	225	251	0	199	191	117	16	192	250	194	43	
194	233	82	137	78	137	238	101	173	0	185	2	140	138	112	66	106	129	95	227	82	43	192	213	180	16	138	248	21	26	227	136	
184	253	120	104	112	223	83	254	115	32	100	8	63	31	0	48	190	152	85	106	234	62	112	63	251	201	33	108	113	144	98	170	
200	252	58	112	177	140	113	182	249	27	38	24	191	155	64	51	165	123	108	88	98	237	178	97	235	249	20	72	66	128	195	10	
162	204	6	154	93	197	142	230	150	2	64	2	160	200	48	65	200	42	19	195	98	46	18	255	49	22	154	40	17	24	48	138	
130	76	134	156	78	160	190	194	188	130	210	2	44	234	49	75	110	251	59	195	96	207	2	233	16	34	202	138	21	113	33	137	
58	157	22	238	155	197	94	230	175	4	232	3	239	255	32	80	232	243	251	195	90	11	26	253	251	245	143	91	50	79	165	90	
120	69	124	237	189	31	78	60	69	168	254	2	123	105	49	81	216	228	95	106	232	163	121	188	243	249	165	144	114	186	80	11	
6	140	2	154	20	163	170	194	22	1	89	2	96	234	48	64	89	42	19	147	50	184	8	255	40	38	138	200	148	11	48	128	
11	20	30	5	35	63	176	118	237	66	110	68	172	58	6	172	166	39	250	37	133	184	17	205	6	95	90	2	74	86	11	159	
150	36	230	212	198	34	248	65	185	243	83	147	76	238	127	75	127	189	183	181	176	215	140	194	24	42	223	196	165	229	241	209	
88	217	214	238	155	204	86	228	175	0	238	1	127	255	32	82	250	247	251	194	72	171	154	253	251	245	7	27	114	51	166	26	
40	188	58	120	117	253	113	215	255	9	116	24	190	155	96	16	141	59	198	24	162	250	178	55	79	223	48	104	194	136	195	171	
90	184	178	184	91	225	16	199	191	23	192	27	44	159	102	88	231	187	251	145	26	75	146	243	219	213	26	107	146	68	167	91	
147	219	250	155	214	153	191	219	31	68	84	183	45	206	182	72	127	59	183	149	247	184	47	255	126	47	62	130	191	140	173	221	
0	141	2	156	148	131	174	231	4	1	88	2	32	170	48	64	104	42	19	193	82	184	0	255	40	36	138	64	21	24	176	136	
162	173	114	131	236	137	238	229	173	0	185	10	140	138	116	83	238	35	95	243	210	43	66	245	60	24	142	232	20	10	211	128	
41	184	49	219	237	253	177	223	223	125	116	28	190	221	110	44	205	27	182	17	147	124	122	245	79	219	48	122	210	12	213	255	
50	73	66	135	68	11	238	100	45	32	251	10	46	10	52	64	122	205	95	227	72	187	65	232	180	184	154	144	101	26	241	136	
226	197	112	238	108	9	254	229	137	2	185	138	173	14	60	17	254	145	95	227	224	39	64	255	182	220	142	186	85	190	227	137	
54	205	112	227	246	136	254	244	109	0	251	2	203	11	28	80	238	195	23	195	216	186	77	247	182	252	142	192	103	159	241	137	
250	93	112	238	118	0	222	117	25	2	248	171	111	127	53	1	254	241	151	231	232	38	0	239	178	253	206	154	119	254	227	25	
137	222	175	31	242	118	63	191	116	79	94	244	249	118	186	229	87	118	190	174	245	220	189	111	102	111	254	128	14	244	173	125	
139	94	238	127	182	118	127	183	113	78	94	181	121	125	159	231	23	126	181	175	229	212	173	175	103	127	244	128	38	244	244	125	
98	151	92	94	104	180	84	63	45	14	124	100	110	103	174	253	214	147	164	0	197	10	99	253	134	243	112	139	26	128	174	95	
134	208	146	155	117	166	184	192	30	9	83	18	140	222	48	72	255	57	51	145	50	148	24	215	13	54	154	194	148	9	33	131	
73	147	88	92	109	240	17	63	197	9	124	32	232	115	174	244	214	18	166	136	135	42	99	213	6	255	114	203	218	130	104	143	
130	77	82	142	110	9	254	196	173	2	184	10	172	10	53	66	238	161	95	227	64	39	64	234	180	156	138	184	21	123	97	137	
87	135	70	209	182	130	252	35	237	145	27	146	73	104	180	99	99	167	46	191	116	232	69	212	126	42	231	197	165	160	249	4	
135	195	14	201	36	151	105	144	133	84	215	150	153	7	186	109	102	128	62	238	203	149	49	213	214	217	138	196	46	157	168	116	
59	59	235	46	114	6	157	85	2	205	244	239	49	158	167	16	222	61	21	133	205	139	160	27	112	165	186	232	77	130	54	251	
58	0	114	236	124	27	216	120	77	96	246	138	15	15	180	48	254	157	87	169	136	179	101	204	146	249	138	146	103	140	114	197	
99	66	106	30	117	220	107	21	107	77	127	77	99	200	190	244	208	170	38	141	207	186	166	229	38	125	176	137	90	142	252	92	
218	252	58	186	155	193	24	198	159	117	132	187	44	159	98	0	207	243	185	209	106	79	154	247	251	209	158	251	150	12	181	90	
2	4	150	149	141	42	164	7	189	155	203	17	204	42	13	207	225	71	235	1	52	220	3	194	132	50	94	3	130	117	169	6	
167	137	33	88	221	182	90	186	81	113	224	28	146	57	54	121	201	128	16	108	189	62	112	215	11	58	193	94	216	169	242	70	
29	41	174	249	21	223	90	64	213	77	198	2	139	153	50	108	232	104	31	92	30	185	48	172	203	221	144	83	50	137	124	102	
221	83	126	247	46	14	93	56	229	254	151	179	223	63	155	107	102	213	125	238	232	197	111	204	211	235	239	148	36	177	37	115	
62	4	234	236	212	178	239	91	85	131	223	18	89	233	189	108	121	175	23	169	152	179	36	202	114	111	170	128	183	254	240	160	
119	132	110	252	21	151	88	48	245	117	199	18	90	30	62	113	224	132	59	172	188	157	49	221	95	251	192	71	48	137	252	70	
93	87	89	205	162	48	124	189	37	2	95	230	93	114	169	121	118	147	30	234	229	16	45	197	182	233	230	141	60	242	169	5	
205	82	252	246	44	108	125	26	171	254	151	188	223	55	203	123	167	213	125	10	192	69	251	192	215	251	127	156	6	241	5	115	
2	189	146	155	252	173	184	231	30	25	88	48	172	254	96	72	199	59	147	17	50	122	2	247	13	22	30	234	148	76	161	137	
231	172	9	73	29	237	195	170	81	89	168	24	146	56	20	49	201	136	83	109	187	42	211	23	13	24	129	124	217	73	82	32	
70	189	149	151	171	228	190	173	175	155	27	97	236	254	77	78	167	119	251	211	118	73	155	225	173	54	95	207	132	119	173	23	
195	147	60	129	186	27	56	189	175	121	150	245	124	62	190	103	167	19	255	229	247	29	45	215	186	91	191	246	30	132	137	125	
3	239	249	236	238	33	157	254	10	194	88	230	181	239	245	96	87	91	23	141	195	10	230	155	96	141	191	188	61	250	49	185	
232	4	110	108	93	70	217	41	113	70	231	27	113	109	22	113	88	180	115	161	252	46	87	221	127	43	193	77	83	164	118	66	
194	164	212	145	230	40	184	143	62	51	82	18	204	42	88	75	163	15	59	145	50	92	139	211	12	50	223	198	132	64	129	137	
122	13	190	236	205	102	151	99	161	140	174	24	72	251	36	51	216	247	249	163	24	107	146	204	121	63	203	91	193	97	242	2	
35	121	249	237	238	3	157	254	14	162	28	174	181	45	213	32	207	127	51	205	193	42	119	184	102	31	159	184	29	248	17	184	
103	138	110	72	108	16	233	250	97	93	84	199	81	204	190	110	110	76	55	238	150	32	167	213	70	107	226	205	103	133	120	245	
99	56	248	83	108	61	240	82	75	243	53	12	50	184	87	58	137	106	82	94	135	122	242	96	7	29	80	59	201	123	90	255	
29	79	249	232	190	33	207	154	158	65	88	198	181	235	241	96	127	75	23	221	131	1	38	57	224	141	175	172	189	249	33	169	
101	180	137	128	92	109	75	218	66	241	168	92	147	116	88	178	217	192	120	61	155	102	255	19	137	12	133	124	216	105	82	116	
48	108	130	245	69	71	252	205	147	166	228	2	101	243	105	14	120	120	83	202	72	231	144	136	243	198	207	33	99	250	246	170	
228	52	245	83	184	111	177	11	251	187	179	120	214	253	77	59	167	95	108	48	33	117	251	64	143	250	101	118	192	224	71	163	
140	165	148	87	184	43	37	136	122	179	163	88	223	115	72	187	51	94	72	122	50	244	201	26	236	139	101	116	192	241	203	160	
101	141	107	74	212	164	98	200	127	0	105	11	82	248	125	120	241	200	50	254	158	50	158	119	95	44	1	76	245	235	112	6	
252	48	189	117	41	111	113	26	187	255	167	56	30	181	72	63	165	220	253	16	51	99	250	0	219	217	113	191	194	225	70	115	
131	199	87	208	182	147	172	181	141	57	19	242	220	59	188	225	135	23	63	189	243	249	13	213	42	26	239	198	140	128	161	37	
36	104	194	158	92	131	166	204	22	130	112	2	96	200	57	64	121	104	2	211	66	183	10	250	48	6	135	40	213	59	112	128	
169	174	228	117	180	186	77	55	81	239	126	189	179	41	146	37	77	238	53	140	252	252	101	142	238	255	244	128	239	236	210	248	
89	210	177	238	2	36	95	248	39	73	223	110	124	119	137	116	54	213	53	234	137	18	171	241	209	190	43	140	43	243	33	51	
223	89	232	111	178	26	95	53	113	194	87	167	251	109	151	102	54	118	189	238	253	156	237	142	230	255	37	128	39	182	8	125	
109	160	188	91	141	61	192	153	70	51	173	28	211	73	90	106	217	2	106	58	158	98	251	17	79	223	213	124	219	75	216	34	
252	109	225	248	221	35	70	255	83	162	184	91	27	185	81	157	89	218	149	59	249	103	89	154	251	207	165	60	255	252	242	32	
24	83	145	175	32	38	15	156	42	9	72	68	247	119	9	80	214	95	29	74	11	144	217	57	229	229	170	144	16	243	1	169	
69	113	187	102	60	76	211	21	106	233	191	8	182	157	85	112	144	116	124	88	139	33	243	0	251	189	37	56	64	186	85	43	
232	145	189	113	173	79	84	189	87	57	54	16	211	29	76	79	129	22	236	16	123	120	83	149	207	251	84	87	90	136	212	59	
62	126	228	249	31	187	185	194	206	246	20	167	143	76	183	173	143	49	147	49	166	229	118	156	69	83	11	151	247	125	21	245	
58	249	97	106	91	213	147	248	135	76	172	139	42	221	39	52	204	187	211	67	206	43	122	189	115	93	129	187	115	15	86	255	
145	247	59	224	178	135	189	245	20	121	210	118	148	151	232	97	222	31	23	249	251	155	32	6	248	137	190	196	12	24	161	187	
10	204	124	29	42	217	157	47	205	84	92	167	174	76	182	69	70	34	234	5	198	172	119	157	230	115	92	91	118	140	13	92	
70	159	181	151	175	244	190	172	159	255	26	183	236	254	223	207	151	119	251	151	182	65	171	241	47	54	223	223	134	119	157	223	
159	223	66	40	147	51	94	219	53	86	152	247	15	78	171	208	119	131	141	181	238	5	6	223	178	69	175	207	191	116	168	87	
146	179	37	209	182	135	189	247	55	121	146	103	88	61	140	37	173	147	223	245	251	217	41	221	127	26	255	198	61	4	149	127	
106	159	1	189	141	249	20	63	141	70	156	167	174	5	34	196	194	34	239	1	75	9	83	159	165	119	88	155	30	12	28	91	
6	206	228	215	237	244	190	167	159	255	19	179	204	108	222	143	167	87	251	151	182	220	47	224	47	26	223	199	135	253	189	223	
57	190	229	117	142	115	77	183	87	246	214	246	251	45	146	175	79	238	181	140	249	248	101	142	110	239	245	132	231	236	212	120	
194	211	95	190	66	132	61	125	172	84	199	215	125	87	42	83	118	147	251	230	225	5	27	93	115	35	90	1	56	130	165	91	
61	93	123	110	244	214	111	240	101	200	126	70	123	95	178	48	126	234	22	238	201	186	60	47	243	237	165	128	103	178	242	241	
4	72	6	155	212	131	170	196	150	1	83	18	76	202	49	72	120	105	51	211	34	181	8	246	20	38	154	64	149	25	177	128	
166	114	226	147	103	81	184	200	31	239	81	179	8	204	127	8	255	217	147	215	134	246	46	242	31	28	159	175	197	61	53	215	
60	12	66	254	84	163	238	89	21	2	255	2	113	233	49	64	120	168	23	170	40	179	8	159	242	239	163	136	119	251	112	128	
45	94	88	216	239	177	151	222	93	14	124	110	32	81	175	141	95	42	130	46	231	34	98	253	118	221	32	171	95	217	72	221	
38	108	226	218	84	179	170	200	86	130	89	2	64	200	125	40	121	104	19	211	130	182	44	250	56	12	143	172	213	123	112	132	
19	145	110	82	150	147	184	101	57	197	247	175	112	60	174	32	182	169	213	149	148	187	53	76	122	46	60	195	237	14	251	223	
190	204	229	124	151	115	76	255	23	242	188	210	91	45	177	173	127	214	149	172	249	255	125	158	251	207	229	180	247	252	252	248	
87	105	153	192	158	119	78	218	7	160	28	138	199	247	243	44	126	244	30	250	141	50	117	232	191	221	143	53	183	251	25	44	
239	102	98	156	253	177	206	111	159	174	157	223	104	232	247	141	221	226	219	175	230	103	206	255	54	28	137	187	95	125	216	196	
15	222	230	87	239	54	190	191	251	223	118	55	104	252	255	175	183	71	243	191	182	240	46	235	46	126	223	199	199	245	253	215	
168	180	124	97	100	47	117	58	117	186	54	24	151	51	208	59	141	132	68	40	168	252	97	30	199	203	113	180	98	248	66	163	
232	60	125	229	112	14	121	55	49	170	118	56	183	19	129	123	38	188	93	8	168	252	225	14	199	171	48	128	32	160	66	169	
151	85	91	202	202	33	175	204	233	2	249	250	112	218	253	48	255	219	18	227	243	39	158	99	48	12	175	168	93	123	163	161	
155	151	28	185	58	159	24	255	31	125	148	255	174	23	170	197	167	19	223	37	247	13	9	215	186	81	57	246	26	140	137	93	
108	225	205	234	94	81	66	216	6	17	213	202	81	193	232	235	88	216	234	250	27	67	203	49	26	193	227	124	62	139	184	32	
54	13	114	227	246	170	238	197	109	1	251	26	15	10	20	80	106	143	95	211	154	187	65	230	190	252	134	208	229	219	242	128	
30	6	83	235	18	161	107	88	55	5	91	226	109	199	168	212	118	153	23	254	27	144	41	183	154	236	170	194	183	135	33	245	
60	12	106	222	84	179	235	114	215	130	255	2	115	233	181	100	120	234	6	138	170	179	44	255	114	239	162	8	119	251	112	160	
89	187	229	157	202	83	41	183	86	241	214	230	185	37	146	239	71	246	254	140	185	216	231	157	14	99	245	192	167	228	156	253	
188	140	229	252	149	115	76	255	19	226	188	219	27	45	209	149	89	206	149	172	249	126	117	158	251	207	245	188	247	252	246	248	
19	25	186	46	147	156	182	69	108	65	110	6	61	186	38	160	38	35	186	197	149	185	53	225	243	109	10	3	237	22	169	95	
2	157	18	155	252	129	188	231	158	9	88	34	172	254	32	64	207	59	51	17	18	152	2	245	44	22	158	234	148	8	161	137	
134	12	130	158	212	162	174	67	148	130	81	18	104	234	49	73	121	105	2	131	48	247	10	234	16	38	202	136	149	105	48	128	
137	240	53	219	237	221	177	223	223	125	116	56	190	157	252	173	133	27	183	25	147	124	122	241	79	217	48	254	210	12	197	255	
54	199	229	24	202	35	79	252	86	150	232	199	65	110	189	73	125	203	3	246	236	67	79	60	58	14	207	172	181	242	228	212	
27	205	226	159	214	147	191	215	31	65	86	135	109	206	182	68	127	171	183	213	246	184	45	255	126	111	190	128	63	158	169	221	
33	4	107	151	116	186	234	18	84	75	83	214	177	8	148	96	122	46	22	157	181	188	101	175	4	46	178	192	173	136	88	157	
19	1	43	165	4	255	253	102	236	236	30	7	55	40	51	0	176	37	125	13	132	177	48	12	211	77	170	129	0	94	85	90	
72	236	62	120	129	204	113	230	235	17	44	16	190	159	64	83	163	122	121	24	98	109	178	117	219	251	22	73	66	16	231	42	
200	141	186	248	153	228	89	7	191	25	36	16	190	147	96	123	161	59	57	24	50	13	178	83	203	249	22	105	144	64	229	42	
72	113	187	101	40	76	119	57	170	169	171	72	247	247	73	18	180	85	125	74	65	161	147	0	197	173	37	16	192	50	135	51	
168	236	120	105	84	207	103	254	112	32	100	8	19	17	16	49	24	136	66	104	104	190	113	31	103	137	33	100	113	152	70	170	
134	12	134	158	71	166	184	66	180	130	195	18	108	238	49	75	109	125	187	131	32	215	18	234	17	34	218	0	133	101	33	144	
160	133	4	152	221	197	132	239	158	17	160	24	160	152	56	1	201	10	74	17	122	46	82	215	45	18	158	122	16	8	208	138	
6	204	2	154	148	163	170	194	22	1	89	2	96	232	49	64	89	106	2	211	34	188	8	255	40	38	139	200	148	27	48	128	
40	188	58	121	245	237	113	119	255	9	124	8	191	189	32	48	169	59	198	16	18	184	50	191	239	223	16	105	194	8	199	171	
120	253	58	238	153	205	86	244	165	8	236	8	127	223	32	80	248	243	221	66	74	43	154	189	251	253	4	59	114	51	230	26	
90	188	50	184	219	225	152	71	191	5	200	179	44	223	102	80	239	187	155	145	18	11	130	243	155	247	154	107	146	68	167	219	
2	205	2	140	20	128	174	231	4	1	90	2	32	170	48	64	104	42	19	193	82	152	0	253	32	36	138	192	21	8	176	136	
134	164	230	145	198	34	188	79	62	243	82	147	76	174	124	11	127	31	179	181	176	212	133	194	28	14	223	196	133	100	177	209	
55	135	204	133	206	23	205	251	2	182	140	206	97	96	215	14	93	198	226	188	204	67	255	153	56	6	205	188	183	238	88	228	
134	88	154	155	246	199	186	192	30	11	81	50	220	222	121	72	255	57	19	211	34	182	26	242	29	22	155	199	149	25	53	147	
135	132	230	209	198	50	188	199	56	243	82	151	72	174	126	73	127	207	55	181	180	246	165	194	30	46	222	196	133	84	241	212	
8	188	154	248	241	237	48	215	191	9	108	24	190	159	96	16	165	59	247	16	50	216	146	247	223	255	22	107	194	0	167	155	
54	205	114	227	246	136	238	228	109	0	251	10	239	74	28	80	122	203	31	227	216	186	73	231	190	252	142	192	101	155	243	136	
2	188	178	154	249	173	184	199	158	27	120	48	172	254	100	8	207	59	179	17	146	122	2	243	13	30	30	234	144	76	163	155	
67	27	234	158	246	144	182	21	197	196	94	167	96	184	167	64	110	34	170	65	204	185	53	234	118	52	134	11	188	190	124	95	
192	159	93	157	122	137	176	50	60	72	114	245	228	98	132	65	134	51	110	97	177	136	71	127	44	50	106	202	92	128	9	145	
186	92	246	247	182	50	222	183	25	194	126	179	111	127	149	39	191	255	149	239	232	244	37	238	226	255	244	130	103	244	240	93	
35	153	229	129	199	251	180	231	207	119	58	183	0	44	118	36	239	3	179	5	213	57	54	214	14	22	86	71	213	108	221	222	
110	12	190	250	125	224	81	6	211	141	238	56	34	249	37	88	193	183	237	17	40	139	194	206	91	255	144	91	146	81	118	43	
91	212	96	109	50	154	94	53	117	194	87	167	123	109	150	116	54	253	189	175	253	156	101	207	226	255	165	146	39	182	144	117	
67	75	250	30	106	203	151	6	204	68	94	135	36	172	55	64	198	99	43	69	132	184	39	125	86	46	112	131	85	191	21	95	
70	251	167	149	175	23	190	174	175	253	154	227	236	252	93	14	183	87	251	245	134	73	139	249	15	62	207	255	132	116	21	95	
187	223	246	127	183	118	94	191	113	206	94	183	121	125	159	103	215	127	181	167	236	220	173	175	103	255	252	131	39	244	244	127	
26	183	226	128	151	211	80	199	199	109	158	7	10	172	126	132	232	138	142	144	223	171	180	192	187	85	148	247	171	14	252	94	
67	219	57	205	106	157	60	63	15	104	90	239	60	158	164	96	166	55	191	129	199	24	163	245	55	36	120	170	28	88	129	127	
162	205	80	142	100	9	238	231	169	2	184	10	172	42	52	17	110	227	95	227	96	47	64	255	180	156	142	184	21	122	227	136	
31	13	227	222	212	178	239	83	245	195	223	18	121	232	183	228	123	170	23	189	189	187	44	238	58	110	175	192	183	239	240	228	
50	205	66	135	84	11	238	228	45	32	251	10	238	10	61	64	122	207	95	195	72	179	73	237	180	188	142	144	101	91	241	136	
2	164	144	145	230	40	184	143	62	51	82	18	204	42	88	72	183	15	51	145	50	92	139	211	12	54	95	228	132	64	129	137	
226	141	114	130	252	137	238	231	169	0	184	10	172	138	52	16	106	163	95	227	240	43	64	255	60	28	142	232	21	10	243	136	
63	57	165	45	21	134	203	26	64	65	232	71	25	92	20	128	204	201	17	213	155	170	117	237	73	126	138	68	205	5	114	210	
95	76	224	71	54	18	94	181	105	192	158	131	107	109	151	116	54	245	157	175	236	128	237	206	122	127	133	146	39	182	80	93	
30	254	43	161	53	193	183	246	6	196	158	167	47	221	115	0	255	121	159	211	203	157	57	191	251	197	143	135	54	63	53	250	
60	13	226	222	212	179	239	115	213	130	255	2	113	235	181	100	120	170	6	136	184	179	44	255	114	239	163	128	247	251	240	160	
109	172	184	65	189	253	193	138	82	249	140	24	146	17	81	32	137	76	88	88	27	106	243	18	207	221	5	124	218	41	82	162	
70	251	180	148	171	149	190	168	143	249	154	225	236	254	93	70	151	119	249	209	150	73	139	242	169	54	207	255	132	103	5	31	
141	191	91	177	244	211	163	208	92	205	86	246	188	196	230	193	78	43	134	93	179	188	100	126	108	1	43	192	30	141	57	241	
162	126	86	153	126	131	146	214	159	137	176	247	164	139	229	65	207	57	15	17	166	205	68	254	44	16	190	202	156	24	113	153	
158	20	50	188	83	247	22	105	157	198	237	59	110	223	43	17	254	185	133	163	44	167	18	222	211	197	11	11	119	103	47	215	
35	106	74	212	71	147	170	97	25	164	108	142	40	202	247	164	62	233	147	206	197	150	180	237	54	89	139	43	15	175	123	156	
204	80	252	246	104	44	125	26	235	254	183	184	223	183	219	123	231	213	125	138	128	69	235	192	215	251	115	140	134	241	39	115	
248	73	39	126	29	197	201	36	198	8	162	8	115	156	53	241	200	176	125	201	10	47	115	61	81	233	128	88	81	11	116	106	
186	188	236	186	203	241	149	239	147	119	132	187	40	255	110	11	239	147	179	145	62	79	126	183	219	67	223	127	183	92	188	218	
43	179	121	64	240	157	255	255	75	105	125	236	29	157	222	52	158	27	23	93	211	58	60	213	111	29	45	238	94	134	194	253	
45	177	1	184	77	53	75	122	86	83	228	30	179	214	58	53	93	138	18	238	255	106	118	157	209	203	153	60	123	205	242	240	
249	137	6	190	93	212	193	236	195	24	188	10	122	249	58	166	72	226	244	201	75	43	242	181	25	249	192	120	115	14	122	42	
134	114	234	146	230	193	186	192	30	207	81	179	12	222	127	8	255	121	147	211	194	246	14	242	29	16	223	175	149	63	53	211	
13	207	148	151	170	56	174	173	190	147	11	100	236	99	137	207	163	71	106	250	115	192	139	96	44	55	127	196	136	115	169	129	
134	216	155	155	118	166	187	192	62	9	83	18	180	218	32	72	255	57	19	144	50	156	24	127	77	38	186	192	148	9	49	131	
90	252	50	186	155	229	24	230	159	23	128	155	172	223	98	67	229	243	187	209	106	79	154	245	251	211	158	123	18	12	165	90	
172	169	57	65	45	217	83	98	214	233	28	56	146	149	208	36	137	28	94	88	122	60	224	55	207	221	33	255	82	9	214	231	
207	48	184	246	233	108	121	26	171	255	191	60	156	183	203	122	135	87	253	28	128	71	250	192	215	249	127	190	130	241	7	115	
220	80	126	247	44	10	125	184	237	190	151	179	223	127	155	123	102	213	127	238	232	69	127	204	215	235	243	148	38	185	101	99	
130	122	84	219	58	139	146	92	223	13	240	101	166	27	165	68	198	49	206	80	182	173	65	255	166	180	50	211	220	9	13	15	
87	195	245	140	138	82	159	236	198	244	152	227	109	230	227	6	127	197	234	241	206	67	175	217	184	6	47	255	183	182	37	197	
121	113	51	102	52	204	67	16	96	232	123	72	179	213	89	48	148	252	20	122	203	178	248	12	249	173	37	56	72	154	82	41	
60	5	226	254	212	163	238	91	87	130	255	2	97	233	181	64	120	170	23	168	152	179	8	159	114	239	163	136	247	250	240	128	
38	126	226	155	118	227	186	200	30	199	89	183	204	206	59	72	255	57	147	151	130	182	8	250	44	22	139	235	149	95	53	211	
57	221	107	111	116	159	111	244	101	200	126	66	115	125	176	48	126	234	22	110	201	186	60	63	115	237	164	128	103	186	242	233	
134	4	150	147	214	162	168	67	188	147	83	18	76	234	56	73	127	45	51	177	48	212	8	202	28	6	223	196	133	104	161	128	
248	233	56	225	80	207	85	119	49	165	100	24	55	23	64	48	128	191	23	24	122	154	240	30	255	201	52	97	32	128	198	170	
134	73	2	154	212	131	174	196	150	128	82	2	108	202	49	72	122	107	51	211	66	243	10	252	52	38	143	128	21	123	177	128	
166	12	226	158	76	162	174	65	212	130	81	18	64	232	53	72	120	168	19	163	176	183	2	202	16	46	139	136	213	123	112	128	
157	119	200	168	134	34	78	216	81	194	156	255	95	97	155	142	63	192	204	127	233	103	13	10	240	197	101	156	239	255	184	17	
116	216	47	225	44	70	95	178	132	232	158	231	211	31	49	96	221	245	61	227	201	145	113	28	201	167	239	212	12	58	20	115	
2	220	45	189	70	201	173	126	30	106	90	239	52	45	48	0	47	177	55	129	193	60	51	127	117	38	251	128	29	48	21	251	
168	60	252	117	224	175	117	54	121	171	54	24	159	51	0	59	133	182	108	8	168	252	113	46	199	219	112	144	194	208	194	171	
49	161	233	231	70	79	253	109	94	225	93	138	117	45	88	32	58	27	83	13	65	184	57	27	119	141	156	49	125	218	211	184	
106	30	158	190	121	224	144	6	139	13	190	57	110	249	39	90	193	51	238	17	36	43	194	191	82	247	40	155	208	121	12	11	
247	111	81	248	156	35	71	207	83	22	184	90	3	226	229	29	217	202	68	54	122	103	110	146	184	222	133	126	177	248	246	100	
207	239	70	218	247	144	110	213	253	17	126	162	104	98	191	245	110	194	158	220	175	105	15	239	62	120	134	131	191	214	248	13	
27	165	227	209	214	50	239	215	63	193	94	146	89	238	190	228	127	207	23	157	147	155	164	198	62	111	190	196	167	244	241	244	
167	114	226	214	103	17	190	200	91	254	117	175	72	204	255	43	254	237	183	231	196	119	174	224	22	24	207	175	71	191	127	215	
35	143	229	85	244	154	108	55	51	235	118	253	163	45	148	39	77	238	53	141	189	248	101	142	47	126	212	128	231	236	212	124	
26	110	106	172	7	243	191	242	88	238	92	175	45	140	55	0	170	105	151	231	196	57	38	253	241	71	235	169	117	119	31	219	
71	187	244	85	239	22	188	239	251	243	18	231	104	248	213	47	175	71	251	181	246	233	143	249	46	62	223	206	199	116	241	223	
65	218	209	237	96	4	174	254	58	42	90	102	253	50	185	224	183	79	54	205	195	24	137	251	36	174	126	164	28	240	33	137	
163	141	175	117	181	174	101	55	249	239	110	29	178	57	22	52	129	38	81	13	244	248	48	143	111	126	212	2	200	200	210	78	
2	141	18	153	244	129	184	231	158	9	88	2	172	234	48	64	206	59	51	17	18	154	2	245	44	20	158	234	148	8	161	137	
104	169	190	122	129	236	117	230	235	29	44	24	191	145	96	50	161	50	108	8	82	105	178	53	219	255	84	73	66	64	230	42	
1	149	59	106	112	172	99	120	108	9	125	64	126	243	40	48	180	26	22	40	147	184	56	127	111	189	32	64	200	131	99	161	
33	66	99	155	116	138	235	16	84	65	83	214	241	72	156	104	122	40	22	157	183	188	69	175	4	46	178	192	237	137	208	132	
27	205	98	155	87	151	234	254	31	65	78	135	105	206	54	100	127	171	147	207	230	187	60	255	127	111	159	0	55	158	49	220	
89	253	17	100	48	76	71	152	96	168	106	72	159	147	64	244	148	92	92	106	219	48	209	10	241	237	33	44	106	179	67	33	
134	4	130	145	212	162	172	103	52	131	91	18	72	234	40	72	123	47	51	176	48	212	0	206	12	38	223	196	132	104	177	128	
164	73	130	158	212	131	174	196	22	130	80	2	96	200	49	64	120	106	19	195	98	186	10	255	32	38	143	8	21	123	48	136	
134	4	130	158	148	162	172	67	20	131	91	18	64	234	32	72	121	42	2	176	48	182	0	206	40	38	159	192	149	104	176	128	
160	236	125	81	84	207	101	119	117	166	100	24	50	17	20	53	8	186	66	72	104	254	113	31	103	155	20	16	83	152	70	170	
134	121	170	154	230	193	191	192	158	202	81	163	188	222	117	9	254	121	19	211	194	246	26	240	85	1	239	172	21	123	53	211	
130	12	134	158	13	228	136	198	158	18	192	18	172	254	49	75	201	99	59	193	42	79	82	251	129	242	218	11	16	121	49	138	
120	189	58	110	181	205	87	246	97	8	252	8	63	251	32	112	220	250	4	106	218	43	56	63	251	253	36	121	114	154	230	43	
2	164	226	145	214	34	172	199	58	227	90	147	8	46	124	40	127	207	51	149	178	252	133	226	60	46	222	196	133	84	177	220	
18	175	34	152	251	193	184	103	175	5	216	163	44	142	34	64	238	187	143	145	22	139	2	255	184	116	158	203	149	4	173	207	
0	205	2	140	20	129	174	231	4	0	88	2	32	138	32	64	104	42	19	192	82	168	0	253	32	36	138	64	21	8	176	136	
26	189	18	248	147	205	16	103	191	1	236	1	174	255	32	16	167	59	219	16	18	137	18	255	251	245	26	75	146	0	167	155	
139	176	53	219	237	221	185	223	223	123	116	56	190	220	254	237	143	27	255	29	151	124	122	241	79	89	119	254	210	140	205	255	
60	5	226	252	212	163	238	127	85	129	255	2	97	233	60	64	121	170	23	184	184	179	0	206	58	239	167	200	247	250	240	128	
62	13	226	222	212	179	238	119	213	129	223	2	105	235	180	68	121	234	23	184	184	187	44	238	122	239	135	192	183	250	240	128	
47	96	226	1	71	52	234	202	123	227	125	215	8	136	223	172	127	141	147	157	135	182	188	194	30	28	159	166	207	215	122	212	
125	113	17	96	53	143	70	56	97	232	189	72	183	81	137	180	16	220	92	122	201	163	120	12	177	216	37	52	106	155	66	41	
155	157	246	255	182	54	222	183	121	203	126	179	109	127	151	101	151	255	181	165	252	252	169	239	234	255	253	130	167	244	240	95	
2	188	176	155	251	237	184	199	31	89	88	185	172	254	68	8	199	59	147	17	146	90	194	243	45	22	30	235	148	76	135	219	
168	237	58	241	80	205	117	119	177	13	100	24	55	151	0	17	128	186	3	16	122	158	80	39	239	129	52	65	32	128	198	170	
166	105	226	158	196	131	174	228	86	130	120	2	96	232	53	64	120	232	2	195	224	178	8	255	48	46	143	136	85	122	112	136	
59	229	234	193	214	146	239	247	87	193	94	146	25	238	252	100	127	239	23	157	218	187	36	230	126	111	190	196	167	220	241	252	
54	205	114	227	214	138	238	228	109	0	250	2	111	106	61	80	122	201	31	227	200	179	9	255	186	252	143	132	101	187	241	136	
86	195	197	13	139	6	142	237	135	176	136	199	65	236	125	198	125	213	235	245	203	3	15	217	57	6	143	92	189	182	160	52	
132	88	155	187	182	199	171	208	54	11	83	114	245	211	33	72	127	57	51	210	35	148	9	63	237	167	186	192	148	27	33	161	
62	205	96	231	118	10	238	244	109	0	254	2	107	107	157	80	126	237	23	234	200	178	77	253	182	253	135	128	119	191	112	136	
178	141	114	250	244	171	254	231	25	2	184	26	239	106	52	17	255	227	23	163	248	47	8	255	186	222	222	216	21	200	243	137	
54	205	66	174	84	11	110	228	45	32	251	10	111	42	61	65	122	205	95	227	104	179	9	237	176	236	142	144	101	59	113	136	
58	250	34	130	181	212	83	215	19	77	220	39	10	157	230	164	252	170	133	208	223	187	32	231	186	213	166	235	43	142	254	223	
186	188	236	186	139	241	157	207	147	119	132	187	44	255	106	11	239	147	251	145	62	79	250	179	219	67	223	255	183	92	188	218	
6	122	170	155	118	131	186	192	30	135	81	183	253	206	51	8	127	121	147	215	162	150	10	251	108	7	191	201	149	27	53	211	
162	205	82	158	244	40	238	231	185	2	184	26	172	42	52	81	123	227	31	163	96	47	72	255	180	158	206	184	21	120	227	136	
27	205	114	155	86	147	191	214	31	68	94	135	109	206	182	68	126	187	151	199	227	155	46	255	54	111	158	128	55	158	37	253	
76	48	252	247	232	124	121	26	235	255	55	48	157	183	219	94	231	95	253	24	130	84	234	192	199	249	119	174	134	241	7	243	
200	60	190	119	225	236	117	23	249	187	118	24	191	187	0	27	133	119	125	8	176	220	176	34	207	251	116	0	194	208	195	171	
134	73	134	159	212	131	174	198	150	130	90	2	104	202	49	64	120	107	51	195	96	186	10	234	48	38	143	128	21	123	177	136	
72	140	184	248	185	228	81	135	175	29	172	48	190	151	96	91	193	51	173	16	18	75	162	241	235	211	62	123	146	64	165	43	
122	189	26	234	185	233	22	247	143	13	188	41	190	255	96	80	199	123	205	16	26	11	218	183	251	213	63	251	146	94	167	91	
57	153	123	234	213	199	115	246	87	73	124	2	51	223	48	112	124	250	23	232	203	186	56	63	127	205	164	192	115	138	246	251	
115	163	161	133	157	23	142	111	6	164	138	207	64	164	84	134	92	196	232	173	220	11	255	157	57	4	143	124	3	46	180	116	
26	255	2	227	151	215	238	247	37	77	92	38	9	141	178	132	57	42	151	137	203	184	48	181	163	213	174	227	111	30	254	253	
2	164	144	145	246	168	184	143	62	51	90	18	140	170	72	72	183	31	51	145	50	216	137	211	12	22	159	228	148	64	129	137	
23	141	226	218	212	178	239	119	245	193	223	18	73	234	182	228	123	171	23	189	189	187	44	238	58	110	143	192	183	238	240	228	
20	94	154	187	182	227	187	208	30	11	91	178	245	223	33	72	255	59	19	147	34	148	10	255	236	199	187	192	180	27	37	147	
107	141	116	76	117	159	79	55	205	72	254	8	42	41	182	244	72	162	94	8	153	185	101	255	55	255	128	210	87	140	208	109	
33	205	107	79	116	135	239	246	84	72	126	70	113	117	180	100	124	106	22	236	225	184	37	127	100	46	166	128	127	138	240	249	
166	4	194	156	212	162	174	79	20	131	91	18	64	232	60	72	121	106	19	177	48	182	0	202	48	46	154	192	213	120	240	128	
29	213	206	206	194	18	111	248	0	214	205	134	81	103	187	15	63	204	34	238	201	194	63	40	114	171	229	140	175	251	48	240	
10	243	114	201	246	217	189	255	15	101	92	231	172	158	254	228	247	27	151	133	214	25	42	245	62	93	62	239	55	158	141	255	
178	68	98	172	219	115	158	79	29	134	201	187	12	174	39	73	254	159	139	163	124	135	4	206	178	102	154	159	181	117	175	70	
27	91	145	237	50	158	175	22	16	200	88	102	189	183	161	228	38	127	148	200	129	152	177	171	164	237	170	128	63	185	9	185	
34	187	178	154	253	245	176	199	159	93	120	45	172	222	102	0	205	59	151	17	150	42	242	241	47	20	158	235	208	76	167	223	
8	155	147	173	36	42	163	242	40	13	122	228	156	163	160	194	214	79	134	65	145	184	128	97	132	165	106	132	76	107	41	145	
9	158	242	173	34	146	63	51	53	71	95	228	223	39	162	228	86	46	182	14	205	152	101	191	226	245	42	131	46	228	169	245	
2	45	98	149	198	130	174	103	220	192	90	131	104	236	55	33	126	239	51	231	192	243	134	236	52	40	207	136	5	126	241	220	
43	200	36	73	93	183	72	250	71	113	140	12	131	1	83	181	201	136	146	188	155	26	115	149	143	91	209	124	154	140	90	236	
27	158	98	201	54	211	63	51	85	78	94	167	143	93	178	228	87	56	148	46	205	152	37	159	234	223	35	198	62	140	189	245	
59	254	114	193	49	215	91	115	85	204	126	165	138	158	166	164	222	56	150	20	223	156	36	206	234	221	162	195	62	142	172	247	
191	174	228	30	205	189	212	239	219	55	180	159	106	232	214	143	137	227	227	21	190	111	206	243	58	91	213	123	223	124	218	206	
35	139	175	85	116	142	236	55	187	233	98	85	176	172	20	113	164	63	51	13	193	248	179	109	47	62	220	2	72	8	208	252	
243	109	228	68	62	50	222	54	121	192	190	139	105	109	151	53	54	245	221	239	236	129	37	206	50	126	141	146	103	246	82	93	
30	15	238	173	182	83	159	112	133	196	222	167	15	237	51	0	126	237	157	231	220	185	36	136	242	225	138	145	103	190	189	82	
11	167	68	204	127	151	74	121	87	169	213	230	104	67	188	228	126	172	150	172	255	31	12	223	62	90	131	175	63	142	248	45	
62	81	250	248	139	213	19	196	143	128	228	10	94	223	44	50	254	241	249	210	72	35	50	224	251	249	6	91	115	35	39	50	
235	121	136	129	205	55	77	151	67	246	172	12	146	32	87	190	205	140	210	29	141	74	240	144	47	25	197	60	154	252	90	252	
7	143	150	149	174	2	174	174	142	179	26	230	204	226	233	206	247	71	106	255	83	65	139	233	44	6	239	196	140	121	169	177	
117	63	204	68	238	23	76	187	3	246	188	239	3	33	199	155	31	196	220	188	253	66	101	24	122	139	229	188	191	252	90	89	
59	19	98	68	87	22	170	116	108	192	238	199	105	44	182	244	126	175	130	244	133	186	53	238	59	109	130	67	79	174	104	252	
166	123	106	214	230	80	190	224	89	252	81	167	72	236	255	43	254	253	183	231	196	115	174	232	54	24	207	175	69	127	119	215	
82	137	104	121	83	202	232	99	59	49	116	147	13	171	54	80	34	191	151	133	16	26	132	215	95	101	138	229	53	4	207	130	
92	179	136	174	186	144	30	169	130	137	152	237	239	234	105	64	213	219	45	241	158	3	142	17	248	229	175	253	188	34	169	19	
32	237	130	156	212	131	166	231	150	130	88	2	32	232	49	64	120	106	2	195	98	186	2	255	48	38	135	8	85	120	176	136	
2	169	16	155	254	137	184	231	30	1	88	2	172	202	48	64	234	43	27	81	82	152	66	247	44	20	158	200	20	8	129	137	
130	143	6	156	218	144	188	103	156	5	218	167	172	142	50	65	110	171	187	197	246	155	6	255	60	32	158	203	21	4	189	223	
2	165	146	145	214	162	174	231	62	35	90	18	76	170	120	64	119	15	51	145	50	152	1	215	44	38	159	196	132	64	161	136	
6	4	130	156	148	162	174	103	20	131	91	18	72	234	40	64	121	110	2	176	48	154	0	206	40	38	159	192	148	122	176	128	
20	94	155	251	182	195	107	208	54	11	87	114	245	211	161	104	119	120	23	218	43	148	41	62	232	167	175	192	180	155	37	161	
134	77	130	158	212	131	174	231	150	130	90	2	40	234	33	64	120	106	19	194	96	154	2	255	40	38	143	128	21	120	176	136	
38	4	130	141	212	162	174	103	20	131	122	18	64	232	56	72	121	106	19	177	48	178	0	206	40	38	158	192	149	122	176	128	
58	141	226	200	212	163	238	255	215	129	220	2	65	233	180	64	121	234	23	153	154	187	0	254	58	110	135	192	183	218	240	136	
2	172	226	145	214	162	174	207	62	99	90	147	8	174	124	72	127	79	51	149	178	248	141	243	60	14	159	196	133	84	177	216	
2	141	2	140	20	129	172	231	4	0	90	2	32	10	48	64	104	42	19	193	82	136	0	253	32	32	138	192	20	8	176	136	
11	180	53	209	237	221	185	223	207	123	53	56	156	156	254	175	143	27	255	29	151	105	250	209	79	89	87	255	214	12	141	253	
78	48	248	247	233	124	121	26	171	255	53	56	156	191	207	94	199	95	255	24	130	69	250	192	207	249	127	174	134	245	7	243	
19	205	34	158	87	151	234	230	31	64	78	3	104	206	54	100	125	171	19	207	230	155	62	255	55	46	143	0	51	30	49	252	
168	204	126	117	69	237	117	246	244	55	102	24	50	49	0	57	9	50	66	8	96	252	112	63	71	139	80	17	83	217	70	170	
148	121	139	187	230	195	175	208	22	138	80	226	245	223	113	72	126	121	51	211	67	210	10	250	245	133	239	136	53	123	53	177	
27	229	226	217	212	146	239	247	87	193	94	2	25	234	188	100	121	235	23	221	214	187	44	255	126	77	190	196	167	158	240	236	
32	173	96	204	220	137	134	239	86	48	248	10	160	168	20	33	73	202	51	97	210	122	207	191	60	30	199	60	85	120	242	140	
41	103	80	101	116	31	110	58	113	168	126	72	83	33	145	180	30	204	6	110	233	178	68	14	102	239	37	196	106	170	74	169	
200	188	190	118	161	236	116	215	185	27	118	24	191	255	64	27	165	115	236	16	50	237	146	35	207	251	116	66	194	80	135	11	
35	141	118	92	117	191	248	55	205	73	126	8	170	184	182	116	200	162	22	9	183	186	100	255	39	62	146	194	87	140	208	237	
232	192	156	191	13	205	148	175	158	27	128	24	182	58	40	75	201	19	251	1	106	109	219	147	197	243	218	63	16	88	149	10	
130	201	130	154	148	129	142	236	22	2	80	2	96	200	57	64	89	106	19	211	98	162	10	191	32	6	159	136	20	91	176	136	
178	68	18	188	211	99	28	111	29	131	201	155	12	170	44	93	255	155	131	163	124	143	0	206	177	230	222	31	181	117	175	134	
40	189	120	110	240	221	87	247	119	8	124	40	191	255	128	48	158	250	149	104	218	186	120	63	239	205	36	104	114	154	194	171	
10	157	22	248	219	229	48	103	175	1	232	35	44	255	36	80	162	179	211	128	18	139	18	253	251	244	26	75	18	0	167	27	
133	198	107	251	52	170	235	176	116	9	83	214	211	64	184	96	91	8	22	63	187	180	77	63	36	174	176	192	253	139	80	161	
13	198	91	107	116	174	235	216	124	9	121	84	211	81	189	48	55	8	6	122	163	180	9	63	100	191	32	196	216	131	98	161	
72	169	58	122	169	200	85	199	235	29	44	56	174	187	96	16	129	114	237	64	2	107	162	113	251	221	20	107	82	0	231	43	
43	255	114	202	181	212	26	213	141	77	253	165	46	221	174	36	206	187	151	21	222	171	44	253	42	92	4	251	70	142	182	223	
27	159	34	195	181	215	247	117	149	77	221	231	42	253	166	164	254	58	151	196	223	169	40	255	170	93	162	195	127	142	252	223	
39	147	133	136	168	21	142	169	142	248	152	196	192	110	253	226	221	67	248	247	215	1	107	144	168	22	207	254	152	122	152	84	
74	187	158	186	171	129	20	231	143	21	136	57	172	251	98	210	199	115	239	16	22	75	138	245	203	215	30	123	146	20	173	11	
178	141	246	246	246	34	222	183	25	131	250	146	239	111	53	1	255	247	53	161	248	254	8	239	186	254	223	130	199	252	241	9	
7	208	1	216	221	133	170	235	30	81	192	90	112	220	124	160	125	155	59	221	147	2	95	245	57	12	139	108	25	129	176	48	
38	123	106	150	238	192	191	228	152	196	88	167	112	236	119	35	254	253	51	231	196	243	142	232	116	9	239	168	69	127	119	211	
87	211	135	140	152	20	143	189	198	89	136	198	209	230	255	230	220	67	248	247	223	3	191	113	168	164	175	156	152	54	169	116	
54	205	82	166	86	3	110	228	45	160	250	10	107	106	61	80	122	233	31	226	72	179	9	253	186	252	135	128	117	187	112	136	
112	179	136	172	56	49	26	74	2	169	153	237	215	238	83	16	221	221	229	177	14	3	206	25	216	197	169	189	184	107	30	18	
204	82	252	247	109	108	125	26	175	254	183	61	223	255	91	95	231	213	255	138	192	101	251	192	215	251	115	141	134	245	37	115	
26	211	114	201	246	147	190	245	15	101	94	231	45	206	190	228	126	59	151	197	215	153	44	245	62	93	174	231	63	158	173	221	
162	141	112	222	244	171	254	239	153	3	184	26	236	106	60	16	255	195	31	161	240	43	72	255	62	30	222	216	213	216	241	137	
163	201	99	95	244	147	235	247	95	73	82	198	184	200	180	228	90	42	18	204	243	184	101	255	44	60	182	192	95	140	240	253	
2	185	176	155	250	141	184	207	30	89	88	179	172	158	100	0	207	59	147	17	146	24	66	245	44	20	30	234	148	12	135	219	
167	114	226	22	69	20	252	72	217	206	245	151	72	200	127	142	252	237	179	231	196	247	190	192	22	56	207	175	79	127	122	214	
250	166	236	58	141	249	221	207	147	119	132	155	107	237	90	11	137	194	233	21	62	111	238	179	219	83	213	125	247	92	222	90	
33	153	121	91	244	199	99	247	87	73	124	96	48	213	176	48	94	58	22	88	243	186	120	127	111	157	164	192	83	138	246	249	
39	32	70	137	76	3	168	104	94	34	194	195	192	200	61	1	120	173	34	165	100	242	69	220	52	42	139	4	93	40	121	132	
251	157	246	222	181	182	222	191	123	203	126	51	108	126	182	101	247	255	181	165	254	248	41	239	59	127	223	130	135	244	241	95	
152	86	107	172	22	226	171	115	116	196	198	151	49	205	50	65	126	169	145	189	232	183	52	142	241	97	138	0	103	140	53	240	
250	180	188	250	139	229	29	223	147	119	132	187	60	255	106	11	205	147	249	145	58	79	250	179	219	195	223	255	177	76	165	123	
2	185	144	153	242	169	184	207	62	33	88	50	172	186	72	64	183	27	147	145	18	216	3	247	44	22	30	226	148	64	129	137	
39	230	133	151	172	61	174	168	142	251	25	228	192	232	221	143	149	66	251	55	215	69	79	179	44	94	239	246	156	254	217	149	
46	236	211	82	241	249	162	198	59	1	109	40	40	247	236	180	179	90	130	24	19	26	138	247	47	28	20	107	194	87	207	174	
8	63	91	169	118	130	163	82	52	12	94	100	157	131	161	192	126	44	134	113	147	156	129	15	228	229	42	192	44	163	41	177	
40	185	162	218	221	213	208	231	223	89	236	24	162	248	116	36	201	106	19	17	30	107	250	179	111	93	158	123	210	12	246	142	
25	155	82	173	51	210	59	53	37	77	86	228	143	7	162	228	102	12	140	236	253	137	37	205	170	245	170	199	62	132	173	117	
27	157	102	73	178	179	94	55	77	65	222	167	11	44	182	100	230	179	159	173	252	136	101	223	98	125	128	210	55	204	244	85	
3	141	98	156	214	146	252	103	253	192	90	131	40	172	182	97	126	239	51	165	212	187	36	207	54	46	142	128	5	108	241	220	
182	73	70	174	84	2	206	224	45	128	243	2	107	74	61	81	122	229	95	226	104	179	73	237	178	248	199	144	101	187	112	8	
114	77	102	196	94	2	254	97	169	208	186	139	104	110	149	51	46	247	127	231	160	99	133	205	54	58	207	144	101	246	115	93	
134	230	60	91	223	241	180	239	222	23	5	179	236	204	254	207	163	74	202	55	118	101	174	247	14	18	91	111	86	93	157	231	
2	169	18	155	246	139	184	239	62	33	90	2	172	138	40	64	247	27	51	145	82	152	1	247	44	22	30	196	148	8	129	137	
72	251	26	122	187	137	20	198	171	21	44	41	174	203	66	16	131	123	233	80	82	107	146	241	235	245	20	123	66	16	143	11	
34	13	98	156	212	131	174	103	86	128	88	2	40	232	48	64	120	42	19	129	224	186	0	255	48	38	158	136	85	88	240	136	
13	75	91	91	244	11	238	152	118	8	115	68	211	65	185	40	90	72	6	126	227	176	13	62	100	143	37	68	253	187	194	161	
2	133	130	129	148	162	174	199	54	33	90	18	72	170	120	64	127	79	19	145	18	152	1	247	44	38	159	196	132	64	177	136	
2	141	2	156	212	131	174	103	22	128	90	2	32	234	49	64	120	106	19	193	98	186	2	255	32	38	142	136	21	120	176	136	
2	133	130	137	148	162	174	231	22	129	90	18	72	234	56	64	121	111	19	177	18	152	1	238	40	38	158	196	133	90	176	136	
34	141	98	223	214	144	236	103	93	64	122	2	40	170	180	96	126	171	19	129	208	186	36	239	54	44	154	128	85	142	241	204	
2	249	112	155	126	137	190	239	30	65	88	163	172	158	100	0	255	59	147	85	210	58	10	245	60	20	30	235	21	14	133	219	
66	251	18	186	43	129	30	230	143	17	136	229	172	206	100	214	199	115	235	195	70	75	154	245	184	208	30	123	24	4	169	31	
2	173	226	147	214	163	174	207	62	97	90	131	44	174	116	64	127	79	19	149	146	152	141	247	60	14	159	196	133	86	177	216	
2	133	2	140	20	129	140	103	4	1	90	2	32	42	48	64	72	34	19	193	82	136	0	221	32	32	138	192	20	8	176	8	
182	205	130	146	210	34	174	231	28	3	203	147	68	34	41	73	121	211	11	163	124	223	77	238	184	6	222	19	181	123	177	130	
230	78	230	30	109	240	222	224	153	206	213	175	104	236	55	31	204	225	247	199	228	103	174	235	50	58	207	171	87	127	126	215	
41	38	72	69	84	27	227	115	116	164	102	130	67	1	146	180	58	204	2	44	37	184	101	14	102	239	48	5	111	136	90	140	
172	12	150	190	193	233	116	67	189	23	99	25	110	251	33	155	161	51	227	0	52	237	2	171	195	243	80	11	210	124	206	130	
2	201	16	155	246	137	188	239	14	1	88	2	172	202	48	64	255	43	51	17	82	152	66	247	44	20	158	234	20	10	129	137	
194	189	246	220	244	182	220	191	59	219	122	51	236	254	180	97	247	255	181	133	242	250	43	255	58	126	223	194	135	196	241	95	
216	188	190	122	169	236	116	215	187	27	38	16	62	255	96	91	165	115	253	16	50	77	154	227	219	251	116	75	194	64	167	27	
104	12	156	191	141	237	16	142	158	23	128	16	174	186	97	75	193	115	233	17	42	111	211	179	193	247	90	59	144	73	21	10	
90	237	88	234	147	205	94	239	63	1	108	139	191	223	0	80	183	251	149	208	90	26	88	255	251	197	15	123	50	134	135	90	
35	157	50	94	117	188	240	103	253	73	126	0	44	248	54	100	172	59	23	1	183	186	50	255	55	62	18	74	82	12	241	239	
162	205	128	156	220	129	142	239	22	0	88	2	32	234	49	64	89	74	19	193	98	58	75	255	56	6	143	168	21	120	176	136	
90	165	130	160	153	228	126	207	167	37	138	2	12	182	104	80	241	215	249	145	26	11	145	247	185	245	159	127	128	70	165	10	
35	141	96	221	252	169	236	103	95	97	120	10	160	168	20	32	201	174	51	1	246	186	69	191	60	62	154	232	85	72	210	140	
66	157	18	250	219	193	48	103	189	5	104	51	44	254	36	80	230	187	131	128	114	11	18	255	59	52	26	75	16	4	167	155	
40	237	120	111	118	143	127	255	112	0	108	8	51	113	16	48	58	250	2	106	243	184	125	63	111	141	36	96	119	154	194	168	
35	205	97	95	244	155	238	191	93	65	90	198	184	8	180	228	90	42	18	205	247	184	101	255	44	62	150	192	95	142	208	252	
34	201	98	200	84	129	134	229	68	0	112	2	32	136	52	64	72	42	19	193	194	170	4	189	32	8	138	72	85	24	240	136	
167	248	208	82	195	221	180	205	123	27	101	56	8	218	78	188	169	91	178	82	87	126	186	243	31	28	23	111	203	21	203	143	
78	238	192	146	251	128	75	152	3	181	73	175	76	227	74	212	87	207	163	151	82	18	206	243	124	22	143	239	182	247	132	87	
162	177	32	147	205	197	180	79	30	125	81	191	140	156	100	9	205	27	179	145	82	122	218	208	13	16	223	239	149	12	151	211	
32	221	121	91	118	207	251	246	94	1	124	98	53	93	160	32	126	58	19	88	195	184	121	127	111	141	52	64	119	138	196	185	
3	141	98	157	86	146	172	103	28	64	90	131	40	174	54	64	126	171	19	133	244	186	36	207	52	46	154	128	5	12	177	216	
226	132	244	222	244	171	254	175	31	3	184	26	236	106	60	64	255	195	23	161	178	107	73	255	62	62	223	212	213	200	241	137	
10	184	162	155	125	213	121	215	215	85	84	151	173	206	242	236	201	42	187	156	183	88	246	247	143	87	218	235	158	140	189	223	
95	226	128	166	172	9	158	184	10	242	155	239	223	232	219	2	151	197	125	55	206	69	207	147	216	135	239	253	172	127	25	1	
79	199	160	11	173	48	206	156	71	69	207	231	200	108	158	236	95	194	185	207	159	0	111	241	166	119	206	199	191	247	185	84	
166	180	244	251	244	183	216	191	95	123	123	59	204	126	188	41	223	155	183	17	178	254	107	223	138	94	223	214	215	204	209	87	
195	152	102	92	106	154	184	37	253	82	118	183	72	62	150	127	230	181	255	229	244	205	39	206	22	58	218	130	7	164	225	93	
195	157	102	220	126	146	120	55	157	81	86	179	40	60	182	115	230	179	159	165	244	233	101	253	54	58	218	194	55	132	241	93	
36	206	236	29	140	51	148	175	150	95	190	183	225	104	151	75	205	67	237	167	190	229	103	63	42	39	125	151	221	121	252	215	
252	180	188	250	170	101	29	153	146	251	149	59	220	127	74	43	197	19	253	146	58	79	250	243	219	211	255	255	144	74	165	115	
130	249	48	158	79	197	188	238	143	91	80	51	172	158	100	3	238	27	147	193	194	15	146	241	53	16	222	171	21	92	165	219	
47	81	34	206	237	180	206	252	201	67	125	70	232	232	63	172	220	98	178	111	213	34	94	225	39	126	198	10	223	223	248	244	
50	50	7	140	77	199	129	104	134	236	208	71	64	200	62	68	248	173	107	229	77	99	222	217	20	34	139	190	29	46	52	214	
207	222	22	158	43	240	120	178	157	94	150	246	236	86	166	239	231	241	255	134	167	69	43	247	22	114	218	211	30	133	61	87	
254	180	173	122	137	237	81	153	147	119	133	185	211	253	74	59	217	146	253	147	58	103	250	51	219	195	221	255	245	79	214	114	
195	76	175	28	226	244	188	199	184	222	82	179	148	190	247	107	167	63	127	133	229	93	182	64	54	42	126	140	141	112	161	95	
78	18	146	218	227	112	52	207	59	31	69	184	12	246	238	220	247	223	162	144	18	94	186	226	30	54	84	207	138	119	174	151	
162	235	32	158	109	217	190	238	219	95	80	139	168	204	127	9	201	107	179	71	198	126	238	241	23	24	218	171	85	29	95	222	
143	218	102	219	55	209	219	240	223	93	148	183	234	125	190	37	78	122	159	85	191	173	108	255	234	89	138	211	254	141	124	247	
2	193	2	136	148	129	140	101	4	1	80	2	32	8	48	64	72	34	19	193	82	168	0	221	32	32	138	192	21	8	176	136	
72	192	156	186	169	105	17	143	142	63	4	25	150	189	72	91	129	19	233	1	10	101	219	17	199	211	85	127	208	88	133	10	
3	157	50	218	245	188	176	103	253	9	121	18	172	248	52	96	237	59	19	1	182	186	50	247	15	62	26	74	80	12	241	143	
34	141	0	157	220	163	140	111	22	34	88	2	160	170	48	64	73	42	19	129	114	58	67	223	60	6	159	168	21	72	176	136	
2	157	18	152	211	225	176	103	191	1	104	51	44	254	44	80	250	187	131	128	18	27	18	247	63	52	26	107	17	0	167	155	
61	70	87	107	180	63	78	184	101	8	255	100	83	97	153	180	19	196	76	110	169	161	13	62	170	239	33	212	254	187	74	33	
254	251	230	144	207	16	78	248	147	188	148	239	110	231	75	151	125	197	237	247	106	67	206	224	63	80	205	255	167	189	62	119	
88	161	152	240	153	165	89	207	163	53	173	25	15	167	106	26	161	155	233	144	26	75	154	209	219	213	21	127	162	68	174	18	
230	59	242	218	235	244	188	205	59	223	117	189	76	254	239	254	167	123	166	210	150	90	170	226	30	54	95	239	154	119	175	215	
207	83	130	154	235	116	62	220	159	223	87	191	76	230	239	222	247	247	191	214	182	87	170	226	30	86	223	143	154	119	172	87	
230	251	178	18	235	208	180	204	251	221	117	61	12	254	110	31	167	123	162	83	214	122	170	224	62	24	95	239	203	23	239	215	
226	132	244	223	244	170	252	175	31	51	248	18	236	106	60	73	255	207	55	145	178	248	75	255	44	62	223	198	213	72	209	137	
231	249	114	82	235	213	182	236	235	189	53	57	8	218	78	183	171	91	242	83	214	123	174	245	63	24	95	239	195	23	239	207	
51	50	15	141	76	135	161	72	198	108	208	103	64	200	50	4	248	172	106	165	77	163	198	92	20	32	139	62	89	14	53	244	
120	249	56	122	219	157	21	231	171	21	44	25	46	139	70	20	161	155	200	16	82	107	146	245	251	213	20	123	114	4	207	10	
150	205	138	155	218	32	174	230	20	2	203	211	225	98	41	65	121	202	10	239	121	151	77	110	60	38	207	4	189	123	176	128	
47	95	228	189	173	83	134	186	198	254	156	231	202	108	155	175	207	69	252	231	253	227	111	160	160	115	239	149	206	125	220	87	
35	201	99	139	21	159	174	239	78	97	90	70	232	40	188	228	120	42	50	237	215	184	117	253	44	60	142	64	95	142	249	220	
130	72	242	157	70	0	188	103	56	146	82	146	172	174	52	11	127	109	51	129	224	254	134	194	20	42	218	136	5	36	51	136	
33	205	115	73	214	207	239	255	94	97	110	2	112	1	188	36	56	10	18	104	211	184	53	127	111	14	20	64	115	138	192	168	
34	140	34	159	116	169	168	103	222	9	122	26	172	168	52	0	201	42	19	1	178	184	66	255	12	62	154	224	84	72	211	136	
162	237	96	154	237	221	190	238	203	127	48	27	40	236	126	3	137	67	243	71	230	111	190	247	63	24	95	239	85	31	215	222	
130	8	130	157	68	0	172	97	28	130	80	18	40	234	48	9	121	237	34	131	96	254	130	203	20	34	218	128	69	56	177	136	
3	195	66	139	118	145	174	239	79	65	88	199	172	200	190	228	254	43	150	205	215	56	4	253	60	28	142	202	29	14	249	221	
33	217	121	75	86	207	251	254	94	64	108	2	49	151	36	36	126	186	19	200	67	184	61	125	111	141	4	64	115	154	69	184	
230	94	230	158	237	240	158	232	153	198	209	171	232	236	55	11	206	241	243	199	236	103	254	234	51	114	207	155	151	127	55	214	
200	188	158	242	173	237	116	215	187	27	52	24	190	251	104	27	165	115	236	16	50	109	154	227	219	219	84	122	194	80	195	11	
216	188	190	122	169	236	84	223	187	27	180	24	190	255	104	91	167	115	253	16	50	111	154	243	219	251	116	123	210	80	167	11	
2	188	246	255	126	150	248	191	63	91	82	51	236	254	148	97	199	191	183	145	178	248	35	255	138	126	222	194	135	132	243	95	
254	180	252	242	171	97	29	217	155	247	149	187	93	127	74	11	255	211	253	179	58	71	251	147	219	195	255	255	182	110	132	115	
130	252	32	158	79	197	188	238	159	91	208	179	172	254	108	3	205	91	147	195	98	79	218	243	53	16	222	171	21	93	181	219	
134	179	48	147	237	205	188	71	30	121	81	63	140	158	100	9	205	27	147	145	210	122	218	208	13	16	223	239	148	12	149	211	
49	34	105	69	84	75	226	91	116	224	98	199	67	1	148	32	56	204	2	44	173	252	117	14	70	238	49	1	109	136	86	252	
254	180	236	227	174	107	85	217	19	247	149	187	95	125	74	27	187	149	253	49	58	71	251	145	219	195	237	255	181	110	214	115	
162	247	32	146	237	205	188	231	142	125	80	191	140	220	126	3	205	27	147	145	242	126	218	245	61	16	223	239	21	28	151	219	
150	206	150	158	147	34	20	239	189	147	224	89	4	226	40	93	177	203	10	146	116	207	10	106	185	54	94	75	144	113	171	142	
11	176	34	152	109	213	184	67	159	93	84	23	172	158	118	205	236	43	179	149	22	94	50	209	7	81	218	235	150	12	61	223	
134	104	146	149	70	2	172	70	30	162	82	18	172	170	113	9	123	109	51	129	96	244	130	194	20	6	223	128	133	56	49	136	
11	184	164	153	109	221	249	95	207	93	84	23	172	222	126	172	207	59	247	149	150	78	246	209	207	89	154	235	158	12	29	223	
199	86	230	218	239	240	60	144	31	95	87	183	104	254	239	111	247	115	183	134	167	86	47	243	22	62	218	203	158	247	61	87	
207	86	228	154	175	115	94	152	159	222	149	247	236	124	191	239	223	211	255	183	173	68	111	242	6	83	223	143	190	253	188	85	
195	220	102	223	98	176	184	38	57	83	114	179	104	158	22	121	231	189	183	133	164	126	167	227	22	58	218	138	69	197	51	221	
127	65	102	237	38	18	126	56	101	192	246	130	91	79	149	100	126	181	61	238	200	182	37	204	246	249	235	128	39	174	112	85	
191	126	100	93	175	59	159	152	95	254	52	247	203	76	159	175	95	92	215	111	239	228	109	186	38	91	239	183	127	253	220	245	
71	92	224	223	230	48	190	207	31	67	89	179	108	254	255	104	247	91	179	135	166	20	175	243	22	62	218	142	151	247	177	213	
231	251	224	156	235	80	190	223	155	221	84	191	44	238	239	255	231	219	183	215	215	90	174	224	62	56	207	175	158	245	175	215	
2	184	246	255	124	135	184	111	63	25	82	51	236	222	20	73	231	187	191	145	130	248	67	245	14	122	218	194	21	132	113	155	
243	92	118	76	79	95	212	110	223	206	244	42	42	184	183	181	232	176	254	33	236	47	54	223	50	122	65	27	95	188	92	79	
34	132	212	159	244	138	248	175	63	51	114	18	236	106	60	65	255	207	63	145	50	248	75	255	44	62	223	198	149	8	241	137	
10	176	36	153	109	221	184	83	143	93	84	55	172	158	118	44	206	57	183	21	134	94	114	209	7	81	154	235	22	12	29	223	
125	71	68	76	188	30	78	184	97	168	190	236	83	96	159	247	94	196	108	110	237	161	109	44	178	235	101	148	111	187	88	5	
230	255	118	80	251	209	182	238	235	221	188	45	40	254	206	23	175	243	199	81	230	107	166	247	62	24	15	255	67	84	239	223	
122	233	0	186	25	221	90	226	139	17	136	11	174	207	103	148	137	187	217	71	78	11	218	181	187	212	29	123	18	15	27	14	
130	68	130	159	68	34	172	70	30	131	91	18	40	234	48	72	123	109	51	129	96	182	0	203	20	38	154	128	133	104	33	136	
2	32	178	159	102	32	184	70	58	3	83	147	172	174	125	8	127	127	51	133	162	212	133	227	4	62	154	128	133	85	33	137	
2	157	18	152	211	225	178	231	159	1	104	179	44	254	36	64	251	187	131	128	18	154	18	247	59	36	26	107	17	0	167	155	
35	173	35	89	213	221	162	103	78	65	104	66	168	152	116	164	201	42	18	29	215	184	118	245	45	28	150	106	219	14	249	172	
32	140	0	157	84	171	168	103	22	33	88	18	160	40	48	64	73	42	19	129	114	184	65	191	12	22	154	32	21	72	144	136	
3	156	50	216	215	244	176	103	222	73	120	18	44	252	36	96	239	59	147	17	182	187	50	247	31	62	26	75	209	12	161	143	
35	143	98	136	213	149	254	231	15	69	88	199	44	136	54	64	254	171	147	133	214	186	4	247	62	28	142	233	29	142	249	220	
3	201	51	136	213	149	174	231	79	65	120	70	168	216	116	164	248	171	18	205	215	58	52	245	61	28	142	106	95	14	249	140	
104	160	185	250	233	105	113	143	139	63	45	24	150	183	72	26	129	30	107	16	18	118	250	17	223	151	85	127	146	72	134	35	
88	188	148	250	171	236	84	223	187	27	188	8	190	255	72	91	167	115	253	16	18	107	154	241	219	251	86	123	210	80	167	27	
126	180	252	233	171	113	29	223	11	247	156	171	93	127	72	91	247	215	253	176	26	67	251	145	219	195	255	255	182	92	133	83	
130	252	180	155	47	197	190	238	158	27	208	51	172	254	105	75	205	123	159	195	98	77	90	243	165	210	222	187	20	93	181	219	
2	32	146	145	22	163	168	66	62	163	82	18	140	170	113	72	127	47	19	145	34	212	1	194	12	6	155	128	133	88	49	136	
197	223	155	30	218	98	39	239	180	7	203	116	84	226	43	217	113	79	202	130	113	203	153	110	184	38	95	8	136	113	171	160	
220	34	159	113	170	106	17	0	168	190	167	56	215	23	65	27	167	21	236	50	40	197	171	0	195	227	113	21	192	97	7	99	
126	182	236	161	143	123	29	95	11	255	156	171	79	45	74	27	63	149	253	177	28	115	165	144	223	195	125	245	167	252	151	83	
190	124	166	190	173	224	158	192	155	222	144	139	236	254	119	11	205	241	255	199	108	71	218	234	177	115	207	187	149	127	55	214	
162	255	36	146	237	205	182	230	155	127	48	63	172	252	126	3	141	123	215	67	246	111	138	247	63	18	223	239	85	28	215	223	
130	132	2	158	68	131	174	103	20	2	123	18	104	234	40	64	121	41	2	130	80	190	8	223	20	38	154	192	21	10	177	136	
74	50	244	209	105	221	184	91	171	253	116	61	140	159	215	62	175	29	255	17	150	122	242	192	95	89	91	239	199	132	103	223	
95	112	98	229	38	26	121	24	105	224	246	162	27	31	151	54	62	149	213	236	140	176	165	200	214	249	163	132	103	180	114	117	
134	187	242	27	235	240	190	207	59	221	113	183	172	254	255	120	183	123	179	215	150	90	174	226	46	56	94	235	213	117	167	215	
27	17	107	229	54	18	249	16	101	196	94	230	217	15	179	96	118	149	23	237	145	144	37	204	198	233	170	128	47	174	113	113	
6	176	246	241	253	189	248	219	255	121	114	51	140	220	94	42	175	27	255	17	150	248	227	209	143	218	95	230	198	140	133	215	
59	1	98	237	54	19	248	120	69	32	254	130	27	15	180	100	126	141	23	168	140	176	37	220	214	249	130	128	119	142	112	136	
126	64	226	229	71	2	200	72	105	160	242	2	75	75	53	82	122	165	127	226	72	183	129	200	146	232	131	21	103	186	114	128	
54	0	97	225	78	11	232	73	43	176	179	10	75	75	92	90	122	133	95	177	24	51	73	208	158	216	139	116	53	171	96	128	
134	77	82	130	228	168	238	135	169	2	185	18	204	42	61	2	235	195	23	195	112	45	8	226	52	28	158	128	197	91	193	136	
58	1	98	233	23	19	248	80	69	0	246	130	27	11	52	100	122	141	23	232	136	178	37	204	215	249	130	1	119	142	112	128	
2	176	118	249	108	129	184	74	175	25	82	34	172	158	52	72	238	57	255	145	130	248	67	213	134	122	218	202	20	132	49	137	
50	1	98	236	21	3	72	104	69	160	226	2	67	11	52	80	120	165	15	224	8	179	17	220	147	232	131	17	119	170	112	2	
2	48	48	153	109	213	184	67	143	93	85	55	172	158	118	109	206	57	183	17	134	92	114	209	7	88	218	235	150	12	53	223	
2	160	212	157	124	139	248	239	63	49	114	18	236	234	60	73	251	15	63	145	50	248	75	213	12	62	223	196	149	8	209	137	
114	1	98	236	69	3	72	105	101	128	242	10	67	11	53	80	120	165	31	226	72	179	17	204	147	232	131	17	103	170	112	2	
27	65	106	229	38	26	248	80	97	224	247	131	27	15	151	52	62	149	149	236	204	176	37	200	215	233	162	133	103	166	114	104	
2	48	244	209	105	157	184	83	239	249	116	41	140	159	214	42	174	57	255	145	134	122	226	208	15	88	90	238	198	132	39	223	
2	181	18	154	211	225	178	239	30	5	72	163	44	246	40	64	255	59	131	144	18	138	26	255	57	4	154	235	149	2	165	155	
39	166	160	154	221	189	200	75	95	125	217	29	134	232	94	8	221	138	147	21	158	50	218	147	28	28	157	127	220	78	218	198	
2	149	82	154	211	225	178	111	30	1	105	163	44	254	36	64	255	187	131	144	18	154	26	255	57	4	154	75	149	2	165	155	
103	180	176	25	205	189	208	203	91	123	61	29	138	216	94	184	217	8	82	29	159	118	218	211	15	92	17	127	216	77	218	134	
2	140	0	157	84	169	168	39	30	33	90	18	160	170	48	64	73	42	19	129	50	184	65	255	12	54	154	192	20	8	144	136	
34	135	98	154	214	225	186	79	23	13	89	163	40	239	126	0	255	187	147	149	18	154	78	223	62	20	154	235	151	206	180	218	
35	167	96	155	213	181	232	95	31	13	89	143	40	200	126	0	221	139	147	149	158	58	78	211	14	28	154	233	223	206	248	222	
110	48	177	80	237	125	80	74	235	243	161	24	14	182	77	190	129	212	224	18	17	103	250	210	31	222	81	127	194	105	71	166	
2	156	50	154	215	245	176	71	94	73	89	18	44	254	36	96	255	59	147	145	146	186	50	255	29	62	26	75	145	12	165	143	
88	177	212	248	171	205	20	221	175	25	180	40	63	255	72	26	166	211	253	80	18	107	219	241	219	241	87	127	242	18	167	27	
94	177	190	224	171	99	92	207	7	253	158	171	31	191	96	90	255	213	253	177	26	67	145	208	219	215	223	247	162	116	165	83	
130	252	20	147	234	139	190	199	158	51	80	178	140	158	96	73	231	123	155	83	114	220	75	247	44	18	31	226	148	88	129	153	
134	254	180	188	45	229	158	234	159	26	144	35	236	254	105	75	207	115	255	195	98	69	90	251	161	211	223	187	148	125	53	219	
2	32	146	147	150	162	170	71	62	131	91	18	172	170	49	72	127	111	19	145	50	156	1	226	44	6	158	192	133	81	161	136	
