兰蔻迷恋丝缎唇膏	360B 4.2ml	http://www.lancome.com.cn/on/demandware.static/-/Sites-lancome-master-catalog/default/dw6df7383c/images/LAN_PRO_IMG/Make Up/LAN00127/LAN00127/L5737200U.png	http://www.lancome.com.cn/dw/image/v2/AARM_PRD/on/demandware.static/-/Sites-lancome-master-catalog/default/dw664e6996/images/LAN_PRO_IMG/Make Up/LAN00127/LAN00127/L5737200U.jpg?sw=490&sh=490&sm=fit
3	35	162	153	199	240	184	71	95	69	94	163	136	172	118	104	255	47	179	149	150	184	166	192	15	54	158	195	149	76	189	206	
0	136	6	153	100	129	168	66	30	17	82	2	172	138	32	72	106	41	34	208	2	248	67	245	4	48	154	64	20	9	49	136	
134	4	150	149	198	34	172	71	60	147	83	18	76	234	120	73	127	111	51	177	48	246	128	194	28	38	222	196	133	120	177	129	
38	120	34	144	111	213	184	64	201	92	149	47	140	220	119	43	238	49	211	215	132	35	182	192	23	24	138	235	21	47	55	215	
43	255	107	93	244	159	235	247	121	77	124	237	123	12	150	52	126	170	150	61	245	186	116	255	110	63	48	192	111	142	214	253	
6	4	150	155	230	34	184	66	60	147	83	146	204	46	49	75	111	59	179	131	32	212	3	192	4	50	218	130	149	101	49	145	
50	129	66	137	212	131	232	99	5	1	218	2	40	10	48	64	120	139	31	161	24	187	65	221	28	4	138	192	21	8	240	136	
130	72	2	155	84	131	170	64	20	2	81	18	40	202	49	65	120	41	19	195	98	247	10	255	16	2	138	136	21	9	49	136	
130	72	2	155	84	131	170	64	20	2	81	18	40	202	49	73	120	41	19	227	98	247	10	255	20	2	138	136	21	25	49	128	
11	155	102	137	126	147	184	127	31	109	90	231	172	140	182	228	238	63	183	133	215	155	103	245	54	60	187	234	31	140	185	221	
0	133	2	137	148	163	162	111	22	1	91	2	32	170	48	64	121	42	2	145	18	184	1	223	44	38	154	64	149	10	176	136	
194	124	18	144	243	172	188	230	189	10	122	48	172	182	33	81	167	51	223	128	114	141	130	239	177	182	30	138	128	80	163	155	
44	233	114	70	244	27	238	253	65	160	125	138	107	109	157	52	94	234	23	122	218	178	236	253	126	221	37	172	103	191	194	128	
130	93	22	152	234	164	60	71	172	11	218	177	172	150	33	64	230	51	191	128	114	141	130	227	180	48	154	138	4	84	165	155	
61	173	98	79	214	155	254	253	65	224	253	10	123	72	190	36	126	250	23	251	221	186	108	189	126	77	165	228	103	191	210	229	
62	233	98	235	214	147	206	253	69	224	253	10	43	72	188	32	122	232	23	235	216	187	108	189	58	205	133	244	119	159	240	132	
130	221	54	155	235	164	188	199	158	89	88	183	172	222	32	64	231	59	187	133	194	139	2	243	37	48	158	138	20	84	165	219	
52	201	96	138	92	131	198	237	71	0	248	10	98	200	61	0	120	168	6	243	202	43	74	253	56	12	131	124	85	27	240	128	
151	24	166	191	47	242	186	2	220	206	211	247	233	254	183	203	238	99	191	199	172	197	7	234	128	115	250	131	29	117	57	95	
2	219	34	155	207	213	188	198	158	93	88	23	172	220	118	64	205	59	179	133	198	184	50	241	37	18	158	203	21	92	181	223	
36	133	66	138	92	131	162	105	22	1	249	2	64	200	40	0	89	136	2	34	82	35	10	149	24	4	131	124	85	10	240	128	
2	140	20	155	180	131	168	39	30	17	82	18	172	42	48	65	123	43	51	129	50	152	67	255	44	54	218	192	20	8	177	136	
50	201	98	238	92	131	206	236	197	0	216	2	105	202	60	64	120	169	23	227	200	163	10	253	178	236	138	136	53	154	240	136	
2	188	48	219	244	167	184	199	94	25	80	50	172	220	60	0	223	59	147	17	178	184	74	247	45	30	158	226	148	12	129	155	
155	157	107	206	210	146	175	245	180	68	222	230	121	238	182	101	118	251	23	239	241	155	44	239	114	47	174	192	63	182	161	253	
19	159	87	158	242	178	190	247	189	64	90	231	125	254	166	229	119	123	151	165	181	153	44	253	56	46	174	192	191	198	161	221	
2	217	54	155	188	133	184	231	30	89	82	179	172	254	48	64	207	59	179	133	178	152	3	247	4	22	218	194	20	12	177	219	
15	16	245	193	231	126	169	27	69	91	94	214	217	53	155	238	55	6	179	188	147	144	55	192	6	110	240	196	175	253	145	245	
71	251	85	170	170	137	30	188	143	89	57	237	253	247	203	16	134	115	95	86	135	8	74	245	238	213	47	250	158	151	3	89	
35	106	228	155	109	184	248	134	203	89	89	231	172	142	214	158	206	35	247	85	135	8	206	225	6	24	154	146	158	215	218	157	
38	132	98	139	212	161	170	202	94	1	89	18	72	200	60	64	123	139	19	145	146	178	72	215	12	12	138	236	213	75	241	128	
70	8	242	156	110	160	186	2	173	130	218	130	172	254	53	74	230	241	63	195	128	3	130	224	148	60	202	138	132	117	33	1	
59	223	225	213	118	147	187	119	31	233	92	231	121	60	182	164	126	251	151	173	245	250	101	255	46	14	187	194	127	140	240	253	
43	189	105	225	118	143	239	119	17	232	124	206	57	221	212	32	94	251	23	239	251	186	244	239	127	77	173	168	111	238	210	249	
90	159	178	155	179	208	186	231	191	21	222	163	172	222	102	198	231	123	191	145	86	25	170	231	190	52	158	195	6	4	173	95	
60	72	106	232	92	35	202	216	86	128	244	2	19	201	241	8	120	136	23	250	138	179	10	152	250	201	163	236	183	187	112	128	
70	40	210	148	226	160	184	64	169	130	91	146	12	238	117	90	166	253	63	147	16	211	130	192	22	60	138	138	132	227	35	129	
74	155	246	157	195	210	188	103	189	23	94	179	44	174	38	204	230	119	187	129	84	153	39	231	54	118	218	195	151	84	173	223	
66	8	150	156	110	160	184	2	172	130	218	2	172	170	33	74	98	225	63	194	0	133	131	224	148	54	218	136	132	113	33	9	
2	72	150	159	108	160	168	2	140	2	210	2	172	138	49	75	238	97	59	195	0	172	67	233	4	50	218	128	20	89	33	136	
56	97	226	100	68	27	238	80	193	160	244	10	59	137	181	34	122	236	87	235	200	247	164	136	114	201	229	160	103	186	114	136	
86	40	210	164	98	32	106	66	169	128	250	2	44	170	117	90	102	237	63	194	0	147	128	232	146	188	138	136	165	241	35	8	
60	72	106	232	92	163	202	216	86	128	244	2	83	201	249	8	120	232	23	122	138	51	10	152	250	201	163	252	247	187	112	128	
90	65	122	230	22	138	121	117	37	128	95	130	125	143	176	64	118	189	31	168	200	153	4	204	242	237	170	128	39	130	49	25	
56	96	242	101	70	11	236	85	73	160	112	10	43	137	85	8	122	172	23	227	200	242	132	200	22	201	132	160	103	248	82	136	
2	72	150	159	108	160	168	2	140	18	82	2	172	138	49	75	238	97	59	195	0	172	67	233	4	50	218	128	20	89	33	136	
71	251	85	186	170	137	30	184	143	89	57	237	253	247	203	18	198	115	95	86	135	8	74	245	238	213	47	250	158	151	3	217	
162	192	68	153	108	137	172	237	140	16	112	18	172	8	60	1	106	9	19	65	98	188	66	253	36	26	218	224	85	24	209	136	
186	53	22	129	125	254	114	74	169	44	184	11	14	30	70	150	232	145	223	225	78	11	144	205	179	208	138	119	2	15	63	198	
162	208	116	219	108	153	252	237	205	88	48	187	168	28	188	33	206	25	23	103	226	46	110	245	38	24	218	254	85	156	209	205	
171	222	102	95	116	151	171	246	157	78	116	246	40	12	182	229	76	122	146	78	231	190	52	255	102	59	178	160	95	157	124	253	
19	149	127	238	178	246	59	115	173	73	95	247	124	255	168	96	246	55	63	166	145	153	58	205	242	239	42	194	60	98	161	115	
162	192	68	153	108	137	172	237	156	50	112	18	172	8	60	1	106	9	19	65	98	188	66	245	36	24	218	224	85	8	209	136	
147	207	103	221	46	139	172	246	204	18	146	194	249	75	181	67	102	97	95	235	224	205	5	253	36	42	250	144	61	152	81	41	
147	210	117	153	62	147	189	119	220	92	208	247	172	12	182	229	110	33	151	197	231	173	37	221	36	122	122	146	93	28	169	221	
189	7	96	193	214	51	207	119	85	38	253	246	11	12	188	228	126	136	150	238	249	182	101	166	54	205	162	196	119	223	244	229	
30	146	187	248	178	228	59	82	191	73	95	118	92	255	168	120	247	27	159	145	147	149	42	242	219	247	59	199	152	133	165	115	
5	243	179	218	236	141	191	208	235	88	53	100	156	223	236	60	182	89	22	90	211	50	170	240	133	216	43	238	24	179	131	181	
54	40	98	192	84	51	202	216	71	160	253	10	67	137	253	44	120	136	23	251	152	179	44	220	26	76	129	244	247	175	114	132	
90	116	18	128	119	248	186	66	171	36	154	43	12	158	102	198	234	189	143	145	12	59	128	210	145	244	138	123	71	14	45	71	
23	30	174	151	46	114	185	33	236	222	223	247	204	124	183	111	110	101	255	163	149	229	39	200	128	50	234	131	141	103	61	87	
11	10	4	155	109	177	168	6	12	209	81	231	172	14	214	140	206	43	179	149	149	216	70	228	12	18	218	203	142	5	25	221	
135	19	231	213	198	50	173	81	221	198	215	214	72	236	191	238	127	100	59	191	177	197	53	202	16	62	223	134	143	253	241	228	
158	114	251	168	203	65	153	216	151	222	212	247	12	159	107	10	127	217	183	211	131	71	190	192	219	65	255	239	183	61	37	243	
159	114	237	184	14	97	153	216	22	222	213	247	205	207	255	75	127	217	151	247	139	70	126	209	82	67	251	174	189	125	53	243	
191	224	105	169	207	71	143	200	22	114	149	155	25	223	125	41	127	217	19	255	251	86	127	241	95	73	143	108	183	157	176	240	
198	19	167	180	168	38	60	17	172	250	147	247	220	182	163	107	230	117	253	135	165	197	163	192	145	50	251	130	128	117	53	119	
162	208	116	219	108	153	252	237	207	82	48	187	168	28	188	33	207	25	23	103	226	46	110	245	38	24	218	246	85	156	209	205	
87	70	166	133	171	114	188	143	172	251	155	211	204	174	126	235	167	69	253	181	149	193	167	192	136	50	206	199	132	119	169	85	
63	121	109	137	206	87	159	248	3	246	148	207	89	28	215	11	127	213	179	247	205	114	127	216	126	73	207	188	63	189	82	212	
61	104	106	224	84	51	202	216	69	224	220	138	83	205	183	40	120	204	23	255	140	179	36	156	82	77	161	180	247	187	112	224	
54	129	98	202	92	3	202	105	71	49	249	2	64	200	60	64	121	136	23	163	154	51	72	213	26	12	139	252	21	11	240	128	
82	72	210	182	70	128	62	67	185	130	67	131	44	171	113	74	230	245	59	135	64	221	130	234	148	38	222	138	36	240	33	8	
194	73	22	156	77	128	36	103	188	2	194	3	36	178	33	91	224	231	42	65	96	159	18	234	49	50	222	3	16	120	160	14	
44	161	8	171	213	209	195	249	22	101	93	14	145	73	42	0	89	10	130	56	23	58	104	151	237	133	171	125	247	10	220	194	
230	122	228	152	79	17	156	236	91	182	148	175	8	8	215	159	79	192	195	226	196	70	246	208	22	18	213	191	31	188	94	140	
126	133	100	76	185	82	222	233	193	108	188	43	74	110	63	134	217	215	204	228	124	35	40	223	122	255	133	255	115	126	76	87	
82	90	227	188	34	128	62	66	173	194	211	227	109	254	112	106	230	245	189	199	196	197	134	226	144	54	222	138	36	181	181	85	
38	164	96	203	212	51	174	201	94	115	89	147	64	236	252	36	217	26	19	181	178	50	124	151	45	28	143	236	213	78	208	212	
39	162	224	11	205	61	234	139	79	127	25	199	192	76	222	140	221	142	179	159	151	48	237	209	14	28	137	253	221	79	216	212	
75	194	197	153	117	27	168	71	75	113	80	254	140	8	182	239	47	5	146	141	135	124	37	209	20	58	218	160	31	140	217	220	
63	190	242	178	247	251	86	212	19	207	60	191	111	254	171	188	55	250	149	82	182	194	44	170	106	215	53	179	167	255	222	223	
130	200	102	157	100	130	172	102	156	18	82	18	172	138	48	73	110	41	51	131	224	156	3	245	4	50	218	128	21	24	49	136	
62	129	98	234	28	3	202	121	69	32	249	2	67	200	60	64	120	129	23	227	216	35	73	157	178	233	163	220	53	170	240	128	
7	18	236	79	102	54	168	24	111	235	95	214	72	46	191	238	119	36	187	142	133	145	61	192	6	62	218	131	159	231	121	213	
158	126	240	242	243	241	94	150	81	79	156	187	43	60	247	188	183	251	149	215	238	142	44	170	227	223	60	171	167	221	172	95	
38	213	38	10	235	209	150	237	137	92	185	169	76	254	46	183	206	83	215	227	212	3	106	241	51	16	207	191	86	119	158	215	
94	243	216	161	234	9	125	189	43	125	60	239	93	39	218	18	55	215	117	125	210	16	205	209	254	205	61	244	175	150	131	217	
17	78	71	191	0	162	110	246	116	2	194	194	113	67	177	65	122	224	2	238	105	148	5	126	160	166	226	0	61	243	96	168	
130	192	6	153	108	137	168	39	140	18	82	18	172	10	48	73	203	33	59	129	114	188	67	213	4	18	218	192	20	12	241	137	
249	95	87	236	60	134	67	56	196	136	250	70	115	67	176	113	120	164	14	110	201	167	21	61	240	168	163	16	57	171	112	33	
145	116	27	235	52	135	203	92	84	8	81	70	179	209	177	96	92	168	22	107	235	182	88	159	224	140	162	8	61	154	112	169	
2	57	52	138	111	208	188	65	137	28	25	43	140	158	6	135	134	19	223	67	86	11	194	241	149	16	74	171	22	7	159	135	
2	130	6	187	33	160	56	103	188	15	75	51	172	170	34	200	225	59	155	129	54	152	1	247	132	118	218	195	144	68	173	143	
74	148	154	250	51	224	59	7	191	5	79	178	172	223	104	64	183	59	187	145	82	157	154	231	143	245	26	195	146	2	165	59	
167	220	123	90	116	215	223	240	89	78	245	10	82	220	181	49	92	184	22	106	236	182	124	222	115	14	161	252	85	186	116	247	
23	207	106	246	134	128	254	246	165	130	90	231	121	235	181	96	39	251	23	239	192	145	12	238	250	232	174	136	45	243	33	137	
3	150	3	155	52	160	178	3	28	1	91	247	172	138	44	196	221	43	130	17	55	156	65	247	4	54	154	66	28	12	177	141	
128	72	6	157	4	130	172	102	180	2	82	18	44	138	48	73	104	45	51	131	64	156	3	241	4	34	218	0	21	24	33	136	
134	4	134	156	196	34	172	67	148	130	83	18	72	234	57	73	121	41	51	163	48	247	2	202	16	38	218	128	149	121	176	128	
70	18	162	140	111	116	184	67	139	95	91	183	140	254	119	74	231	61	187	133	148	1	182	192	23	54	218	139	157	103	53	215	
38	133	98	139	212	161	170	107	94	1	121	2	72	200	56	64	121	138	19	177	146	186	8	215	28	4	138	236	213	11	241	128	
94	243	216	161	234	8	127	189	43	125	60	239	93	47	218	18	55	215	117	125	210	24	205	209	254	205	37	244	175	150	131	217	
7	169	59	138	92	221	163	232	202	204	156	138	244	214	238	38	106	48	122	92	67	3	190	209	157	20	11	255	16	42	7	244	
11	157	82	221	211	188	112	39	173	9	78	16	62	179	36	244	132	187	155	8	19	152	48	207	47	255	16	66	10	68	136	47	
11	157	18	220	211	252	116	39	173	9	110	16	62	183	36	244	130	179	155	0	83	152	16	255	175	127	16	67	10	68	136	63	
23	207	122	246	150	130	254	240	165	128	90	230	41	235	181	96	102	251	23	207	192	153	12	238	122	237	175	128	45	243	113	137	
70	177	146	147	235	164	184	135	174	57	91	49	140	190	72	74	167	31	187	17	18	88	139	192	12	52	94	238	132	68	161	155	
57	233	107	228	86	193	207	252	3	224	212	170	49	207	243	32	94	248	23	238	203	18	228	152	114	205	173	168	53	186	82	248	
6	132	146	145	214	34	172	199	54	131	90	18	76	234	120	72	123	79	51	145	16	254	129	194	60	38	158	196	133	88	161	128	
184	96	226	229	70	27	232	81	81	192	118	2	57	9	181	35	62	173	23	235	192	246	36	136	86	73	170	128	103	188	114	136	
54	40	98	193	84	179	234	208	69	224	250	10	11	136	245	40	120	236	23	241	136	179	37	220	26	204	131	228	229	191	112	132	
6	0	134	153	134	34	188	67	30	19	91	147	204	46	57	72	127	31	179	149	16	208	3	192	12	54	222	196	149	93	177	145	
34	73	2	156	92	128	174	230	132	0	216	2	32	202	49	64	104	234	2	195	64	171	2	253	48	32	138	136	21	24	48	136	
0	133	2	137	148	163	162	99	22	1	91	2	32	168	48	64	121	10	2	177	18	184	1	223	44	4	138	64	149	10	176	128	
60	173	96	79	212	155	206	253	65	160	253	10	107	105	156	48	120	234	23	250	218	186	108	191	62	221	133	244	119	187	210	132	
130	253	22	154	251	164	188	230	188	27	90	177	172	182	33	64	231	123	187	192	114	11	130	247	61	54	30	138	144	80	161	155	
63	141	98	239	212	155	206	253	69	224	253	2	107	73	188	36	120	234	23	235	220	186	109	191	122	205	165	196	119	191	240	204	
52	201	98	234	220	131	198	237	71	32	249	10	99	200	61	0	120	168	23	99	218	43	72	189	186	204	133	124	117	155	240	136	
130	221	54	155	233	164	188	199	158	91	88	51	172	222	48	64	231	59	187	149	210	152	2	243	37	50	158	202	20	84	161	219	
191	141	98	238	212	147	206	253	85	224	222	130	121	109	190	100	120	234	23	239	248	187	45	191	122	77	175	196	119	190	240	252	
2	221	34	155	237	213	188	207	158	91	88	55	172	220	118	65	205	59	187	129	210	56	50	243	45	18	158	203	20	92	181	223	
2	141	20	155	180	131	188	167	30	17	90	18	172	234	48	65	227	43	51	129	114	152	67	247	44	22	218	192	148	8	177	137	
54	201	98	238	92	130	206	253	197	0	249	2	99	203	60	64	120	168	23	227	200	163	10	255	178	236	142	156	55	186	240	136	
155	141	107	222	214	146	239	253	20	66	214	198	121	239	182	96	126	251	23	239	249	155	44	255	122	111	174	136	55	182	176	248	
130	76	2	153	20	163	168	66	20	2	81	18	104	202	33	73	121	40	19	162	34	246	0	223	4	38	218	128	20	73	48	128	
130	4	2	153	20	163	168	66	20	2	83	18	104	202	57	73	121	41	19	163	32	246	0	223	4	38	218	128	20	73	48	128	
35	191	107	197	244	159	239	247	81	233	124	206	57	61	148	36	124	234	23	173	249	186	116	239	111	14	189	224	111	140	210	253	
10	143	230	159	126	144	190	239	191	85	94	231	237	206	182	196	119	123	191	197	214	25	14	255	62	118	175	203	55	166	173	221	
71	155	236	199	138	16	188	173	174	117	22	167	204	46	214	110	39	87	251	223	151	88	191	225	14	47	223	199	175	55	185	92	
21	15	203	191	36	34	239	80	20	138	91	198	241	227	177	96	126	108	55	239	137	144	5	168	128	174	234	128	189	251	48	161	
39	16	239	71	100	118	237	17	69	207	95	2	80	188	183	110	110	36	51	172	133	176	55	192	7	62	193	134	167	255	124	245	
26	207	230	159	246	146	190	231	181	23	94	231	109	238	190	197	127	235	183	197	246	153	15	255	54	102	250	131	183	222	189	221	
50	40	210	228	86	32	234	64	41	128	248	2	44	138	53	90	106	233	23	208	8	155	128	232	22	188	138	136	165	243	99	136	
184	105	226	228	68	27	236	85	81	128	114	10	43	137	53	1	122	237	23	227	200	247	164	200	50	233	162	128	103	184	114	136	
60	73	106	224	84	51	202	208	69	224	222	10	27	137	177	32	120	236	23	251	136	179	36	156	250	205	161	196	231	187	112	128	
2	8	178	157	108	160	168	66	142	3	90	130	172	174	49	72	238	43	51	129	130	16	130	225	4	52	218	136	148	93	49	136	
43	219	99	89	244	159	239	247	127	73	124	199	57	12	182	164	126	170	23	157	215	184	117	255	46	62	182	192	79	140	210	253	
255	238	224	211	167	56	222	135	25	103	184	255	40	10	86	132	239	195	159	199	246	44	205	227	54	92	158	251	159	221	217	93	
2	72	130	157	4	160	168	6	52	3	90	2	172	170	48	72	122	41	59	129	0	152	131	225	4	36	218	128	21	88	33	136	
2	200	6	157	36	161	168	38	28	3	82	2	172	170	48	72	251	43	51	129	64	188	3	243	4	54	218	128	20	73	49	136	
53	227	200	97	242	3	111	253	34	33	254	238	81	7	216	16	62	205	23	252	219	16	141	81	126	141	165	228	237	146	226	177	
39	28	111	222	79	247	191	112	156	86	125	7	112	252	55	105	233	32	19	46	165	167	62	253	67	42	194	130	247	125	116	246	
2	208	54	153	109	133	184	103	142	27	80	18	172	154	116	72	207	49	51	1	194	60	2	209	5	26	218	234	20	12	49	139	
24	1	106	238	86	2	123	121	37	1	223	130	121	207	184	64	126	137	23	234	200	147	12	207	242	237	162	136	39	130	241	0	
70	40	210	150	114	160	250	66	169	128	240	130	44	142	117	90	238	233	23	209	0	155	130	232	20	60	138	136	133	97	35	129	
7	20	111	221	133	102	189	97	156	86	115	151	80	110	62	107	253	33	51	167	181	245	50	204	67	42	218	130	213	125	245	246	
183	68	110	157	198	114	253	111	85	86	116	179	65	124	183	237	123	140	146	172	188	242	36	204	18	107	194	135	255	252	252	196	
135	115	179	200	238	133	191	216	203	216	56	102	156	222	253	38	182	121	22	122	195	35	170	240	176	216	47	174	28	187	131	181	
183	105	173	232	141	71	205	200	86	242	132	2	16	159	113	41	217	201	51	251	73	119	121	208	219	201	207	117	21	57	112	226	
30	115	249	232	234	5	29	216	6	248	148	231	29	223	233	43	126	217	183	243	195	67	234	208	218	193	239	174	189	177	37	243	
188	72	66	225	20	3	74	80	21	160	210	2	3	9	49	72	120	140	31	241	40	183	1	158	218	205	171	212	183	185	112	136	
23	209	238	213	134	50	189	239	196	87	214	151	72	46	190	75	107	71	187	237	181	249	55	192	14	43	222	199	175	253	253	212	
70	8	178	158	108	160	184	2	141	130	81	2	172	202	113	74	230	251	63	145	130	2	194	224	20	52	154	138	148	101	33	137	
87	147	174	151	134	20	189	143	46	87	94	135	76	46	222	74	231	71	187	151	214	216	191	225	79	39	222	199	141	117	181	94	
66	8	146	159	78	160	168	2	174	3	90	2	172	170	33	74	106	107	59	128	2	16	195	225	20	52	218	136	148	121	33	136	
0	200	6	153	44	137	168	70	14	17	82	2	172	138	32	72	106	41	42	208	2	184	67	245	4	48	154	64	20	8	49	136	
188	64	66	233	28	3	74	216	23	160	212	2	83	201	49	72	120	136	31	250	40	183	9	158	218	207	163	180	183	187	112	128	
82	72	210	220	66	0	186	70	57	2	112	130	44	174	53	88	110	253	55	193	0	22	130	227	20	44	154	168	5	53	35	137	
80	72	130	158	70	160	38	70	180	130	74	2	36	226	33	74	96	238	34	130	0	154	134	106	20	38	222	8	160	113	33	136	
2	200	20	159	108	169	168	174	142	18	80	2	172	136	56	74	206	3	59	195	66	44	67	241	4	50	218	136	20	25	49	136	
38	62	161	209	236	39	170	202	94	171	24	110	128	168	245	172	221	105	19	211	147	246	108	242	12	30	159	238	221	121	81	149	
31	248	244	119	51	209	155	148	23	221	118	167	251	253	199	164	55	123	181	94	142	216	47	161	75	223	37	195	231	191	77	127	
75	241	161	129	167	92	173	151	111	233	30	198	156	181	218	230	38	94	186	221	211	24	181	224	47	28	30	196	142	150	145	253	
87	30	226	164	98	180	58	82	161	206	218	231	13	238	243	88	246	237	191	135	140	147	182	226	146	116	171	171	175	247	61	85	
71	74	163	188	118	160	170	66	168	128	91	227	125	238	177	74	118	253	59	143	128	147	134	224	148	36	170	136	141	243	49	32	
190	122	232	176	79	53	158	202	19	254	148	191	8	140	119	10	207	249	183	215	142	71	222	242	219	81	207	255	151	125	63	215	
6	4	130	157	212	34	172	71	20	131	91	18	64	234	56	72	121	110	34	177	48	182	0	202	56	38	222	196	149	120	176	128	
71	17	235	199	166	118	172	17	109	233	95	198	200	188	247	238	54	6	190	157	149	145	181	192	30	60	138	134	143	230	185	117	
38	254	226	210	241	177	158	164	137	79	156	173	104	254	255	180	159	243	213	247	190	3	44	239	42	94	141	187	150	255	175	87	
2	200	116	159	108	169	168	174	206	18	80	2	172	138	56	75	207	1	59	3	130	36	67	241	4	50	218	128	20	24	17	136	
29	7	199	238	180	38	110	49	100	138	219	198	89	99	177	224	126	230	30	238	153	145	5	206	176	175	170	128	191	243	112	33	
30	93	224	242	183	114	222	215	61	7	254	35	11	63	55	156	191	211	149	145	188	184	49	254	251	223	212	151	247	213	254	75	
250	116	50	168	119	124	82	66	137	6	184	59	14	158	47	214	250	177	207	33	44	167	16	206	179	244	10	123	2	12	46	215	
226	80	242	220	98	0	248	68	59	3	112	186	172	142	116	88	238	153	151	129	130	22	130	195	20	60	218	170	21	52	35	153	
57	85	83	236	52	167	71	120	68	0	218	66	115	81	169	97	92	184	30	106	233	161	81	28	240	140	32	16	56	219	112	40	
158	248	186	250	67	224	59	202	191	31	85	179	13	223	104	72	247	91	151	210	18	21	138	243	219	213	26	239	146	81	37	163	
37	92	111	92	100	231	235	114	92	66	121	74	113	124	181	105	223	184	19	43	161	182	116	156	85	46	225	0	85	235	116	242	
253	81	87	237	164	38	71	48	100	66	227	66	83	19	161	121	112	180	60	234	233	179	21	140	240	234	226	4	59	179	112	48	
3	234	229	147	109	189	168	198	107	113	89	206	172	8	212	238	46	3	178	95	151	60	127	241	4	24	218	226	159	159	217	156	
50	20	122	224	117	247	82	99	53	14	254	27	10	31	38	145	249	176	151	160	44	183	16	206	51	223	144	71	99	237	126	86	
35	187	226	78	247	151	186	229	75	201	125	166	40	252	182	164	254	107	147	213	151	186	60	253	46	28	133	235	223	142	250	221	
84	227	202	96	242	3	111	253	35	165	63	238	83	199	216	16	62	220	23	252	219	18	173	64	122	141	165	228	237	162	226	49	
41	189	249	229	252	237	215	223	67	233	252	14	179	189	80	48	216	254	23	88	91	58	248	162	255	221	165	56	233	250	210	186	
151	65	71	228	94	2	239	120	4	224	147	198	81	199	241	99	126	213	23	239	233	23	45	206	240	136	175	132	61	179	49	241	
37	188	9	137	244	163	163	218	22	231	125	38	16	220	231	8	221	8	130	54	147	176	120	182	76	12	171	236	221	203	81	241	
38	196	226	136	220	163	170	200	86	3	121	18	64	200	61	8	121	136	19	51	178	55	10	211	24	14	139	236	213	89	112	128	
18	129	66	174	28	2	106	105	133	1	219	2	105	202	40	64	120	129	14	162	72	131	10	205	176	229	138	136	53	10	176	0	
7	89	34	146	109	213	186	64	137	204	145	175	140	220	119	42	238	177	151	215	196	3	50	224	21	16	138	187	21	63	55	215	
78	18	179	165	166	110	61	23	43	233	75	231	220	191	201	238	247	95	189	149	145	208	145	192	140	118	254	198	174	118	181	123	
159	64	109	229	70	3	233	88	4	226	151	198	89	7	209	105	126	149	23	255	225	150	101	200	244	136	239	164	45	179	33	249	
50	129	66	137	212	131	232	103	5	1	219	2	8	10	52	64	104	163	23	129	88	186	65	221	60	44	154	192	21	8	240	128	
6	158	134	155	181	160	186	194	188	23	75	247	236	226	40	200	247	11	139	145	22	140	11	247	132	54	154	203	156	71	169	7	
166	68	226	136	220	163	170	200	86	3	241	18	64	200	125	8	121	136	19	179	162	55	10	211	24	14	139	236	213	89	112	128	
51	105	237	165	79	79	205	111	7	242	148	139	17	28	87	35	76	205	179	237	205	122	247	152	119	73	207	180	61	252	80	248	
35	171	226	75	215	146	186	205	79	65	124	199	40	200	246	164	254	42	146	213	151	184	44	245	46	28	134	227	223	142	248	156	
6	4	150	159	134	34	40	67	60	3	83	18	204	98	41	72	119	47	51	144	16	208	1	202	4	38	218	128	148	97	161	128	
2	169	208	155	254	169	184	207	30	17	88	18	172	170	120	64	255	11	19	145	18	56	67	243	44	20	158	232	148	72	145	137	
183	40	224	69	196	27	236	83	91	226	52	26	8	8	213	42	107	204	23	153	236	118	229	194	22	12	213	164	231	252	210	132	
2	165	80	155	246	137	184	207	30	33	88	2	172	138	120	64	127	11	19	145	18	56	74	247	44	20	158	224	149	10	145	137	
50	192	242	224	215	82	94	207	17	39	184	163	10	60	54	156	255	151	151	161	92	187	1	204	179	223	158	151	167	92	238	95	
6	4	130	153	148	162	174	67	28	3	90	18	72	106	57	72	121	43	19	145	16	144	1	222	4	38	154	128	148	123	177	128	
32	201	2	158	76	128	142	230	132	0	216	2	32	194	33	64	72	106	10	194	64	171	2	253	48	32	138	8	21	57	48	136	
2	133	2	137	148	163	170	75	6	1	91	2	8	42	48	64	121	11	19	145	18	184	1	223	44	4	138	192	149	74	177	128	
6	4	138	153	148	163	172	67	22	3	91	2	64	234	41	72	121	43	51	128	16	144	1	222	4	38	218	128	148	91	177	128	
188	237	98	111	212	155	238	253	85	128	252	2	107	105	189	32	122	234	23	250	248	186	108	191	122	205	165	64	119	251	242	140	
130	221	22	158	234	164	188	231	190	27	90	177	172	246	32	65	231	123	187	128	114	77	2	247	60	54	158	138	144	84	161	155	
189	141	98	238	212	147	206	253	85	224	254	2	123	105	188	36	120	234	23	239	252	187	109	191	122	207	167	192	119	191	240	204	
130	221	54	155	249	164	60	231	158	91	88	179	172	254	32	64	199	59	187	133	226	139	2	247	45	54	158	202	20	84	177	219	
191	141	98	238	212	147	206	253	85	64	214	130	121	109	188	100	120	234	23	239	252	191	45	191	122	111	175	192	55	191	240	232	
50	205	98	238	220	131	206	253	213	0	248	2	99	233	60	64	88	232	23	227	200	171	10	191	178	204	143	152	55	186	240	136	
130	141	52	155	188	129	188	175	158	27	90	146	172	254	56	64	199	59	59	17	242	152	11	247	44	22	222	194	148	72	145	137	
187	205	106	238	214	146	239	253	20	66	220	130	121	239	182	96	126	254	23	239	248	159	45	255	114	111	175	128	55	190	240	232	
43	187	99	89	244	159	237	247	95	73	126	198	185	140	180	164	126	170	23	141	215	184	117	245	46	30	190	192	95	140	241	253	
7	25	235	143	244	102	171	17	68	193	91	70	81	252	181	96	124	109	51	207	145	176	93	192	85	44	170	128	205	235	113	240	
27	219	99	153	118	147	174	247	87	105	90	231	57	140	182	164	126	171	55	205	215	184	101	253	54	78	186	192	63	140	185	221	
33	189	249	245	244	237	231	119	83	235	124	26	51	185	208	48	89	250	23	12	187	58	240	191	127	141	53	104	239	200	210	184	
18	207	238	157	94	146	190	127	159	68	94	231	105	238	182	196	118	235	191	197	198	153	15	253	62	103	174	201	63	164	185	221	
71	25	235	206	228	244	175	81	204	192	223	70	208	252	183	96	126	46	59	207	149	177	255	224	87	44	170	136	133	235	116	244	
71	190	112	136	255	157	190	170	203	218	24	239	172	252	119	134	135	97	223	37	199	35	158	251	46	28	143	191	158	126	91	221	
48	41	66	128	84	131	226	64	165	128	250	2	43	136	53	0	120	169	6	241	8	187	0	236	144	204	138	0	101	27	98	136	
66	192	176	159	108	9	184	136	206	19	80	2	172	136	57	74	110	129	63	67	130	52	75	241	148	16	218	168	20	25	17	9	
50	40	66	192	84	163	234	64	161	128	250	2	40	136	117	8	106	169	6	209	0	187	0	232	22	12	130	128	197	11	98	136	
134	224	22	147	102	139	168	228	60	49	81	18	140	130	104	9	43	9	2	16	114	220	10	213	12	16	91	228	84	8	163	128	
66	192	64	142	76	9	236	236	15	49	209	10	172	138	56	64	122	129	63	195	66	50	75	209	148	52	218	188	21	26	113	8	
93	7	198	110	181	18	78	49	101	128	255	230	75	99	179	246	122	228	140	238	157	131	5	142	186	237	166	1	175	231	120	4	
182	68	70	161	20	43	72	66	5	160	146	2	11	10	37	73	104	164	31	240	40	181	1	204	152	202	139	212	181	57	112	0	
208	4	68	129	12	43	232	34	13	48	147	18	206	10	32	75	106	133	46	160	56	157	65	220	148	162	202	84	53	9	81	0	
30	200	231	173	134	98	191	239	20	71	218	163	89	62	54	104	123	215	55	135	24	187	37	224	85	46	222	133	165	125	245	242	
55	206	236	211	230	50	254	247	85	39	127	167	97	44	191	104	127	226	151	135	252	184	109	238	110	15	254	129	181	255	252	197	
98	104	224	238	110	32	104	72	9	0	240	130	40	142	61	90	126	201	23	195	138	18	194	225	22	56	154	136	53	215	114	136	
29	21	199	229	149	22	78	57	69	128	219	70	89	115	185	230	124	228	30	252	217	145	21	140	184	237	166	132	191	174	240	32	
60	25	255	239	68	103	235	112	84	64	121	66	83	125	49	32	88	56	19	43	137	178	84	156	69	174	226	0	253	235	112	176	
50	64	226	206	86	0	106	76	9	0	248	2	40	139	61	80	122	201	23	194	138	19	192	233	22	168	138	136	55	155	114	136	
60	129	66	172	28	130	74	120	133	0	217	2	83	203	32	64	88	168	14	226	88	35	10	157	242	237	163	220	55	171	112	0	
18	223	122	140	58	210	190	111	189	68	220	163	44	206	166	80	246	59	223	225	68	139	6	253	178	53	174	139	20	20	173	223	
146	32	118	225	54	171	248	66	125	129	82	18	175	8	53	9	46	169	31	145	162	229	1	200	146	220	26	128	229	137	113	137	
2	72	20	153	108	137	184	70	142	16	80	2	172	138	97	72	234	43	59	192	2	56	67	241	4	16	154	136	20	8	49	137	
189	72	107	236	84	130	107	248	244	0	246	66	81	195	177	96	126	232	23	234	201	135	44	207	114	173	163	204	53	187	112	160	
38	16	126	222	228	231	117	81	93	142	127	3	82	253	63	24	248	184	23	34	140	178	56	204	83	159	64	3	241	234	246	195	
87	181	163	128	247	86	171	97	105	233	95	214	76	254	254	228	54	141	150	189	149	147	188	194	184	124	143	206	142	38	185	117	
190	106	162	176	111	161	158	198	19	238	144	175	172	143	115	8	221	185	151	149	142	22	194	250	219	85	159	187	151	125	29	219	
3	237	162	131	197	189	174	199	239	115	154	87	140	136	126	166	233	195	218	215	215	61	156	227	54	24	158	98	79	95	249	156	
125	85	87	237	133	7	71	125	69	128	251	66	91	51	161	229	120	148	30	106	121	179	49	140	240	232	230	0	62	250	240	48	
194	192	80	154	108	129	248	4	15	19	16	26	140	138	116	72	234	33	63	129	66	30	194	211	20	24	218	232	20	8	81	128	
7	17	234	69	228	86	253	93	229	205	95	2	88	253	254	102	126	20	59	184	209	177	181	192	47	125	135	199	231	170	244	245	
66	8	162	156	100	160	168	66	30	1	88	2	172	138	113	72	250	43	51	129	130	18	130	241	20	52	154	168	148	93	49	136	
142	232	186	250	227	192	61	206	63	23	84	50	28	215	97	72	255	89	131	208	34	84	10	243	207	215	159	237	144	17	165	163	
54	72	98	224	20	131	234	64	197	160	250	10	11	136	53	0	120	172	23	241	136	179	0	204	152	205	139	212	229	43	112	136	
60	73	106	224	84	131	234	84	69	160	254	2	91	137	49	0	120	172	23	249	136	179	4	140	242	205	161	128	103	187	112	136	
187	121	233	229	78	7	157	87	2	224	156	143	153	143	81	42	78	253	147	213	201	90	245	192	231	201	239	188	61	184	16	248	
238	94	224	222	105	52	124	150	153	94	116	191	40	239	255	127	199	216	183	142	164	86	170	224	87	123	240	171	23	253	84	245	
19	31	66	156	82	146	186	118	156	196	218	231	45	174	183	197	110	251	151	133	228	139	4	238	50	102	186	128	45	164	41	221	
231	60	226	142	119	164	186	67	27	205	89	191	44	206	119	120	238	185	151	149	134	18	130	226	21	60	138	170	149	69	51	215	
2	165	130	145	212	162	174	199	54	131	90	18	72	234	120	64	121	111	19	145	18	154	1	198	44	38	159	196	133	90	177	136	
99	61	245	204	107	117	188	107	139	216	184	234	44	188	117	167	134	115	211	33	197	107	178	216	57	24	79	186	95	126	39	255	
39	126	163	129	124	163	171	198	14	234	24	231	164	140	117	40	223	105	23	85	135	180	12	250	12	22	191	178	221	91	17	221	
5	126	169	129	246	167	171	210	30	233	92	230	148	236	241	40	95	122	22	93	131	176	44	254	76	12	175	228	221	91	17	241	
2	248	50	155	71	229	176	66	30	19	88	2	172	222	32	8	249	59	147	1	2	188	18	245	5	22	26	35	209	72	37	138	
130	160	162	129	198	0	184	77	30	225	82	147	140	142	120	72	127	29	179	149	146	220	135	194	12	20	159	204	133	12	177	209	
32	137	66	139	212	139	170	103	12	1	251	18	160	8	48	64	104	170	6	145	18	186	65	245	60	4	154	64	21	10	241	128	
16	76	138	158	86	160	35	70	180	129	74	2	49	226	33	192	112	238	34	216	2	154	134	106	52	36	142	8	177	115	41	168	
36	104	194	152	220	163	162	202	22	130	112	18	0	200	117	72	89	40	2	49	34	182	10	154	24	14	139	108	213	121	112	128	
34	16	162	223	79	229	184	67	78	65	89	3	172	252	117	40	238	59	179	129	146	58	18	210	7	28	154	171	213	78	53	214	
164	100	130	152	220	163	160	202	22	162	112	18	0	200	117	8	89	40	2	49	34	54	10	210	24	14	135	108	213	121	112	128	
43	107	243	78	87	144	234	204	67	128	120	226	104	232	253	180	126	232	130	216	135	186	166	232	62	60	134	138	231	159	106	172	
159	8	228	225	36	59	120	18	5	242	22	147	155	15	209	111	39	149	157	222	168	212	101	136	198	219	235	148	166	253	16	113	
95	185	227	131	143	80	191	132	42	117	158	135	137	174	87	66	102	199	185	213	214	25	191	225	252	36	158	239	39	23	181	94	
15	118	115	196	246	49	238	255	89	202	56	230	29	251	245	165	63	89	22	47	229	39	36	218	58	94	47	174	127	248	35	181	
179	73	107	135	70	3	239	117	21	228	215	199	113	141	183	97	126	172	23	239	201	147	36	200	118	9	175	128	39	190	112	248	
6	206	128	185	191	160	58	142	158	25	88	247	140	194	41	200	247	75	143	213	22	4	11	243	140	54	186	207	152	87	57	7	
35	107	210	78	87	208	226	196	75	192	120	234	104	248	255	180	122	234	130	216	135	186	142	233	54	60	20	43	207	255	106	141	
149	72	99	214	86	130	235	240	245	64	247	70	113	193	189	100	122	232	22	238	233	183	44	238	48	44	162	128	47	179	112	164	
72	145	190	244	229	196	177	103	168	13	126	51	44	191	38	66	228	55	171	16	16	185	176	192	91	247	82	67	194	8	229	251	
239	92	224	94	96	48	188	150	153	90	53	179	41	254	255	123	199	89	181	143	228	70	174	224	2	123	222	170	151	245	209	221	
34	77	2	158	92	128	174	230	132	0	216	2	32	202	49	64	72	234	19	195	64	171	2	253	48	32	138	136	21	24	48	136	
2	133	2	137	148	163	170	107	6	1	91	2	8	42	48	64	121	42	19	177	18	184	1	223	44	4	138	196	149	74	177	128	
188	237	98	111	212	155	238	253	85	160	252	18	99	105	188	32	121	234	23	107	248	191	109	191	126	207	165	196	119	255	240	132	
130	221	150	159	248	164	62	230	190	27	91	176	172	246	33	64	231	123	187	131	114	219	10	247	44	54	158	138	144	86	161	153	
62	205	98	238	220	131	206	253	85	2	220	2	107	233	188	64	121	234	23	235	248	191	13	191	114	239	175	128	55	255	240	136	
130	221	22	155	188	133	188	239	158	27	88	50	172	254	120	64	199	59	51	17	114	24	11	247	44	54	158	202	148	88	145	137	
128	141	20	155	180	169	44	167	30	19	90	18	172	234	40	72	195	43	34	144	114	152	75	247	44	54	222	64	148	72	129	8	
43	185	103	217	244	159	236	247	95	73	90	70	185	156	180	164	108	42	23	157	211	184	118	253	47	28	182	192	95	140	240	252	
90	111	122	172	50	194	191	103	44	4	218	163	61	206	162	64	118	191	31	229	68	11	164	255	240	36	170	137	53	150	165	91	
41	189	97	217	244	159	239	127	87	233	124	70	49	40	180	164	89	170	22	156	187	186	117	191	47	158	183	96	127	136	210	188	
19	203	110	157	126	146	236	255	150	84	222	231	105	234	182	192	126	239	55	205	198	155	15	253	58	107	239	128	61	142	249	221	
4	8	130	137	148	131	42	65	22	1	91	18	72	226	33	72	121	44	51	144	18	156	1	202	12	38	154	64	148	42	176	128	
6	0	138	137	148	131	168	71	22	1	91	18	80	234	49	72	121	40	51	145	16	184	1	202	12	38	190	192	149	106	177	128	
123	80	224	140	111	60	94	24	73	106	29	175	78	28	191	126	246	213	181	103	196	39	172	192	22	120	192	190	55	255	80	87	
98	192	192	142	68	9	232	200	15	49	81	10	172	138	121	72	122	137	23	195	2	54	200	209	20	48	138	172	21	59	113	136	
98	192	82	140	70	9	234	192	15	48	81	10	140	136	120	64	122	137	23	227	66	50	8	209	20	48	138	172	21	58	81	128	
191	29	104	197	102	18	111	176	21	98	86	166	89	7	183	229	118	236	151	238	225	144	37	222	102	105	171	132	55	191	80	245	
212	8	70	144	68	171	232	98	189	162	146	26	12	10	33	73	106	165	46	176	32	189	1	206	156	2	218	64	133	9	113	0	
192	0	22	145	198	169	168	34	172	19	19	18	140	42	32	75	35	163	46	0	48	189	3	194	148	18	90	64	132	9	49	0	
48	65	66	238	84	2	234	68	165	128	250	2	107	200	61	0	120	168	2	243	8	179	16	204	176	204	130	0	101	155	112	136	
187	64	106	231	68	18	239	84	53	194	87	131	121	205	187	33	126	236	23	239	232	181	36	206	114	73	174	128	39	191	112	248	
162	44	226	158	124	164	184	66	155	91	81	147	44	206	117	75	238	187	23	149	162	86	130	235	20	56	154	170	149	93	51	217	
50	64	98	162	20	163	234	64	197	128	218	2	11	136	53	64	120	168	23	243	136	179	0	206	144	204	138	128	101	59	112	136	
184	64	98	230	84	3	234	112	69	128	254	2	123	137	49	64	120	172	23	235	136	179	16	142	242	205	130	0	103	187	112	136	
130	72	138	154	100	161	168	70	30	17	88	18	164	138	112	64	234	41	19	129	2	62	130	243	4	52	154	168	20	72	49	136	
226	64	64	154	68	137	236	69	25	2	113	26	140	138	112	72	106	137	23	131	66	54	64	243	20	16	154	232	21	24	241	128	
188	76	106	232	84	130	75	112	84	128	246	2	83	139	177	64	120	236	23	234	168	183	32	158	242	237	163	132	53	187	112	160	
103	29	235	156	212	180	234	210	88	192	88	199	48	252	183	96	252	235	19	221	149	154	180	234	61	44	170	136	157	109	113	220	
0	216	26	155	109	173	176	198	158	27	120	18	164	152	96	8	221	59	51	1	2	56	18	241	5	20	26	42	80	8	33	139	
39	9	251	76	244	244	255	65	204	200	123	2	16	252	181	96	248	58	51	88	145	184	182	202	119	44	167	8	213	235	244	242	
138	107	216	249	231	128	60	206	31	140	84	163	44	143	225	72	255	59	135	208	98	94	10	242	78	151	191	171	150	80	37	139	
14	222	16	169	178	176	58	222	14	9	88	231	140	226	163	192	247	75	143	149	134	24	13	247	172	116	174	207	156	215	41	29	
30	217	227	199	151	66	175	196	7	65	210	163	25	189	117	230	106	221	183	211	89	185	173	224	121	36	174	199	167	31	180	123	
3	237	35	129	197	220	172	198	238	82	90	2	172	250	117	166	233	11	18	149	199	56	178	225	61	24	142	42	141	94	121	140	
61	15	70	78	29	191	70	113	197	8	255	70	107	96	183	228	88	160	142	110	140	163	109	189	178	255	0	18	123	239	120	4	
23	195	238	165	118	26	234	185	222	133	90	231	233	104	191	64	127	225	55	181	132	176	4	206	110	79	175	132	189	174	89	192	
130	8	18	136	106	128	170	66	172	0	208	2	172	130	33	64	106	161	31	194	64	11	0	224	148	48	138	136	20	17	33	136	
166	93	50	154	237	164	190	226	137	74	152	171	172	222	53	2	206	115	151	199	226	43	2	235	49	24	138	186	20	95	49	219	
128	73	2	155	108	137	168	70	140	16	80	2	172	130	33	72	106	43	10	192	66	24	66	241	4	16	154	40	20	25	49	136	
54	141	66	139	212	161	234	231	29	1	250	2	8	10	60	64	104	139	23	209	26	186	65	247	188	136	138	192	181	11	240	136	
36	4	130	138	213	167	162	73	22	163	73	18	64	200	113	72	89	40	2	17	32	182	24	222	25	6	151	100	149	106	48	128	
155	31	102	148	18	146	190	114	180	194	210	247	61	174	182	225	110	247	151	199	245	159	4	238	50	111	234	128	45	165	41	93	
134	224	138	145	86	128	168	69	62	129	83	146	12	206	120	72	127	41	19	145	18	220	130	194	28	0	159	204	5	0	49	128	
57	11	194	14	21	242	66	66	85	68	238	134	107	224	179	196	88	234	136	204	14	139	101	175	242	229	130	1	183	255	124	76	
3	61	113	204	107	241	185	99	137	224	88	170	44	190	229	167	174	57	147	129	129	43	182	200	21	24	203	170	21	110	39	255	
39	61	203	152	244	182	122	82	121	200	88	199	40	220	247	112	254	233	23	213	149	154	180	238	30	60	138	202	141	165	58	213	
3	63	163	129	182	175	171	86	142	232	90	230	180	172	241	32	126	43	23	21	129	184	36	236	44	20	175	160	157	123	17	253	
38	32	162	145	212	35	168	65	86	163	83	18	72	136	124	8	121	172	19	145	176	182	0	194	28	14	159	160	197	72	112	128	
24	127	130	159	83	240	35	214	18	69	204	6	33	226	35	192	120	106	130	192	3	154	182	43	52	37	170	9	59	83	61	248	
38	18	240	95	111	121	184	64	139	95	49	191	172	140	255	10	174	17	183	3	134	39	226	192	6	16	90	171	213	111	69	215	
155	31	70	148	18	146	174	114	148	194	218	231	57	174	182	197	110	247	159	207	229	159	4	238	48	110	234	128	45	165	57	157	
123	192	193	204	93	30	75	121	67	32	113	78	74	193	188	212	88	140	51	108	201	50	220	145	22	60	129	60	127	174	80	172	
2	141	2	159	212	131	172	103	20	1	90	2	40	170	48	64	122	43	2	129	96	184	1	255	52	38	154	128	21	72	177	136	
5	63	107	193	180	231	171	210	70	236	92	230	177	189	243	32	95	42	22	124	131	184	36	188	108	13	47	224	221	219	17	249	
188	65	106	108	92	18	67	120	213	0	245	2	83	201	57	80	120	232	6	234	232	167	32	15	115	233	161	12	119	171	114	160	
128	97	22	155	108	137	168	64	174	17	49	16	172	138	96	11	202	1	74	80	18	109	2	241	4	16	26	104	84	9	131	129	
159	79	68	143	254	178	174	116	86	234	219	247	97	104	183	228	126	238	151	207	237	150	13	255	50	110	175	128	63	255	248	221	
189	95	97	207	84	151	206	244	85	224	251	198	113	72	189	164	92	238	22	207	237	178	125	175	54	46	164	128	127	191	240	244	
5	159	37	201	182	167	171	186	78	104	90	230	212	102	179	100	87	42	30	253	145	152	109	252	44	12	171	196	158	203	49	241	
171	215	98	142	252	51	158	255	150	207	221	247	105	236	190	192	95	75	183	175	230	103	46	159	114	95	191	172	31	222	248	221	
98	145	226	74	215	252	82	135	27	77	125	143	8	188	126	92	221	155	179	17	150	58	242	241	31	126	152	235	211	78	220	95	
32	105	186	244	173	195	149	71	222	172	214	42	166	153	96	8	200	58	175	1	72	251	98	168	193	209	254	187	16	8	212	171	
60	204	98	111	212	155	238	254	85	162	254	2	107	105	188	32	121	234	23	171	248	186	109	191	126	239	167	192	119	255	240	140	
38	72	66	140	68	130	234	64	137	32	121	2	8	138	53	80	106	169	23	227	66	51	8	209	20	40	138	164	21	59	112	128	
130	221	150	155	188	165	62	239	158	27	88	50	172	254	40	64	199	123	51	81	114	92	10	247	44	54	158	234	148	89	177	137	
62	205	102	238	212	51	206	255	85	2	222	2	115	233	180	64	121	238	23	171	232	187	45	191	114	239	175	128	55	251	240	136	
11	217	115	217	116	219	239	247	95	73	126	98	188	221	180	164	250	58	23	73	195	184	36	253	44	30	62	192	95	154	241	189	
70	8	210	144	198	168	184	67	61	3	90	82	12	170	113	72	55	175	55	145	16	156	128	194	28	38	154	200	133	73	33	129	
41	205	101	217	244	219	239	247	87	233	122	102	176	56	180	164	122	170	22	12	211	184	117	189	44	30	182	192	127	136	208	189	
19	203	78	173	20	151	238	247	70	64	218	198	241	42	182	224	124	174	55	205	205	186	87	189	166	111	175	128	61	158	248	156	
54	72	66	140	84	131	238	64	141	32	217	2	8	138	49	192	106	169	19	227	64	179	24	217	52	32	138	36	21	59	121	128	
68	8	194	146	196	168	232	67	61	3	115	26	140	170	97	72	107	139	38	144	16	190	2	226	20	54	218	72	133	73	241	0	
48	96	66	140	92	130	162	72	132	0	249	2	2	200	57	0	120	168	14	227	74	167	0	201	176	4	130	8	85	27	114	136	
188	68	98	164	20	2	234	80	85	128	251	2	107	201	57	64	120	169	23	227	232	183	0	142	178	205	162	128	39	187	112	136	
166	76	244	219	236	37	188	200	155	27	17	19	172	238	125	11	207	83	151	151	162	71	10	226	4	26	222	186	149	125	115	129	
128	12	155	155	124	161	169	70	158	27	81	82	180	202	112	75	203	43	19	145	34	118	66	113	68	48	186	168	148	89	49	136	
188	68	106	228	85	198	110	96	85	128	231	2	123	201	57	65	120	168	19	234	104	183	16	142	243	233	128	1	103	187	112	138	
162	76	192	155	100	169	236	198	139	19	177	18	172	138	121	75	107	137	23	131	98	38	72	241	4	16	218	168	21	89	241	128	
10	94	66	169	118	179	26	87	15	233	88	231	173	130	163	192	223	41	151	149	135	154	64	222	172	213	175	162	158	222	41	153	
119	93	226	204	102	58	254	80	73	98	93	171	12	189	183	118	182	253	151	103	196	179	172	202	54	124	137	166	55	255	82	213	
247	93	114	196	102	26	254	112	73	98	95	171	76	29	183	96	182	245	151	231	228	183	36	202	50	124	137	134	55	255	81	213	
2	133	2	137	148	163	170	67	6	1	90	2	8	42	48	64	121	10	19	145	18	184	1	223	44	4	138	196	149	74	177	128	
10	157	83	220	211	208	126	103	61	64	120	226	44	254	164	244	126	187	151	128	83	154	22	255	55	124	154	203	55	132	174	189	
147	77	103	141	22	50	239	246	116	66	86	199	25	46	183	103	102	229	55	237	225	153	53	206	48	42	234	132	47	245	49	245	
188	68	74	232	84	34	106	112	21	160	255	2	91	139	49	81	120	172	23	234	40	151	0	142	210	233	162	132	55	187	112	128	
162	192	56	154	108	173	172	198	222	27	113	26	180	200	124	9	203	11	19	3	226	62	74	243	20	24	186	234	84	24	209	129	
227	122	244	17	234	185	188	151	251	255	52	252	140	62	198	191	135	63	246	148	183	92	230	192	14	26	93	250	206	212	139	221	
128	73	0	155	108	169	172	198	140	17	88	2	172	138	33	64	106	43	10	192	66	10	66	241	36	16	154	40	20	88	49	136	
180	141	66	155	148	137	174	229	28	1	251	2	236	72	60	64	120	138	14	243	114	184	72	247	188	152	142	64	21	11	241	128	
128	77	2	155	76	160	174	70	172	0	216	2	172	130	33	64	106	171	14	194	0	15	64	226	180	48	154	8	16	81	33	136	
3	59	43	129	180	235	171	86	140	204	94	230	180	140	179	100	126	42	31	93	145	185	36	204	172	20	174	192	140	138	17	253	
9	223	42	159	89	244	51	222	22	77	220	39	56	246	163	228	92	42	134	132	167	155	50	191	103	101	178	137	26	92	60	251	
8	90	146	246	53	137	52	87	174	141	218	103	174	155	161	64	236	59	175	16	10	185	2	238	242	213	54	131	136	24	173	11	
27	11	82	165	54	19	232	118	76	224	90	198	29	42	182	224	46	37	23	173	133	184	5	206	24	79	170	128	109	172	41	157	
4	12	130	154	20	131	170	67	22	131	83	18	96	194	32	64	121	40	19	144	18	156	0	202	8	36	154	64	148	10	48	128	
16	132	138	169	20	162	43	82	54	129	91	2	81	195	40	64	121	44	2	152	18	156	1	78	236	166	186	192	180	10	49	160	
151	68	238	196	70	2	239	112	52	194	86	131	81	237	191	97	126	236	23	239	225	213	36	202	114	43	235	128	37	249	113	240	
104	94	150	188	48	171	16	22	143	172	250	237	174	163	161	208	198	55	239	16	136	153	64	190	232	246	52	147	154	28	13	27	
4	173	64	155	212	169	226	198	45	1	249	2	142	200	105	0	123	202	6	80	18	56	72	231	188	20	6	96	213	91	209	128	
39	142	100	159	236	19	142	253	86	83	209	199	225	232	190	205	93	206	62	175	255	99	79	189	34	127	255	188	157	223	248	157	
62	15	66	206	211	2	15	244	21	12	223	162	73	167	163	68	126	254	151	226	88	155	45	238	114	36	174	129	183	255	164	105	
166	40	130	156	69	229	170	64	150	130	65	18	64	200	121	8	216	232	19	211	0	246	18	226	17	4	203	41	17	105	112	130	
44	25	243	108	214	196	179	115	92	132	120	3	25	253	100	64	250	185	3	208	80	186	48	202	127	172	38	72	209	170	244	226	
50	139	234	136	244	148	216	101	9	13	248	143	2	140	54	144	216	171	151	213	92	186	66	192	27	125	156	203	197	14	252	206	
56	205	192	173	21	241	67	206	87	69	76	134	171	228	178	196	88	170	130	72	14	58	118	187	34	229	128	41	119	220	92	204	
35	57	107	154	116	212	232	64	88	200	80	71	48	220	183	96	254	171	19	213	151	154	54	236	29	60	138	200	141	4	114	221	
162	93	50	158	237	164	190	230	137	10	152	42	172	254	53	2	206	243	151	195	226	43	2	235	53	28	158	186	20	93	49	137	
111	178	160	64	245	125	177	218	11	237	61	46	8	252	238	188	157	138	182	20	151	114	250	208	31	28	149	239	203	79	94	247	
38	48	224	208	100	181	248	18	11	107	125	187	12	158	222	56	135	25	183	149	146	54	170	210	6	28	154	234	215	207	83	215	
166	32	162	145	68	35	168	67	86	163	83	18	0	200	124	8	120	8	19	177	144	246	0	194	16	14	155	160	133	105	112	128	
38	18	226	137	106	41	184	72	11	103	113	191	12	142	127	10	190	25	179	151	134	54	134	192	20	28	90	174	213	127	7	213	
166	48	106	129	102	33	184	72	42	115	81	183	28	142	127	10	62	137	147	199	128	22	142	208	20	24	218	174	21	37	51	209	
102	176	226	72	195	253	144	75	59	125	61	47	8	188	126	24	189	155	183	17	150	50	186	208	31	94	25	239	215	78	215	87	
7	48	232	145	102	49	184	72	123	99	81	191	12	140	223	40	191	25	147	151	134	54	174	208	22	28	219	174	149	101	51	213	
54	105	98	206	86	145	234	120	111	224	255	130	105	207	181	100	126	173	55	235	194	179	173	253	118	108	131	168	39	175	114	196	
2	133	2	137	148	163	170	79	6	1	91	2	0	8	56	64	121	10	19	177	18	184	1	222	44	4	138	196	149	74	176	128	
2	140	150	156	120	129	188	231	190	27	80	16	172	238	32	64	231	59	59	128	34	75	2	255	60	54	222	138	144	64	33	137	
60	205	102	238	220	131	206	253	85	0	250	2	99	233	60	64	120	238	23	227	216	187	9	191	178	239	165	128	183	251	240	136	
24	219	123	206	118	131	187	244	45	4	126	230	125	207	160	96	126	249	23	226	192	185	37	253	118	175	42	130	119	155	37	185	
19	237	67	174	18	146	111	244	181	192	218	199	121	206	178	228	126	239	31	239	205	155	44	255	176	108	174	128	45	150	33	253	
34	157	66	216	211	241	120	103	31	65	124	162	40	254	166	244	126	187	147	128	23	154	38	223	62	52	154	235	31	4	238	189	
9	201	106	173	52	151	238	183	68	105	90	70	177	168	178	96	126	171	55	205	221	184	85	253	230	45	174	192	61	154	248	152	
186	139	98	154	245	208	248	71	219	77	116	163	42	140	182	244	234	171	151	148	222	154	36	221	43	125	154	235	55	140	254	223	
138	185	99	210	87	208	184	97	141	192	214	162	40	158	180	229	110	185	147	193	71	159	52	205	18	112	138	131	7	140	60	156	
3	153	115	199	23	143	171	33	77	64	91	198	189	158	52	100	110	63	19	205	213	152	52	205	37	60	138	0	45	138	129	252	
209	91	19	182	48	133	35	118	173	204	90	229	38	198	163	64	164	43	46	80	133	153	34	110	184	52	42	194	8	26	33	93	
41	223	41	157	121	246	17	95	22	77	220	165	184	247	162	228	92	58	151	12	167	138	114	157	103	101	178	139	26	220	188	255	
139	19	107	193	182	215	185	117	12	204	94	230	188	148	182	101	118	58	159	125	209	153	37	204	108	25	170	194	14	142	49	125	
139	23	66	171	118	147	186	81	28	201	95	231	173	67	162	192	94	41	151	180	167	152	5	222	166	197	170	130	190	142	41	153	
40	28	115	72	87	192	187	71	80	5	120	131	57	157	52	64	88	184	19	144	18	58	240	142	127	172	178	72	213	136	116	234	
36	173	192	147	212	169	166	196	30	1	249	2	142	232	105	0	121	202	6	82	50	176	72	227	188	20	135	100	213	91	195	128	
130	76	18	154	228	160	174	198	172	2	248	18	172	162	33	65	106	227	14	194	96	15	66	234	180	20	158	136	145	89	161	136	
34	204	176	158	124	132	220	238	155	27	144	10	172	238	61	1	207	243	23	129	226	43	10	255	176	30	222	186	149	92	113	137	
134	205	22	142	44	0	190	172	140	26	152	2	236	106	56	67	230	65	95	99	96	5	11	253	160	178	207	156	20	58	177	1	
34	133	64	154	244	9	204	231	29	19	177	26	174	42	40	1	75	139	23	128	122	42	64	247	180	150	222	252	245	72	208	136	
28	21	27	171	148	166	59	17	4	9	75	2	215	83	40	64	212	59	31	184	26	144	25	61	233	229	170	64	144	74	161	35	
190	68	66	164	20	34	106	112	21	130	219	2	75	203	49	73	120	137	23	226	40	183	0	206	178	201	162	128	39	251	112	0	
134	76	244	218	236	32	188	206	155	155	16	146	236	238	125	11	207	67	55	147	162	101	138	226	28	26	223	190	149	125	209	129	
99	57	232	4	205	244	252	71	203	229	188	11	32	188	87	62	201	247	243	149	148	43	246	192	31	30	149	59	197	126	222	222	
61	139	172	175	44	3	202	184	6	125	212	199	211	104	186	64	92	204	61	239	222	66	79	21	200	231	235	188	189	170	120	80	
31	77	238	229	198	50	255	178	17	226	94	130	25	47	183	97	110	245	183	239	228	216	52	238	103	111	206	128	39	245	113	224	
12	163	172	171	44	65	139	188	6	53	157	131	209	231	90	66	92	208	57	255	26	2	239	53	204	135	239	253	180	171	20	96	
70	8	210	147	198	160	234	198	59	3	123	2	12	170	117	72	123	139	55	145	18	190	128	226	28	46	158	200	133	91	241	128	
31	77	226	197	118	50	254	242	89	226	94	131	9	46	181	33	238	253	151	207	228	153	36	234	50	127	142	128	39	245	115	213	
150	73	66	140	68	131	174	66	140	0	248	66	12	138	49	192	106	233	19	227	64	183	0	232	52	0	138	160	29	59	113	128	
6	12	210	131	214	160	170	70	59	1	90	66	60	170	112	64	119	235	19	145	19	186	128	226	60	36	158	224	141	67	161	128	
6	73	66	137	68	163	170	64	140	0	120	2	12	138	49	64	106	169	19	195	0	179	0	232	20	0	138	160	21	59	113	128	
134	97	226	128	70	1	184	72	27	224	81	143	12	142	127	8	126	217	147	215	128	54	134	194	20	12	139	172	213	63	51	209	
166	96	235	128	70	1	169	72	26	226	80	131	16	142	125	8	126	137	19	215	128	150	134	194	84	12	235	172	133	57	115	208	
166	32	130	145	212	163	170	67	22	131	83	18	0	136	112	8	121	40	19	145	16	182	0	194	0	6	155	196	133	105	48	128	
24	133	10	161	20	162	107	115	36	1	223	2	81	3	168	64	122	142	29	184	26	153	1	29	232	165	170	192	164	138	49	32	
160	104	4	156	77	133	196	198	139	26	144	10	162	152	117	11	200	234	27	193	106	111	210	177	49	24	218	58	16	24	112	138	
2	32	2	139	20	162	42	66	22	1	91	2	72	194	40	72	121	40	19	144	2	146	0	222	8	6	154	192	148	11	48	128	
6	129	146	139	230	41	184	73	174	17	81	18	204	202	120	72	127	11	51	177	18	16	138	209	28	16	218	236	148	10	161	129	
38	8	194	145	68	169	232	66	31	131	120	10	140	138	97	8	123	169	55	144	2	182	128	224	20	6	218	232	197	73	115	128	
38	32	194	201	84	162	170	66	30	3	120	2	8	138	116	8	121	12	2	145	2	182	128	194	20	14	154	228	213	75	115	128	
128	192	66	145	76	137	168	101	188	19	114	18	172	138	96	75	106	33	10	128	98	124	194	211	20	18	218	104	21	24	113	136	
128	192	6	145	76	137	168	69	188	19	114	18	172	138	96	75	106	136	42	128	98	252	3	195	20	0	218	64	21	8	177	136	
6	133	2	137	148	163	170	79	6	1	75	2	8	10	56	64	121	10	19	177	18	184	17	222	45	4	138	68	149	74	176	128	
162	77	6	156	76	128	174	98	148	2	216	2	32	234	49	65	104	234	51	195	96	171	2	237	48	34	202	136	21	121	112	136	
134	109	114	156	198	128	174	66	204	128	88	2	44	138	49	3	110	233	19	211	224	191	0	232	52	0	138	168	21	121	33	128	
2	152	150	157	120	133	184	103	190	25	80	48	172	182	32	64	231	59	51	128	50	220	2	255	12	54	154	138	16	0	33	137	
2	156	150	157	125	133	184	103	158	27	80	50	172	190	32	64	231	59	179	1	50	220	66	255	13	22	154	234	148	8	161	139	
60	201	102	238	92	131	78	252	199	128	254	2	99	233	60	64	120	236	55	235	200	171	25	189	250	237	133	24	55	186	240	136	
27	219	122	238	82	131	251	240	5	64	254	231	121	207	179	64	126	249	151	238	193	187	12	253	114	237	170	128	127	187	41	217	
2	102	194	139	213	160	170	199	58	1	120	66	40	234	125	196	123	139	2	145	22	186	128	226	60	36	158	73	141	90	249	136	
35	157	114	153	87	177	184	103	31	69	124	183	40	186	38	228	255	59	147	145	150	186	22	223	46	60	154	235	223	12	239	223	
11	221	98	141	118	129	239	119	69	64	94	231	57	152	178	100	106	170	23	205	215	184	4	253	116	44	170	192	63	158	248	157	
135	79	19	140	70	162	174	64	140	128	90	66	12	130	177	196	106	233	2	207	65	179	0	232	52	0	170	128	29	123	41	132	
150	77	70	132	132	2	238	98	189	130	210	2	10	42	49	73	106	229	31	227	120	183	0	204	176	162	206	132	165	121	113	0	
56	93	62	252	77	194	213	102	212	10	254	2	48	185	49	97	200	242	179	200	104	171	50	172	115	175	210	9	115	120	116	170	
70	136	240	150	236	40	236	139	203	131	88	2	236	234	125	10	123	227	55	145	146	52	202	226	28	30	223	172	149	122	209	128	
28	213	23	232	145	199	87	189	132	9	138	2	215	119	40	64	80	146	29	114	89	137	89	157	249	197	166	84	50	27	165	51	
34	136	196	255	100	128	200	165	11	17	177	2	235	74	60	66	203	131	55	129	74	106	74	241	142	218	222	200	117	138	112	136	
6	104	130	138	20	163	42	64	22	1	89	2	32	194	33	64	120	40	2	144	2	146	0	211	0	4	138	200	148	11	48	128	
226	192	20	221	108	13	196	47	11	59	176	24	166	8	28	19	201	130	95	1	106	46	67	181	165	26	208	184	80	8	210	137	
88	133	78	233	20	130	107	49	36	0	223	2	95	3	40	65	114	134	29	234	24	137	1	157	250	233	162	192	54	130	240	32	
27	205	99	174	82	131	111	240	37	64	218	198	121	206	177	240	126	233	23	239	205	155	44	253	178	237	171	128	63	183	32	249	
38	76	226	131	212	32	238	199	123	3	120	2	8	170	125	72	121	203	19	145	146	190	128	226	28	12	158	200	197	91	243	136	
151	25	102	212	54	146	186	98	185	224	18	167	12	188	183	35	166	245	149	231	228	217	36	236	58	122	207	130	37	165	51	215	
30	13	230	244	102	146	254	226	185	162	82	163	13	191	181	33	38	245	149	231	224	217	4	238	50	111	207	130	39	245	57	221	
186	177	96	251	119	213	209	117	15	93	117	183	40	157	62	196	206	155	151	209	158	186	124	245	79	121	146	235	119	142	254	223	
59	209	36	253	61	215	49	127	23	77	92	39	40	156	166	228	220	58	151	0	207	152	115	189	103	125	176	147	58	140	156	223	
198	196	31	140	172	11	222	173	141	18	146	66	212	106	57	67	243	65	110	227	96	5	11	223	176	146	239	156	20	58	177	1	
98	180	233	206	236	36	153	31	75	233	152	111	50	188	84	32	221	135	55	5	142	42	243	193	29	62	156	190	213	74	214	95	
191	242	96	216	125	149	216	248	219	92	84	7	40	200	190	229	252	137	151	213	222	47	34	245	59	89	138	235	23	12	254	199	
139	147	106	201	117	215	249	117	205	76	86	166	185	29	182	229	102	48	159	236	209	189	37	205	102	121	170	192	22	140	53	125	
73	95	31	156	112	212	49	118	172	204	222	228	60	214	163	100	230	49	190	76	193	139	34	79	240	49	42	202	8	134	33	125	
3	188	224	3	118	185	186	206	94	227	88	167	172	204	222	32	191	27	147	149	150	56	108	243	44	28	159	238	213	78	19	221	
4	36	130	137	148	163	170	67	20	131	91	18	0	200	48	72	121	40	2	145	16	182	0	202	8	6	155	64	149	74	176	128	
32	36	194	137	84	163	162	66	22	35	120	2	8	136	113	8	121	8	2	145	2	178	0	194	20	4	146	64	213	91	115	128	
99	120	224	70	102	16	252	20	105	194	116	171	40	156	215	60	62	253	183	143	196	54	230	226	22	60	222	170	103	182	83	253	
111	235	192	200	245	132	111	223	67	129	108	78	40	227	241	148	92	234	2	220	218	58	208	248	62	28	133	108	191	254	242	168	
45	249	210	200	247	133	78	222	3	137	124	106	56	243	225	180	30	250	19	216	19	26	136	241	126	28	133	236	187	190	234	161	
128	13	2	158	76	128	166	226	148	2	88	2	32	232	49	65	72	106	34	195	98	170	2	175	48	38	202	8	21	105	48	136	
4	132	2	136	149	231	170	71	22	1	74	2	64	194	40	64	89	42	2	176	18	184	17	222	41	6	134	65	144	74	176	130	
3	232	160	131	86	163	170	198	30	227	89	131	172	140	86	32	63	43	19	149	134	184	28	243	12	14	159	228	213	14	49	220	
60	137	98	238	84	195	226	232	199	128	252	2	99	201	52	64	120	232	6	235	74	187	8	189	122	205	133	89	119	138	112	136	
2	152	146	157	124	132	184	103	158	9	82	48	172	150	32	72	230	59	179	128	34	152	2	247	5	54	154	194	16	0	33	139	
56	205	98	238	29	211	206	232	197	0	238	2	115	201	52	64	120	232	27	234	74	171	60	189	123	237	135	25	55	139	112	138	
2	156	18	153	117	133	184	103	30	9	80	50	172	190	32	64	231	59	179	1	50	220	3	247	13	22	26	194	144	8	161	155	
27	201	107	238	86	146	111	240	133	64	223	130	113	206	177	116	126	233	23	239	201	147	60	253	242	237	171	128	53	163	112	248	
2	157	34	153	215	179	184	103	31	69	124	167	168	174	54	64	239	59	147	145	150	186	36	223	46	20	154	195	157	12	189	222	
2	188	34	153	119	225	184	103	30	77	88	179	172	188	54	64	235	59	147	145	54	188	18	215	13	22	26	203	213	12	181	222	
43	223	99	140	247	145	174	103	77	68	90	231	40	136	182	196	106	170	147	205	211	186	36	253	54	60	138	194	63	140	240	253	
2	188	146	145	241	167	184	103	30	59	90	48	172	190	96	64	247	59	147	17	50	220	3	247	13	22	30	226	144	64	161	139	
175	151	96	216	245	213	249	243	205	92	124	167	137	221	190	165	223	26	151	181	246	46	54	215	111	89	162	239	119	140	92	215	
11	27	59	140	112	212	59	112	172	76	214	230	60	150	167	100	238	177	158	204	205	139	32	253	210	45	170	138	30	134	45	125	
139	149	114	236	102	149	254	55	77	74	95	183	57	29	182	96	230	51	159	239	212	173	37	223	102	125	186	130	55	142	245	127	
27	217	36	201	63	151	24	255	7	89	92	167	42	28	182	100	238	26	151	69	206	152	99	189	243	217	168	210	54	140	148	255	
34	129	228	251	108	137	200	25	203	17	49	2	235	74	92	66	202	129	55	1	202	36	74	209	134	216	139	220	117	138	208	128	
192	68	25	174	44	36	139	40	140	170	155	90	244	42	41	67	199	197	127	227	97	7	201	110	208	38	107	188	28	123	33	41	
38	132	192	149	68	40	232	203	27	131	120	10	172	234	124	8	123	235	55	145	18	58	202	195	28	30	159	172	149	106	113	128	
56	91	190	252	69	210	84	103	197	142	254	34	34	189	33	66	200	242	163	0	72	171	2	168	115	247	214	3	83	120	116	138	
24	217	17	235	181	199	71	149	6	136	94	66	159	23	32	228	84	120	21	120	91	152	89	188	233	205	37	64	186	154	128	43	
86	72	146	128	134	2	238	226	173	130	146	2	140	170	113	75	103	229	63	227	64	5	0	192	148	2	207	132	132	113	33	0	
36	140	194	139	196	32	166	199	22	3	121	2	0	170	108	64	121	206	2	144	18	186	136	226	28	44	158	76	213	90	240	136	
86	86	102	132	78	50	184	96	169	226	19	183	76	236	54	43	46	117	247	167	164	245	172	206	22	46	203	135	69	103	55	213	
226	216	180	88	237	249	148	134	207	85	172	56	174	156	38	122	201	50	251	1	22	43	114	177	19	116	80	123	210	92	212	15	
132	72	6	153	132	131	174	66	140	146	82	2	12	194	49	73	106	105	2	211	96	157	2	232	48	0	206	0	21	121	33	128	
166	96	226	148	68	130	172	65	24	194	81	147	8	204	118	9	126	169	19	167	224	246	132	202	20	8	206	168	69	108	115	192	
6	4	130	152	148	163	170	71	20	129	91	2	64	202	32	64	121	42	2	144	18	188	0	206	40	6	158	192	148	74	176	128	
88	129	70	233	20	130	106	49	165	32	223	2	95	3	48	65	98	133	63	234	120	153	1	157	254	233	226	196	54	130	224	0	
96	128	116	161	108	11	200	45	75	49	177	26	207	8	28	18	219	132	95	33	218	54	73	149	142	218	209	116	84	136	210	1	
132	72	130	154	20	131	42	64	22	0	80	2	32	194	33	64	88	40	2	210	2	148	2	251	32	4	138	8	148	27	48	128	
