Ê¥ÂÞÀ¼Ë®´½ÓÔ	215 ÏÞÁ¿°æ	http://www.yslbeautycn.com/on/demandware.static/-/Sites-ysl-master-catalog/default/dw18b15b3b/Makeup_Pro_img/00161YSL/215.png	//www.yslbeautycn.com/dw/image/v2/AARM_PRD/on/demandware.static/-/Sites-ysl-master-catalog/default/dw29acd12c/Makeup_Pro_img/00162YSL/L9557700U.jpg?sw=336&sh=444&sm=fit
59	93	119	230	118	18	255	117	233	200	255	227	123	127	183	54	126	243	151	239	201	171	36	236	242	253	166	128	111	254	114	249	
179	80	67	197	86	6	235	80	49	96	247	198	25	23	180	100	126	156	22	172	137	182	53	206	16	172	138	192	111	130	112	52	
204	10	179	153	229	232	177	130	250	31	114	49	172	152	101	200	235	59	167	17	50	188	130	226	77	55	250	203	198	77	87	131	
183	105	227	143	196	19	239	248	86	226	209	198	113	204	245	164	126	232	22	239	233	243	45	170	52	14	175	160	61	255	112	244	
2	151	147	137	210	226	172	239	30	33	88	231	12	182	172	196	127	31	131	129	19	152	1	215	44	164	190	198	157	66	165	157	
3	151	147	173	242	162	178	115	60	73	91	247	12	230	160	196	247	59	134	132	147	152	4	199	128	36	42	198	152	70	169	213	
151	91	194	154	210	147	190	220	159	4	80	231	109	202	183	204	119	235	191	215	230	129	14	249	58	38	175	136	61	247	169	157	
159	123	194	158	206	147	190	248	23	194	217	231	109	234	247	193	126	235	151	231	207	211	14	248	58	64	175	168	63	255	57	157	
50	133	100	201	214	131	236	39	13	1	91	18	140	10	60	65	126	131	31	161	242	136	65	213	62	60	154	192	53	140	241	8	
2	133	112	216	254	129	188	103	143	17	25	154	172	12	52	0	207	19	23	1	242	43	0	213	44	28	26	234	85	12	145	137	
185	78	74	174	86	150	234	112	85	192	119	199	105	201	183	192	124	236	130	238	196	182	28	173	118	105	161	129	111	175	120	144	
191	75	66	174	85	150	202	96	81	192	241	199	107	204	63	212	124	232	150	231	205	178	28	174	50	105	161	129	127	175	122	212	
203	213	109	222	238	145	127	189	93	80	95	230	121	111	190	101	118	210	55	238	241	16	111	245	118	121	238	204	63	158	240	117	
130	197	98	152	213	151	190	229	157	71	214	151	72	206	62	65	255	169	147	229	244	159	28	255	55	24	142	79	23	28	189	214	
31	83	229	207	54	83	235	120	86	236	215	102	121	73	188	228	126	204	55	234	217	241	45	221	120	174	239	132	127	171	96	181	
91	235	2	170	53	144	106	228	175	13	220	231	172	202	242	196	224	235	159	223	78	11	142	255	184	117	174	203	30	7	57	95	
26	156	18	216	75	241	56	122	31	10	92	114	172	247	226	236	247	59	183	144	19	30	2	215	154	247	91	239	186	37	41	183	
61	214	67	78	244	71	199	249	85	78	253	102	121	119	175	213	125	200	134	170	233	163	41	223	114	143	231	132	123	254	100	249	
2	203	115	93	210	193	191	231	158	4	124	162	40	231	181	36	110	123	131	200	82	186	36	253	101	12	142	171	119	152	165	253	
189	151	42	170	213	87	87	249	85	238	189	47	91	118	171	244	93	136	134	230	237	51	124	159	251	197	165	189	59	126	124	127	
54	67	110	69	86	199	235	88	134	168	247	70	81	201	189	4	120	236	55	234	216	179	45	61	103	9	161	196	111	187	112	163	
143	154	146	152	99	180	48	122	191	15	116	50	172	243	34	236	247	43	166	8	54	191	178	243	159	247	82	75	154	37	43	135	
142	176	178	248	103	180	185	91	58	27	84	82	28	155	116	204	255	29	179	153	147	127	146	210	29	127	90	238	155	4	43	163	
11	149	100	249	182	144	60	55	15	93	93	183	169	63	182	100	199	27	159	133	246	24	101	213	238	125	154	194	54	132	181	255	
6	52	178	153	119	229	184	66	30	75	81	51	140	222	104	8	255	57	147	145	18	148	18	210	13	22	154	239	145	77	37	211	
112	35	212	197	70	2	72	23	101	160	238	66	43	19	133	116	122	188	53	136	72	154	69	136	150	233	144	2	39	136	112	12	
11	62	40	177	180	191	176	51	94	234	94	103	187	136	214	32	201	43	23	21	151	188	68	158	204	95	186	224	221	76	89	215	
56	90	106	78	86	146	235	112	68	204	119	231	113	201	183	64	126	232	135	238	196	178	12	237	118	45	162	137	111	175	120	217	
162	213	52	152	127	213	180	231	207	89	112	171	44	156	54	33	206	19	151	69	246	43	34	253	55	24	158	250	85	28	245	223	
3	189	51	65	215	245	164	231	110	9	122	66	44	184	164	164	175	59	130	8	211	184	48	247	45	92	22	66	67	92	225	173	
26	235	66	168	83	131	126	244	181	12	120	231	45	199	33	144	126	251	135	194	10	154	8	255	242	197	170	169	55	151	38	251	
48	83	75	200	70	205	224	88	44	72	240	103	54	219	245	80	250	169	7	192	199	179	2	81	214	137	162	137	89	2	107	155	
139	26	146	152	103	180	185	74	155	15	116	19	172	251	103	204	247	59	179	17	182	39	178	211	95	255	91	107	146	13	47	199	
119	107	3	142	30	147	158	240	132	104	217	239	120	204	183	224	126	237	31	231	205	3	12	254	176	36	171	184	61	63	57	149	
23	13	107	206	84	178	235	114	213	64	223	194	113	238	180	100	120	234	22	175	185	187	44	255	48	46	170	192	53	171	112	228	
223	155	2	174	63	144	170	120	175	72	211	231	109	202	251	196	118	97	191	255	199	1	142	253	184	112	171	140	63	135	57	85	
9	46	34	17	245	189	176	115	92	203	90	118	172	184	246	168	201	43	22	21	151	184	100	198	12	30	58	195	78	76	217	197	
226	92	74	158	78	224	186	230	136	2	216	163	36	254	53	64	238	243	27	195	36	143	18	239	49	54	202	139	21	121	53	159	
88	19	81	229	21	14	73	49	101	41	223	78	159	3	128	228	120	180	28	168	25	178	113	140	215	229	162	208	46	170	48	33	
61	108	106	98	84	147	207	216	86	224	255	10	115	201	185	32	120	232	23	250	136	179	109	62	122	205	165	180	247	251	112	160	
10	182	165	185	116	233	185	31	158	81	81	247	188	221	124	136	207	27	147	21	147	60	18	209	12	20	26	234	148	12	149	243	
169	67	74	76	116	146	107	120	84	204	253	110	115	193	183	48	120	168	6	238	205	179	36	15	82	173	161	137	123	171	122	209	
47	179	255	243	254	23	155	216	151	249	85	231	89	253	255	44	223	89	151	119	151	242	111	176	78	219	239	230	191	175	16	247	
70	132	186	208	247	225	185	67	122	47	89	51	12	186	100	72	243	27	51	145	22	30	136	210	95	30	59	239	145	64	167	195	
62	91	98	79	54	211	223	248	135	236	245	227	123	221	191	36	94	248	151	238	200	163	44	191	98	77	165	181	119	191	86	243	
170	219	118	94	109	153	246	240	205	24	119	230	104	200	191	229	174	243	166	99	196	41	46	253	54	121	66	139	95	143	109	173	
18	133	66	140	84	130	172	103	4	1	251	18	40	42	48	65	120	131	31	161	112	11	1	221	52	36	138	192	21	8	225	136	
122	213	98	236	21	86	223	127	85	77	254	135	73	63	54	116	220	181	149	161	236	139	117	205	243	127	138	151	55	166	252	95	
34	213	100	140	109	83	148	109	141	108	220	175	76	252	54	67	202	177	151	97	204	43	114	221	51	112	203	191	87	62	252	223	
247	14	238	158	239	166	190	66	157	206	218	151	104	236	55	66	238	247	159	231	228	167	4	234	51	62	202	139	149	127	252	87	
0	133	2	137	220	129	172	103	4	33	90	18	168	10	32	64	104	138	10	160	82	58	1	213	52	4	138	96	21	8	177	128	
15	149	100	203	247	151	239	189	93	105	95	162	89	124	190	229	127	130	151	239	247	56	45	253	126	120	143	196	55	143	241	117	
138	205	102	156	95	212	190	231	157	86	212	151	40	206	62	65	239	227	147	231	244	15	54	255	55	58	222	206	31	28	181	222	
189	3	99	225	52	98	235	16	4	200	250	226	25	15	177	96	126	168	23	238	137	176	69	138	70	201	162	128	39	171	112	161	
121	19	65	229	52	30	73	49	101	172	223	196	147	3	144	244	92	180	78	168	153	154	117	140	150	245	162	208	46	138	48	33	
57	3	74	108	116	19	98	120	101	204	247	110	91	195	178	176	120	172	134	238	141	179	36	12	114	237	161	133	111	174	106	213	
1	114	91	233	102	201	225	88	110	72	241	102	30	159	244	112	126	169	14	192	199	35	2	81	84	137	162	140	121	130	99	153	
56	235	106	42	86	193	203	240	5	68	116	171	51	205	179	0	122	168	7	238	74	178	44	61	118	9	161	169	119	143	118	248	
39	142	225	83	215	155	166	224	93	195	112	214	104	104	189	165	121	106	146	191	247	248	109	239	46	30	199	198	223	254	248	132	
2	166	34	129	215	241	186	67	30	69	88	163	140	140	118	0	251	27	147	149	22	186	36	215	13	20	154	231	149	78	181	214	
82	249	146	178	155	192	18	230	175	21	138	179	44	190	96	82	227	215	249	209	82	75	154	241	185	244	158	127	128	5	167	90	
2	170	22	152	107	128	184	198	190	21	82	167	172	198	35	72	230	59	171	145	70	201	2	245	20	48	154	203	20	4	45	203	
61	173	67	73	84	147	226	121	69	192	250	70	115	104	189	164	120	168	22	252	205	178	37	223	62	76	161	128	127	174	122	140	
138	152	18	216	107	244	176	234	191	31	84	50	44	254	231	236	247	59	183	144	38	15	50	247	155	119	91	235	146	5	45	207	
63	179	255	243	182	87	218	216	95	249	85	231	88	253	255	41	223	89	151	247	191	242	105	252	10	223	237	230	191	175	80	247	
57	33	255	229	69	22	104	87	101	168	126	66	59	19	148	116	120	188	55	136	200	154	113	136	215	237	178	128	39	130	112	42	
61	150	111	79	246	86	239	249	85	78	253	230	121	119	191	229	127	196	150	174	233	179	61	223	114	175	231	132	127	254	100	241	
56	141	106	238	84	179	207	121	212	0	255	2	113	233	180	96	120	234	23	234	248	187	44	191	114	239	163	192	119	171	112	160	
122	21	127	236	31	70	119	97	173	192	255	3	126	255	36	113	254	181	191	98	105	163	48	221	243	247	2	27	49	42	228	51	
26	135	110	174	122	195	191	105	150	132	223	163	105	239	170	64	126	185	159	227	108	131	14	221	240	101	171	153	53	166	37	211	
206	8	163	216	229	232	249	66	251	155	112	49	156	156	117	105	227	41	51	145	22	126	130	210	77	30	218	235	214	69	119	194	
2	153	243	93	211	209	175	231	223	68	124	162	40	190	164	164	46	123	147	193	83	56	36	255	45	28	14	170	87	28	165	252	
62	91	98	206	50	147	223	248	133	44	245	231	107	221	191	4	126	248	151	238	200	163	44	189	114	205	165	183	127	191	118	241	
189	183	106	226	245	87	95	249	85	238	189	47	91	127	171	180	93	152	151	238	237	179	124	158	251	205	165	189	63	238	124	123	
142	152	178	248	199	244	184	67	27	115	116	51	12	159	102	236	255	157	179	145	146	222	144	210	31	119	154	239	159	4	47	151	
60	83	239	69	84	79	235	216	70	104	118	198	81	201	189	32	120	236	55	252	201	176	37	28	118	9	161	132	111	187	112	241	
179	77	102	158	77	179	254	194	205	66	216	135	104	236	183	96	238	227	151	231	172	167	54	255	50	62	138	139	93	255	112	222	
247	94	230	156	215	242	190	66	157	198	218	183	104	238	55	76	239	243	159	167	164	135	52	235	51	62	218	139	149	125	125	95	
34	213	108	204	111	85	148	125	141	76	252	175	44	252	182	99	206	49	215	99	205	43	114	221	119	120	235	191	87	62	244	223	
123	215	106	236	19	86	95	125	65	76	254	167	121	127	190	116	254	183	149	165	205	139	52	205	115	125	170	147	63	182	254	127	
33	1	106	69	84	23	233	89	100	232	254	198	17	137	183	112	122	140	22	236	197	179	53	72	118	13	162	132	101	162	96	232	
170	219	118	94	111	153	246	240	205	28	118	230	106	200	191	165	238	243	166	99	196	41	46	253	54	121	98	139	95	143	125	157	
56	5	98	109	84	27	106	120	117	32	255	2	91	9	181	116	122	140	22	234	200	179	101	142	242	237	160	0	103	170	114	136	
2	137	32	154	221	197	178	227	158	5	72	3	172	156	54	192	200	43	147	81	86	58	82	253	61	17	154	107	145	13	181	206	
50	133	66	140	84	2	236	111	37	1	251	2	104	42	60	81	120	135	23	161	120	187	1	205	176	172	138	128	53	10	240	8	
142	176	58	184	110	153	184	64	143	81	85	187	156	220	126	171	174	25	223	213	135	101	150	209	86	25	106	239	93	13	27	215	
60	5	98	234	84	163	194	122	85	0	253	2	99	233	60	0	120	170	6	248	152	179	8	159	250	237	163	72	119	139	112	128	
143	160	130	185	101	152	169	75	190	29	85	146	141	203	250	140	190	41	147	157	18	252	162	209	12	89	218	237	135	133	187	129	
174	40	163	241	69	164	232	66	178	49	240	19	25	156	85	139	232	185	179	213	19	254	210	224	85	89	218	104	207	13	115	162	
155	207	96	237	17	214	111	183	53	69	78	135	41	39	178	228	118	142	151	204	239	152	53	189	230	237	174	129	63	148	188	124	
137	168	186	151	101	248	249	66	127	71	87	22	173	230	242	140	91	42	130	8	54	248	246	227	142	247	154	67	198	141	29	196	
138	160	98	185	110	137	184	64	142	17	81	186	156	221	252	139	174	25	219	213	130	117	134	209	4	25	218	236	6	140	25	177	
89	133	110	109	22	146	249	51	100	65	95	146	121	47	186	100	54	182	31	172	240	152	37	207	118	239	162	192	39	134	241	113	
10	10	86	185	116	169	184	66	47	5	114	149	173	138	36	208	162	41	7	21	2	190	2	213	4	253	26	202	220	132	99	205	
10	178	161	185	127	233	185	27	158	83	81	247	188	221	124	168	199	25	179	21	146	124	82	209	76	21	26	238	150	140	21	211	
27	223	98	237	17	214	111	183	53	69	78	135	41	39	186	228	118	142	151	236	239	152	53	189	230	237	174	129	63	212	188	124	
3	8	26	154	122	160	184	66	111	81	83	49	172	154	34	216	230	27	183	21	134	158	2	213	148	20	26	202	156	4	41	141	
119	5	119	76	86	18	239	112	105	192	123	198	89	106	188	117	126	228	54	238	193	179	45	204	52	42	231	128	109	178	96	180	
228	133	93	150	228	41	174	173	152	19	49	90	196	106	56	11	187	99	78	99	112	97	10	247	37	18	207	62	212	123	195	130	
35	70	66	76	85	51	194	72	77	64	125	206	8	200	183	164	88	168	130	174	133	178	36	204	22	28	128	175	95	175	122	132	
138	157	50	158	197	196	190	103	157	4	67	19	172	222	36	69	236	59	147	195	112	159	18	255	53	112	138	75	22	4	165	210	
2	205	34	156	20	131	174	231	20	1	90	2	40	234	48	64	122	43	19	193	226	152	0	255	32	38	154	128	21	8	177	136	
42	184	226	215	69	248	249	82	95	93	117	151	172	191	114	173	203	122	163	129	151	252	246	225	79	115	218	195	7	141	127	247	
35	53	98	137	116	183	234	91	95	201	248	230	25	200	182	228	126	172	22	189	151	186	85	223	62	108	163	196	127	142	122	149	
210	93	31	254	91	207	23	105	173	72	239	10	126	247	33	113	244	243	255	98	97	131	58	253	241	243	75	27	24	50	39	59	
67	8	26	216	114	168	185	67	110	17	123	176	172	130	164	120	230	27	51	156	2	158	2	213	20	60	58	74	148	0	33	173	
98	96	134	168	77	164	200	78	195	153	240	10	144	153	117	138	200	173	115	197	8	99	210	192	21	56	218	58	209	25	114	170	
66	184	146	154	121	205	184	66	159	25	81	56	172	158	96	72	231	59	255	1	2	111	146	213	157	22	90	235	144	8	37	155	
223	242	27	186	106	193	63	120	30	110	213	231	124	198	234	229	246	153	159	231	227	7	170	255	240	145	171	232	28	135	37	241	
90	21	127	236	151	66	159	109	21	4	254	163	79	255	172	64	126	181	159	227	120	155	37	205	243	231	138	131	53	46	164	115	
191	219	118	78	126	147	222	248	205	64	181	230	105	207	183	197	110	241	151	230	229	35	46	253	50	88	167	154	127	191	105	29	
8	255	122	73	243	211	183	247	108	77	124	38	60	159	166	164	62	59	134	144	215	186	48	255	111	221	54	195	75	22	239	255	
183	109	195	151	196	147	238	112	85	224	219	198	113	236	181	165	126	234	22	239	205	243	44	234	48	12	175	128	63	255	48	212	
55	5	123	76	86	146	239	112	124	192	127	194	81	238	180	117	126	236	54	239	193	179	37	204	52	46	163	128	109	162	113	244	
150	223	194	158	138	129	190	254	159	134	220	231	45	238	167	65	119	235	135	199	198	203	14	249	58	64	175	136	61	247	169	221	
60	13	106	206	84	179	235	122	212	0	255	2	113	233	180	96	120	170	23	234	152	187	44	191	122	175	162	200	55	235	112	160	
58	255	66	186	243	144	94	247	49	13	92	167	41	143	162	213	238	251	135	213	110	154	36	253	186	245	174	203	55	148	190	223	
43	206	106	46	116	131	250	240	133	76	124	231	113	201	179	0	92	232	151	239	204	171	12	189	102	105	160	137	127	175	120	219	
60	13	106	234	92	163	194	122	87	0	253	2	115	201	189	64	120	170	6	56	138	179	72	191	122	207	163	72	247	203	112	128	
63	141	101	200	254	179	234	254	79	120	94	198	89	108	182	228	127	130	31	188	159	27	45	223	62	79	175	196	191	174	248	125	
47	219	247	94	118	215	203	248	215	76	117	230	120	253	191	228	94	112	182	110	193	179	110	253	42	126	103	134	127	175	100	245	
3	145	51	219	215	209	188	103	78	65	88	34	188	252	188	164	254	59	146	129	215	184	52	253	45	93	158	107	85	14	173	190	
61	83	106	252	116	215	83	248	21	236	244	175	91	85	171	177	94	248	150	110	237	243	108	156	122	207	161	180	127	175	124	241	
18	135	111	172	122	195	191	105	148	140	223	163	105	239	170	65	126	177	255	227	120	131	46	221	242	39	171	153	53	166	165	243	
155	184	146	217	87	182	184	83	31	31	85	50	12	155	102	236	239	25	151	145	150	254	178	210	31	95	26	231	151	4	43	135	
176	19	107	76	116	3	227	121	101	200	253	102	17	153	180	116	120	172	6	232	193	183	37	78	118	44	162	140	127	170	114	179	
162	213	52	152	127	133	188	231	207	89	80	59	172	156	54	33	206	19	147	5	246	43	2	213	55	24	158	234	85	12	149	223	
57	53	98	13	124	191	234	121	86	200	248	199	83	200	182	228	126	172	22	253	159	186	69	223	62	109	163	192	125	142	248	149	
102	77	238	156	222	164	190	199	156	198	218	151	40	236	55	66	239	243	19	133	180	143	22	238	53	62	158	138	149	125	181	222	
56	19	91	237	86	86	104	113	69	45	126	102	19	3	176	112	104	172	6	168	137	186	117	132	86	237	160	128	47	138	120	137	
11	30	242	201	51	179	24	91	31	15	220	246	44	190	230	236	255	187	151	144	150	159	36	214	26	118	186	235	190	196	45	159	
9	183	51	43	181	255	181	119	109	77	95	100	190	252	182	36	190	43	150	21	215	184	36	221	108	29	62	194	206	206	217	221	
35	78	99	204	116	147	238	112	69	8	120	230	97	200	181	229	122	232	22	235	201	182	100	253	54	122	160	128	127	191	112	173	
2	10	22	152	75	128	184	70	174	21	210	167	172	134	35	72	230	57	235	213	6	203	2	241	20	48	154	139	16	4	45	219	
90	255	66	138	115	144	94	246	161	12	220	231	45	198	179	212	110	235	135	231	206	27	44	253	186	117	174	235	55	151	62	93	
130	18	248	152	107	241	184	78	31	15	92	179	172	254	231	204	255	59	183	145	134	30	34	211	30	87	186	239	150	68	45	207	
63	175	98	9	84	179	234	120	85	192	249	199	99	200	190	164	120	168	22	109	143	178	12	159	62	13	161	192	127	174	120	156	
23	141	107	201	246	179	234	254	87	97	222	198	72	108	191	228	127	139	23	189	183	155	45	223	62	30	143	198	183	206	249	229	
226	219	127	204	110	81	180	246	141	100	208	239	44	188	182	67	238	119	183	99	196	59	100	253	118	48	234	187	29	28	181	223	
3	205	98	157	71	246	188	231	92	70	88	131	168	188	55	97	255	107	147	135	228	186	54	251	55	62	218	139	21	124	53	222	
95	91	99	142	63	145	206	248	197	200	213	230	104	200	183	228	126	237	190	239	205	3	172	253	178	120	171	186	63	191	57	85	
59	215	103	236	245	214	95	55	85	77	254	231	89	63	182	117	222	151	149	229	253	155	117	205	115	125	170	199	63	148	252	127	
189	82	91	232	116	147	66	80	85	72	247	238	91	3	163	240	126	172	134	110	141	182	101	158	22	233	160	128	127	171	120	177	
163	219	126	222	118	153	190	244	205	84	118	231	104	204	183	69	110	241	167	231	198	59	46	253	54	120	98	139	127	159	125	221	
10	160	144	185	119	189	184	74	31	17	92	146	140	159	120	204	167	27	147	29	19	56	19	215	141	87	26	231	158	77	153	176	
173	94	99	76	118	147	163	120	84	76	116	230	113	196	183	101	94	232	6	110	201	182	108	61	52	40	163	136	127	191	116	245	
82	235	150	154	27	192	58	224	175	21	139	163	236	206	98	66	231	247	239	211	74	75	139	241	185	52	159	251	4	7	37	91	
26	166	50	169	247	179	185	67	63	45	88	50	140	187	96	196	179	27	151	145	50	152	0	215	157	86	58	231	151	68	165	163	
63	209	103	78	126	215	219	248	213	236	245	230	122	237	191	228	94	244	150	238	201	179	61	253	122	127	229	134	127	175	124	245	
143	233	105	235	62	147	219	216	223	240	148	230	217	205	253	100	94	121	63	255	195	101	110	179	106	217	175	252	63	191	81	241	
191	83	103	46	126	131	90	120	133	200	245	239	123	205	183	149	94	176	215	239	237	167	12	156	114	88	161	148	127	174	114	209	
3	145	51	203	215	209	182	103	78	65	88	98	44	220	180	164	254	59	146	209	215	186	52	253	45	28	158	107	85	14	169	175	
227	219	118	94	110	153	190	244	205	84	116	231	104	200	183	197	238	225	166	231	230	63	14	253	54	56	66	139	127	159	121	157	
61	83	107	236	116	215	91	248	87	236	244	174	91	93	187	176	94	248	151	108	249	179	116	156	123	207	165	180	119	175	124	241	
2	182	162	129	247	243	186	66	30	109	88	163	140	140	118	8	255	27	147	145	22	184	33	214	13	20	154	231	149	78	53	215	
138	48	178	216	111	213	185	74	159	93	84	23	140	158	118	173	238	57	179	149	150	255	178	208	15	89	218	239	150	5	63	223	
250	215	102	236	245	214	220	55	85	77	254	55	72	62	182	117	220	151	149	225	252	139	117	205	115	121	170	135	55	148	244	95	
190	87	102	206	62	147	218	120	133	200	247	231	107	205	181	133	94	176	151	238	233	167	44	222	114	88	161	146	127	174	120	241	
162	211	99	140	111	81	180	103	141	68	80	175	44	188	54	67	238	53	183	99	192	59	230	221	54	48	202	187	21	28	245	223	
103	77	238	156	222	230	254	231	205	198	218	135	96	236	55	98	239	231	51	165	244	175	52	238	59	62	142	138	133	120	241	222	
51	19	99	76	116	18	203	120	65	200	253	102	16	64	180	116	120	172	22	236	137	179	36	204	48	60	163	128	95	174	114	245	
10	174	178	185	247	179	184	67	63	45	92	50	12	187	100	196	235	27	151	145	50	157	0	214	29	85	26	231	151	68	173	167	
159	225	238	236	62	17	218	216	199	240	148	162	121	205	253	38	126	249	183	253	138	97	174	184	122	217	141	188	55	191	80	240	
57	19	123	109	108	86	97	113	101	236	127	102	19	31	166	112	124	172	38	136	217	186	241	136	87	237	160	128	123	138	118	251	
14	58	146	217	119	248	176	66	63	15	86	178	172	137	227	204	235	59	134	16	54	188	160	227	142	247	26	195	134	77	29	143	
130	133	116	152	254	129	188	103	141	17	88	146	172	14	52	1	239	19	19	129	242	40	0	213	44	24	154	234	85	12	145	137	
155	203	100	139	181	211	111	247	7	76	86	167	169	7	178	228	102	42	159	204	247	152	53	253	238	105	174	193	62	156	184	252	
130	133	96	201	214	128	236	103	13	1	251	18	140	42	52	65	110	131	31	161	242	11	1	213	52	58	154	192	21	8	241	136	
61	87	106	76	118	146	235	120	84	204	117	231	113	205	183	68	126	168	6	238	201	183	36	29	114	105	163	136	127	175	116	241	
10	160	160	249	87	189	184	74	31	19	84	18	140	159	114	140	175	25	179	157	19	20	19	209	15	95	154	231	158	13	25	214	
61	95	106	76	118	147	235	88	85	76	253	230	113	193	183	100	126	168	6	238	201	179	36	92	114	41	160	136	127	171	120	245	
61	109	234	78	212	131	239	248	86	226	255	2	115	201	181	32	120	232	22	234	201	183	44	62	114	15	165	128	103	251	112	160	
189	19	67	233	116	147	75	80	69	104	255	238	19	7	179	244	126	172	22	236	141	182	101	142	150	237	160	128	63	143	122	117	
39	140	231	83	213	155	166	232	93	195	112	70	104	104	189	165	121	106	146	191	247	248	109	255	46	30	199	198	223	254	248	132	
55	86	74	204	118	2	235	112	69	136	255	230	113	1	181	101	126	172	22	238	201	178	68	204	54	44	162	128	127	187	120	161	
11	18	18	155	115	240	185	66	62	85	85	176	172	158	170	237	231	59	151	145	150	152	98	213	198	113	26	203	158	5	41	197	
25	50	43	233	48	222	121	80	37	77	215	231	191	151	130	116	110	60	255	132	139	152	161	157	199	237	58	192	46	134	37	249	
248	5	106	236	84	146	111	120	117	128	255	2	123	227	177	112	120	236	55	234	232	178	44	159	118	239	227	128	119	170	112	160	
11	16	22	187	51	188	185	67	189	93	87	53	172	150	162	205	230	59	191	21	150	136	34	245	206	117	26	195	146	4	169	207	
9	18	123	233	50	220	185	81	110	77	119	100	189	151	170	232	102	57	158	152	131	144	117	208	199	245	58	129	58	134	45	249	
2	12	130	159	212	163	174	231	22	130	88	18	96	234	49	64	121	106	19	131	96	190	8	255	32	38	158	136	149	126	176	136	
2	204	34	157	71	247	188	231	28	86	74	135	104	190	54	65	253	235	147	165	228	154	20	255	55	62	222	7	21	124	181	222	
35	249	99	73	87	215	166	229	77	72	112	230	40	156	180	164	252	58	146	225	215	186	52	253	47	24	140	234	95	14	250	253	
139	176	58	184	101	241	185	80	143	92	84	151	140	142	118	173	174	25	151	149	151	21	182	208	87	89	218	239	30	13	61	215	
155	223	110	73	147	214	61	247	37	77	222	167	57	39	190	229	110	150	159	236	255	153	53	253	111	105	174	197	63	148	172	125	
130	56	235	219	117	252	177	208	159	93	118	55	172	223	127	108	239	59	151	17	151	248	50	241	79	123	218	203	150	13	85	247	
137	56	142	152	77	247	241	90	134	93	214	22	136	134	98	140	200	168	238	220	31	239	114	208	199	209	186	237	146	13	61	215	
134	8	146	155	116	161	184	64	62	11	83	18	172	218	97	72	247	57	19	145	50	148	2	243	4	22	26	194	148	9	33	129	
138	56	239	219	117	252	241	80	223	93	116	151	168	222	119	108	206	56	151	144	151	252	118	225	207	83	210	195	134	13	93	215	
14	62	146	249	179	184	48	82	63	15	94	247	174	225	227	204	247	59	134	16	50	188	0	227	142	247	50	195	142	141	13	151	
130	133	70	137	212	129	172	103	12	17	89	18	140	10	32	65	106	139	19	160	114	184	64	213	44	0	154	196	21	8	161	136	
8	18	123	169	115	222	169	81	44	77	119	102	157	150	162	104	110	9	158	153	131	145	33	208	213	225	186	129	58	6	37	251	
11	191	51	25	245	251	181	119	93	77	90	229	172	188	182	164	158	43	150	21	151	184	36	221	44	20	58	194	206	76	217	221	
139	160	34	153	101	213	185	64	159	93	85	18	140	142	242	140	174	25	179	157	150	125	34	209	22	89	154	239	22	141	45	197	
2	141	2	158	20	130	174	231	20	1	90	2	40	234	48	64	104	107	19	193	82	136	0	255	32	38	154	192	21	10	176	136	
169	114	172	185	109	245	241	94	159	221	84	5	172	157	99	175	200	40	166	92	143	226	242	208	71	209	210	171	210	29	124	223	
27	128	22	185	85	247	121	3	127	125	79	22	141	2	58	204	113	11	170	156	22	156	53	213	143	247	154	67	178	140	173	196	
3	181	32	137	245	253	178	71	78	77	92	7	168	152	246	164	254	43	146	21	151	184	116	221	46	28	138	227	223	14	217	223	
11	18	18	251	115	180	185	23	188	21	87	48	172	147	162	204	230	59	179	152	18	152	34	245	196	249	186	203	150	132	169	137	
57	22	115	233	118	51	107	81	85	72	119	230	83	14	183	245	126	168	22	46	141	178	100	140	86	233	160	128	127	175	112	245	
61	27	98	77	54	51	219	80	69	196	253	231	91	77	183	100	126	168	151	110	137	179	37	140	66	109	160	128	127	175	112	245	
10	56	166	185	109	213	113	82	143	93	86	53	136	159	103	108	204	56	175	80	142	254	115	208	71	209	146	203	146	13	124	215	
61	77	106	78	92	131	207	240	214	160	252	2	113	225	181	96	88	232	22	106	200	179	44	63	122	13	165	128	119	251	112	168	
2	174	146	217	53	243	184	198	31	63	84	50	140	155	246	236	163	27	151	145	22	188	34	214	142	87	154	231	150	68	45	135	
130	193	116	152	254	129	188	39	140	17	80	146	172	14	60	65	238	19	19	129	242	40	2	213	36	56	158	202	21	12	145	137	
56	5	66	236	84	131	78	120	53	128	255	2	123	235	176	80	120	236	6	234	72	179	72	159	242	239	163	128	55	170	112	128	
2	58	190	209	55	249	176	66	95	95	86	55	140	158	231	204	235	56	166	16	22	252	99	242	142	86	18	195	134	13	125	223	
191	233	99	218	94	145	239	248	215	224	21	138	121	207	255	37	126	232	19	255	239	71	62	221	126	73	143	168	55	190	113	228	
27	219	98	201	55	211	127	245	5	76	94	167	41	7	182	228	118	162	159	236	198	153	37	253	126	127	190	195	55	158	252	95	
53	109	107	78	84	131	239	240	212	192	255	2	113	233	181	36	120	234	22	234	233	179	44	63	114	15	165	128	101	251	112	232	
162	200	96	30	79	209	182	230	31	68	112	139	40	140	55	1	200	251	147	195	102	62	62	255	23	18	216	43	85	29	86	222	
60	13	106	238	84	147	111	120	116	128	255	2	113	227	177	112	120	236	23	234	200	179	44	158	118	237	163	136	119	170	112	160	
55	109	99	158	212	147	239	240	84	192	219	198	113	236	181	228	120	238	22	239	237	187	44	239	48	46	175	128	45	255	112	244	
2	141	2	156	20	131	174	231	4	0	90	2	32	234	48	64	72	42	19	193	82	136	0	255	32	38	138	128	20	8	176	136	
51	223	98	158	78	153	190	228	205	84	244	167	40	204	182	65	110	227	167	199	198	59	46	253	54	40	78	138	127	159	237	221	
107	153	102	204	245	214	253	55	69	73	118	166	24	63	182	228	238	183	183	236	217	186	37	207	127	127	142	195	55	132	252	117	
31	77	66	158	146	147	238	246	150	192	218	199	121	234	179	192	126	235	23	207	239	155	14	255	56	110	175	136	61	247	57	156	
55	5	99	78	86	146	239	112	125	192	123	198	121	236	180	228	126	237	22	239	197	179	44	206	52	46	171	128	125	174	113	244	
2	219	114	140	79	193	190	229	141	64	80	163	44	188	52	193	238	251	151	195	196	59	20	245	52	48	218	171	21	30	189	217	
32	141	235	165	212	66	175	231	16	196	90	195	49	188	49	65	254	111	51	229	192	186	132	44	125	44	238	136	133	120	117	218	
169	18	90	225	116	222	105	85	101	77	127	118	27	23	162	240	110	140	134	140	155	186	112	133	70	233	160	192	47	138	244	241	
39	137	198	31	213	147	166	232	94	242	123	70	104	104	191	173	249	106	178	87	167	248	79	253	46	30	215	195	223	126	121	156	
138	50	43	249	101	221	185	80	191	89	87	103	152	222	102	108	252	57	183	145	135	180	114	209	199	89	186	203	30	141	53	215	
134	50	178	153	119	227	184	66	30	75	81	179	140	158	104	8	255	25	147	145	178	148	0	210	12	22	154	199	148	76	53	211	
34	189	98	193	247	255	251	119	93	161	126	2	40	61	148	36	126	186	151	153	144	184	53	254	127	95	150	194	231	204	244	191	
3	141	106	137	246	179	235	239	94	225	90	131	81	174	182	96	127	171	19	189	151	154	37	223	126	15	175	196	149	200	113	221	
82	235	38	159	31	128	186	200	143	20	147	167	236	206	123	67	239	227	255	199	102	67	206	245	188	16	139	187	20	47	53	67	
11	159	115	9	247	221	191	119	125	77	126	230	172	188	182	228	182	59	150	29	215	184	52	223	46	28	38	194	222	140	237	253	
58	219	114	74	243	210	190	245	37	77	124	167	41	158	166	180	126	187	151	192	214	155	36	253	122	85	142	195	119	150	175	223	
134	24	146	155	54	163	184	64	30	11	81	50	140	218	33	72	247	57	147	145	50	148	3	210	12	22	154	194	148	9	33	129	
43	143	105	201	246	179	235	63	95	233	94	230	121	44	182	228	127	175	23	189	149	186	37	223	62	79	191	228	191	204	120	253	
2	18	248	153	114	227	185	78	31	79	80	247	172	142	230	72	255	59	135	145	182	158	36	223	94	22	186	235	149	128	37	223	
63	251	98	142	127	145	218	240	205	192	221	239	105	204	183	228	126	233	158	239	207	35	62	253	178	92	139	186	63	175	120	221	
11	149	123	73	243	215	181	247	109	77	126	39	44	156	166	164	190	59	151	17	215	184	48	221	127	93	54	195	127	6	237	255	
26	219	98	203	119	209	191	229	78	13	92	162	40	206	166	164	126	59	134	192	195	186	36	253	62	4	174	235	119	142	237	189	
91	223	98	154	95	149	190	252	79	68	204	135	40	204	55	228	102	235	155	199	199	11	62	253	62	120	142	107	63	159	57	220	
63	81	102	76	127	211	203	121	199	196	246	166	121	221	191	164	126	184	183	236	201	163	127	221	118	89	129	152	119	174	112	245	
130	48	187	217	100	205	184	72	191	93	80	119	172	222	117	104	254	57	55	17	135	244	50	209	71	28	154	202	208	8	37	247	
10	174	162	153	245	181	184	199	159	13	92	151	12	140	54	140	175	43	147	149	150	154	34	215	15	92	154	235	151	76	189	223	
57	19	99	76	116	67	235	120	68	104	245	230	17	13	180	100	126	140	22	236	201	179	101	204	84	40	162	192	127	142	114	245	
59	46	98	10	84	147	234	88	87	196	221	199	99	200	182	132	120	168	22	45	142	179	12	159	50	76	171	136	127	142	120	212	
214	249	82	186	75	193	56	232	191	20	161	171	108	214	97	83	163	251	239	194	106	67	138	253	177	208	75	43	49	7	39	19	
2	10	6	156	67	128	56	66	190	21	66	167	172	206	35	72	230	41	163	213	6	221	2	245	20	50	154	203	20	5	45	159	
49	19	99	76	116	2	163	121	68	236	244	230	16	13	182	101	126	172	22	172	201	179	100	204	112	40	162	128	95	138	118	245	
130	48	58	184	101	245	185	83	143	93	84	23	140	158	119	44	238	57	151	145	135	149	178	208	71	89	154	239	22	13	61	215	
61	76	106	222	92	179	203	250	86	0	253	2	113	233	181	96	121	170	23	184	170	186	111	191	114	175	163	136	247	139	112	160	
19	48	114	249	39	221	248	80	175	73	82	103	157	223	246	108	238	57	151	133	134	148	50	209	199	217	186	194	54	141	53	215	
41	19	123	233	118	222	121	80	101	77	119	102	27	31	166	240	110	188	150	200	153	186	116	132	71	233	160	192	111	142	116	241	
3	30	250	137	242	179	185	91	31	77	94	247	44	174	166	64	255	187	151	149	150	154	101	222	30	126	186	195	151	132	45	223	
47	201	97	95	95	213	235	232	79	64	100	130	104	204	183	228	126	232	178	207	199	56	63	253	63	88	135	74	119	191	120	252	
10	219	114	201	119	209	191	237	79	77	92	162	168	222	174	164	126	59	150	192	214	184	38	253	126	69	190	227	119	14	173	255	
122	149	115	236	247	82	223	109	53	4	254	163	75	191	164	229	126	245	191	227	120	155	37	207	242	246	138	135	55	166	164	127	
57	55	102	13	252	151	234	121	86	200	249	231	83	200	182	228	126	174	22	253	159	187	93	223	62	109	163	196	125	142	248	149	
175	89	99	78	127	211	203	120	207	196	116	134	121	197	191	164	126	184	178	238	195	165	126	253	38	88	129	8	119	174	80	244	
138	112	58	152	103	245	185	64	31	93	84	23	140	142	118	12	239	9	147	21	150	181	50	208	23	89	154	203	150	13	45	215	
57	19	107	233	118	27	107	81	101	64	119	230	19	6	183	116	126	172	22	174	205	178	52	140	150	237	160	128	127	139	112	245	
138	122	166	249	109	213	177	82	207	93	246	53	136	158	231	108	204	57	191	80	134	254	115	208	71	89	178	203	146	13	124	223	
63	87	99	109	54	19	203	120	69	192	253	231	91	77	183	181	126	172	151	239	205	163	116	140	114	104	161	144	127	175	114	244	
10	168	178	209	117	241	184	71	159	29	86	51	140	158	246	172	171	59	151	145	22	188	34	210	15	87	154	199	150	12	61	199	
10	56	182	209	101	249	176	66	95	93	86	55	172	158	103	204	235	57	183	16	6	252	115	208	15	87	154	195	134	13	125	223	
63	84	103	204	94	147	203	120	133	192	245	142	123	77	183	181	126	160	87	239	201	163	52	220	50	72	137	144	127	175	122	244	
191	233	98	218	95	209	203	232	215	144	133	10	121	207	63	37	122	232	19	255	106	99	62	253	123	73	143	57	55	175	114	236	
2	30	90	153	243	186	184	83	189	13	94	247	140	174	166	204	231	59	135	20	150	152	36	222	14	54	26	195	158	204	45	215	
27	223	106	201	115	211	127	247	5	76	94	167	57	135	182	228	126	42	151	204	199	153	36	255	118	79	190	193	63	158	189	253	
23	201	106	158	71	149	255	228	141	84	116	135	41	204	55	1	110	233	51	199	199	59	62	245	119	40	206	8	125	31	113	220	
75	159	107	77	246	150	255	119	101	73	94	230	24	191	182	228	110	191	151	237	209	154	37	223	126	125	174	194	63	132	240	117	
34	140	162	158	212	163	174	231	86	3	88	2	96	232	48	64	121	106	19	129	178	190	8	255	48	38	159	128	149	122	176	136	
130	48	186	152	119	219	177	66	191	77	84	183	140	222	54	72	247	57	151	17	182	188	50	215	79	86	26	203	214	13	101	215	
77	122	34	184	109	213	177	82	135	93	212	37	136	151	227	236	204	184	191	212	135	15	242	208	87	217	178	239	26	141	61	247	
27	19	123	233	35	221	121	81	237	77	247	102	159	159	186	108	238	153	159	156	143	144	113	208	199	249	42	131	62	132	37	247	
27	50	43	249	103	149	185	80	167	76	215	103	153	223	230	108	236	185	183	213	143	150	114	209	199	217	186	234	63	141	53	247	
57	0	102	225	36	26	232	16	101	64	246	130	27	13	150	108	106	140	31	172	136	176	101	140	86	233	178	192	103	140	112	100	
2	158	90	152	178	178	56	83	189	77	94	247	140	174	166	196	167	43	135	20	183	153	36	223	14	84	26	195	158	196	45	213	
131	183	96	129	247	181	186	67	94	77	88	183	172	136	118	0	159	43	147	149	182	184	36	223	44	28	138	227	221	76	217	207	
60	205	106	78	220	147	199	240	214	128	252	2	115	225	181	32	88	234	6	106	200	171	44	63	114	173	165	24	119	187	112	168	
55	13	99	207	84	146	239	112	84	192	123	66	81	234	180	100	126	237	22	239	225	179	36	206	52	46	171	128	117	170	113	228	
63	73	103	78	95	151	202	120	141	64	253	206	105	76	183	164	126	160	151	239	205	163	60	253	18	109	129	152	127	175	120	84	
55	237	102	218	95	213	235	232	197	208	245	10	121	200	55	181	120	232	19	239	78	35	62	253	55	8	131	61	55	175	114	236	
60	77	106	78	84	147	231	120	84	128	255	2	115	233	177	96	120	234	6	234	200	187	44	47	114	173	165	0	119	186	114	160	
2	158	122	153	246	163	184	71	158	13	94	183	132	174	166	64	231	59	135	145	182	152	33	215	14	6	58	195	148	64	173	223	
51	201	99	142	71	149	190	228	141	68	120	135	40	204	55	100	110	233	179	199	196	59	62	253	55	44	206	8	125	31	113	220	
60	5	98	236	84	147	110	120	85	128	255	2	91	235	176	80	120	236	23	234	200	179	32	158	114	237	163	136	119	170	112	128	
35	153	106	216	246	210	191	119	93	73	94	167	40	158	182	100	118	59	151	205	215	154	52	255	127	60	158	195	23	132	248	253	
61	13	106	78	84	146	239	120	84	64	255	2	113	233	180	96	120	232	22	234	200	179	36	127	118	173	163	128	119	170	112	160	
27	219	98	204	87	209	127	246	69	68	92	167	41	205	182	228	126	233	151	207	198	155	36	253	50	77	174	131	55	158	124	93	
2	140	130	158	148	163	174	231	22	3	88	2	96	234	48	64	121	106	19	145	50	186	8	255	40	38	143	192	149	74	176	136	
2	141	2	140	148	131	142	231	4	0	90	2	32	170	48	64	72	42	19	193	82	168	0	253	32	36	138	192	20	8	176	136	
114	217	98	140	87	128	190	231	137	64	216	163	44	172	54	64	254	251	151	197	196	187	20	253	51	52	142	203	117	30	189	219	
2	159	58	155	247	177	184	103	159	13	94	183	172	186	166	196	231	59	151	145	182	152	0	215	46	22	154	195	151	12	173	143	
59	201	34	138	85	149	254	228	143	68	204	135	40	204	54	196	252	171	147	197	78	11	56	253	59	92	142	107	31	30	188	222	
167	203	198	31	223	155	166	232	94	241	115	199	232	232	191	165	249	107	178	85	167	240	79	253	14	26	207	131	223	110	121	148	
27	77	67	158	148	146	238	246	151	192	218	199	121	234	177	228	124	235	31	207	237	155	12	255	56	110	175	136	63	247	56	220	
130	54	162	145	54	227	184	66	30	123	80	183	140	158	106	9	255	27	147	145	178	220	1	214	12	22	154	231	149	76	53	219	
194	235	166	159	77	145	184	200	158	148	147	167	236	200	123	67	253	235	255	199	238	67	143	253	188	18	207	155	20	47	61	86	
31	13	67	158	84	147	238	242	212	192	218	199	113	238	181	228	124	235	23	207	237	155	44	255	48	110	175	128	63	255	56	220	
27	219	114	72	243	211	190	247	93	77	124	167	40	159	182	100	126	187	151	197	214	186	52	255	127	93	14	195	119	134	173	223	
134	20	22	153	54	163	184	66	30	27	83	178	140	94	40	73	247	25	147	145	50	212	1	222	12	22	154	198	148	72	33	147	
2	159	106	185	246	169	185	87	28	77	90	247	181	174	182	64	239	43	23	149	182	152	4	247	76	5	186	194	156	76	189	219	
3	10	2	155	19	144	56	66	190	69	67	247	172	202	50	200	230	41	179	149	166	156	6	245	4	54	154	203	156	5	57	214	
35	203	98	74	93	213	234	232	79	76	220	34	104	220	191	228	250	233	183	223	198	59	46	253	63	24	174	235	87	159	124	207	
51	102	98	12	84	179	202	88	87	68	253	199	99	200	182	4	88	168	23	45	142	183	4	159	18	12	163	160	127	174	120	196	
59	41	98	76	95	213	203	120	199	76	244	138	105	220	183	164	126	168	214	238	195	35	46	221	55	88	129	184	119	174	124	237	
158	249	82	254	75	193	54	232	187	0	225	43	44	223	101	24	186	187	227	194	98	59	154	255	27	213	67	43	115	19	39	146	
2	48	187	153	102	229	185	67	30	89	82	119	156	158	116	104	231	25	23	145	151	159	50	208	5	20	186	202	148	8	37	251	
59	81	99	76	127	87	203	120	69	196	245	230	27	13	182	164	126	168	151	238	201	179	116	220	82	120	162	136	119	175	114	245	
49	204	104	219	92	131	203	222	87	3	252	2	179	201	181	100	89	138	23	217	171	190	111	191	102	143	178	184	247	153	112	168	
57	55	110	9	252	151	234	125	86	200	251	231	83	200	182	224	126	174	22	253	253	187	93	159	62	109	163	196	125	142	248	149	
11	155	115	200	247	215	191	119	93	77	94	230	44	156	182	228	246	59	151	149	215	184	36	247	62	124	42	195	127	140	165	253	
59	73	99	76	95	215	203	104	197	64	237	138	123	204	55	164	122	168	146	239	77	35	52	221	19	92	129	56	119	175	114	228	
35	217	35	236	85	133	191	231	141	64	216	11	56	143	52	96	236	187	147	197	81	187	18	253	49	60	142	104	93	30	177	184	
43	223	99	200	246	146	255	247	77	65	94	231	56	159	182	100	126	187	151	205	215	154	36	255	126	124	174	194	55	132	244	253	
51	201	43	218	93	197	239	230	133	72	248	11	56	140	54	64	232	243	19	207	79	43	50	253	123	28	142	72	89	30	240	254	
59	73	98	78	31	215	202	104	197	64	252	134	107	205	55	164	124	160	151	239	205	163	60	253	51	77	137	152	127	191	120	92	
59	233	34	138	85	213	202	236	199	96	140	10	40	220	54	164	104	234	146	207	207	43	62	253	59	93	142	123	83	15	120	206	
26	157	122	104	243	211	191	119	237	73	124	167	60	158	166	100	254	187	151	129	214	185	52	223	127	93	46	203	119	134	165	255	
34	140	162	158	212	163	174	231	86	3	90	2	96	232	48	64	121	106	19	129	178	186	8	255	40	38	142	200	213	106	176	136	
130	129	112	153	238	129	188	39	142	17	80	146	172	14	56	65	110	19	19	129	242	56	2	215	44	48	218	232	21	12	177	137	
61	1	107	109	87	82	107	80	101	64	247	130	27	12	183	116	126	168	22	238	205	179	52	140	83	233	128	0	119	175	114	228	
2	152	191	153	53	245	184	3	175	93	86	55	140	158	102	76	237	57	191	145	150	152	114	208	15	88	154	195	146	12	37	215	
10	159	99	169	242	163	185	119	28	77	90	247	189	47	160	64	126	59	23	149	178	152	101	223	236	164	186	192	189	192	165	249	
2	24	179	153	119	253	176	3	31	93	114	55	172	158	102	72	231	57	191	17	134	156	115	208	15	54	26	195	148	12	37	223	
58	235	42	218	93	209	210	232	195	156	180	42	42	217	53	52	232	248	198	226	74	43	10	253	59	89	133	187	83	15	126	175	
2	219	170	158	244	193	190	229	158	13	88	99	164	252	180	64	248	123	55	193	82	186	2	245	52	52	190	203	21	26	181	203	
131	182	32	145	247	183	184	71	94	77	88	183	172	172	118	9	159	43	147	149	182	252	52	223	12	22	154	227	221	76	221	223	
63	83	103	77	54	19	203	81	69	192	255	231	91	77	183	228	126	164	151	238	141	179	53	140	114	108	128	128	127	175	112	244	
61	19	123	225	118	221	249	80	101	76	119	230	25	31	186	112	126	152	151	110	133	176	52	132	86	233	162	192	111	143	124	241	
57	0	98	225	100	26	232	16	101	96	246	2	27	11	148	108	110	132	31	156	152	176	101	192	214	249	178	192	103	140	112	96	
57	18	106	107	100	156	121	112	101	76	119	166	59	31	186	240	126	152	150	108	153	176	101	132	86	233	162	192	119	142	78	249	
56	0	102	237	68	42	104	82	101	33	242	2	11	9	52	88	106	132	14	160	136	179	65	196	146	233	146	0	103	136	112	128	
2	154	191	153	118	233	176	3	62	93	82	119	148	158	36	72	231	57	31	17	178	188	33	84	13	54	58	194	148	8	53	87	
2	16	147	249	118	167	168	91	62	9	82	114	156	151	32	200	247	57	31	17	147	156	19	215	4	38	58	194	156	8	33	177	
2	140	130	159	148	162	170	199	54	131	90	18	104	234	48	64	123	107	19	145	50	158	8	255	40	38	158	192	148	74	177	136	
122	149	114	204	215	210	126	109	149	64	254	162	72	255	164	245	126	255	183	226	125	187	36	206	50	118	130	199	55	174	236	246	
2	22	123	137	114	227	185	86	62	69	90	247	12	142	166	64	255	59	23	149	150	154	37	223	92	38	186	194	149	128	37	219	
2	16	31	185	116	174	168	19	174	25	82	113	156	155	36	104	230	25	63	149	147	152	1	213	69	56	186	192	152	0	33	35	
34	249	34	138	223	197	178	231	15	73	88	11	44	220	108	0	252	27	147	209	210	58	26	245	61	20	158	235	85	14	183	219	
134	221	146	155	253	165	190	206	158	26	88	34	172	254	33	73	255	123	179	211	98	90	10	255	45	22	206	170	148	89	161	139	
60	205	110	94	220	131	199	252	212	128	252	2	115	233	181	96	88	234	6	106	232	171	46	63	122	175	165	24	119	187	112	168	
56	13	106	94	84	131	231	120	212	0	253	2	113	233	181	96	120	234	22	234	200	187	44	63	114	47	167	0	119	186	112	160	
2	140	130	154	148	163	174	231	22	3	90	18	104	234	48	64	121	107	19	145	50	152	0	255	40	38	158	192	148	74	176	136	
61	77	106	206	84	147	239	120	84	64	255	2	113	233	188	96	120	232	22	234	201	179	44	255	114	45	163	136	119	170	112	160	
2	141	130	158	148	163	174	231	22	1	90	2	96	234	48	64	89	106	2	145	50	186	8	255	40	38	142	192	149	74	176	136	
19	77	67	158	148	146	238	246	148	192	218	199	121	234	179	228	124	235	31	207	237	139	12	255	184	110	175	128	61	247	56	92	
31	77	67	158	20	146	238	114	213	192	218	199	113	236	181	228	124	234	23	207	237	155	46	239	176	110	175	128	63	254	56	220	
55	77	99	206	84	146	239	112	84	192	219	198	121	238	188	100	126	237	22	239	201	179	36	238	52	46	171	128	117	170	113	228	
3	149	123	202	246	213	191	119	93	73	126	163	60	159	182	100	126	187	151	141	211	186	36	255	127	125	58	202	87	142	161	253	
3	159	106	187	246	149	185	119	28	77	94	231	189	158	182	96	246	43	23	149	215	152	36	255	110	45	186	192	28	138	185	221	
47	183	225	203	221	245	201	221	19	85	125	157	152	77	94	164	221	10	147	156	155	50	250	147	79	93	133	124	223	206	214	244	
187	73	98	94	21	151	206	96	213	68	212	134	42	204	183	164	124	232	151	239	237	167	52	255	51	93	128	153	127	191	120	220	
35	233	98	202	93	213	218	228	199	72	188	11	40	220	54	36	200	224	19	207	78	43	58	253	51	28	142	123	83	30	122	206	
155	223	98	220	87	209	191	247	213	68	92	167	41	142	182	229	110	171	147	205	231	155	36	253	114	73	142	139	55	156	253	221	
147	221	123	216	215	213	191	119	221	69	124	163	41	222	182	97	238	187	147	197	246	187	52	253	59	89	142	203	87	132	165	255	
147	221	110	253	54	214	190	231	252	68	214	163	49	158	182	97	238	59	157	197	228	137	52	253	227	233	174	129	21	144	245	219	
34	217	114	216	85	133	190	231	157	5	120	131	44	158	52	64	238	187	147	193	214	187	16	253	59	60	142	75	21	28	245	154	
131	158	34	153	181	247	184	103	92	79	88	183	172	60	54	1	159	43	147	53	182	188	53	223	44	22	158	195	221	76	157	223	
179	219	98	140	117	209	218	240	213	76	212	239	40	220	183	164	126	168	151	239	238	47	36	255	50	28	160	187	119	143	120	223	
7	203	134	159	159	131	190	232	94	243	91	199	224	232	63	64	249	111	51	71	199	244	79	255	12	62	207	134	221	111	121	150	
187	223	98	158	119	151	239	244	21	76	84	167	41	205	183	133	126	168	151	239	239	190	52	255	114	73	160	136	127	156	120	221	
2	158	36	155	182	163	184	35	30	127	91	183	172	46	48	73	255	27	147	149	178	220	1	223	12	22	218	195	148	76	181	219	
86	235	162	158	77	129	190	232	159	4	217	167	236	206	123	72	253	235	171	215	70	71	202	247	156	52	143	171	20	31	61	194	
135	10	2	155	19	178	40	64	30	65	83	247	140	202	50	200	246	41	147	149	183	148	7	214	4	54	154	195	156	5	57	212	
55	74	98	142	92	179	202	64	215	6	213	135	99	200	55	8	88	168	131	47	140	167	12	159	18	12	139	25	119	175	124	196	
190	249	82	254	75	193	182	224	191	2	245	43	44	223	101	24	251	187	147	194	66	63	154	251	31	213	27	43	115	19	39	154	
169	204	97	219	92	147	203	222	87	67	212	66	243	200	181	100	89	234	19	217	235	190	111	191	100	110	154	0	55	153	112	236	
35	133	99	202	213	149	252	119	69	65	92	195	57	205	60	100	220	187	147	157	214	186	118	255	111	28	158	200	23	142	240	252	
11	151	107	202	213	149	191	247	69	69	92	199	57	204	190	100	92	154	147	141	215	154	54	247	111	28	158	202	31	142	244	252	
43	233	104	74	117	213	207	230	199	76	220	2	58	220	182	164	200	170	23	205	207	42	102	189	99	93	128	171	127	158	120	206	
2	219	107	143	118	129	191	245	142	5	88	227	180	202	176	64	254	123	23	193	194	154	10	247	108	36	174	200	20	154	181	139	
10	150	114	187	247	243	184	71	63	93	91	183	172	174	46	196	231	59	131	17	182	152	32	215	12	119	26	195	150	4	173	223	
50	149	114	204	223	242	250	103	157	64	254	163	72	254	190	244	126	191	151	227	61	187	36	223	62	62	130	203	63	206	236	150	
34	251	122	218	125	209	211	228	207	12	188	42	34	216	166	52	200	248	135	66	206	43	106	253	51	29	133	187	87	31	118	175	
57	165	102	45	220	147	206	125	87	192	223	135	115	200	182	100	122	236	50	239	221	187	95	159	126	110	131	68	127	142	248	148	
43	175	97	10	213	149	175	127	71	69	220	207	168	12	182	164	93	170	147	141	223	42	118	255	47	28	152	104	87	142	252	252	
2	205	2	140	148	129	142	231	4	0	90	2	32	170	48	64	72	42	19	193	82	168	0	253	32	36	138	192	20	8	176	8	
11	141	99	203	246	146	191	103	108	65	94	163	57	142	182	100	126	59	19	141	214	152	36	255	102	44	154	192	55	134	177	253	
35	133	40	202	213	133	200	127	71	1	249	10	56	73	60	64	220	139	19	157	218	42	82	223	47	28	158	72	209	10	240	138	
27	223	39	173	50	134	63	55	172	76	90	231	189	39	176	64	102	51	31	141	209	153	53	253	224	244	170	192	62	132	181	121	
34	233	57	216	253	201	151	239	79	9	120	41	164	156	36	48	202	27	147	81	82	42	98	245	61	20	30	123	84	12	214	235	
144	95	30	189	50	194	159	55	164	76	218	167	181	46	34	67	230	115	13	225	236	137	21	45	224	225	170	145	60	48	173	91	
26	159	42	169	50	134	191	119	140	77	90	231	188	174	34	64	230	59	159	133	214	137	0	255	224	247	186	195	28	4	165	219	
34	16	80	136	110	9	184	64	137	8	176	42	140	158	101	10	238	49	223	1	0	35	194	192	20	24	10	186	20	8	35	139	
57	0	96	225	6	24	232	80	101	65	246	2	27	11	212	100	106	136	23	188	140	176	37	192	214	201	162	128	103	140	112	96	
130	221	150	157	253	165	190	239	158	154	88	34	172	254	97	65	239	123	51	195	98	218	10	255	45	22	223	170	20	120	33	139	
191	84	99	72	119	86	235	80	85	76	247	230	27	5	183	229	126	136	150	238	233	183	36	206	114	120	162	128	119	175	112	245	
61	5	110	171	252	151	234	125	85	64	255	102	83	152	182	228	126	142	22	253	221	186	77	254	62	109	162	64	127	142	248	148	
2	173	96	131	212	169	234	199	79	1	120	2	172	10	116	0	123	139	19	145	146	184	64	247	44	12	154	224	213	10	241	136	
9	152	22	249	118	166	168	23	60	25	86	114	157	19	160	236	230	27	183	25	147	152	1	213	140	247	58	194	158	128	169	169	
34	177	50	202	247	133	186	237	15	73	121	43	44	220	124	0	221	59	151	17	146	58	8	213	63	28	141	238	213	14	179	211	
35	251	106	202	126	145	186	244	207	76	216	239	32	200	182	32	254	249	151	195	198	59	46	253	62	28	171	235	93	143	124	223	
35	151	33	139	85	151	170	111	79	69	93	199	232	76	62	196	220	11	147	173	215	58	125	213	44	28	138	230	95	14	216	220	
162	201	46	252	29	197	156	231	156	20	240	19	33	158	52	65	204	187	19	193	238	175	82	255	163	249	222	91	21	24	245	154	
91	77	71	190	156	146	78	242	180	192	218	199	121	234	177	224	126	231	31	239	237	139	12	239	184	110	175	136	45	247	56	92	
23	13	67	158	20	146	238	114	213	192	219	198	113	238	180	228	124	234	31	239	237	155	44	239	176	110	174	128	61	238	48	244	
2	205	2	140	148	129	172	231	4	0	90	2	32	10	48	64	72	42	19	193	82	136	0	253	32	36	138	192	20	8	176	8	
7	192	131	31	92	135	166	232	94	200	91	70	240	232	189	160	217	111	50	71	199	176	95	127	44	62	207	6	93	43	121	132	
67	99	34	140	79	23	252	111	95	232	216	79	76	200	63	192	250	137	159	165	196	55	150	222	54	54	139	175	93	62	121	134	
37	164	233	203	212	101	235	200	86	83	249	18	209	204	126	40	121	137	19	191	30	54	127	19	79	13	139	108	245	203	112	224	
131	150	48	155	181	247	188	111	94	79	88	55	236	124	62	32	223	27	147	5	182	184	53	223	45	22	222	195	220	76	189	223	
146	204	111	158	110	195	190	228	140	10	208	227	56	222	180	65	238	113	23	231	227	143	2	253	48	42	250	128	29	24	49	187	
247	96	232	138	206	21	206	216	67	242	181	143	81	204	95	43	127	204	51	255	205	102	254	240	30	8	199	44	253	191	122	212	
19	94	110	252	14	214	158	246	140	78	214	167	121	222	183	97	238	177	191	231	236	141	54	255	243	107	250	129	53	28	53	91	
163	222	111	222	118	211	254	244	157	76	208	231	32	204	182	1	238	169	23	231	238	191	38	253	54	26	170	139	53	156	116	223	
19	151	107	171	182	133	187	125	12	77	93	231	253	94	186	96	119	27	31	165	215	136	45	223	232	13	170	192	61	138	177	217	
247	115	232	78	238	17	206	248	67	246	181	207	73	108	223	55	126	196	119	255	205	99	239	248	50	73	205	188	127	255	122	213	
2	148	4	155	180	167	188	35	30	91	83	183	236	126	58	65	247	51	179	133	50	216	9	223	12	54	222	194	148	76	177	91	
179	94	110	156	118	147	254	112	85	78	244	231	41	204	183	165	126	168	151	239	237	183	36	253	50	90	160	131	127	157	120	221	
55	114	232	138	238	33	191	216	10	86	17	239	76	204	255	11	127	201	23	247	134	103	174	240	26	8	239	238	253	191	119	213	
70	234	130	158	95	129	190	232	158	134	217	239	236	206	121	192	253	235	171	215	70	31	138	251	188	52	143	175	20	31	61	138	
7	10	2	155	11	144	56	64	190	85	65	167	172	202	51	73	238	41	179	215	6	148	6	240	4	48	154	203	156	5	57	214	
59	94	103	77	103	50	239	114	85	74	124	230	41	12	183	237	126	168	150	175	237	182	36	204	18	123	224	130	127	253	120	245	
171	205	96	90	125	213	221	255	87	77	116	30	168	28	182	165	200	138	147	205	255	42	118	191	39	89	144	235	95	140	216	222	
45	180	233	65	245	53	251	90	91	105	61	84	153	205	220	40	157	26	19	157	147	48	254	146	79	221	177	236	223	207	83	240	
14	112	50	152	231	209	184	200	143	93	20	163	140	222	111	204	246	25	151	209	6	3	34	240	23	85	138	239	150	31	173	215	
152	233	122	122	91	193	182	230	191	5	100	2	44	223	97	16	251	123	131	194	66	107	154	247	123	221	31	43	83	17	39	138	
43	133	105	203	245	213	255	237	79	77	93	2	168	28	190	164	88	10	147	45	215	58	124	213	111	93	154	239	95	14	216	255	
10	146	50	155	243	177	184	99	63	69	95	183	236	206	46	196	247	27	179	149	150	152	22	245	14	119	154	195	151	4	173	215	
50	251	120	200	126	217	151	239	79	37	56	171	42	156	44	0	254	155	135	81	198	58	100	253	127	20	20	127	85	14	214	239	
11	133	99	137	215	181	170	107	29	65	93	147	40	238	62	228	127	11	147	189	150	152	52	215	47	94	154	195	151	14	185	196	
46	133	32	201	213	167	234	107	95	1	121	18	152	25	60	96	216	10	19	185	146	58	89	215	111	28	138	108	211	10	208	162	
135	20	230	149	135	54	188	66	189	215	151	151	72	46	55	111	239	101	187	167	164	213	53	194	22	58	219	135	175	229	57	212	
170	225	96	73	253	209	214	239	95	93	124	59	34	156	54	36	216	138	151	85	254	58	98	183	47	88	148	235	87	12	222	207	
150	92	110	156	15	230	188	98	157	214	211	151	109	206	55	75	238	117	251	167	228	197	18	238	147	122	218	147	21	117	53	214	
161	205	233	223	85	215	239	198	86	67	76	2	179	200	53	96	89	234	51	201	235	186	125	191	103	31	154	0	53	217	80	232	
38	143	98	222	223	243	254	101	29	68	124	171	104	238	182	244	254	187	147	227	28	187	46	255	62	62	139	203	23	174	252	215	
189	4	106	228	68	18	203	88	81	194	247	2	83	9	187	96	120	140	23	174	169	182	37	142	82	233	162	132	103	174	112	224	
130	157	150	157	253	133	190	231	30	138	88	34	172	190	33	64	239	123	179	193	98	248	66	255	45	22	158	170	16	88	161	139	
130	157	150	157	253	165	190	231	158	138	88	34	172	254	33	64	239	123	51	195	98	218	2	255	45	54	222	170	20	120	33	139	
144	201	62	253	22	142	252	101	172	0	210	2	183	11	48	97	102	177	31	235	104	173	1	45	225	235	238	0	53	152	161	8	
168	223	83	191	118	129	175	244	28	0	80	230	181	203	176	193	110	57	23	195	227	158	6	255	116	160	174	232	61	152	177	169	
125	101	101	70	205	87	79	248	65	234	189	10	83	120	223	183	88	196	92	238	205	99	125	168	123	201	197	52	127	255	250	116	
134	36	98	147	246	171	186	67	94	35	89	18	140	8	48	9	127	11	19	145	178	252	69	246	44	22	154	192	213	77	49	128	
34	161	112	202	253	205	208	237	95	93	121	27	40	28	60	0	217	155	151	17	94	58	90	213	63	92	150	127	85	14	220	207	
66	159	87	220	50	210	60	55	173	73	94	230	172	39	164	229	230	51	159	140	243	153	32	253	38	112	186	130	30	132	173	61	
119	247	227	238	254	67	222	248	17	230	153	239	73	253	255	2	127	211	149	231	237	99	174	238	122	78	173	174	109	247	246	245	
172	97	33	234	236	65	199	200	202	56	177	106	210	217	253	171	217	200	119	115	75	99	202	48	49	8	229	188	85	123	82	163	
162	78	110	220	109	243	244	102	221	30	246	51	32	188	183	111	201	32	183	129	236	231	34	206	7	58	250	139	85	120	124	207	
88	76	82	252	70	128	111	246	181	2	94	2	61	163	49	68	102	249	55	203	64	155	0	235	112	172	186	136	55	240	33	40	
26	90	70	174	46	162	174	112	132	2	218	230	253	231	177	228	110	113	191	203	201	129	2	253	144	231	234	128	63	255	57	169	
25	222	71	191	22	131	235	240	148	66	64	198	253	199	49	197	110	232	147	239	235	180	28	189	176	227	138	8	63	159	57	184	
135	132	238	149	198	114	188	167	120	247	90	147	156	46	86	107	231	71	179	149	180	220	53	226	15	59	222	199	133	84	249	198	
82	88	235	188	38	192	222	118	148	74	218	231	125	255	177	96	238	241	63	199	200	131	6	251	241	101	170	136	61	250	53	123	
43	90	103	172	110	163	175	112	204	66	216	231	121	204	181	64	110	161	19	231	192	163	6	253	84	46	234	128	61	255	113	249	
162	247	124	217	126	201	148	237	223	62	48	59	38	28	190	33	202	27	23	97	230	46	99	255	46	24	116	251	85	8	212	207	
134	12	175	188	44	230	189	66	156	158	211	51	212	254	49	75	233	117	59	163	32	199	2	74	65	34	250	129	148	121	53	194	
134	140	172	179	162	106	189	175	62	119	90	147	149	46	90	75	167	87	123	149	54	220	159	99	237	167	254	197	132	80	149	218	
156	6	7	181	132	102	101	59	52	174	219	83	215	51	41	73	113	29	45	161	56	213	1	14	193	227	250	132	160	113	181	3	
35	27	238	205	102	50	236	83	77	200	126	230	40	44	183	236	110	168	22	173	133	178	37	200	22	62	226	130	255	252	120	245	
35	30	107	72	118	179	253	83	93	74	244	230	16	12	183	41	126	168	23	174	229	178	36	220	54	24	162	130	127	252	114	253	
119	119	109	70	222	23	206	248	65	230	189	207	67	108	223	54	125	196	85	239	237	99	253	238	122	78	197	188	109	255	242	84	
47	27	243	210	247	212	255	244	93	79	119	230	40	63	183	173	126	250	151	206	241	186	52	232	127	94	246	131	239	255	252	247	
170	94	122	194	247	245	255	86	29	78	125	247	24	159	183	125	238	187	151	222	241	190	32	230	119	93	178	131	127	223	228	255	
14	123	96	137	127	177	184	198	15	229	92	167	136	140	247	140	206	57	147	213	134	26	102	208	14	84	155	239	159	31	61	223	
6	192	34	137	87	245	184	202	47	85	76	131	12	206	126	204	255	25	179	149	22	153	50	213	31	84	154	79	151	7	45	214	
28	133	35	235	149	231	75	249	69	9	217	66	211	113	56	228	121	138	31	186	26	160	73	159	233	206	162	68	183	139	244	32	
47	172	32	201	213	247	170	194	95	97	72	18	136	156	116	164	217	43	147	157	182	184	116	246	15	94	154	103	151	13	89	228	
6	136	34	153	85	245	184	202	31	21	68	19	140	222	62	204	249	9	147	149	22	154	50	213	15	86	154	79	147	13	61	198	
171	105	160	216	205	213	212	77	203	246	164	11	136	152	119	175	200	136	179	211	78	99	242	208	23	89	223	63	83	28	126	206	
51	33	34	172	85	151	252	107	95	232	217	79	10	200	54	192	248	169	23	165	220	51	150	222	148	94	155	42	93	46	248	134	
3	144	180	155	183	215	184	111	94	125	81	55	204	124	62	40	157	27	147	17	182	248	123	213	13	22	222	199	148	12	149	223	
43	189	34	26	221	255	226	237	223	68	237	15	104	248	54	196	248	234	146	117	30	43	90	255	63	28	133	107	91	79	250	198	
34	13	98	222	215	243	186	103	29	69	252	163	104	236	54	196	252	187	147	145	180	187	46	255	62	62	142	203	215	78	252	214	
161	201	171	249	221	205	237	198	214	65	68	18	178	152	48	96	201	234	50	205	107	184	114	191	109	159	158	32	17	88	208	234	
136	233	26	250	219	193	183	230	159	29	100	18	44	251	100	0	233	123	130	208	98	107	10	247	123	213	22	107	83	17	167	139	
62	79	226	111	215	18	223	188	17	134	94	163	105	109	191	101	126	230	149	239	236	146	45	175	99	239	228	129	39	247	244	126	
6	74	6	154	73	128	56	64	142	84	64	135	172	206	99	72	234	41	179	215	6	3	18	240	21	48	138	139	20	23	61	222	
6	239	130	158	120	129	174	233	30	128	217	239	228	202	121	68	221	107	35	215	70	26	202	255	188	20	143	170	28	30	57	140	
2	144	164	155	180	135	188	47	30	91	83	179	236	126	58	73	215	19	179	133	178	216	11	213	12	54	222	198	148	12	145	91	
7	237	139	143	92	143	167	233	94	232	90	70	244	232	185	224	217	110	58	29	195	176	95	127	44	54	175	228	92	42	57	132	
50	243	122	202	214	139	183	237	79	45	120	171	32	204	60	0	190	155	135	97	214	58	44	221	127	28	4	231	117	138	198	239	
45	237	0	202	237	49	199	200	198	30	157	10	225	192	251	134	89	202	70	255	74	35	74	179	180	217	175	189	87	127	216	128	
191	237	194	234	214	32	239	236	144	130	217	130	89	235	125	128	127	235	19	239	104	35	142	235	56	14	143	44	181	251	249	128	
90	27	227	172	54	2	206	82	4	192	218	231	61	175	49	196	126	253	159	237	137	147	4	136	176	229	138	136	63	174	56	49	
27	25	231	173	14	2	239	83	133	64	218	134	89	237	49	196	126	33	187	237	137	179	20	200	177	109	138	0	63	191	49	240	
26	31	227	220	114	162	59	82	129	72	94	231	57	231	181	116	118	255	151	141	129	155	36	235	112	44	170	138	55	246	37	249	
148	205	156	183	134	106	175	166	60	182	27	18	253	106	25	75	163	71	61	195	112	220	29	239	237	199	255	5	164	115	169	10	
35	175	131	142	116	141	163	105	94	200	89	79	228	192	120	196	217	43	2	13	151	50	222	223	188	20	139	172	28	46	49	133	
34	175	131	186	124	129	170	233	31	4	89	239	228	202	113	132	217	43	3	135	70	26	74	255	172	20	143	170	28	14	57	148	
134	49	58	200	197	213	190	203	13	70	220	7	12	222	119	68	252	153	147	147	70	3	50	210	19	93	142	47	23	94	37	215	
58	223	96	238	215	102	222	239	17	14	249	175	107	111	62	17	221	211	149	231	104	10	88	191	179	247	204	159	119	127	244	91	
31	211	225	75	190	19	207	216	70	112	157	230	89	77	253	228	127	192	31	254	219	35	109	240	122	12	167	252	255	191	240	245	
130	91	2	138	105	197	158	204	140	76	153	167	172	214	43	64	204	27	223	195	74	3	90	243	177	16	138	187	16	87	165	219	
10	223	236	79	150	114	191	191	86	77	94	162	121	127	190	96	93	86	179	203	210	152	109	255	111	111	174	133	183	246	180	123	
136	191	58	250	91	209	178	230	222	13	124	51	44	251	100	0	233	123	130	65	98	43	10	247	91	215	18	107	83	73	175	139	
33	236	63	251	253	205	229	231	222	91	124	16	182	177	96	97	201	42	50	25	83	254	98	55	109	155	182	105	144	88	212	234	
89	79	210	172	119	208	111	86	161	12	222	162	41	227	179	212	118	236	134	202	9	155	164	235	242	237	162	137	55	247	40	201	
247	205	225	238	220	38	206	236	83	138	185	75	115	105	61	160	217	230	21	239	232	99	94	190	59	30	205	188	245	251	242	32	
162	94	155	157	244	230	164	119	92	207	122	119	0	60	166	73	233	107	6	129	245	254	0	110	52	166	254	131	217	121	253	219	
151	205	188	183	186	162	190	174	158	146	27	147	253	126	25	75	183	119	121	103	240	204	31	255	236	199	111	148	148	115	129	1	
39	219	239	215	118	148	250	240	205	77	119	230	120	220	182	38	238	249	183	223	197	184	38	224	14	56	174	194	79	143	117	253	
171	105	162	128	85	157	184	71	15	197	68	143	168	140	118	132	172	43	147	85	198	58	182	194	39	92	142	43	79	12	219	222	
29	199	66	138	199	209	111	200	196	4	205	130	105	194	123	196	122	234	130	254	78	131	46	226	50	197	143	9	183	255	233	196	
27	201	6	221	15	247	78	224	133	64	204	2	107	198	55	228	104	224	154	206	77	129	54	253	147	238	194	16	59	63	56	124	
247	239	226	214	214	34	190	236	19	130	89	243	89	239	189	161	127	255	19	231	240	87	142	238	58	14	207	172	165	247	178	164	
220	205	152	190	168	32	95	188	190	130	139	176	223	115	9	66	151	119	125	103	120	69	139	106	232	247	111	156	180	243	137	1	
95	243	97	202	54	18	139	248	71	72	221	230	89	68	252	228	126	200	148	255	207	3	173	245	56	92	175	236	63	183	113	117	
127	255	195	166	254	18	206	220	66	224	153	238	81	232	251	230	127	205	54	255	207	35	142	168	56	76	175	172	189	255	248	21	
156	30	31	189	180	102	149	83	20	206	218	117	151	52	163	73	221	59	6	37	185	244	32	14	224	163	122	128	216	121	165	209	
134	237	254	215	246	178	190	167	186	179	91	147	237	238	125	43	183	127	51	135	246	216	15	255	44	94	223	135	133	117	153	132	
150	205	210	214	214	160	174	230	88	134	123	146	109	234	125	129	123	107	19	235	112	246	28	238	60	14	207	1	165	115	233	128	
61	97	237	67	206	39	207	216	67	224	173	142	83	101	121	46	127	196	18	254	137	51	61	56	127	143	197	52	255	251	114	240	
