Ê¥ÂÞÀ¼ºÚ¹Ü´½ÓÔ*	#405 ÔëÒô	http://www.yslbeautycn.com/on/demandware.static/-/Sites-ysl-master-catalog/default/dwdd8b4700/Makeup_Pro_img/00149YSL/L9498800U.png	//www.yslbeautycn.com/dw/image/v2/AARM_PRD/on/demandware.static/-/Sites-ysl-master-catalog/default/dwd025395b/Makeup_Pro_img/00149YSL/L9498800U.jpg?sw=336&sh=444&sm=fit
2	188	146	153	249	229	184	231	158	91	88	55	172	254	96	64	239	59	147	145	50	90	146	247	13	22	30	235	144	12	165	219	
98	161	204	81	205	77	252	175	43	179	160	25	138	59	92	155	171	199	121	8	80	106	219	192	95	27	221	127	205	120	219	138	
104	44	51	83	1	206	71	16	169	164	46	8	158	151	65	52	128	60	64	10	81	209	160	44	101	144	1	16	66	82	70	34	
72	56	153	100	1	92	16	3	224	96	42	8	254	54	0	178	128	117	232	0	9	105	177	9	129	241	64	51	64	32	7	34	
37	36	145	51	252	105	224	137	122	249	49	120	151	216	92	186	153	15	86	17	55	112	200	18	12	217	49	116	200	107	211	161	
221	33	252	225	163	126	121	25	109	193	39	145	223	119	75	126	39	85	249	62	16	208	191	194	207	255	7	69	166	231	9	96	
2	141	2	158	212	130	174	231	180	2	218	2	104	234	48	64	123	235	19	193	112	187	2	255	56	38	143	128	5	122	177	136	
249	93	92	109	48	90	86	183	101	104	190	228	83	51	131	243	102	212	252	232	109	137	85	14	242	235	228	148	42	178	72	27	
232	93	28	90	137	252	19	6	207	77	173	24	170	215	102	254	192	178	236	82	31	47	250	179	211	241	16	91	82	93	204	95	
160	219	61	127	140	31	85	191	82	53	36	28	243	37	8	51	12	214	96	104	250	120	115	61	239	235	116	49	80	152	204	56	
124	92	182	244	13	54	83	64	209	174	164	12	74	249	39	159	217	244	233	98	40	231	218	136	147	251	197	59	202	127	114	50	
246	125	58	74	205	244	215	199	225	87	173	24	42	152	126	252	232	174	232	210	94	35	186	242	51	120	0	123	75	87	254	102	
118	161	204	193	205	45	220	207	11	179	164	31	201	59	92	159	169	199	235	184	88	99	219	208	95	218	223	63	201	112	219	130	
99	184	168	94	109	157	144	134	139	185	176	105	190	188	213	170	141	115	255	85	130	104	202	225	79	25	93	186	202	108	91	159	
115	207	69	69	184	7	78	190	37	168	154	232	211	35	133	247	84	212	124	232	233	137	77	156	172	254	165	212	11	178	0	37	
240	236	189	126	9	93	94	174	26	54	160	29	179	46	65	155	205	211	201	70	111	110	250	59	227	219	85	57	88	121	70	122	
247	125	42	66	205	253	215	197	235	119	173	30	10	152	62	60	168	138	208	75	222	39	178	243	179	88	0	123	75	95	254	198	
165	172	165	245	164	47	101	191	80	170	122	248	215	37	209	39	29	110	84	46	233	244	237	14	237	130	117	164	224	248	210	184	
66	174	50	158	120	153	59	224	191	13	232	40	236	226	174	112	162	187	127	137	102	11	170	247	146	54	10	139	0	4	39	79	
2	148	183	159	206	228	181	71	158	71	235	151	116	254	44	72	237	59	43	21	18	189	19	99	29	54	90	66	145	74	165	218	
20	9	213	185	141	235	97	200	199	149	74	2	199	194	113	109	99	40	106	88	30	240	111	176	143	210	81	105	178	139	100	228	
120	56	51	114	11	205	19	16	171	36	39	8	62	215	65	180	132	54	232	2	8	89	184	60	209	209	1	51	98	2	6	34	
104	48	49	65	9	223	17	16	107	36	172	8	218	23	4	180	128	52	192	0	9	98	248	30	135	221	1	59	66	2	70	34	
196	78	149	87	168	108	37	23	248	59	163	88	182	38	69	127	133	118	104	10	177	77	243	98	133	178	82	24	128	113	135	45	
58	224	136	209	141	125	204	207	14	183	164	31	136	43	95	139	233	131	235	144	26	99	219	208	223	155	223	127	219	84	219	154	
72	49	177	101	1	94	98	1	104	160	98	8	214	54	0	178	144	84	104	104	1	240	241	8	165	252	64	2	64	34	71	38	
210	185	54	210	125	214	80	103	237	25	130	121	62	190	36	243	232	183	223	145	190	203	144	213	251	50	158	91	136	0	191	11	
141	103	209	101	180	47	111	184	116	162	107	204	211	97	217	39	19	76	4	110	225	244	253	10	236	142	101	36	238	251	80	160	
239	245	48	66	237	93	71	184	233	222	61	12	202	248	223	183	145	64	212	110	237	32	250	170	175	93	5	190	202	127	90	117	
231	151	85	69	24	14	79	184	225	224	170	204	209	99	132	247	68	84	120	234	233	192	253	76	44	186	197	20	10	162	64	52	
252	109	214	126	13	93	86	236	193	162	173	9	106	249	45	147	200	224	232	98	109	99	218	168	243	219	69	59	74	127	74	2	
140	241	188	123	155	205	55	157	254	53	44	16	254	243	104	96	49	90	106	88	19	33	59	55	111	141	37	124	250	18	133	162	
192	94	149	87	169	108	37	23	248	63	163	84	182	39	5	127	133	118	104	14	177	77	243	98	133	186	82	24	128	113	135	41	
246	48	183	246	139	68	85	232	179	246	129	25	78	247	69	95	133	213	253	130	72	71	187	144	219	242	93	63	162	116	166	114	
124	36	241	98	147	121	87	200	51	165	237	136	75	239	77	20	89	222	197	18	10	50	252	162	251	221	5	63	227	255	70	114	
116	190	222	122	168	173	85	222	178	31	164	57	55	231	73	27	33	210	109	26	58	71	138	50	217	131	117	188	160	240	134	107	
124	191	222	114	168	169	85	217	162	63	165	29	87	227	74	27	7	210	237	18	58	99	138	49	219	195	117	125	226	208	206	3	
232	219	61	95	60	141	71	190	196	28	68	0	183	49	16	115	64	114	104	74	226	104	123	61	103	187	100	24	82	152	84	104	
196	52	156	245	168	46	121	27	184	186	55	48	223	55	73	91	135	85	125	58	48	197	227	0	207	251	115	148	128	225	3	35	
2	172	144	153	236	169	184	198	30	19	88	18	172	170	112	72	239	43	59	17	18	216	194	241	12	18	218	234	148	72	161	137	
77	49	252	227	163	126	121	25	47	241	7	176	223	55	74	126	23	23	252	28	150	212	253	192	207	251	21	85	166	199	141	96	
76	177	186	96	104	108	113	216	235	25	253	8	223	247	72	58	180	94	125	88	146	97	186	1	223	249	97	124	194	227	67	163	
248	116	62	101	96	111	113	118	49	170	246	24	31	23	1	27	165	181	85	40	232	246	177	12	211	203	117	4	98	240	66	187	
119	161	252	65	171	122	92	47	107	241	39	25	95	57	94	62	35	134	249	28	52	104	223	196	207	255	85	87	230	196	203	38	
37	36	145	161	244	107	224	9	126	249	59	120	215	88	216	168	153	12	86	49	51	112	205	18	140	215	37	100	200	235	211	177	
217	214	92	47	18	31	82	184	117	40	179	124	119	82	136	241	86	197	92	226	237	133	77	63	178	235	33	212	56	163	40	5	
124	190	222	122	170	168	85	158	162	31	164	61	87	227	75	27	39	211	109	16	58	67	138	49	219	195	117	125	160	240	134	11	
252	237	241	98	211	121	87	200	115	164	237	136	75	255	77	52	121	222	196	114	74	50	249	162	255	221	5	63	227	255	198	98	
249	93	92	108	58	26	86	61	101	232	190	108	83	51	130	115	102	212	236	224	237	137	85	15	250	235	101	212	107	162	104	27	
254	117	181	118	139	100	87	205	179	190	160	25	110	247	77	95	149	215	253	98	104	71	187	178	251	242	69	63	34	119	166	115	
136	241	184	91	154	205	55	253	214	53	37	24	182	243	104	32	177	26	106	88	115	41	58	19	109	133	37	124	208	26	133	171	
211	215	85	71	58	19	10	188	101	168	187	236	243	114	140	247	86	196	124	234	237	141	77	31	168	234	167	150	41	178	8	37	
232	89	30	94	9	252	80	7	203	93	173	24	106	215	38	254	192	178	232	80	14	111	250	177	83	241	16	123	82	15	206	94	
252	101	151	118	77	95	86	232	193	250	161	9	106	249	109	155	216	228	232	98	108	99	218	168	51	219	69	59	67	127	122	2	
151	179	145	207	50	23	10	184	23	169	211	228	211	114	140	228	86	220	124	250	153	144	77	158	168	252	175	212	46	162	8	37	
40	151	60	65	148	79	101	189	70	61	47	24	211	101	152	35	29	22	104	40	251	120	121	21	111	139	101	116	96	138	220	48	
124	52	150	244	141	102	80	72	225	190	175	25	74	249	15	31	217	196	233	50	40	227	152	136	155	251	193	23	139	127	122	2	
205	245	177	86	185	92	119	184	251	202	63	44	222	247	207	246	151	86	236	106	229	97	186	74	235	255	101	174	202	247	207	119	
237	245	179	66	189	93	71	248	235	222	61	76	202	248	223	183	145	64	220	110	253	97	186	170	171	95	5	62	202	127	218	117	
61	77	106	111	84	27	239	248	101	160	254	2	123	73	189	112	122	236	22	234	201	179	109	172	242	237	165	128	103	187	112	160	
141	101	209	101	164	47	111	184	116	162	107	204	211	97	217	49	19	76	28	110	233	244	221	10	236	140	37	36	238	251	80	32	
82	186	171	146	85	212	112	71	255	9	194	123	44	190	100	240	233	187	219	145	30	155	144	243	223	52	158	107	128	0	175	26	
110	184	176	94	109	157	144	66	139	217	180	105	186	252	84	138	140	123	255	84	130	107	202	225	95	24	85	186	202	108	91	155	
252	69	247	100	5	82	86	104	97	162	239	10	74	121	9	151	248	212	237	98	104	231	129	142	243	235	193	23	99	102	126	2	
103	207	85	69	184	7	14	190	165	168	186	232	209	34	133	247	76	215	124	234	249	75	237	220	188	186	165	212	9	242	128	37	
236	108	156	126	9	253	87	136	154	150	161	29	234	238	71	155	205	225	201	102	105	103	250	58	179	251	69	57	216	121	70	114	
53	71	31	237	176	15	71	184	116	160	235	70	83	99	169	112	116	220	42	106	232	179	89	14	240	174	39	20	24	187	96	32	
243	121	42	66	205	253	215	69	235	117	173	30	42	152	118	60	168	142	240	91	158	103	182	241	147	88	16	123	67	31	254	198	
43	172	129	245	32	139	40	55	54	171	90	248	179	167	208	164	93	62	247	141	251	216	197	3	140	197	187	224	12	200	18	184	
130	173	146	153	236	161	168	71	190	145	122	18	172	130	96	73	235	43	42	144	18	216	195	241	12	18	158	200	148	72	161	136	
181	111	229	215	164	15	79	191	84	170	90	218	211	101	209	47	29	110	4	110	233	244	77	42	236	142	101	180	224	248	210	168	
66	174	50	222	56	144	59	224	255	21	206	32	236	234	174	84	227	43	107	137	102	11	170	247	242	52	158	11	0	2	39	15	
66	156	151	154	159	237	176	143	191	85	171	23	160	239	110	78	225	66	235	148	54	105	155	247	223	54	82	91	209	77	229	86	
68	124	191	82	168	172	37	150	234	151	45	28	212	243	73	62	129	122	106	26	19	65	186	96	77	158	87	106	128	83	135	226	
192	98	149	85	40	108	173	23	248	250	162	88	146	166	197	255	5	116	104	10	225	69	227	66	133	186	82	28	64	240	71	61	
66	133	183	158	219	228	176	71	143	65	235	147	100	190	44	64	237	63	43	21	18	171	146	243	29	54	26	74	144	74	165	250	
66	132	167	18	9	229	152	79	191	19	163	25	206	255	108	78	197	19	251	148	54	79	27	215	219	86	90	91	210	76	165	70	
92	69	78	173	28	10	78	56	165	128	218	2	91	35	33	65	114	197	125	226	104	129	65	140	242	227	163	144	39	179	96	0	
34	185	16	155	237	173	208	207	143	25	120	24	174	152	108	11	201	11	87	17	18	106	210	241	13	24	26	250	208	8	211	139	
30	228	134	24	137	245	144	207	191	87	165	21	202	207	110	14	201	130	235	20	30	103	59	209	219	86	83	127	210	93	173	86	
149	84	92	251	18	47	82	56	52	42	247	118	215	83	9	81	127	156	28	234	109	212	89	31	194	235	97	128	40	233	8	3	
203	176	220	99	185	93	49	159	175	125	47	61	222	23	202	246	135	23	252	16	215	76	187	215	207	219	53	215	130	132	143	127	
25	191	193	231	176	155	106	55	55	169	223	224	243	55	128	160	95	190	156	144	139	152	101	30	142	199	189	144	174	202	24	57	
249	84	84	111	58	27	2	56	117	168	147	252	211	82	128	241	86	149	220	226	237	132	77	30	162	227	169	150	44	163	8	5	
68	136	148	155	157	253	176	143	191	87	142	151	174	173	110	78	225	3	234	148	22	105	219	241	223	22	210	123	155	77	165	86	
70	160	182	90	9	245	152	9	159	19	161	25	206	223	108	143	129	51	249	148	50	69	218	209	155	222	91	123	210	13	133	38	
16	240	19	250	67	205	51	212	168	9	96	8	54	215	40	112	164	58	201	66	3	67	58	37	209	128	16	42	32	19	39	187	
93	64	155	165	2	110	47	0	32	226	15	130	221	55	83	106	50	85	121	238	1	213	189	66	213	175	203	4	170	243	33	112	
66	109	149	245	154	142	164	39	154	147	170	194	180	181	65	70	205	119	123	17	65	232	211	42	45	166	95	26	201	120	161	184	
111	35	133	197	172	15	238	184	14	184	90	204	209	97	217	174	92	92	126	253	137	208	201	168	140	190	239	148	138	251	16	177	
9	49	49	96	1	77	99	32	105	0	40	8	158	20	0	176	128	16	64	72	1	32	48	12	165	220	0	2	66	10	71	46	
130	188	178	216	253	165	184	71	143	219	88	51	172	254	116	10	239	59	215	149	178	75	130	243	29	28	158	234	148	76	183	219	
188	73	102	110	28	27	78	248	69	160	247	10	83	73	189	113	120	196	127	234	200	179	109	188	242	233	161	20	119	187	112	32	
205	48	153	165	170	110	59	24	58	243	7	180	221	55	203	122	55	85	249	62	19	84	185	66	204	245	43	100	142	227	3	241	
197	237	151	176	172	136	38	174	254	177	10	80	196	226	104	202	211	78	104	94	86	99	139	51	172	150	71	108	128	249	169	132	
34	188	50	152	127	229	184	231	159	27	80	51	172	254	100	2	239	59	151	129	50	127	146	215	29	22	154	235	212	12	165	155	
112	172	144	222	221	233	1	207	154	151	172	10	174	226	71	30	225	250	232	16	26	107	202	243	153	150	21	123	144	88	23	10	
19	156	98	155	86	147	186	230	63	70	90	167	104	206	182	96	127	251	151	199	166	159	36	255	54	46	154	130	55	157	49	221	
130	173	86	153	238	137	188	231	190	19	120	18	172	234	112	64	239	43	51	145	114	120	2	243	60	16	94	234	20	72	161	129	
2	141	98	206	86	147	250	230	221	65	90	131	104	238	182	96	127	235	23	165	162	187	44	255	62	46	138	128	21	15	113	220	
130	140	2	158	20	163	170	111	22	3	82	18	96	234	48	64	89	42	19	129	50	190	10	255	32	38	138	200	21	74	176	128	
117	71	31	133	52	6	103	184	116	160	235	98	83	114	137	113	116	196	46	238	248	240	73	78	244	174	231	4	33	179	224	33	
2	140	70	158	214	130	190	230	188	3	90	146	108	238	52	64	127	255	51	129	32	159	0	255	60	46	159	128	133	100	177	137	
120	172	148	218	153	249	17	207	138	181	168	8	38	178	69	219	201	243	232	16	58	107	202	49	185	146	22	123	144	88	134	42	
205	222	125	83	160	92	55	176	233	218	47	36	223	119	203	247	23	118	252	122	247	4	249	106	239	255	37	134	202	243	79	117	
130	141	6	158	212	130	174	231	180	130	218	2	104	226	32	64	121	111	51	130	112	187	2	239	56	38	142	128	5	120	177	136	
2	189	150	153	232	173	188	231	190	27	88	49	172	246	96	73	231	59	187	16	18	88	2	243	12	16	30	234	144	64	161	155	
69	237	150	177	156	136	102	142	218	179	106	17	199	224	104	202	147	78	106	92	118	120	206	35	44	182	69	108	128	121	193	4	
35	141	98	206	86	147	234	230	93	64	90	131	104	236	182	96	127	235	23	231	134	187	44	255	62	46	142	128	119	143	112	220	
234	172	176	246	45	185	216	143	139	177	164	25	175	184	86	134	139	219	249	21	10	110	218	179	141	217	158	123	206	12	91	142	
120	56	190	117	105	238	85	118	177	154	182	24	31	183	1	27	164	183	125	8	168	239	240	40	215	251	112	0	98	208	70	187	
77	177	57	96	52	109	115	216	107	72	124	8	159	215	73	48	180	92	84	90	155	50	184	49	255	221	33	108	194	163	67	163	
204	52	156	247	168	46	121	27	168	187	183	16	223	55	73	91	135	87	125	58	48	69	235	0	207	251	119	148	128	225	3	35	
66	166	51	154	120	224	185	234	254	21	200	5	164	202	44	80	243	11	107	129	2	15	154	247	145	54	139	110	16	0	39	234	
214	169	177	154	157	205	16	138	223	21	128	27	174	206	100	88	225	139	235	209	30	111	219	241	153	208	159	127	144	12	165	94	
66	172	51	186	120	192	169	234	254	21	200	133	228	202	44	80	243	43	107	129	34	79	154	119	177	54	138	74	16	0	39	58	
198	168	49	154	157	196	2	238	191	21	128	19	166	206	108	64	225	203	107	85	18	75	218	247	153	54	158	122	144	8	165	22	
94	40	180	250	137	253	80	136	135	27	137	25	207	219	73	154	129	179	249	19	30	71	218	49	219	211	89	127	146	79	142	2	
232	193	61	103	136	79	85	189	98	117	166	24	211	37	74	51	128	86	104	108	123	120	251	21	239	203	117	116	80	152	196	122	
234	172	176	254	173	185	216	71	203	176	188	25	174	216	86	134	143	123	251	21	10	111	218	243	154	217	29	123	94	12	91	142	
203	164	112	99	187	121	88	143	127	115	39	152	207	31	78	119	151	151	253	60	182	76	253	215	207	217	21	119	194	196	203	110	
220	36	234	101	129	118	107	0	112	226	167	18	91	55	83	251	48	196	249	250	40	213	177	10	211	233	195	5	163	245	38	98	
250	160	132	99	141	92	212	47	107	183	167	27	75	56	78	158	169	135	249	145	94	111	219	130	155	219	221	127	227	108	218	6	
248	193	61	119	12	77	85	188	2	118	166	25	243	61	10	59	129	214	104	110	106	108	251	49	231	235	85	52	112	152	198	122	
232	217	61	95	44	221	87	188	206	28	166	12	247	117	8	99	128	82	104	74	107	40	123	61	231	235	112	56	80	154	212	122	
234	188	49	90	169	253	87	159	223	95	181	60	170	247	78	125	133	178	236	2	190	43	250	179	243	223	20	59	210	84	142	95	
203	180	112	115	187	253	88	141	63	115	39	184	223	87	206	55	151	23	253	24	178	68	251	215	207	217	21	119	194	196	143	103	
232	217	60	127	44	220	87	188	196	22	166	12	247	81	9	115	192	114	104	74	104	108	251	61	231	251	84	57	80	187	84	106	
220	36	248	97	147	126	123	8	51	243	167	16	95	51	91	255	49	196	249	250	56	213	189	130	219	233	3	85	162	231	14	34	
88	240	147	254	27	212	25	156	161	85	135	16	124	247	72	246	54	215	253	26	19	67	187	225	187	241	20	74	34	130	167	123	
72	49	155	100	32	88	17	18	232	104	50	40	222	54	128	178	128	117	236	0	1	105	161	1	145	245	32	59	72	32	7	59	
5	166	153	161	180	111	226	153	94	249	49	88	215	25	88	40	153	14	22	61	55	240	73	18	205	215	53	100	200	201	209	145	
193	88	157	87	136	108	37	23	184	115	167	92	150	39	4	127	133	86	104	14	241	77	243	98	133	186	82	24	72	113	195	56	
120	61	115	82	131	216	119	97	233	164	46	40	42	215	132	180	34	54	196	2	65	241	178	108	115	249	1	51	98	82	198	98	
2	172	144	153	236	169	184	199	30	27	88	18	172	170	112	73	239	43	51	17	50	216	195	241	12	18	222	232	148	72	161	137	
225	87	93	110	40	14	76	53	233	170	163	124	243	55	136	115	132	246	124	98	237	237	81	46	247	186	100	16	72	162	202	29	
246	160	146	250	157	181	18	200	143	17	225	25	206	220	108	200	201	187	251	83	30	39	218	243	155	244	26	127	208	31	172	6	
5	102	213	69	180	15	111	184	117	170	122	76	211	33	145	55	19	76	84	110	233	244	93	10	172	158	101	4	234	251	64	33	
212	64	125	229	36	10	111	184	52	162	87	66	215	67	153	67	118	196	61	106	233	244	105	12	228	235	99	132	36	187	65	33	
130	173	146	153	236	161	172	199	62	19	90	18	172	162	96	73	239	43	34	144	18	216	195	241	12	18	158	192	148	72	161	136	
37	162	153	161	244	111	226	153	122	249	49	88	215	89	88	56	153	8	86	59	151	112	201	16	205	215	37	100	200	201	211	145	
105	49	177	101	49	94	99	0	104	232	58	40	214	54	128	178	144	84	108	104	1	176	241	8	133	253	32	18	64	34	71	39	
252	188	241	119	211	91	118	238	115	166	236	136	107	125	69	176	121	254	196	50	120	250	253	42	127	205	5	55	227	248	70	250	
124	50	156	56	168	108	84	219	162	255	164	125	23	243	67	90	167	199	237	20	26	75	146	16	218	227	117	253	168	240	170	27	
241	23	31	118	40	94	76	53	233	234	163	92	247	38	0	115	132	246	124	98	237	157	209	44	183	251	228	16	8	160	200	29	
246	117	147	246	139	100	31	237	187	182	137	25	78	247	77	94	213	215	253	162	104	71	155	243	185	246	77	62	0	115	166	114	
152	244	56	123	27	79	23	252	86	54	165	24	255	83	72	101	19	88	202	106	98	101	123	63	233	201	37	61	114	27	5	170	
255	189	34	90	205	253	214	199	225	95	252	31	10	252	127	183	233	235	211	19	254	43	186	226	179	92	20	123	195	95	246	254	
232	188	48	90	169	253	87	190	219	95	180	60	174	247	38	125	197	114	204	2	191	47	250	179	179	255	84	59	218	93	206	127	
97	15	13	71	188	31	78	63	78	232	187	76	243	34	149	242	85	230	124	172	237	137	77	30	168	190	173	144	136	226	216	61	
252	161	166	160	141	117	212	73	131	183	165	25	78	188	106	154	201	135	233	21	30	99	250	144	219	213	223	127	210	110	166	82	
196	216	149	87	136	108	37	148	184	23	163	84	246	247	77	95	129	118	104	78	113	69	186	99	133	186	86	26	128	113	135	114	
124	56	83	86	11	217	19	80	169	4	37	40	126	215	132	180	162	178	192	2	1	99	186	121	19	209	1	59	98	35	70	39	
130	188	178	153	252	165	188	231	159	27	88	51	172	254	116	8	239	59	151	145	178	90	130	243	45	30	158	234	148	12	163	155	
68	177	187	82	216	108	183	216	234	149	45	8	212	243	73	58	177	90	104	88	19	65	186	98	233	141	7	108	200	115	167	242	
17	166	1	247	48	191	74	54	54	105	219	84	179	35	144	240	221	190	92	12	187	152	65	47	142	255	184	144	40	138	24	25	
252	36	150	118	13	124	214	104	217	134	165	25	106	249	111	151	217	228	233	34	104	103	218	138	243	251	69	59	67	126	90	6	
245	198	21	69	24	30	74	184	100	232	163	92	211	98	156	243	84	196	108	238	237	229	125	30	168	186	167	20	8	163	64	52	
252	33	166	160	141	119	213	73	195	183	165	25	74	188	78	154	201	197	233	51	28	99	218	130	219	215	205	127	195	110	254	82	
129	164	197	215	164	43	108	43	117	162	123	88	243	97	208	167	25	238	100	44	121	252	205	14	140	154	117	0	226	232	82	172	
66	176	23	250	75	132	176	231	172	17	67	83	44	218	40	211	233	187	115	129	3	95	146	245	29	50	218	74	8	0	171	138	
111	229	240	86	181	92	119	172	251	194	61	8	218	124	223	182	151	70	220	127	253	96	236	239	175	127	69	62	198	247	218	117	
239	252	228	118	245	31	118	184	123	246	61	141	235	124	159	183	159	102	212	111	237	112	252	175	46	95	69	54	206	255	90	245	
68	252	187	87	136	108	37	150	170	23	47	20	244	247	73	90	129	118	104	10	19	69	186	96	69	190	86	10	136	115	135	114	
156	244	56	75	27	79	19	236	86	52	165	24	255	211	72	33	51	88	74	122	99	109	123	63	249	201	37	125	114	42	133	170	
254	60	34	122	205	253	214	198	249	94	189	29	10	252	127	189	201	235	213	19	254	47	186	226	179	121	4	59	203	95	246	247	
229	198	5	69	24	31	74	184	118	232	163	92	211	66	156	247	212	196	124	238	237	197	125	30	168	250	165	20	8	163	64	52	
113	15	13	71	188	31	74	63	108	233	187	76	243	34	148	240	213	230	92	172	233	137	77	30	168	190	173	144	8	226	88	61	
230	129	146	250	201	165	146	200	159	17	225	25	238	220	108	216	193	187	235	17	30	39	218	243	153	52	26	123	144	15	161	2	
124	33	166	168	137	117	84	201	143	183	169	25	206	252	107	154	217	145	233	55	30	99	218	144	219	213	77	127	210	126	166	118	
192	169	148	190	89	140	144	103	170	17	161	25	172	234	32	211	128	35	234	17	54	75	194	221	157	48	26	123	144	8	139	10	
144	41	213	237	13	107	67	74	199	148	232	24	163	195	97	66	96	234	106	66	74	103	203	51	149	240	5	61	48	120	100	170	
1	164	197	213	36	15	108	51	119	171	123	80	247	33	208	175	25	110	100	44	49	248	205	14	140	190	117	4	226	232	82	172	
57	65	106	109	20	27	103	120	101	160	255	2	123	73	185	112	122	236	30	234	200	179	45	141	242	237	165	128	103	187	112	160	
193	92	157	87	136	108	101	55	184	114	167	84	150	55	4	127	129	86	104	14	113	77	243	96	5	186	82	16	8	113	195	56	
124	190	220	50	168	109	84	218	162	191	172	125	87	231	75	26	37	215	237	16	58	67	154	48	219	195	117	253	168	240	142	19	
133	124	209	101	180	47	70	184	117	170	122	76	211	33	209	49	19	76	92	110	233	244	89	10	236	158	101	20	104	243	64	33	
118	248	145	230	139	100	23	200	187	166	169	9	86	247	73	86	177	215	121	130	9	71	186	98	153	182	13	62	128	115	167	50	
66	164	23	186	95	132	176	199	174	17	203	83	164	218	40	209	233	59	99	145	54	223	146	245	61	50	154	74	8	0	171	138	
252	108	182	126	13	92	214	168	217	134	172	9	106	249	71	151	217	228	237	106	104	103	250	171	251	255	69	59	75	127	94	22	
33	49	24	97	84	15	99	48	96	104	110	76	211	17	16	48	24	140	18	108	137	176	81	12	103	157	0	0	72	138	90	128	
112	169	152	184	25	201	16	206	187	53	168	25	38	178	64	26	137	219	232	16	26	107	210	49	217	180	28	123	208	72	6	10	
60	244	241	99	211	91	118	200	115	167	224	186	11	125	12	177	121	220	195	112	42	246	248	46	127	205	5	53	227	249	198	242	
161	99	72	169	112	11	78	125	48	168	213	252	213	3	129	17	94	141	86	239	232	214	77	30	252	137	173	180	61	184	138	137	
130	172	22	153	238	129	188	231	190	19	120	18	172	234	112	64	239	43	51	145	114	92	2	243	60	20	158	234	148	72	161	137	
118	245	147	102	219	101	19	206	59	177	168	8	86	246	77	50	189	223	64	80	27	67	186	106	185	148	15	62	192	115	39	50	
2	184	150	153	253	165	184	103	158	27	80	51	172	254	96	64	239	59	179	145	50	94	130	215	13	22	30	235	148	12	165	219	
148	9	213	233	141	171	96	75	199	148	232	0	195	195	97	66	104	168	106	88	10	33	199	16	159	208	129	125	176	136	100	162	
53	70	95	205	20	15	71	184	116	162	234	68	211	99	41	80	92	204	46	110	232	178	65	14	236	174	103	4	56	186	96	32	
252	20	254	124	29	122	86	41	113	130	239	24	74	249	15	255	216	244	237	42	40	231	219	142	243	255	65	31	99	127	126	38	
2	205	98	223	84	179	234	230	23	65	90	131	104	238	53	96	127	235	19	133	162	187	44	255	60	46	138	128	21	95	113	204	
2	184	22	153	125	133	184	103	158	27	80	50	172	254	96	64	239	59	187	1	50	92	2	215	13	22	26	234	148	8	161	155	
31	69	98	236	86	18	239	121	117	192	255	130	89	239	181	100	126	236	23	238	200	179	37	206	242	239	167	132	39	191	112	224	
2	140	2	158	148	162	170	231	20	3	90	18	96	234	48	64	89	42	19	129	50	158	8	255	32	38	154	192	148	74	176	136	
2	188	150	153	252	137	184	231	190	27	88	48	172	246	96	64	231	59	179	16	50	92	66	247	12	22	30	234	148	8	161	137	
117	78	95	197	20	14	103	184	116	162	234	64	211	51	129	81	116	204	46	238	232	240	77	78	244	174	231	4	40	179	96	32	
69	99	129	197	188	31	238	157	78	168	90	108	211	34	209	164	92	76	108	124	137	208	205	16	172	253	175	180	136	186	24	133	
64	16	93	101	34	74	51	16	40	72	114	96	222	23	136	240	178	85	108	98	1	144	161	12	132	231	34	130	40	131	7	49	
34	141	98	158	212	131	174	230	214	0	120	2	96	232	52	64	120	106	2	195	208	187	10	255	56	46	142	200	85	11	240	136	
228	48	185	99	153	109	81	152	98	177	37	24	214	213	73	59	145	20	104	88	18	102	251	16	207	153	1	127	192	3	70	34	
93	164	252	97	131	127	92	137	111	243	39	24	223	55	74	187	51	223	249	58	30	80	253	16	207	219	69	117	162	211	143	98	
212	125	61	82	154	103	151	236	58	180	164	24	212	215	73	59	185	95	72	242	123	71	251	126	249	131	7	124	192	113	167	178	
93	177	115	94	11	221	83	216	235	80	164	40	126	222	15	180	182	251	196	66	135	99	186	241	19	221	17	59	107	23	111	63	
124	164	248	96	133	126	80	201	115	183	167	25	91	25	94	59	177	148	249	178	62	119	185	0	219	203	213	119	225	65	254	66	
113	188	123	86	83	221	115	242	233	201	44	8	58	220	14	52	166	242	212	8	135	235	178	109	51	252	16	10	75	2	78	255	
80	51	187	68	34	72	17	19	169	173	62	236	190	151	192	50	166	117	236	0	130	105	163	64	211	245	33	187	64	130	7	115	
72	51	121	101	48	90	115	16	104	200	127	104	215	23	128	48	150	92	68	96	129	176	165	12	228	253	32	130	64	162	71	113	
252	124	190	124	13	102	87	92	240	142	230	0	82	243	35	123	208	244	124	106	104	199	242	10	211	235	226	25	160	113	118	106	
130	188	22	153	252	129	188	231	158	27	80	50	172	254	112	64	239	59	51	145	114	92	66	247	12	22	222	234	148	8	161	137	
212	181	187	66	154	68	51	204	250	180	164	24	214	247	73	51	177	90	72	120	51	67	186	98	249	137	39	60	192	115	167	114	
252	44	190	116	141	102	83	64	241	142	167	8	83	249	67	91	217	244	125	114	40	231	179	10	211	235	193	25	225	113	126	98	
220	48	156	241	168	108	81	27	187	187	183	24	223	55	72	91	133	23	125	24	48	69	219	2	203	219	119	212	128	224	131	51	
5	180	17	161	180	239	99	159	126	249	43	92	215	49	88	32	145	30	72	57	187	248	121	22	237	150	53	116	216	9	129	48	
2	173	146	155	244	169	184	199	30	27	88	18	172	170	112	72	239	43	51	145	50	216	195	243	12	18	158	232	148	72	161	137	
108	177	188	122	169	93	84	156	79	125	165	40	255	127	206	191	151	82	236	82	158	98	123	177	203	219	85	127	210	223	206	119	
141	102	12	179	36	15	110	56	52	186	83	84	247	67	154	1	220	76	94	110	237	212	73	62	228	139	239	128	8	185	27	129	
5	188	145	161	180	239	99	155	126	249	35	92	151	21	72	40	145	24	74	24	179	248	121	22	237	150	5	116	216	137	129	176	
229	148	31	126	120	46	110	56	237	90	163	92	246	114	12	115	212	214	124	46	253	197	89	109	179	186	96	80	8	163	200	16	
109	125	121	97	240	141	115	220	105	168	124	8	151	209	193	48	180	220	84	122	139	178	248	46	239	253	37	100	64	147	66	163	
109	176	252	123	169	125	84	159	127	123	36	56	255	127	206	187	151	83	252	16	182	100	123	177	239	219	117	127	210	220	142	127	
225	149	31	126	40	46	108	50	237	90	163	92	246	118	8	115	132	214	124	46	253	137	19	109	243	186	64	80	8	33	200	17	
232	193	189	103	41	77	69	188	115	126	166	24	243	53	88	59	129	214	125	74	74	108	251	49	229	251	117	52	112	152	198	106	
92	164	124	97	131	127	120	137	123	183	167	24	91	59	94	187	49	159	249	187	62	116	249	16	223	203	85	101	227	69	206	2	
126	184	182	122	237	221	214	229	219	91	180	57	110	253	62	189	201	243	213	19	254	107	234	177	187	223	84	59	218	92	254	223	
234	172	240	254	221	249	92	143	155	55	160	25	175	217	86	11	139	235	217	17	62	110	218	183	235	221	28	59	118	93	222	202	
13	235	154	251	164	173	110	152	126	24	82	68	215	193	217	233	182	74	116	94	199	244	139	49	134	249	39	196	136	219	219	129	
97	135	29	71	60	47	74	48	236	169	187	76	243	112	156	242	148	102	124	46	189	201	73	47	172	190	37	80	8	203	209	33	
236	160	184	250	137	109	80	201	147	187	165	25	223	251	73	26	201	241	237	18	56	103	202	2	219	209	69	127	210	107	206	2	
232	72	189	126	45	76	87	140	211	158	164	9	243	125	67	27	129	244	109	74	104	100	251	51	227	251	117	57	80	121	70	106	
242	172	1	186	157	237	64	143	159	49	160	27	166	159	68	209	201	155	105	145	42	78	218	243	153	208	159	127	144	8	6	10	
111	188	182	122	253	253	84	246	219	91	180	57	238	252	62	187	205	243	213	19	190	111	202	177	235	251	84	123	218	93	218	215	
216	56	158	244	169	236	117	87	185	155	230	24	191	191	0	91	133	183	253	0	40	235	146	32	211	251	112	27	226	64	167	27	
1	226	217	87	52	11	106	44	126	171	115	88	243	96	156	180	19	110	108	12	189	252	205	47	140	190	117	80	200	171	216	36	
224	236	23	186	89	164	160	239	186	17	232	24	180	211	40	80	201	187	75	129	34	15	154	119	185	182	139	124	24	0	35	138	
252	164	186	98	221	125	81	73	115	191	167	25	91	185	74	155	185	148	237	49	62	103	184	130	219	203	213	127	227	106	254	66	
252	36	186	176	141	127	80	73	147	191	165	25	94	253	106	27	217	244	237	50	60	103	218	2	219	211	69	127	194	109	222	2	
69	216	153	87	137	108	39	132	170	83	47	16	246	247	77	122	129	86	120	74	83	68	251	98	197	190	86	16	192	115	199	114	
250	172	240	255	221	253	92	143	27	55	160	27	175	25	90	27	139	203	217	17	62	110	218	179	255	219	92	59	118	92	222	206	
197	84	181	87	137	108	37	135	248	115	39	16	214	55	76	127	129	86	120	10	113	68	251	34	197	186	86	16	192	113	199	122	
173	102	12	179	36	31	110	48	116	170	83	92	215	66	155	97	149	76	92	110	237	212	73	46	228	235	233	160	8	185	26	145	
252	36	190	96	157	126	81	65	115	191	167	25	91	189	74	27	185	212	237	50	60	231	185	130	219	203	197	127	225	105	254	66	
225	149	21	71	44	14	100	53	232	186	35	76	243	114	156	243	128	102	124	110	241	120	217	44	165	186	101	16	72	34	211	41	
242	172	129	184	157	237	80	207	31	51	160	27	38	30	73	91	233	219	73	145	122	79	219	179	153	208	150	127	176	72	6	14	
65	166	213	71	52	47	110	55	124	171	187	88	243	33	156	182	17	102	108	44	177	248	77	46	172	142	37	16	200	234	208	40	
224	172	19	186	89	173	32	203	186	19	168	24	182	210	96	208	233	187	107	129	35	79	218	119	157	182	155	120	16	0	35	170	
118	181	241	119	219	75	86	200	51	162	224	10	19	95	13	49	249	223	193	242	123	214	248	44	63	194	133	55	225	50	70	178	
109	70	85	77	84	14	102	188	116	160	234	68	211	35	129	213	80	196	42	110	233	240	77	14	228	174	103	4	106	187	96	40	
116	241	147	254	217	101	22	200	187	163	161	8	86	246	73	50	145	223	113	194	59	67	186	51	185	244	13	62	128	115	167	50	
152	244	60	127	11	127	23	236	86	54	165	24	247	87	8	97	19	212	202	106	105	103	123	31	243	195	101	61	114	123	5	34	
69	248	153	86	136	108	39	140	186	83	46	24	246	247	73	122	145	94	104	26	83	65	186	99	189	190	87	104	192	115	135	112	
248	172	148	186	25	169	16	79	186	55	160	25	166	131	64	155	137	147	233	16	58	79	194	55	217	209	24	123	80	12	6	10	
120	186	156	48	136	108	85	95	163	255	164	61	31	183	67	26	165	151	237	20	159	75	242	16	219	193	117	253	168	192	142	91	
224	164	18	186	73	161	176	71	186	19	233	25	228	195	104	88	201	35	107	0	54	47	146	119	145	214	26	123	0	64	171	138	
224	164	22	186	217	173	176	71	190	23	233	25	164	195	40	89	201	35	74	17	54	111	26	247	145	214	26	123	16	72	171	138	
5	103	213	71	164	15	102	56	125	168	123	68	211	33	157	182	18	76	108	110	193	240	93	8	44	158	101	4	204	251	66	37	
52	188	245	119	211	75	119	236	49	182	162	168	115	127	5	51	121	223	193	178	105	242	249	44	61	194	69	55	225	112	70	250	
116	188	149	254	201	100	86	186	179	146	160	88	126	247	73	251	149	247	125	34	59	75	186	59	187	255	85	62	176	113	134	50	
56	65	110	108	20	27	70	120	101	160	247	10	123	73	185	112	120	228	95	234	200	179	101	140	242	233	161	20	119	187	112	160	
5	99	213	71	36	31	110	56	109	168	123	68	211	32	157	182	22	68	108	110	193	240	205	12	46	190	101	4	204	251	88	165	
229	20	21	71	29	62	98	56	236	250	163	92	210	18	29	243	128	68	120	110	233	229	249	14	133	186	193	20	8	33	81	52	
156	244	60	123	10	123	23	232	86	54	173	24	215	87	74	43	19	84	202	106	107	103	123	63	241	195	117	61	112	123	135	34	
252	236	184	250	205	189	84	206	147	55	164	25	171	249	105	27	201	219	203	82	46	111	218	179	219	219	84	127	210	89	206	138	
248	236	188	126	77	253	87	172	211	182	164	9	123	253	75	27	153	246	229	66	110	103	250	59	219	251	85	57	114	123	94	106	
193	20	53	87	9	110	101	57	248	242	163	88	210	119	12	127	128	68	120	42	105	197	251	12	5	186	81	20	72	96	66	48	
255	172	228	119	213	88	126	168	123	243	63	24	235	124	94	182	179	198	245	15	238	240	255	163	111	255	69	55	231	246	218	102	
252	44	190	126	13	124	84	107	211	150	165	25	106	253	79	155	153	246	237	35	44	103	250	171	211	251	85	59	99	125	94	66	
176	109	21	253	140	170	102	71	238	162	234	16	167	131	64	210	97	230	106	18	122	205	195	66	180	160	6	16	16	88	196	40	
61	232	228	119	213	95	126	168	123	246	54	137	123	124	95	183	179	198	245	79	230	240	255	169	111	251	69	53	231	255	218	86	
229	103	72	167	116	43	74	168	58	160	123	252	211	96	218	16	90	204	70	111	44	178	205	46	236	140	165	180	76	251	218	128	
188	236	184	250	141	189	86	206	147	23	164	25	43	249	105	27	201	219	205	82	58	111	218	179	251	217	84	123	242	89	206	138	
197	220	153	94	136	108	39	140	250	83	165	24	246	247	73	126	129	86	104	90	115	69	186	99	189	190	87	120	136	115	135	114	
77	70	85	71	32	14	238	184	108	170	123	68	221	99	153	246	22	68	110	110	129	176	205	76	36	190	99	4	74	179	67	33	
229	103	72	167	116	11	110	184	120	168	123	252	215	64	154	16	94	204	70	111	236	146	205	46	236	137	173	180	12	187	218	129	
77	79	213	71	116	14	102	176	116	160	227	68	211	35	145	246	112	196	42	238	233	208	205	46	228	174	231	4	106	179	64	32	
124	164	188	118	77	125	87	232	195	55	173	8	127	253	75	59	153	214	233	74	10	99	234	49	219	219	85	61	114	123	94	170	
212	181	189	118	153	239	87	232	250	244	165	24	246	247	73	55	145	126	72	122	51	67	186	56	249	154	71	60	192	115	167	98	
229	112	157	87	137	79	69	184	120	250	33	88	214	49	77	187	145	84	80	106	97	244	249	10	5	154	69	52	72	121	66	160	
93	161	248	97	137	95	127	216	99	229	174	8	91	55	67	58	57	212	120	218	24	80	185	0	255	205	5	117	227	243	198	98	
197	99	220	71	52	31	110	184	126	168	115	84	211	96	157	242	20	68	108	110	225	244	253	14	172	186	37	20	72	187	73	37	
220	48	156	241	168	44	81	27	187	187	183	24	223	55	72	91	135	23	125	24	58	69	219	0	203	251	119	212	128	224	131	35	
45	125	121	97	244	15	103	252	113	168	124	8	147	17	145	48	62	220	6	122	233	176	232	46	231	205	37	164	96	154	194	169	
88	184	150	246	139	236	52	199	187	27	230	25	190	255	96	90	165	243	253	16	26	79	146	225	219	243	94	75	130	68	167	27	
228	52	61	113	137	109	81	136	115	187	165	24	150	85	73	59	129	88	72	122	58	102	250	18	203	153	81	127	210	73	70	162	
236	166	148	186	185	233	16	137	187	23	161	57	198	194	72	155	129	59	232	16	58	71	202	19	137	208	21	127	208	68	143	2	
21	220	21	243	180	207	71	184	126	121	43	8	214	117	8	49	177	84	94	120	51	248	57	63	237	142	37	116	248	10	133	112	
124	84	252	125	138	123	23	184	198	54	164	8	215	119	75	123	19	214	104	106	8	99	123	17	211	195	101	61	242	251	6	98	
204	229	191	118	152	108	119	136	250	151	175	16	246	247	73	59	17	90	120	122	50	101	187	34	233	169	69	60	192	113	199	98	
112	172	16	186	201	173	68	207	186	19	168	24	166	242	64	88	201	187	106	16	62	111	218	115	157	150	31	123	208	80	234	138	
108	225	252	97	201	93	91	140	107	53	45	8	95	93	90	50	19	208	249	88	82	32	255	17	239	201	5	125	115	147	206	226	
193	149	21	87	44	14	102	48	104	184	99	92	247	113	136	243	0	70	108	110	241	248	219	45	172	170	101	16	72	232	195	33	
21	156	53	225	188	207	67	184	126	121	34	24	214	21	8	49	147	22	78	56	51	121	121	31	237	138	37	116	112	8	133	114	
197	83	221	69	52	14	102	56	126	168	51	92	211	112	157	113	150	68	108	110	225	244	93	46	172	186	37	20	72	179	73	5	
232	193	61	127	44	76	71	188	115	62	38	24	242	117	72	115	17	86	124	106	106	100	251	51	231	171	117	52	114	250	198	106	
124	36	190	112	237	110	83	64	227	159	173	9	82	253	75	26	217	244	109	122	24	99	202	0	219	219	69	125	194	107	86	34	
232	232	189	119	44	77	87	156	243	54	36	24	247	117	73	59	129	212	109	74	106	100	251	35	199	251	117	57	114	251	70	106	
44	169	252	122	109	217	80	140	203	21	164	9	255	221	90	50	138	114	241	89	94	42	250	177	203	217	68	123	246	142	94	202	
149	227	155	235	180	15	102	152	127	8	115	64	215	82	153	121	151	72	92	94	207	240	73	50	164	248	37	4	8	243	201	1	
197	149	21	103	36	14	102	56	120	186	99	92	247	112	136	243	144	70	104	110	241	244	219	45	165	170	101	16	72	163	195	33	
50	165	148	242	205	109	84	207	3	59	169	25	38	155	104	155	201	155	201	16	30	107	202	145	155	210	85	127	208	72	202	138	
56	164	148	243	205	109	84	207	19	59	161	27	42	59	72	27	169	210	205	16	62	111	219	177	219	211	213	127	243	88	222	138	
236	44	188	126	105	105	83	152	147	182	164	9	247	243	67	27	129	242	237	90	42	102	202	48	207	211	85	57	242	249	78	42	
197	135	21	71	60	46	98	184	236	169	43	76	243	96	152	243	16	70	108	110	177	240	205	46	44	174	37	20	72	227	75	33	
197	45	20	251	236	184	102	172	238	178	106	88	231	225	217	211	35	230	110	250	114	52	203	50	188	237	39	8	192	243	203	0	
96	172	16	186	217	173	134	207	186	19	168	8	38	242	64	16	201	171	74	0	58	43	218	119	189	150	155	122	208	80	163	138	
192	174	149	26	25	237	0	238	242	25	136	88	166	226	72	150	129	74	104	16	119	79	218	55	169	22	20	123	0	4	143	142	
109	161	252	97	169	93	93	137	235	53	36	8	223	127	90	58	131	211	248	88	18	104	255	17	207	203	85	125	242	130	206	66	
124	44	190	96	141	110	81	194	225	191	167	25	83	189	67	27	201	212	237	178	24	227	185	0	219	203	229	117	227	97	246	98	
228	164	156	112	137	233	17	139	186	55	165	25	150	215	72	27	129	19	201	16	58	103	202	19	203	195	81	127	240	72	142	34	
248	236	188	127	44	105	87	156	211	182	36	8	247	117	73	59	129	214	109	74	106	100	251	51	199	235	117	57	114	249	70	106	
120	161	252	123	205	217	84	141	75	53	37	9	107	121	90	27	139	210	241	25	30	106	219	177	223	219	84	125	247	222	222	202	
193	209	151	119	36	14	101	57	120	186	99	92	247	241	72	251	144	124	120	106	97	244	219	33	133	170	117	0	72	48	195	33	
197	84	29	119	52	62	66	184	124	234	163	92	214	80	157	243	145	68	124	110	233	229	121	46	161	186	97	20	72	115	89	37	
149	83	157	249	180	143	70	154	127	11	242	84	215	82	137	120	183	12	92	92	171	244	17	31	169	190	55	84	152	145	201	1	
130	173	150	153	246	169	184	199	30	27	90	18	172	250	112	72	247	59	19	145	50	216	3	247	12	22	158	226	148	72	161	137	
52	188	221	119	152	79	69	234	177	182	162	8	83	127	1	59	201	215	108	160	41	235	249	44	185	195	85	54	225	96	6	186	
117	180	145	254	201	100	87	174	186	242	160	24	118	247	73	123	145	223	120	34	59	75	250	51	185	238	85	62	144	112	135	50	
205	15	16	123	236	168	238	129	238	18	235	80	231	227	217	210	99	102	106	90	114	52	203	50	164	237	38	8	192	243	203	32	
101	148	31	108	232	110	102	184	104	90	163	92	214	115	8	123	181	85	124	110	177	33	27	93	213	186	99	92	72	113	99	19	
149	84	157	245	132	47	70	154	124	250	195	84	214	114	9	123	145	70	124	46	173	212	89	42	129	187	113	20	136	113	73	19	
236	172	22	186	141	169	212	207	159	23	161	25	230	235	104	155	201	163	234	18	62	111	74	179	153	210	86	123	208	89	230	130	
197	103	88	165	244	42	110	155	120	162	122	216	215	96	153	112	55	204	76	111	228	180	197	74	228	173	39	4	108	241	203	0	
205	103	28	183	244	15	102	184	124	186	83	84	215	80	153	49	148	76	94	110	229	244	205	46	228	251	39	132	8	187	219	129	
85	241	121	72	91	77	19	216	235	89	168	72	126	222	77	48	183	219	84	98	135	99	186	81	243	252	1	62	73	19	99	119	
81	184	123	66	90	204	147	218	233	89	168	72	58	222	12	50	166	211	80	64	135	107	186	101	83	156	21	10	73	0	103	191	
197	71	88	5	180	26	110	186	124	162	122	64	215	98	153	240	54	77	108	110	229	180	197	74	164	174	39	4	72	243	203	36	
93	169	252	97	129	95	125	194	162	181	174	8	219	55	67	58	41	213	121	152	24	193	185	64	223	203	117	101	162	242	78	98	
52	244	29	99	155	71	7	232	34	180	160	8	86	119	73	51	153	213	72	178	121	195	249	44	185	130	77	54	97	18	6	178	
109	225	248	97	58	95	91	152	75	244	44	8	223	23	74	50	22	84	248	120	71	32	253	16	239	205	5	117	98	170	78	114	
69	164	177	87	129	108	103	142	122	83	43	24	214	247	73	126	145	94	120	10	51	116	251	35	237	190	86	92	192	115	199	98	
133	103	88	165	244	43	110	186	120	170	114	92	215	96	155	81	151	76	70	127	228	180	69	14	228	169	39	132	76	240	203	129	
197	20	61	87	12	110	101	57	248	242	39	88	210	113	73	123	129	84	120	42	113	228	251	14	133	170	65	20	72	97	194	50	
124	169	238	118	141	90	87	204	227	245	182	8	91	125	95	191	41	198	253	219	30	123	251	161	91	251	213	85	231	255	254	106	
197	103	216	37	244	14	110	184	124	162	123	72	215	96	153	112	55	205	110	110	237	180	205	78	164	173	39	4	76	243	75	1	
141	237	19	233	228	44	108	159	110	26	122	64	159	211	217	112	183	11	116	28	215	48	130	16	172	217	103	44	216	240	139	129	
197	79	69	69	180	10	110	176	116	160	234	68	195	35	153	246	80	228	106	238	225	180	205	46	36	190	231	0	74	243	104	36	
205	239	24	235	236	13	110	188	238	154	120	64	223	243	217	115	147	79	86	110	113	48	203	58	236	253	103	44	88	243	139	129	
69	148	159	124	232	44	100	186	168	91	162	92	214	115	12	123	161	87	120	46	49	75	147	111	213	191	114	92	136	97	227	18	
2	157	150	155	182	163	188	231	62	17	90	178	172	254	32	64	231	59	187	145	50	216	3	255	172	22	30	194	148	64	161	137	
21	248	61	113	146	207	97	177	230	240	162	8	247	87	64	48	35	50	124	56	33	225	57	60	233	202	101	84	224	8	5	99	
92	52	156	241	168	44	81	27	171	187	183	24	223	55	72	91	135	151	125	24	58	69	219	0	203	251	119	212	128	224	131	35	
85	116	159	115	144	110	71	31	112	203	162	88	247	119	73	59	49	86	92	56	59	240	177	42	233	142	53	16	224	241	198	41	
124	225	248	97	141	93	83	205	227	61	172	10	27	221	88	18	41	208	253	88	26	43	251	145	251	205	5	125	243	10	222	34	
145	57	157	249	176	142	68	23	126	186	162	80	150	18	1	121	165	55	92	24	235	205	81	94	169	186	54	20	136	64	1	41	
124	161	158	98	237	77	84	205	131	57	169	9	66	185	72	26	201	150	237	48	26	99	202	145	219	221	85	127	194	74	222	130	
197	157	29	117	32	14	100	186	112	186	98	92	215	51	128	123	16	70	108	106	113	252	211	13	132	170	97	4	104	225	195	33	
117	197	61	109	136	79	71	184	238	114	46	8	215	117	8	115	17	84	124	106	33	33	123	29	233	239	101	84	112	42	5	98	
5	113	157	119	160	78	103	156	114	219	107	80	215	115	73	186	145	94	120	122	19	240	251	32	237	143	103	4	200	114	131	160	
61	113	107	96	212	95	111	248	98	232	108	72	83	20	209	48	56	204	16	126	201	178	185	12	125	205	37	100	235	186	114	240	
101	152	157	109	200	46	38	186	104	123	162	92	214	51	1	123	129	68	120	106	17	99	211	64	205	186	103	76	136	113	67	51	
145	39	159	225	160	14	96	27	126	186	106	80	150	146	193	121	183	31	76	8	235	248	1	80	136	184	55	4	8	96	33	137	
48	173	144	187	153	237	6	207	182	27	160	24	166	242	64	156	201	234	74	16	26	107	218	53	189	150	23	123	216	88	139	138	
124	225	120	106	29	93	211	248	67	45	189	10	83	93	90	48	56	208	93	122	90	35	249	53	123	205	133	125	115	139	214	34	
149	93	157	105	176	15	68	159	126	186	226	64	214	18	1	121	151	69	124	124	233	244	81	94	169	186	39	20	152	240	65	1	
197	70	29	101	188	46	98	186	248	184	34	92	215	112	137	115	145	68	108	110	161	244	217	47	172	170	101	84	200	177	75	33	
56	225	152	226	205	77	82	205	131	57	169	9	66	217	108	18	216	210	235	80	26	43	218	177	251	221	133	127	83	10	206	130	
41	45	123	101	244	15	111	246	113	168	124	72	115	51	145	48	62	238	6	106	249	186	108	46	102	143	37	128	97	250	194	169	
90	184	150	186	139	236	48	199	191	23	160	25	46	255	100	90	163	115	233	144	50	79	154	225	155	243	94	75	130	68	167	91	
149	103	145	109	160	14	100	155	127	186	106	64	215	242	193	121	147	77	108	110	237	240	193	90	168	184	103	4	8	240	3	1	
197	167	18	101	160	10	108	171	126	178	106	64	247	226	201	113	179	78	44	42	96	208	139	26	172	184	7	12	104	240	193	32	
48	169	145	186	89	141	64	204	174	25	168	8	166	242	64	156	201	234	74	80	26	43	218	49	189	150	87	122	208	26	75	138	
101	103	221	69	112	14	103	56	120	162	107	72	211	112	153	51	18	68	108	106	225	240	205	14	36	174	101	4	104	243	66	1	
72	184	156	114	169	237	85	159	187	59	164	24	190	191	64	26	133	91	236	16	18	74	250	49	207	219	84	126	194	64	131	43	
112	144	189	236	14	78	85	186	202	118	166	8	215	53	0	115	3	84	108	42	9	41	251	29	209	171	97	52	112	235	68	99	
84	228	189	82	137	77	71	172	234	182	172	8	247	245	73	58	145	82	104	122	91	99	186	44	249	207	69	61	192	115	199	98	
197	68	28	101	52	14	102	184	124	234	50	84	215	80	153	115	149	68	108	110	225	244	81	14	164	186	101	20	72	177	67	33	
229	75	221	69	48	14	103	184	120	224	106	64	211	49	145	115	18	68	108	106	225	240	213	14	100	174	101	4	104	241	66	33	
193	7	95	69	180	14	102	59	124	160	106	64	211	34	129	116	114	68	106	44	193	184	197	14	164	174	39	4	40	240	65	172	
120	188	157	117	8	79	69	234	160	178	170	8	247	119	0	50	201	247	108	160	9	203	251	45	217	199	213	52	97	98	6	122	
84	180	157	254	136	108	69	174	186	243	160	24	247	247	72	123	145	215	120	0	59	75	251	57	201	227	117	60	144	112	135	98	
124	161	184	110	141	121	87	200	195	53	173	8	115	249	75	18	153	214	233	74	10	99	218	49	251	205	5	61	242	123	86	34	
197	7	88	101	180	10	110	59	124	162	106	68	211	34	145	112	82	76	108	44	229	180	197	14	164	173	39	4	72	240	75	0	
124	17	252	101	138	73	87	152	230	164	174	8	211	117	67	50	16	212	108	74	72	35	251	16	251	207	69	53	242	251	70	98	
212	236	189	118	136	108	87	142	242	151	164	24	247	247	73	123	1	86	104	58	122	101	251	35	233	235	69	124	192	113	199	98	
124	161	252	118	141	121	85	200	195	55	173	8	123	249	75	26	169	214	233	2	26	99	154	49	219	207	85	63	242	123	206	34	
193	39	24	37	180	46	108	59	124	170	122	84	151	34	145	113	151	12	78	44	229	252	69	14	236	169	39	4	72	224	75	137	
252	36	189	118	137	108	85	142	242	183	167	24	87	53	73	59	129	214	104	16	56	101	235	34	203	195	85	49	192	121	198	42	
197	92	29	117	136	110	103	186	120	250	34	88	214	113	9	123	129	84	120	42	161	100	251	46	197	171	97	20	200	113	67	49	
129	124	29	117	160	46	100	191	124	250	98	84	151	50	129	123	133	4	92	44	229	252	81	14	165	186	119	4	72	240	11	9	
112	241	25	101	9	79	71	232	38	224	174	8	215	119	0	48	216	213	108	226	73	179	121	28	217	199	5	54	96	34	6	98	
124	225	248	106	141	89	83	200	227	181	173	9	91	253	94	54	88	212	253	90	26	35	251	160	251	237	5	127	247	190	254	98	
65	152	157	124	232	108	37	182	232	123	162	92	214	51	1	123	129	119	122	8	49	75	211	68	221	174	114	92	152	112	33	59	
130	144	146	153	117	165	184	67	30	27	82	51	172	158	32	72	199	59	179	17	50	156	18	215	13	22	26	194	144	12	165	155	
65	177	57	96	122	77	147	218	106	200	168	8	150	95	69	48	158	89	81	97	195	98	219	93	245	156	43	62	73	32	35	179	
213	207	151	151	136	40	102	172	174	146	106	80	231	226	105	211	113	110	106	110	115	241	139	107	172	166	71	4	168	115	169	4	
197	110	28	37	180	14	110	187	124	170	114	84	215	34	145	113	151	77	76	108	229	244	69	14	228	251	39	4	72	240	11	129	
193	5	87	69	20	10	100	43	124	130	234	0	247	99	129	244	50	4	106	44	97	145	5	14	180	174	7	4	72	248	97	44	
69	165	189	119	153	108	71	168	122	243	168	8	214	247	73	122	145	95	120	26	35	65	251	49	233	251	71	126	192	115	135	98	
116	228	188	114	141	105	85	135	130	183	173	24	198	181	72	26	137	82	233	18	90	107	218	48	203	199	85	127	208	122	198	34	
197	20	157	117	137	110	68	155	124	251	35	88	214	114	9	123	145	86	120	58	177	228	123	10	133	187	71	20	136	113	129	51	
73	209	17	101	29	79	67	184	103	224	46	72	214	119	64	116	17	212	120	106	65	48	121	31	173	190	5	52	82	170	64	32	
112	8	185	108	8	79	67	56	98	164	174	8	215	55	0	114	16	244	108	104	9	41	251	29	217	175	97	52	112	170	4	106	
92	48	156	245	168	44	89	27	171	187	167	24	223	55	73	90	135	87	125	24	24	69	251	0	203	251	119	116	128	225	131	51	
33	173	123	87	244	175	239	118	116	234	127	64	113	99	180	52	127	126	22	42	225	184	45	110	110	174	37	128	103	250	226	169	
82	184	158	186	203	232	48	207	191	149	160	57	46	254	100	90	163	243	235	144	18	75	154	241	155	211	95	107	160	64	167	74	
77	53	149	101	177	78	71	158	113	251	174	88	223	113	137	191	17	86	108	122	57	224	249	8	237	190	69	20	202	241	194	33	
88	184	152	113	169	237	84	159	187	59	164	24	191	187	72	26	133	95	236	24	26	105	219	51	203	223	53	126	194	64	195	11	
92	172	185	102	136	77	87	174	226	190	172	8	215	247	65	50	17	214	108	58	88	107	251	58	217	207	101	61	224	114	198	98	
77	252	149	101	160	46	101	186	112	250	106	120	223	49	193	255	19	76	108	106	233	252	241	8	133	234	117	4	106	241	67	33	
47	229	225	75	205	61	198	223	83	235	121	76	10	248	220	188	217	202	18	14	223	114	254	147	47	92	149	62	219	254	210	180	
108	161	24	106	153	205	82	137	131	37	173	9	198	209	74	16	152	152	200	80	94	34	218	17	235	213	5	127	208	10	206	2	
92	124	159	117	176	110	71	151	240	171	166	88	215	55	129	123	1	118	108	42	41	229	177	42	225	175	101	16	224	241	198	33	
108	225	185	98	213	205	71	140	66	165	45	8	82	245	72	48	153	218	80	122	91	50	250	49	111	141	5	125	240	59	214	34	
201	29	21	85	178	14	37	55	124	186	34	116	183	51	129	123	7	55	108	56	97	220	65	78	164	170	118	0	8	208	129	41	
16	185	191	117	16	206	65	147	230	185	162	0	183	23	64	50	33	118	108	24	75	201	177	40	201	131	37	20	224	160	7	42	
126	171	228	26	219	241	144	203	211	85	189	191	72	236	254	158	111	203	227	149	158	107	174	241	58	119	221	255	247	47	254	198	
217	124	21	117	32	78	101	182	240	186	34	88	151	51	129	59	133	116	108	106	225	252	241	46	237	171	101	20	72	241	67	41	
73	185	149	117	169	78	37	183	106	250	106	64	151	51	65	250	129	118	120	8	17	120	209	0	237	190	119	4	138	112	131	185	
111	167	192	26	205	49	204	235	83	251	189	223	72	232	222	190	93	206	242	175	190	106	207	243	30	94	213	255	223	239	218	132	
124	41	185	102	156	77	87	152	98	164	172	8	83	245	65	48	24	222	108	72	8	34	249	56	251	205	37	60	240	186	70	98	
116	161	184	106	156	77	87	200	195	189	173	8	115	249	73	18	152	212	109	82	26	35	218	49	251	205	37	125	241	59	198	34	
80	152	155	253	160	236	37	183	186	27	98	64	183	183	96	122	161	127	40	8	17	216	178	32	193	162	118	0	160	112	135	171	
64	28	31	117	160	108	37	55	180	26	106	112	183	55	129	123	5	54	108	8	113	220	179	20	197	162	118	0	0	240	5	57	
124	225	120	104	28	93	83	248	67	164	172	8	83	213	91	48	88	220	84	122	74	35	248	28	251	205	5	125	113	186	86	98	
73	28	21	117	168	174	36	55	236	186	42	116	190	51	129	123	135	54	110	8	225	252	81	92	164	170	118	0	200	112	129	41	
130	144	146	153	117	165	184	2	62	27	82	48	172	158	32	72	231	59	179	17	50	156	2	211	13	54	26	194	144	0	33	147	
84	172	189	117	136	110	69	175	242	243	160	24	247	247	64	123	129	86	108	24	59	75	251	57	201	227	117	60	224	112	135	98	
112	168	185	103	8	77	67	130	34	173	170	8	247	119	64	48	153	246	108	0	9	11	251	35	217	231	53	112	96	34	6	106	
193	28	23	117	176	174	37	55	244	179	98	80	181	51	128	115	7	54	104	24	33	220	81	14	173	170	118	0	8	192	129	41	
112	233	148	186	57	157	2	204	239	61	168	9	166	194	106	16	201	74	106	80	30	43	91	49	153	208	20	123	208	26	142	14	
61	64	107	78	84	131	203	120	69	64	247	66	115	193	177	96	120	168	22	234	201	179	44	28	114	169	161	136	119	187	112	224	
201	124	21	117	160	14	100	55	124	170	98	112	191	50	129	123	135	39	124	40	225	252	81	78	164	186	118	0	72	240	129	41	
53	72	107	78	84	146	203	112	68	64	245	66	115	193	181	100	120	168	22	238	201	178	44	29	114	41	161	128	117	187	112	224	
76	181	177	119	153	76	71	136	98	243	40	8	214	117	73	58	145	86	104	122	27	96	251	35	237	190	69	124	192	115	199	34	
37	161	17	76	85	79	99	248	67	224	108	8	82	241	88	52	24	72	18	110	3	50	120	29	61	156	5	108	90	170	82	176	
2	157	22	191	186	163	190	166	174	17	218	162	236	254	32	64	231	115	255	193	82	137	11	255	172	246	222	195	20	86	165	27	
109	224	177	100	89	79	67	168	99	225	40	8	214	119	72	48	145	220	120	120	75	98	251	31	237	158	5	60	96	34	70	34	
77	161	189	101	137	78	71	136	106	241	160	8	215	119	73	114	145	84	120	88	11	66	251	17	233	250	69	60	128	50	7	34	
208	92	159	117	130	234	53	167	188	182	38	16	182	55	33	123	163	119	105	0	96	221	179	46	225	163	118	1	160	113	133	106	
253	225	123	96	244	79	67	248	67	160	172	8	19	221	213	48	88	220	84	120	90	186	248	30	123	205	165	124	99	170	86	98	
105	113	17	104	93	79	67	120	103	224	104	8	86	213	64	52	152	220	82	106	73	50	249	31	117	156	5	60	106	10	66	178	
81	130	134	56	9	137	96	104	230	17	226	76	227	194	104	223	240	36	106	36	14	67	131	17	152	230	67	72	216	32	105	4	
117	136	10	28	25	139	66	40	244	6	226	8	227	224	40	81	89	172	106	40	108	179	215	31	177	166	1	17	112	40	104	0	
37	233	97	74	213	205	71	252	67	96	108	8	114	209	93	52	88	234	18	126	75	50	252	61	47	28	133	60	91	187	210	228	
126	176	228	26	139	113	31	206	131	247	141	191	74	252	95	158	205	211	249	147	142	71	254	241	91	87	221	191	183	125	190	86	
127	106	228	21	141	57	92	138	195	246	174	159	74	104	215	159	89	198	236	62	204	103	239	128	26	91	197	55	231	252	222	70	
72	92	151	85	161	110	101	55	185	170	110	64	190	55	1	255	133	118	232	8	97	216	177	72	229	250	84	0	10	240	7	56	
254	116	228	20	141	115	85	170	209	246	134	191	74	236	223	143	25	230	232	102	236	103	255	168	123	91	197	55	231	252	222	86	
89	34	148	13	24	10	97	43	118	163	226	80	151	34	128	211	64	140	104	44	41	220	199	29	136	166	114	20	8	0	41	12	
223	246	173	23	170	126	151	191	250	255	31	253	252	116	222	175	21	70	252	47	247	69	255	55	232	35	125	214	202	119	151	117	
71	179	141	51	170	57	22	153	174	249	155	237	206	230	203	218	151	71	236	119	151	65	207	112	136	23	127	254	140	87	139	85	
2	133	34	136	147	225	184	103	14	69	88	163	44	174	34	64	235	27	147	145	22	136	0	213	41	4	154	195	149	12	181	222	
100	233	249	98	244	73	71	156	67	173	60	40	82	245	201	48	25	218	68	122	26	50	234	49	127	141	37	125	224	251	198	34	
45	173	97	74	213	205	231	252	67	224	108	8	114	241	220	180	24	202	18	124	219	58	248	63	45	28	133	124	91	186	210	172	
116	169	249	100	186	73	87	190	98	172	60	40	119	247	201	50	19	214	108	120	26	106	235	49	251	199	37	61	224	242	198	107	
97	169	121	108	112	201	67	211	99	232	124	40	54	247	192	48	24	190	84	72	11	58	225	59	253	172	37	56	98	138	70	107	
135	95	237	5	242	10	175	176	60	234	86	230	221	38	147	99	54	69	62	239	225	212	37	78	100	42	111	132	44	242	1	241	
248	184	156	113	185	237	80	159	187	49	164	24	159	187	72	26	133	87	236	24	26	105	219	51	203	223	21	124	194	64	194	10	
82	184	218	184	155	192	48	239	190	5	232	179	44	254	100	88	163	251	239	144	18	75	130	243	217	231	31	235	177	0	167	203	
33	141	115	95	244	171	239	247	125	192	126	66	121	161	180	164	123	106	22	8	161	184	37	239	44	62	54	128	79	232	241	173	
92	32	156	244	168	108	89	27	170	179	167	24	215	183	73	90	129	215	125	24	24	65	251	0	219	235	117	124	160	225	66	34	
88	248	19	244	195	200	55	39	185	132	106	40	62	151	0	84	34	255	109	0	80	89	160	98	241	180	20	3	34	16	135	107	
105	57	147	85	193	220	96	22	123	224	38	72	158	177	68	182	129	124	224	24	1	120	176	98	15	254	85	34	202	96	66	44	
90	26	94	165	19	154	58	98	172	164	90	231	205	170	34	192	182	117	237	197	132	153	133	204	146	103	74	131	46	166	41	19	
41	185	0	65	93	157	226	250	123	232	108	76	26	145	84	180	157	104	82	92	195	58	218	223	47	92	5	46	90	12	74	148	
72	185	145	116	217	204	113	134	251	224	42	8	190	183	64	182	129	118	120	80	1	89	178	96	189	182	21	102	130	32	7	42	
109	185	145	65	197	92	98	154	123	249	40	72	158	177	68	182	145	78	112	88	147	120	250	99	47	28	5	110	202	116	218	166	
47	163	224	26	205	49	204	203	83	247	189	191	73	236	223	158	89	203	227	149	158	98	238	210	30	94	221	255	247	253	222	196	
84	78	222	180	162	106	55	162	184	182	46	161	79	167	35	90	39	119	237	98	112	213	137	106	248	231	109	135	160	241	167	83	
111	38	128	21	237	61	230	155	91	251	61	92	202	104	223	190	153	78	114	30	151	114	221	162	14	94	213	62	206	253	218	132	
237	110	196	69	205	63	196	170	91	178	38	92	74	40	215	191	9	196	232	110	236	116	245	138	30	90	69	53	199	253	90	4	
112	235	12	62	88	137	64	104	230	28	224	73	226	192	0	80	200	168	104	64	14	35	203	61	153	160	1	121	88	10	6	10	
86	179	152	35	170	41	18	153	171	189	137	237	198	227	201	26	135	87	237	81	22	65	203	48	200	148	61	255	128	67	135	19	
100	241	241	66	253	109	71	220	99	169	61	8	18	241	205	60	25	220	68	90	11	50	248	48	127	156	37	124	243	251	198	162	
94	114	158	164	170	8	28	156	170	190	138	237	207	230	203	90	167	213	237	231	204	69	143	96	216	231	111	189	164	119	175	83	
109	185	225	65	237	29	198	255	91	251	61	92	82	248	220	188	25	206	114	14	221	114	252	178	46	30	85	126	207	255	218	164	
103	235	200	16	236	29	206	191	91	249	60	93	66	232	222	190	217	206	114	92	157	122	206	178	46	31	213	252	221	252	218	132	
95	178	173	85	169	94	157	184	243	255	150	237	251	125	219	175	151	86	253	45	255	65	255	153	203	123	125	255	142	228	31	119	
79	179	173	5	40	95	17	184	46	253	23	236	223	116	219	110	151	84	252	127	151	64	239	21	204	59	111	246	142	166	1	117	
109	173	208	65	245	189	230	215	91	233	120	76	10	184	212	180	137	110	114	28	151	122	244	226	47	92	21	126	202	92	218	133	
79	243	237	5	162	30	191	152	110	252	31	228	221	102	223	110	23	84	125	126	129	208	237	72	110	59	111	132	142	247	1	117	
2	148	27	184	18	229	185	99	30	13	74	51	180	190	32	64	231	27	19	145	18	136	16	87	201	167	186	194	144	64	165	211	
124	123	88	165	50	11	26	184	42	172	250	237	207	11	195	16	182	221	205	102	204	18	201	12	254	229	45	183	108	178	10	19	
71	123	253	5	34	26	175	176	108	232	94	228	221	38	211	110	54	85	126	111	193	208	237	72	108	59	111	132	140	179	1	245	
40	45	115	69	114	203	99	117	97	172	126	42	50	215	160	52	58	188	6	104	66	186	32	95	126	140	37	162	103	138	70	233	
13	91	239	69	98	30	191	48	124	238	86	228	221	39	147	99	54	125	63	238	193	208	165	108	102	47	111	128	46	247	1	241	
248	160	184	112	169	237	81	158	251	59	164	24	159	151	72	58	129	151	125	24	58	111	242	51	219	219	53	125	192	128	198	42	
82	175	218	172	154	194	59	199	38	5	216	163	37	167	34	80	126	255	143	129	26	155	128	127	248	165	174	201	181	2	167	203	
92	33	185	116	168	108	89	17	226	185	167	24	151	183	65	122	129	214	125	24	24	99	251	0	219	233	117	125	160	225	198	34	
84	43	90	164	114	130	59	208	33	12	94	165	45	231	163	80	54	253	165	192	0	155	128	108	242	165	42	137	36	162	47	19	
33	43	104	17	236	137	237	39	90	236	120	141	163	168	214	16	137	174	70	13	148	122	228	18	78	28	181	177	197	136	214	205	
91	27	138	164	19	150	122	99	165	192	202	199	45	234	50	192	244	165	249	197	141	137	144	204	178	229	138	9	40	36	41	28	
43	171	96	81	125	157	232	71	203	189	124	205	170	136	214	148	141	170	198	29	134	122	230	213	46	93	148	249	71	140	218	141	
82	59	138	164	18	134	122	112	32	164	202	199	77	235	98	80	182	237	233	197	12	153	149	76	250	229	143	1	40	162	41	18	
107	171	224	17	253	157	232	7	251	189	60	141	138	168	214	158	137	46	230	28	150	122	230	192	46	93	148	123	199	204	218	204	
84	187	218	164	210	10	63	248	34	164	110	237	79	231	67	80	54	253	229	246	64	17	136	72	248	165	45	133	160	178	7	83	
107	42	228	21	205	57	68	7	235	247	174	25	11	40	87	158	137	166	232	12	156	122	231	128	30	127	213	51	231	252	222	76	
86	243	154	165	146	10	62	152	34	164	10	237	79	231	75	18	54	221	237	247	84	17	153	0	248	229	47	228	168	179	135	83	
250	52	164	52	9	95	85	59	243	254	134	29	42	61	6	159	9	228	237	32	236	239	247	140	155	115	85	55	99	108	94	94	
