Ê¥ÂÞÀ¼ºÚ¹Ü´½ÓÔ*	#410 ÏÖ³¡ (STAR)	http://www.yslbeautycn.com/on/demandware.static/-/Sites-ysl-master-catalog/default/dw23401fdd/Makeup_Pro_img/00149YSL/L9499800U.png	//www.yslbeautycn.com/dw/image/v2/AARM_PRD/on/demandware.static/-/Sites-ysl-master-catalog/default/dwefab93e9/Makeup_Pro_img/00149YSL/L9499800U.jpg?sw=336&sh=444&sm=fit
128	141	130	158	212	130	174	231	180	130	90	2	104	234	32	64	105	107	34	128	112	187	0	239	60	38	142	8	21	120	177	136	
252	4	126	108	29	114	82	40	97	128	231	0	91	121	41	243	248	212	236	170	40	231	65	14	243	235	193	23	99	34	126	2	
66	149	151	158	219	228	176	71	175	65	235	147	100	190	44	66	229	63	43	17	17	171	146	227	29	52	26	74	144	74	165	250	
135	243	129	199	48	15	10	184	55	160	203	196	209	115	136	228	84	92	124	250	153	144	93	158	172	188	141	212	14	170	16	52	
92	69	94	173	22	10	78	244	164	128	222	2	223	35	57	65	122	197	93	234	104	129	1	140	242	235	163	148	39	179	112	0	
31	179	144	197	176	31	10	152	22	169	219	228	209	82	136	228	94	92	60	250	137	144	205	158	172	252	175	244	174	163	24	165	
195	6	21	92	40	106	40	59	169	250	162	216	243	38	132	255	4	180	124	40	233	69	227	12	148	178	67	16	8	160	3	53	
2	141	66	158	212	130	174	230	148	129	90	2	104	234	48	64	123	235	19	225	112	187	8	255	56	38	143	192	21	74	241	136	
108	45	51	80	129	207	71	208	161	36	46	8	26	183	1	52	129	52	64	10	25	113	176	8	241	152	5	48	194	114	6	98	
73	184	27	100	1	92	16	34	232	64	42	8	254	22	0	178	128	85	232	0	1	40	177	1	131	245	64	19	64	32	7	34	
37	34	177	51	252	105	224	200	122	249	49	120	151	216	216	186	153	15	70	17	19	112	200	18	13	212	49	116	200	107	211	161	
221	33	244	97	163	122	121	25	111	241	39	144	223	55	75	126	39	85	248	60	20	208	189	192	207	251	7	69	166	231	137	96	
93	64	191	167	3	110	107	152	32	226	143	2	221	55	91	106	51	69	120	238	1	213	189	66	213	239	203	4	162	243	37	96	
249	93	92	109	176	26	86	183	101	232	190	228	83	51	131	241	102	148	252	224	109	137	117	14	242	235	164	148	42	178	104	27	
66	159	215	159	159	236	181	167	255	85	203	23	164	235	46	66	225	99	234	16	54	105	154	247	111	54	18	91	144	73	197	86	
200	220	28	94	41	253	17	151	239	92	172	60	174	215	70	246	133	51	236	16	15	13	250	243	195	249	16	59	90	5	142	95	
249	20	84	111	50	59	66	56	117	170	179	236	211	82	137	243	86	149	252	226	237	133	85	15	176	235	33	144	40	162	8	13	
252	228	229	246	139	72	85	184	163	166	167	153	75	231	75	94	105	214	237	130	120	71	251	162	219	231	213	63	163	247	86	114	
104	49	49	77	73	219	17	0	235	36	164	8	154	151	4	180	128	52	192	96	9	50	240	28	7	240	1	51	66	34	70	34	
168	211	61	127	140	29	85	191	82	53	38	12	243	37	24	51	4	86	104	104	250	120	115	61	239	235	116	117	82	136	220	56	
124	92	190	244	13	54	87	72	209	166	175	12	98	249	39	155	217	244	233	98	40	231	152	136	211	251	197	27	202	123	114	50	
118	161	204	65	141	127	204	109	43	179	165	31	200	59	94	31	169	135	121	184	88	99	217	192	223	218	223	127	201	120	218	130	
227	184	184	94	109	157	144	2	139	216	188	45	170	252	214	54	141	115	253	21	134	111	250	225	79	88	85	187	72	44	83	127	
104	49	145	101	17	94	96	0	104	168	99	8	214	54	0	183	144	84	104	40	1	240	241	8	133	248	64	18	64	34	71	38	
115	95	69	69	184	7	14	190	37	168	154	232	211	51	133	247	68	213	124	234	233	139	69	156	168	186	165	212	11	178	0	37	
248	220	189	126	137	93	94	174	19	182	160	29	179	47	69	155	205	211	201	70	111	110	251	59	243	219	85	57	88	121	206	122	
183	125	42	66	205	253	215	196	233	119	173	30	10	152	94	60	168	138	208	71	222	39	182	243	179	88	0	123	67	95	254	198	
94	224	166	26	137	245	144	201	159	87	165	25	206	205	110	14	217	19	235	22	26	71	250	145	219	215	91	127	210	77	165	86	
130	169	146	153	236	161	168	71	190	145	122	18	172	130	96	73	235	43	42	144	18	216	195	241	12	18	222	200	148	72	161	136	
165	173	197	245	164	47	101	191	80	170	122	250	247	37	209	39	29	110	22	46	249	244	237	14	236	134	117	164	228	248	210	168	
82	174	50	222	56	144	59	224	191	29	196	32	236	226	174	116	227	59	127	137	102	15	170	247	146	54	154	139	0	4	39	79	
203	176	252	65	185	93	17	159	239	125	46	61	158	23	202	118	135	23	252	24	215	76	251	215	207	219	85	247	194	132	143	127	
20	9	215	187	140	235	97	200	199	149	106	2	199	210	97	121	99	232	106	92	30	232	111	176	141	218	81	73	176	139	100	100	
234	56	189	94	105	220	209	18	235	221	180	29	46	253	70	22	128	242	236	0	142	111	242	225	83	121	80	59	90	44	78	127	
200	182	25	227	185	127	49	157	175	125	23	116	156	23	202	54	135	23	236	16	243	76	249	211	207	209	63	247	138	134	143	83	
232	223	61	95	60	141	71	190	204	28	132	8	182	113	16	99	64	114	104	74	226	40	123	61	231	171	100	24	80	152	84	104	
210	185	62	210	125	134	112	103	233	17	162	57	62	186	36	115	236	183	219	145	190	203	144	221	251	19	158	83	128	0	254	11	
141	101	209	101	164	47	111	184	116	162	107	204	211	97	217	39	19	76	84	110	225	244	253	10	236	142	101	36	238	251	80	160	
2	141	98	222	86	131	238	230	29	64	90	131	104	238	52	64	127	235	19	197	162	187	12	255	62	46	142	192	21	15	241	216	
239	245	32	66	237	93	71	184	233	254	61	12	202	248	223	183	153	64	212	110	237	96	250	170	175	93	5	190	202	127	90	117	
34	169	16	154	237	173	176	207	142	25	112	16	172	216	116	73	201	42	83	17	18	106	194	241	5	24	154	250	80	8	208	139	
229	151	69	71	8	14	111	184	161	248	170	68	209	103	140	119	68	84	120	234	233	192	253	12	44	186	197	20	8	162	64	52	
252	109	222	86	13	93	86	236	201	130	173	9	106	249	109	155	200	224	233	98	109	99	218	168	243	219	69	59	74	127	90	2	
152	209	60	123	27	205	87	188	214	29	100	0	246	209	40	112	17	90	106	104	99	45	59	55	107	237	37	124	122	26	196	170	
193	78	149	87	168	108	37	23	248	59	163	84	182	38	5	127	133	118	104	10	177	77	243	98	133	178	82	24	128	113	199	44	
45	52	153	33	228	107	224	72	122	251	59	120	215	56	217	170	155	77	86	49	55	112	205	2	12	221	37	116	204	235	83	177	
246	56	183	246	139	100	85	232	179	246	129	25	78	247	77	95	133	215	253	194	8	71	187	178	155	242	93	63	162	117	166	115	
93	33	252	103	131	122	121	9	103	241	47	16	223	55	91	126	51	213	121	188	16	208	189	192	207	255	65	5	166	231	12	98	
116	186	222	122	168	41	85	223	162	159	180	57	119	231	73	26	37	210	109	26	122	67	138	48	217	195	117	188	224	240	134	99	
27	63	192	229	176	155	78	23	54	168	218	224	243	22	129	228	92	190	221	152	233	152	69	158	170	199	189	148	46	202	144	57	
232	223	61	95	44	140	71	180	204	28	132	64	182	113	17	99	64	114	104	74	226	40	123	61	231	171	100	24	80	153	84	104	
249	221	92	109	186	26	86	191	101	232	190	236	115	51	130	113	86	148	252	224	237	137	85	31	250	239	165	212	43	162	104	27	
204	52	156	245	168	46	121	27	184	187	55	48	223	55	73	91	135	85	125	58	48	197	195	0	207	251	119	212	128	225	3	35	
232	89	28	94	9	253	80	7	143	93	173	24	110	215	38	254	192	178	232	64	14	47	250	177	83	243	16	59	82	15	204	94	
2	173	146	155	236	169	184	198	158	19	88	18	172	170	113	72	239	43	59	17	18	88	194	241	12	50	218	234	148	72	33	137	
29	105	214	189	44	203	97	200	199	145	194	2	215	211	99	106	106	104	122	92	14	227	231	160	135	250	215	9	178	251	100	200	
232	219	61	125	12	29	85	190	86	52	38	12	243	37	24	115	4	86	104	104	234	120	115	61	231	235	116	49	114	152	220	56	
124	52	182	246	13	54	82	64	193	182	175	12	74	121	47	31	217	228	233	42	40	231	152	136	211	251	193	23	138	127	122	18	
76	177	186	96	104	108	113	216	235	25	253	8	223	247	72	56	180	94	125	88	146	99	186	1	223	249	97	124	194	195	67	163	
248	124	62	97	96	111	113	118	49	170	246	24	31	23	1	59	165	181	85	40	232	246	177	12	211	203	113	4	98	208	70	187	
106	161	204	209	205	109	252	143	43	179	164	27	136	59	92	155	137	199	123	152	82	106	219	192	223	155	223	125	207	124	219	138	
106	184	189	94	109	221	144	67	203	217	180	109	186	253	68	150	140	114	253	20	131	107	242	224	91	24	69	187	75	44	94	223	
255	105	122	82	205	248	214	196	233	85	174	24	10	218	127	188	232	174	232	218	94	39	190	241	51	120	0	123	75	87	234	14	
98	185	178	216	253	132	176	71	251	1	226	57	62	186	100	208	236	191	251	145	158	203	146	195	249	55	158	107	128	0	254	11	
60	65	110	101	20	26	111	248	101	160	254	2	123	73	157	112	122	236	22	234	200	178	109	140	246	237	163	4	103	187	114	160	
103	159	85	69	184	39	14	190	165	232	186	232	211	34	133	247	70	215	124	234	249	139	77	28	184	186	165	212	9	242	128	37	
141	102	193	69	244	15	111	184	112	162	114	204	211	97	217	39	23	76	70	110	225	244	237	42	236	142	101	164	238	251	83	160	
252	108	173	122	9	253	215	138	154	246	161	29	179	254	67	155	205	243	201	70	107	103	250	58	179	251	69	57	208	121	70	122	
62	224	140	209	141	117	220	207	14	55	164	31	136	43	95	143	233	130	235	148	30	99	219	208	223	155	223	127	219	84	219	154	
247	105	106	82	205	253	247	196	233	117	172	26	10	216	31	189	168	238	210	95	222	35	188	241	51	120	0	123	75	95	250	238	
116	186	222	114	168	168	85	159	162	31	164	61	119	231	75	27	39	242	109	16	58	67	138	49	219	227	117	189	160	240	134	35	
124	109	241	98	131	121	87	201	51	166	172	9	75	255	77	52	121	222	197	114	74	114	233	162	251	205	5	63	227	247	198	114	
246	120	181	118	139	100	87	205	187	182	160	25	78	247	77	95	149	215	253	66	72	71	187	178	187	242	69	63	34	119	166	115	
136	241	60	91	155	205	55	253	222	61	101	24	246	241	104	96	145	26	106	88	98	45	59	51	237	141	37	124	82	26	133	170	
210	70	21	84	168	110	76	55	249	90	163	88	143	38	132	255	132	86	108	42	185	77	227	12	145	242	82	26	0	241	135	61	
209	215	85	71	56	18	14	184	229	160	163	236	243	114	140	247	70	212	124	234	233	193	237	76	172	186	231	22	11	162	72	5	
70	143	222	154	157	232	180	135	255	85	203	151	228	235	46	74	227	35	106	16	22	105	158	247	111	54	86	91	156	74	229	86	
252	101	150	118	77	95	86	232	193	178	161	9	74	249	109	155	216	228	232	98	109	99	218	136	115	219	69	63	75	127	122	2	
64	109	149	245	155	140	164	39	158	177	170	200	180	178	65	202	199	119	106	16	113	105	211	42	61	182	95	90	192	120	161	40	
205	245	177	86	185	92	119	184	249	202	61	44	222	247	207	246	149	68	236	106	225	97	186	110	235	255	101	174	202	119	207	119	
181	111	229	245	164	15	79	191	86	170	90	218	211	101	209	47	31	110	6	46	233	252	77	10	236	142	101	180	228	248	210	168	
239	245	176	82	165	93	103	184	233	254	61	44	202	252	223	182	145	66	220	126	239	96	250	170	175	95	5	190	202	127	90	117	
153	246	88	235	50	27	90	248	116	168	211	246	215	82	136	241	94	221	76	246	239	148	77	31	166	233	45	212	60	128	10	1	
66	148	183	159	206	228	181	71	190	71	235	151	100	190	44	72	237	63	43	17	18	189	147	227	29	54	158	66	145	74	181	218	
82	175	55	214	49	201	59	225	253	5	202	9	236	234	60	80	162	43	111	129	102	203	162	255	240	54	30	11	0	6	39	78	
205	223	253	83	160	92	55	184	249	218	63	36	254	119	203	247	151	118	252	106	243	0	249	106	239	255	37	142	202	243	79	117	
148	73	125	231	52	10	111	176	36	128	215	194	247	71	153	97	126	228	63	234	233	176	109	44	244	235	239	132	37	179	113	33	
11	190	1	245	32	191	104	55	54	169	94	248	179	183	208	160	93	62	183	141	217	216	197	3	140	197	187	160	14	204	18	184	
130	188	150	153	249	173	184	199	190	27	88	177	172	254	96	74	239	59	187	17	50	90	146	243	13	22	94	234	144	76	165	155	
53	71	30	205	148	47	71	248	84	160	234	66	87	115	41	96	124	220	46	106	232	176	77	30	241	174	39	4	48	251	32	33	
21	199	31	197	180	14	103	184	116	160	235	98	82	114	137	112	116	204	46	234	232	176	73	78	244	174	231	4	33	179	224	33	
112	168	152	184	153	121	21	207	186	183	160	25	38	178	73	154	201	223	232	16	26	75	218	49	153	181	84	123	144	88	134	42	
120	40	51	100	5	77	65	66	233	0	32	8	22	148	64	178	160	144	64	0	65	105	176	0	145	216	0	19	96	8	71	46	
85	71	31	197	52	6	103	184	116	160	234	98	83	115	137	113	116	204	46	238	248	208	73	110	244	174	231	4	33	179	96	33	
130	173	86	153	238	137	188	231	190	19	120	18	172	234	112	64	239	43	51	145	114	88	2	243	60	16	30	234	148	72	161	129	
130	140	2	158	20	163	170	103	22	3	90	18	96	234	48	64	89	42	19	129	50	190	8	255	32	38	138	192	21	74	176	136	
65	109	151	253	154	12	156	175	158	179	170	216	180	178	65	206	199	119	106	17	83	235	211	10	60	182	95	26	192	120	129	8	
252	37	241	98	241	121	87	216	115	133	236	184	11	237	201	52	91	222	196	24	42	50	252	186	127	205	5	61	227	255	198	98	
2	188	146	152	253	173	184	231	158	27	112	50	172	254	96	66	239	59	219	17	50	91	130	247	29	22	30	234	148	72	161	155	
136	182	29	243	185	205	17	159	175	125	31	125	222	215	74	150	133	19	237	16	87	76	251	19	207	209	53	255	138	132	143	123	
197	239	151	177	188	8	102	142	126	179	106	80	199	224	104	218	211	78	40	94	118	80	139	51	168	182	69	108	128	249	233	128	
205	221	249	87	177	92	55	184	249	202	47	100	222	119	203	247	151	118	252	106	229	64	249	106	239	255	101	142	202	243	15	117	
28	69	2	173	20	131	238	121	22	128	251	2	123	202	49	64	120	232	14	227	74	179	8	159	240	229	171	0	53	58	112	128	
120	172	148	158	221	233	17	207	138	181	168	9	38	160	71	90	233	242	232	16	26	107	202	113	185	182	22	123	144	88	150	46	
34	141	98	206	86	147	234	230	95	65	90	131	104	236	180	96	127	235	23	231	162	187	44	255	62	46	143	128	53	143	113	220	
2	184	178	152	125	229	184	231	159	89	80	59	172	190	100	3	239	59	223	145	178	111	146	247	29	22	154	235	213	12	165	219	
69	237	150	177	188	8	102	142	126	179	106	16	199	224	120	202	211	78	40	94	118	112	207	51	172	22	69	108	128	249	192	128	
56	193	98	237	84	26	110	248	101	160	254	2	123	75	185	84	122	236	23	234	200	178	105	141	246	237	163	132	103	186	114	160	
188	73	102	231	4	27	78	248	85	160	247	10	75	73	157	17	120	196	127	234	232	183	109	140	242	235	225	20	103	187	112	0	
111	229	240	86	181	127	119	172	251	218	61	40	218	124	159	183	151	70	220	111	189	96	252	239	175	127	69	62	198	247	218	117	
220	40	188	250	137	253	80	138	167	31	133	25	175	219	65	27	129	211	237	211	30	71	219	49	219	211	217	121	146	81	14	2	
17	166	136	231	48	191	74	16	53	41	219	212	243	102	152	240	212	190	92	156	191	152	73	63	170	223	160	144	168	139	24	17	
131	168	22	186	73	132	176	101	172	17	195	80	164	155	32	219	232	59	107	1	70	223	146	229	29	50	218	74	8	0	163	138	
192	169	148	190	89	140	144	103	170	145	161	25	172	226	32	211	128	35	234	17	54	75	194	221	157	176	26	123	144	0	139	10	
245	230	5	69	24	31	74	184	116	232	163	92	211	66	156	247	84	196	124	238	237	197	125	30	168	250	129	84	8	163	64	20	
66	166	51	190	120	224	184	234	254	21	200	1	164	202	44	80	243	43	107	129	2	15	154	119	145	54	10	42	16	0	39	162	
204	52	156	241	168	46	121	27	184	187	183	16	223	55	73	91	135	87	125	56	48	69	235	2	207	251	119	212	128	225	3	35	
77	177	57	96	48	109	115	216	107	72	124	8	159	215	73	48	180	92	84	90	155	50	184	49	255	221	33	108	194	163	67	163	
216	56	190	117	105	239	117	118	177	154	182	24	31	183	1	27	166	183	125	8	168	239	240	40	215	251	112	1	98	208	70	187	
214	168	49	154	159	205	16	202	223	85	128	27	174	206	100	88	193	171	105	209	54	79	218	247	153	144	159	127	144	12	165	70	
73	53	145	101	49	94	115	16	104	72	123	104	214	54	128	178	144	84	108	32	1	176	241	12	133	253	32	18	72	34	67	51	
124	33	162	184	137	117	84	73	135	183	169	25	206	253	107	154	217	145	233	55	30	99	250	144	219	213	77	127	210	127	166	114	
156	244	56	91	27	77	23	253	86	54	165	24	255	211	72	33	49	88	202	122	99	101	123	55	233	193	37	125	114	26	133	170	
229	212	21	71	8	30	75	56	232	226	163	76	211	66	156	247	68	196	120	238	237	69	253	14	173	186	193	20	8	163	66	52	
252	100	190	86	13	126	214	105	217	166	173	25	74	249	111	151	217	228	233	34	108	103	218	138	243	251	69	59	67	127	126	70	
246	160	146	186	137	165	18	200	143	17	161	25	206	220	108	202	201	187	235	19	26	39	218	243	155	240	26	123	208	79	169	6	
13	102	213	69	180	15	103	188	116	170	114	76	211	33	145	47	23	76	52	110	225	240	205	14	172	158	101	4	238	250	66	161	
66	188	23	186	95	132	176	230	174	17	203	82	44	218	40	209	233	187	107	145	39	223	146	245	29	50	154	74	8	0	171	138	
113	15	13	71	184	159	74	63	100	232	155	76	243	34	148	240	212	230	124	172	233	137	73	30	168	190	173	144	8	226	88	61	
25	174	137	247	48	191	106	54	55	41	219	84	179	33	144	224	213	62	61	12	187	152	65	47	142	255	184	144	8	136	24	25	
254	60	50	122	205	245	214	198	249	94	188	29	10	252	127	189	201	235	213	3	254	103	186	226	179	121	20	59	203	93	246	215	
235	44	176	254	45	189	208	7	203	178	60	57	174	220	84	182	143	123	253	21	170	110	202	179	174	217	29	59	78	12	219	142	
5	166	153	161	180	111	226	153	126	249	51	88	215	48	88	40	153	12	22	57	183	240	73	18	205	215	53	100	200	201	211	145	
33	151	29	239	188	79	71	191	78	121	136	72	247	116	8	96	193	66	92	106	251	40	121	63	173	190	36	116	16	26	208	41	
248	200	189	127	13	77	87	172	130	150	164	9	243	125	3	19	129	118	105	78	104	108	251	57	227	251	84	57	80	57	70	90	
220	36	252	97	147	126	123	8	119	243	167	16	91	51	91	251	49	196	249	186	58	213	189	2	219	235	1	85	163	231	110	34	
232	188	48	90	169	253	21	191	159	127	181	60	174	247	206	253	133	18	204	2	191	106	250	183	163	215	84	251	218	93	141	127	
203	164	112	83	187	249	88	143	127	115	175	24	223	31	78	119	135	23	253	28	246	76	251	215	207	217	21	127	194	196	207	111	
207	164	112	99	179	121	88	141	127	115	39	152	223	31	206	63	183	23	253	60	182	68	189	215	207	217	21	119	194	132	203	102	
234	252	49	90	169	253	86	159	251	95	181	60	170	254	198	125	133	179	236	2	191	43	250	179	243	253	21	59	210	85	206	127	
66	172	55	154	28	192	169	233	254	21	192	133	228	206	44	80	243	43	107	1	34	79	154	247	153	54	10	74	16	0	39	122	
124	49	115	82	131	217	87	97	233	132	36	40	26	247	196	180	34	54	196	72	1	241	178	104	123	249	5	51	226	98	198	98	
232	209	61	101	136	79	85	189	98	117	166	24	211	37	72	51	128	86	104	108	235	120	251	21	239	235	117	116	80	152	198	122	
220	36	238	101	145	118	107	0	117	226	167	18	91	51	83	254	48	196	249	250	56	213	177	138	219	233	131	5	163	241	110	98	
129	38	197	215	36	43	108	59	119	170	123	216	243	97	208	175	25	238	100	44	121	252	205	10	140	158	117	128	230	232	80	172	
248	192	189	117	136	77	85	172	2	123	164	25	247	61	75	59	137	214	109	110	104	110	251	49	227	203	85	52	112	56	198	122	
254	161	130	160	141	117	213	77	131	183	165	27	75	187	74	158	233	135	233	49	28	111	219	130	219	215	223	127	195	108	222	86	
234	108	176	94	45	189	144	71	139	152	185	57	174	220	84	166	141	123	253	21	130	111	202	179	155	217	29	123	90	12	219	159	
254	188	50	122	205	245	214	198	249	79	188	29	10	252	127	189	201	235	213	19	254	47	186	226	179	125	20	59	203	95	246	247	
5	163	153	163	244	111	226	153	126	249	49	88	215	88	88	184	153	8	86	57	151	240	217	18	141	215	53	100	200	203	211	177	
97	15	13	71	184	31	74	63	110	233	187	76	243	34	148	242	212	230	124	172	189	137	77	30	168	190	173	144	136	226	216	61	
214	169	176	186	157	205	208	138	223	85	128	27	174	202	118	92	201	171	235	213	30	107	218	241	153	212	159	127	144	12	165	78	
126	161	166	160	137	117	84	201	135	183	165	25	14	188	106	142	201	131	233	21	30	99	250	144	155	213	223	127	210	124	166	66	
246	125	147	246	139	100	23	206	187	182	168	24	118	247	77	94	213	215	253	162	72	71	186	242	185	246	77	62	0	115	166	114	
133	101	213	69	180	15	103	184	117	170	114	76	211	33	209	53	19	76	84	110	233	244	221	10	172	158	101	4	234	251	64	33	
193	20	21	92	168	110	108	63	168	122	163	92	210	38	132	127	132	20	120	44	177	69	243	12	133	186	82	16	8	112	195	52	
188	188	241	103	211	91	118	206	115	166	232	152	75	125	77	48	121	254	198	50	120	242	249	46	127	205	5	55	227	248	198	250	
246	168	152	250	137	173	18	200	143	17	161	25	174	218	108	216	201	187	249	83	30	47	218	243	147	212	24	123	208	77	137	6	
130	188	178	153	253	165	188	231	159	27	88	51	172	254	116	8	239	59	151	145	178	90	130	243	45	30	158	234	148	12	163	155	
124	178	156	48	168	45	84	223	162	191	164	125	23	227	67	26	167	215	237	16	26	75	146	16	219	195	117	253	170	240	138	19	
193	84	157	87	136	108	101	55	184	114	39	84	146	55	4	127	129	86	104	14	113	77	243	98	5	186	82	16	72	113	195	56	
56	65	110	109	20	26	238	120	101	160	247	2	123	75	181	113	122	236	31	234	200	179	109	140	246	233	163	148	103	187	112	160	
1	164	197	213	36	47	108	59	127	171	123	208	247	33	208	175	25	110	100	44	49	248	205	14	140	190	117	4	230	232	82	172	
73	177	27	100	32	88	17	2	232	104	50	40	158	150	128	178	128	117	236	0	1	105	161	5	131	241	32	251	64	32	7	59	
252	108	182	126	45	93	214	168	219	134	173	9	106	249	71	151	217	228	237	98	108	103	250	170	251	251	69	59	75	127	94	86	
2	172	144	155	236	169	184	199	30	27	88	18	172	170	112	73	239	43	51	17	18	216	195	241	12	18	222	232	148	72	161	137	
225	87	95	126	40	78	76	53	225	170	163	252	243	55	136	115	132	246	124	98	237	237	89	46	247	187	96	16	8	162	200	29	
2	184	150	153	250	169	184	239	190	27	114	48	172	246	96	72	167	59	115	16	50	216	195	243	12	22	30	234	148	8	161	137	
33	49	24	97	116	15	99	16	96	72	110	76	211	17	26	48	152	140	18	108	137	176	81	12	103	157	0	64	72	138	90	128	
124	180	241	99	211	123	86	200	51	165	224	136	75	255	76	176	121	222	197	160	42	242	248	46	127	205	5	63	227	242	198	242	
196	216	157	87	136	108	37	148	186	23	167	84	246	247	77	127	133	118	104	78	113	77	186	99	133	186	86	26	128	113	135	112	
225	23	31	102	48	30	78	53	229	170	171	220	247	39	128	243	132	246	124	98	237	141	81	14	179	251	228	16	8	160	200	29	
220	80	252	229	34	10	127	176	33	162	246	168	95	55	129	123	54	213	253	234	232	212	233	136	246	235	101	132	38	179	66	49	
161	167	88	169	250	3	143	253	16	164	240	250	19	67	145	17	94	141	87	239	104	146	77	30	252	128	173	180	117	186	2	137	
88	240	147	254	27	196	25	156	161	93	135	48	124	215	72	246	54	215	253	42	19	67	187	231	211	229	20	74	34	131	167	115	
144	41	213	237	13	43	66	74	199	176	234	16	99	195	97	66	104	234	106	82	74	229	195	19	149	240	5	57	48	232	100	170	
124	178	220	50	168	77	87	216	162	191	164	125	87	227	75	26	165	215	109	18	26	67	154	48	218	195	117	253	168	241	138	19	
148	9	213	233	140	139	65	75	231	176	234	0	195	195	97	66	104	168	106	88	26	129	199	16	157	128	129	125	176	136	100	34	
117	71	87	109	16	15	102	184	116	160	234	68	211	35	9	81	84	196	46	238	233	176	69	14	244	174	103	4	104	186	96	0	
118	184	145	230	139	100	23	200	187	167	169	9	116	247	73	86	181	215	121	130	25	71	186	98	153	182	15	62	128	115	167	50	
161	99	72	171	112	11	78	125	48	168	213	252	209	3	145	17	94	205	86	238	104	214	77	30	252	137	173	180	61	184	154	137	
205	180	48	115	169	125	29	157	63	119	167	184	223	87	202	63	151	18	220	58	179	68	251	151	239	211	21	127	130	196	143	115	
111	253	228	54	245	31	118	184	123	246	61	141	235	124	223	183	159	98	212	111	237	112	252	175	46	95	69	54	206	255	90	212	
1	38	129	215	52	47	106	55	95	235	91	212	247	32	208	164	21	110	124	12	185	248	205	170	140	254	245	176	140	232	80	45	
248	236	180	126	13	93	215	236	219	54	164	25	234	253	79	147	137	226	237	66	108	111	250	187	251	219	85	59	210	125	94	90	
156	244	56	91	27	95	19	252	86	52	165	24	255	211	72	97	49	88	74	122	99	109	123	63	249	201	37	124	114	58	5	162	
229	207	69	69	236	14	111	189	72	184	186	72	211	33	149	119	76	70	124	110	249	120	237	28	44	186	229	52	88	250	210	168	
101	207	69	69	252	14	78	189	64	184	186	76	211	33	149	119	76	70	124	110	249	216	121	28	44	186	229	52	88	250	210	169	
252	20	254	124	13	126	86	41	113	130	239	24	74	249	31	247	216	244	253	42	40	231	211	142	243	255	65	31	107	127	126	6	
130	173	22	153	238	129	188	231	190	19	120	18	172	234	112	64	239	43	51	145	114	92	2	243	60	20	158	234	148	72	161	137	
68	252	187	87	136	108	37	150	170	23	47	20	244	247	73	90	129	118	104	10	19	69	186	96	69	190	86	8	136	115	135	114	
225	35	200	172	252	3	206	249	18	160	216	236	147	2	209	16	94	205	87	237	204	18	205	30	252	133	173	188	13	170	26	9	
212	64	125	229	36	10	111	184	52	162	215	66	215	67	153	67	118	196	125	106	233	244	41	8	228	235	99	132	36	187	65	33	
117	79	95	197	20	14	102	184	116	162	234	64	83	51	129	81	116	204	46	238	232	176	77	78	244	174	231	4	41	179	96	32	
64	82	85	101	34	90	51	48	56	72	114	224	223	23	128	242	54	85	108	98	1	208	161	12	132	255	96	146	40	163	7	49	
34	205	98	218	84	147	238	230	87	64	90	3	104	232	53	96	121	235	19	231	162	187	44	255	62	46	143	136	85	159	112	140	
248	169	156	184	153	201	16	207	186	53	168	25	38	178	64	146	137	219	232	16	26	75	210	51	217	149	20	123	208	72	134	10	
2	140	2	158	148	162	170	231	20	3	90	18	96	234	48	64	121	42	19	129	50	156	8	255	32	38	154	192	148	74	176	136	
45	100	253	117	1	110	77	26	114	242	172	24	83	55	81	59	89	212	80	184	41	246	241	10	79	207	245	52	227	241	66	242	
141	102	12	183	36	15	110	56	116	186	83	84	247	67	155	1	220	108	94	110	237	212	73	62	228	203	239	128	8	185	26	129	
252	104	188	246	41	109	85	142	147	191	164	24	182	51	67	27	137	210	109	90	42	110	202	51	219	215	117	61	208	121	70	42	
225	157	61	255	61	205	71	189	92	92	172	24	247	117	8	113	145	82	104	106	235	40	123	63	229	187	97	28	16	10	196	106	
81	177	123	86	51	221	83	220	235	201	188	76	126	220	78	54	182	115	84	74	135	107	186	113	187	217	1	58	75	131	67	127	
220	181	187	114	153	76	55	200	246	213	37	16	214	215	73	59	49	90	104	122	51	101	186	34	235	137	39	109	192	115	167	114	
216	56	158	244	169	236	117	87	185	27	230	24	191	191	1	91	133	183	253	0	40	239	146	32	211	251	112	27	194	64	167	27	
252	228	188	96	168	77	85	157	99	183	165	24	215	119	72	27	145	148	76	58	122	70	251	16	249	211	117	125	224	112	198	34	
109	125	121	97	240	143	115	220	105	168	124	8	151	209	193	48	180	220	84	122	139	178	248	46	239	253	37	100	64	147	66	163	
252	224	189	96	168	75	85	189	99	191	165	24	215	51	72	27	153	148	76	58	120	70	251	16	251	211	117	125	224	114	198	34	
5	184	17	161	180	207	99	155	126	249	33	92	151	21	72	40	145	24	66	24	179	248	121	22	237	148	5	116	216	137	193	160	
220	180	188	241	168	108	81	31	187	187	183	24	223	55	72	91	133	23	125	24	178	69	219	2	203	219	119	214	128	224	131	51	
232	92	190	126	45	108	87	24	240	142	230	8	242	213	35	123	192	116	109	74	104	103	250	42	227	251	100	25	80	121	86	106	
252	92	190	124	13	118	87	88	240	142	230	0	242	243	35	123	208	244	124	234	105	199	242	10	243	235	226	25	0	113	118	106	
5	182	17	177	180	239	99	159	126	249	35	92	215	49	72	41	145	94	10	56	179	248	121	54	237	150	53	116	216	137	193	176	
130	172	146	153	252	173	184	199	30	27	88	18	172	254	112	72	231	59	179	17	50	120	2	243	12	20	158	234	148	76	161	137	
108	177	252	122	169	93	84	157	79	125	165	40	255	127	206	187	151	83	252	114	158	98	123	177	203	219	117	127	210	223	206	103	
92	164	252	97	135	127	124	139	115	183	167	25	91	59	94	187	51	157	249	186	60	116	189	16	223	203	85	101	227	193	206	2	
237	180	188	123	169	125	84	156	123	123	36	56	255	126	206	251	151	83	252	16	190	96	251	177	207	219	85	127	210	220	206	127	
180	61	125	113	218	75	7	234	49	182	168	40	83	119	77	59	153	223	65	242	105	242	249	46	189	130	69	118	225	120	70	186	
92	164	124	99	139	125	88	141	123	55	167	24	91	91	94	187	51	159	249	59	62	112	249	17	223	203	85	117	227	69	206	2	
232	193	189	103	168	77	69	189	19	62	166	24	211	53	72	51	129	214	125	74	106	108	251	49	237	251	117	116	112	24	198	106	
248	172	240	247	205	249	92	143	27	55	160	27	175	25	90	155	139	203	217	17	62	110	218	179	255	219	84	125	119	92	215	202	
252	36	186	98	157	126	81	73	243	191	167	25	90	189	74	155	153	212	237	51	60	103	185	2	219	203	69	127	227	107	254	66	
232	193	189	103	41	77	69	188	3	62	166	24	211	53	72	59	137	214	125	74	74	108	251	49	237	251	117	52	96	56	198	106	
126	184	178	122	253	221	214	228	219	91	180	57	110	252	62	187	205	243	213	17	190	107	234	177	187	255	84	123	211	92	250	215	
250	172	240	254	141	249	92	143	155	55	164	25	175	153	82	15	139	203	217	17	62	110	218	179	251	219	28	59	118	76	222	206	
252	212	124	126	11	125	85	168	215	54	165	24	123	253	11	251	147	214	236	34	42	103	251	63	211	235	81	63	115	123	78	106	
225	149	21	71	236	14	102	53	232	184	43	76	243	112	156	243	128	102	124	110	241	248	219	44	173	170	101	16	72	34	211	41	
156	244	60	123	10	123	23	236	86	54	165	24	215	87	72	43	19	212	202	106	107	101	123	63	243	195	117	61	112	123	7	34	
242	172	129	186	157	237	80	207	151	179	168	27	38	158	64	211	233	219	107	145	106	111	218	243	153	208	151	127	176	72	6	10	
225	21	21	71	44	14	100	53	232	186	35	76	242	114	152	243	128	102	124	110	241	120	251	44	173	186	229	16	72	32	211	41	
252	60	190	126	141	124	85	107	211	150	165	25	106	253	79	155	217	246	237	35	44	103	250	171	211	251	85	59	227	125	94	66	
236	40	152	250	169	253	86	201	147	190	165	25	207	251	73	155	137	243	237	18	62	71	202	18	219	211	69	125	210	111	14	2	
242	172	161	184	157	237	80	206	31	51	160	27	38	31	73	219	233	219	201	145	122	79	219	179	153	208	151	127	176	72	34	14	
65	166	213	71	52	43	110	54	124	171	187	88	243	97	156	176	17	102	108	46	177	248	77	46	172	142	53	16	200	235	208	32	
229	86	5	71	52	31	74	184	124	234	163	92	211	18	157	243	208	68	124	126	237	244	125	30	168	186	165	20	8	161	80	53	
5	99	213	71	164	31	110	56	125	160	123	68	211	32	157	182	22	76	108	110	193	240	205	8	44	190	101	4	204	243	72	173	
96	172	23	186	88	165	162	235	174	17	232	8	244	210	40	80	233	187	106	129	3	7	154	119	181	166	10	104	24	2	35	130	
214	172	17	186	201	173	0	203	191	19	160	25	182	210	96	216	233	187	106	129	43	79	218	119	153	150	155	126	16	0	163	138	
240	164	156	58	25	233	16	206	187	55	160	25	166	211	74	27	137	155	233	16	58	111	202	51	217	209	16	123	208	8	14	10	
224	164	30	186	89	169	176	231	190	19	225	25	230	194	40	72	201	35	106	0	54	111	146	119	145	150	26	91	16	72	171	138	
5	103	213	71	164	15	102	56	125	170	123	68	211	33	157	182	18	76	108	110	193	240	93	8	44	158	101	4	206	251	66	37	
69	252	153	86	136	108	39	140	186	83	47	24	246	247	73	122	145	94	104	26	83	65	186	99	237	190	86	104	192	115	135	112	
229	148	31	126	104	46	110	56	237	90	163	92	246	115	12	115	213	214	124	46	253	197	91	109	243	186	96	80	8	163	200	17	
100	188	157	254	201	100	84	191	187	146	160	88	126	247	73	251	149	247	125	34	123	67	154	51	187	255	85	62	176	112	134	50	
46	188	182	122	253	253	212	230	219	91	180	57	110	252	54	187	205	243	213	5	190	107	202	177	187	219	84	251	218	124	250	215	
152	244	60	127	11	123	23	252	86	54	164	8	247	83	11	105	51	212	202	106	105	103	123	63	243	195	101	61	114	123	5	34	
109	70	85	109	20	14	102	188	116	160	226	68	211	35	129	213	80	196	42	110	105	240	77	14	228	174	103	4	106	187	64	40	
224	164	18	186	205	173	144	101	184	19	161	25	230	203	44	89	201	163	107	19	54	111	138	247	145	210	90	123	80	2	235	130	
197	197	149	87	137	108	37	167	184	115	163	24	214	54	76	123	129	86	120	42	113	69	251	98	165	186	86	28	136	113	195	56	
65	134	213	71	52	47	110	51	126	171	59	88	243	32	156	182	17	102	108	44	177	248	77	46	44	142	37	16	200	234	208	41	
197	68	181	87	137	108	37	135	120	115	39	16	214	55	76	127	129	86	120	10	113	68	251	34	197	186	86	16	192	113	199	122	
133	118	12	183	36	47	110	184	52	186	83	84	215	66	25	121	213	76	92	46	237	212	89	62	196	251	241	144	8	251	26	145	
255	172	228	119	197	89	126	168	251	243	62	153	235	125	94	182	179	231	245	15	238	240	255	163	111	255	69	55	231	246	218	102	
130	188	22	153	252	129	188	231	158	27	80	50	172	254	112	72	239	59	51	145	114	92	66	247	12	22	222	234	148	8	161	137	
80	59	251	100	42	200	17	23	169	141	62	108	190	151	192	54	166	117	236	0	130	41	162	65	211	245	32	155	64	130	7	123	
252	236	188	250	205	237	86	206	147	19	164	25	47	249	105	27	201	219	203	82	62	111	218	179	219	219	85	123	210	89	202	10	
248	236	188	126	77	125	87	168	211	118	36	25	123	253	75	27	145	214	237	98	106	101	186	63	219	235	85	61	114	123	94	106	
60	65	102	109	28	26	66	120	101	160	246	10	75	73	181	81	120	228	78	234	200	179	101	140	242	233	161	20	103	171	114	128	
229	20	21	71	29	126	99	56	236	250	163	92	210	18	29	247	128	68	120	110	169	229	249	14	133	186	193	20	8	33	81	52	
113	56	251	82	83	221	115	112	233	201	36	8	58	252	14	52	166	242	212	64	135	235	178	105	51	220	20	10	107	2	78	255	
72	51	249	101	48	74	51	48	105	236	126	104	223	23	192	48	150	92	68	96	145	176	225	8	229	245	37	146	64	162	71	115	
118	244	147	254	217	103	23	204	187	163	169	8	86	246	105	50	145	223	113	146	59	67	186	51	185	244	77	62	128	115	167	50	
120	186	220	48	168	205	81	223	163	253	164	93	23	183	66	26	165	135	237	20	159	75	242	17	219	193	53	253	232	192	142	91	
141	235	154	251	164	173	110	152	62	24	82	68	215	193	217	105	183	74	54	94	199	240	139	49	198	249	39	204	202	219	219	129	
208	47	20	255	141	171	100	71	238	162	234	16	162	163	64	219	233	230	106	16	122	237	195	98	180	160	151	16	144	88	228	40	
197	220	153	94	137	108	39	140	186	211	37	24	246	247	77	126	129	118	104	90	115	68	250	99	173	190	87	106	128	115	135	114	
241	149	31	126	40	14	108	58	233	90	163	92	118	118	8	115	132	214	124	46	253	9	147	109	243	186	112	80	8	161	232	17	
188	236	184	250	141	189	86	206	211	23	164	25	43	249	105	27	201	219	205	82	58	111	218	179	251	217	84	123	242	89	206	138	
141	243	27	251	164	173	104	156	126	25	83	68	151	209	217	169	150	10	54	95	211	240	203	49	196	249	38	196	200	155	219	161	
229	103	72	167	116	11	110	184	120	168	123	252	215	0	154	16	30	204	70	111	172	146	205	46	236	137	173	180	12	187	218	128	
45	232	228	119	213	95	126	172	251	246	54	137	251	124	95	183	187	198	245	79	230	240	255	169	111	255	69	53	231	191	218	214	
165	103	72	167	116	11	111	168	56	160	123	252	215	33	154	16	90	206	70	111	44	178	205	62	236	128	173	180	12	187	90	128	
228	48	185	99	137	109	81	136	99	185	37	24	214	215	73	26	145	28	104	80	26	102	251	16	207	153	17	125	192	3	70	34	
54	244	117	97	210	75	211	232	49	176	224	136	83	95	13	49	251	221	67	240	41	242	121	12	61	194	5	55	97	42	70	178	
244	172	150	186	141	169	84	199	159	23	161	25	230	235	104	25	201	163	106	16	62	111	74	179	153	210	90	123	208	73	175	2	
200	188	156	114	169	237	80	159	187	59	164	24	190	191	64	27	133	83	236	16	50	75	218	51	207	219	84	126	194	64	131	11	
165	112	157	87	137	79	69	184	120	250	33	88	214	49	77	187	145	84	80	106	97	244	249	10	5	154	69	52	72	121	66	160	
228	36	61	113	137	109	81	136	243	187	165	24	150	85	73	59	129	88	104	114	58	102	250	18	203	153	65	127	210	73	70	162	
104	116	191	124	44	100	85	28	224	142	228	8	242	245	3	123	192	244	108	42	104	103	242	8	211	187	116	24	130	113	118	106	
2	188	150	153	246	169	184	199	30	27	90	50	172	170	112	72	247	59	19	145	50	216	3	247	12	22	158	226	148	72	161	137	
92	52	156	241	168	44	81	27	187	187	183	24	223	55	72	90	135	23	125	24	58	69	219	2	203	255	119	212	130	224	131	35	
45	125	121	97	244	15	103	252	113	168	124	8	147	17	145	48	54	220	6	122	233	176	232	46	231	205	37	164	96	154	194	169	
88	184	150	254	139	236	52	199	187	27	228	25	62	255	96	90	167	243	253	16	26	75	146	225	219	243	94	75	130	68	167	27	
48	172	16	186	217	173	166	207	190	19	168	24	182	242	96	24	233	187	74	128	58	43	218	119	189	134	27	120	208	80	163	138	
236	190	148	186	185	233	80	137	187	55	161	57	142	211	72	155	129	155	232	16	62	71	218	51	137	208	21	127	208	65	142	2	
197	99	220	71	180	31	110	184	126	168	115	68	211	96	157	114	16	68	108	110	225	244	253	14	172	186	37	20	72	179	73	37	
5	157	53	243	180	207	103	184	126	249	42	24	214	117	8	49	177	86	92	122	51	248	57	63	237	142	37	116	248	10	133	112	
101	148	157	126	232	108	102	184	232	90	107	92	214	115	8	123	181	71	122	110	113	99	155	65	213	170	99	12	72	115	195	16	
109	225	248	105	58	93	83	152	75	116	44	8	223	93	74	50	6	80	248	120	206	32	255	49	111	221	5	125	114	139	78	98	
205	109	20	123	236	168	238	133	238	18	235	88	231	225	217	210	35	230	106	90	114	52	203	114	164	233	38	8	192	243	203	0	
48	180	221	117	153	79	69	238	176	182	160	8	83	119	1	51	233	247	108	160	41	235	249	46	185	194	69	52	225	96	6	250	
197	84	29	119	52	62	66	184	124	234	163	92	214	80	157	243	145	68	124	110	233	244	89	46	165	186	97	20	72	51	89	37	
124	33	190	96	205	110	83	200	227	189	175	8	82	253	75	58	217	212	109	122	24	99	186	0	219	207	101	125	227	99	118	98	
232	224	253	119	44	77	71	156	115	55	167	24	119	21	73	59	1	84	109	74	106	100	251	51	231	235	117	60	98	251	198	106	
104	169	252	122	109	217	83	140	203	21	164	9	255	221	90	50	138	210	241	89	94	42	250	177	207	217	20	123	247	142	86	202	
149	227	155	233	180	15	110	152	127	8	115	64	215	211	153	121	151	76	92	94	207	240	73	48	164	248	37	4	8	243	73	1	
197	149	21	103	172	14	102	184	120	186	99	92	247	112	136	243	144	70	120	106	241	244	219	45	165	170	97	84	72	163	195	33	
252	225	189	96	200	79	69	189	115	183	165	24	87	55	72	59	17	212	108	42	120	103	249	0	251	203	117	117	98	242	198	34	
21	156	53	225	188	207	67	184	94	121	34	24	214	85	8	49	147	22	78	40	51	121	121	31	233	138	37	116	112	8	133	115	
133	175	16	235	164	12	110	152	126	26	122	64	215	226	217	113	183	78	108	126	214	244	203	48	172	249	39	36	232	242	139	128	
197	135	21	71	60	46	98	184	236	169	43	76	211	96	152	243	16	70	108	110	177	225	201	47	44	174	37	20	200	227	203	33	
197	172	16	251	236	185	110	172	238	178	106	88	247	225	217	211	163	238	110	154	114	48	203	50	172	253	39	8	192	243	171	128	
96	172	16	186	217	173	68	207	186	27	168	8	166	210	64	88	201	171	74	16	58	107	218	117	189	150	26	122	208	80	227	138	
84	188	145	254	233	100	87	174	186	243	160	24	214	247	72	123	145	223	120	34	57	75	250	51	185	246	95	62	144	112	135	50	
124	80	252	125	139	123	87	152	198	54	164	8	211	119	11	123	19	212	232	106	8	99	123	17	211	203	69	61	242	251	4	98	
196	236	185	95	136	108	103	143	250	83	175	24	246	247	73	126	17	86	120	26	115	101	251	35	233	174	87	92	192	115	199	98	
56	164	156	243	205	109	84	207	3	59	161	27	10	57	72	27	169	214	205	16	30	107	219	177	219	211	213	127	243	72	214	138	
124	40	190	96	133	110	81	210	225	190	167	25	83	189	83	59	201	212	109	58	24	227	184	0	219	203	229	117	227	115	118	98	
108	161	252	107	171	89	93	137	235	53	36	9	255	125	74	58	131	211	249	88	22	96	255	177	207	219	85	125	242	134	206	66	
232	236	189	127	44	77	87	156	243	54	36	8	247	117	73	59	129	212	125	74	106	100	251	51	231	235	117	57	114	249	70	106	
149	84	157	117	132	47	70	154	124	250	131	84	214	114	9	123	145	70	124	46	173	197	121	46	129	187	113	20	136	113	73	17	
124	164	188	126	205	125	84	232	211	179	165	25	106	249	75	27	137	214	233	34	42	99	218	177	219	235	85	59	243	125	94	10	
197	84	29	87	20	46	98	56	252	250	163	92	214	80	137	123	145	68	124	106	161	229	121	46	129	186	97	20	72	113	65	49	
124	164	188	118	77	125	87	232	195	183	173	9	127	253	75	59	153	214	233	74	10	99	218	177	219	219	85	61	114	123	94	170	
120	161	252	123	207	217	84	141	107	53	165	9	255	121	90	26	163	210	241	25	30	104	251	177	223	219	85	125	247	222	222	202	
197	103	88	37	244	42	110	139	120	162	122	216	215	96	155	112	51	204	76	110	228	180	205	110	180	173	39	4	108	243	203	0	
149	80	157	249	180	143	66	154	127	8	242	80	215	82	137	120	183	12	92	124	171	244	17	31	169	190	55	84	152	145	201	1	
236	108	188	126	105	105	83	152	147	182	164	8	247	243	75	27	129	242	237	90	42	102	202	49	207	211	117	57	242	121	70	42	
229	83	221	69	52	14	102	56	126	168	51	92	211	96	157	115	22	68	108	110	225	244	93	46	172	186	37	20	72	179	201	5	
81	184	123	82	90	204	147	216	235	89	168	72	58	220	12	50	166	211	80	64	135	107	186	101	83	156	17	10	73	2	103	191	
52	180	29	99	155	71	23	232	162	180	160	8	86	119	73	51	153	213	72	242	105	195	249	44	249	130	77	54	97	50	6	178	
197	79	88	5	180	30	238	146	124	162	122	64	211	66	153	240	118	68	108	110	229	176	197	110	164	174	39	4	72	243	203	36	
197	103	216	37	244	26	110	184	124	162	123	72	215	96	153	112	55	205	108	110	237	180	205	78	164	173	39	4	76	243	75	1	
69	164	177	87	129	108	103	142	122	83	47	24	214	247	73	126	145	94	120	10	51	100	251	35	237	190	86	92	192	115	199	98	
85	177	121	72	26	77	19	248	235	89	185	72	126	222	76	48	182	153	84	98	143	99	186	85	243	252	1	62	73	2	99	119	
101	79	197	69	244	10	102	176	116	160	234	68	227	35	153	246	80	100	106	110	193	180	205	46	36	190	199	0	74	243	104	36	
77	185	252	97	42	93	89	152	171	113	36	8	223	191	202	50	135	85	252	88	150	40	251	17	207	221	69	125	242	170	15	98	
101	148	159	124	232	110	100	186	232	90	162	92	214	114	8	123	161	215	120	42	113	11	147	109	213	170	114	92	8	97	99	51	
197	103	28	183	180	31	102	184	124	170	83	92	215	80	153	49	150	76	92	110	229	244	205	46	228	251	39	132	8	187	219	129	
133	231	28	181	36	15	102	184	124	186	82	84	215	64	153	49	150	76	76	110	229	244	69	46	228	251	101	132	8	185	219	129	
124	169	238	118	141	88	117	204	227	245	183	9	91	253	94	191	169	198	253	218	30	123	251	161	123	251	213	87	231	158	254	110	
5	77	87	229	116	10	103	176	116	160	98	64	247	115	137	245	114	100	42	106	97	144	69	46	164	174	103	0	104	187	65	32	
196	207	23	191	200	171	102	134	166	179	107	80	231	227	40	223	97	102	106	94	114	244	75	34	172	162	86	64	136	83	193	136	
93	41	254	97	129	127	125	146	226	245	174	8	223	55	67	58	41	212	121	152	24	193	185	64	223	203	245	117	227	242	78	98	
124	172	22	186	141	169	84	199	191	23	161	25	230	227	104	153	201	187	232	2	58	107	202	177	153	214	82	123	208	89	174	130	
116	85	189	101	10	75	23	168	70	182	172	8	215	119	11	58	18	212	106	106	73	35	123	24	247	135	69	53	112	123	6	98	
72	113	115	101	114	79	51	48	105	224	106	236	159	21	128	48	22	93	68	106	193	176	181	12	101	253	32	0	104	162	71	177	
2	141	2	140	148	131	142	103	4	0	90	2	40	170	32	64	72	43	19	192	82	136	0	253	32	36	138	192	20	8	176	8	
65	152	157	124	232	108	37	183	234	123	162	88	150	51	1	123	193	119	120	8	17	75	211	68	221	174	114	92	152	112	35	58	
252	205	61	118	136	73	69	188	226	54	166	24	87	117	72	51	33	214	108	106	120	101	187	49	251	235	101	52	114	240	198	98	
124	225	248	96	141	93	83	200	99	61	172	10	27	221	88	18	41	208	253	88	90	43	251	145	251	205	5	117	227	10	214	34	
193	92	29	121	176	174	100	183	252	58	162	88	214	18	1	121	165	21	124	56	161	237	81	94	173	170	54	84	200	80	1	41	
124	161	158	98	237	77	84	205	131	185	169	9	66	185	72	26	201	214	237	48	26	99	202	145	219	221	21	127	194	10	222	2	
5	177	157	103	184	76	103	152	106	217	107	64	215	115	73	58	145	94	120	122	19	240	251	32	237	141	39	4	200	114	163	178	
85	149	61	117	140	79	71	184	238	122	42	8	215	117	0	115	17	84	124	106	33	97	123	31	233	207	101	84	112	43	68	99	
125	113	187	100	85	86	99	80	96	232	238	8	83	23	81	48	56	204	84	250	73	178	241	8	249	205	165	40	225	50	102	98	
193	157	157	117	32	14	100	186	112	186	98	92	215	49	128	123	48	70	108	106	113	252	211	9	133	170	101	4	72	225	195	33	
69	92	29	109	204	46	100	186	104	58	162	76	214	51	1	123	129	85	122	106	161	32	83	94	205	190	103	84	200	113	67	33	
85	52	157	119	176	110	71	29	112	235	43	88	247	113	201	59	17	86	124	58	41	240	249	10	169	175	53	16	232	115	194	32	
124	225	120	104	29	93	83	220	67	61	173	10	83	85	88	48	56	216	93	122	90	35	185	21	123	205	133	125	115	155	214	98	
245	53	221	102	168	111	71	184	224	186	175	24	211	117	65	59	17	214	108	122	57	97	249	42	235	137	101	116	192	235	70	32	
60	225	152	226	205	77	82	205	195	49	169	8	66	217	72	18	216	146	233	80	26	35	219	145	251	221	133	127	210	10	222	130	
149	167	144	109	160	14	100	187	127	186	106	64	151	242	193	113	151	77	108	44	236	240	193	90	168	184	103	4	8	240	131	1	
205	197	29	101	44	46	102	184	112	186	98	92	215	113	153	115	16	68	108	110	241	244	251	47	172	170	101	4	72	225	75	1	
197	167	146	237	160	46	108	171	126	178	106	64	215	226	201	113	179	78	108	40	96	208	139	26	172	184	103	36	168	240	1	0	
112	169	145	186	25	205	64	206	138	57	168	8	166	242	64	156	201	170	74	80	26	107	218	49	153	150	86	123	208	26	74	142	
145	37	159	225	160	14	104	27	126	186	106	84	150	146	193	121	181	31	76	8	235	248	17	80	140	184	118	4	8	64	33	9	
197	197	150	149	136	42	102	175	174	146	106	64	229	226	41	214	113	110	106	110	99	209	139	123	172	162	71	4	168	243	169	4	
145	35	147	89	160	46	100	15	126	130	106	68	151	194	193	89	179	14	44	60	75	248	131	64	140	184	119	4	72	224	65	40	
48	173	144	187	217	173	6	207	182	27	160	8	166	242	64	156	201	234	74	16	26	107	218	49	189	150	23	123	208	89	139	138	
193	5	23	69	20	10	100	35	124	130	106	64	247	99	137	244	50	36	106	44	97	144	21	14	164	174	7	0	72	248	105	44	
101	103	221	69	112	14	103	56	120	162	107	72	211	96	153	51	18	68	108	106	225	240	205	14	36	174	101	4	104	243	66	1	
197	71	26	101	244	46	110	187	124	162	106	64	215	98	145	112	114	108	108	110	228	176	197	78	164	175	167	4	72	240	75	0	
229	77	221	69	48	14	103	184	120	226	106	68	211	49	129	115	18	68	108	106	225	240	213	14	228	174	101	4	104	241	66	33	
65	7	95	69	180	14	102	59	124	160	106	64	211	34	129	116	114	68	104	44	65	184	197	14	164	174	39	4	40	240	65	172	
116	228	188	114	137	105	85	133	130	183	173	25	198	245	72	26	137	82	233	18	26	107	218	48	203	199	85	127	208	122	198	34	
197	103	28	37	180	14	110	187	124	170	114	84	215	34	145	113	23	77	76	108	229	244	65	14	236	249	39	4	72	240	139	129	
197	116	29	117	32	46	102	186	124	250	34	84	214	80	137	123	149	68	124	110	225	228	89	46	229	187	97	20	72	113	67	33	
124	161	184	110	141	89	87	200	195	53	173	8	115	249	75	18	153	214	233	74	26	99	202	49	251	205	5	61	242	123	86	34	
197	20	157	117	137	110	70	155	124	251	35	88	214	114	9	123	145	86	120	58	177	228	123	8	133	187	71	20	200	113	129	51	
197	92	29	117	40	46	99	186	248	250	34	92	214	113	137	123	129	68	124	106	161	228	241	14	197	171	97	20	72	113	67	33	
84	165	189	82	137	77	71	172	234	182	172	8	247	245	73	58	145	82	104	122	90	99	186	44	249	207	69	61	192	115	199	98	
112	144	189	236	14	78	85	58	202	118	166	8	215	53	32	115	3	84	108	42	9	41	251	29	209	171	97	52	112	42	68	99	
129	124	29	117	160	46	100	191	124	186	98	84	151	50	129	123	135	4	92	44	229	252	81	14	164	186	119	4	72	240	75	9	
124	161	252	126	141	125	86	200	195	181	173	8	111	249	75	26	137	214	233	2	26	99	154	49	219	207	85	63	243	123	78	2	
124	225	248	106	157	89	83	200	227	165	173	9	91	221	94	50	88	212	253	122	90	35	251	160	251	237	5	125	231	175	254	98	
21	248	61	113	146	207	97	176	230	240	162	8	247	87	64	48	35	48	124	56	35	225	57	60	201	202	101	116	224	8	5	99	
212	228	189	118	152	108	87	142	242	151	172	24	247	247	73	123	129	86	104	58	58	101	251	35	233	235	69	125	192	113	199	106	
124	9	249	101	136	75	87	184	70	164	174	8	211	117	67	50	25	212	108	74	72	35	251	16	251	197	69	53	240	250	6	98	
84	180	157	254	136	108	69	174	186	243	160	24	247	247	72	123	145	215	120	0	59	75	251	49	201	227	117	60	144	112	135	98	
112	180	157	117	8	79	71	238	160	183	170	8	215	119	0	50	201	246	108	160	9	235	251	45	249	199	85	52	97	34	6	122	
2	157	150	155	182	163	188	231	62	17	90	178	172	254	32	65	231	59	187	145	50	217	3	255	172	22	30	194	148	64	161	137	
76	48	188	241	168	44	81	27	171	187	183	24	223	55	72	90	135	151	125	24	186	69	251	0	219	251	117	212	128	224	131	35	
41	37	123	101	244	15	111	246	113	168	124	72	115	19	145	48	62	238	6	106	249	186	108	46	102	143	37	128	97	250	194	169	
72	184	188	114	169	237	81	159	251	59	164	24	190	191	64	27	133	91	236	16	50	74	250	49	207	219	84	126	194	64	131	11	
90	184	150	186	139	236	48	199	191	23	160	25	46	254	100	90	163	243	233	144	50	75	154	225	155	243	94	75	128	68	167	91	
65	177	57	96	120	79	147	250	106	232	160	8	150	95	4	48	158	89	81	98	195	98	219	85	245	152	43	62	73	32	35	179	
197	28	157	117	136	110	68	155	252	243	162	88	214	50	1	123	129	86	120	58	57	229	115	42	129	171	87	20	136	113	129	50	
133	92	29	101	164	46	100	190	124	186	98	84	215	50	129	123	149	69	124	46	229	244	81	14	228	251	103	4	8	240	11	1	
100	225	185	98	213	201	71	140	66	165	45	8	82	245	72	48	153	218	80	122	91	50	250	49	111	141	5	125	240	59	214	34	
76	165	177	98	205	76	71	168	99	240	40	8	214	117	73	50	145	214	120	122	91	96	251	51	253	158	5	124	224	114	198	34	
73	81	17	101	21	79	99	24	103	224	42	72	222	87	65	116	17	212	120	106	65	48	121	31	173	190	5	52	82	171	64	32	
73	25	149	117	169	78	36	182	234	250	106	64	151	51	65	250	129	118	120	8	17	120	209	0	237	186	119	36	138	112	3	185	
112	24	185	108	10	79	67	56	98	36	174	8	215	55	1	114	16	244	108	104	9	41	251	29	217	175	113	20	112	170	4	106	
77	61	149	101	177	78	71	154	115	251	174	88	222	113	201	190	17	84	124	122	57	240	249	8	237	190	69	20	202	241	194	33	
111	167	192	26	205	49	204	235	83	251	189	221	72	232	222	190	93	206	242	175	190	106	207	243	30	94	213	255	223	239	218	132	
76	48	156	244	168	44	89	27	171	187	167	24	223	55	73	90	135	87	125	24	24	69	251	0	219	251	119	116	128	225	131	51	
73	220	149	101	160	46	101	182	112	250	106	96	223	51	129	255	3	92	108	106	233	252	241	8	132	250	117	4	106	241	67	33	
236	53	181	71	137	110	71	60	113	186	47	88	210	113	73	63	17	214	108	58	57	112	249	14	239	154	69	116	226	243	198	33	
45	229	225	75	205	63	198	223	83	251	121	76	74	248	220	188	89	206	18	46	223	114	254	146	47	94	133	62	219	254	210	180	
193	29	21	85	178	142	36	55	124	170	34	116	183	51	129	115	7	55	108	56	97	220	81	78	164	170	118	0	8	192	129	41	
33	173	123	87	244	175	239	247	116	202	126	64	113	99	180	52	127	110	22	106	241	184	45	110	110	174	37	128	103	250	226	161	
82	184	158	184	203	192	48	207	191	149	160	57	46	254	100	90	163	243	235	144	18	75	154	241	155	211	95	107	176	64	167	75	
88	184	152	113	169	237	80	159	187	57	164	24	191	187	72	26	133	95	236	24	26	105	219	51	203	223	53	124	194	64	195	11	
108	225	216	104	253	205	82	205	195	189	173	9	6	217	72	16	216	208	204	112	90	35	218	16	251	221	5	127	208	11	206	130	
88	124	159	117	176	110	71	151	240	171	166	88	215	55	129	123	1	118	108	42	41	229	177	42	225	175	101	16	226	241	198	33	
124	41	185	102	156	79	87	152	98	164	172	8	83	245	65	48	24	222	108	74	73	42	249	56	251	205	37	60	112	186	70	106	
84	173	185	102	136	109	71	175	226	190	172	8	247	245	65	50	145	214	108	58	26	107	251	58	249	207	101	61	224	114	198	106	
116	225	184	102	141	109	87	200	194	189	173	9	83	249	73	18	153	210	109	82	26	99	138	49	251	197	37	125	240	123	198	34	
124	97	251	96	252	93	83	221	67	164	172	8	19	209	65	48	88	220	68	120	88	43	248	0	251	205	37	125	227	187	86	34	
61	0	107	108	84	19	75	120	68	192	245	66	83	201	185	96	120	172	22	234	201	179	36	12	82	233	161	128	119	171	112	224	
208	92	31	117	162	238	53	182	188	178	38	16	182	55	1	123	165	119	105	0	33	221	49	46	225	163	118	0	0	113	7	59	
64	28	31	117	160	108	37	55	180	26	98	112	183	183	129	123	5	54	104	8	113	220	179	52	197	170	118	0	128	112	5	41	
116	225	121	104	28	93	83	248	67	164	172	8	83	213	91	48	88	220	84	122	74	35	248	28	251	205	5	125	113	187	86	98	
217	124	29	117	32	78	101	178	240	186	34	88	151	51	129	59	129	116	108	106	225	252	241	14	197	171	101	20	72	241	67	33	
80	153	159	253	130	236	37	167	186	27	106	64	183	183	96	122	161	127	105	8	17	217	178	32	193	166	118	0	160	112	135	187	
80	168	189	245	168	235	17	174	186	183	162	24	247	183	64	122	129	119	108	16	57	73	251	17	217	227	117	53	128	96	135	98	
112	176	185	103	8	77	67	134	34	169	234	8	247	119	64	48	153	246	108	0	9	11	251	51	249	199	53	112	96	42	134	106	
37	33	67	68	212	79	195	121	113	200	125	76	51	209	212	52	88	232	18	124	201	178	252	12	45	28	133	44	75	170	114	244	
16	185	191	117	0	206	65	147	230	176	162	0	183	151	64	50	32	118	108	88	75	201	179	40	201	131	37	20	32	160	7	42	
201	28	23	117	178	238	37	55	244	178	98	112	183	51	128	115	7	54	104	24	33	220	81	14	237	170	118	0	40	192	129	41	
193	0	18	13	20	10	96	35	116	130	226	16	179	34	128	112	48	44	106	44	32	188	197	14	148	174	18	0	64	128	97	8	
201	124	21	117	160	142	100	55	124	170	98	112	191	50	129	123	135	39	124	40	225	252	81	78	164	186	118	0	72	240	129	41	
32	225	144	42	25	205	82	204	134	53	168	9	166	210	106	16	200	138	232	80	78	43	218	49	185	213	20	127	80	10	14	10	
73	28	21	117	168	174	36	55	236	186	34	116	188	51	129	123	135	55	126	8	225	220	81	94	165	174	118	0	72	64	129	41	
112	225	148	170	25	205	2	204	134	61	160	9	166	210	106	144	200	10	106	80	30	43	90	49	153	213	21	127	80	26	142	10	
2	157	22	155	186	163	190	166	174	17	218	163	236	254	32	64	231	115	255	193	82	137	11	255	172	246	222	195	20	86	165	27	
37	225	17	76	85	79	99	248	67	224	108	8	114	241	92	180	24	72	18	110	67	50	120	29	61	28	5	108	90	170	82	180	
109	161	177	100	217	79	67	168	99	225	40	8	214	119	72	48	145	220	120	120	11	34	251	31	253	158	5	124	224	34	70	34	
77	161	189	101	137	78	71	136	106	240	160	8	215	119	73	114	145	86	120	88	11	66	251	17	205	190	69	60	128	50	7	34	
205	76	85	101	48	14	101	182	120	162	34	80	223	50	129	247	18	68	104	106	225	244	213	14	228	251	101	4	74	177	67	33	
105	117	17	104	93	79	67	88	103	224	104	8	86	213	64	52	152	220	82	104	73	50	249	31	125	156	5	60	106	10	66	178	
81	130	134	57	8	137	96	104	230	16	226	76	227	194	72	83	112	12	104	36	14	203	195	17	152	166	67	76	232	32	107	132	
127	110	228	21	141	57	92	138	195	246	174	157	74	232	215	158	89	198	236	46	204	103	239	130	26	95	197	55	231	252	222	70	
126	188	224	26	139	113	23	206	131	247	141	191	74	252	95	158	205	211	249	147	142	71	254	241	91	87	221	191	183	125	190	86	
92	32	156	244	168	108	89	27	170	179	167	24	215	183	73	90	129	215	125	24	24	65	251	0	219	235	117	124	160	225	67	34	
33	141	115	95	244	171	239	247	125	192	126	66	121	225	180	164	123	106	22	8	177	184	37	239	44	62	54	192	79	248	241	173	
82	184	218	184	155	192	48	207	190	5	232	179	44	254	100	80	163	251	239	144	18	75	130	243	217	231	31	235	177	0	167	203	
248	184	152	113	185	237	80	159	187	57	164	24	159	187	72	26	133	87	236	24	58	105	219	51	203	223	21	124	194	64	194	10	
116	173	249	100	186	73	87	191	98	172	60	40	119	247	201	50	19	214	108	120	26	106	235	49	251	133	37	125	224	242	198	107	
71	179	141	51	170	57	54	157	174	249	155	237	198	230	203	218	151	71	236	119	151	65	143	113	136	23	127	254	140	119	139	85	
103	235	200	17	236	29	206	191	91	249	60	93	66	232	214	180	217	206	114	92	157	122	206	178	46	31	213	252	221	172	218	132	
101	177	241	66	197	77	103	188	99	235	44	72	82	241	204	52	25	222	98	74	209	114	248	48	63	156	5	126	195	250	198	164	
94	114	158	164	170	8	28	152	170	190	138	237	205	230	203	90	167	213	237	231	196	69	143	96	216	231	111	189	164	119	175	83	
100	233	249	98	244	201	71	156	67	173	60	40	82	245	201	48	25	218	68	122	26	50	234	49	127	140	37	124	224	251	198	34	
36	240	209	66	245	109	71	220	67	169	61	8	18	241	201	60	25	222	68	26	11	50	248	48	127	156	37	124	243	219	198	160	
37	173	97	74	213	221	231	252	67	224	108	72	114	241	221	180	24	202	18	124	219	58	120	61	45	28	133	124	219	186	210	172	
201	124	151	85	161	62	100	182	249	186	34	88	158	51	133	191	129	116	108	8	225	252	177	74	7	250	85	18	74	241	67	45	
87	91	213	165	162	26	62	184	41	232	26	237	204	42	133	214	182	69	253	103	197	208	205	232	172	118	111	150	12	246	9	29	
105	169	123	108	120	203	67	87	99	233	124	8	54	215	64	48	24	190	86	72	11	58	225	59	125	188	37	120	98	138	198	107	
111	39	128	81	237	61	198	159	91	251	61	92	202	104	223	190	153	78	114	30	149	114	221	162	14	94	213	126	202	253	218	132	
109	185	145	65	245	92	98	154	123	249	40	72	158	177	68	182	145	78	112	88	131	120	250	98	47	28	5	110	202	116	218	166	
72	93	151	85	161	238	101	55	185	138	110	64	190	183	1	255	133	118	232	8	97	216	177	72	225	250	84	2	130	240	7	56	
254	101	228	20	141	123	85	170	209	246	134	191	74	108	223	143	25	230	232	102	252	103	255	138	251	91	197	55	231	252	222	86	
35	171	104	72	252	153	200	167	75	172	188	205	130	40	214	52	73	174	70	28	156	122	228	148	46	24	53	245	77	140	218	141	
71	246	229	3	170	58	175	152	126	251	19	244	221	102	223	239	23	71	124	63	151	192	239	64	12	58	111	198	140	247	129	117	
88	232	59	244	34	200	55	166	177	4	110	40	62	151	0	80	34	255	237	64	64	25	160	98	249	164	52	67	34	0	167	107	
130	144	154	153	96	165	184	2	62	27	80	48	172	158	96	72	199	59	51	17	18	156	2	209	13	16	26	194	144	0	33	131	
41	185	0	65	93	157	226	218	123	232	108	76	26	145	84	180	157	72	82	92	135	58	218	223	47	92	5	46	91	12	74	148	
72	185	145	116	217	204	113	134	251	224	42	8	158	183	64	182	129	118	120	80	1	89	178	98	189	182	21	102	130	32	7	42	
223	246	173	23	170	124	151	190	250	255	31	253	254	244	222	175	149	70	252	39	247	69	239	35	232	39	125	214	202	119	151	117	
46	163	224	26	205	49	220	203	83	247	189	191	73	236	223	158	89	203	227	149	158	98	238	242	30	94	221	255	247	253	222	196	
135	95	237	5	242	10	175	176	60	234	86	230	253	38	147	99	54	69	62	239	225	212	37	110	100	42	111	128	44	242	1	241	
86	94	222	180	162	106	55	162	184	190	46	161	79	167	35	91	39	119	237	98	80	209	137	106	240	231	109	135	160	241	167	83	
130	160	155	153	36	169	57	2	62	17	82	80	148	130	96	72	231	41	51	16	18	220	67	209	4	22	26	192	148	8	1	137	
237	110	196	69	205	63	196	170	91	182	38	92	75	40	87	191	9	196	232	110	236	116	245	138	14	90	69	53	231	253	90	4	
96	235	25	42	56	201	82	204	134	60	160	105	230	209	104	16	136	144	78	82	78	43	74	53	249	148	33	127	80	11	6	11	
71	243	148	135	170	58	190	184	42	250	26	237	204	98	203	223	183	69	236	119	149	64	207	224	140	54	111	182	140	247	139	21	
89	2	148	13	16	10	97	43	118	161	226	80	147	34	192	241	64	44	104	8	41	220	199	28	140	166	114	16	8	0	105	40	
121	48	140	61	25	90	81	27	230	245	166	29	139	4	2	255	0	132	232	12	13	235	247	29	219	227	80	21	74	36	94	92	
95	178	172	84	169	94	157	184	243	255	150	237	251	125	218	175	151	86	253	45	255	65	255	153	203	123	125	255	142	228	31	119	
79	179	173	5	40	95	17	184	46	253	151	236	223	116	203	110	151	84	252	125	151	64	239	17	204	123	109	246	142	166	15	117	
45	173	144	81	245	189	230	199	91	233	120	92	138	184	214	188	137	110	114	28	151	122	212	226	46	92	21	126	202	125	218	132	
2	148	27	185	178	229	185	66	30	9	88	115	180	158	32	72	231	27	19	145	18	156	18	87	77	6	58	194	144	64	37	147	
79	243	237	5	170	30	191	152	110	252	23	228	221	102	223	110	23	84	125	126	193	208	237	72	78	59	111	132	140	183	1	117	
124	123	88	165	50	11	26	184	42	172	58	237	103	11	195	16	150	221	205	98	204	18	201	44	254	229	37	183	108	178	10	19	
71	123	253	5	34	26	175	176	108	232	86	228	221	38	211	102	54	85	126	111	193	208	237	72	108	58	111	132	140	179	1	245	
32	169	115	77	114	203	99	101	109	172	124	42	50	151	160	52	58	60	6	104	67	186	36	95	124	140	37	162	103	138	70	233	
13	95	239	101	38	90	127	48	117	238	86	230	249	47	147	99	54	125	183	238	225	208	37	236	102	235	239	128	47	246	65	241	
216	164	188	112	169	237	81	158	251	59	164	24	191	151	72	58	129	159	125	24	58	111	242	51	219	219	52	125	192	128	198	42	
82	175	218	172	154	194	59	199	38	5	216	163	37	167	34	80	126	255	143	129	10	155	128	127	248	165	174	201	53	2	167	203	
92	33	185	116	168	108	89	17	226	185	167	24	151	183	65	123	129	214	125	24	24	99	251	0	219	233	117	125	160	225	198	34	
74	249	83	80	83	216	55	230	105	0	106	40	44	151	164	244	34	191	130	64	67	154	160	231	55	244	20	43	99	128	167	175	
34	43	104	17	252	169	233	39	90	237	120	189	163	136	214	16	137	174	70	21	150	122	228	18	78	12	180	241	197	136	214	204	
91	27	138	164	19	150	122	99	165	192	202	199	45	234	50	192	244	165	249	197	205	137	144	204	178	229	138	9	40	36	41	28	
43	171	96	81	125	157	232	71	203	189	124	141	170	136	214	148	141	170	198	29	142	122	230	213	46	93	148	249	71	140	218	204	
82	123	138	164	18	134	58	112	32	164	206	207	77	235	98	80	182	237	233	197	12	153	149	76	250	229	143	1	40	162	41	18	
107	171	224	17	253	157	232	7	251	181	60	141	138	168	214	158	137	46	226	28	150	122	230	192	46	93	148	123	199	204	218	204	
84	187	218	164	210	10	63	248	34	164	110	237	79	231	67	80	54	253	229	246	64	17	136	72	248	165	45	165	160	242	7	83	
86	243	218	165	146	10	62	152	34	164	10	237	71	231	75	18	54	221	237	247	80	17	153	0	248	229	47	228	168	179	135	81	
93	178	173	45	40	92	17	184	42	253	135	237	223	84	202	226	151	85	252	117	143	65	255	17	200	99	105	252	12	166	3	117	
