Ê¥ÂÞÀ¼Ë®´½ÓÔ	#208 ÂãÉ«·Û	http://www.yslbeautycn.com/on/demandware.static/-/Sites-ysl-master-catalog/default/dwdca2d6b4/Makeup_Pro_img/00099YSL/L6720900U_208_COLORIMG.png	//www.yslbeautycn.com/dw/image/v2/AARM_PRD/on/demandware.static/-/Sites-ysl-master-catalog/default/dw96b26582/Makeup_Pro_img/00099YSL/L6720900U_208_01.jpg?sw=336&sh=444&sm=fit
143	136	146	182	101	188	185	114	187	29	119	16	236	249	250	140	235	59	183	9	178	124	170	227	78	123	218	203	198	45	123	199	
188	95	75	110	210	98	111	249	21	14	252	70	121	99	57	208	120	202	6	234	105	167	29	191	114	239	164	140	123	243	224	130	
34	203	250	76	114	227	191	211	142	4	124	163	56	239	167	0	94	123	151	74	66	184	42	125	102	13	32	169	119	251	166	251	
56	129	232	239	84	11	234	121	22	160	119	131	113	45	48	33	120	204	19	236	184	248	77	29	127	15	161	133	119	171	80	160	
56	91	234	108	242	131	151	213	22	12	124	231	48	237	163	16	126	248	135	198	132	187	44	58	114	37	165	169	119	187	254	219	
122	93	98	206	79	84	158	117	137	76	252	39	104	254	63	99	236	241	159	227	204	35	178	201	51	120	206	139	55	126	127	223	
252	237	74	130	159	83	207	249	70	228	156	142	75	192	123	132	120	206	142	255	75	35	125	159	248	193	175	61	63	62	252	80	
206	144	179	248	207	228	185	75	186	91	113	83	28	254	36	232	255	31	179	145	179	127	146	211	93	63	90	238	145	68	167	179	
61	105	125	73	226	87	109	89	103	224	126	66	25	7	147	248	126	140	54	248	141	144	55	88	118	233	165	132	175	178	106	244	
80	74	123	197	22	42	88	158	55	160	246	226	19	19	133	124	126	156	28	248	42	209	197	204	243	238	177	20	39	185	116	41	
18	133	112	237	150	131	220	47	13	65	218	147	13	46	52	64	126	179	23	165	218	152	69	221	178	124	138	208	53	140	177	73	
34	213	48	152	124	145	188	103	141	89	88	187	172	156	52	32	206	19	151	5	210	43	98	213	54	24	26	234	85	140	145	221	
183	15	98	142	111	54	222	66	197	78	255	135	106	236	183	100	254	225	159	239	172	167	36	234	50	58	202	147	127	239	120	95	
163	45	40	17	228	189	160	99	92	233	83	215	128	168	214	169	200	43	18	21	183	248	84	198	14	25	139	227	221	76	217	132	
119	123	99	14	246	27	239	216	77	100	248	239	99	204	189	228	126	204	78	255	213	51	188	252	52	44	139	176	125	191	118	244	
89	1	211	205	51	31	73	125	37	224	254	106	63	51	129	180	122	172	20	168	73	154	37	200	146	236	162	132	43	162	106	40	
75	137	2	138	155	132	186	160	174	72	10	135	237	202	126	194	102	99	251	215	70	9	158	229	188	100	142	200	30	7	57	28	
55	121	99	143	94	147	171	72	198	96	219	230	65	140	181	228	126	237	219	255	151	51	252	253	52	36	139	188	127	143	149	244	
79	137	134	175	255	128	170	184	174	216	82	199	253	202	251	194	118	99	63	223	215	137	143	237	140	104	174	200	30	7	57	157	
8	253	91	65	82	195	55	246	38	5	124	162	56	23	160	16	42	251	131	192	66	152	32	127	103	141	54	65	99	146	167	251	
89	33	81	229	34	10	109	55	37	160	158	224	191	55	128	244	118	180	92	168	73	152	101	204	212	253	186	144	38	128	35	41	
88	39	16	229	44	10	109	55	36	160	206	66	155	19	128	103	102	180	124	168	72	144	193	140	230	225	162	4	38	128	48	40	
18	133	96	141	94	131	172	111	140	1	216	2	44	10	48	64	106	163	31	161	210	43	4	221	52	4	138	232	21	8	177	136	
23	222	67	158	18	178	170	240	181	65	91	247	109	234	186	196	119	235	151	231	183	149	12	255	56	102	170	192	175	135	185	213	
24	235	90	235	114	225	123	214	39	5	124	163	61	199	162	16	62	187	135	194	2	152	8	125	102	197	160	129	55	147	46	203	
25	9	77	105	98	19	109	95	101	224	126	230	25	7	211	240	126	172	54	236	205	144	39	88	118	233	164	132	191	240	106	237	
199	8	186	216	237	245	249	195	255	95	115	17	12	158	119	124	163	17	51	21	54	119	42	210	31	63	91	207	144	69	117	102	
30	159	46	250	181	215	30	253	23	91	213	119	88	126	174	109	253	83	159	243	255	25	43	255	107	223	255	199	190	223	188	215	
60	91	106	46	87	67	223	88	7	108	253	175	99	77	59	0	94	248	151	230	216	163	108	189	115	197	161	181	119	191	246	211	
168	201	119	94	111	221	255	121	205	24	117	98	108	217	181	245	170	49	150	106	224	41	42	253	51	248	98	139	87	175	69	175	
122	85	98	204	19	86	223	125	97	196	254	135	105	111	62	244	126	247	157	229	236	139	52	207	243	125	142	155	39	182	110	94	
178	94	98	220	7	242	94	118	213	78	214	183	105	239	183	205	118	247	183	199	172	151	52	235	179	126	210	131	55	253	124	95	
38	217	36	158	237	213	148	237	143	92	221	47	234	252	62	67	200	179	151	227	206	43	122	221	51	80	207	191	86	62	252	223	
81	107	123	196	20	54	72	158	117	160	230	66	27	3	149	124	122	140	60	248	202	210	101	221	211	254	147	4	39	176	112	44	
42	91	234	76	114	131	183	213	22	12	124	167	48	173	167	64	94	120	131	202	208	187	36	123	118	45	167	169	119	186	254	243	
206	16	178	216	199	244	184	75	187	75	117	19	12	254	54	236	247	63	179	145	179	119	146	211	95	127	91	239	147	69	175	163	
165	237	97	75	244	155	231	244	117	66	124	194	112	65	157	164	91	234	22	126	243	176	108	255	36	28	37	100	255	219	210	244	
159	219	194	154	210	145	190	220	190	66	80	231	109	202	175	200	119	235	151	215	231	133	14	247	58	103	191	207	191	151	169	157	
125	255	104	234	159	85	95	248	71	108	156	175	91	223	251	228	88	136	158	238	207	3	124	157	251	193	175	253	55	159	252	119	
57	1	232	79	86	11	235	121	22	224	119	195	113	109	176	33	124	204	23	238	184	240	109	29	126	47	161	132	119	171	80	240	
90	249	146	178	155	196	48	230	171	21	138	19	44	158	96	82	163	215	249	209	82	75	154	241	185	245	30	127	128	20	167	90	
88	7	77	229	12	10	109	51	37	160	222	226	219	3	144	231	102	180	124	168	201	144	229	140	230	233	163	132	46	168	48	41	
82	104	22	152	43	224	48	71	175	21	202	163	44	158	98	82	162	59	235	144	66	11	130	241	153	48	26	203	0	4	167	75	
63	183	226	242	245	119	222	220	87	251	93	247	89	253	254	45	221	91	151	243	191	242	104	176	107	223	191	231	191	255	244	215	
37	225	97	65	212	27	231	249	101	224	120	74	83	97	157	180	122	136	6	248	195	178	109	220	46	60	165	36	111	186	114	164	
189	95	91	110	210	70	111	249	85	78	252	102	121	99	187	208	126	202	22	234	233	167	61	255	114	239	167	140	127	242	228	241	
63	151	116	250	183	183	94	253	87	91	213	247	88	255	190	105	223	219	151	247	255	216	41	255	123	223	255	198	191	223	180	215	
62	91	104	46	87	67	94	216	7	108	253	239	99	77	59	16	94	248	151	231	158	179	76	189	115	197	161	181	119	191	214	211	
198	8	186	216	237	244	185	66	255	31	119	17	12	222	119	120	227	49	51	21	54	119	34	210	95	59	91	207	144	69	117	103	
163	45	40	17	93	189	184	99	94	236	84	31	168	40	86	9	200	43	19	21	180	250	70	254	14	25	187	227	221	77	89	199	
139	213	100	207	254	150	239	189	93	88	95	198	253	71	190	229	118	147	151	239	243	24	109	253	102	121	174	132	55	142	177	125	
40	207	119	94	125	217	255	249	205	24	116	98	104	89	181	181	170	51	150	106	224	41	42	253	50	248	96	139	87	175	69	175	
26	189	122	170	122	195	155	105	151	68	221	163	109	206	162	64	126	187	159	225	78	139	12	223	240	5	171	251	117	134	39	223	
123	87	106	236	23	86	223	126	193	76	222	167	105	111	190	244	126	247	157	229	205	139	53	205	243	125	170	131	47	246	252	127	
178	92	102	220	7	212	220	246	149	70	214	179	41	191	183	101	110	241	183	199	236	143	54	239	51	122	218	139	55	252	124	95	
34	221	36	206	237	213	150	253	143	92	153	47	234	220	62	99	204	49	215	99	206	35	122	213	119	88	207	255	86	46	244	247	
166	141	68	150	197	57	238	33	153	18	185	26	206	104	8	1	171	227	6	2	112	98	72	244	180	18	206	114	85	127	209	132	
2	153	18	187	149	198	62	99	28	4	67	3	172	222	32	64	216	59	147	195	82	154	26	253	45	54	142	75	20	14	181	194	
183	105	227	143	198	27	239	248	80	226	209	206	113	236	245	165	126	236	22	239	205	242	236	170	52	8	239	160	109	255	114	244	
163	217	102	142	71	145	190	230	13	80	88	167	40	140	54	229	238	139	147	231	230	63	62	253	54	56	202	171	31	30	249	223	
189	67	211	164	86	26	106	120	81	224	123	238	107	200	191	244	126	236	6	239	205	178	140	142	186	237	129	132	127	174	120	132	
58	29	31	238	31	199	87	97	141	76	251	3	110	255	36	96	254	179	159	99	72	171	56	223	243	247	3	27	51	46	37	59	
11	154	190	181	36	140	185	119	104	93	94	165	189	191	18	99	166	59	151	5	148	152	178	193	197	249	250	128	6	4	21	219	
56	141	98	238	84	163	202	121	215	0	255	2	115	233	52	64	120	170	6	234	152	187	8	159	114	237	163	192	119	138	112	128	
158	156	18	184	203	244	176	234	191	26	100	50	108	255	43	205	247	59	179	145	51	15	18	247	159	243	90	107	146	5	45	183	
131	193	110	136	215	195	190	229	141	101	222	151	72	142	62	64	254	137	147	229	244	155	4	223	53	28	138	199	21	14	189	222	
35	110	98	31	117	145	190	64	94	134	89	143	40	200	183	0	252	41	147	71	198	182	14	251	38	28	139	171	85	62	123	199	
10	178	174	187	102	237	184	87	158	95	83	247	188	157	122	8	207	27	183	21	146	188	98	211	79	23	186	195	148	12	149	219	
130	136	18	155	52	173	184	66	30	9	83	18	172	222	32	72	239	59	19	145	50	156	2	247	5	54	154	194	148	9	33	131	
11	26	123	232	116	188	120	82	239	9	118	112	174	158	164	248	166	49	182	16	135	191	32	215	22	252	18	194	214	128	107	157	
35	163	98	137	245	149	186	231	78	73	88	199	172	136	182	132	254	11	147	21	214	184	4	213	46	28	142	235	93	14	249	221	
57	106	106	42	118	147	219	120	69	4	245	175	35	201	187	16	122	168	134	239	206	163	12	157	242	201	161	185	119	175	122	195	
134	158	19	152	99	160	176	99	188	11	121	247	140	234	36	200	247	59	166	128	21	157	2	215	28	50	122	202	24	97	41	151	
227	104	37	216	77	230	192	6	195	90	178	26	34	157	53	123	200	180	123	193	10	111	243	208	19	120	208	26	81	25	112	14	
66	24	23	200	122	164	185	82	45	25	122	116	188	147	164	84	231	57	31	20	2	31	50	215	150	158	58	202	146	132	33	105	
67	24	150	136	112	164	184	66	47	25	112	53	172	155	166	84	167	41	23	20	6	159	2	223	212	28	26	202	152	4	35	155	
33	209	123	248	98	201	120	92	237	72	112	106	63	219	172	112	122	185	102	80	199	35	6	208	87	184	34	201	121	130	107	155	
187	14	98	158	71	178	218	82	197	70	254	135	104	236	183	229	254	225	151	239	172	167	36	239	50	122	138	155	127	255	112	94	
230	128	235	209	197	172	185	3	58	83	115	27	156	142	92	40	185	159	51	149	55	246	212	195	69	62	218	100	197	69	247	242	
3	144	234	186	110	153	184	65	139	89	209	255	140	220	254	162	142	57	247	21	150	32	230	193	15	121	122	251	69	14	159	215	
32	250	74	179	80	205	224	116	248	73	242	110	126	216	12	16	40	169	111	209	215	190	214	103	29	38	178	193	105	0	66	147	
19	141	107	206	84	178	235	115	245	64	223	194	113	238	180	100	122	170	22	175	185	187	44	255	48	46	170	192	53	234	112	228	
47	183	169	211	245	87	150	216	87	253	21	103	72	252	254	45	221	90	151	247	191	242	120	176	111	95	191	231	247	255	180	247	
34	65	122	248	70	201	120	80	237	72	244	2	63	219	60	113	122	185	126	88	70	35	6	208	87	185	34	201	121	130	106	143	
140	144	146	188	101	188	176	115	188	27	117	80	252	251	40	205	245	59	178	9	51	125	146	195	29	255	122	74	26	45	43	161	
2	151	19	137	194	226	173	107	60	71	91	247	28	230	168	196	247	31	130	160	17	159	0	87	16	38	58	198	25	0	161	145	
142	152	146	190	101	188	184	242	185	31	117	16	236	251	42	204	229	59	178	9	54	109	178	231	95	255	90	75	194	45	43	199	
22	150	18	232	195	162	176	99	62	27	89	247	12	186	108	200	255	31	163	161	16	27	130	215	28	38	90	207	157	64	169	131	
60	16	97	225	54	195	105	16	37	65	243	227	89	31	152	80	126	181	55	236	137	144	85	132	196	237	170	192	45	131	112	177	
158	156	19	184	203	224	177	106	158	18	80	178	172	247	32	205	119	59	179	163	51	15	18	215	221	243	75	235	50	36	37	179	
2	188	176	154	95	229	176	103	158	95	80	59	172	254	98	2	237	59	147	145	54	94	146	215	29	22	154	235	144	12	165	223	
35	3	67	73	85	179	234	80	77	97	127	206	8	128	180	244	124	140	146	156	131	178	37	216	22	60	128	194	127	142	120	164	
11	151	100	185	180	148	188	119	7	77	92	183	169	31	190	100	239	27	151	133	223	152	37	213	238	125	186	195	30	140	188	223	
58	36	226	233	84	171	234	90	119	1	249	10	11	137	53	16	123	136	23	144	154	178	68	206	54	221	130	228	247	203	114	128	
2	182	174	155	116	237	176	87	158	93	88	181	172	220	126	8	207	59	147	21	150	60	2	211	79	20	186	235	212	12	53	223	
130	201	2	155	149	215	182	101	30	4	65	19	236	204	54	64	216	59	131	17	118	186	18	223	45	54	142	75	21	14	189	198	
43	185	115	73	245	221	174	231	79	73	120	70	168	152	180	164	222	42	146	93	215	184	52	253	46	28	6	194	95	142	249	189	
210	251	25	186	74	197	63	121	154	76	209	231	108	215	232	81	246	185	31	226	227	7	138	255	176	128	43	170	24	2	37	147	
35	183	98	137	116	183	234	91	95	73	248	231	41	200	246	228	126	172	22	189	151	186	213	223	62	124	163	236	127	142	122	149	
121	221	30	254	57	207	87	244	205	72	252	12	254	243	33	113	220	247	252	98	73	171	58	253	243	251	69	26	88	59	34	59	
130	216	58	155	20	195	190	228	30	5	80	3	180	218	100	64	217	107	19	195	98	188	90	119	45	6	158	72	20	24	181	138	
2	188	150	153	233	141	60	231	190	27	88	48	172	182	96	64	199	59	251	16	114	24	130	243	45	52	30	234	144	64	165	155	
135	160	235	211	199	172	185	67	58	67	115	27	156	206	92	8	189	159	51	149	55	246	208	211	69	62	154	100	133	65	211	210	
24	5	110	111	22	146	254	51	101	193	95	146	121	109	180	96	118	182	23	169	240	184	37	207	118	239	162	128	103	198	240	9	
60	77	106	98	212	179	75	216	71	160	253	10	83	105	185	48	121	200	23	250	138	179	109	190	122	207	165	244	247	251	112	160	
41	37	113	77	116	58	235	123	107	224	120	66	57	65	148	180	126	172	22	168	129	178	100	223	38	28	163	164	111	170	114	173	
130	73	203	190	140	128	206	231	22	0	80	66	49	200	49	64	72	106	23	195	106	170	2	59	96	36	174	136	53	56	240	136	
102	13	98	158	95	209	190	98	137	68	217	171	40	236	55	64	234	251	179	195	68	43	38	253	55	52	202	171	85	47	116	214	
50	133	66	172	20	130	110	103	37	0	251	2	107	42	52	80	122	163	23	161	104	187	1	205	178	236	130	128	53	10	224	8	
55	111	195	151	198	19	238	240	84	224	217	199	113	236	245	165	126	236	23	239	205	243	174	232	48	72	239	168	47	255	56	212	
9	63	42	17	180	191	176	119	92	203	90	100	188	152	246	32	153	43	22	21	151	184	36	198	78	31	58	193	204	12	217	213	
159	91	66	154	210	147	190	220	150	64	80	231	109	202	179	204	119	235	183	215	198	129	14	249	58	103	175	136	63	247	169	157	
31	127	194	158	206	147	174	248	150	194	216	231	109	234	247	193	126	235	151	231	197	211	14	248	58	64	239	168	63	255	57	149	
11	62	34	177	245	189	176	51	93	235	90	103	168	168	214	164	201	43	151	21	150	184	68	198	12	94	186	227	207	76	217	215	
15	151	109	202	254	151	95	251	77	89	94	198	89	109	190	229	127	194	159	239	251	9	111	253	126	123	167	196	63	143	240	117	
2	133	100	201	246	129	236	103	141	1	88	146	140	14	52	64	110	19	23	129	242	40	64	213	44	28	154	192	21	12	145	136	
61	223	99	78	116	87	231	249	85	78	245	102	120	111	175	69	125	232	134	234	233	179	56	223	114	175	231	132	123	190	100	241	
239	104	163	208	69	252	232	2	251	89	112	19	152	156	117	251	233	169	179	145	2	126	178	224	31	56	218	107	197	5	115	238	
42	75	106	252	82	135	255	246	23	4	124	167	41	207	51	0	126	249	147	206	194	155	0	255	115	13	174	137	119	191	173	251	
189	183	42	162	149	87	87	249	85	238	189	47	91	116	171	180	93	136	134	230	237	179	124	158	251	197	165	189	59	126	124	127	
52	67	110	69	84	135	235	216	70	232	126	70	81	201	189	4	120	236	55	238	200	179	46	93	119	9	161	196	111	187	112	163	
90	239	2	170	49	144	74	230	177	13	222	167	44	199	242	212	228	235	141	213	78	27	128	247	186	245	174	235	6	22	190	95	
57	3	67	236	118	18	74	88	101	200	247	102	91	19	178	244	122	172	150	238	141	178	37	142	18	237	161	128	127	171	122	133	
62	91	98	46	118	131	94	248	135	236	185	239	107	205	187	16	126	249	215	231	201	163	12	156	114	201	173	182	127	191	94	211	
48	35	213	197	68	2	104	23	101	160	126	66	43	3	148	116	122	188	55	136	72	154	69	136	150	233	176	0	39	130	112	8	
58	239	66	248	211	193	127	246	55	13	124	163	41	135	32	148	110	187	135	192	66	154	0	255	127	197	166	193	51	148	166	218	
30	211	231	207	29	83	235	121	70	168	247	102	120	193	188	228	124	236	54	250	201	179	45	221	56	42	239	132	95	171	112	181	
121	19	73	237	60	30	73	49	101	236	223	228	147	3	144	244	92	164	76	168	153	154	229	140	150	252	162	208	46	138	118	117	
234	219	118	94	127	153	246	240	205	28	127	230	104	200	191	229	238	243	166	99	196	41	46	253	54	121	98	139	95	159	109	143	
31	83	103	143	63	147	170	120	198	232	211	230	121	200	189	230	118	237	62	239	215	19	47	253	48	40	171	204	63	175	49	245	
123	215	98	236	53	86	223	63	85	77	222	167	73	63	182	116	220	183	149	165	237	139	117	205	243	125	170	151	63	148	252	127	
34	211	117	204	111	81	180	109	143	92	88	175	172	252	166	99	238	49	183	97	192	43	98	221	54	16	111	191	21	60	149	255	
26	143	110	174	122	195	187	105	151	132	221	163	109	239	162	64	126	187	159	227	74	139	14	221	240	101	171	219	55	166	37	211	
121	19	83	205	30	26	65	113	101	172	223	110	75	3	128	244	120	164	12	168	153	146	101	140	210	237	162	144	43	170	50	49	
23	123	99	138	62	147	174	240	196	232	217	238	121	204	189	228	126	253	94	255	205	3	44	220	48	12	171	188	61	191	57	85	
120	17	122	197	69	86	73	23	101	172	254	70	59	27	148	244	120	172	52	140	201	154	117	136	151	249	176	0	47	136	120	46	
185	19	74	76	116	19	98	120	68	204	247	110	115	195	179	176	120	172	6	238	205	179	36	14	114	237	161	141	123	171	106	193	
56	141	106	206	84	163	235	123	212	0	255	2	113	233	180	96	120	170	23	234	152	171	44	191	122	239	162	200	119	171	112	160	
15	135	97	203	246	147	239	191	93	65	95	134	72	110	190	228	119	203	151	239	247	24	45	255	62	126	142	196	63	143	241	245	
66	106	22	152	75	192	56	70	175	21	194	163	172	134	98	82	166	51	235	145	2	203	130	241	145	48	26	203	0	4	37	75	
55	173	98	15	84	147	226	248	85	224	248	198	115	200	191	164	120	168	22	109	207	178	13	159	62	12	163	132	127	174	122	148	
82	249	146	178	155	192	50	230	175	53	138	179	44	158	96	82	227	215	249	209	66	75	154	241	185	244	158	127	32	5	167	90	
143	147	252	250	188	151	91	248	159	121	85	231	93	255	254	96	223	89	191	247	223	1	107	247	74	223	239	198	158	175	48	215	
190	91	106	206	62	147	223	248	133	108	245	239	123	221	191	4	94	248	151	238	200	163	44	189	114	205	161	181	127	191	118	243	
170	219	118	94	111	153	182	240	237	24	117	230	104	200	191	165	174	243	166	227	229	56	14	253	54	121	66	139	95	159	105	157	
138	144	18	216	107	241	176	234	159	15	84	51	44	254	231	236	255	59	183	144	38	15	34	215	155	87	219	239	154	69	45	223	
61	215	111	79	246	86	95	249	85	78	253	230	121	119	191	245	127	208	150	174	233	163	61	223	114	239	229	132	127	254	100	241	
123	213	98	236	23	214	95	63	81	76	254	167	105	126	182	244	126	181	149	165	237	139	52	221	115	125	170	135	63	134	252	127	
49	1	107	68	86	19	235	89	101	232	254	198	17	129	183	100	122	140	22	236	197	187	37	72	118	44	162	132	109	162	96	237	
34	215	100	140	111	209	148	111	141	124	216	175	44	252	38	67	202	49	247	97	196	43	114	221	55	48	207	187	87	46	244	223	
61	115	239	101	84	71	235	216	84	236	246	231	83	77	187	32	120	204	55	252	137	178	37	28	118	41	161	132	111	171	112	241	
2	203	115	92	114	195	191	247	143	4	124	162	56	231	181	4	46	123	131	200	82	184	36	253	103	12	174	169	119	152	165	233	
39	140	225	83	215	155	230	240	93	211	112	70	104	104	189	165	121	234	146	191	247	248	108	239	46	30	199	198	223	252	250	132	
189	183	106	224	245	87	95	121	85	238	253	175	91	125	187	180	125	216	151	238	253	179	124	158	251	207	165	181	63	238	124	243	
143	24	178	248	103	180	185	90	219	31	116	18	12	159	118	236	255	57	179	145	150	126	178	210	95	127	90	239	147	5	43	199	
223	243	41	170	126	213	155	248	158	252	149	239	125	214	235	97	222	185	159	239	227	71	174	255	248	9	171	252	28	143	49	113	
104	88	22	216	109	248	177	70	75	58	116	58	188	152	101	255	200	60	243	17	2	126	194	192	21	51	82	43	83	28	94	171	
223	219	66	174	63	144	106	248	175	76	223	231	236	194	251	196	102	225	191	223	199	9	142	237	186	113	175	203	62	135	57	93	
10	155	129	169	210	146	175	247	22	101	94	231	189	38	162	192	110	91	131	205	83	152	37	245	108	37	174	192	61	148	173	248	
2	167	32	129	245	241	186	67	14	13	88	167	136	12	118	0	251	11	147	149	150	184	68	215	44	20	154	231	213	78	189	215	
134	24	146	155	117	165	184	66	30	11	81	50	172	222	96	72	247	57	147	145	50	156	2	211	13	22	154	202	148	9	33	131	
247	31	238	156	246	230	222	98	153	198	218	183	104	236	55	106	239	247	159	231	188	135	20	234	51	62	206	131	149	125	244	87	
198	8	179	216	229	232	249	66	250	155	112	49	156	158	117	121	227	41	51	145	18	126	162	210	77	30	250	235	212	65	119	195	
138	136	178	154	101	252	176	194	191	79	116	21	172	254	127	204	247	43	163	17	38	127	178	243	79	247	90	75	210	13	109	199	
63	179	253	251	190	23	219	216	31	249	85	231	92	253	255	44	223	89	151	119	159	242	111	244	202	95	239	230	191	175	16	215	
18	133	96	201	214	130	248	103	13	65	218	147	12	14	52	64	110	147	23	165	242	152	5	213	62	60	154	192	53	140	177	9	
2	133	98	140	212	131	236	103	13	1	250	18	8	10	52	65	106	131	31	161	242	59	1	221	52	44	138	192	21	8	241	136	
63	179	254	225	191	23	218	216	95	249	85	231	88	253	255	40	255	217	151	247	191	241	41	220	154	223	239	230	191	175	112	215	
30	144	178	249	71	212	184	83	27	123	117	18	12	159	100	236	255	29	179	145	147	158	144	210	29	127	154	239	159	4	171	179	
2	159	145	137	210	130	175	247	14	5	90	230	140	38	168	196	126	27	131	193	19	152	5	247	44	36	190	196	157	66	165	185	
137	10	146	248	101	180	184	82	187	31	116	16	140	251	226	204	247	59	178	25	54	126	162	211	31	255	91	107	146	13	43	135	
162	223	102	152	95	213	148	230	207	92	244	175	40	156	54	65	204	179	147	197	230	43	54	253	51	24	154	187	87	28	245	223	
242	28	230	156	215	242	190	66	157	198	218	179	40	238	55	75	238	247	183	135	164	143	38	238	51	62	218	139	149	125	61	95	
3	24	30	154	122	161	185	66	47	21	113	53	172	154	38	216	230	59	151	21	6	190	2	209	148	21	26	202	156	4	41	201	
59	215	106	109	17	86	95	183	21	77	222	135	41	47	190	244	124	134	157	236	237	153	53	189	243	125	138	129	63	148	252	124	
17	82	91	200	102	201	233	88	108	72	241	102	31	223	229	112	254	185	14	192	199	35	18	81	86	137	162	136	121	130	99	155	
60	5	98	232	84	163	194	122	85	0	253	2	83	233	60	0	120	168	23	184	152	187	0	159	122	237	163	192	247	203	112	128	
48	82	90	200	70	205	248	120	109	72	241	103	22	153	245	80	250	169	23	226	207	178	2	89	210	136	34	136	121	138	99	155	
58	21	127	236	31	198	87	97	173	64	255	2	110	255	36	113	254	181	191	98	121	163	48	221	243	239	2	27	57	42	164	51	
239	243	43	128	60	215	155	216	134	252	149	239	220	220	251	33	222	253	223	255	175	99	236	253	120	9	171	252	31	175	60	241	
232	10	147	187	101	232	177	2	186	15	114	114	172	153	33	200	203	58	163	17	50	254	194	226	69	183	122	75	192	73	87	171	
10	176	229	153	127	169	185	91	159	83	85	247	188	223	124	140	239	25	147	21	147	84	90	211	77	85	154	230	158	140	29	241	
27	152	18	216	203	180	48	122	63	11	92	54	172	243	226	236	247	59	182	128	22	158	50	215	155	247	90	239	186	37	41	135	
10	182	165	185	116	233	185	95	158	83	81	247	188	220	124	136	207	27	147	21	147	124	18	209	13	20	26	238	148	12	149	243	
2	176	50	152	95	245	184	75	158	93	81	59	172	158	102	8	207	59	147	145	54	62	50	215	29	22	154	235	148	12	53	215	
39	66	98	12	77	145	250	104	89	6	125	175	104	200	183	16	216	168	130	175	196	182	38	223	22	28	129	171	95	191	122	196	
147	213	102	154	215	199	188	231	157	86	210	151	72	206	62	65	255	179	147	229	244	159	28	223	59	58	222	199	21	28	181	222	
27	223	106	141	147	210	111	247	52	77	94	199	57	39	186	228	126	74	151	236	223	152	37	253	102	109	174	129	63	212	172	252	
163	220	102	156	79	149	190	231	157	86	208	151	40	204	54	97	239	235	147	231	230	63	22	255	54	58	222	139	29	28	249	222	
3	8	26	219	114	160	185	67	46	21	123	176	188	154	164	216	230	59	51	148	2	158	2	213	148	60	58	202	148	0	33	169	
142	176	106	184	111	217	184	64	174	85	84	191	140	204	126	171	174	57	247	213	151	97	182	209	6	89	234	239	93	13	27	213	
35	55	98	137	116	183	234	91	95	201	248	230	25	200	182	228	126	172	22	189	151	186	85	223	62	108	163	196	127	142	122	149	
143	160	98	184	110	137	184	72	143	81	81	187	157	220	252	169	174	25	215	213	130	101	134	209	20	25	202	238	20	141	27	213	
119	5	103	76	86	146	239	112	109	192	251	198	89	106	189	116	126	228	54	238	225	179	37	204	52	46	163	128	109	243	112	245	
57	64	107	237	20	27	235	120	69	224	246	66	91	9	183	96	120	140	22	238	201	179	101	140	114	233	162	132	119	170	112	232	
89	18	13	173	24	127	97	49	37	236	223	100	255	7	130	196	92	164	238	44	153	152	241	141	198	229	162	144	58	170	92	113	
181	76	107	206	118	3	203	112	84	74	215	226	81	29	181	100	122	172	23	238	233	182	69	142	112	168	162	128	127	187	112	161	
3	8	31	185	116	169	185	66	109	1	122	80	173	138	164	88	166	41	2	21	2	188	2	213	4	184	26	74	212	128	99	169	
34	173	32	152	221	229	178	234	158	5	72	3	172	220	51	64	200	59	147	81	18	43	82	253	61	20	154	107	145	13	53	202	
130	133	116	137	246	131	188	39	141	17	216	146	140	14	52	65	110	131	31	129	242	40	4	213	60	56	154	192	21	12	177	137	
58	255	66	186	243	208	94	231	33	13	124	167	45	143	162	212	238	187	151	213	78	154	36	253	186	245	190	203	55	148	190	223	
10	255	122	73	243	211	183	247	109	77	124	38	40	151	166	164	62	59	134	208	87	187	48	255	111	221	54	195	107	22	239	255	
86	253	22	186	27	193	18	224	175	20	169	43	46	214	97	83	163	243	239	194	74	67	154	253	179	209	11	59	48	7	39	19	
53	86	107	205	116	34	235	80	69	136	127	230	81	65	177	229	126	168	23	234	137	178	4	140	86	44	162	128	127	171	120	161	
10	30	242	201	115	179	184	91	31	15	220	247	44	190	230	236	255	59	151	144	150	158	36	214	30	119	186	235	150	68	45	223	
47	217	247	94	127	147	207	248	215	204	117	230	120	237	191	228	94	112	182	110	193	178	46	253	46	126	103	134	127	175	108	245	
11	145	51	203	215	209	184	111	78	65	89	34	184	220	188	164	254	27	146	145	215	186	52	253	45	85	154	235	93	14	173	190	
61	83	106	236	118	151	83	248	21	236	244	175	91	213	171	53	94	248	150	110	237	243	124	156	122	207	165	180	119	175	124	241	
203	251	66	154	63	145	158	244	207	72	148	231	172	200	183	228	222	233	158	231	207	43	142	253	186	81	175	187	30	159	57	93	
51	18	99	76	116	18	195	120	85	204	241	110	2	216	180	116	120	168	22	233	201	163	36	204	48	44	162	138	119	174	118	229	
18	135	110	172	122	195	191	105	148	140	223	163	105	239	178	64	126	185	191	227	124	139	14	221	242	101	171	153	53	174	180	209	
10	181	123	75	243	209	181	247	108	77	124	38	40	158	174	164	254	59	134	144	211	186	48	245	47	221	54	195	219	6	239	255	
14	42	178	152	117	240	184	66	255	31	116	50	140	155	230	140	227	57	151	17	50	252	2	210	15	87	154	235	214	5	127	167	
56	19	73	237	84	158	105	51	69	13	126	70	3	3	148	208	72	172	6	136	153	186	117	133	135	233	160	192	63	136	112	129	
90	255	66	154	115	144	94	244	169	12	220	231	41	206	183	212	126	235	151	199	206	27	44	253	186	117	174	235	63	151	62	93	
130	16	186	152	123	241	184	74	31	79	116	55	172	254	239	76	247	59	167	17	38	54	34	211	14	118	27	239	150	4	47	223	
95	91	99	142	63	147	202	248	197	200	213	230	104	200	191	228	126	237	190	239	205	35	174	253	50	120	171	170	63	191	57	85	
23	141	107	137	214	179	234	254	95	97	94	198	72	110	183	228	127	139	151	189	183	154	61	223	62	31	143	197	183	140	120	212	
11	151	19	137	179	210	169	247	22	109	90	230	140	6	162	196	126	155	134	148	215	152	36	223	172	20	174	198	31	4	169	253	
227	223	126	94	110	153	190	244	205	84	118	231	104	204	183	197	238	241	167	231	198	59	46	253	54	56	66	139	127	159	125	221	
123	151	111	236	245	214	95	55	69	77	254	231	89	63	182	116	222	151	149	229	253	155	117	223	115	125	170	131	63	134	244	127	
185	86	106	76	118	147	243	120	85	204	117	231	115	205	183	52	126	168	6	110	237	182	44	31	114	105	161	136	127	175	122	209	
98	219	107	204	110	81	183	228	137	68	80	239	44	188	182	67	238	247	183	99	196	59	164	253	118	48	234	139	21	158	245	255	
35	78	103	204	118	147	238	112	69	10	120	230	97	200	181	229	122	232	22	235	201	182	36	253	54	106	160	128	127	191	120	173	
185	82	83	232	116	147	75	80	85	104	247	230	27	3	161	244	126	188	134	236	137	182	101	158	86	237	160	128	127	171	120	181	
63	209	103	78	127	211	219	248	213	236	245	230	121	253	191	228	126	244	151	238	201	179	44	253	122	127	229	134	127	175	124	245	
11	160	148	153	85	189	168	10	31	17	84	18	140	159	120	236	47	25	179	157	19	28	19	211	13	87	154	103	158	77	137	176	
103	76	238	156	214	230	190	231	157	198	218	135	104	238	55	66	239	247	51	149	244	143	22	238	63	62	222	203	133	124	181	222	
2	217	115	223	83	209	175	229	94	1	84	162	40	156	180	164	126	59	146	193	83	184	36	253	63	12	158	235	87	10	165	188	
61	82	106	236	117	23	91	248	87	236	244	174	91	125	187	180	94	248	151	238	249	179	100	158	250	223	165	148	55	173	116	241	
159	235	104	250	62	147	219	248	151	240	148	226	89	207	249	96	126	121	63	254	199	101	110	183	254	217	175	252	63	175	113	241	
185	83	111	77	116	67	233	88	68	236	246	230	81	205	183	36	126	172	55	252	201	179	37	140	114	41	161	132	111	170	112	241	
138	48	186	216	111	213	185	72	159	93	84	23	140	158	119	141	238	57	179	149	134	255	178	208	15	89	218	235	214	5	47	223	
191	83	103	238	126	131	219	121	133	200	245	239	123	77	189	133	94	177	215	238	237	167	108	156	114	88	169	144	127	174	114	209	
188	115	99	76	124	131	227	121	196	204	254	102	80	201	181	36	124	172	87	234	201	179	32	156	112	40	161	128	79	170	112	241	
227	219	118	222	110	153	190	244	205	84	118	231	104	200	183	197	238	225	167	199	228	63	46	253	54	56	66	139	127	159	121	221	
250	217	102	204	245	214	221	183	69	77	214	167	73	63	182	117	204	151	149	229	252	155	117	239	115	123	186	195	39	148	252	95	
49	19	107	76	116	2	235	121	101	200	245	102	17	8	182	100	126	172	22	172	201	179	100	204	80	44	162	128	109	170	114	245	
102	93	239	156	254	226	191	231	136	194	218	199	112	236	55	66	239	247	19	181	240	143	20	238	117	46	174	200	133	120	181	219	
191	83	103	172	118	3	219	120	133	232	241	239	75	205	183	149	126	160	215	239	237	163	36	140	50	88	161	150	127	174	114	213	
159	225	106	232	62	145	218	216	215	240	20	162	121	207	253	100	126	249	191	255	202	101	174	246	122	217	143	252	55	175	112	208	
57	19	123	229	116	94	121	19	101	77	127	102	27	31	134	112	106	156	150	136	153	186	117	129	199	237	160	193	47	138	124	243	
226	211	114	140	111	81	180	101	141	68	80	163	44	188	38	67	238	121	183	99	192	59	230	221	55	48	202	171	85	60	181	223	
50	219	106	206	118	145	175	244	4	12	220	231	32	204	183	68	126	232	135	207	194	186	38	253	112	44	170	136	127	159	116	253	
26	21	127	236	23	194	119	101	21	4	255	163	79	255	44	65	122	181	159	226	120	147	49	221	243	229	138	131	53	42	165	115	
39	140	230	87	213	155	166	224	95	210	114	70	104	104	189	165	121	106	146	255	231	240	109	253	46	30	199	198	223	254	120	132	
60	13	106	206	84	178	235	114	212	0	223	2	113	233	180	96	120	170	23	168	184	187	44	255	122	175	163	192	183	171	112	160	
15	232	160	209	69	189	184	194	159	23	84	18	140	143	114	140	237	57	179	157	22	116	50	209	15	89	154	103	151	13	25	214	
57	94	106	76	118	147	235	88	68	204	253	230	113	192	183	100	126	168	6	238	201	179	36	93	114	40	162	136	127	187	112	245	
2	182	162	129	247	243	186	67	30	109	88	167	140	12	118	0	255	27	147	145	22	184	37	214	13	20	154	231	213	78	53	215	
2	74	22	152	75	128	184	70	174	21	210	167	172	134	35	72	230	57	171	213	6	203	2	241	20	48	154	139	16	4	45	219	
86	235	18	186	27	192	58	224	175	20	137	163	236	206	99	66	231	243	239	211	74	75	138	245	185	244	143	251	20	7	39	91	
134	24	146	155	52	165	184	66	30	11	81	50	172	218	32	72	247	57	19	145	50	156	2	215	12	22	154	194	148	9	33	129	
63	175	98	9	84	179	234	120	71	192	248	198	99	200	191	164	120	168	22	45	143	179	4	159	58	76	169	160	127	174	120	156	
113	19	107	76	52	219	75	80	69	108	254	238	19	5	183	244	126	172	4	236	141	178	101	140	146	252	160	208	63	138	114	117	
42	58	146	219	119	249	176	70	63	15	118	178	172	156	231	204	239	59	134	17	54	252	160	227	134	247	18	195	134	13	15	207	
9	183	51	19	181	255	181	119	109	77	95	101	190	252	182	164	158	43	150	21	215	184	36	213	44	95	58	194	206	206	217	221	
162	213	52	152	127	149	188	231	207	89	80	51	44	156	54	97	206	19	147	5	246	43	34	213	55	26	158	250	21	12	149	223	
9	18	123	233	51	220	185	81	108	77	119	100	189	151	170	232	102	57	158	152	131	144	113	208	199	245	58	129	58	134	45	249	
63	159	109	200	254	183	235	254	95	120	94	230	89	108	182	228	127	130	23	189	191	26	45	223	62	79	175	196	191	174	248	125	
130	149	52	216	254	129	188	103	142	25	80	178	172	156	52	1	207	19	147	129	242	58	2	213	44	24	154	234	84	12	145	137	
26	151	18	169	147	163	186	103	31	45	88	115	172	59	40	196	247	27	151	145	18	152	0	223	236	212	154	231	183	68	169	139	
2	178	20	153	121	229	184	75	158	89	80	55	172	158	96	72	239	57	187	17	2	94	18	213	5	16	154	235	144	12	37	211	
11	191	51	17	245	255	181	119	125	77	90	101	172	188	182	164	158	43	150	21	151	184	36	213	44	28	58	194	206	76	217	221	
14	62	146	249	183	184	176	82	63	15	86	182	142	131	163	204	255	58	134	16	50	188	0	227	142	247	50	195	134	141	13	167	
143	48	42	184	109	213	185	80	142	92	84	151	140	142	118	173	174	57	159	213	151	5	178	208	71	89	250	239	30	13	61	215	
10	205	34	157	69	231	188	231	156	86	74	131	104	190	62	65	249	171	179	165	96	154	16	253	53	62	222	7	23	92	181	218	
2	56	186	219	117	252	177	208	159	93	116	55	172	223	127	108	238	57	151	17	150	248	50	241	79	123	218	203	134	13	85	255	
57	183	98	13	124	159	234	121	86	200	248	199	115	232	190	228	126	238	54	253	159	186	79	159	62	109	163	192	127	174	120	149	
138	56	238	219	117	252	241	80	223	93	116	183	168	222	55	108	238	57	151	144	151	252	54	241	79	127	154	195	134	13	125	215	
11	151	107	137	178	214	61	119	53	77	222	230	152	166	182	228	126	63	150	172	215	152	53	223	46	61	174	198	62	132	173	253	
43	205	98	157	69	244	190	231	93	66	88	131	40	252	55	197	255	107	147	135	228	186	22	255	53	62	218	139	23	124	57	222	
139	160	50	184	109	209	185	64	159	93	85	150	140	142	246	141	174	9	147	157	134	149	178	209	6	89	218	239	22	141	61	213	
57	0	107	237	20	18	233	112	101	64	247	194	83	13	179	96	122	140	22	238	201	179	37	140	82	233	162	128	103	171	112	224	
11	151	122	73	243	215	183	119	109	77	126	38	60	188	166	164	190	59	151	17	215	184	52	223	127	93	38	195	95	134	173	255	
39	139	198	31	213	147	166	232	94	243	115	198	104	232	191	165	249	106	178	215	167	248	79	253	14	26	199	195	223	110	121	156	
6	180	178	153	119	227	184	74	30	11	89	183	140	158	104	72	255	27	147	145	178	156	0	210	13	22	154	199	148	76	53	211	
214	235	166	158	27	192	186	232	175	148	147	163	236	206	107	67	231	247	239	211	74	75	139	245	185	48	143	251	20	7	37	91	
134	16	146	155	54	167	184	66	30	11	81	50	140	218	32	72	247	57	147	145	50	148	1	214	12	22	154	194	148	9	33	131	
51	46	98	14	84	147	234	88	87	196	221	199	99	200	182	132	120	168	22	45	142	179	12	159	18	76	171	136	127	174	120	212	
214	125	86	254	75	193	24	104	175	20	161	171	108	215	109	91	174	179	207	194	106	67	138	253	179	208	75	43	51	39	39	19	
2	26	6	156	75	128	56	66	190	21	66	167	172	206	35	72	230	41	163	213	6	217	2	245	20	48	154	203	20	5	45	219	
27	219	66	142	127	145	218	240	77	68	220	207	44	200	183	196	126	233	147	231	199	10	94	253	182	85	138	171	63	159	57	221	
10	209	123	201	119	209	191	109	79	77	92	166	168	158	190	164	254	59	150	209	215	184	36	223	62	21	174	227	119	14	173	253	
175	113	99	76	127	151	203	120	199	196	116	134	121	197	183	164	94	168	178	110	195	163	126	221	38	88	129	8	119	174	80	244	
34	223	114	140	111	208	190	231	137	68	216	163	44	158	54	65	238	127	151	195	192	59	162	237	54	48	218	171	21	30	189	223	
59	19	99	76	118	19	131	120	69	196	245	230	27	140	180	164	126	168	22	109	201	163	36	220	16	56	162	136	95	174	114	245	
107	219	98	76	247	214	252	119	101	77	126	167	104	191	182	244	254	183	183	229	221	154	37	223	119	127	190	195	55	132	252	127	
51	219	98	158	78	145	190	244	205	84	116	167	40	204	183	69	110	227	183	199	196	63	62	253	54	40	206	138	127	159	121	221	
50	219	123	236	70	129	190	246	137	64	88	239	61	188	52	96	110	251	147	227	193	59	148	253	53	44	138	170	61	159	181	249	
43	223	107	76	246	150	255	247	69	73	94	231	24	191	182	116	254	191	151	237	213	154	36	223	126	125	174	194	63	134	244	125	
55	201	106	158	79	149	191	224	141	84	112	135	105	204	55	1	110	233	179	199	197	59	62	253	119	40	206	8	125	63	97	220	
59	85	103	76	126	19	203	120	133	192	245	239	91	77	182	181	126	160	215	238	205	163	52	204	50	104	129	152	127	175	122	244	
63	86	103	204	126	147	203	120	133	192	245	239	123	205	183	181	126	160	215	239	233	167	46	221	50	72	161	152	127	175	114	245	
10	48	58	184	109	245	185	67	143	220	84	23	140	158	119	44	238	57	183	149	134	23	178	208	23	81	154	235	22	12	45	223	
59	91	98	142	118	147	234	240	5	76	92	231	41	201	183	132	126	232	151	239	206	178	12	189	114	109	168	136	127	159	120	217	
63	81	110	204	126	147	217	120	71	196	244	162	123	205	183	164	126	184	183	236	201	179	103	221	94	89	129	128	119	174	116	245	
39	201	102	94	95	211	235	248	223	64	117	130	104	220	183	228	126	232	183	206	199	58	62	253	63	62	135	139	119	191	116	236	
11	155	51	136	215	213	190	119	95	73	88	102	44	152	182	228	254	59	150	209	215	186	36	247	60	20	142	227	95	12	169	223	
63	91	98	142	119	145	90	240	197	192	220	239	105	200	183	196	126	169	151	239	205	131	60	253	178	93	139	170	63	143	56	221	
2	18	251	153	114	227	185	74	31	79	80	247	188	222	167	72	247	57	23	145	166	188	38	223	94	54	58	235	148	0	37	223	
58	219	98	138	115	209	62	255	13	68	124	167	41	14	166	212	126	187	151	197	198	155	36	253	62	85	158	203	55	150	190	223	
2	174	154	217	183	243	184	199	31	61	94	50	140	159	182	236	163	59	151	145	22	188	32	215	14	87	154	231	150	76	45	143	
26	223	114	72	243	211	191	247	109	77	126	167	40	158	166	164	126	59	151	192	215	187	52	255	126	93	38	195	119	150	173	223	
91	223	98	138	87	148	190	236	13	68	76	135	44	140	54	196	102	235	147	199	198	11	62	253	62	120	142	107	63	158	57	92	
35	158	194	137	246	185	186	83	31	77	94	247	168	46	182	196	255	59	151	149	151	152	101	215	14	84	186	195	158	204	25	213	
171	141	98	220	247	208	254	115	89	64	124	131	40	127	180	37	126	179	183	236	212	186	54	207	119	122	202	139	103	172	250	223	
145	13	107	165	198	66	175	247	80	196	90	195	177	188	113	96	126	111	55	207	192	186	164	44	253	169	238	128	37	120	53	250	
10	112	58	184	101	245	185	64	159	93	84	23	140	158	118	204	238	57	183	145	134	151	50	208	7	81	154	235	150	13	45	215	
2	48	144	152	105	229	184	66	158	89	80	55	140	158	96	73	206	25	179	145	2	92	82	209	5	16	154	235	144	12	37	211	
57	53	98	13	252	183	234	121	86	200	248	230	83	200	182	228	126	174	22	253	159	186	93	159	62	109	163	196	127	142	248	149	
2	190	50	209	247	179	184	71	31	45	94	247	12	186	166	196	239	59	135	145	150	152	0	215	30	86	26	195	151	68	173	143	
138	120	162	209	101	253	177	67	159	95	84	51	140	158	119	140	233	41	179	145	6	116	114	208	15	89	154	235	150	12	61	214	
61	19	99	109	54	19	203	120	69	192	247	231	91	13	183	228	126	172	23	238	205	179	53	140	114	105	160	144	127	175	112	213	
42	13	227	188	213	226	175	103	220	196	90	131	121	252	55	64	248	111	51	165	228	186	6	238	125	46	142	136	151	124	245	202	
25	19	123	233	51	221	121	81	237	77	247	230	159	159	170	236	126	153	159	188	135	145	53	208	215	221	42	131	62	135	37	243	
138	26	166	185	109	213	113	82	159	93	214	53	136	158	103	108	204	56	174	148	142	254	115	208	71	209	146	203	146	13	124	215	
191	233	99	218	94	145	235	120	215	224	213	138	121	205	255	37	126	184	23	255	239	103	62	221	126	73	143	184	55	174	112	228	
57	19	107	104	118	31	75	81	101	64	247	238	19	12	183	116	126	172	22	238	141	178	117	140	210	237	160	128	127	143	114	116	
15	122	34	248	109	213	185	80	199	92	212	47	136	159	247	236	204	185	191	213	143	15	242	208	215	217	186	235	26	13	125	247	
194	129	116	153	246	128	188	39	140	17	24	146	172	46	52	65	239	3	23	129	242	8	2	213	60	58	154	200	21	12	177	137	
57	146	122	225	117	220	121	81	109	77	119	55	27	159	166	240	110	184	151	12	159	184	116	133	199	249	178	193	111	142	220	243	
138	122	50	217	109	213	176	80	143	93	214	37	136	159	103	237	204	57	191	208	134	254	243	208	71	89	154	235	146	13	124	223	
130	56	187	217	52	205	184	80	191	89	114	119	188	222	37	72	254	57	23	17	130	244	18	209	7	30	186	194	148	8	53	215	
57	22	99	104	118	51	107	80	85	96	247	230	83	13	183	113	126	172	22	174	141	178	36	156	86	237	160	128	127	175	98	245	
130	120	190	153	103	249	176	70	223	93	86	55	172	158	103	76	203	57	183	17	134	252	114	240	7	82	26	195	150	13	45	223	
191	233	98	222	95	145	234	232	215	128	213	10	105	201	125	37	120	248	19	250	110	99	158	253	123	73	135	57	55	190	112	174	
2	62	250	153	115	184	176	66	63	79	86	183	172	142	167	204	247	59	135	17	182	188	36	215	14	86	26	195	134	140	45	223	
2	22	250	137	114	179	184	90	31	77	92	247	44	174	166	64	255	59	151	145	150	158	37	223	30	54	186	195	149	132	45	223	
2	56	190	209	55	249	176	66	95	95	86	55	140	158	167	108	235	40	134	16	22	252	34	210	142	86	154	195	134	12	125	199	
61	0	107	204	20	18	235	120	68	192	247	198	83	13	187	96	126	172	22	238	137	179	37	140	210	233	162	132	47	171	112	112	
138	152	50	184	107	245	152	71	159	29	148	55	12	159	102	204	231	27	159	145	22	15	50	209	147	85	154	239	154	4	45	95	
2	50	175	153	117	221	177	72	191	77	84	55	172	222	55	76	254	57	183	17	150	188	50	213	71	86	154	203	214	13	101	215	
41	18	123	233	84	220	105	80	101	76	119	102	25	15	166	240	108	136	134	156	153	184	117	132	71	237	162	192	107	138	84	249	
61	23	75	237	118	58	107	80	69	200	119	230	19	5	179	253	126	168	22	174	137	178	36	140	86	237	160	128	111	171	120	241	
122	149	115	236	215	82	223	109	53	4	250	163	75	191	172	196	126	247	159	227	120	155	37	207	242	230	138	131	55	174	164	127	
2	158	90	152	242	178	56	83	189	77	94	247	140	174	166	196	231	43	142	20	183	153	4	223	14	22	18	195	156	196	173	213	
3	158	106	137	114	163	185	83	30	77	90	247	148	46	182	64	239	59	23	149	150	152	101	223	78	36	186	195	157	128	37	221	
58	219	106	206	87	149	223	244	197	68	220	135	41	204	55	100	126	235	147	199	207	187	52	253	115	109	130	139	63	159	124	92	
19	201	98	142	79	213	174	224	141	68	88	131	40	204	55	96	104	233	179	199	198	59	62	253	53	12	202	40	117	31	113	222	
58	219	98	206	87	209	254	244	77	68	220	167	41	204	182	100	126	225	151	199	206	59	44	253	50	124	138	139	55	159	124	95	
2	159	90	152	242	177	184	103	30	93	94	247	44	174	166	64	231	59	131	149	183	152	0	255	62	7	186	195	157	0	169	223	
2	159	90	155	243	177	184	103	31	77	94	247	172	174	166	196	231	59	131	149	183	152	4	247	46	23	154	195	159	4	173	223	
11	155	122	200	247	215	191	119	77	77	126	167	44	156	182	100	254	59	151	149	215	184	52	255	127	93	46	195	119	134	165	255	
59	233	34	72	93	213	202	228	199	65	172	10	42	220	118	164	216	234	146	221	79	43	62	253	59	93	143	123	83	14	250	206	
35	201	43	138	93	197	239	228	133	72	248	11	56	220	54	32	200	227	19	207	78	43	58	253	123	28	142	235	81	30	112	206	
3	159	106	153	246	179	184	119	31	77	92	247	140	142	182	64	239	43	151	21	183	152	36	223	14	21	186	195	156	140	185	221	
2	159	106	153	246	169	185	87	28	77	90	247	181	174	182	64	239	43	23	149	182	152	36	215	78	21	186	194	156	76	189	223	
59	73	99	76	95	215	203	104	69	64	237	138	123	204	183	164	122	168	146	239	205	163	116	221	51	92	139	56	119	175	114	244	
11	223	115	200	247	211	191	119	93	77	92	230	44	156	182	228	126	59	150	193	215	184	52	255	62	28	142	195	127	142	173	255	
2	48	186	153	103	241	185	67	15	93	84	55	12	158	247	76	238	25	151	145	134	149	50	208	87	80	186	195	148	12	37	223	
35	203	98	206	125	209	250	236	207	76	92	99	104	220	183	228	248	235	183	199	198	59	46	253	63	60	174	235	87	15	124	207	
27	219	114	72	243	211	190	247	29	69	124	167	44	159	182	228	126	187	151	197	214	187	52	255	63	125	14	195	119	134	173	223	
49	204	105	219	92	131	203	222	87	67	220	66	115	201	181	100	89	170	23	219	171	174	111	191	114	174	179	136	183	155	112	168	
222	249	82	254	75	193	52	224	187	0	225	171	108	222	109	25	250	187	227	194	98	91	154	243	147	211	75	43	49	51	39	147	
51	102	98	12	84	179	202	88	87	68	221	199	99	200	182	4	88	168	23	45	142	179	4	159	18	76	171	160	127	174	120	196	
2	152	191	153	52	233	176	3	254	93	82	115	148	158	36	72	225	41	31	145	22	156	34	85	13	54	186	199	144	8	53	87	
59	105	98	78	95	213	235	120	199	76	245	138	104	220	183	164	126	168	150	238	203	35	46	253	55	88	129	171	119	174	124	237	
7	10	2	155	19	178	56	66	62	65	83	247	172	202	50	204	246	41	179	149	183	156	4	223	4	54	154	195	156	5	57	212	
63	1	103	204	95	151	203	120	197	192	253	142	123	77	183	164	126	160	211	239	205	163	61	221	18	108	129	152	127	175	122	244	
59	81	99	76	119	211	203	112	69	192	245	174	89	204	182	164	126	168	150	238	201	179	116	220	18	124	162	152	127	174	112	245	
0	158	127	153	114	235	177	71	190	77	90	247	148	174	164	64	231	59	7	17	182	184	36	87	76	38	58	194	148	64	37	211	
55	233	103	222	95	213	235	232	197	64	253	10	105	206	63	181	122	232	19	239	78	51	62	253	51	8	195	41	119	175	122	236	
2	48	187	153	102	229	184	67	15	89	80	119	156	158	116	104	238	25	23	145	135	157	50	208	5	16	186	202	156	8	37	255	
130	48	146	153	105	197	184	66	142	89	80	51	140	158	96	73	198	57	179	145	18	92	18	208	5	16	218	235	144	12	37	211	
61	0	107	236	84	18	203	112	68	192	247	70	83	73	187	96	120	172	22	238	137	179	37	140	82	233	162	132	127	171	112	224	
114	219	98	140	87	208	190	230	141	68	222	167	40	204	54	64	254	251	151	195	198	59	52	253	51	44	142	139	119	158	245	223	
214	235	166	158	75	192	184	232	159	148	193	163	236	206	107	72	247	243	239	211	106	75	138	243	157	48	207	187	20	7	53	219	
43	217	98	204	247	150	254	247	77	73	126	163	40	159	182	228	254	187	151	197	212	186	36	255	127	124	158	195	55	134	244	255	
43	223	99	200	118	146	191	247	77	65	94	231	56	159	182	100	126	187	151	205	213	152	36	255	126	60	174	194	55	132	240	253	
130	182	54	145	183	227	184	66	30	59	82	179	140	30	40	73	255	27	147	145	178	220	1	214	12	22	154	199	148	76	53	211	
2	217	98	140	71	133	190	230	141	64	216	131	44	158	52	64	254	251	147	199	192	59	22	253	49	52	142	171	85	30	189	218	
167	195	198	31	95	147	168	232	94	240	115	70	232	232	254	165	249	106	178	213	135	240	79	253	14	26	199	131	95	47	121	132	
63	73	99	206	93	215	202	104	133	64	253	10	123	220	55	164	120	160	87	238	77	35	62	221	51	109	129	153	119	175	120	68	
2	18	63	233	52	174	184	67	175	25	82	97	156	155	36	104	230	57	31	145	130	145	2	213	133	56	186	194	148	8	33	35	
10	159	115	169	242	163	185	119	28	69	90	247	189	47	160	64	110	59	23	149	178	152	101	223	108	36	186	192	189	192	37	251	
2	80	63	201	36	230	184	82	175	89	82	103	156	159	36	104	230	57	63	145	135	145	50	213	199	120	186	195	148	9	53	247	
43	169	160	154	221	213	210	71	199	69	204	9	170	252	118	164	201	171	147	157	30	42	114	245	59	93	156	123	218	12	252	222	
10	158	242	153	115	251	176	71	63	77	90	183	172	158	166	72	231	59	135	17	182	188	32	215	78	22	26	195	148	12	37	223	
58	149	114	204	223	210	126	101	21	64	254	163	72	255	174	244	126	191	151	226	125	187	36	206	58	118	130	203	55	174	236	246	
2	16	55	185	116	143	168	83	190	9	82	115	156	159	36	104	246	57	63	17	130	157	2	212	197	52	186	194	156	8	33	179	
19	0	115	233	54	157	120	80	237	0	242	227	157	159	181	116	254	185	31	188	142	145	4	208	214	220	130	134	55	134	96	39	
2	26	183	153	119	249	176	67	191	93	82	51	140	158	102	72	231	57	159	17	22	156	34	212	15	22	26	195	150	12	53	223	
2	80	251	153	118	235	184	82	31	73	80	247	156	158	36	72	246	57	23	17	131	181	51	213	71	22	58	203	156	8	37	243	
56	0	98	108	68	27	64	88	69	32	246	10	3	9	181	84	120	132	14	40	136	179	37	140	146	233	160	16	119	171	112	0	
57	18	123	233	119	220	121	80	101	76	119	166	27	31	170	244	110	152	151	252	139	178	36	148	87	233	162	192	127	142	100	241	
2	16	55	185	117	245	176	3	175	93	82	53	140	158	103	72	237	57	191	145	134	156	114	208	7	80	154	195	146	12	37	215	
8	18	51	249	118	227	184	83	30	9	82	243	156	159	36	200	247	57	31	17	179	188	1	223	5	38	58	192	156	8	33	187	
54	235	46	218	93	209	210	232	195	28	244	42	40	216	52	53	232	248	135	227	78	43	10	253	59	25	135	187	83	15	118	175	
239	96	233	195	236	53	75	216	83	242	181	26	217	79	223	63	93	204	119	254	169	102	255	144	95	219	193	124	151	191	86	244	
3	181	123	202	246	245	249	125	95	73	125	134	57	223	190	100	126	155	23	157	151	186	62	247	111	93	154	202	215	134	229	253	
47	181	233	203	221	245	219	89	23	77	253	151	152	206	254	36	221	155	151	157	159	34	255	215	79	93	139	236	223	206	228	245	
3	159	107	187	246	147	185	119	28	77	94	231	189	142	182	96	246	43	23	21	215	152	36	255	110	45	186	192	28	138	177	217	
152	205	110	253	54	138	255	119	228	0	214	131	183	31	48	65	110	183	31	233	232	185	21	173	241	169	238	128	37	152	181	42	
43	183	97	203	246	245	187	93	95	77	221	246	40	204	254	164	95	155	151	149	151	42	126	215	46	92	186	238	223	206	189	245	
147	221	122	216	86	213	190	103	221	64	92	163	41	158	182	97	238	59	151	197	246	171	52	253	59	105	174	195	85	132	173	223	
163	219	106	202	126	145	186	248	207	76	216	239	32	200	246	96	254	249	151	195	198	59	46	255	62	28	171	235	93	143	124	221	
19	223	126	185	54	214	191	119	140	76	94	167	189	158	178	97	230	59	31	197	231	137	52	253	224	105	170	195	29	12	181	219	
47	182	225	75	253	117	139	217	19	125	253	222	153	236	222	172	221	152	151	189	159	50	252	211	15	93	137	252	223	207	214	245	
47	183	97	75	221	245	138	89	87	93	125	223	136	76	222	164	221	155	147	181	159	42	108	215	14	28	152	239	223	142	254	245	
179	251	98	78	124	145	250	240	205	76	212	110	40	216	183	164	126	168	150	207	206	47	44	255	54	28	163	171	119	143	124	237	
146	223	110	157	54	211	190	103	156	76	216	231	45	172	182	225	110	59	151	193	231	137	36	253	34	97	170	131	61	12	189	223	
187	75	98	76	119	211	203	112	69	76	245	238	41	220	183	164	126	168	150	238	201	183	36	222	50	120	160	136	119	175	126	229	
130	176	26	153	101	197	184	66	158	25	80	51	140	158	96	73	231	57	179	145	2	92	18	209	5	16	90	235	144	12	37	211	
61	0	107	206	68	18	203	112	68	192	247	198	81	77	177	96	120	168	22	238	201	179	36	140	82	169	162	128	127	187	112	240	
56	0	98	236	68	3	64	88	101	0	247	10	3	137	53	80	120	132	14	104	136	179	5	140	146	237	160	16	119	171	112	0	
10	152	19	185	114	165	184	23	62	25	82	114	188	23	160	236	230	27	183	145	19	156	17	215	140	231	58	194	158	0	169	185	
130	16	55	169	118	164	184	83	46	25	82	119	156	159	36	104	230	25	63	145	147	156	19	209	85	48	186	194	156	8	33	187	
39	182	96	11	223	241	186	73	95	89	93	247	72	76	254	172	95	139	151	181	151	34	111	215	14	86	154	239	255	14	252	215	
146	91	30	188	42	210	156	116	180	204	214	167	181	14	163	67	230	117	189	227	237	205	39	47	240	227	234	145	44	48	45	91	
187	73	98	92	85	215	202	224	213	64	244	14	42	204	55	164	120	232	151	239	237	167	52	255	51	93	128	153	127	189	120	220	
185	73	99	76	21	87	203	112	69	76	244	2	107	217	183	228	120	168	22	238	200	179	36	172	51	108	128	129	119	191	116	230	
35	233	98	202	93	213	210	228	199	72	188	10	42	220	55	164	200	224	19	195	78	43	42	255	51	28	129	59	83	31	126	206	
59	201	106	78	125	209	214	228	197	72	252	42	42	221	183	164	216	168	151	202	206	171	102	189	51	93	128	187	119	159	126	206	
10	151	114	155	243	176	184	103	61	69	91	183	172	174	46	196	247	59	131	149	182	152	36	215	44	118	26	195	158	4	173	223	
34	251	122	202	125	145	210	224	207	12	188	42	34	216	167	4	200	240	198	67	78	43	74	253	50	20	131	187	85	31	126	143	
187	219	98	216	87	213	254	247	213	68	84	167	40	141	182	101	110	187	147	197	230	155	52	253	51	88	142	203	55	156	252	223	
35	209	107	202	213	149	255	255	69	65	92	135	56	204	190	100	92	154	147	221	215	186	118	245	111	28	158	202	23	142	244	252	
34	233	41	218	125	193	215	239	207	9	248	43	32	156	52	48	200	170	23	81	90	42	98	253	63	28	156	219	85	30	244	235	
3	157	106	202	246	144	190	103	77	65	94	227	57	222	182	96	126	59	19	141	215	154	36	255	46	44	190	194	53	142	241	253	
34	133	106	202	213	133	236	111	69	1	120	2	56	201	60	64	216	171	19	153	218	186	82	255	47	60	158	72	81	10	240	136	
146	221	110	221	54	210	190	230	252	84	214	163	57	158	54	97	238	115	157	227	228	137	52	253	163	105	238	131	21	144	53	223	
162	217	98	220	85	196	190	231	157	1	120	147	44	220	52	64	236	187	147	193	214	187	18	255	59	60	142	75	21	28	249	154	
131	181	50	153	245	247	186	103	92	79	88	55	172	60	54	33	159	27	147	181	183	188	52	223	47	22	158	227	221	76	189	223	
3	195	166	159	76	147	184	232	94	240	83	199	224	232	255	104	249	109	50	231	199	244	79	255	30	62	207	135	93	47	121	148	
130	150	36	155	182	163	184	99	28	127	90	183	140	46	50	73	255	27	147	181	178	220	1	223	12	22	218	195	148	76	181	219	
214	235	34	158	79	129	190	232	159	132	209	171	236	206	123	72	255	235	175	215	78	23	138	247	156	52	143	187	20	31	61	194	
58	135	98	200	247	243	254	103	149	68	254	163	72	238	174	244	126	187	151	224	92	187	36	222	62	126	138	203	55	142	252	214	
161	200	233	219	84	143	207	214	87	99	244	2	179	137	53	100	89	234	19	203	235	190	125	191	103	159	147	32	119	153	112	168	
135	10	130	155	19	176	184	64	62	65	67	247	140	202	50	200	246	41	147	149	183	156	6	244	4	54	154	195	156	5	57	215	
59	68	98	140	92	179	202	72	215	68	217	135	99	200	54	128	88	168	19	45	140	179	20	159	18	12	137	48	127	174	120	196	
190	249	82	250	75	193	182	224	191	0	101	42	44	223	101	24	251	251	147	194	98	63	154	243	83	215	19	43	115	51	39	154	
34	219	107	138	118	129	191	244	142	5	88	231	180	204	180	64	254	123	23	195	198	58	10	255	124	36	174	234	21	154	245	203	
26	151	55	175	50	194	189	125	140	77	91	231	253	111	170	64	246	51	31	165	210	137	33	253	224	164	170	192	60	130	165	123	
80	204	126	252	38	128	127	246	164	2	86	66	119	139	49	65	102	241	63	203	72	189	2	239	241	170	250	0	53	152	49	10	
152	219	67	187	118	129	175	244	20	0	80	230	189	203	176	193	126	123	23	199	227	190	14	191	228	161	174	200	61	152	177	185	
146	204	111	190	58	130	190	228	140	8	208	227	61	222	180	65	238	113	31	231	104	143	2	253	176	234	250	128	29	24	33	187	
54	115	232	138	238	17	159	216	139	222	149	239	77	204	255	11	63	217	215	247	198	103	174	240	122	8	239	191	245	191	55	213	
171	201	100	92	125	213	204	247	213	92	212	19	42	156	182	165	200	170	151	205	239	46	118	191	39	89	144	171	95	140	248	222	
135	22	230	149	231	54	188	3	125	247	87	151	72	46	215	239	39	7	179	181	181	212	53	194	14	58	223	135	143	244	249	212	
147	222	126	188	46	210	159	247	212	78	214	167	125	206	178	97	110	179	191	195	204	141	54	255	243	99	250	129	53	156	189	91	
163	222	106	222	118	145	250	244	93	68	208	239	32	204	183	33	254	169	23	231	230	47	44	255	54	8	162	170	125	159	116	221	
162	225	96	202	253	209	212	239	95	93	116	27	42	29	62	37	200	138	151	85	126	42	98	247	47	88	148	251	87	12	220	207	
130	144	155	153	51	229	185	66	30	91	80	51	156	158	96	72	231	57	147	145	34	156	18	211	77	22	26	235	144	8	37	211	
163	202	67	140	68	144	174	244	84	64	80	198	40	8	183	229	76	96	146	207	229	168	4	253	34	40	138	128	31	156	120	220	
179	94	98	76	118	147	206	120	85	78	244	238	42	204	183	165	126	168	150	239	237	183	36	253	50	88	160	139	127	189	120	253	
178	204	110	222	13	215	188	230	157	94	208	19	40	204	55	67	204	241	155	199	238	239	50	255	35	123	218	155	21	60	116	222	
150	20	174	149	134	102	188	67	188	247	147	151	212	46	63	75	231	23	123	165	180	213	149	194	129	34	219	135	133	97	165	210	
162	201	47	186	157	197	156	239	156	25	240	19	160	158	52	65	200	27	19	193	114	175	82	255	161	249	158	91	17	24	245	142	
7	192	131	31	76	135	162	232	94	232	91	71	240	232	125	32	249	109	50	231	199	176	95	127	12	62	143	6	93	59	121	148	
14	146	114	153	115	241	184	66	31	85	95	183	172	206	110	204	247	27	179	145	150	152	6	245	14	87	26	203	150	5	173	215	
43	149	105	203	245	213	239	127	79	101	93	6	168	92	190	36	216	10	147	173	215	58	124	221	111	29	138	231	95	142	216	254	
10	151	98	155	243	177	186	99	63	69	95	183	236	238	62	196	247	27	147	149	150	152	22	215	14	118	154	195	159	4	173	213	
50	243	121	200	119	217	215	237	79	5	120	43	42	156	62	32	218	155	135	65	214	58	100	253	119	28	20	251	119	158	212	239	
11	133	34	139	215	181	170	107	29	65	77	147	40	238	62	228	255	11	147	189	182	152	20	223	47	126	154	195	151	6	185	196	
42	133	96	201	213	167	234	107	95	1	121	2	136	9	60	68	217	11	19	185	146	58	89	215	111	28	138	108	215	14	240	130	
102	234	2	158	95	129	190	232	31	134	217	239	108	206	123	192	253	235	163	199	70	23	138	251	184	20	143	171	20	31	53	130	
7	10	130	155	67	176	184	64	30	69	67	167	140	202	51	200	230	41	147	215	6	148	6	240	4	48	154	203	156	5	57	214	
59	177	57	232	157	213	217	111	15	73	188	11	30	29	62	32	157	155	147	17	155	43	112	213	107	93	140	123	219	12	150	246	
161	201	233	219	85	151	239	198	86	64	68	2	177	200	53	104	89	234	51	203	235	186	125	191	101	31	158	0	21	217	80	232	
184	233	122	122	75	193	182	230	159	0	228	2	44	255	101	24	251	123	147	194	66	59	154	243	115	221	31	43	83	17	39	138	
61	37	98	136	221	179	234	109	85	96	238	2	91	248	54	228	122	174	18	253	157	187	21	222	62	44	130	100	255	207	248	132	
202	159	87	156	114	192	61	55	173	77	94	231	44	167	160	197	102	51	191	140	241	153	34	253	178	114	250	194	30	132	165	121	
203	217	103	156	102	196	109	55	189	70	82	231	61	183	176	229	102	51	63	204	225	157	54	255	241	122	250	130	54	148	165	121	
2	133	2	159	85	244	178	103	29	5	79	19	236	248	62	196	217	59	147	145	54	186	18	255	47	54	154	75	147	76	125	142	
154	159	39	188	59	192	61	119	141	77	82	231	44	183	162	197	230	179	159	197	242	137	2	253	240	34	186	194	62	4	165	123	
11	138	18	249	98	165	185	87	46	9	92	114	188	147	224	236	231	59	151	153	19	24	0	209	68	213	186	194	158	0	41	169	
175	107	96	1	61	27	68	174	115	164	182	169	139	8	215	148	24	204	196	108	236	250	229	158	38	93	133	55	103	188	90	196	
194	150	189	177	162	104	189	135	190	255	26	183	149	62	74	75	167	87	123	145	50	92	195	98	205	39	126	199	132	80	133	91	
82	94	235	188	38	192	158	118	132	74	218	231	121	239	177	64	110	241	63	199	204	139	38	251	242	39	170	136	53	250	53	91	
219	219	83	220	98	212	60	119	189	64	82	231	60	151	164	244	102	59	183	204	193	159	54	255	50	46	250	138	62	132	165	253	
35	91	110	204	102	179	252	114	205	66	220	231	48	76	183	105	126	169	23	231	133	179	38	220	86	46	234	128	125	253	112	221	
18	151	43	168	178	225	185	99	142	77	88	163	44	47	34	64	231	19	159	145	18	137	0	213	232	5	170	195	181	12	165	115	
171	76	103	222	68	147	207	240	213	66	212	198	112	72	181	229	72	96	18	207	229	167	38	255	34	42	234	128	95	191	112	252	
3	91	231	197	230	18	236	23	77	201	94	230	8	44	182	230	110	100	182	205	213	184	37	192	38	124	174	130	175	188	248	221	
47	157	97	137	215	215	187	99	95	101	93	7	8	156	182	36	249	42	147	29	151	184	60	253	47	28	139	231	159	14	213	246	
6	136	34	137	83	245	184	202	15	85	76	131	140	206	126	204	231	25	179	149	22	152	50	213	15	84	154	79	151	5	45	214	
34	173	123	201	247	203	178	231	79	97	89	35	8	156	52	32	250	26	147	49	214	184	44	213	47	28	133	231	119	142	213	231	
6	200	166	152	93	245	184	202	31	21	68	19	140	222	62	204	217	9	179	145	6	150	50	213	31	86	154	79	146	13	61	198	
61	211	237	107	236	87	75	184	66	125	61	238	83	109	218	34	93	200	53	254	219	98	111	48	78	205	229	252	255	187	208	241	
239	247	41	234	237	117	219	221	139	125	189	125	219	93	222	182	221	147	223	55	191	39	106	151	251	221	173	254	158	223	214	247	
161	201	41	249	205	205	229	198	214	83	204	18	178	152	48	96	201	170	50	141	107	186	114	179	109	159	150	104	24	88	208	234	
8	233	58	122	203	209	181	230	223	29	116	34	44	251	100	16	233	123	130	80	66	107	10	247	123	213	22	107	83	16	167	171	
62	79	226	111	151	18	223	188	17	134	95	163	105	109	191	68	126	246	149	239	232	144	45	175	99	239	228	129	39	247	244	126	
6	239	130	158	88	129	174	232	31	132	217	231	228	202	121	196	221	107	3	215	66	18	202	255	188	52	143	234	28	31	57	156	
51	35	34	172	85	23	252	107	93	232	248	79	72	200	54	64	248	169	23	165	220	179	148	222	22	94	139	170	93	46	248	134	
3	161	131	13	92	143	166	233	94	232	90	70	240	248	125	160	217	109	50	45	199	178	223	95	44	60	15	44	93	42	121	132	
58	52	40	12	91	87	145	123	19	236	180	47	10	189	71	52	156	156	213	32	236	107	241	158	91	85	5	191	115	44	94	215	
196	223	188	183	168	174	63	174	190	223	27	181	253	254	75	75	135	119	125	7	246	205	139	59	232	247	127	145	132	115	133	91	
148	4	12	181	150	110	61	167	52	51	195	19	215	35	16	73	97	71	29	163	120	220	85	46	225	231	254	5	160	113	165	10	
134	140	172	179	130	42	189	135	62	87	26	147	213	46	91	75	167	87	59	149	54	220	159	98	237	167	254	197	132	81	149	202	
166	12	175	189	204	102	189	66	156	158	210	19	208	252	53	75	201	101	51	131	36	247	2	74	69	34	250	129	149	121	117	195	
135	204	236	147	230	50	188	167	251	243	94	147	236	46	214	175	167	95	179	151	246	220	63	226	46	62	222	199	133	213	137	204	
162	30	110	220	100	243	244	98	221	30	240	51	32	184	183	107	201	178	151	129	164	231	98	206	7	58	250	139	85	121	124	207	
135	204	242	211	215	50	254	231	125	19	127	146	8	42	117	109	107	223	19	159	244	252	28	226	47	30	222	71	135	213	241	174	
135	223	227	214	246	180	190	254	27	218	93	243	120	127	255	37	183	123	151	231	244	84	44	239	126	94	207	166	167	247	181	247	
