 •¬ﬁ¿ºÀÆ¥Ω”‘	#207 √€Ã“ÈŸ	http://www.yslbeautycn.com/on/demandware.static/-/Sites-ysl-master-catalog/default/dw169f745d/Makeup_Pro_img/00099YSL/L6720800U_207_COLORIMG.png	//www.yslbeautycn.com/dw/image/v2/AARM_PRD/on/demandware.static/-/Sites-ysl-master-catalog/default/dwe4fe4df3/Makeup_Pro_img/00099YSL/L6720800U_207_01.jpg?sw=336&sh=444&sm=fit
210	251	25	186	122	197	30	121	158	12	145	239	108	222	104	81	246	185	159	227	227	7	154	253	176	128	171	186	24	2	37	19	
62	25	124	206	123	215	95	121	133	12	253	34	124	95	173	53	126	177	151	234	122	3	42	253	115	217	32	187	55	139	100	171	
137	141	119	94	125	217	238	160	205	24	124	66	104	89	181	245	170	227	134	106	192	41	42	253	39	121	98	137	87	175	69	47	
18	133	112	141	86	131	172	103	140	1	216	2	44	42	48	64	106	163	31	161	210	43	0	221	52	4	138	232	21	8	177	136	
25	73	111	105	226	87	109	89	103	228	126	6	25	7	147	252	126	140	54	252	205	144	55	216	86	233	161	132	175	240	98	252	
122	87	98	204	23	86	223	125	225	196	254	135	105	111	62	244	126	245	157	229	236	139	52	207	243	125	142	155	39	182	110	94	
60	108	106	106	92	179	203	216	87	160	253	10	83	73	185	32	121	200	23	250	136	179	109	190	122	205	165	244	247	251	112	160	
178	94	98	220	7	242	90	210	149	78	222	183	105	236	183	65	110	247	183	231	172	167	52	235	19	126	210	131	55	253	116	95	
34	221	36	138	109	209	214	233	205	92	189	47	104	252	62	71	200	179	223	227	220	43	122	221	51	80	199	255	87	46	244	215	
183	15	102	142	79	55	222	64	205	78	255	135	104	236	183	96	238	225	159	239	140	167	52	235	18	58	202	147	127	255	112	87	
18	133	112	205	150	131	220	47	13	65	219	146	13	46	52	64	126	179	23	161	218	152	69	221	178	124	138	208	53	140	177	9	
34	213	48	216	124	145	188	103	141	89	88	187	172	156	180	32	206	51	151	5	210	43	96	213	54	24	26	234	85	12	145	221	
165	237	97	75	244	187	231	245	117	66	120	70	120	72	189	164	123	234	18	254	243	178	108	255	44	28	132	100	255	223	210	164	
51	65	122	248	68	201	120	64	237	8	244	10	30	203	126	113	122	185	54	216	70	163	6	208	87	24	2	201	125	130	106	143	
56	235	106	106	86	193	203	240	5	68	116	171	51	205	179	0	122	168	7	207	202	178	44	61	114	9	160	169	119	139	118	232	
3	175	96	137	245	145	186	103	78	77	92	135	168	136	182	132	254	11	147	149	150	184	4	213	46	28	138	227	223	14	217	207	
82	249	178	178	155	192	18	230	171	53	138	179	44	158	98	82	167	215	249	209	90	75	154	241	185	213	158	127	128	20	167	90	
130	136	18	155	116	173	184	66	62	9	83	18	172	158	32	72	231	59	19	145	50	156	2	247	4	54	26	194	148	9	33	129	
67	160	87	232	114	153	120	102	173	1	106	216	175	142	20	112	167	169	110	1	4	188	134	199	220	254	26	72	224	0	67	12	
45	237	97	73	212	155	226	248	85	96	120	70	83	72	157	164	120	200	22	254	195	178	109	237	44	12	165	196	127	190	114	164	
82	121	22	152	43	224	48	71	175	21	234	161	44	158	98	82	162	59	235	144	66	11	130	241	153	176	26	203	0	4	167	75	
206	144	51	248	207	228	185	75	58	91	113	83	28	254	60	232	247	31	179	145	179	127	146	211	93	63	90	238	145	68	167	243	
11	151	100	153	180	148	188	119	5	77	92	183	169	31	182	100	206	27	151	133	255	152	37	213	230	125	186	195	30	140	180	223	
60	83	107	111	223	83	223	120	5	76	253	175	123	77	171	4	94	248	151	114	218	179	108	188	115	197	161	149	119	191	116	243	
230	205	64	146	199	41	238	33	153	146	185	26	206	74	12	145	171	227	70	130	112	98	88	244	180	18	206	122	85	111	211	128	
199	8	175	216	237	244	248	2	255	91	55	17	28	220	119	127	161	33	59	157	50	69	50	210	31	58	219	207	148	65	113	102	
35	3	67	72	85	179	234	80	77	97	123	206	8	128	180	244	120	140	146	60	131	178	37	216	22	60	128	194	127	142	120	164	
61	237	90	130	159	83	199	216	70	228	156	142	75	192	123	132	120	136	206	254	75	35	253	159	249	197	175	125	55	62	252	80	
56	133	98	238	84	163	202	121	85	0	253	2	123	233	48	64	120	170	23	232	152	187	8	159	122	239	163	192	119	170	112	128	
181	105	227	199	196	11	239	248	86	226	213	206	113	204	245	36	124	236	22	239	201	246	236	170	52	12	231	164	109	251	114	244	
55	123	99	10	118	27	174	200	204	100	219	239	97	204	189	228	126	236	202	255	215	51	188	252	52	44	139	176	125	191	119	244	
19	141	99	206	84	178	235	115	245	64	223	194	113	238	180	100	122	234	22	237	185	187	44	255	48	46	170	192	53	234	112	228	
57	129	232	239	86	11	110	121	22	160	117	139	115	125	24	32	120	140	23	173	184	178	77	159	126	207	161	133	119	174	80	128	
56	29	55	238	53	199	95	97	141	200	255	2	127	255	37	240	252	181	159	98	105	187	56	191	243	255	130	19	59	170	100	59	
58	157	122	174	122	195	155	105	141	4	221	163	109	222	174	64	126	187	159	161	94	139	12	223	240	69	171	139	117	14	37	215	
60	91	234	172	242	131	191	212	22	4	124	167	41	239	163	16	126	248	135	199	140	147	12	59	114	69	161	169	119	191	254	211	
124	255	64	170	159	83	79	249	70	100	156	142	75	195	107	196	120	200	142	235	75	3	124	189	240	193	175	61	63	31	252	112	
179	14	98	156	87	179	218	114	213	70	222	135	104	236	183	196	238	227	151	239	172	167	36	255	50	126	138	131	127	253	120	93	
55	121	97	143	94	147	170	72	198	224	219	230	65	140	181	228	126	253	219	247	151	49	253	253	52	36	139	188	63	143	177	244	
34	221	36	206	237	213	151	253	143	92	189	47	232	220	62	99	204	177	215	99	198	35	122	221	119	88	207	255	87	62	244	215	
154	92	102	220	39	244	220	246	149	70	214	179	41	191	183	101	110	243	151	135	236	143	52	239	51	122	218	131	55	252	124	95	
123	215	106	236	19	86	223	126	193	76	222	167	105	110	190	244	126	247	189	229	205	139	53	205	243	253	170	147	47	246	124	127	
168	75	117	94	111	209	255	249	205	24	117	98	108	91	181	149	170	51	134	106	224	43	42	253	50	216	98	139	83	143	101	171	
158	91	74	154	130	147	190	220	158	20	84	231	109	202	239	200	119	107	167	215	230	133	14	241	114	35	175	203	191	215	169	149	
88	7	24	229	60	14	109	51	36	160	222	194	159	3	144	103	118	52	125	168	72	152	209	140	229	225	170	0	38	136	49	40	
134	158	19	152	99	160	176	99	188	11	121	247	140	250	36	200	247	59	166	160	21	157	2	215	28	50	122	202	152	97	41	151	
70	158	30	152	255	160	176	67	249	31	115	50	12	250	36	73	227	49	163	17	52	63	2	214	27	54	91	207	144	65	173	135	
62	91	106	238	95	67	95	121	7	76	253	235	123	93	43	0	126	248	151	226	218	163	76	189	115	197	161	183	119	191	246	211	
25	1	209	204	51	31	72	121	33	224	254	74	95	51	128	180	62	164	20	172	73	186	49	200	146	236	128	132	107	166	106	40	
131	201	2	159	85	151	190	101	31	5	80	19	40	202	54	192	248	43	147	133	118	188	20	255	39	54	158	75	21	28	185	204	
198	8	190	216	237	245	184	67	255	95	119	17	12	222	119	124	163	17	179	21	54	119	42	210	31	94	91	207	144	69	117	103	
113	72	123	197	22	50	88	154	117	160	246	226	19	19	133	124	114	196	28	248	42	211	197	205	242	238	161	20	39	177	112	45	
11	197	100	207	254	150	239	189	93	72	95	134	253	102	190	229	118	147	151	239	243	24	109	253	102	121	174	192	54	142	177	125	
171	219	102	142	71	145	190	228	141	84	88	135	40	140	54	229	110	235	179	231	230	63	46	253	54	56	202	170	31	30	249	221	
63	151	118	250	183	183	94	253	87	91	213	247	72	255	190	105	223	219	151	247	254	91	41	255	59	223	255	198	159	223	244	215	
63	183	226	242	245	119	222	220	87	251	157	247	89	253	254	45	223	91	151	243	191	242	104	180	107	95	191	231	255	255	244	215	
130	147	102	136	215	215	188	101	157	69	211	183	76	206	62	64	254	179	151	229	244	155	60	223	55	60	138	199	21	14	189	215	
140	144	146	188	229	180	176	115	188	27	117	82	156	251	40	205	245	59	178	9	49	127	146	215	29	247	90	74	154	45	43	179	
10	178	174	187	102	237	184	87	158	95	81	247	188	157	122	8	207	27	179	21	150	188	98	211	79	23	186	195	156	12	21	219	
73	35	81	229	32	10	109	55	37	160	158	224	191	51	128	244	102	164	94	168	201	152	101	204	196	252	250	128	38	128	3	41	
30	149	47	250	181	215	31	253	23	91	213	119	88	126	174	109	253	219	151	243	255	88	43	255	123	223	255	199	191	223	180	247	
88	7	77	229	12	10	109	51	101	160	222	226	211	3	144	231	102	180	108	168	201	144	229	140	230	233	163	132	46	168	48	41	
163	45	40	145	93	189	184	66	94	236	88	31	168	40	86	9	200	43	19	21	180	250	71	254	12	25	251	227	221	77	89	207	
75	139	66	170	59	132	170	168	174	76	26	199	237	202	123	192	246	99	255	215	198	9	142	237	252	100	174	200	30	7	57	25	
155	209	124	255	62	151	158	253	197	72	213	231	255	93	190	101	222	83	159	111	236	37	111	189	226	249	238	210	63	158	177	125	
142	156	18	184	203	244	176	234	191	91	100	50	108	255	43	205	247	59	179	129	51	15	18	247	31	243	90	107	146	5	45	183	
189	95	123	110	210	70	111	249	85	78	124	102	121	99	187	224	126	202	23	234	233	167	61	255	114	239	167	140	127	242	228	241	
58	59	74	172	114	147	90	216	1	4	88	239	45	207	35	144	254	233	151	231	142	147	8	189	242	197	139	171	63	191	46	211	
130	176	243	147	110	141	184	69	142	89	81	251	140	156	252	171	142	25	247	21	134	248	198	193	15	88	122	234	4	12	23	255	
188	79	90	238	210	67	79	249	21	14	252	70	121	99	59	80	120	202	6	234	105	135	24	191	114	237	165	136	123	242	234	129	
63	181	169	250	189	247	159	220	23	251	213	119	88	252	254	45	221	219	151	179	191	242	104	182	107	95	191	231	191	223	180	247	
142	152	146	190	101	188	184	242	185	31	117	16	236	251	42	204	229	123	178	9	54	124	178	231	79	255	90	75	202	45	43	199	
34	217	251	77	242	193	191	195	14	4	124	162	56	247	165	36	94	123	147	200	67	58	38	249	101	28	34	171	87	242	167	249	
143	136	146	182	101	188	249	114	187	29	119	16	236	249	250	141	235	59	183	9	50	124	162	227	78	127	218	203	198	45	123	199	
206	145	51	216	207	244	176	75	123	99	113	27	28	158	100	252	239	159	179	145	50	31	146	211	95	111	219	111	151	68	175	211	
34	91	250	76	242	131	191	247	6	12	124	163	48	237	167	68	94	122	131	194	208	187	36	123	118	45	167	169	119	186	230	251	
61	1	232	111	84	11	235	121	22	225	119	203	115	109	154	32	124	204	23	239	184	176	109	31	102	111	161	132	119	175	80	240	
189	255	72	162	157	83	95	249	71	236	157	142	91	141	251	132	120	206	159	235	207	51	125	158	251	197	175	189	63	254	124	81	
3	24	150	136	112	164	184	66	47	29	112	53	172	155	38	84	231	41	23	20	6	159	2	215	212	156	26	202	152	4	43	155	
163	45	40	17	245	189	160	67	92	233	122	87	160	168	214	169	200	43	18	21	183	248	84	202	14	25	171	227	221	76	89	132	
75	137	2	142	31	132	186	168	174	200	10	199	237	202	127	194	98	99	59	215	199	9	158	245	188	32	142	200	62	7	57	28	
33	209	91	248	66	201	120	92	237	72	112	106	63	219	164	112	122	185	102	80	199	34	22	209	87	184	34	201	121	130	107	147	
83	185	66	142	27	148	186	104	142	192	153	199	108	202	127	192	118	97	91	247	199	3	158	253	184	36	139	190	28	135	41	29	
29	1	219	73	242	27	109	93	102	224	126	198	25	35	215	112	62	136	54	252	197	176	37	88	118	173	165	132	255	178	104	224	
2	188	176	154	127	229	176	103	158	95	80	59	172	254	98	2	239	59	219	129	50	79	146	215	29	22	154	235	144	12	165	219	
3	181	42	129	228	191	188	103	92	107	90	87	140	136	246	168	217	11	146	21	215	184	20	215	14	30	218	231	76	12	217	149	
88	72	105	197	21	62	76	31	119	160	214	66	27	3	145	124	116	156	29	188	202	208	113	204	243	254	147	4	38	184	112	40	
142	156	19	184	203	224	176	106	156	18	80	178	172	247	96	205	127	59	179	179	51	15	18	215	221	227	75	239	178	36	37	179	
3	144	234	187	110	153	184	65	143	89	81	255	140	220	254	162	142	57	255	21	150	32	230	193	15	121	122	251	69	14	159	215	
24	5	110	111	22	146	254	51	101	193	95	146	121	109	180	100	118	166	23	168	240	184	37	207	118	239	162	128	103	198	240	8	
2	182	174	155	116	237	176	87	158	93	89	181	172	156	126	8	207	59	147	21	150	188	2	211	79	20	186	195	212	12	21	223	
185	69	111	109	84	27	111	124	117	96	254	66	83	9	179	112	122	236	22	238	233	178	101	158	118	235	161	128	119	187	112	96	
194	188	150	153	233	141	52	231	190	27	88	48	172	182	96	64	199	59	251	16	114	24	130	243	45	20	30	234	144	64	165	155	
3	151	19	137	226	162	185	99	60	71	83	246	140	230	168	64	119	59	130	160	85	159	4	87	152	38	58	198	24	0	161	245	
170	48	225	211	215	228	185	67	58	99	83	19	152	191	92	8	63	159	19	149	146	246	241	195	69	46	154	96	133	69	179	208	
2	201	50	155	213	215	182	101	31	4	65	19	172	220	54	64	216	59	131	17	86	184	24	223	45	52	142	75	20	14	181	134	
35	106	98	14	101	147	190	65	94	206	121	143	40	200	183	0	252	41	131	199	196	182	14	219	54	28	139	171	93	62	122	197	
43	183	226	141	116	151	234	123	87	201	95	231	105	232	190	228	126	174	54	189	151	186	197	223	62	124	163	236	127	174	120	149	
130	200	26	155	20	135	62	228	30	1	80	3	180	194	96	64	217	107	27	194	98	188	90	119	45	6	190	64	20	24	177	138	
122	235	98	174	63	209	90	232	135	4	152	171	107	207	50	0	126	249	143	231	78	11	14	189	186	197	169	249	55	143	60	75	
40	162	84	233	90	203	248	98	168	33	248	138	175	206	4	16	110	185	230	1	12	190	68	151	85	229	178	113	225	8	70	136	
241	221	31	254	57	207	87	244	237	72	236	12	254	243	37	113	220	247	252	98	73	171	58	253	243	251	69	26	88	59	2	59	
41	128	118	173	116	139	240	98	233	33	122	11	191	169	20	16	106	185	247	1	12	190	68	215	22	237	18	113	77	140	74	138	
66	152	19	136	122	164	185	66	173	25	250	116	172	147	164	84	231	59	31	20	2	15	2	213	150	126	26	202	152	128	37	105	
227	96	47	220	77	70	192	14	195	136	160	26	50	152	53	91	200	164	123	201	14	111	243	208	19	122	208	27	81	25	112	10	
38	15	98	158	109	209	190	96	137	196	89	171	104	236	55	64	250	233	163	199	196	35	174	236	54	52	202	139	85	47	116	198	
125	93	127	238	61	214	94	113	229	200	255	6	123	251	33	113	252	245	254	226	233	163	56	140	243	251	39	0	107	250	104	3	
6	181	234	131	214	34	190	229	28	97	91	243	72	124	62	0	127	91	19	247	146	184	13	234	44	6	143	198	133	79	177	144	
41	249	115	73	117	215	239	245	79	73	124	64	56	149	180	180	252	58	18	88	211	186	48	253	45	28	6	234	83	142	227	173	
63	111	67	142	70	19	238	248	21	192	217	199	113	236	247	133	126	239	23	239	205	251	142	232	52	72	239	168	47	255	56	212	
57	78	106	142	86	150	234	112	84	192	119	199	105	201	183	192	126	232	130	238	196	182	28	237	114	41	163	129	127	175	120	144	
30	219	74	154	194	145	190	220	158	148	220	231	109	202	227	77	119	235	183	215	198	193	14	249	122	103	175	136	63	247	169	157	
10	143	34	177	245	167	173	55	31	111	90	199	141	173	114	196	93	43	151	149	156	152	68	214	204	86	186	224	151	78	149	211	
183	73	99	174	85	215	202	224	85	72	209	207	99	204	181	164	124	233	151	231	205	179	12	142	176	108	171	129	125	62	122	212	
11	155	129	169	210	130	175	247	30	69	94	231	189	39	162	192	126	91	131	197	83	152	37	245	108	37	174	192	63	148	169	248	
31	83	103	143	63	147	170	120	198	232	219	230	121	202	188	230	118	237	62	255	215	3	47	253	184	40	171	204	63	175	57	245	
183	105	3	142	23	211	158	192	213	232	217	203	44	204	181	224	252	233	159	231	205	3	12	255	176	4	171	186	29	63	59	213	
219	235	3	142	63	211	138	232	206	232	153	98	104	218	181	228	254	233	158	239	199	3	174	255	176	108	171	191	31	63	57	133	
90	235	2	170	49	144	74	228	173	13	220	167	172	194	242	212	226	235	157	215	78	11	138	255	186	117	174	203	30	7	185	95	
61	214	75	78	116	87	199	249	85	78	253	102	121	119	175	213	125	200	134	174	233	179	41	223	114	207	229	132	123	254	100	249	
2	203	115	92	210	209	175	231	159	4	124	162	40	175	180	36	110	123	147	200	210	184	36	253	37	20	14	171	87	156	165	253	
189	151	42	170	213	87	87	249	85	238	189	47	91	118	171	244	93	136	134	230	237	51	124	158	251	197	165	189	59	254	124	127	
60	115	239	229	84	71	235	120	84	172	246	102	83	73	57	0	120	236	23	234	153	242	25	189	126	143	161	164	111	171	112	147	
119	123	99	142	62	147	142	216	196	232	217	238	89	204	189	228	126	253	95	239	205	3	44	255	176	44	171	188	61	191	57	85	
57	18	66	172	86	146	234	112	65	200	127	231	107	200	183	192	126	172	134	239	205	178	4	141	82	233	161	129	111	175	120	212	
49	1	106	76	84	19	233	89	100	224	254	2	17	137	183	112	120	140	22	236	196	179	165	72	119	13	161	133	101	162	98	232	
86	235	32	154	91	145	186	232	175	148	153	175	236	206	87	66	239	227	255	215	78	67	142	253	188	84	143	187	21	7	29	95	
112	3	208	197	4	2	72	23	101	160	238	66	35	3	148	116	122	188	53	136	72	154	69	136	150	248	144	0	39	136	112	12	
55	75	99	140	22	147	138	112	69	232	209	239	99	204	189	228	124	169	150	231	205	179	44	206	176	44	175	188	125	46	115	213	
2	133	100	201	246	129	236	103	141	1	88	146	140	14	52	64	110	19	23	129	242	40	64	213	44	28	154	192	21	12	145	136	
78	132	178	208	247	225	185	67	186	47	89	51	12	186	102	72	243	59	147	145	22	31	128	210	95	30	59	239	149	68	167	131	
62	91	106	46	118	131	94	248	135	236	249	239	107	205	191	16	126	249	215	231	205	163	12	156	114	205	165	180	127	190	94	211	
170	219	118	94	127	153	246	240	205	28	117	230	104	200	191	229	174	243	166	227	228	41	46	253	54	121	98	139	95	159	109	157	
123	215	106	236	21	86	95	63	85	77	222	167	73	63	190	116	220	183	149	165	237	155	117	207	243	125	170	151	63	150	252	127	
34	211	125	204	111	209	180	109	143	92	120	175	172	252	166	99	238	49	183	97	192	43	98	221	54	16	111	191	21	60	213	255	
61	3	66	236	118	18	74	80	101	200	255	230	91	19	162	244	122	172	22	236	141	179	37	140	18	237	160	128	127	167	122	133	
89	19	73	237	60	30	73	49	101	236	223	230	155	3	146	116	92	164	108	172	153	154	245	140	214	253	162	208	46	170	112	117	
26	143	110	174	122	195	191	105	151	132	221	163	109	239	162	64	126	187	159	227	74	139	14	253	240	101	171	219	53	166	37	211	
21	13	106	206	84	178	235	114	84	64	223	2	113	235	180	100	120	170	23	168	185	187	44	255	122	47	163	192	55	171	112	160	
15	133	97	203	247	147	239	189	93	69	95	134	72	110	190	228	119	203	151	239	215	24	45	255	62	126	142	196	63	143	241	245	
66	235	22	152	75	192	48	70	175	21	194	163	172	150	98	82	166	59	235	145	66	203	130	241	145	48	26	203	0	4	39	203	
61	173	67	77	84	147	226	121	69	192	248	70	115	104	189	164	120	168	22	236	205	178	101	223	62	12	161	132	127	174	122	148	
82	249	178	178	155	192	58	230	175	53	138	163	44	158	98	82	231	215	233	211	74	75	138	245	185	85	158	251	4	5	37	91	
120	19	81	197	21	30	73	49	101	40	223	78	155	3	128	244	124	180	12	168	153	146	101	140	210	253	162	144	46	170	50	33	
120	17	123	197	69	86	73	23	101	172	254	70	59	11	148	244	120	172	52	140	201	154	117	136	151	249	176	0	47	136	120	46	
11	62	32	177	245	189	176	115	93	239	90	103	168	168	214	164	201	43	151	21	150	184	68	222	12	86	186	227	223	76	217	215	
169	3	74	76	116	147	227	120	68	204	247	238	115	193	183	48	120	168	6	238	205	178	44	15	118	45	161	137	127	171	122	209	
57	1	107	101	84	22	104	93	101	232	126	66	57	139	183	112	122	172	54	172	205	154	37	72	87	233	160	128	111	130	114	233	
61	215	111	79	246	86	255	249	85	78	253	230	121	119	191	245	127	208	150	174	233	163	61	223	114	239	231	132	127	254	100	241	
191	179	253	243	190	151	219	248	151	249	85	231	89	253	255	44	223	89	183	119	151	242	107	180	78	219	239	230	190	175	48	215	
39	140	227	83	213	187	166	244	93	67	120	86	104	104	189	165	121	106	146	255	247	250	109	239	46	30	135	194	223	255	250	132	
190	91	98	78	54	147	223	248	133	44	245	231	123	221	191	36	94	248	151	238	200	163	44	191	114	201	165	181	119	191	116	243	
170	219	118	94	111	153	246	248	205	24	117	230	104	201	189	213	238	241	134	226	226	33	14	253	54	122	98	139	95	175	109	173	
123	213	106	76	19	214	95	63	117	77	222	135	105	62	182	245	126	183	149	164	237	155	53	221	115	125	170	135	63	134	252	127	
2	203	115	93	114	209	191	231	142	4	124	162	40	231	180	36	46	123	147	200	82	184	36	255	101	12	174	171	119	152	165	237	
143	48	178	216	101	148	185	90	251	29	116	19	12	159	119	205	239	57	179	149	146	123	162	208	95	123	218	239	150	5	127	215	
189	183	106	228	117	87	95	121	85	238	253	175	91	127	187	180	125	216	151	238	253	179	124	158	251	207	165	181	63	238	124	243	
34	209	100	140	111	209	148	109	141	92	220	175	172	252	38	67	206	177	151	97	196	43	114	221	55	112	207	191	87	62	244	223	
61	83	239	101	84	79	235	88	84	236	246	231	83	77	187	32	120	204	55	252	217	178	37	28	126	41	161	132	111	171	112	241	
59	215	98	237	17	86	95	183	21	77	222	135	41	47	190	244	124	142	157	236	205	152	53	191	227	125	138	133	63	148	252	124	
247	31	238	158	246	230	254	66	157	206	218	183	104	236	55	74	238	247	191	231	188	135	20	234	51	62	138	139	149	125	117	87	
26	156	18	216	107	241	56	122	31	10	92	50	172	247	230	236	247	59	183	128	23	30	2	215	154	247	27	239	186	37	41	151	
11	63	34	177	181	191	176	51	94	238	90	103	187	136	150	32	221	43	23	21	151	184	69	158	204	94	186	192	223	12	89	215	
138	138	186	154	101	252	176	194	191	79	116	21	172	254	127	204	247	43	163	17	38	127	178	243	79	247	90	75	210	13	45	199	
143	184	178	248	101	180	184	91	123	25	116	18	12	155	118	204	253	25	147	157	146	126	146	208	31	127	218	239	219	4	123	163	
230	40	235	208	101	236	233	194	251	219	112	25	152	158	117	123	233	185	51	145	18	126	130	224	13	24	218	107	197	1	119	194	
2	176	178	152	127	229	176	67	158	93	81	55	172	222	98	8	239	59	251	145	50	79	146	213	29	22	154	235	144	12	37	219	
138	144	18	216	107	241	176	234	159	15	84	50	44	254	231	236	255	59	183	144	38	15	34	215	155	87	91	239	154	69	45	223	
232	72	151	153	109	224	177	6	88	27	114	58	188	152	69	249	200	62	55	17	34	254	194	224	85	51	250	43	192	25	118	171	
223	155	66	174	63	144	106	248	173	76	223	231	237	194	250	196	118	225	191	255	198	9	142	239	186	117	171	203	62	135	57	93	
2	167	32	137	215	241	186	67	30	109	88	163	140	140	118	0	255	11	147	149	150	186	68	215	12	20	154	227	213	78	189	223	
18	133	100	233	214	130	248	39	13	65	218	146	12	14	60	64	110	147	23	161	242	152	5	213	62	60	154	192	53	140	177	9	
162	223	100	152	95	213	148	230	207	92	244	175	40	156	54	65	204	179	147	197	230	43	54	253	51	16	154	187	87	28	245	223	
134	136	146	155	116	169	184	66	62	9	83	18	172	218	32	72	247	57	19	145	50	156	2	247	4	54	26	194	148	9	33	129	
159	135	100	202	254	147	127	249	85	120	94	198	89	109	190	101	127	210	31	238	251	56	111	253	126	121	231	196	63	143	240	117	
163	204	102	156	79	149	190	231	157	86	212	151	40	204	54	229	239	235	147	231	230	63	22	255	54	58	222	203	31	28	249	220	
17	82	91	232	102	201	233	88	108	72	241	102	31	223	229	112	254	185	14	192	199	35	2	81	86	137	162	136	121	130	99	155	
2	133	0	137	212	131	172	103	4	1	90	18	168	10	32	64	106	131	27	160	82	58	1	221	52	4	138	192	21	8	241	128	
106	88	22	216	109	232	209	70	75	26	112	42	188	153	117	219	200	44	243	1	2	126	210	240	21	57	210	59	211	29	94	171	
63	179	254	225	182	23	218	248	95	249	85	231	88	253	255	40	223	217	151	247	191	243	45	252	26	223	237	230	191	175	80	215	
162	92	102	156	199	242	190	98	157	70	218	183	40	238	55	72	238	243	151	199	164	167	54	235	51	62	202	139	149	125	125	223	
18	21	127	236	31	195	119	105	141	68	255	35	110	255	36	64	254	177	159	226	120	163	48	221	243	231	10	11	55	42	164	115	
138	184	170	151	101	248	249	82	223	87	119	151	173	238	114	141	107	42	130	140	22	248	246	225	79	247	218	67	134	141	127	214	
14	56	226	217	101	217	185	64	187	85	84	150	140	206	246	173	238	57	179	217	147	248	182	209	15	89	218	235	135	5	127	245	
27	151	139	137	146	210	47	247	38	69	78	230	29	38	170	228	118	31	146	140	211	152	53	215	244	37	186	196	62	214	173	253	
255	243	43	136	60	213	155	248	142	252	149	239	212	220	251	33	222	217	223	247	235	99	238	253	120	1	171	254	29	175	48	241	
138	213	102	218	215	215	188	231	157	86	210	151	72	206	54	65	255	179	147	231	244	159	60	223	51	58	222	199	21	28	181	214	
10	178	161	185	118	233	185	27	30	83	81	247	188	221	124	136	143	27	147	21	147	124	23	209	13	20	26	238	148	140	149	243	
10	176	229	153	127	169	185	91	159	83	85	247	188	221	124	140	239	25	147	21	147	116	90	209	77	21	154	230	158	140	21	243	
48	82	122	200	102	141	249	120	109	72	241	103	19	217	116	80	122	169	7	226	203	178	2	89	210	136	34	136	125	10	99	155	
187	72	99	204	84	7	207	112	85	8	240	194	81	20	181	229	120	232	23	238	233	183	52	238	49	40	170	128	119	187	112	173	
35	55	98	137	116	183	234	91	95	201	248	230	25	200	182	228	126	172	22	189	151	186	85	223	62	108	163	196	127	142	122	149	
104	96	36	236	77	197	201	78	194	156	240	10	184	136	117	138	200	169	243	201	10	103	210	209	85	57	218	56	89	25	122	138	
3	26	26	187	118	169	185	66	173	13	113	53	172	155	38	216	166	57	135	21	2	186	2	213	132	253	26	202	220	0	43	201	
27	223	66	141	147	210	111	191	36	69	78	135	185	39	186	228	118	74	147	236	215	152	37	189	230	229	174	129	63	148	172	252	
39	66	98	14	77	145	250	96	89	134	125	175	104	200	183	4	216	168	130	231	196	182	38	223	22	28	129	171	95	191	122	196	
11	0	30	138	122	168	185	70	47	85	87	21	172	130	34	216	230	25	191	21	6	30	6	213	212	53	26	203	156	4	41	201	
143	176	166	241	71	189	184	66	63	51	87	18	157	158	88	172	45	25	147	157	147	252	82	210	77	95	154	100	143	13	185	176	
143	176	106	184	111	217	184	64	174	85	84	159	140	204	126	171	174	57	215	213	151	97	182	209	6	89	170	239	93	13	27	213	
51	78	103	204	118	19	238	112	69	10	120	226	96	72	181	229	122	232	22	239	201	182	36	237	54	42	160	128	127	191	112	173	
130	133	116	137	246	129	188	39	141	17	216	146	172	14	52	65	110	131	31	129	242	40	4	213	60	58	154	192	21	12	177	137	
26	221	114	73	243	211	183	247	45	77	124	162	40	159	166	132	126	59	134	192	87	155	36	253	110	205	54	195	119	150	239	255	
63	127	66	142	61	145	206	240	221	72	208	239	44	200	183	228	222	233	151	231	205	11	12	253	176	81	175	187	30	159	57	29	
90	255	66	154	115	144	126	246	169	12	220	231	41	206	183	212	126	235	151	199	206	27	44	253	186	117	174	235	63	151	62	93	
203	219	66	154	127	145	158	244	223	76	148	231	172	200	247	196	230	107	158	199	207	11	142	255	186	113	175	235	30	159	57	93	
11	151	19	137	147	210	173	247	22	77	94	230	140	6	162	196	126	155	134	148	247	152	37	221	172	20	174	198	31	4	169	253	
162	213	52	152	127	149	188	231	207	89	80	179	44	156	54	97	206	19	147	5	246	43	34	213	55	26	158	250	85	12	149	223	
94	125	84	190	27	193	26	104	175	20	169	171	108	223	33	81	166	177	205	226	74	3	138	221	179	209	11	187	51	39	39	67	
162	211	115	140	111	81	180	109	141	76	208	167	44	188	38	67	238	125	183	97	192	43	146	217	55	48	202	187	21	60	181	223	
9	183	51	11	181	255	181	119	109	77	95	101	190	252	182	164	190	43	150	21	151	184	36	221	108	93	58	194	206	206	217	221	
103	93	239	188	222	230	191	231	136	198	218	135	112	236	55	66	239	231	55	181	244	171	20	238	125	46	190	138	133	120	245	222	
250	211	102	204	245	214	93	183	69	77	246	167	73	63	54	117	204	151	181	229	252	155	117	207	115	123	202	131	55	148	252	95	
39	140	198	87	213	155	166	224	95	211	115	70	104	104	191	173	123	106	146	255	167	248	79	253	46	30	215	194	223	254	121	140	
163	219	126	94	102	153	190	244	237	84	118	231	104	200	183	133	110	233	166	199	197	62	46	245	54	58	66	139	127	159	105	221	
47	217	247	94	119	211	175	248	223	68	117	230	120	236	191	228	94	112	182	110	197	170	110	253	46	126	71	142	95	191	104	245	
2	182	162	129	247	243	186	66	30	109	88	163	140	140	118	8	255	27	147	145	22	184	37	214	13	20	154	231	149	78	53	211	
82	233	150	154	27	192	26	230	175	21	139	163	236	222	98	66	231	215	235	211	74	75	138	241	185	48	159	219	4	7	37	91	
3	145	51	203	215	209	188	111	78	65	88	162	184	222	188	164	254	27	146	145	215	186	54	213	45	84	158	235	85	14	173	190	
61	83	106	252	118	151	87	248	85	236	244	174	91	245	171	180	94	248	150	108	253	179	124	156	250	207	165	180	119	175	126	241	
134	8	146	155	52	165	184	66	62	9	83	18	172	218	32	72	247	57	19	145	34	156	2	215	4	22	154	194	148	9	33	129	
23	141	106	137	246	179	234	254	95	97	94	198	72	110	191	228	127	139	151	189	183	152	45	223	62	94	143	199	183	140	120	212	
63	38	98	13	84	179	234	120	85	192	252	199	99	200	191	164	120	168	22	45	143	179	4	159	58	77	163	128	127	174	120	148	
184	83	99	77	116	199	227	121	196	204	246	102	80	205	181	4	124	172	87	232	201	179	36	156	118	41	161	132	111	170	112	249	
2	42	22	152	75	128	184	70	174	21	208	167	172	198	35	72	230	57	235	209	6	139	2	241	20	48	26	139	16	5	45	203	
139	178	178	217	103	181	184	66	31	29	85	50	12	158	118	140	239	25	147	145	150	190	48	210	31	95	154	235	151	4	45	199	
176	19	107	76	124	3	227	121	100	204	253	102	17	137	180	96	120	172	6	232	201	179	36	78	118	44	162	140	127	170	114	187	
191	87	103	238	126	131	223	121	133	200	245	239	123	77	189	133	94	176	215	238	237	167	12	156	114	88	169	144	127	174	112	209	
130	16	186	152	123	241	184	74	31	79	116	55	172	254	239	76	247	59	167	17	38	54	34	211	14	118	26	235	150	4	47	223	
95	91	99	142	63	145	202	248	197	232	213	230	104	200	183	228	126	237	190	239	207	3	174	253	178	120	171	170	63	191	57	85	
47	217	103	78	126	211	219	248	87	236	245	230	121	253	191	228	126	244	151	238	201	179	45	253	122	127	229	134	127	175	124	245	
56	19	123	109	86	87	104	113	69	45	126	102	19	11	180	112	104	172	6	168	153	186	101	128	86	237	160	128	59	138	124	129	
3	217	115	203	215	209	190	103	78	1	92	162	40	156	180	164	122	59	146	193	215	184	52	253	45	20	158	235	87	10	165	189	
26	183	18	169	183	163	186	67	31	45	88	114	140	187	32	196	255	27	135	145	18	153	0	215	168	212	58	231	151	68	173	163	
61	82	110	236	119	87	91	248	87	236	244	174	91	125	187	180	94	248	151	238	249	179	101	158	122	223	161	148	55	173	124	241	
159	251	106	254	62	147	219	216	151	240	148	230	89	221	251	32	126	121	127	255	199	101	46	159	122	217	175	252	63	191	81	241	
138	48	186	216	111	213	185	72	159	93	84	23	140	158	119	141	238	57	179	149	134	255	178	208	15	89	218	235	214	5	47	223	
189	86	106	76	118	147	243	120	85	204	245	231	115	205	183	52	126	168	22	110	237	182	44	31	114	105	161	136	127	175	122	209	
11	160	134	185	69	189	168	66	159	19	85	18	140	143	112	204	97	25	147	157	19	252	18	209	13	93	154	100	158	13	25	162	
60	12	106	206	84	179	235	122	84	64	223	2	113	233	180	96	120	170	23	184	152	179	44	223	122	175	162	192	183	139	112	160	
51	19	99	76	116	2	235	121	101	200	245	230	17	8	182	100	126	172	22	172	201	163	100	204	80	44	162	136	109	170	114	245	
26	21	127	236	23	194	87	101	149	4	255	163	79	255	44	65	122	181	159	226	120	131	49	205	243	231	138	139	53	42	165	115	
189	82	91	232	116	19	106	80	85	104	247	238	83	3	163	244	126	172	134	234	137	182	101	158	86	233	160	128	127	171	120	177	
18	7	110	172	122	195	191	105	149	12	223	163	105	239	178	64	126	185	159	227	124	139	38	221	242	37	171	217	53	174	180	209	
39	77	238	156	222	166	190	231	157	198	218	135	40	236	55	64	239	227	51	133	244	175	22	238	57	62	158	139	149	124	245	222	
57	19	122	229	116	94	121	19	101	77	127	102	27	31	134	112	106	140	150	136	153	186	117	129	199	237	160	193	47	136	124	243	
34	219	123	236	110	65	181	246	137	100	208	239	172	188	182	67	238	125	151	99	197	59	70	253	118	48	234	187	21	30	245	255	
123	151	111	236	245	214	95	55	69	77	254	231	89	63	182	117	222	151	149	229	253	154	117	223	115	125	170	131	55	134	244	127	
195	219	126	94	110	153	190	244	205	84	118	231	104	204	183	197	110	241	167	231	198	43	46	253	54	120	66	139	127	191	121	221	
170	58	146	155	119	249	176	66	63	15	118	178	172	156	231	204	239	59	134	17	54	252	162	226	134	247	26	195	134	13	15	207	
62	86	103	206	62	147	218	112	133	232	247	231	107	205	189	133	94	176	215	238	233	167	44	220	50	88	161	150	127	175	120	117	
14	42	178	144	117	240	184	66	255	31	84	50	140	155	246	140	227	57	151	17	18	252	2	210	15	87	186	235	214	5	127	167	
159	225	106	232	62	145	218	216	215	240	20	162	121	205	253	100	126	249	191	255	202	101	46	242	122	217	143	252	55	175	112	208	
61	82	99	108	118	19	90	120	117	200	245	239	83	205	183	176	126	172	150	110	141	183	36	14	114	237	161	136	127	175	122	209	
15	232	162	217	69	189	184	194	159	23	84	18	140	159	114	140	237	57	179	157	18	92	50	209	15	89	155	103	150	13	25	214	
61	22	75	237	116	34	235	80	68	136	127	230	81	1	177	229	126	168	23	238	137	178	5	136	86	173	160	128	111	187	120	161	
189	19	67	237	116	147	75	80	69	104	246	238	19	7	179	244	126	172	6	236	141	182	101	142	150	237	160	128	63	143	122	117	
57	94	106	76	118	147	203	88	68	204	253	230	113	192	183	100	126	168	6	238	201	179	36	92	114	40	160	136	127	187	112	245	
9	18	123	169	98	222	185	81	44	77	117	102	157	22	170	232	110	57	158	145	131	144	33	208	213	225	186	128	58	6	39	249	
138	56	238	219	101	252	177	80	223	93	116	183	172	222	55	108	238	57	151	144	151	252	54	241	79	81	154	195	134	13	125	215	
2	56	186	219	117	252	176	208	159	93	116	55	172	223	127	108	238	59	151	17	150	248	50	241	79	123	218	203	134	13	85	255	
2	176	144	153	121	229	184	66	158	89	80	63	172	158	96	72	207	57	251	17	2	79	146	213	5	16	90	235	144	12	37	211	
170	120	166	185	109	213	241	86	207	221	212	5	172	157	115	143	200	40	226	89	6	102	242	192	71	209	218	43	146	29	126	223	
130	149	52	216	254	129	188	103	142	25	88	178	172	156	52	1	207	19	147	129	242	58	2	213	44	24	154	234	84	12	177	137	
15	48	42	184	109	213	185	80	142	92	84	135	140	142	118	173	174	57	159	213	151	37	178	208	71	89	250	239	30	13	61	215	
9	18	123	233	51	220	185	81	108	77	119	100	189	151	170	232	102	57	158	152	131	144	113	208	199	245	58	129	58	134	45	249	
11	191	51	25	245	251	181	119	125	77	90	101	172	188	182	164	142	43	150	21	151	184	36	213	44	30	58	194	206	76	217	221	
14	62	146	249	183	184	48	82	63	15	86	182	174	129	163	204	255	58	134	16	54	188	128	227	142	247	50	195	134	205	13	151	
168	56	146	177	101	240	177	66	30	31	116	50	172	145	227	172	201	56	150	17	18	254	226	224	7	209	250	195	194	13	127	143	
11	151	43	137	178	214	61	247	53	77	222	230	152	166	178	228	126	63	150	140	215	152	53	215	46	61	174	196	62	132	173	253	
63	143	103	200	254	179	239	255	87	120	222	230	89	108	182	228	127	194	23	188	185	59	45	223	62	79	167	196	191	238	240	245	
35	205	98	157	69	180	190	231	92	70	88	131	40	172	55	69	255	107	147	135	228	186	22	255	55	62	218	139	23	124	57	222	
130	133	2	137	212	129	172	103	12	1	218	18	172	10	32	65	106	131	19	160	114	58	1	213	52	32	154	192	21	8	241	136	
155	219	102	73	147	214	63	245	53	77	214	167	57	39	190	229	102	150	159	236	255	153	53	253	107	105	190	193	63	148	172	125	
57	0	111	237	4	18	233	112	101	192	247	198	83	13	183	100	122	140	23	238	137	179	101	140	210	233	162	128	111	171	112	96	
145	9	235	165	198	66	175	247	80	192	90	195	177	188	113	96	126	111	55	207	192	184	164	46	253	173	238	128	37	120	53	250	
51	223	98	158	78	145	190	228	205	84	244	167	40	204	182	69	110	227	183	199	196	59	46	253	54	40	206	139	127	159	253	221	
134	22	178	153	119	227	184	66	30	11	90	179	140	158	104	72	255	25	147	145	178	148	0	214	13	20	154	199	148	76	53	211	
34	219	114	140	78	193	190	230	141	70	80	163	44	156	52	64	238	123	151	195	196	187	134	245	53	48	218	171	21	30	181	255	
214	235	166	158	27	192	186	232	175	148	147	163	236	206	107	67	231	247	239	211	106	75	138	245	189	48	143	251	20	7	37	91	
11	145	115	73	243	215	181	247	109	77	124	38	44	156	174	164	254	59	151	145	215	184	52	221	127	93	46	195	127	6	173	255	
59	251	96	138	119	145	30	252	13	68	76	207	44	200	183	196	110	235	147	199	206	10	30	253	58	84	142	171	63	158	56	221	
171	201	97	91	95	213	238	228	207	64	100	130	104	204	55	228	106	235	178	223	199	56	63	253	63	92	135	75	119	159	121	220	
2	22	250	137	114	179	184	90	31	77	92	247	44	174	166	68	255	59	135	149	150	158	37	223	30	54	186	195	151	4	45	223	
11	190	34	137	245	185	250	83	31	77	92	247	140	172	182	196	239	43	151	21	151	152	36	247	14	84	186	202	158	204	185	213	
10	211	122	201	119	209	191	109	79	77	92	162	168	158	190	164	126	59	150	193	215	56	36	255	62	69	174	227	119	14	173	255	
134	16	146	155	54	167	184	66	30	11	83	50	140	218	32	72	247	57	147	144	50	156	3	215	12	22	154	194	148	9	33	131	
175	121	99	76	127	151	203	120	199	196	125	134	121	213	183	164	94	56	178	110	195	178	126	221	102	88	129	8	119	174	124	244	
51	38	98	12	84	179	234	120	87	192	221	199	99	200	183	132	120	168	22	45	142	179	12	159	18	12	169	128	127	174	120	196	
57	19	99	76	116	19	131	120	68	200	244	230	26	13	180	37	126	168	22	172	201	163	36	204	80	40	162	136	95	174	114	245	
214	121	82	254	75	193	20	104	191	20	161	43	108	215	101	89	170	187	207	194	106	67	154	253	147	209	75	43	51	55	39	19	
2	10	6	156	75	128	56	66	174	21	66	167	172	206	35	72	230	57	171	213	6	219	2	245	20	48	154	139	20	5	45	219	
27	219	98	205	55	209	127	246	5	76	94	167	41	14	182	228	118	226	159	206	198	153	39	253	118	111	190	193	55	158	252	93	
63	86	103	204	126	147	203	120	133	192	245	239	123	77	183	181	126	160	215	239	233	163	102	221	50	72	161	152	127	175	114	245	
2	174	154	217	53	243	184	199	31	63	92	50	140	155	246	236	163	27	151	145	22	188	32	215	142	87	154	231	150	76	45	135	
47	201	102	94	95	215	235	240	223	64	117	130	104	220	183	228	126	232	183	206	199	58	62	253	63	62	135	139	119	191	116	236	
61	76	106	222	84	179	203	122	84	0	221	2	113	233	181	100	121	170	22	152	171	171	111	191	114	175	163	200	183	139	112	160	
63	91	98	142	119	145	90	240	197	192	221	239	105	200	183	196	126	233	151	239	205	131	60	253	178	93	138	170	63	143	56	221	
107	155	98	76	247	214	253	55	117	77	118	167	24	191	182	229	126	183	183	237	216	186	52	207	119	123	142	195	119	132	252	255	
11	155	51	137	247	213	190	119	79	73	88	102	44	152	182	228	238	43	150	209	215	186	52	247	60	20	142	227	95	14	169	223	
61	22	103	76	54	51	203	120	69	224	253	231	91	77	183	181	126	160	151	111	205	163	36	156	82	104	33	148	127	175	114	213	
63	81	110	204	126	151	219	120	69	196	244	166	123	205	183	164	126	184	183	236	201	179	103	221	94	89	129	128	119	174	116	245	
130	48	179	217	101	221	184	72	191	93	80	119	172	222	119	72	254	57	55	17	134	244	50	209	71	80	154	203	212	12	37	215	
10	48	58	248	109	245	185	67	143	220	84	23	140	158	119	44	238	57	183	149	135	23	178	208	23	81	154	235	22	12	45	223	
57	19	107	77	124	67	233	113	101	236	247	230	25	13	182	100	126	188	23	236	201	187	101	204	86	41	162	128	127	142	112	241	
55	91	103	77	102	18	239	112	68	64	255	230	97	104	181	228	126	224	22	238	197	179	36	236	54	44	226	128	125	187	112	165	
50	219	123	236	78	129	191	246	137	64	88	239	61	188	52	96	110	249	147	227	193	59	148	253	119	44	202	170	61	158	181	249	
43	223	107	76	246	150	255	247	69	77	94	231	24	191	182	116	254	191	151	237	213	152	36	223	126	125	174	194	63	134	244	127	
55	201	106	158	79	149	190	224	141	84	116	135	105	206	55	1	110	233	179	199	197	59	62	253	119	40	207	8	125	191	105	220	
63	85	103	204	126	19	202	120	133	192	245	207	123	77	183	165	126	160	215	238	205	163	54	220	50	104	137	152	127	175	120	244	
138	120	162	209	101	253	177	67	159	95	84	19	140	158	119	140	233	41	179	145	6	116	114	208	15	89	154	235	150	12	61	214	
61	19	99	109	54	19	203	120	69	192	247	231	91	13	183	244	126	172	23	238	205	163	53	140	114	105	160	128	127	175	114	213	
61	19	99	237	118	27	107	80	101	64	119	230	91	5	187	244	126	168	22	238	141	178	101	140	22	233	160	128	127	175	112	245	
39	137	198	31	215	147	166	232	94	211	114	199	232	232	191	165	249	107	178	213	167	240	79	253	14	26	199	199	221	110	121	156	
10	156	34	152	91	241	184	71	143	21	76	147	172	142	38	196	238	59	179	145	22	11	18	213	31	80	154	203	151	12	173	222	
25	19	123	233	35	253	121	81	237	77	247	230	159	159	170	236	118	153	159	188	135	145	53	208	215	221	42	129	62	135	37	243	
15	120	34	248	109	213	185	80	199	92	212	47	136	159	247	237	204	185	191	213	143	15	242	208	215	217	186	235	26	13	61	247	
12	120	170	168	77	245	185	210	134	93	214	39	136	159	98	236	232	137	174	148	135	23	50	208	215	209	186	239	146	13	45	215	
57	146	122	225	117	220	121	81	109	77	119	55	27	159	166	240	110	184	151	12	159	184	116	133	71	249	178	193	111	142	252	243	
138	122	34	217	109	213	241	80	143	93	212	37	136	158	103	237	204	57	191	208	134	126	243	208	71	89	154	235	146	13	125	223	
2	18	42	153	117	221	176	72	191	77	84	55	172	222	55	72	254	57	183	17	150	188	50	213	71	85	154	203	214	13	101	215	
190	233	98	222	95	145	202	233	215	128	213	10	105	201	125	37	120	248	19	251	106	99	158	253	123	73	143	57	55	190	112	174	
138	112	58	184	101	245	185	80	159	93	84	23	140	158	118	77	234	25	151	149	134	149	50	208	7	81	154	239	22	13	61	215	
2	62	250	153	115	248	176	66	63	79	86	183	172	142	167	204	231	59	135	17	182	188	36	214	14	86	26	195	134	140	45	223	
191	233	99	218	94	145	235	248	215	224	213	138	121	207	251	37	126	168	23	255	239	103	62	221	126	73	143	168	55	174	112	228	
57	22	99	105	118	51	107	80	85	192	255	230	83	13	183	117	126	172	22	174	141	178	36	156	86	237	160	128	127	175	114	245	
57	0	106	237	4	18	233	80	69	64	247	2	91	9	183	100	122	132	30	236	137	179	37	140	82	233	162	128	103	171	112	96	
2	50	16	153	109	229	184	66	142	89	80	55	140	158	96	72	206	57	183	17	2	94	82	209	5	16	154	235	144	12	37	211	
41	18	123	233	84	220	97	80	101	76	119	102	27	7	166	240	108	168	134	156	155	186	116	132	71	233	160	192	59	138	116	241	
10	26	166	185	109	213	49	82	223	93	86	53	136	158	103	108	204	56	174	20	142	254	115	208	199	209	146	203	146	13	124	215	
2	58	186	209	55	249	176	66	95	95	86	55	172	158	167	108	235	56	166	16	22	252	99	210	142	86	18	195	134	13	125	223	
57	53	98	13	252	191	234	121	87	200	248	230	83	200	182	228	126	174	22	253	159	186	93	159	62	109	163	196	127	142	120	149	
11	159	123	73	247	211	183	119	125	77	126	167	60	188	182	164	190	59	150	21	215	184	52	223	110	93	38	195	95	140	237	255	
122	149	115	236	215	82	223	109	53	4	250	163	75	191	172	196	126	247	159	227	120	155	37	207	242	230	138	135	55	174	164	119	
2	18	251	153	114	227	185	74	31	79	80	247	188	222	167	72	247	57	23	145	166	188	38	223	14	54	58	235	148	0	37	223	
138	120	190	153	103	249	176	70	223	93	86	55	172	158	103	76	202	57	183	17	134	252	114	240	7	83	26	195	150	13	61	223	
11	48	43	249	39	213	185	80	175	93	87	103	152	223	230	108	238	57	183	148	135	148	114	209	199	217	186	194	55	141	53	247	
11	159	99	137	242	150	185	119	61	77	94	230	136	142	182	228	102	59	151	157	215	152	36	223	46	60	142	194	30	132	161	245	
2	159	94	152	242	177	184	103	158	93	94	247	44	174	166	64	239	59	135	149	183	152	4	255	62	7	186	195	157	0	173	223	
135	203	134	159	221	147	188	232	222	211	82	199	232	232	191	163	249	107	178	215	231	240	79	253	12	26	207	199	221	110	121	148	
3	157	98	152	215	209	190	231	31	73	88	231	44	156	182	228	239	59	147	129	215	186	4	255	62	84	154	235	31	12	185	223	
130	20	178	153	54	227	184	74	30	3	82	179	140	158	40	73	255	27	147	145	178	156	1	214	12	22	154	198	148	76	37	211	
214	235	166	158	75	192	56	232	191	148	193	163	236	206	107	73	247	243	239	211	106	79	138	243	153	48	207	187	20	7	37	211	
3	159	106	153	246	179	184	119	31	77	92	247	140	142	182	64	239	43	151	21	183	152	36	223	14	21	186	195	156	140	185	223	
7	10	2	155	19	178	56	64	62	65	83	247	140	202	50	200	246	41	179	149	183	156	4	223	4	54	154	195	156	5	57	212	
59	9	103	76	95	151	203	120	197	192	253	142	121	77	183	164	126	160	211	239	205	163	60	221	18	108	129	152	127	175	122	244	
122	219	98	206	87	209	254	246	77	68	222	167	41	204	182	100	126	225	151	199	206	59	44	253	50	109	138	139	55	158	124	95	
2	159	106	153	246	169	185	87	28	77	90	247	189	174	182	64	239	59	23	149	182	152	36	215	78	21	186	194	156	76	189	223	
51	38	98	8	84	179	202	88	87	196	221	199	99	200	183	128	120	168	22	45	142	179	4	159	18	12	169	144	127	174	120	196	
222	249	82	254	75	193	52	224	187	0	225	59	108	223	101	24	250	187	227	194	98	91	154	251	147	211	75	43	51	51	39	147	
49	204	105	219	92	131	203	222	87	65	220	66	115	201	181	100	89	170	23	217	171	174	111	191	112	174	187	136	183	155	112	168	
11	159	114	200	247	211	191	119	93	77	92	230	44	156	182	228	126	59	150	193	215	184	52	255	62	28	10	195	127	140	173	255	
27	217	114	72	243	211	190	247	93	69	124	167	44	159	182	228	126	187	151	197	214	187	52	255	63	93	14	195	119	134	165	223	
3	153	106	221	246	210	190	119	125	73	94	162	56	172	182	224	254	59	147	157	212	154	52	255	47	61	186	195	21	128	249	253	
51	201	123	236	87	132	190	247	137	0	88	67	61	159	52	64	124	249	19	197	193	187	20	253	113	44	142	74	93	154	177	184	
59	217	98	138	87	151	250	228	143	69	204	135	40	204	54	212	252	171	147	197	206	155	56	253	59	93	142	107	63	30	60	222	
35	201	43	138	93	197	239	228	133	72	248	3	56	220	54	32	200	227	19	207	78	43	58	253	123	28	142	235	81	30	112	206	
55	233	103	222	95	213	235	232	197	64	253	10	105	206	63	181	120	232	19	239	78	51	62	253	23	8	203	41	119	175	122	236	
55	201	98	142	71	213	254	224	205	64	120	131	104	206	55	96	126	233	179	199	198	59	62	253	55	12	202	40	125	63	121	222	
59	105	98	78	95	213	235	120	199	76	245	138	104	220	183	164	126	168	150	238	203	35	46	221	55	88	129	171	119	174	124	237	
2	159	90	155	243	177	184	103	31	77	94	247	172	174	166	196	231	59	131	149	183	152	4	247	46	23	154	195	159	4	173	223	
59	65	99	76	95	215	203	104	77	64	237	138	123	204	183	164	122	168	146	239	205	163	116	221	19	92	131	56	119	175	114	244	
59	81	99	76	119	215	203	120	69	192	245	166	91	204	182	164	126	168	150	238	201	179	116	220	50	120	130	152	127	174	112	245	
63	73	99	206	93	215	202	104	133	192	253	10	123	204	55	164	120	160	87	238	77	35	62	221	51	77	129	153	119	175	120	68	
2	48	146	153	105	197	184	66	142	25	80	51	140	158	96	75	206	57	179	17	2	92	18	208	5	16	26	234	144	12	37	211	
2	16	55	185	116	143	168	83	190	9	82	99	156	159	36	104	246	57	63	17	130	157	2	212	197	52	186	194	156	8	33	179	
2	48	187	153	102	229	184	67	15	89	80	119	156	158	116	104	238	25	23	145	135	157	50	208	69	16	186	202	156	8	37	255	
57	0	107	236	84	18	235	120	68	192	247	198	83	13	187	96	122	172	22	238	137	179	37	140	210	233	162	132	47	171	112	224	
2	158	106	137	114	163	185	83	30	77	90	247	148	14	182	64	239	59	23	149	150	152	101	223	78	36	186	195	157	128	37	221	
2	152	59	153	116	235	177	3	254	93	82	119	148	158	36	72	227	59	15	17	22	156	33	85	13	54	58	199	148	8	53	83	
2	80	63	201	36	230	184	82	175	89	82	99	156	159	36	104	230	25	63	145	135	145	50	213	199	120	186	194	148	9	53	247	
2	217	98	140	71	193	190	230	141	0	216	131	44	158	52	64	254	251	147	199	196	59	22	253	53	52	142	235	21	30	189	219	
11	155	123	72	246	215	191	119	109	73	126	167	60	157	182	100	190	59	151	149	214	184	36	255	127	125	46	194	119	134	165	255	
58	149	114	204	223	210	126	101	21	64	254	163	72	255	174	212	126	191	151	226	125	187	36	206	58	118	130	203	55	174	236	246	
35	203	98	206	125	209	250	236	207	76	92	99	104	220	183	228	248	235	183	199	198	59	46	253	63	60	174	235	87	15	124	207	
0	158	127	153	114	235	177	71	190	77	122	247	148	174	164	64	231	59	7	17	182	184	36	87	76	38	58	194	148	72	37	211	
10	158	115	169	242	163	185	119	28	69	90	247	189	47	160	64	110	59	23	149	178	152	101	223	108	36	186	192	189	192	37	251	
2	48	186	153	103	241	185	67	15	93	84	39	140	158	119	76	238	25	151	145	134	149	50	208	87	80	154	195	148	12	37	223	
59	233	34	72	93	213	202	228	199	65	172	10	42	220	118	164	248	234	146	221	79	43	62	245	59	93	143	127	83	14	250	206	
10	158	242	153	115	251	177	71	63	77	90	183	172	158	166	72	231	59	135	17	182	156	32	215	78	22	26	195	148	12	37	223	
19	0	115	233	54	157	120	80	237	0	242	227	157	159	189	116	254	185	31	188	142	145	0	208	214	252	130	134	55	134	96	39	
2	18	31	233	52	174	184	67	175	25	82	97	156	155	36	104	230	57	31	145	130	145	2	213	133	56	186	194	148	8	33	3	
2	80	251	153	118	235	184	82	31	73	82	247	140	158	36	72	246	57	23	17	130	181	50	212	71	22	58	203	156	8	37	247	
56	0	98	108	68	27	72	88	69	32	246	2	11	9	181	112	120	132	31	168	136	179	37	140	210	233	162	16	119	138	112	0	
2	24	183	153	119	249	176	67	191	93	82	51	140	158	102	72	231	57	159	17	150	156	34	212	15	20	26	195	148	12	53	223	
2	144	57	233	3	245	120	83	47	93	84	23	140	159	102	108	230	153	159	144	150	8	51	209	215	208	26	207	144	0	37	247	
3	159	106	153	242	179	184	103	61	69	94	247	140	174	166	64	231	43	147	149	183	152	36	223	46	52	26	195	157	132	173	221	
8	18	19	249	118	163	184	83	30	9	82	243	156	159	36	200	247	57	31	17	179	156	1	223	5	38	58	192	156	8	33	187	
50	235	46	218	93	209	210	232	195	28	244	42	104	216	53	53	232	248	198	227	78	43	10	253	59	25	133	187	83	15	126	175	
61	19	122	233	119	220	121	80	101	77	119	167	27	31	186	240	110	153	151	188	135	178	52	213	87	233	162	193	127	142	108	243	
3	181	123	202	246	245	249	125	95	73	125	134	185	223	190	100	126	155	151	157	151	186	62	215	111	93	186	202	247	134	229	253	
3	159	107	187	246	147	185	119	28	77	95	231	189	142	182	96	246	43	23	149	215	152	36	255	110	45	186	192	28	138	177	217	
187	73	98	92	85	215	202	224	213	64	244	14	42	204	183	165	120	232	151	239	237	167	52	255	51	93	128	153	127	189	120	220	
163	233	98	200	93	213	210	228	199	72	188	11	40	220	55	36	200	224	19	195	78	43	42	255	51	28	131	59	83	31	126	206	
187	223	102	220	87	209	254	247	213	68	92	167	40	141	182	101	110	187	147	197	230	155	52	255	51	88	142	203	55	156	252	223	
162	201	34	154	93	213	222	231	135	77	248	11	40	220	54	228	200	171	147	197	94	43	114	255	59	28	142	75	85	30	240	222	
147	221	122	216	86	215	190	103	221	64	92	163	57	158	182	225	238	59	151	197	246	171	52	253	59	105	174	195	85	132	165	223	
178	217	98	218	85	213	254	231	157	69	120	135	40	140	54	193	236	187	147	197	238	187	54	255	51	56	142	203	87	156	244	222	
162	219	106	202	126	145	186	240	207	76	216	231	32	200	246	96	254	249	151	195	198	59	46	255	62	28	171	235	93	143	124	221	
146	221	110	221	54	210	190	230	252	84	214	163	57	158	54	97	238	115	157	227	228	173	52	253	163	105	238	131	21	144	181	223	
162	217	114	220	85	132	190	231	157	1	120	131	44	158	52	193	238	187	147	193	118	186	18	255	51	60	142	75	21	28	241	158	
7	203	134	31	76	147	170	232	94	209	83	199	224	232	63	40	249	107	50	199	199	244	79	255	12	62	207	134	93	47	121	148	
179	251	98	78	124	145	250	240	205	76	212	110	40	216	183	164	126	168	151	239	206	59	44	255	54	28	163	171	119	143	124	237	
130	150	36	155	182	163	184	35	28	127	90	183	140	46	50	73	247	27	147	181	178	220	1	223	12	22	218	195	148	76	181	219	
214	235	34	158	79	129	190	232	159	132	209	171	108	206	123	72	255	235	175	199	78	23	138	247	156	52	143	187	20	31	61	194	
7	10	130	155	83	176	184	64	62	65	67	247	140	202	51	200	246	41	147	149	150	156	6	244	4	54	154	195	156	5	57	214	
130	48	18	153	105	197	184	64	142	25	80	51	140	158	96	73	198	57	179	145	2	92	18	208	5	16	90	235	144	12	37	211	
61	0	107	204	68	18	203	112	68	192	247	198	81	77	179	96	120	168	22	238	137	179	36	140	82	41	162	128	127	171	112	240	
59	36	98	8	84	179	202	72	87	196	217	135	67	200	183	128	120	168	18	45	142	179	20	159	18	76	129	16	127	174	120	196	
190	249	82	254	75	193	182	224	191	0	101	42	60	223	101	24	251	251	147	194	98	63	154	243	83	221	3	43	115	51	39	154	
161	200	233	219	84	143	207	214	87	99	244	2	179	137	53	100	89	234	19	201	235	190	127	191	103	15	147	32	119	153	112	172	
58	135	98	200	255	243	254	103	149	68	254	163	72	238	174	212	126	187	151	224	92	187	36	222	62	118	138	203	55	174	252	214	
34	133	99	202	213	133	236	111	69	1	120	66	56	73	60	64	220	171	19	153	218	186	82	255	63	60	158	72	85	10	240	136	
11	141	98	207	247	146	190	103	76	65	94	130	57	140	180	100	126	59	19	141	212	152	36	255	110	44	158	192	55	134	241	252	
34	201	41	218	125	209	215	239	207	9	248	43	32	28	52	48	200	170	151	81	74	42	98	253	127	28	158	219	85	28	244	239	
59	201	107	78	125	211	214	228	197	72	252	42	42	221	183	164	216	168	151	202	206	171	102	189	51	93	128	187	119	159	126	238	
34	251	122	218	125	145	210	224	207	12	188	42	34	216	167	36	200	240	134	67	206	43	74	253	114	20	131	187	87	15	126	143	
19	223	126	169	54	214	191	119	140	76	94	167	189	158	178	97	230	59	31	197	247	137	52	253	224	97	170	195	28	12	189	219	
146	223	110	157	54	211	190	103	156	76	216	231	45	172	182	225	238	59	151	193	231	137	36	253	34	97	170	131	61	12	189	223	
191	75	98	76	127	211	203	112	69	76	245	238	41	220	183	164	126	168	150	238	201	183	36	222	50	120	160	136	119	175	118	229	
47	182	97	75	221	245	138	89	87	93	125	223	136	76	222	164	221	154	147	181	159	58	110	215	47	28	153	239	215	142	254	245	
47	182	225	75	253	117	139	217	19	125	253	222	137	236	222	172	221	152	151	189	159	50	252	211	15	93	137	252	223	207	214	245	
130	16	55	169	118	164	184	83	46	25	82	119	156	159	164	104	230	25	63	145	147	157	3	208	85	48	186	194	156	8	33	187	
146	91	30	188	42	210	156	116	180	204	214	167	181	14	163	67	230	117	173	227	237	205	39	45	240	227	234	145	44	48	45	91	
152	205	110	253	54	138	255	119	164	0	214	131	183	47	50	65	110	183	31	233	232	185	21	173	241	169	238	128	37	152	177	42	
10	151	114	155	243	177	184	103	61	69	91	247	172	174	46	196	247	59	131	149	182	152	36	215	44	118	26	195	158	4	173	223	
185	73	99	76	21	87	203	112	69	204	244	2	75	217	183	228	120	168	22	238	204	179	36	140	115	237	160	129	119	191	116	230	
56	0	98	236	68	11	64	88	69	0	246	10	3	9	53	80	120	132	14	40	136	179	5	140	146	233	160	16	119	168	114	0	
38	31	114	94	119	246	190	99	221	76	125	7	104	252	54	68	254	235	147	5	244	187	58	255	55	62	138	203	87	110	255	215	
3	159	107	171	178	131	175	55	60	73	90	231	181	47	176	64	118	43	23	141	209	152	37	255	236	175	186	192	61	130	177	249	
10	152	19	185	114	165	184	23	62	25	82	118	188	23	160	236	230	27	183	145	19	156	17	215	140	247	58	194	158	0	169	185	
39	182	96	11	223	241	186	73	95	89	93	247	72	76	254	172	95	139	151	181	151	34	111	215	14	22	154	239	223	14	252	215	
10	159	51	189	178	226	57	55	61	77	90	231	189	39	160	196	103	59	159	129	241	152	33	223	236	246	186	194	54	132	165	249	
10	141	2	157	21	182	184	103	29	5	78	3	172	186	54	228	248	43	147	129	54	186	18	207	47	118	154	67	31	76	185	142	
80	204	126	252	38	128	127	246	165	2	86	66	119	139	49	65	98	241	63	203	72	189	2	239	240	171	250	0	53	152	49	10	
23	151	105	171	182	163	187	121	30	69	89	247	253	78	186	96	247	11	23	181	151	144	47	215	200	15	186	196	189	138	181	209	
171	201	100	92	125	213	204	119	213	92	212	19	40	220	182	165	200	170	147	205	239	46	118	191	39	89	144	187	95	156	248	222	
146	220	111	254	46	195	190	228	140	72	208	227	57	222	180	65	238	241	23	231	232	143	2	253	179	106	250	130	21	24	53	251	
162	229	96	202	253	213	212	239	95	93	116	27	40	29	126	37	200	138	151	85	254	42	98	247	47	88	148	251	87	12	212	223	
162	76	102	220	77	215	252	230	221	94	212	23	40	204	55	111	204	225	187	231	228	175	54	255	35	123	218	139	23	60	116	222	
150	92	238	156	15	102	188	66	189	214	211	151	76	238	55	75	239	117	251	167	164	197	23	202	145	50	219	131	133	117	61	214	
163	222	106	218	118	145	218	244	93	68	208	239	32	204	183	33	126	169	23	231	230	47	44	255	50	8	170	171	125	159	124	221	
162	201	47	186	157	197	156	239	156	25	240	19	160	158	52	65	200	59	19	193	118	175	82	255	161	249	158	91	17	24	245	142	
7	192	131	31	76	135	162	232	94	200	91	71	240	232	125	96	249	109	50	231	199	176	95	127	28	62	143	14	93	59	121	148	
130	48	155	153	97	229	185	66	158	27	80	115	156	158	96	73	231	57	147	17	2	92	18	209	5	16	90	234	144	8	37	211	
163	202	67	156	68	144	174	244	84	64	80	198	40	8	183	229	76	96	146	207	229	172	4	255	32	40	138	128	31	156	120	220	
56	0	98	236	68	3	64	88	69	128	246	10	11	9	181	80	120	140	6	168	136	179	5	140	146	233	128	20	119	168	112	0	
102	234	34	158	91	129	190	232	31	134	217	239	108	206	121	64	253	235	163	199	70	23	138	251	184	20	143	171	20	31	53	130	
7	10	2	155	67	144	184	64	30	69	67	167	140	202	51	201	230	41	179	215	6	148	6	240	4	48	218	203	156	5	57	214	
59	177	57	200	157	213	217	111	15	65	188	11	30	92	62	32	156	155	147	17	223	43	112	213	107	93	140	123	211	12	214	246	
184	233	122	126	75	197	182	230	159	1	100	2	44	255	101	24	251	123	147	194	98	59	26	243	115	205	31	43	83	17	39	138	
43	133	96	137	117	209	199	253	69	76	92	38	40	28	190	164	88	10	146	237	199	58	116	253	38	93	138	203	95	142	216	253	
43	149	104	203	245	213	255	127	79	69	93	6	168	92	190	36	88	10	147	173	215	58	124	221	111	29	138	231	95	142	216	254	
161	201	233	223	85	151	239	198	86	64	70	2	177	200	53	96	89	234	51	207	235	186	125	191	37	63	158	0	21	217	80	232	
50	243	121	200	126	217	215	237	79	5	120	43	42	156	62	32	222	155	135	65	198	58	100	253	127	28	20	123	117	158	212	239	
11	133	34	139	215	181	170	107	29	65	77	147	40	238	62	228	127	11	147	189	182	152	20	223	47	126	154	195	151	6	185	196	
42	133	32	201	213	167	234	107	79	1	121	18	152	9	60	68	217	10	19	153	146	58	89	215	111	28	138	108	215	14	240	128	
54	115	232	138	238	17	158	216	139	222	149	239	77	204	255	11	63	217	215	247	198	103	174	240	122	8	239	191	245	255	55	213	
135	22	230	149	199	54	188	3	185	247	87	151	200	46	223	239	231	7	187	149	181	213	53	194	14	58	223	135	143	245	185	212	
152	219	67	187	118	129	175	244	20	0	80	230	189	203	176	193	126	123	23	199	227	190	14	191	244	161	174	200	61	152	177	185	
179	94	99	76	118	147	206	120	85	78	244	238	42	204	183	165	126	168	150	239	237	183	36	253	50	88	160	139	127	157	124	253	
239	107	64	69	117	31	72	178	123	172	180	204	138	8	215	180	8	204	196	108	236	252	197	158	46	93	5	181	79	189	90	5	
26	151	55	175	50	198	187	125	140	77	91	231	252	127	170	64	246	51	31	165	210	137	33	253	224	164	170	192	60	130	165	123	
202	159	87	156	50	192	61	55	173	77	94	231	44	167	160	197	102	51	191	140	241	137	34	253	178	114	250	194	30	132	165	121	
11	154	18	249	98	165	185	87	46	9	92	114	188	147	224	236	231	59	151	153	19	152	0	209	68	213	186	202	158	0	41	169	
154	159	39	188	59	192	61	119	141	77	90	231	44	183	162	197	230	179	159	197	242	137	2	253	240	32	186	194	62	4	165	123	
10	146	50	155	115	177	184	67	63	69	95	183	172	238	46	196	247	59	147	149	150	152	22	245	15	118	26	195	150	5	173	215	
2	133	2	159	85	244	178	103	29	5	79	19	232	248	62	196	217	43	147	145	54	186	18	255	47	54	154	75	147	78	189	142	
61	37	98	137	221	179	234	109	85	96	238	2	91	248	54	228	122	174	18	253	157	187	21	222	62	44	130	96	255	143	248	132	
203	217	103	156	102	132	109	55	189	68	82	231	61	183	176	229	102	51	63	204	225	153	54	255	245	122	250	130	54	148	165	121	
82	94	235	188	38	192	158	118	132	74	218	231	121	239	177	64	110	241	63	199	204	139	38	251	242	39	234	136	53	250	53	91	
219	219	83	220	98	212	60	119	189	72	82	231	60	151	164	244	102	59	183	204	193	159	54	255	50	110	250	138	62	132	165	253	
35	91	110	140	102	179	252	114	205	66	220	231	48	76	183	105	126	169	23	231	133	179	38	221	86	46	234	128	125	253	112	221	
18	148	59	184	19	225	185	67	14	77	88	179	140	191	32	64	231	27	155	145	18	137	16	215	201	5	154	195	148	76	165	243	
171	76	103	222	68	147	203	240	213	66	212	198	112	72	181	229	72	96	18	239	229	167	38	255	34	42	234	128	127	191	112	252	
3	91	235	197	246	18	236	23	77	200	94	230	8	44	182	230	110	101	190	205	213	185	37	200	38	124	174	130	175	188	248	221	
43	157	97	137	215	215	187	227	79	101	93	7	8	156	182	36	251	10	147	61	151	184	60	215	47	28	139	231	223	14	213	246	
6	136	34	137	83	245	184	202	15	85	76	135	140	206	126	204	231	25	179	149	22	152	50	213	15	84	154	79	151	5	45	214	
34	165	123	201	247	219	178	231	79	97	89	35	24	221	60	32	250	26	147	49	214	184	44	213	111	28	133	103	87	142	212	231	
6	160	166	152	93	244	184	202	159	85	68	19	172	222	62	76	217	25	147	145	22	158	50	245	15	118	154	75	146	13	61	214	
61	211	237	107	172	87	75	184	67	125	189	238	83	109	219	34	93	200	181	254	219	50	111	144	74	205	229	252	255	187	92	241	
239	247	41	234	253	117	219	220	139	125	189	61	218	93	222	180	221	147	223	51	191	39	106	151	243	221	169	255	158	223	222	119	
161	201	41	249	205	205	237	198	214	83	204	18	178	152	48	96	201	170	50	141	107	186	114	179	109	159	150	104	25	88	208	234	
8	233	58	122	203	209	183	230	223	29	116	50	44	251	100	16	233	123	130	80	66	107	10	247	123	213	22	107	83	16	167	171	
62	207	226	111	151	82	223	188	17	6	94	163	105	109	191	68	126	246	149	239	236	144	45	175	99	239	236	129	39	247	244	126	
38	239	130	158	88	129	174	232	31	4	217	231	228	202	121	196	221	235	131	215	66	19	202	255	188	52	143	234	28	31	57	156	
51	35	34	172	85	23	248	107	93	232	248	79	8	200	54	64	248	169	23	165	156	179	212	222	22	94	139	170	93	44	248	134	
3	165	131	13	92	143	166	105	94	232	90	70	240	248	125	164	217	45	50	13	199	178	223	95	44	60	143	44	93	42	121	132	
122	36	104	5	87	91	80	35	97	228	238	139	43	44	22	148	72	142	192	4	76	186	245	140	86	85	144	51	103	236	94	222	
198	223	189	183	168	174	63	174	190	222	27	181	245	254	75	75	135	119	125	71	246	205	139	59	232	247	127	145	148	115	133	91	
148	68	28	183	150	106	63	167	52	51	203	147	215	43	16	75	99	71	29	163	120	220	93	46	229	227	254	1	164	80	165	10	
134	140	172	179	130	42	189	135	62	87	90	147	213	46	91	75	167	87	59	149	54	220	159	98	237	167	254	197	132	81	149	218	
134	12	175	189	204	102	189	67	156	158	210	19	208	252	53	75	201	101	51	131	36	247	2	74	69	34	250	129	149	121	117	195	
135	204	236	147	230	50	188	167	251	243	94	147	236	46	214	175	167	95	179	151	246	220	63	227	46	62	222	199	133	213	137	204	
162	94	126	92	109	243	212	102	221	30	116	114	34	152	183	109	201	184	134	1	236	238	98	223	18	58	240	139	85	92	124	143	
135	204	246	211	215	50	254	231	125	19	126	146	8	42	52	237	107	223	19	159	244	252	60	226	47	26	222	69	135	213	241	174	
