Ê¥ÂÞÀ¼ÌðÎÇ´½¼ÕËª	#07 Éºº÷³È	http://www.yslbeautycn.com/on/demandware.static/-/Sites-ysl-master-catalog/default/dwdb462060/Makeup_Pro_img/00020YSL/L5203800U_07_COLORIMG.jpg	//www.yslbeautycn.com/dw/image/v2/AARM_PRD/on/demandware.static/-/Sites-ysl-master-catalog/default/dwee4a9c25/Makeup_Pro_img/00020YSL/L5203800U_07_01.jpg?sw=336&sh=444&sm=fit
154	106	230	150	42	144	186	80	141	228	211	231	45	142	247	206	102	237	191	199	196	213	134	232	146	96	234	171	39	183	57	93	
130	150	50	154	114	241	184	83	159	95	81	247	44	158	174	72	239	59	151	145	182	158	34	247	14	20	186	203	157	4	37	223	
2	120	186	156	79	244	184	70	157	206	72	19	172	158	103	74	236	59	179	129	6	79	146	225	23	52	218	11	145	68	37	222	
130	193	80	154	252	129	188	237	143	1	80	2	172	10	56	64	234	11	23	129	82	40	74	221	164	16	158	200	21	8	177	137	
2	180	148	153	249	173	184	79	190	27	80	48	172	254	64	74	135	27	251	16	50	124	194	211	13	22	94	234	144	64	129	139	
11	151	106	203	247	215	191	255	95	77	92	167	184	254	190	228	255	155	151	141	215	152	53	255	111	93	190	199	183	142	189	255	
42	50	122	237	111	80	185	86	9	204	212	143	172	159	118	130	238	153	151	133	197	11	240	192	150	121	186	171	15	12	43	223	
43	219	66	9	245	149	174	101	77	73	88	199	40	136	182	228	220	42	146	221	215	186	84	221	46	124	142	234	223	14	248	157	
43	155	96	137	245	181	186	119	79	77	92	231	168	168	182	132	220	43	151	133	151	186	100	253	46	93	138	235	95	14	249	221	
2	164	130	129	84	163	170	67	22	3	82	18	8	202	56	72	121	40	19	145	18	190	0	218	12	6	154	196	149	10	176	128	
26	58	122	229	55	83	251	114	9	108	188	175	31	31	150	32	174	185	149	129	140	186	52	202	243	221	186	163	103	140	71	255	
253	77	102	108	92	26	70	120	97	160	246	10	115	105	157	115	120	236	76	234	236	179	229	140	242	233	225	20	103	187	114	128	
130	128	130	145	84	163	170	67	22	3	82	18	8	138	120	72	123	9	19	145	50	148	0	210	12	6	154	196	149	8	177	136	
122	19	83	204	119	95	219	88	77	76	252	238	10	12	182	212	254	137	159	225	141	163	101	223	182	125	170	154	127	142	124	87	
43	217	70	157	21	159	236	119	95	225	82	199	177	8	182	228	232	174	50	141	205	184	85	221	44	126	222	128	29	28	248	156	
138	144	55	218	107	213	184	216	159	93	84	55	44	222	110	175	239	27	183	129	151	79	58	241	23	89	122	235	26	4	45	215	
94	28	182	182	139	96	188	75	191	247	131	179	237	254	99	74	231	247	253	145	56	73	155	226	153	247	223	155	132	116	165	82	
122	176	240	242	235	221	80	254	187	177	180	57	191	191	72	22	167	215	253	16	42	75	250	245	219	219	95	255	34	132	135	91	
35	136	96	219	252	145	238	202	95	66	240	130	168	236	181	96	217	235	19	131	166	58	110	255	46	30	150	168	213	204	112	204	
43	217	98	216	117	213	255	247	207	76	116	167	40	156	182	164	238	171	151	197	199	171	54	253	119	93	154	235	95	156	252	223	
155	77	110	229	54	146	254	242	125	224	94	162	121	31	183	97	126	245	159	239	232	185	37	238	247	235	171	129	39	189	112	249	
191	36	96	97	119	19	218	88	65	96	125	131	75	13	158	180	126	153	151	238	140	182	37	142	114	205	160	133	103	175	120	245	
11	219	106	248	119	213	253	247	141	76	220	167	57	156	182	228	238	187	151	197	199	139	54	253	119	125	186	203	31	140	189	255	
11	223	106	237	117	215	255	119	13	76	92	167	185	31	182	228	254	59	151	229	215	152	52	253	103	125	170	195	31	142	189	255	
57	65	107	237	22	2	111	120	101	192	247	66	83	75	179	96	126	236	31	238	201	179	37	204	246	233	163	132	39	178	112	224	
34	141	98	152	87	241	184	103	223	5	124	147	172	172	54	196	235	59	147	149	182	186	18	215	15	52	154	75	215	76	253	222	
130	188	22	153	125	141	184	231	158	27	112	16	172	186	96	65	199	59	59	1	50	124	82	247	45	22	94	234	144	72	161	139	
2	156	182	220	125	197	184	103	159	25	80	27	172	190	36	8	239	59	155	1	50	79	18	215	157	22	218	235	144	12	165	155	
56	65	106	237	84	19	111	121	117	128	255	2	123	75	184	112	122	172	31	234	200	179	37	157	242	237	163	132	119	170	112	32	
43	217	98	137	245	215	191	247	77	77	92	167	40	140	182	228	254	43	151	197	215	186	52	253	47	93	174	195	31	142	253	221	
191	31	66	132	119	22	238	113	17	200	95	230	121	110	183	228	126	236	151	239	237	154	52	206	122	109	175	133	47	174	120	213	
11	159	106	225	247	247	187	119	93	77	94	167	61	60	182	164	254	187	151	149	151	184	52	253	127	93	170	195	175	142	189	255	
22	16	186	240	11	231	185	66	173	23	131	19	140	223	36	72	225	49	187	145	18	135	18	210	219	23	219	75	144	5	37	114	
41	41	115	69	116	138	233	83	125	192	122	64	51	1	149	52	62	44	22	56	161	184	36	76	4	188	33	0	111	168	98	173	
90	248	146	250	91	193	48	68	171	5	160	41	46	223	108	16	162	185	205	80	2	11	146	241	187	213	30	59	226	4	39	219	
160	201	34	158	92	129	138	228	214	0	80	2	32	200	48	64	72	40	19	195	194	174	2	191	48	4	138	8	85	25	112	136	
2	133	2	143	148	163	170	99	4	1	91	2	104	234	32	64	120	43	19	160	50	152	1	223	40	38	138	192	20	74	177	8	
34	201	2	158	92	129	142	230	150	0	80	2	32	202	48	64	72	106	19	195	66	174	2	253	48	36	138	136	21	24	48	136	
56	1	114	236	87	19	90	120	5	160	245	11	11	11	48	144	122	172	151	232	200	179	0	156	211	237	161	189	55	175	124	2	
32	165	66	137	212	139	170	103	14	1	121	2	172	8	48	0	122	11	2	145	18	186	65	221	44	20	138	96	213	10	241	136	
18	73	98	252	70	130	254	118	173	0	210	130	45	143	53	64	110	243	23	193	200	139	4	237	178	232	158	136	39	180	33	137	
129	201	115	95	116	207	239	246	124	73	118	64	184	16	180	36	106	122	2	72	227	188	53	255	37	62	50	64	71	152	245	173	
90	21	91	236	155	193	23	107	165	4	232	171	44	223	32	80	250	187	143	224	90	11	18	223	243	229	10	59	55	34	167	59	
27	121	240	229	103	158	248	22	193	236	62	167	41	29	215	166	46	189	215	205	196	184	228	200	70	217	129	179	103	190	94	95	
178	193	66	254	84	128	236	103	141	1	242	2	41	74	60	65	106	131	23	129	122	170	66	221	178	248	154	200	53	136	240	8	
42	183	98	233	247	247	255	223	31	77	92	167	8	221	190	36	255	155	151	149	150	186	124	215	111	93	154	231	215	142	252	247	
162	241	48	152	253	205	188	239	143	57	48	43	172	156	60	0	141	27	151	81	210	42	74	245	45	24	30	255	85	12	151	155	
59	95	106	92	119	244	255	246	149	76	220	167	41	205	183	228	110	250	151	207	205	155	54	255	115	125	138	139	63	221	124	255	
10	191	106	139	246	185	187	215	30	77	92	231	172	172	182	128	183	59	135	21	150	184	36	247	110	85	62	195	158	206	157	221	
82	170	255	190	43	192	57	236	191	21	254	163	108	239	170	83	110	243	239	192	10	75	174	253	208	163	250	139	53	70	39	107	
173	188	117	73	245	255	227	251	127	234	123	82	216	112	148	164	91	24	18	56	179	188	125	223	44	30	7	68	223	142	83	236	
66	153	56	186	79	213	184	103	139	93	144	3	172	158	102	66	206	51	179	1	214	43	178	241	87	113	26	251	17	12	165	223	
191	72	98	74	85	209	219	112	85	68	117	10	42	205	183	164	120	168	151	234	236	178	44	255	51	93	128	139	119	159	124	244	
58	32	96	224	103	18	218	88	65	32	189	138	11	15	220	180	126	141	151	250	138	51	165	192	146	216	128	182	119	143	114	5	
53	133	107	206	212	3	207	249	86	65	253	66	115	105	188	100	121	202	22	234	251	179	109	191	122	175	167	196	117	251	240	224	
130	220	22	159	139	199	180	230	158	26	194	19	236	254	32	75	231	115	251	131	98	205	27	255	165	50	94	11	16	92	165	219	
66	112	118	226	102	140	248	64	169	9	211	34	140	158	61	74	238	181	255	81	128	177	128	192	150	120	90	130	5	15	35	131	
165	97	249	69	252	11	239	157	91	234	118	8	211	105	221	48	27	204	118	122	225	246	237	154	110	159	37	180	103	250	210	161	
86	180	150	182	139	228	60	207	191	179	131	27	204	254	72	91	167	247	253	145	58	75	155	194	187	247	95	251	160	116	167	19	
97	181	249	69	100	30	255	57	121	232	126	104	218	61	148	55	190	220	126	110	209	240	229	200	103	249	101	132	70	234	194	229	
233	177	250	69	98	14	127	57	121	170	126	40	95	61	148	51	54	220	127	106	208	240	161	72	118	251	101	132	102	242	194	33	
50	121	114	224	117	143	248	212	173	104	186	43	14	31	116	0	174	185	151	209	194	185	0	212	183	216	138	246	87	158	209	219	
34	88	162	158	79	225	176	70	159	87	64	147	172	158	39	72	235	59	147	129	6	31	18	241	23	54	218	43	21	92	61	206	
130	205	6	159	28	131	174	227	148	0	218	2	104	234	49	65	120	99	59	227	96	139	11	255	56	38	207	128	21	58	48	136	
32	141	2	159	212	131	174	238	22	3	88	2	96	232	48	64	121	106	19	193	98	186	75	255	40	38	158	72	21	10	176	136	
11	159	107	137	242	255	187	119	13	109	94	231	173	15	182	68	54	59	151	149	151	152	37	255	110	85	186	194	31	142	149	249	
34	205	102	159	84	131	174	235	214	0	218	2	96	232	48	64	120	106	19	225	226	187	10	255	40	38	143	128	85	74	240	136	
2	141	2	158	148	130	174	231	22	3	90	2	104	234	48	64	121	106	19	193	98	152	2	255	40	38	154	128	21	72	176	136	
74	19	104	205	111	89	185	87	13	125	84	167	172	142	214	134	238	153	255	129	193	58	242	209	22	121	250	171	31	12	125	255	
58	217	98	250	125	213	223	246	159	76	220	175	40	157	54	228	238	187	151	197	207	43	50	247	115	125	144	171	63	156	252	223	
56	141	110	222	28	147	239	240	212	0	254	2	113	233	180	96	120	230	63	235	232	187	45	255	114	175	163	128	55	234	112	40	
19	13	111	206	20	146	239	116	212	64	222	2	113	234	182	100	122	239	63	239	201	155	45	255	240	46	174	128	53	170	112	100	
162	220	32	155	93	193	190	238	30	67	88	179	172	220	48	64	221	123	147	193	34	62	90	255	45	22	154	235	21	12	149	218	
83	13	103	174	20	146	111	112	181	192	218	194	125	230	176	116	126	231	63	239	237	155	44	239	176	110	170	128	37	182	49	116	
25	31	94	238	18	130	126	112	53	192	254	231	125	239	162	80	118	253	143	238	225	145	5	110	242	239	34	128	111	226	41	81	
34	188	32	155	253	201	178	239	30	99	88	187	172	252	112	0	217	59	147	17	50	254	91	247	45	22	159	235	213	12	149	218	
163	187	48	90	249	157	180	206	251	125	112	29	172	218	70	56	141	107	194	20	182	126	250	243	31	28	20	107	208	28	203	207	
43	159	114	249	253	213	249	255	31	77	252	167	189	157	182	36	238	187	151	149	215	59	114	247	127	221	186	235	95	140	245	255	
130	128	130	153	20	162	168	69	54	3	83	18	8	194	40	72	123	41	19	144	50	148	0	214	4	6	154	196	148	8	49	128	
27	151	107	229	182	86	255	119	45	108	94	230	29	63	182	228	118	159	151	237	213	152	53	221	246	253	170	196	63	134	173	249	
35	217	59	248	124	133	252	239	159	9	248	107	188	254	52	64	239	187	23	133	211	43	82	245	61	28	190	250	20	8	161	159	
55	32	232	225	102	40	250	88	89	3	181	162	27	79	221	24	127	217	23	223	138	167	196	192	214	205	171	180	165	169	114	129	
54	93	107	142	214	195	167	244	148	64	88	230	112	252	181	96	124	250	19	227	193	171	60	127	48	44	174	136	125	59	116	249	
215	77	127	229	38	18	126	48	109	226	210	195	117	63	149	99	126	245	125	239	236	245	53	236	242	235	235	132	37	179	113	3	
58	141	114	236	247	146	254	113	13	0	250	131	75	203	52	96	250	189	31	237	92	187	21	221	243	253	138	193	55	174	240	134	
182	77	95	237	6	10	111	240	205	160	242	66	87	43	53	67	122	245	63	227	104	179	21	236	176	235	235	148	45	187	112	8	
130	88	191	189	40	196	56	23	142	25	80	5	188	159	97	75	198	59	63	81	2	205	18	225	193	176	122	138	16	16	37	91	
59	217	114	90	77	213	222	198	207	68	252	11	42	220	119	180	236	186	151	195	206	43	54	241	51	93	128	59	119	159	124	94	
98	187	176	201	237	212	188	7	139	93	92	165	140	158	118	90	198	27	191	145	214	10	242	193	7	120	158	187	22	4	167	223	
34	217	179	248	125	213	152	255	143	93	216	111	172	221	118	36	238	187	151	133	214	43	114	245	187	92	158	251	23	12	245	255	
49	32	233	97	116	35	105	25	84	233	123	210	19	9	156	40	94	140	22	188	153	182	101	2	70	141	176	132	237	202	80	161	
43	217	115	252	126	148	250	118	221	73	252	227	44	223	180	100	238	187	151	197	206	187	34	255	119	124	158	138	87	156	101	223	
206	16	179	208	67	245	121	80	191	123	103	18	28	223	111	124	183	153	179	16	131	23	50	210	27	220	19	111	146	133	37	119	
3	221	99	205	118	151	175	246	93	72	88	230	56	12	180	164	62	123	19	239	225	184	52	255	36	60	138	130	127	158	241	189	
27	219	126	252	119	214	255	119	157	76	222	167	61	191	182	229	238	179	159	205	237	139	55	253	243	255	170	131	55	156	253	255	
27	223	123	237	119	214	255	119	13	76	222	231	189	63	182	96	254	187	151	229	205	184	33	253	247	253	174	131	55	158	245	251	
43	217	98	88	253	213	249	247	223	77	124	167	40	156	182	164	206	187	151	149	214	42	54	245	127	93	150	235	87	140	252	223	
3	146	251	185	242	163	185	83	62	107	90	247	156	62	160	104	55	31	23	149	179	152	5	214	68	14	58	198	188	192	161	241	
3	159	127	253	50	130	189	55	188	73	90	246	180	183	160	96	230	59	23	132	241	152	36	79	228	166	58	130	60	128	161	249	
147	207	127	253	116	148	254	246	221	72	246	227	57	223	181	101	238	249	63	207	232	171	38	239	246	250	238	138	23	188	241	253	
34	133	114	235	247	147	250	111	95	1	251	131	45	223	60	224	254	187	23	177	150	186	5	255	127	220	138	195	119	142	241	134	
42	181	104	200	245	213	187	119	79	77	92	39	40	220	182	164	222	59	151	149	215	58	116	255	111	93	170	235	95	142	253	223	
43	135	192	137	215	19	174	111	79	225	121	231	8	168	246	132	126	11	130	181	149	186	68	220	46	92	143	231	223	174	248	149	
27	219	111	252	50	214	191	118	173	76	214	231	61	159	166	100	102	179	159	205	197	153	52	237	242	121	170	130	63	148	173	121	
11	50	102	209	109	249	249	115	109	93	118	183	141	14	214	207	110	137	247	157	151	248	103	212	94	89	250	193	111	140	237	209	
2	255	122	139	246	145	179	247	95	77	92	231	172	232	246	132	191	43	135	21	150	184	4	247	46	21	62	235	223	14	157	223	
2	145	182	146	237	221	188	71	143	93	20	47	172	188	102	11	167	19	255	5	215	105	50	241	7	80	90	251	210	12	141	223	
10	17	60	224	47	221	152	64	201	252	148	175	140	29	118	7	174	49	223	81	132	33	48	192	211	209	10	187	22	12	5	87	
11	115	186	173	111	85	185	95	47	204	212	102	188	158	247	202	238	137	255	145	199	139	178	192	215	113	186	171	31	12	45	255	
107	89	114	198	109	148	121	20	201	200	116	66	40	159	247	254	204	160	22	206	197	34	182	232	7	88	130	170	75	191	104	253	
0	172	130	137	212	163	162	194	22	3	120	2	0	138	112	0	121	42	2	17	18	190	0	202	40	4	146	68	213	74	176	136	
130	193	84	155	124	129	236	237	141	1	208	2	236	74	60	65	106	131	31	161	114	42	66	221	180	184	158	200	21	8	241	136	
182	73	102	140	15	19	202	200	133	96	144	139	11	12	55	133	120	133	219	231	76	163	68	204	179	120	136	23	55	63	120	70	
187	219	234	158	117	212	251	246	213	76	220	167	40	236	182	228	110	234	151	205	237	171	54	253	123	125	158	139	55	140	124	221	
59	223	106	220	245	212	255	247	221	77	220	167	40	188	183	228	238	250	151	205	239	171	54	255	115	125	190	139	191	220	252	255	
173	95	107	206	86	70	255	112	20	194	86	230	113	93	181	33	126	248	19	238	225	150	52	78	119	41	166	128	53	187	116	240	
2	160	130	153	20	163	170	66	22	3	82	18	0	202	112	72	121	40	19	145	50	188	1	222	8	6	154	192	149	72	176	128	
42	221	104	90	221	245	223	247	215	77	252	15	42	188	54	164	205	186	151	133	206	43	118	255	115	93	148	187	119	220	252	223	
82	24	187	176	27	228	49	67	174	197	202	51	180	159	33	72	230	51	59	145	18	141	18	214	217	134	154	75	144	0	37	122	
155	221	110	229	55	150	255	117	45	76	222	163	61	63	182	101	238	183	159	237	245	153	37	221	243	249	170	130	55	134	245	125	
130	193	116	203	252	129	252	237	15	17	208	18	172	72	60	65	222	131	23	161	242	40	75	213	46	24	158	220	21	136	241	137	
51	11	70	141	84	155	234	121	84	224	210	198	115	72	183	164	120	172	22	237	205	184	69	156	30	10	235	128	125	174	88	156	
42	201	120	250	124	137	249	239	223	9	248	10	188	218	52	192	238	187	23	129	210	58	66	247	188	29	158	234	20	136	169	137	
2	136	130	153	20	163	170	66	22	3	82	18	0	202	48	64	121	42	19	145	50	188	1	214	8	6	154	192	149	8	49	128	
27	223	111	169	182	215	191	181	13	77	94	231	189	31	182	228	38	59	159	237	247	152	53	253	238	121	174	194	63	150	189	255	
2	180	148	153	249	173	184	107	190	27	81	48	172	190	96	75	167	27	251	16	50	124	194	215	13	22	94	238	144	0	129	139	
2	143	34	152	215	145	188	103	31	5	88	163	44	172	54	196	238	59	147	133	214	186	6	255	54	52	154	203	23	12	189	207	
2	176	150	153	125	141	184	103	158	25	112	48	172	190	96	72	239	59	179	1	50	92	82	213	13	22	90	234	144	8	33	139	
56	65	110	237	20	19	107	120	101	0	247	2	91	9	176	112	122	172	31	234	200	179	37	156	242	233	161	132	119	170	112	32	
50	141	118	233	245	194	254	119	29	0	250	131	233	139	52	97	250	187	31	233	248	187	81	220	183	249	138	195	55	140	241	143	
35	223	123	248	125	149	252	247	221	73	252	231	40	157	182	100	238	187	151	133	198	43	114	255	55	125	186	170	23	156	244	255	
130	184	191	186	9	197	177	69	142	93	193	19	188	158	100	74	204	59	187	129	2	15	18	209	193	48	218	187	16	8	53	219	
27	141	114	225	245	150	254	119	29	73	222	163	185	31	182	100	254	187	151	237	220	185	33	221	255	253	138	195	55	142	241	255	
2	32	170	147	215	224	184	67	28	197	91	163	44	222	126	8	251	59	147	145	22	154	6	192	79	4	154	203	133	70	61	214	
33	33	115	77	116	139	233	115	125	192	122	64	185	1	148	180	62	44	6	40	145	184	101	77	4	184	34	0	111	128	98	165	
26	113	18	248	91	193	16	69	171	5	160	41	46	223	96	16	162	185	207	144	2	11	130	213	187	209	26	59	50	4	39	155	
2	6	170	155	214	162	184	67	30	5	89	163	164	232	55	72	250	43	131	149	22	154	6	206	4	52	154	139	149	78	61	142	
2	133	2	136	148	163	170	99	4	1	91	2	96	234	32	64	120	42	19	160	18	152	1	223	40	36	138	192	148	10	176	0	
41	141	97	201	52	156	77	55	65	72	188	72	155	3	144	244	72	130	22	204	217	58	117	159	231	249	160	208	127	140	208	44	
18	73	82	156	78	128	174	102	133	0	208	2	44	138	49	64	110	227	31	193	64	139	2	237	176	32	154	136	21	56	33	136	
34	133	66	137	212	163	170	103	14	1	120	2	136	8	52	0	120	10	19	145	18	184	65	221	44	12	138	192	213	10	241	128	
11	159	106	235	247	215	191	247	77	77	94	167	61	61	182	164	254	187	151	213	215	184	52	253	111	93	174	195	191	142	189	255	
1	201	115	91	116	205	239	182	125	13	118	64	176	149	180	36	74	58	2	72	227	188	48	255	37	62	54	64	71	152	229	173	
90	149	91	236	155	193	23	111	165	68	248	170	47	223	32	80	250	187	143	160	88	11	16	223	243	229	14	59	119	34	167	59	
162	207	122	252	118	129	255	102	221	4	248	130	189	203	52	193	238	187	23	201	226	171	18	253	52	248	154	138	93	152	121	169	
35	209	14	141	29	151	236	119	6	105	210	199	160	136	182	192	236	174	59	205	205	152	87	157	38	123	222	128	29	28	248	156	
162	188	224	155	245	201	188	207	30	119	112	187	172	220	84	0	203	59	147	17	114	126	218	247	45	22	31	235	212	28	215	218	
162	238	176	26	253	221	188	207	95	127	112	29	172	236	118	0	139	43	131	21	246	126	234	243	47	30	22	235	209	92	199	223	
162	238	38	159	223	241	188	230	158	87	80	179	172	236	54	9	235	123	147	135	118	239	42	255	45	18	223	235	85	92	183	222	
210	207	238	190	106	160	61	239	183	21	220	179	109	231	170	82	127	255	239	129	10	79	206	239	240	35	234	139	53	166	167	203	
11	253	103	91	221	255	162	236	95	233	115	70	248	248	148	164	123	106	50	255	167	248	127	255	46	94	151	70	207	143	217	140	
91	77	103	174	18	18	111	112	37	192	218	198	121	238	178	116	126	229	125	239	237	147	37	239	176	239	175	128	47	182	34	124	
53	197	97	207	212	51	239	248	86	64	218	198	81	110	189	228	127	200	22	239	191	146	109	255	60	46	175	196	189	251	240	244	
53	197	105	201	220	35	207	248	86	96	253	66	83	97	189	100	89	204	22	254	187	178	109	159	124	175	167	196	245	251	112	224	
2	156	182	158	143	226	188	230	158	215	194	51	236	254	33	75	239	115	251	131	32	205	26	251	149	54	223	27	144	125	37	90	
165	97	233	69	244	11	239	89	94	226	118	74	211	41	213	36	122	204	23	123	233	240	237	154	126	143	167	164	103	250	210	225	
86	188	150	182	203	196	56	207	187	145	131	18	76	254	76	90	231	255	255	144	50	75	155	226	191	246	223	123	128	112	167	19	
98	176	210	242	249	141	120	255	187	185	48	24	14	255	76	18	167	223	247	16	50	123	154	242	63	222	23	110	195	0	227	139	
162	188	160	155	221	237	188	206	30	123	80	179	172	220	112	0	221	59	147	145	34	190	90	247	45	22	158	235	149	92	149	219	
97	181	251	69	102	14	255	112	121	232	126	106	95	57	148	52	54	255	118	106	209	240	161	206	118	185	103	128	103	234	67	225	
210	13	6	158	28	130	174	104	188	130	218	2	108	234	49	65	122	231	63	227	96	129	11	239	176	166	207	136	20	98	33	8	
130	141	6	159	28	131	174	228	148	0	218	2	104	234	48	65	120	99	59	227	96	185	11	255	48	38	203	128	21	42	49	8	
2	140	0	159	220	131	174	238	22	3	88	18	224	232	56	64	89	74	19	129	114	186	75	255	60	38	158	200	21	88	176	136	
25	141	110	206	28	146	239	244	212	0	222	2	113	235	180	96	120	230	63	235	232	171	45	255	114	47	163	144	55	186	112	40	
34	165	82	201	245	227	250	239	31	1	248	67	136	203	60	128	251	139	23	145	22	186	89	215	63	156	142	199	157	74	249	135	
10	217	50	250	47	205	53	101	173	25	36	8	190	159	96	67	130	59	223	64	82	9	18	245	227	209	26	123	18	10	133	187	
2	177	146	136	241	165	186	71	11	9	120	40	172	190	100	0	158	59	151	17	18	26	130	209	45	28	14	234	144	74	163	155	
38	73	2	158	92	128	170	64	148	128	81	2	96	202	49	64	120	40	19	195	64	178	2	238	48	36	138	136	21	59	48	128	
43	23	99	200	119	87	123	88	93	76	253	239	74	12	191	228	254	157	151	231	141	178	36	222	54	124	160	134	31	175	124	245	
127	67	68	142	141	18	78	248	65	244	157	206	75	64	219	247	122	196	252	239	205	3	239	168	178	105	197	189	63	191	120	68	
155	90	78	158	39	144	223	246	133	78	214	231	41	206	183	197	110	227	159	199	237	143	38	255	50	123	234	139	63	157	57	93	
42	151	96	137	247	241	187	83	15	77	92	231	172	174	182	196	223	27	135	149	150	154	100	215	14	84	186	235	159	206	189	223	
223	68	150	245	45	62	189	26	189	190	151	48	223	59	155	239	231	117	253	43	33	197	163	202	196	251	251	151	6	245	41	33	
34	185	61	211	235	237	177	209	139	125	17	127	140	158	110	10	143	19	215	145	150	26	106	245	15	16	186	251	148	14	151	215	
32	172	130	137	212	163	170	70	22	3	120	2	8	138	96	0	121	42	2	144	18	190	0	230	12	4	146	64	213	74	112	136	
90	87	122	230	102	88	127	16	169	76	190	175	47	31	191	242	166	145	149	231	201	34	52	224	178	249	42	139	47	215	45	117	
56	1	98	236	85	19	90	112	5	160	253	11	75	75	51	148	120	172	151	232	140	178	0	140	82	253	129	129	119	175	120	130	
43	151	104	235	245	215	255	127	79	77	92	167	189	93	190	164	222	27	151	149	215	184	112	221	111	93	170	195	31	142	253	255	
11	221	115	239	117	151	254	245	13	72	222	227	253	31	182	100	254	187	151	229	214	184	97	253	231	253	170	194	23	142	245	255	
155	217	118	253	61	150	252	119	141	72	214	227	189	159	182	97	238	179	191	197	228	139	34	253	243	251	250	138	23	156	245	255	
27	50	123	169	47	85	185	86	173	76	188	231	188	30	246	166	238	153	223	133	199	11	240	192	215	217	186	187	15	140	47	255	
1	130	68	185	108	137	104	17	140	17	82	198	169	8	208	73	74	168	62	153	2	188	71	213	132	144	186	64	20	136	113	136	
43	149	112	235	245	151	254	127	15	73	125	163	189	93	190	100	254	155	151	181	214	184	105	221	239	221	174	194	87	142	245	255	
154	219	110	188	34	144	191	247	149	14	214	231	45	174	178	193	110	227	191	199	236	139	6	237	242	99	254	137	63	148	189	93	
155	94	111	188	35	208	191	118	141	78	214	231	57	158	183	229	238	243	159	197	237	143	54	239	242	123	250	139	63	148	61	127	
155	91	110	252	35	214	189	118	189	78	214	167	189	159	183	227	230	243	189	197	237	141	50	237	243	251	234	131	63	180	45	127	
34	159	18	222	117	145	246	103	93	12	250	103	104	248	38	192	248	187	167	129	80	187	2	239	54	54	130	139	93	10	252	159	
43	221	106	216	253	213	253	247	223	77	92	167	40	156	182	164	238	187	151	149	215	43	54	245	127	89	190	235	95	140	253	255	
11	149	99	202	247	214	250	119	61	65	94	135	40	238	190	228	118	171	151	141	215	152	52	255	63	124	154	195	183	134	249	253	
6	73	2	158	4	131	170	64	148	128	81	2	96	202	49	64	120	40	2	195	64	178	10	202	16	36	138	136	21	59	48	128	
11	159	107	171	182	215	187	247	13	77	94	231	189	46	182	196	54	43	151	213	215	152	52	255	110	93	46	194	31	142	189	223	
11	151	104	201	247	247	251	255	15	77	92	167	168	188	182	164	255	155	151	149	151	184	124	213	111	93	186	231	151	142	253	255	
131	223	123	221	118	193	191	246	159	68	80	231	60	158	182	33	254	59	151	199	231	185	38	255	118	30	190	138	29	156	165	255	
189	68	107	109	116	50	111	252	113	66	118	214	89	109	187	97	126	204	23	238	233	180	37	142	114	235	230	132	103	249	112	113	
153	213	106	229	182	27	255	119	85	202	126	178	59	45	178	32	126	154	151	173	248	184	37	142	242	205	164	128	103	140	240	249	
187	93	104	237	54	26	95	183	85	98	126	162	59	61	179	97	126	156	149	234	232	188	101	142	246	237	166	132	55	252	80	121	
2	179	29	185	238	161	184	83	14	25	80	244	156	158	224	73	199	27	23	17	147	88	67	208	12	16	58	230	156	128	129	177	
43	223	98	216	125	213	221	119	207	77	220	167	40	156	182	164	206	187	151	197	247	43	54	253	115	89	154	235	87	140	252	223	
66	248	179	220	77	204	184	71	173	27	80	64	172	158	36	71	196	59	27	129	66	110	146	193	5	48	90	42	16	0	37	142	
179	74	70	156	77	23	142	108	217	194	208	207	104	200	55	167	204	236	146	231	237	231	84	237	144	114	203	58	95	61	120	156	
130	136	130	153	20	163	170	71	22	3	82	18	8	202	48	72	121	43	19	145	18	156	1	218	12	6	154	192	149	8	49	136	
130	193	116	223	124	129	252	173	141	17	209	18	236	74	60	65	238	131	31	161	242	40	75	221	180	186	222	216	21	8	241	9	
0	12	130	152	148	163	170	71	22	3	90	18	32	202	32	64	121	42	2	144	18	188	0	254	40	6	154	64	148	74	176	136	
10	165	120	187	253	217	253	255	95	117	252	30	191	202	126	128	251	139	151	9	87	58	122	215	255	221	186	249	95	12	253	217	
43	181	120	250	252	141	253	127	95	29	252	58	188	221	62	160	255	155	151	129	243	42	66	213	182	221	154	250	95	140	249	137	
0	44	130	137	148	163	162	71	22	3	120	2	32	202	48	0	121	42	2	17	18	190	0	206	40	4	146	64	149	74	176	136	
146	135	118	251	181	198	253	117	141	13	242	210	237	47	52	193	238	179	31	225	249	171	81	253	187	248	138	195	63	140	225	11	
22	7	10	171	150	162	170	109	12	5	219	199	229	232	58	64	248	43	3	181	22	152	13	141	172	36	138	193	149	10	185	128	
34	184	224	155	253	205	188	239	30	115	112	153	172	188	92	8	223	27	147	17	178	126	218	247	45	22	30	235	213	12	215	218	
83	77	103	172	22	18	111	112	37	192	254	194	91	110	179	116	126	229	125	239	233	147	37	236	176	239	174	128	37	182	34	116	
2	176	148	153	121	141	184	75	190	57	81	48	140	158	64	73	135	27	123	16	18	120	194	213	13	18	90	238	144	0	1	131	
120	0	102	108	4	26	74	120	101	160	247	2	91	75	177	113	120	164	125	234	200	183	37	140	210	233	226	20	103	170	114	0	
34	248	168	155	253	205	188	207	30	27	80	50	172	252	52	0	223	59	147	129	178	58	83	247	45	22	158	234	149	92	149	155	
2	176	144	153	125	205	184	67	158	25	80	19	172	158	100	72	207	57	187	17	18	94	210	213	5	22	26	235	144	8	37	155	
57	64	106	237	20	18	107	120	69	192	246	2	91	9	177	96	122	132	31	234	201	179	37	140	210	233	162	132	119	170	112	32	
27	77	110	204	20	146	239	112	229	128	222	2	121	235	180	96	122	230	63	235	200	179	44	253	242	175	171	128	55	186	112	40	
1	33	87	77	116	155	232	83	109	64	114	70	187	8	148	164	126	40	22	172	145	184	101	204	6	184	34	0	111	136	243	173	
18	96	18	168	75	193	24	76	175	4	176	171	44	158	38	16	238	185	207	192	74	11	130	213	147	240	26	187	49	20	39	219	
32	200	2	158	28	129	142	230	148	0	80	2	32	202	49	64	72	106	19	195	66	174	2	191	32	38	154	8	21	24	48	136	
34	136	224	155	220	129	168	206	30	113	88	2	168	232	60	64	89	235	51	129	130	186	79	245	28	30	158	236	21	14	240	136	
34	140	0	155	220	131	174	239	22	35	88	2	224	232	56	64	89	74	51	129	50	186	75	255	60	6	159	236	149	72	176	136	
51	3	70	141	92	147	234	121	68	224	218	199	97	200	183	192	124	172	63	237	220	178	69	157	20	40	171	128	125	174	120	148	
2	133	2	137	148	163	170	107	4	1	90	2	72	106	56	64	121	43	19	177	18	152	1	223	40	38	138	192	148	74	177	128	
18	77	6	158	28	131	174	108	180	2	218	2	96	234	48	64	120	230	59	227	120	187	27	255	176	38	203	0	21	58	48	8	
34	184	242	82	251	221	248	222	251	185	116	26	12	223	108	16	191	255	215	16	146	123	186	243	31	158	23	110	195	0	227	139	
2	133	34	137	148	163	170	99	70	33	88	2	8	40	52	64	120	10	19	177	146	184	65	221	44	12	138	196	213	74	240	128	
18	72	98	156	70	128	174	102	133	128	210	130	44	206	53	64	110	243	23	195	200	139	6	237	48	40	154	136	5	53	49	152	
1	201	119	91	117	221	165	183	255	72	118	64	184	156	180	228	74	58	2	72	195	188	54	253	37	58	22	2	86	152	245	237	
24	109	250	101	118	10	127	112	117	160	126	2	93	235	161	48	126	253	119	234	224	242	165	78	118	239	39	128	103	242	99	161	
86	152	182	190	223	192	184	207	191	149	194	179	236	254	98	74	227	247	251	145	18	75	154	226	155	118	223	235	128	116	165	90	
51	195	46	173	76	135	236	119	132	108	222	199	161	136	50	64	236	175	191	205	222	155	87	213	246	97	190	152	28	28	184	220	
163	223	14	191	220	183	238	254	22	127	222	215	225	232	58	65	221	110	59	207	254	219	95	191	252	111	255	212	29	127	248	222	
2	174	38	159	223	241	188	231	158	23	80	179	236	236	54	9	235	107	195	135	102	239	10	255	45	18	223	171	213	92	189	206	
210	239	238	190	250	160	63	238	183	14	218	243	105	231	171	82	127	255	239	195	122	207	206	255	244	103	254	137	53	245	165	105	
133	253	103	83	213	255	166	236	126	251	123	82	248	248	157	165	249	106	250	123	247	248	127	255	46	94	7	70	207	95	217	132	
70	28	182	158	139	224	188	239	158	151	194	179	236	254	35	74	235	119	251	129	48	201	154	243	153	54	223	11	144	125	165	90	
53	197	97	205	220	19	239	252	87	226	216	198	81	108	189	228	125	204	22	255	237	178	109	159	60	46	175	196	63	251	112	244	
53	197	105	201	212	3	207	252	87	224	254	66	83	105	189	100	89	204	22	254	233	178	109	158	124	142	167	196	245	251	80	224	
238	191	112	242	247	244	158	181	139	77	29	47	204	252	255	52	135	251	149	83	182	43	168	247	42	93	13	255	150	223	135	87	
35	181	114	73	245	181	186	83	79	73	124	35	8	156	246	36	158	59	147	157	150	186	36	213	47	28	142	226	215	142	243	247	
40	141	130	218	181	215	246	231	151	9	222	34	226	251	160	100	217	234	23	24	58	187	10	255	171	246	150	75	146	26	252	175	
155	220	86	255	118	147	191	246	157	0	86	230	61	223	176	228	126	59	151	207	227	157	36	255	118	79	186	128	63	156	41	185	
26	88	114	252	2	144	190	118	173	192	214	163	45	159	181	96	102	241	149	197	192	139	38	232	178	233	154	138	39	181	33	93	
138	222	115	255	118	129	191	246	157	64	80	231	61	222	183	128	126	251	151	199	227	191	6	255	116	71	170	130	63	159	37	249	
27	58	121	233	47	220	185	82	173	93	180	167	189	30	214	175	238	179	223	133	135	9	116	225	215	217	170	155	47	140	45	255	
34	159	122	218	244	177	242	111	93	13	248	103	104	232	190	64	254	187	135	129	150	186	2	255	54	62	138	203	93	10	252	159	
139	90	118	253	102	144	255	118	157	138	86	226	189	191	181	225	238	251	191	207	225	189	6	239	118	123	250	138	63	188	41	169	
106	30	118	136	127	212	153	80	137	92	180	173	12	222	246	135	206	49	221	133	164	3	34	208	114	89	234	187	95	132	47	87	
50	151	83	137	247	231	234	251	95	77	248	103	8	236	54	196	251	171	151	145	159	187	72	223	62	28	138	194	223	78	253	151	
51	75	67	140	86	130	238	244	68	64	80	230	33	202	181	228	126	232	23	239	197	154	4	253	48	40	170	128	63	191	112	157	
187	151	108	248	189	213	221	119	207	93	220	183	185	157	182	165	238	155	151	133	255	43	54	213	123	89	186	251	95	140	253	255	
178	133	112	225	246	40	250	103	41	33	248	154	143	46	84	80	238	155	151	145	154	58	196	230	190	220	154	226	53	207	195	153	
155	217	118	252	60	149	220	247	141	88	244	243	173	159	180	101	238	179	159	197	238	47	99	253	178	251	218	218	23	140	241	95	
255	221	226	78	151	119	95	252	19	198	141	143	107	101	63	244	89	226	149	238	108	3	60	191	123	79	141	191	183	255	252	94	
143	76	102	222	101	114	237	97	221	198	215	150	104	236	183	239	110	228	186	175	229	231	38	234	18	123	218	131	7	253	120	244	
154	221	112	231	182	27	254	55	21	66	126	178	59	61	150	97	191	211	149	174	232	188	37	239	226	223	182	128	103	220	240	91	
223	28	182	247	47	62	189	146	189	191	151	50	204	255	43	207	231	117	253	131	164	197	187	226	195	243	219	151	130	117	41	83	
43	133	112	235	244	147	254	189	13	65	253	130	249	95	188	100	254	155	151	237	218	186	109	221	238	253	170	192	55	142	240	249	
8	218	155	187	114	229	176	87	62	27	81	96	188	215	40	72	247	59	163	1	2	156	10	115	197	167	58	139	16	66	165	155	
239	221	98	90	241	244	222	247	17	79	93	148	104	255	190	252	223	251	151	142	255	14	60	255	51	126	158	203	159	215	172	125	
11	183	104	235	183	215	251	253	15	77	221	167	249	92	190	164	223	155	151	189	215	168	125	221	107	93	174	199	183	142	253	255	
50	150	104	187	54	179	184	89	94	77	93	247	229	108	190	9	223	11	135	181	182	178	79	159	74	71	186	227	221	78	61	223	
234	221	96	202	253	244	222	183	137	75	125	17	40	159	54	244	205	147	151	142	254	15	58	247	51	124	154	203	23	215	252	95	
155	217	111	222	61	212	221	246	221	88	212	247	40	189	182	103	238	243	159	197	237	239	54	237	243	123	254	155	31	156	117	255	
136	207	118	189	61	217	253	246	221	84	244	22	173	203	54	195	238	171	159	201	226	239	114	255	246	251	250	137	22	156	173	249	
130	178	29	187	232	133	184	69	62	25	81	245	188	134	104	73	135	27	131	149	19	92	10	117	12	16	122	232	152	0	129	145	
167	4	111	93	86	103	235	120	84	68	103	146	81	77	63	109	120	8	19	174	161	182	61	95	71	42	129	68	117	171	112	240	
119	255	56	162	239	29	158	248	201	252	157	111	76	124	95	38	167	87	221	119	213	35	184	224	186	89	15	191	77	127	139	215	
218	95	46	188	43	82	29	55	148	78	214	167	237	47	162	195	230	183	173	167	236	137	49	141	242	227	238	147	62	116	189	91	
143	68	119	213	199	118	173	210	21	194	102	130	89	55	53	237	127	252	147	174	161	244	53	206	39	43	199	4	175	253	96	176	
0	77	2	158	84	163	170	230	20	0	88	2	40	232	49	64	120	107	2	193	2	186	0	255	32	36	138	8	149	91	48	136	
171	217	108	222	125	213	217	253	223	93	212	183	40	220	190	228	204	170	151	205	239	42	118	245	107	121	186	219	95	140	252	255	
155	219	111	255	47	214	191	181	141	92	214	167	253	31	182	103	230	243	189	231	237	137	55	253	243	251	238	195	55	148	189	127	
4	73	2	158	28	131	170	96	148	128	89	2	96	202	49	64	120	40	19	195	64	178	10	238	48	36	138	8	21	59	48	128	
32	223	146	154	244	131	182	247	159	5	88	231	238	253	32	192	223	123	134	80	86	187	74	191	170	246	7	75	94	26	189	155	
0	205	2	140	148	131	174	231	6	0	88	2	32	232	33	64	104	106	2	192	66	170	0	255	32	36	142	8	21	90	176	136	
0	205	2	156	148	130	174	231	4	1	90	2	32	234	33	64	104	107	2	192	66	152	0	255	32	36	142	0	21	90	176	136	
32	223	18	218	180	147	54	247	223	13	92	38	174	248	164	64	223	122	134	80	118	170	72	255	174	54	6	75	22	138	252	143	
25	159	82	255	182	147	110	119	21	128	94	230	239	243	160	228	126	122	150	8	121	184	66	255	162	247	134	130	62	202	185	185	
24	159	83	191	182	139	191	119	30	68	88	231	255	229	160	196	126	123	151	77	83	186	72	191	228	230	42	136	119	206	165	249	
120	32	98	236	76	10	72	88	65	160	246	10	67	9	149	82	120	140	110	168	136	179	193	136	146	233	193	16	103	168	114	0	
57	0	106	237	4	18	105	80	101	192	247	2	91	9	179	96	122	132	31	234	137	179	37	140	210	233	162	132	103	170	112	32	
2	176	20	153	109	141	184	66	142	25	113	48	140	158	96	72	198	25	179	17	18	92	194	209	5	16	26	234	144	8	33	147	
61	72	99	206	84	130	235	112	68	192	215	198	113	77	177	100	126	232	23	239	201	179	36	140	112	40	163	128	63	187	112	240	
35	159	122	154	246	163	186	235	95	69	120	231	120	236	54	64	254	187	147	149	151	186	8	255	62	61	170	202	221	138	248	211	
136	209	58	248	241	196	61	247	190	89	84	17	60	159	32	80	230	59	151	16	82	156	18	245	239	213	62	201	144	0	165	251	
33	1	119	73	116	138	233	23	125	65	114	64	145	3	148	164	42	46	6	8	209	184	101	92	4	184	50	192	71	136	227	173	
27	94	114	222	118	146	190	118	189	198	86	166	45	235	179	100	126	251	191	207	228	157	38	239	118	255	218	131	63	253	41	221	
34	72	2	158	76	128	170	228	148	0	208	2	40	202	49	65	104	106	19	195	66	175	2	253	48	32	154	136	21	31	48	136	
114	15	66	142	26	227	154	104	21	4	217	235	97	206	183	196	122	185	143	227	44	131	4	223	144	36	171	185	53	175	60	85	
130	133	34	137	148	163	170	75	84	1	90	18	8	168	48	64	121	10	19	177	178	184	1	223	44	6	138	196	149	72	176	128	
128	200	115	95	116	205	239	246	255	29	116	0	184	215	180	100	194	56	34	72	227	188	50	253	37	62	18	2	82	152	229	173	
50	149	91	236	211	195	31	111	5	64	253	162	95	119	40	112	126	187	151	160	89	139	36	221	243	229	138	203	117	130	166	179	
163	181	112	73	246	179	186	71	95	65	124	179	136	156	244	32	191	27	147	149	182	184	36	223	46	28	138	226	215	204	211	221	
43	195	44	173	76	133	236	119	4	97	214	199	165	136	50	64	200	46	59	205	222	154	87	149	244	121	158	200	28	28	248	222	
2	142	166	159	207	243	188	239	158	23	80	183	236	236	54	9	235	107	227	135	54	233	10	255	13	22	223	139	213	124	189	206	
214	175	238	190	248	162	47	255	183	14	222	247	233	231	179	65	127	239	239	135	122	207	235	255	252	103	255	137	181	245	180	248	
175	173	165	155	221	255	166	236	94	243	219	94	248	248	223	160	249	239	122	87	247	250	95	255	62	95	159	102	221	95	249	140	
181	77	99	205	212	11	239	253	87	226	254	66	83	105	181	100	123	236	22	238	233	176	109	158	124	142	167	132	117	250	208	224	
70	152	178	158	203	224	188	207	159	135	194	179	236	254	98	72	251	255	187	145	18	75	154	243	157	54	223	107	144	124	165	90	
34	183	98	200	247	183	250	91	95	77	124	103	8	216	246	164	255	187	151	145	151	186	44	223	62	92	138	227	191	206	252	151	
24	109	122	229	214	130	255	119	117	128	126	2	89	235	176	64	62	253	23	234	192	178	36	206	118	239	39	128	103	242	227	161	
34	248	114	82	195	221	184	215	235	153	120	2	40	223	100	16	255	251	147	144	146	251	186	241	31	28	23	235	195	2	231	155	
32	173	2	155	212	131	170	239	30	33	88	2	224	232	56	64	89	42	51	145	18	186	75	247	44	22	159	100	149	10	176	136	
18	13	2	156	157	199	174	110	148	2	202	2	96	234	32	64	120	238	59	226	72	187	19	255	177	166	139	9	21	56	48	8	
82	13	98	172	212	130	238	102	29	0	218	2	45	170	48	64	122	239	63	225	216	155	17	254	181	230	138	136	53	44	177	200	
2	249	153	155	254	141	189	207	30	9	88	98	180	222	48	64	255	59	19	145	18	186	67	247	109	54	190	234	148	24	177	139	
120	77	110	204	28	147	238	122	197	128	222	2	123	235	180	97	120	228	63	234	232	171	36	237	242	235	163	128	55	186	112	8	
91	77	110	236	22	18	111	112	229	192	254	130	123	110	183	117	126	229	125	235	233	147	37	236	242	233	175	128	37	179	98	100	
34	177	184	155	252	205	188	207	30	57	120	25	180	188	92	8	207	27	51	17	146	122	219	245	13	30	31	239	212	8	215	219	
35	151	115	200	244	191	250	219	31	77	124	231	40	204	182	196	255	187	151	149	151	186	40	223	62	28	139	238	223	206	248	213	
47	156	228	95	249	245	127	191	31	223	92	151	104	245	254	239	213	122	179	30	183	88	127	247	47	94	221	235	150	253	156	255	
202	216	126	252	45	221	189	119	157	94	150	55	172	158	54	235	238	179	255	1	227	109	115	247	243	251	250	155	30	156	189	95	
218	222	54	252	45	213	156	247	157	90	148	55	172	158	54	239	239	179	255	129	238	109	50	247	179	123	218	155	22	156	189	95	
63	151	121	235	247	83	255	57	13	76	255	230	217	95	188	96	126	155	23	239	223	176	125	221	239	253	171	196	63	142	220	241	
39	183	73	169	252	191	202	251	78	121	61	111	211	104	190	128	221	10	22	61	183	58	93	31	46	93	173	244	93	138	88	213	
167	207	125	218	236	160	222	180	137	26	189	232	124	127	189	103	207	83	31	234	243	7	106	255	34	56	230	222	20	251	193	45	
174	132	116	209	229	123	124	143	93	51	126	18	8	57	60	173	251	154	151	56	54	124	17	246	63	94	212	103	183	220	216	38	
14	112	183	210	203	36	191	216	138	27	113	114	92	223	109	170	253	89	55	210	131	118	154	224	85	138	239	172	137	115	33	179	
171	216	109	251	61	213	217	188	223	92	148	55	233	92	190	111	204	19	223	199	239	111	127	189	99	123	250	219	31	13	92	255	
91	12	134	158	13	180	142	32	205	194	207	6	232	232	55	230	224	103	184	199	197	137	63	233	147	127	218	27	27	103	57	12	
63	90	135	172	13	54	138	66	196	194	192	71	171	168	51	203	204	229	187	199	205	231	86	168	145	115	218	24	25	127	56	220	
14	210	145	187	105	133	186	216	142	27	81	69	252	199	104	200	213	27	179	215	19	16	26	177	141	213	123	236	24	23	169	147	
186	145	124	251	188	221	221	253	95	125	181	55	191	125	62	161	206	155	223	33	251	107	123	213	238	217	254	247	95	140	221	219	
163	50	226	153	111	145	184	82	27	95	84	247	8	140	246	141	239	153	151	149	135	86	166	208	22	81	218	171	159	140	61	213	
9	82	46	156	109	213	177	88	198	254	86	100	144	148	163	106	196	56	174	69	133	7	35	16	69	35	251	140	26	45	61	255	
25	15	82	223	180	146	110	119	85	140	94	38	235	227	162	228	122	106	6	136	236	154	36	255	170	254	134	131	62	232	232	141	
174	253	116	242	247	157	222	180	27	219	52	189	125	127	255	49	151	123	149	117	182	124	40	255	106	223	45	230	151	148	199	211	
26	156	228	255	53	182	94	182	25	75	95	178	235	125	158	109	23	243	181	142	168	216	45	239	226	255	244	130	167	245	84	125	
27	76	98	190	87	151	190	240	157	74	86	135	45	207	55	228	126	251	151	207	225	157	54	255	55	127	138	128	63	157	57	253	
90	88	167	220	45	244	92	214	157	94	150	167	172	254	55	111	239	243	253	131	236	79	178	224	211	123	218	155	22	117	61	95	
158	242	233	171	110	3	187	216	22	126	145	255	213	77	219	8	63	217	87	247	131	38	111	114	68	1	235	252	253	187	53	241	
181	114	233	229	238	83	207	152	82	248	149	238	81	92	223	42	126	204	55	255	137	118	237	136	126	9	231	180	253	251	82	241	
15	18	238	197	102	18	190	80	93	198	87	231	72	236	191	236	126	237	183	231	133	179	37	202	22	127	203	135	175	255	121	213	
31	150	109	171	62	103	155	56	22	125	157	247	221	109	154	33	95	153	159	191	191	128	125	157	202	79	171	212	191	207	149	241	
134	179	242	155	234	129	190	216	30	89	80	231	76	222	233	72	247	89	183	211	211	80	10	241	28	0	111	238	156	151	161	209	
11	18	109	229	53	86	121	16	25	108	86	231	217	15	150	228	22	93	149	173	161	144	53	142	70	255	232	128	46	132	84	117	
32	205	2	140	148	131	174	231	6	0	88	2	32	202	48	64	72	42	19	193	82	168	0	253	40	36	142	8	21	24	176	136	
138	220	52	255	45	253	152	190	159	95	148	55	236	94	46	79	207	115	255	3	230	77	123	243	195	251	90	155	22	77	13	223	
253	151	109	235	188	51	91	185	69	125	189	246	219	125	154	97	95	148	159	254	191	34	109	159	254	251	167	212	255	175	244	113	
2	177	57	145	236	237	188	207	46	57	120	89	188	190	92	0	207	27	115	17	146	56	210	243	109	28	63	238	213	72	199	219	
120	0	98	236	68	10	72	88	97	160	246	10	11	9	53	80	120	140	119	168	136	183	133	136	146	233	130	16	103	168	114	0	
57	0	106	237	68	26	105	80	101	128	246	2	27	9	181	112	122	132	31	168	136	179	37	140	210	233	162	132	103	170	112	32	
2	48	20	153	109	141	184	66	142	25	112	48	140	158	96	73	198	25	179	17	18	28	66	209	5	16	26	234	144	8	1	131	
219	77	110	236	22	18	111	116	101	192	254	2	123	171	177	113	126	229	125	234	233	187	37	236	242	233	238	128	39	178	98	104	
9	129	119	73	228	154	237	55	108	65	118	82	153	0	148	228	10	42	22	12	209	184	101	213	36	184	50	192	79	136	225	237	
82	115	18	168	75	193	28	77	173	12	176	171	44	158	36	80	238	185	207	192	74	11	130	221	179	208	138	187	17	22	167	219	
162	200	2	158	76	129	142	236	150	0	81	2	96	200	57	65	88	106	19	195	66	39	10	253	16	32	202	136	21	59	48	136	
50	7	98	136	20	35	200	123	21	4	219	231	67	8	183	196	124	172	7	173	188	147	5	206	144	36	170	208	53	140	124	196	
8	135	107	233	244	243	249	127	20	13	94	179	25	47	180	96	127	154	151	152	146	184	37	215	110	109	178	197	183	140	244	249	
2	185	25	139	244	141	175	207	30	41	88	98	180	158	120	64	255	27	19	145	83	58	75	247	109	20	190	224	156	10	145	169	
130	132	2	153	148	163	168	107	20	3	90	18	8	40	48	65	121	10	19	177	50	188	1	223	44	6	154	196	149	72	49	128	
216	77	102	236	28	130	238	116	229	128	222	2	121	171	181	65	106	228	63	235	232	187	1	237	242	235	226	128	39	186	112	8	
9	201	119	89	37	221	165	166	254	28	114	96	168	156	180	228	202	58	38	73	195	188	54	245	37	120	18	2	86	28	197	237	
58	149	83	236	211	195	31	111	5	64	249	162	75	119	168	116	126	187	151	160	89	155	36	221	242	228	138	203	55	134	166	178	
18	13	2	156	213	199	238	103	151	4	202	2	40	186	32	64	120	238	59	192	88	187	16	255	177	166	154	1	17	56	180	138	
32	233	2	139	212	139	170	199	30	33	88	2	160	200	112	64	89	42	51	209	18	186	72	191	44	20	143	104	21	10	240	136	
150	174	171	191	216	166	47	249	54	174	211	215	233	231	59	81	125	255	239	134	120	219	235	255	252	231	239	133	181	245	165	240	
133	188	174	191	221	191	182	232	222	243	218	87	250	248	127	225	249	239	122	23	247	243	95	255	60	95	207	103	221	125	249	132	
53	77	107	197	212	139	239	118	84	226	254	66	115	233	181	100	122	236	22	234	233	177	45	190	126	143	167	0	117	248	240	232	
66	184	178	158	223	192	186	207	159	133	88	163	172	254	96	72	251	251	179	145	18	91	154	241	29	54	159	235	144	30	165	218	
24	237	122	229	86	134	255	246	117	128	254	2	57	235	176	64	126	236	23	232	248	187	52	206	115	239	167	0	103	240	227	168	
34	249	178	202	245	133	186	196	239	137	120	2	172	216	100	0	252	59	147	209	146	186	154	245	63	28	15	106	209	10	227	139	
12	75	198	147	167	248	231	148	100	87	119	182	169	192	219	238	104	74	162	74	6	244	255	160	70	193	242	9	231	223	252	244	
43	156	122	170	246	163	187	211	95	69	120	231	57	204	182	32	255	171	151	149	151	186	44	255	126	29	171	232	221	206	248	209	
74	218	182	220	109	221	189	183	159	95	150	63	172	190	54	111	231	179	255	129	198	111	114	241	215	123	218	155	22	92	173	95	
13	105	134	179	229	249	239	192	238	21	77	130	205	194	251	239	98	106	130	223	87	80	174	160	236	81	142	105	134	223	157	196	
19	76	114	220	87	214	254	230	157	78	86	135	44	238	55	96	238	251	183	207	230	155	50	255	55	126	138	137	31	189	37	222	
2	141	2	140	148	130	174	231	4	0	90	2	32	162	32	64	104	42	19	192	82	152	0	253	40	36	142	128	21	24	176	136	
174	6	246	84	237	58	244	67	221	159	55	50	72	249	255	175	233	114	239	48	180	229	34	194	15	91	213	135	199	253	252	135	
63	12	99	142	87	210	191	64	93	206	215	131	89	236	183	100	126	169	151	231	165	179	36	202	118	111	171	129	119	255	121	213	
189	114	233	227	36	71	203	152	86	234	149	230	209	77	219	40	95	204	23	255	137	214	109	186	204	207	175	244	175	191	80	241	
159	122	97	163	46	3	143	152	22	234	145	239	217	77	217	140	95	205	31	255	233	86	109	186	228	73	175	180	63	191	17	241	
231	205	245	94	190	32	222	172	219	130	152	248	236	250	253	247	215	243	125	227	252	103	206	239	56	62	239	158	148	243	161	37	
2	141	2	140	148	130	174	103	36	1	90	2	40	162	32	64	106	43	2	208	82	152	0	255	40	36	142	192	20	0	177	136	
198	205	217	158	238	32	174	164	216	18	153	154	236	104	221	226	115	195	106	75	113	39	206	227	60	62	79	24	197	123	251	36	
237	115	233	229	228	11	239	152	80	232	215	238	83	77	223	35	94	204	55	239	201	246	237	136	118	137	231	180	109	187	82	241	
43	22	104	193	117	22	255	48	25	76	126	167	25	63	150	180	254	153	151	173	141	176	101	206	118	93	170	130	39	174	116	245	
74	176	166	180	141	244	152	71	187	255	135	31	140	190	110	206	229	151	251	145	22	79	178	194	155	118	222	251	130	68	189	86	
7	222	105	137	50	35	187	158	30	233	90	231	221	14	147	96	95	93	151	245	131	144	109	222	44	20	175	198	188	191	33	241	
59	24	164	127	23	247	17	18	87	109	215	55	10	29	167	108	236	188	181	17	140	216	117	152	195	251	240	131	243	13	92	87	
159	90	226	158	71	182	190	80	157	206	86	135	109	238	55	236	126	249	183	199	165	147	54	234	23	119	138	139	63	255	61	245	
214	93	98	254	202	176	222	212	161	194	217	163	105	238	189	96	126	243	151	231	232	131	46	235	50	104	142	138	55	247	33	93	
2	212	112	248	54	147	152	254	155	202	48	187	76	254	189	33	151	81	149	49	162	111	40	223	170	222	63	254	215	164	67	223	
14	140	228	255	117	178	120	176	27	83	118	130	105	127	156	239	183	251	181	140	170	240	111	253	14	254	209	130	167	237	80	93	
74	216	182	252	45	244	157	247	143	95	156	47	172	190	54	239	239	179	255	129	198	79	178	241	211	123	222	155	22	92	173	95	
63	151	121	233	182	95	255	185	77	108	127	230	91	95	158	224	126	157	151	238	221	176	109	221	254	221	171	196	127	143	220	241	
122	25	162	188	173	244	92	198	139	95	156	175	46	191	119	222	238	243	253	133	142	75	178	225	147	119	222	187	151	125	60	95	
3	122	225	129	116	11	187	150	30	234	82	231	157	12	215	0	95	109	151	149	197	148	101	222	44	20	175	164	140	188	17	221	
2	140	18	157	22	162	184	103	60	3	90	2	44	170	32	64	103	43	19	128	18	152	0	255	36	38	154	192	20	64	161	136	
130	140	18	157	22	162	40	39	60	3	90	18	172	34	32	64	99	47	19	128	32	156	1	223	4	38	154	128	148	64	33	137	
52	9	66	138	92	129	194	232	135	0	249	10	98	200	53	0	88	168	6	99	10	35	10	253	48	12	131	104	117	171	114	128	
2	48	16	153	107	205	184	64	142	25	80	51	140	158	96	73	238	25	179	17	2	92	18	209	5	16	26	235	144	8	5	147	
57	0	106	236	68	18	107	88	101	64	247	2	91	9	177	116	122	132	23	170	136	179	37	140	82	233	162	132	103	170	112	32	
9	129	119	89	228	152	237	55	109	65	118	80	155	0	148	228	42	42	6	8	211	184	101	213	6	249	50	192	103	140	233	173	
114	83	18	168	43	193	30	69	141	12	144	175	44	142	38	80	238	153	207	226	74	11	0	213	177	208	138	187	16	22	167	219	
38	201	15	158	76	128	142	236	134	0	209	66	112	202	57	64	88	234	2	195	66	3	10	253	48	32	138	152	21	59	176	136	
59	196	96	204	28	19	206	249	87	98	212	131	97	236	191	100	93	196	23	237	236	3	44	159	50	111	207	188	55	188	112	92	
178	7	67	141	212	2	201	115	20	69	219	247	3	12	178	65	126	142	143	173	252	155	5	206	144	36	170	192	61	140	248	212	
0	90	62	94	118	132	179	208	252	12	116	98	60	217	167	100	230	120	38	74	130	165	34	127	82	62	50	138	86	131	101	171	
139	218	114	89	117	181	187	218	95	11	116	52	40	217	182	164	253	40	130	28	163	188	42	255	15	95	18	195	219	133	105	173	
7	188	244	219	244	179	184	235	94	91	80	179	236	124	190	41	159	59	147	149	182	248	47	255	14	30	223	198	213	76	145	221	
2	171	164	154	237	225	188	207	159	53	216	171	172	236	102	72	203	123	251	145	22	90	202	241	157	22	223	251	212	92	181	222	
46	175	227	222	219	131	191	248	151	63	212	227	104	231	40	221	125	255	167	196	58	91	234	253	125	54	223	175	183	245	182	228	
5	188	255	95	246	251	166	234	126	226	90	98	248	248	189	224	251	111	190	35	229	240	47	255	62	127	39	135	205	127	121	133	
98	185	146	154	223	193	186	207	143	69	200	43	44	254	100	64	254	251	179	209	82	26	218	241	61	52	143	107	144	30	167	218	
17	77	111	197	214	143	239	247	116	224	126	2	115	41	181	100	122	236	26	172	225	185	53	206	117	175	167	0	37	248	112	232	
56	77	106	124	212	223	103	247	244	130	238	2	115	249	49	112	120	238	2	232	104	187	48	63	243	239	5	1	99	248	242	170	
56	237	106	237	85	198	111	119	117	128	254	2	57	171	48	64	120	175	2	136	104	187	48	206	243	239	150	1	99	216	96	170	
18	205	2	158	149	194	230	103	181	0	202	2	40	186	32	192	248	174	139	129	72	155	16	255	177	244	158	3	17	10	188	138	
1	167	17	169	244	139	174	255	30	41	88	74	180	194	248	64	127	11	18	153	83	186	73	215	124	4	190	236	221	10	145	168	
0	181	187	177	244	173	173	223	62	41	120	120	156	188	92	0	191	27	19	17	147	56	210	211	109	28	63	236	220	72	195	185	
126	23	229	197	254	2	159	186	16	170	154	238	89	109	149	162	127	215	253	231	233	179	205	206	124	46	173	148	109	254	80	49	
75	233	164	146	205	245	188	207	203	127	156	27	172	190	86	238	161	71	251	149	150	75	174	241	31	94	223	255	134	68	157	79	
189	122	233	229	38	11	239	152	85	226	86	230	83	13	211	40	126	204	23	254	201	244	237	138	246	201	165	180	111	187	80	241	
191	123	97	229	164	11	239	184	17	234	214	238	211	5	209	165	126	204	87	239	233	244	237	138	228	201	239	180	47	255	82	241	
78	176	166	144	173	240	156	199	139	127	156	59	140	252	126	206	201	23	255	145	22	75	162	192	155	119	223	255	134	68	189	87	
70	48	191	222	237	228	57	3	171	223	217	29	188	254	103	90	199	55	127	17	22	79	242	192	159	54	94	251	128	65	165	87	
78	22	246	80	237	176	180	7	223	159	183	55	200	232	254	143	207	119	235	17	182	109	162	192	14	91	215	223	199	108	253	71	
125	148	109	235	124	51	91	184	87	116	255	238	91	109	159	113	95	196	63	254	185	50	109	188	94	203	225	212	255	175	112	113	
194	156	188	252	45	125	184	170	159	95	146	23	236	254	111	75	231	83	255	1	166	69	123	241	147	114	90	155	144	77	5	95	
30	67	242	91	182	24	126	216	127	76	119	231	203	206	255	76	119	73	166	118	134	160	47	224	170	95	39	199	246	255	237	85	
62	91	226	123	167	245	54	212	87	109	95	167	42	156	231	108	238	90	183	83	142	148	111	160	119	121	176	131	183	223	244	95	
203	200	228	211	79	144	250	148	199	113	118	18	40	137	214	230	111	196	187	218	198	60	175	241	14	124	148	195	55	156	120	140	
122	185	242	252	109	244	89	214	139	93	220	175	46	191	118	246	238	251	191	129	142	11	178	241	211	125	154	187	151	92	60	95	
63	155	121	225	182	223	255	176	77	108	126	230	91	95	150	228	126	245	151	238	221	176	109	220	254	249	175	196	127	191	220	113	
106	216	178	252	109	245	157	215	143	95	156	47	172	191	118	254	239	179	255	129	134	43	178	241	211	125	222	187	150	92	173	95	
74	218	178	220	109	253	188	215	143	95	156	63	172	190	118	110	231	179	255	129	198	43	242	241	215	127	222	187	22	220	165	95	
2	140	18	157	54	162	56	39	60	3	90	18	172	34	32	64	103	43	19	128	48	152	1	207	12	54	154	192	132	64	33	9	
32	233	98	202	92	129	194	224	71	0	240	10	34	200	53	0	88	232	6	67	202	43	14	189	50	12	129	56	117	155	114	136	
9	193	113	89	164	152	237	55	109	89	126	82	185	8	182	229	110	42	22	8	215	184	100	213	38	249	50	192	87	136	201	173	
114	83	18	172	43	69	30	109	173	12	176	173	14	158	32	80	254	153	159	226	72	3	0	221	177	208	138	187	16	22	167	27	
190	143	102	168	210	226	88	98	133	5	218	179	9	47	54	65	110	151	151	181	60	155	4	204	26	99	138	195	183	141	52	198	
182	204	105	156	92	131	206	233	214	18	152	74	114	232	61	65	89	224	31	227	232	35	10	159	176	14	175	188	53	122	112	128	
139	135	104	129	244	152	237	55	108	69	94	215	153	8	146	197	110	130	31	141	245	184	101	199	230	109	186	192	47	140	249	220	
50	147	87	172	210	66	29	127	33	68	243	247	73	38	162	213	126	157	135	160	217	155	37	204	176	230	234	199	45	164	164	213	
3	241	34	89	77	217	180	197	206	85	116	134	168	204	254	165	234	9	162	213	199	56	182	241	7	24	158	107	87	28	221	220	
46	171	199	218	123	211	186	232	175	29	252	170	104	206	228	244	238	249	163	208	22	91	238	249	31	18	207	235	211	15	46	173	
27	158	243	69	118	58	170	123	126	138	122	226	73	236	181	228	127	29	166	169	165	184	37	223	28	110	175	134	103	232	101	173	
56	77	126	124	85	199	119	103	245	140	238	2	115	185	33	80	120	254	130	168	72	187	0	47	243	239	164	1	99	122	244	170	
17	13	107	197	22	198	239	119	116	192	222	2	121	187	182	96	122	174	58	136	193	185	53	206	119	175	134	0	37	202	241	232	
24	13	110	254	85	198	126	103	245	12	254	2	123	187	32	80	232	190	135	136	72	187	16	239	243	239	150	1	99	74	228	138	
50	141	18	190	21	195	118	103	181	13	234	3	106	250	32	192	248	186	131	128	126	187	0	255	177	244	142	3	16	10	252	138	
33	165	80	169	244	139	175	239	30	33	120	66	181	128	184	128	123	10	2	157	19	186	76	213	44	132	191	100	157	138	241	168	
33	167	19	161	244	141	168	215	62	41	121	106	149	209	240	32	127	43	18	25	19	186	72	215	108	148	63	236	220	138	131	169	
31	127	97	197	164	26	239	181	113	232	94	238	211	37	145	165	62	236	53	239	201	240	229	204	166	107	237	132	47	254	82	253	
123	31	196	197	246	58	238	63	32	234	222	238	217	45	149	166	126	244	119	239	201	186	197	142	54	239	173	132	111	254	26	157	
66	179	182	144	237	241	148	199	203	253	156	63	140	172	126	206	239	87	235	17	150	107	162	241	31	86	222	255	134	76	189	79	
70	56	185	216	236	236	185	11	186	219	89	85	188	254	100	74	199	59	123	17	19	90	210	226	29	54	126	234	144	73	167	243	
66	24	189	156	239	109	185	138	143	123	154	31	188	190	101	74	231	119	127	17	18	79	147	241	221	54	90	190	144	105	5	91	
23	87	248	11	250	18	174	216	79	236	127	231	93	76	159	84	118	197	23	255	133	51	45	252	62	14	39	196	255	183	105	85	
143	255	242	219	227	241	190	214	29	79	95	247	104	253	255	228	119	122	147	87	246	30	172	226	62	30	20	171	167	255	180	255	
11	31	127	231	54	127	251	180	77	236	94	231	253	93	191	224	54	127	151	239	129	184	53	236	238	217	42	192	46	143	85	249	
251	60	102	184	221	213	88	71	209	215	196	31	42	140	118	255	237	171	221	149	190	79	182	206	187	91	212	123	183	140	254	94	
2	150	26	152	51	225	184	67	62	73	90	179	172	190	32	64	231	27	147	145	18	152	16	215	13	54	26	195	148	4	165	83	
1	129	126	89	164	152	236	55	237	81	126	18	171	136	182	100	106	42	22	9	215	184	102	213	70	121	146	64	119	140	241	236	
48	192	75	172	92	3	205	111	214	162	208	74	115	232	48	64	88	160	31	33	104	35	2	31	112	135	239	60	125	40	112	168	
59	210	107	133	82	18	237	119	36	69	214	183	57	39	146	245	110	151	159	141	205	154	101	197	246	103	250	128	47	132	180	248	
25	158	99	77	22	146	234	115	116	130	122	230	41	172	180	228	127	189	166	173	133	184	37	222	28	110	186	128	101	136	97	189	
42	59	98	140	71	147	232	66	47	140	90	167	12	139	182	196	122	169	179	221	130	155	22	213	22	56	139	138	63	12	112	247	
24	141	106	206	21	214	231	103	228	12	254	2	121	251	52	96	120	174	15	136	88	185	32	239	243	175	166	1	99	138	244	42	
24	141	22	238	213	198	118	103	165	9	250	3	105	251	32	192	248	187	135	160	90	187	0	237	243	247	130	67	51	2	236	138	
18	159	19	158	213	130	166	103	157	1	200	103	36	226	32	68	248	171	10	161	90	139	0	255	177	182	138	74	24	14	177	142	
32	141	10	137	212	227	163	111	86	37	249	2	128	194	32	192	121	42	2	153	19	186	92	215	60	4	138	100	221	10	249	128	
9	173	146	193	244	169	171	87	126	129	121	66	181	193	240	160	123	42	2	24	19	186	198	215	44	157	191	104	221	202	139	160	
98	185	186	144	255	209	156	199	139	85	156	171	140	188	118	26	239	187	251	17	22	107	178	241	63	20	159	251	132	76	191	95	
70	57	147	248	236	172	185	95	186	155	88	76	188	191	97	90	231	59	51	17	19	90	146	224	93	180	126	234	152	73	163	187	
47	188	226	150	243	144	190	230	27	215	92	167	44	254	246	173	255	123	179	215	183	218	174	235	62	30	223	195	135	125	191	221	
226	172	38	152	77	245	176	103	217	95	148	59	40	188	118	223	201	179	247	145	246	111	162	215	31	91	222	251	151	76	255	223	
194	184	53	248	236	228	184	222	155	91	144	125	188	158	100	75	207	115	95	17	179	79	210	241	137	58	250	250	24	8	167	191	
