Ê¥ÂÞÀ¼´¿¿Úºì	#26 ÝÀÉ«Á÷É´	http://www.yslbeautycn.com/on/demandware.static/-/Sites-ysl-master-catalog/default/dwf7181cf7/Makeup_Pro_img/00030YSL/L2371800U_26_COLORIMG.jpg	//www.yslbeautycn.com/dw/image/v2/AARM_PRD/on/demandware.static/-/Sites-ysl-master-catalog/default/dw16924909/Makeup_Pro_img/00030YSL/L2371800U_26_01.jpg?sw=336&sh=444&sm=fit
18	141	114	233	247	199	250	103	15	5	120	3	45	171	52	196	254	187	151	209	30	184	16	255	175	220	138	195	247	142	253	142	
18	151	211	169	194	96	172	111	62	3	90	247	5	162	168	64	127	159	3	129	82	152	133	211	20	38	186	198	61	192	165	137	
237	129	108	97	172	126	91	184	96	254	183	24	219	123	219	123	17	212	253	106	248	100	249	16	195	235	225	253	34	177	94	96	
131	65	209	216	107	147	248	76	63	17	112	194	140	138	244	253	230	185	23	216	7	10	38	208	159	24	154	238	20	128	33	173	
31	95	99	142	246	146	239	244	165	192	218	230	113	230	181	228	126	238	23	239	205	147	44	255	48	46	175	128	63	183	240	253	
61	77	107	206	86	131	239	252	196	192	222	198	113	237	183	96	126	232	23	239	201	179	44	255	114	173	167	128	55	187	240	249	
46	189	242	225	244	187	250	219	127	233	255	43	223	255	212	60	255	223	127	31	144	187	233	246	222	223	39	230	199	239	195	193	
206	144	19	152	207	228	177	107	186	19	113	51	28	254	32	200	255	57	179	129	48	63	154	215	93	54	91	111	145	1	165	163	
62	73	98	228	84	18	110	240	101	160	255	2	75	201	181	64	122	237	23	235	200	179	45	204	242	237	167	132	103	187	112	128	
29	207	167	223	151	150	231	173	124	11	82	66	121	120	188	237	113	230	54	235	241	248	46	237	161	46	118	128	181	121	245	44	
182	89	92	186	90	131	30	105	141	8	145	171	125	222	33	17	254	177	151	227	120	7	10	221	243	193	235	187	53	43	47	19	
134	96	226	149	68	0	172	64	90	227	113	18	8	136	125	40	123	77	19	131	194	182	132	194	20	12	218	172	69	61	115	196	
50	73	66	140	92	131	206	100	141	128	240	2	42	136	53	64	104	233	23	227	72	171	0	237	48	40	138	152	117	59	112	136	
142	179	172	131	29	209	171	201	14	252	21	134	252	204	123	130	120	9	243	209	131	113	127	213	13	1	171	237	29	14	61	240	
34	173	42	218	217	209	152	103	199	13	252	162	40	206	38	164	201	187	147	144	30	139	102	255	59	20	158	235	145	12	238	222	
62	73	98	228	70	2	238	240	101	128	254	2	75	203	53	80	122	237	23	235	200	179	5	236	178	237	167	132	103	187	112	128	
89	13	111	236	20	198	79	55	100	196	222	66	115	115	178	116	112	230	28	238	249	153	53	15	241	239	166	128	38	226	240	104	
27	73	98	229	118	146	255	116	101	192	222	131	121	15	183	96	126	245	151	239	204	153	37	236	114	233	174	128	39	183	112	253	
232	88	252	94	107	221	87	184	203	94	180	40	58	117	7	59	132	240	253	66	67	111	250	57	83	185	96	59	82	57	70	123	
134	96	130	153	20	131	170	64	22	131	83	18	8	202	121	72	121	41	19	145	98	148	0	194	0	6	159	132	148	25	49	128	
19	141	99	206	20	130	239	119	197	192	222	66	113	232	180	100	120	166	22	169	249	187	36	207	48	46	162	128	37	234	240	44	
92	45	254	100	147	110	83	16	225	132	175	0	95	119	1	122	50	244	93	122	56	193	177	106	219	239	1	17	162	227	102	34	
72	189	58	246	181	221	119	55	239	9	110	12	190	187	34	112	164	123	253	8	67	185	178	127	227	253	22	2	74	0	131	59	
134	97	162	145	70	1	188	72	26	242	81	147	12	142	121	9	126	89	19	199	192	214	132	194	20	0	219	172	5	61	49	208	
82	36	2	128	148	34	170	70	52	161	218	2	0	138	120	64	120	140	31	177	24	155	129	194	184	132	142	196	132	10	176	0	
185	221	107	111	118	87	239	252	81	76	124	198	123	109	191	32	126	232	23	238	237	178	124	191	118	233	165	128	119	186	116	249	
26	157	58	254	147	212	55	103	189	69	238	34	60	255	34	112	226	187	155	128	82	139	50	255	243	229	14	11	51	2	165	122	
90	157	151	254	147	228	52	231	191	65	110	16	188	255	32	240	167	51	251	0	83	201	146	247	251	247	30	75	10	68	165	59	
74	157	183	190	147	236	52	103	189	91	106	16	188	247	32	242	167	51	251	16	83	201	146	231	251	247	94	75	138	64	165	59	
57	65	118	77	36	26	78	52	101	64	246	2	91	9	149	116	58	164	4	106	201	176	101	157	102	249	32	128	103	191	64	37	
19	133	99	141	150	178	169	119	125	65	90	198	61	46	186	228	119	175	23	173	181	153	37	223	60	110	186	192	47	196	177	124	
146	191	30	184	178	211	16	231	190	29	202	177	175	222	34	65	166	59	141	145	54	137	2	125	251	225	58	203	48	0	173	91	
125	91	106	142	60	159	203	120	196	140	221	207	115	200	187	64	94	224	94	111	204	35	222	157	242	41	163	189	127	175	120	205	
46	248	52	139	109	221	186	200	142	60	245	11	236	222	111	132	248	185	207	211	14	51	123	245	23	81	139	127	87	15	125	199	
168	232	184	115	109	237	113	206	94	51	36	25	191	153	65	24	137	90	67	24	34	124	219	51	79	221	17	61	210	217	78	138	
27	246	127	225	114	47	63	254	63	107	94	231	93	63	168	96	55	223	159	161	227	149	61	223	254	207	62	196	45	210	161	185	
38	64	8	137	76	1	168	72	22	16	241	2	0	200	113	73	88	136	19	243	2	54	74	208	20	0	203	172	213	59	112	128	
149	71	73	133	116	18	111	52	116	194	94	198	209	34	147	229	126	196	22	239	237	148	101	78	36	47	234	128	45	247	120	221	
92	88	30	190	1	196	118	66	172	204	206	1	62	211	35	82	224	105	57	70	68	139	146	104	211	241	10	11	0	49	45	66	
48	197	66	143	212	131	238	103	5	1	250	2	42	42	32	64	120	170	6	224	90	186	1	253	176	164	138	64	53	10	240	136	
2	156	55	217	115	228	57	51	158	25	90	114	188	183	32	96	231	59	183	144	51	152	114	215	77	52	186	194	16	0	37	251	
61	75	106	238	116	131	203	112	84	76	125	230	113	201	179	96	126	168	22	238	200	178	44	189	114	45	161	128	119	187	120	233	
62	88	98	234	125	215	218	216	197	12	245	139	107	95	191	196	124	241	159	235	140	35	124	252	179	217	131	159	55	191	124	215	
18	156	158	189	2	224	184	7	188	23	66	179	172	190	38	72	231	59	187	129	54	157	2	199	193	231	250	195	144	64	173	91	
26	135	106	252	187	208	191	103	141	5	220	163	45	239	38	192	126	187	159	129	90	139	34	223	251	229	154	203	55	6	165	251	
172	48	186	88	237	253	209	88	210	223	181	24	154	221	111	58	217	56	211	17	34	103	250	130	75	221	117	63	211	105	126	243	
139	159	70	159	246	146	174	247	156	89	90	247	109	238	182	197	102	107	179	197	181	152	4	255	44	38	174	194	61	132	185	221	
33	253	121	75	244	143	111	247	117	45	124	72	49	55	144	48	94	186	22	104	211	186	112	63	111	141	37	192	115	138	198	169	
6	64	10	153	76	131	168	72	22	17	209	2	80	202	41	72	120	9	51	242	18	183	11	208	20	32	139	204	149	27	49	128	
57	237	121	105	116	143	71	252	81	172	124	8	51	69	145	48	90	216	6	106	201	186	104	63	127	141	37	36	119	154	198	233	
162	233	32	154	93	193	178	228	158	68	80	171	44	204	116	1	200	185	147	195	66	58	94	253	53	16	142	235	85	29	23	218	
74	124	246	253	108	58	124	222	187	154	254	178	173	255	181	122	239	253	255	131	160	215	227	234	150	255	255	170	134	245	35	157	
40	189	122	242	240	205	127	247	50	77	124	13	55	215	74	16	151	186	23	24	90	154	184	55	239	205	52	233	176	130	198	251	
35	217	66	154	95	149	174	231	141	72	216	231	40	204	182	228	236	171	151	197	207	171	22	253	50	84	158	202	31	14	248	159	
27	244	43	160	213	198	235	245	53	225	223	151	89	223	56	96	255	237	23	189	249	151	60	206	251	111	143	196	45	22	177	250	
38	33	98	201	204	3	232	73	13	176	217	131	136	140	117	75	104	141	23	183	200	115	198	192	20	24	203	172	21	110	112	208	
129	148	59	217	116	175	185	23	126	75	83	112	180	158	36	104	183	59	63	29	179	156	48	95	77	62	58	192	144	0	129	235	
146	32	162	129	68	32	168	70	54	115	146	19	8	138	88	10	121	13	19	149	130	221	133	194	156	6	158	164	133	68	177	200	
2	148	58	217	83	241	185	71	31	69	76	179	44	159	46	64	239	155	147	145	18	152	48	215	95	23	154	67	181	76	165	254	
44	29	190	254	31	231	151	99	223	0	237	2	254	253	33	96	200	123	155	66	34	171	122	191	227	255	2	27	146	123	100	178	
2	201	80	138	124	129	174	229	140	1	88	2	172	202	48	64	106	43	23	225	82	41	0	253	44	20	142	232	84	10	161	136	
228	8	190	248	125	232	241	2	249	31	118	48	166	217	37	123	201	49	99	17	34	229	34	228	87	178	218	75	192	73	117	34	
6	0	134	128	20	162	168	69	148	131	211	18	64	202	120	72	121	44	27	177	16	181	1	194	0	6	158	196	132	8	48	128	
56	79	67	238	116	195	74	224	129	192	249	171	99	205	177	208	94	232	149	230	77	163	76	189	178	229	161	185	119	191	118	216	
62	87	108	238	222	67	223	120	5	196	253	163	99	77	59	0	94	185	151	231	216	163	93	188	243	193	161	153	119	191	244	211	
146	129	98	138	214	147	254	97	133	96	147	147	72	94	62	96	254	179	159	229	240	139	12	223	56	40	139	197	21	14	185	86	
11	133	36	139	183	215	191	189	12	69	95	130	221	86	186	228	86	19	155	239	215	136	125	245	237	113	138	212	22	142	149	117	
70	128	186	240	207	228	185	195	187	59	119	19	12	158	108	120	163	23	51	149	50	23	34	210	95	63	91	207	145	65	165	195	
34	184	162	153	223	253	176	199	159	85	80	159	172	188	102	8	205	59	179	145	54	126	242	243	15	22	158	235	213	76	151	222	
56	141	98	233	213	247	250	119	85	5	126	3	57	61	48	96	122	186	151	153	150	184	49	255	111	205	170	193	119	142	252	138	
167	45	40	185	213	191	176	67	94	228	83	151	128	136	118	9	200	42	19	21	182	248	85	158	12	25	139	227	221	76	88	198	
225	72	39	252	77	198	192	6	195	90	178	24	50	153	53	123	200	164	127	201	9	239	211	144	19	184	208	27	81	25	114	42	
26	239	90	170	114	193	90	244	33	4	121	163	45	199	40	16	182	187	135	242	10	26	8	253	251	197	170	169	52	146	39	203	
188	215	79	110	212	102	103	255	117	14	125	102	113	107	41	81	121	194	6	234	121	167	8	127	114	175	228	192	123	243	224	155	
142	156	19	184	203	225	176	106	156	18	65	179	156	246	32	73	255	57	179	176	48	15	18	215	93	166	219	235	144	33	37	179	
50	59	74	174	90	131	26	204	5	68	216	175	47	206	43	16	254	249	149	231	142	19	28	189	176	213	137	191	61	159	58	219	
15	185	164	155	151	87	184	248	22	253	85	39	201	124	250	165	121	90	147	241	183	248	63	189	79	71	175	231	183	14	60	247	
34	203	243	76	242	195	191	211	15	13	124	162	56	253	180	36	94	123	19	74	2	186	32	253	101	28	39	171	87	250	165	233	
56	169	234	231	86	11	234	121	22	160	113	139	115	41	49	1	121	220	19	175	56	250	13	157	127	79	161	165	119	170	80	138	
180	175	74	162	150	99	71	233	23	164	153	78	67	64	59	128	89	202	6	251	107	51	28	191	184	196	173	61	61	90	252	8	
34	219	234	76	242	147	183	213	6	12	124	163	48	189	166	36	94	122	131	194	208	186	44	249	114	44	167	170	117	186	244	251	
55	105	99	14	94	159	175	200	206	100	185	207	106	204	191	228	126	236	90	255	215	51	188	253	52	44	139	184	93	31	87	244	
198	144	51	216	207	228	184	75	59	123	113	19	28	158	108	120	247	31	179	145	178	87	146	211	85	58	90	238	149	68	163	211	
27	15	72	191	54	176	107	182	52	68	94	199	169	39	179	196	102	106	29	204	167	152	101	191	230	237	170	128	62	214	57	92	
63	131	194	142	86	19	106	248	65	100	112	206	107	200	191	180	122	236	134	238	205	178	44	143	178	237	133	36	127	190	122	140	
172	89	118	254	106	192	221	120	157	14	113	48	125	211	36	113	174	49	55	98	96	39	10	223	115	250	99	138	81	178	103	163	
123	79	110	204	77	18	207	118	129	196	214	130	41	45	183	119	108	228	93	239	204	11	229	237	114	105	202	153	39	181	122	204	
57	203	74	108	86	146	234	112	81	32	126	198	105	201	187	228	126	236	150	238	205	179	140	159	114	237	161	132	127	175	120	128	
89	97	87	229	5	54	92	95	119	160	206	2	27	19	129	124	112	140	60	184	74	210	81	221	211	250	131	4	34	176	112	42	
130	129	6	136	212	131	190	97	132	0	211	146	72	206	52	64	108	33	19	163	80	139	8	221	52	32	138	202	21	14	177	130	
138	176	171	179	102	205	184	85	158	89	81	243	188	157	126	40	142	25	151	21	134	92	210	193	77	17	250	235	4	12	21	219	
131	157	63	153	178	147	45	55	156	82	86	246	180	38	162	101	102	51	58	109	245	157	39	255	164	34	122	192	20	8	165	125	
2	159	58	152	151	197	184	103	222	77	88	23	44	140	54	64	233	43	131	149	182	169	50	255	89	23	26	203	209	12	165	223	
2	233	16	136	124	133	190	237	142	25	88	2	172	138	32	0	206	43	19	65	82	11	2	245	44	16	142	234	20	10	161	137	
2	18	58	216	117	182	184	86	237	13	84	102	140	31	182	108	230	49	159	29	150	137	32	212	87	93	186	203	150	132	117	111	
3	65	122	232	111	137	120	88	237	192	112	135	143	203	126	80	122	169	183	117	70	33	22	208	30	89	130	201	127	134	104	142	
79	73	103	222	125	156	111	49	237	64	94	66	251	72	181	231	98	224	61	79	245	41	55	237	103	123	226	128	63	191	112	108	
119	8	102	222	76	130	234	64	161	192	211	135	104	206	55	66	108	229	23	231	140	163	134	232	18	40	202	136	5	39	114	212	
3	156	51	217	115	164	184	115	188	73	90	114	188	182	164	109	231	59	159	128	179	26	98	221	29	62	186	202	152	0	33	191	
56	1	95	165	22	66	75	112	32	160	219	66	127	19	0	112	122	189	21	169	25	154	113	140	209	199	171	128	36	34	118	224	
55	92	99	76	116	22	207	112	85	76	253	198	19	12	180	36	126	168	23	239	233	183	52	142	49	236	170	128	117	187	114	245	
186	67	108	220	77	81	205	236	199	92	244	167	98	204	63	67	216	232	167	231	204	99	38	153	115	121	197	189	53	60	116	254	
130	138	46	152	82	241	184	71	158	23	68	179	44	206	38	73	231	59	139	145	54	157	2	247	23	35	218	195	149	4	173	223	
118	107	198	238	58	130	74	216	135	136	211	227	97	203	125	194	94	245	237	242	138	67	206	185	26	224	235	157	55	163	52	1	
110	160	240	80	201	185	120	67	51	183	45	25	9	139	86	158	35	154	241	152	18	94	210	194	95	223	20	111	231	196	206	134	
128	152	63	189	2	204	177	55	188	95	66	21	180	159	32	73	164	51	123	1	50	157	51	85	197	162	122	64	16	0	165	251	
10	141	98	233	247	211	250	119	79	69	92	131	41	141	182	164	254	59	151	221	150	184	52	255	111	93	138	195	247	142	253	219	
31	191	122	225	246	255	251	210	127	237	127	174	31	189	214	32	191	223	151	93	151	186	44	246	223	221	35	230	239	239	71	243	
119	105	83	174	26	193	75	224	129	192	249	170	123	214	163	52	122	249	220	227	77	3	172	188	176	224	137	187	53	183	38	108	
56	132	106	65	212	34	235	92	116	33	126	18	81	3	188	64	123	132	6	184	160	181	33	78	126	143	163	196	231	170	224	160	
160	224	184	81	77	109	241	206	94	63	52	24	178	145	79	57	137	90	66	88	2	124	251	49	79	153	21	53	210	89	70	170	
50	133	66	169	212	130	238	103	13	1	122	2	41	42	52	64	122	171	23	225	90	184	1	221	180	236	138	192	53	10	240	136	
2	201	80	136	252	129	174	237	142	1	88	2	172	138	48	0	202	3	19	97	82	43	2	253	44	16	142	232	20	10	161	136	
34	249	96	138	95	193	182	228	142	80	80	139	40	156	52	1	204	187	147	193	66	43	82	253	61	16	140	235	85	30	150	218	
82	90	6	158	42	176	188	176	173	90	218	231	236	238	167	199	230	101	253	199	228	193	143	237	144	114	202	131	12	117	41	93	
30	244	43	226	21	230	235	228	53	69	207	131	89	255	58	96	249	239	19	235	233	147	57	239	251	79	143	196	39	87	53	250	
57	77	107	206	86	131	207	244	196	192	254	130	113	237	183	96	126	238	23	239	201	187	44	189	114	173	167	128	55	186	240	232	
19	133	99	137	146	162	43	119	61	65	90	194	61	38	180	100	119	139	23	173	183	152	37	223	60	46	186	192	181	134	161	124	
146	40	160	147	132	32	168	67	62	115	18	18	40	10	80	10	43	139	31	145	178	92	133	227	156	6	154	164	133	68	177	192	
58	73	98	236	86	130	238	116	5	128	242	130	105	143	53	64	122	237	23	227	200	179	0	236	178	237	142	128	39	189	112	136	
90	189	55	254	155	208	55	103	175	69	204	163	44	255	32	84	162	179	235	128	82	139	178	253	243	247	30	75	50	6	167	123	
134	72	130	154	20	131	170	64	22	131	81	18	64	202	97	72	121	40	19	146	34	180	0	210	0	6	155	128	148	27	48	128	
56	13	185	254	157	237	151	99	223	10	204	2	190	253	33	96	200	123	27	66	58	43	122	191	227	255	18	27	144	73	101	170	
218	157	114	254	155	208	55	103	189	5	236	163	44	255	32	208	226	187	219	128	114	139	34	255	243	245	14	75	55	4	167	123	
24	141	102	233	149	214	254	119	69	4	222	3	57	61	50	228	106	178	159	233	220	185	49	253	235	237	170	193	55	142	252	202	
116	61	254	100	178	106	83	65	225	140	175	40	95	247	1	123	34	244	109	50	56	227	160	76	219	173	37	83	227	99	102	35	
250	75	235	204	109	82	221	108	193	78	212	167	34	140	183	67	200	236	167	231	204	251	230	169	114	121	250	187	23	60	116	255	
214	94	230	156	134	50	94	66	149	194	210	247	105	108	183	123	118	247	189	231	184	133	36	234	50	46	250	129	181	253	116	93	
30	189	114	225	246	187	122	210	127	233	254	170	159	191	245	32	255	255	151	253	152	186	45	254	222	221	35	230	231	239	97	209	
57	65	96	77	4	27	206	116	101	96	254	10	75	9	151	52	122	196	68	106	204	178	101	140	50	249	128	16	103	191	82	12	
50	72	96	196	92	11	194	96	73	160	177	10	98	8	21	2	120	228	87	227	136	35	69	204	22	28	129	184	117	191	82	128	
185	69	96	69	36	26	111	52	101	66	126	134	123	44	151	228	122	204	20	239	237	176	101	142	102	233	160	128	111	255	88	124	
251	85	107	76	87	86	220	125	241	204	254	231	121	255	182	117	126	245	181	237	237	163	180	205	115	107	170	139	111	246	118	127	
38	32	65	140	76	3	138	72	6	162	249	74	16	136	113	10	88	136	87	227	8	35	74	152	20	0	139	188	85	43	80	128	
251	79	102	204	77	82	207	116	193	76	214	143	41	46	183	119	104	198	253	239	236	139	229	239	114	121	202	153	39	180	126	76	
106	124	242	252	108	60	252	214	187	202	254	163	173	191	245	122	239	253	255	133	128	215	226	227	214	255	254	170	134	252	99	219	
156	90	83	222	111	24	238	120	253	10	117	118	108	219	165	205	62	57	166	202	97	39	10	251	18	250	66	138	123	183	105	161	
223	77	102	158	147	148	79	180	53	64	198	199	123	78	183	245	102	226	29	238	237	140	61	255	178	123	174	128	63	151	248	92	
223	77	119	206	63	214	223	184	205	72	215	98	125	92	189	231	102	241	62	235	229	167	46	253	51	123	102	154	55	191	33	37	
159	93	70	191	54	150	79	180	21	68	84	199	253	71	179	229	118	99	29	238	231	140	62	255	226	251	174	128	62	183	185	93	
158	82	25	186	106	197	31	120	148	110	209	247	125	198	43	209	254	153	159	226	107	7	42	255	240	195	235	168	56	51	37	209	
38	1	5	136	76	1	168	73	134	144	217	66	16	202	113	72	120	137	51	243	64	51	74	208	20	0	171	172	29	43	48	160	
44	14	147	241	101	168	177	66	250	15	114	48	132	177	96	200	233	58	163	17	50	188	130	226	77	183	186	67	192	73	87	163	
63	61	250	225	244	191	251	210	95	232	126	174	27	189	215	164	255	251	151	220	155	186	108	250	94	221	163	228	231	207	102	241	
190	91	106	110	54	195	223	248	135	108	253	163	123	221	191	36	94	248	151	238	200	163	44	191	99	205	165	189	119	191	86	243	
18	132	186	233	215	164	185	67	58	57	89	51	28	187	100	96	179	31	19	145	18	24	128	211	93	173	58	231	145	64	167	163	
143	177	164	139	61	213	186	216	134	253	21	167	220	221	251	164	222	88	179	127	134	97	123	177	79	81	175	239	150	175	61	245	
161	203	99	78	84	145	195	240	85	76	244	238	98	200	181	228	88	232	6	238	207	182	108	127	54	44	161	136	125	187	112	252	
15	133	33	155	151	247	171	238	31	97	30	151	204	124	186	228	127	3	155	189	183	152	125	255	172	86	143	198	150	79	153	244	
150	133	102	152	150	147	252	231	157	82	147	151	72	110	54	97	255	179	159	167	252	205	45	223	58	42	223	197	53	156	184	84	
10	151	49	186	181	229	177	127	30	77	89	119	188	189	58	0	205	59	147	21	147	40	18	247	77	22	58	202	216	12	181	251	
224	88	125	78	107	77	23	170	203	124	180	40	58	21	133	55	134	210	124	74	195	47	251	57	119	249	112	58	83	153	70	127	
33	45	34	177	149	191	176	99	92	203	91	71	160	136	54	40	217	43	18	21	150	184	100	158	12	30	154	65	221	76	217	198	
31	219	167	206	61	146	170	184	198	216	211	98	104	216	188	230	240	105	62	219	199	169	47	253	184	104	175	204	29	15	57	45	
61	223	71	78	176	66	199	249	213	78	253	230	122	237	175	197	93	192	134	238	249	163	40	255	114	239	229	134	123	254	96	249	
10	28	18	184	203	241	184	107	23	11	84	179	140	183	97	204	255	59	179	144	19	158	18	215	153	247	218	235	146	5	45	179	
10	156	147	169	211	227	184	67	22	39	88	179	12	191	96	204	127	63	179	145	19	158	0	214	29	118	154	239	151	68	165	179	
215	105	3	170	29	209	142	196	134	104	145	75	52	220	49	224	220	233	31	231	207	3	140	255	176	5	171	187	29	31	57	14	
61	159	75	170	214	87	71	249	21	238	253	102	83	119	171	208	125	136	134	166	249	147	41	159	122	199	165	164	187	250	116	249	
3	153	115	79	247	209	175	231	94	65	88	162	172	252	180	164	46	59	146	193	211	184	36	253	45	28	14	234	87	14	165	253	
183	105	74	174	85	215	222	224	5	72	216	207	35	220	55	176	252	233	151	231	205	163	12	191	176	76	141	187	61	63	122	220	
36	115	238	71	92	135	227	216	198	168	247	102	112	201	189	4	120	236	51	250	138	178	10	189	107	8	161	133	79	171	112	163	
143	170	146	184	101	188	184	67	186	27	117	16	140	219	112	204	251	57	179	25	18	252	130	211	4	247	90	203	194	5	123	129	
10	176	178	249	71	230	184	75	58	123	81	19	12	159	100	204	255	29	147	145	147	158	144	211	29	119	26	231	159	4	171	179	
57	65	83	237	119	67	67	88	5	8	246	98	123	19	161	244	122	140	22	234	9	179	33	140	208	237	162	128	47	139	120	161	
189	219	106	46	84	151	250	240	84	196	116	135	115	201	183	0	124	232	131	238	204	186	28	175	118	109	160	137	127	175	120	218	
114	36	2	128	148	34	106	70	49	161	218	2	3	10	104	64	120	140	21	176	24	155	129	196	184	196	142	196	164	10	48	8	
10	176	241	185	67	228	185	75	30	115	81	19	156	158	110	168	239	27	147	145	150	28	210	211	13	30	26	231	213	4	39	247	
33	33	106	76	92	19	235	121	229	200	252	10	80	200	247	112	88	168	74	232	204	35	164	88	115	12	161	44	97	162	114	228	
162	203	99	78	84	145	239	244	85	4	92	230	32	200	183	228	120	232	2	207	194	186	36	253	52	40	134	138	87	159	116	236	
17	133	107	204	84	130	239	119	196	192	223	2	113	224	180	100	120	166	22	169	217	187	36	207	112	46	162	128	101	234	240	44	
138	176	178	184	109	141	184	88	158	89	81	179	156	157	124	136	174	25	147	21	130	100	130	209	71	89	122	238	22	140	27	209	
56	33	122	229	79	18	112	113	101	160	254	66	27	19	160	116	104	188	30	40	72	187	225	136	215	205	161	9	35	170	112	162	
183	64	67	196	22	70	203	80	37	96	247	66	19	23	180	244	120	172	23	236	137	182	53	206	145	236	162	192	103	139	112	32	
18	141	114	233	247	215	254	103	141	5	120	3	45	187	54	196	238	187	151	193	86	184	16	253	171	220	138	195	55	142	253	143	
2	144	58	248	99	224	184	98	191	89	81	51	172	222	102	73	231	59	147	129	23	9	18	209	7	112	218	203	156	4	45	215	
6	44	242	225	252	171	250	218	127	161	250	10	239	235	85	24	255	239	127	209	146	243	193	234	158	220	15	128	199	251	99	137	
50	65	74	136	70	141	232	72	45	72	249	71	30	139	118	64	250	169	23	229	70	51	2	208	214	137	34	141	125	138	107	218	
189	220	107	111	116	215	235	248	84	76	118	146	121	93	182	33	126	232	23	238	233	182	61	191	119	239	161	128	119	171	116	249	
33	237	121	65	244	203	239	255	85	236	124	72	115	101	148	52	90	154	6	104	243	186	109	63	111	140	37	100	119	154	214	233	
142	160	178	185	101	140	184	73	190	25	81	16	140	223	124	140	175	25	151	149	146	252	130	211	13	93	218	206	214	4	187	129	
130	4	134	129	148	34	168	78	22	131	218	18	0	138	120	72	121	4	59	177	34	149	1	194	24	6	158	196	132	72	48	128	
184	205	106	110	86	195	203	244	20	64	124	138	49	213	35	80	122	248	19	234	105	186	60	63	115	173	160	0	117	155	120	186	
134	97	162	145	68	2	172	64	18	194	81	147	8	140	121	9	126	105	19	199	194	246	132	194	4	0	219	164	5	61	49	192	
185	220	107	95	116	87	239	240	84	78	118	246	113	125	182	97	126	228	23	238	233	180	61	191	118	47	227	128	127	171	116	249	
62	249	114	234	125	221	214	236	129	172	181	11	107	220	127	148	248	249	223	226	76	35	120	253	179	217	133	63	119	191	118	255	
19	77	99	142	214	146	239	246	229	192	218	198	113	238	181	228	126	238	23	239	237	155	44	239	48	110	175	128	63	182	240	253	
122	124	242	252	109	116	252	214	187	203	252	167	61	191	247	126	239	253	255	133	140	71	162	227	215	255	254	170	135	244	103	251	
81	141	111	76	20	86	111	55	229	196	222	2	115	51	178	117	112	230	124	238	217	155	53	141	243	238	164	128	39	226	244	108	
10	143	40	185	243	241	185	103	30	13	92	179	173	174	54	64	239	59	131	149	22	24	34	247	110	69	186	203	149	76	181	219	
185	222	111	223	118	22	239	252	84	74	86	230	113	125	183	101	126	236	23	239	233	188	61	175	118	43	230	128	119	187	112	249	
41	189	113	75	244	223	239	247	95	105	120	98	184	20	188	164	127	26	22	28	243	184	109	255	44	28	182	192	95	138	209	237	
50	73	114	156	86	131	238	102	205	0	242	2	40	136	53	64	106	233	23	227	200	187	0	237	48	40	138	128	85	57	113	136	
24	148	59	233	211	227	177	103	60	5	74	51	157	191	40	64	243	27	147	145	18	152	17	215	207	231	26	67	144	64	165	250	
40	181	121	99	244	207	123	247	51	45	124	8	55	247	200	48	31	190	23	24	147	186	240	63	127	141	37	224	224	130	198	251	
139	153	26	217	114	164	184	119	62	9	82	112	188	182	164	232	230	59	23	128	179	152	2	213	76	189	186	194	152	0	41	169	
9	133	80	251	182	179	104	55	29	33	78	214	189	35	8	228	119	59	26	156	179	152	85	223	174	223	154	64	190	192	137	40	
230	12	98	212	76	130	234	64	225	192	211	131	72	206	53	67	104	229	87	231	168	231	132	232	16	40	202	136	5	39	114	208	
191	69	98	101	166	50	94	16	97	230	223	135	91	12	151	124	126	204	149	239	205	180	101	138	114	105	168	128	39	255	114	116	
45	219	215	223	126	147	195	248	135	232	245	230	113	197	175	164	94	120	166	126	201	163	111	189	106	155	229	148	127	175	112	241	
59	235	66	174	116	129	90	244	21	72	208	235	47	216	51	48	222	233	23	231	206	138	76	189	240	81	172	187	61	31	122	143	
157	219	82	94	111	144	254	248	205	24	117	230	104	200	191	229	126	241	166	234	197	39	46	249	50	251	99	139	127	191	105	149	
190	95	103	206	62	147	219	248	133	140	149	230	123	205	181	165	94	240	95	238	232	167	108	191	114	201	165	144	127	175	116	113	
10	157	49	187	191	229	179	39	15	73	88	19	188	125	40	196	207	59	155	17	19	136	115	247	173	86	26	202	150	12	165	251	
179	75	70	157	125	147	238	100	197	72	212	66	104	200	183	229	72	168	22	239	237	175	6	255	34	120	194	137	127	188	120	140	
222	243	94	160	234	16	124	245	169	189	178	255	77	139	74	219	230	213	237	240	92	87	130	192	254	227	239	239	36	180	175	147	
40	204	191	254	157	197	87	226	214	8	204	2	182	253	33	96	201	122	59	90	90	171	122	191	243	255	158	27	144	89	116	106	
251	223	110	222	108	152	255	244	201	78	246	38	106	200	183	103	106	224	183	235	236	47	46	237	118	121	234	139	119	191	120	77	
35	181	106	139	215	209	182	111	92	65	89	167	40	220	62	160	222	27	147	181	215	170	84	221	46	29	138	235	93	14	185	223	
10	176	178	155	87	243	184	67	31	51	93	51	140	159	108	204	255	27	147	145	18	156	16	211	15	86	154	231	159	4	173	215	
188	242	218	113	226	73	53	213	187	191	53	57	15	147	74	27	51	157	229	16	80	247	138	0	223	193	117	239	226	176	207	131	
2	193	97	75	215	209	175	237	78	9	92	162	168	204	188	164	126	59	147	209	211	186	36	253	45	28	142	235	87	14	229	188	
11	183	34	171	181	253	162	103	76	77	91	103	172	232	50	164	216	43	146	21	151	184	4	223	172	20	154	195	222	78	153	215	
215	18	135	157	162	50	172	25	190	203	211	247	204	230	151	238	119	101	127	141	149	213	183	194	148	54	251	128	140	245	161	85	
56	224	248	113	101	73	241	204	95	63	52	56	146	149	204	59	185	88	70	88	74	116	234	16	95	137	117	119	99	24	198	171	
50	133	64	235	148	130	238	167	13	1	122	2	105	10	60	64	122	131	23	225	90	184	65	221	174	248	142	192	53	138	240	8	
38	0	67	140	76	3	138	72	132	160	241	66	80	138	113	66	88	193	23	227	8	51	200	200	20	0	171	188	21	43	112	128	
2	129	112	136	244	129	190	237	205	1	88	2	172	74	56	64	222	3	23	97	210	41	0	221	172	16	142	248	20	10	161	137	
43	157	101	73	245	219	238	255	95	97	122	70	248	56	148	164	122	42	18	61	247	184	125	255	44	30	135	198	95	140	241	189	
146	141	118	255	183	215	252	103	141	4	210	3	237	59	54	193	238	179	159	225	124	169	17	253	171	250	202	195	55	140	253	15	
34	249	100	200	95	197	150	236	143	64	240	139	40	156	52	0	204	185	147	227	194	43	82	253	55	16	138	251	85	30	215	219	
218	205	118	252	151	214	126	55	197	4	214	3	107	59	52	197	98	179	191	232	252	185	17	253	179	251	202	195	55	140	252	14	
218	197	114	254	27	208	29	111	189	4	244	179	108	223	38	209	254	187	239	224	122	143	34	255	243	227	14	139	55	4	165	91	
218	221	118	254	187	208	62	229	191	4	196	179	108	255	38	213	230	243	255	192	114	11	170	255	243	227	14	139	55	4	175	123	
36	64	65	140	76	3	130	72	134	160	241	74	80	136	113	2	88	200	86	227	8	55	72	152	20	0	171	60	85	59	112	128	
19	133	107	205	150	162	235	119	124	65	95	194	121	38	190	100	118	131	23	173	179	152	37	223	60	44	170	192	53	130	161	124	
120	224	253	68	111	73	245	236	235	63	52	40	31	157	204	55	43	212	102	72	66	123	170	113	87	217	117	63	99	25	71	171	
107	124	242	252	101	180	254	214	43	75	252	163	189	191	247	116	255	255	183	133	134	58	162	227	247	253	190	170	135	246	99	219	
170	91	235	236	110	64	157	118	137	78	212	231	48	189	182	98	206	252	183	195	201	63	230	169	114	113	250	187	31	188	116	251	
119	76	238	140	222	2	238	247	201	198	218	231	97	44	183	98	111	231	63	189	244	143	4	238	56	46	174	136	173	248	241	92	
6	45	242	237	116	171	250	214	47	129	250	2	175	171	85	80	254	239	95	209	138	186	193	234	190	252	143	128	199	251	99	137	
250	79	103	220	101	210	207	246	161	78	214	167	41	12	183	119	104	230	149	239	236	159	164	237	50	123	254	131	39	149	246	95	
189	92	110	127	116	118	255	120	85	78	127	34	123	125	183	33	127	236	151	174	233	182	61	159	119	239	225	128	119	235	124	241	
155	203	70	159	58	148	111	244	133	76	86	199	173	71	178	197	102	98	31	206	231	141	39	255	166	235	174	128	62	148	57	92	
155	151	86	169	147	130	52	247	45	21	90	247	44	2	170	197	38	147	142	144	119	153	5	221	188	224	62	199	63	4	169	29	
157	249	40	186	63	213	155	248	150	244	149	138	253	222	251	37	94	249	155	255	235	99	254	189	251	201	143	125	54	191	21	240	
130	207	21	191	58	129	140	247	140	0	80	230	173	70	160	197	102	51	159	193	99	13	2	253	164	162	190	192	60	144	173	185	
13	128	142	217	85	247	105	67	87	125	71	18	137	131	50	204	233	136	34	156	62	220	49	215	143	223	154	69	146	12	233	196	
199	219	98	154	62	144	178	180	207	84	214	231	237	200	246	228	70	96	190	87	199	41	174	245	170	112	166	202	62	143	56	93	
189	84	110	125	118	119	239	120	84	206	119	34	121	93	183	97	127	172	23	174	233	180	53	159	103	239	225	128	119	169	116	241	
47	219	247	94	58	146	223	184	223	64	245	230	123	237	191	228	95	112	182	110	193	161	110	253	42	126	101	142	127	191	104	245	
10	28	146	217	243	246	176	75	63	15	92	50	172	190	38	196	247	59	130	144	54	158	34	219	15	118	26	203	146	4	45	143	
120	217	125	76	106	89	87	172	107	124	188	40	59	29	141	54	38	215	125	106	67	41	235	125	119	249	112	187	119	147	71	107	
185	69	96	69	4	27	198	116	69	98	254	10	75	9	149	112	122	196	20	107	236	178	101	142	50	249	128	16	119	254	80	12	
161	94	99	94	116	145	199	112	84	76	112	238	50	200	183	165	88	168	6	238	237	182	100	63	52	40	163	168	125	187	112	253	
38	123	99	78	124	129	131	248	198	200	180	238	240	200	189	36	94	120	91	107	203	163	238	189	52	24	161	184	95	186	114	181	
138	40	166	153	101	216	248	66	255	87	86	21	140	206	54	204	219	41	179	17	22	252	50	195	135	214	154	67	134	13	61	198	
11	134	88	217	23	181	104	39	95	5	79	18	173	34	46	100	119	11	50	156	54	152	117	215	143	255	154	65	178	136	137	140	
185	91	91	76	126	147	66	88	85	72	245	238	115	209	163	240	126	168	6	106	205	183	36	31	114	169	32	136	127	171	120	241	
138	184	162	177	85	215	120	64	23	77	87	19	140	223	98	204	232	185	167	144	158	252	113	209	143	215	146	67	162	13	44	215	
10	176	176	185	87	181	184	66	31	59	85	19	140	159	126	140	239	25	147	149	146	60	19	209	13	93	26	231	159	13	169	215	
11	156	18	251	177	180	184	115	191	25	86	112	188	151	160	228	231	59	151	144	179	156	2	247	142	247	186	202	154	0	169	159	
176	19	90	204	86	23	98	112	69	136	246	110	19	147	164	112	120	172	6	168	24	187	100	206	86	173	160	217	59	136	122	163	
153	19	91	171	70	229	249	81	44	72	249	103	29	138	122	208	250	137	23	199	135	178	16	208	212	201	170	168	125	11	105	211	
155	95	102	156	7	150	174	246	205	74	210	199	41	12	183	229	110	224	31	239	237	155	52	239	48	122	202	130	31	189	121	221	
115	157	111	76	84	86	111	119	225	68	254	2	113	50	182	119	104	246	124	236	249	187	53	77	115	40	226	128	39	224	244	108	
33	189	115	65	244	207	239	247	127	45	124	96	48	151	148	52	127	58	22	24	243	184	32	95	109	156	37	192	195	138	198	249	
45	61	122	193	246	187	251	214	87	224	124	162	59	173	247	36	127	250	23	221	155	186	36	238	126	221	167	224	231	223	112	249	
7	196	32	145	151	247	184	239	31	229	30	147	204	124	255	228	255	11	155	181	183	152	61	223	47	22	159	199	150	92	157	252	
19	77	224	189	199	36	238	111	28	66	72	135	57	44	53	104	111	235	51	143	228	24	21	251	53	46	222	0	53	252	49	220	
19	77	107	206	214	146	239	117	69	192	223	198	113	239	182	100	126	238	23	239	201	155	45	255	112	45	174	128	53	186	240	248	
188	221	114	110	117	87	94	248	85	206	253	43	123	93	191	181	126	248	151	235	237	183	56	191	243	207	165	149	119	191	126	219	
130	172	52	147	190	161	184	130	158	19	24	146	140	174	120	9	135	11	27	145	178	76	14	247	12	22	158	232	148	77	17	137	
134	72	130	154	4	131	174	64	22	130	83	18	8	202	113	72	120	41	19	211	98	150	8	210	0	6	155	128	20	57	48	128	
153	5	236	69	246	58	111	51	116	198	94	150	121	45	147	229	126	198	22	174	229	180	101	142	102	111	230	128	47	254	248	253	
11	185	115	73	245	223	174	247	95	105	122	102	232	28	180	164	126	42	22	157	215	184	101	223	44	28	134	194	95	140	241	189	
23	133	107	205	214	147	239	249	85	64	223	198	81	108	190	100	126	234	23	239	219	187	45	223	120	45	170	196	125	143	240	245	
188	93	114	238	117	87	94	248	85	78	252	43	107	93	63	180	252	249	151	227	236	167	120	191	179	217	165	191	119	191	126	219	
194	203	14	190	43	128	188	167	156	22	194	183	172	206	50	67	230	35	251	197	100	205	2	253	224	115	222	155	20	20	189	91	
2	30	146	137	51	243	56	74	31	15	76	178	172	182	39	196	215	59	179	144	22	156	2	223	15	54	154	203	146	69	45	143	
131	92	103	157	79	211	172	230	220	82	208	214	168	204	181	239	104	97	186	231	229	239	54	255	36	50	218	10	31	29	113	220	
163	217	39	219	95	213	164	231	223	81	64	82	40	220	52	229	204	58	146	205	247	62	54	255	45	24	142	106	95	12	241	188	
60	45	114	225	246	187	250	210	87	160	126	138	27	239	245	48	126	234	23	248	154	186	36	254	126	221	163	224	247	207	114	137	
211	94	142	190	11	180	188	230	172	214	194	167	236	234	35	203	230	229	251	199	100	199	130	234	144	115	218	139	12	117	57	95	
177	15	106	180	198	34	239	247	80	192	90	231	49	172	247	99	110	239	55	205	229	250	164	104	124	41	254	128	45	248	113	217	
58	109	242	237	116	171	106	214	111	129	252	2	43	235	53	80	126	235	23	216	138	186	192	235	182	253	134	136	247	218	114	136	
153	5	228	117	180	58	111	51	117	194	126	150	251	45	150	101	127	198	54	174	253	188	101	142	102	255	246	128	231	236	240	101	
27	206	110	222	38	144	111	246	197	76	94	167	41	206	183	244	102	224	63	206	197	137	39	253	114	111	174	137	55	151	120	93	
123	222	126	222	110	144	254	240	205	68	252	230	105	200	183	229	110	225	183	235	204	43	46	253	50	123	207	11	63	191	120	77	
35	189	99	81	245	223	239	247	95	225	122	66	248	28	180	164	126	42	18	56	243	184	117	255	46	30	135	64	95	140	208	188	
7	14	231	223	230	98	175	66	92	198	95	178	192	236	181	111	123	108	51	143	177	244	39	234	4	46	203	128	133	253	117	228	
50	217	32	202	95	199	150	237	141	72	240	43	40	92	60	0	204	179	151	225	202	43	16	255	51	28	140	251	85	30	245	219	
40	201	185	255	189	205	87	174	206	89	252	0	182	253	33	96	201	122	62	64	75	42	106	181	235	253	52	123	144	91	212	234	
79	21	239	197	230	118	239	27	84	206	95	182	89	125	191	110	126	102	63	173	177	209	181	202	110	47	239	128	175	255	244	245	
176	69	98	109	148	43	198	115	85	34	250	26	67	41	181	49	120	198	21	234	232	183	69	142	178	238	128	16	103	250	242	12	
48	129	64	137	212	131	238	229	29	1	250	2	104	10	44	64	120	131	6	224	90	186	65	221	188	168	142	64	53	10	240	8	
57	109	106	225	118	179	235	86	85	192	126	130	57	173	183	36	126	186	23	253	129	186	36	238	126	205	167	192	247	223	112	233	
24	58	248	99	55	249	115	216	95	45	52	42	174	25	195	12	59	26	198	82	2	56	41	177	79	221	49	179	247	155	77	171	
218	201	86	254	133	212	124	165	157	4	210	3	108	186	54	197	234	179	191	225	124	175	19	255	179	250	218	75	55	12	252	14	
106	220	242	236	100	156	254	215	43	75	252	171	173	191	244	112	255	187	183	133	194	58	226	243	246	253	190	170	23	222	227	217	
180	65	67	140	76	3	206	72	4	160	184	74	66	136	49	2	120	196	74	235	72	39	72	202	176	0	139	60	85	123	112	128	
188	92	110	254	100	118	223	120	81	206	255	38	115	125	191	97	126	254	23	170	236	242	57	142	115	239	225	129	119	251	124	211	
71	116	239	133	178	118	171	150	60	201	222	246	217	166	159	110	119	68	127	189	145	209	181	194	44	46	190	196	173	245	177	117	
19	133	111	205	214	178	171	115	124	65	94	210	121	38	190	100	118	131	23	173	179	152	37	223	124	46	170	192	53	130	161	108	
218	207	118	190	59	208	30	111	191	6	212	179	108	239	174	215	102	243	239	128	102	79	170	255	178	115	222	139	55	36	173	95	
58	218	107	190	70	200	191	244	141	70	212	199	43	140	55	66	110	233	147	71	197	191	182	233	119	121	202	10	119	191	117	252	
122	218	111	254	100	208	255	246	161	76	254	231	105	142	182	112	110	230	183	199	205	159	36	237	114	111	254	131	55	150	246	223	
255	220	122	94	79	149	255	240	205	84	244	134	105	200	55	101	110	225	162	199	197	47	62	253	51	105	199	41	127	191	120	220	
24	123	248	103	106	73	177	216	43	60	117	168	63	143	195	27	46	89	231	66	2	112	138	113	86	193	112	169	119	187	79	171	
57	84	110	125	228	119	255	127	85	78	126	50	91	125	183	237	127	188	183	170	184	180	53	158	103	239	240	129	119	249	252	243	
83	250	131	179	34	0	42	206	63	251	82	247	140	134	203	222	183	205	125	151	199	220	141	227	156	118	159	166	140	85	43	93	
191	233	101	186	95	213	79	232	131	240	148	10	127	213	123	181	104	234	211	254	106	99	58	253	187	217	133	57	51	31	118	234	
63	124	103	206	31	151	203	248	133	192	180	142	123	205	53	133	94	224	219	238	233	167	124	189	51	73	129	24	127	175	80	120	
27	203	7	156	42	133	142	246	141	70	92	231	45	199	160	196	110	51	151	207	195	13	6	255	176	38	186	136	63	156	169	121	
11	157	51	137	181	255	179	99	79	77	95	167	172	188	182	228	190	43	146	21	151	184	37	223	44	20	26	67	222	78	157	245	
42	183	114	73	243	211	182	119	12	77	125	165	40	126	174	164	254	27	130	176	214	184	52	221	110	93	6	195	83	134	239	223	
83	201	98	138	223	148	62	236	143	68	64	135	41	140	54	68	102	203	187	215	198	11	190	245	63	40	142	72	61	159	185	92	
2	22	186	153	114	227	186	75	30	15	89	51	188	190	38	64	215	59	19	144	54	158	97	95	15	38	186	195	144	64	37	223	
2	148	58	217	53	251	113	3	127	45	94	50	136	146	166	100	241	10	14	144	22	152	32	215	207	23	154	199	146	8	221	71	
3	145	51	137	215	215	186	231	78	73	89	98	140	152	126	164	254	27	146	209	151	184	52	215	45	28	142	231	93	14	169	199	
159	105	97	78	30	145	139	248	207	192	244	134	249	204	247	164	94	104	90	110	195	33	126	189	62	72	1	56	127	175	89	252	
2	176	187	153	52	207	176	66	62	77	83	23	140	158	36	72	243	57	3	17	22	188	50	215	13	22	26	67	144	8	37	215	
49	122	99	76	118	155	131	120	204	192	241	238	51	200	181	164	94	184	6	111	201	163	100	157	48	40	3	58	93	175	115	189	
2	224	186	153	103	245	184	66	31	29	87	19	140	158	118	76	231	9	147	145	22	188	50	208	7	84	154	199	148	13	173	199	
2	170	160	153	247	241	186	202	31	77	88	179	140	140	118	140	255	27	147	149	150	24	34	215	15	84	154	239	151	77	61	215	
2	56	50	217	69	221	184	64	143	77	87	35	136	222	102	108	238	57	147	144	134	148	114	209	71	220	154	195	23	13	117	215	
57	82	91	72	116	134	97	80	68	76	247	110	16	13	164	112	124	172	6	168	129	187	100	76	86	169	160	192	123	138	114	217	
27	89	99	142	38	146	238	113	205	200	219	230	105	236	182	228	126	165	55	175	197	145	36	202	48	110	238	128	47	182	57	117	
2	159	84	216	155	145	188	103	141	1	92	242	172	255	160	197	102	51	159	129	114	8	6	213	62	112	10	203	54	12	173	11	
24	17	50	169	55	247	121	81	101	77	223	54	157	159	186	228	126	153	159	209	135	149	53	209	215	197	170	129	55	135	45	243	
3	154	30	216	48	180	56	115	175	21	78	244	172	222	166	228	231	59	187	128	150	137	34	213	130	254	154	202	154	128	169	159	
57	90	103	188	46	195	142	112	196	72	216	231	113	200	179	64	126	224	7	231	205	163	6	189	112	39	234	136	125	63	120	217	
57	94	122	78	118	179	251	80	84	64	125	198	113	197	183	117	126	168	2	110	237	178	52	28	82	233	160	0	127	187	120	240	
3	128	56	185	21	253	121	3	95	93	70	23	136	138	62	76	225	11	2	156	22	152	113	215	143	220	154	65	146	12	173	198	
57	94	103	76	38	179	235	112	196	196	125	230	115	196	183	229	126	168	22	110	201	179	52	157	82	237	162	0	127	191	112	245	
57	137	41	202	93	213	203	200	87	73	244	2	50	28	62	244	216	138	22	221	159	42	125	183	91	125	144	89	211	143	120	110	
35	174	168	177	181	189	152	199	94	125	152	23	174	8	86	8	201	11	131	21	158	44	80	183	204	85	154	119	220	76	155	206	
91	219	99	159	83	144	61	247	101	76	86	230	41	6	162	229	102	179	174	196	199	156	53	255	182	102	190	194	62	148	165	125	
46	164	240	235	213	253	250	203	87	45	121	1	139	221	126	132	217	27	147	145	158	58	88	147	15	221	147	111	211	78	222	134	
57	141	107	206	212	130	239	121	197	64	223	194	113	237	190	100	126	238	23	239	217	171	44	175	114	173	166	136	55	186	240	248	
223	24	135	180	135	114	170	66	188	195	203	215	204	238	119	238	255	109	187	151	181	209	150	226	144	118	203	138	140	117	57	212	
186	212	114	238	117	127	95	120	85	110	253	43	107	125	63	149	254	249	151	34	236	183	120	159	179	223	161	147	119	254	126	247	
180	220	122	238	124	119	94	248	21	78	253	43	115	221	63	49	222	249	151	99	236	167	120	191	243	221	161	191	117	251	126	219	
243	157	103	76	68	86	237	119	241	68	254	2	121	188	182	119	104	230	54	237	241	187	180	237	55	56	194	128	103	228	246	252	
191	69	224	101	182	50	126	183	113	226	94	151	91	45	151	101	127	198	149	175	252	212	101	142	110	111	229	132	167	244	240	124	
134	73	130	154	4	131	174	64	22	130	81	18	104	202	97	72	120	41	19	210	98	150	10	234	0	6	155	136	20	57	48	128	
90	198	119	252	43	210	60	103	189	14	214	163	45	239	166	213	110	183	143	128	104	139	38	221	242	247	250	139	55	148	173	127	
187	73	99	76	87	159	202	104	77	64	245	142	123	76	181	164	126	168	18	111	201	163	116	157	49	104	8	24	127	175	82	244	
40	195	185	235	190	201	87	173	78	13	124	40	247	247	72	112	211	90	142	64	66	56	107	53	239	213	52	63	48	90	196	43	
60	84	238	109	244	118	255	126	85	207	126	34	91	61	191	96	127	252	183	170	168	180	53	142	103	239	240	129	247	251	252	243	
71	120	163	135	50	52	171	80	46	235	83	230	188	198	223	108	119	205	31	141	135	148	189	193	148	54	187	160	140	231	49	117	
250	129	98	254	197	212	124	61	85	4	87	3	105	255	62	197	248	179	183	224	254	26	83	223	119	251	218	203	55	142	252	10	
34	213	48	202	127	135	150	237	141	72	184	43	44	92	60	0	220	147	151	225	210	43	88	255	59	28	140	254	85	14	148	219	
123	219	107	220	118	144	255	246	85	76	94	231	57	159	182	116	126	251	183	197	207	155	36	255	114	109	190	202	63	148	244	255	
59	205	35	218	93	213	207	230	197	92	252	15	58	204	54	96	232	226	147	207	79	43	58	253	123	95	214	104	91	30	112	254	
176	4	98	109	148	43	206	99	117	34	250	18	67	41	20	81	123	198	6	170	184	190	69	142	178	254	208	0	231	232	112	12	
123	218	106	206	79	149	223	244	197	68	220	135	41	204	55	96	108	227	179	207	204	43	62	253	115	111	130	8	63	159	116	220	
176	5	98	237	212	43	198	99	81	34	250	26	67	41	53	17	121	198	7	171	120	183	69	142	178	238	192	16	101	248	242	8	
59	105	103	94	29	215	203	232	197	72	252	10	59	221	53	164	120	224	215	238	75	171	58	189	51	95	129	184	127	159	120	254	
71	188	239	199	182	118	171	154	124	205	222	230	216	166	223	102	119	78	127	189	131	217	189	236	124	46	174	196	143	199	49	125	
60	21	231	237	228	102	255	126	81	206	126	38	115	125	191	107	126	246	55	170	184	242	53	142	119	239	229	128	231	251	244	243	
31	62	195	163	115	187	58	218	47	233	251	237	47	14	195	148	183	141	223	148	135	145	29	253	158	84	11	166	239	199	11	221	
180	69	65	140	220	35	198	111	68	162	184	74	66	104	53	0	120	228	74	227	104	167	73	142	48	132	133	60	117	123	112	128	
18	223	66	156	122	144	188	247	157	4	88	231	44	143	166	196	110	59	151	196	67	11	6	255	50	102	186	139	63	140	169	157	
18	159	106	156	126	208	188	103	157	73	92	179	40	191	166	196	238	51	183	129	114	11	6	255	50	103	186	203	21	12	188	127	
28	122	210	99	115	27	50	88	47	173	61	239	47	11	199	148	62	153	199	80	130	176	9	251	94	213	33	163	239	143	79	155	
2	16	23	153	116	175	168	66	190	9	82	81	156	146	36	72	242	57	59	17	19	152	16	213	5	20	186	192	152	9	33	163	
2	174	42	155	246	183	184	70	30	13	88	151	172	140	118	0	255	43	19	149	182	154	0	214	14	21	154	231	149	76	61	223	
6	112	187	153	230	197	184	67	31	25	80	67	156	158	101	72	231	25	19	145	6	182	18	208	5	20	26	234	148	8	37	131	
2	158	10	137	244	163	187	70	30	5	90	183	148	46	38	64	255	59	19	149	22	152	80	215	76	5	186	193	156	72	53	211	
90	88	246	252	35	82	48	70	189	132	246	171	44	191	39	255	234	247	239	128	12	239	162	201	147	243	90	139	231	116	47	95	
6	15	238	223	180	34	175	82	92	142	95	178	208	232	183	108	123	110	35	159	176	240	45	234	108	46	238	128	149	251	245	228	
2	153	114	73	243	215	190	103	79	69	124	167	12	156	182	164	254	59	147	209	214	184	52	253	47	28	14	195	87	6	173	215	
51	233	34	136	213	151	126	229	7	69	72	143	40	140	62	212	252	139	147	229	222	27	56	253	59	20	142	109	31	30	182	222	
10	159	33	169	178	230	187	51	20	69	74	231	189	39	32	64	215	59	19	177	18	152	81	223	109	228	186	192	144	66	165	243	
227	157	107	94	68	212	237	119	121	68	126	2	56	188	182	117	122	190	51	205	241	187	180	237	55	56	218	128	71	196	246	252	
59	233	34	170	87	215	202	236	71	96	68	15	42	140	50	164	124	233	146	239	207	59	60	253	187	76	136	40	63	14	58	220	
169	221	119	81	245	219	239	247	127	97	122	82	168	116	180	165	126	42	18	24	241	184	117	255	47	30	22	66	71	140	225	236	
50	217	107	254	71	132	191	246	133	64	220	135	49	189	53	96	108	251	147	199	201	187	182	169	115	109	158	8	61	159	180	248	
19	133	110	205	214	178	171	55	124	65	95	146	121	38	182	101	118	135	55	173	179	152	37	223	124	46	170	192	53	130	161	236	
63	132	230	245	182	50	238	183	113	226	94	147	75	45	148	101	127	222	53	173	252	248	101	206	126	255	223	132	167	252	240	76	
2	80	55	201	52	135	184	64	175	25	82	67	156	154	52	72	230	25	31	209	18	145	18	209	133	16	154	198	148	9	177	163	
137	18	123	233	102	252	97	80	109	77	118	118	59	151	170	240	110	136	134	140	135	180	36	197	71	233	178	193	43	140	108	249	
61	9	106	232	5	55	94	64	21	0	245	2	27	155	51	228	122	184	151	238	12	179	52	220	211	221	130	1	119	191	108	96	
3	152	58	218	50	164	57	7	174	29	72	23	188	158	38	96	199	59	59	144	22	8	50	213	15	60	154	202	152	2	161	95	
90	206	102	156	107	146	61	103	157	14	214	183	40	174	166	213	238	191	175	133	104	15	198	255	178	119	218	139	55	148	189	95	
43	237	110	218	125	209	214	230	199	89	180	42	42	221	246	181	200	226	214	200	78	43	106	189	59	217	165	251	83	28	254	239	
2	140	62	153	244	227	185	35	252	29	90	51	180	26	38	65	227	35	31	16	54	152	33	85	77	54	58	195	144	0	165	75	
19	219	67	156	83	145	45	247	157	76	92	231	45	134	166	196	102	187	151	196	199	25	38	255	54	38	186	138	63	156	173	221	
0	159	62	216	246	224	177	103	252	29	90	55	36	186	166	64	227	51	14	1	182	153	32	87	110	38	58	195	144	0	165	203	
25	132	228	117	180	58	248	51	117	195	118	18	91	41	150	109	127	206	53	172	188	248	101	206	78	255	242	192	231	236	240	108	
2	201	82	159	126	129	190	230	30	0	112	2	172	202	49	64	238	59	19	195	66	186	2	253	52	20	154	168	21	25	33	137	
61	1	107	77	71	119	127	112	69	64	255	2	83	205	55	116	122	168	18	238	13	179	52	140	83	237	128	0	119	191	96	192	
44	56	184	113	229	253	240	210	87	175	52	25	155	157	87	136	201	24	151	24	158	62	240	178	79	221	179	117	210	205	94	194	
11	146	6	157	117	181	184	99	221	75	82	247	172	186	54	197	231	43	159	133	167	157	22	223	150	127	218	131	30	12	57	221	
43	15	98	65	244	179	238	182	84	232	94	230	9	172	183	228	92	238	151	221	221	154	100	254	46	77	168	193	31	141	120	221	
147	219	106	156	242	208	60	119	188	77	86	231	40	134	166	240	102	187	150	133	215	155	36	255	54	39	190	194	29	132	169	221	
17	79	235	229	54	130	239	119	228	200	218	230	177	200	176	98	110	109	29	205	201	249	36	12	224	173	174	128	45	184	241	185	
8	141	42	161	148	231	187	35	30	101	90	3	181	60	50	96	254	43	19	145	150	152	113	159	109	5	170	193	148	74	21	202	
2	200	18	159	70	129	186	230	158	0	64	2	172	202	49	64	110	107	19	195	66	186	18	255	53	4	154	40	21	25	49	136	
60	92	254	111	116	127	250	250	85	207	127	39	83	61	191	64	127	220	55	170	172	176	117	174	103	239	228	133	247	251	124	219	
71	120	235	131	54	86	171	80	111	237	95	230	188	198	223	100	118	141	31	157	131	145	189	201	212	60	171	128	142	167	49	117	
48	4	199	125	84	42	192	99	117	35	242	82	67	41	20	89	121	198	6	168	56	250	69	206	152	174	208	0	229	232	112	0	
17	128	244	245	52	26	232	17	119	17	114	2	75	41	148	109	122	140	55	157	156	248	101	205	14	254	210	64	231	136	112	4	
74	142	38	157	123	146	184	99	191	15	214	183	172	174	54	197	238	175	175	133	228	223	199	223	150	119	218	139	23	68	61	223	
52	21	247	237	244	102	239	126	81	239	122	102	83	125	189	106	126	246	55	234	185	242	49	142	119	238	229	128	247	251	244	241	
180	5	195	140	220	35	198	111	16	162	248	90	66	32	33	1	121	198	10	163	120	183	65	142	176	166	207	16	253	120	240	136	
71	181	235	194	118	246	171	216	108	201	223	230	88	190	223	116	118	205	63	189	131	155	189	236	28	44	175	196	141	135	55	253	
23	122	195	130	115	151	106	88	47	233	251	239	108	142	255	180	190	141	87	245	135	147	60	252	62	84	139	134	175	135	42	221	
11	28	23	159	119	244	184	103	93	75	91	118	172	190	180	236	230	59	178	133	183	156	52	247	4	126	154	194	158	76	185	221	
161	141	115	89	244	203	237	119	125	5	126	82	184	21	180	36	122	58	18	8	243	184	53	223	45	30	22	64	87	136	229	236	
6	15	238	215	182	162	175	195	220	143	223	226	192	232	183	110	123	110	46	223	144	249	175	234	108	46	175	192	133	251	245	165	
50	128	228	245	22	2	232	37	113	161	210	195	107	41	20	65	123	205	53	173	184	248	197	204	158	254	223	196	165	172	112	12	
56	191	121	235	246	201	119	255	94	37	125	42	119	245	104	112	51	26	6	114	82	56	41	55	127	133	37	125	112	138	197	171	
36	140	252	201	252	247	219	154	71	53	252	18	18	29	182	100	73	154	31	152	186	46	117	215	79	31	145	85	183	201	124	98	
40	108	184	241	181	253	240	214	223	175	60	16	158	157	83	136	201	58	151	24	142	188	240	178	79	221	53	113	210	220	94	203	
2	133	122	75	150	247	186	77	78	5	121	131	173	254	62	96	254	27	147	149	150	184	61	255	47	77	42	195	213	2	237	207	
35	213	33	250	221	133	205	127	85	73	248	94	49	77	60	96	220	155	19	141	219	42	114	247	127	126	158	120	89	10	240	248	
147	223	111	220	54	144	191	246	244	72	214	231	57	190	182	97	110	251	149	199	239	139	38	253	114	105	238	136	61	148	112	253	
35	181	120	203	214	245	186	79	94	69	125	166	168	220	254	160	223	27	147	145	151	186	124	215	45	28	138	235	213	10	173	221	
39	182	225	75	213	245	171	75	27	109	125	158	8	204	222	164	221	26	147	157	151	50	252	211	15	28	141	238	223	79	222	244	
8	152	22	185	115	182	184	87	60	9	86	114	157	19	160	204	103	27	146	153	51	152	17	213	140	247	58	194	154	132	41	169	
39	182	224	75	245	241	186	73	95	73	121	255	40	204	222	168	221	27	147	177	151	178	108	211	46	28	153	239	221	14	254	213	
130	0	18	200	116	133	104	67	140	1	80	82	156	138	117	192	234	25	27	145	2	161	0	208	148	16	138	44	20	8	33	128	
42	251	124	90	124	209	215	230	207	12	188	42	42	220	166	36	202	242	198	64	206	43	98	189	114	93	180	251	87	156	84	111	
170	201	96	90	61	209	214	246	215	72	252	42	58	217	182	164	200	170	151	75	206	42	98	191	34	221	160	187	119	156	92	239	
146	95	94	188	58	210	156	118	180	204	214	231	53	174	163	67	230	113	141	193	237	205	38	109	242	227	234	129	45	176	45	89	
154	95	70	158	62	146	140	118	148	76	208	231	41	174	183	199	110	235	159	197	237	143	6	239	178	96	250	138	63	188	56	221	
154	79	102	158	50	130	174	113	188	198	210	247	41	206	183	199	110	229	159	207	228	207	6	238	176	98	250	128	47	164	61	221	
169	73	99	94	125	213	199	116	213	72	244	34	59	221	183	164	72	42	22	206	233	171	102	191	99	253	160	153	87	28	112	239	
41	181	97	75	245	157	230	255	95	65	121	84	242	112	188	180	89	10	18	44	251	58	121	191	45	28	148	96	91	94	210	188	
163	149	99	223	69	244	172	103	121	64	91	66	104	252	188	229	248	175	179	133	213	186	180	239	53	56	218	194	71	70	247	252	
2	73	18	156	78	128	174	230	140	0	208	2	172	138	49	64	106	235	19	193	64	139	2	237	52	48	138	136	21	25	113	136	
118	121	104	178	215	209	159	192	137	93	149	175	72	220	95	15	190	211	151	247	166	99	188	225	51	88	206	251	101	31	151	215	
111	160	224	208	237	125	233	152	27	254	53	24	200	205	95	190	221	204	243	158	144	86	250	210	31	30	209	254	211	237	94	244	
26	141	3	169	179	198	74	55	37	65	202	194	172	55	160	196	118	51	157	172	89	152	81	223	173	244	138	194	54	134	161	57	
82	207	35	142	23	192	187	101	173	4	218	163	44	142	54	68	250	51	187	193	70	137	4	255	188	36	142	195	21	14	181	94	
35	94	104	153	118	177	189	103	94	237	92	167	160	172	183	100	78	171	151	149	132	154	100	254	44	22	190	171	149	92	189	221	
184	73	106	236	85	83	71	112	197	12	244	34	43	155	183	116	120	168	150	234	108	183	32	174	115	233	160	137	115	187	116	235	
35	173	130	158	205	149	172	103	93	136	92	66	168	248	182	165	200	123	146	129	213	250	86	233	54	24	206	11	29	110	249	140	
95	45	142	180	153	246	94	67	184	203	202	17	172	250	35	218	225	103	249	149	28	203	146	234	219	119	223	75	136	101	185	70	
11	243	108	73	104	156	121	17	239	93	94	229	157	159	210	228	6	13	255	220	199	144	167	209	70	121	42	192	14	134	9	253	
214	94	239	180	42	122	191	48	172	234	151	247	223	252	211	43	39	117	253	39	225	197	191	136	211	227	107	150	173	115	37	115	
214	92	175	252	12	230	223	98	172	202	211	71	112	238	53	107	236	245	125	231	233	197	50	104	209	170	235	152	141	113	53	114	
16	1	245	225	6	138	232	1	111	17	114	66	75	9	20	72	106	141	39	216	138	248	71	192	14	248	194	64	101	138	112	4	
79	112	235	197	118	86	251	80	102	204	223	166	152	157	247	100	126	140	63	205	139	183	245	200	87	45	171	132	39	171	117	117	
52	16	255	237	116	102	251	122	87	205	127	35	83	253	63	96	126	252	55	169	136	178	57	140	119	238	225	132	245	235	116	243	
10	14	166	157	83	182	184	103	189	7	214	151	172	170	54	205	238	47	187	133	180	221	23	207	22	119	218	131	30	68	57	222	
52	4	130	156	220	3	134	111	20	162	224	10	66	32	33	65	121	198	10	168	120	251	65	14	184	38	215	16	241	120	240	136	
37	21	243	237	244	102	235	248	85	201	123	102	81	253	189	96	126	252	55	232	145	186	191	140	63	238	167	128	255	235	112	241	
50	224	198	229	22	10	232	32	123	177	242	66	99	9	20	64	122	141	53	217	8	248	197	205	156	170	219	64	37	136	112	8	
103	112	107	128	118	150	235	216	109	201	223	230	80	222	191	116	126	237	55	253	135	147	188	204	60	60	171	142	13	135	115	245	
3	156	51	217	215	244	185	231	223	91	90	114	172	254	188	228	255	59	179	145	183	156	54	247	45	118	158	194	159	76	165	253	
1	141	115	95	116	239	169	119	125	15	127	16	176	181	180	100	123	58	2	8	241	184	37	255	37	62	18	2	83	200	229	237	
28	165	161	171	149	231	187	89	86	69	217	3	223	93	120	32	121	27	31	177	154	160	125	215	237	212	171	228	247	79	181	226	
26	149	39	170	183	199	75	125	133	85	91	131	236	87	56	197	118	147	159	173	242	137	25	221	233	16	138	194	54	142	181	123	
175	240	225	169	71	101	171	200	30	93	81	215	29	204	127	8	255	73	19	215	130	118	222	242	68	76	171	236	213	61	55	211	
18	135	99	136	23	193	155	239	13	5	216	163	44	206	44	68	122	155	159	229	94	139	6	255	185	36	138	203	53	14	181	126	
16	251	123	192	82	207	115	240	87	37	100	10	23	229	32	48	63	250	2	90	114	58	56	127	127	132	5	100	115	139	197	160	
170	84	241	201	221	247	193	143	95	127	244	18	138	28	245	236	73	152	146	24	170	62	117	214	15	30	146	118	215	156	116	236	
169	76	39	220	101	114	233	118	213	202	214	50	56	156	183	239	104	236	22	171	237	247	36	206	82	123	242	129	119	252	116	237	
35	153	65	89	245	159	230	239	94	97	120	70	144	120	188	228	216	10	18	109	247	184	124	189	46	94	135	102	95	12	216	148	
139	76	38	156	45	214	237	99	149	202	214	23	248	204	183	239	72	224	191	143	237	207	54	236	130	123	218	128	31	124	120	252	
87	92	174	156	5	54	189	98	165	206	214	135	72	238	183	111	237	228	187	175	237	199	54	200	83	123	218	128	143	117	120	86	
163	213	101	219	61	133	204	173	94	81	144	22	240	93	60	97	216	26	19	109	251	42	91	157	103	88	222	86	93	24	208	186	
48	0	199	189	84	10	224	97	117	33	242	66	67	40	20	89	120	140	38	161	24	250	69	204	156	174	210	64	229	40	112	128	
163	205	13	255	124	192	228	238	156	26	208	82	180	25	48	97	200	90	23	77	107	174	82	127	229	170	254	152	92	24	112	170	
35	148	102	136	85	244	186	234	125	73	90	83	72	252	62	228	249	139	179	181	183	190	23	215	31	62	154	207	223	13	121	150	
75	33	120	201	122	153	249	17	236	64	23	164	157	143	210	116	38	9	223	173	198	1	165	212	70	89	170	236	54	132	1	245	
202	149	119	154	213	198	109	53	133	4	211	82	110	83	184	197	96	178	191	232	121	153	19	253	61	48	192	194	54	142	180	44	
118	119	107	128	238	64	158	204	139	220	184	239	72	204	127	43	190	209	215	247	196	99	174	248	49	24	207	191	69	119	247	215	
9	72	18	154	103	145	171	64	12	21	87	2	141	130	234	205	102	9	130	219	2	22	10	240	20	193	186	201	22	15	41	129	
94	173	135	178	159	240	22	231	174	201	138	35	78	250	98	242	225	231	253	209	28	203	130	236	187	103	143	219	128	119	189	71	
31	4	231	213	135	118	237	55	117	211	94	146	217	47	151	239	103	255	181	173	176	220	53	200	71	107	223	129	167	245	177	100	
54	245	103	162	238	69	158	216	137	88	153	239	88	93	61	3	190	211	151	243	194	35	26	224	49	24	207	166	37	127	183	247	
53	79	71	191	246	2	78	245	149	200	123	231	67	96	184	193	126	230	38	238	253	178	77	174	44	102	229	192	253	255	248	149	
10	114	178	216	109	213	152	74	143	221	20	37	172	158	118	174	134	57	191	21	134	79	50	209	11	89	154	239	22	132	45	223	
35	165	34	159	85	181	190	107	92	141	93	2	236	248	62	229	216	43	146	129	246	186	110	239	36	54	218	11	28	78	185	206	
42	37	178	122	217	241	144	198	155	5	236	1	40	255	111	156	137	59	195	144	14	235	2	225	11	213	30	43	195	84	47	142	
48	1	198	141	84	138	224	65	103	49	226	2	66	0	36	88	120	140	34	152	8	186	65	68	156	162	194	64	97	8	112	128	
16	0	85	225	6	136	232	1	111	16	114	66	131	137	84	66	106	141	38	152	10	184	199	208	6	248	130	64	101	136	112	128	
215	94	7	159	47	50	142	32	220	202	211	246	233	72	181	239	111	101	60	175	237	197	39	234	144	122	218	146	15	125	57	85	
48	128	134	133	84	10	224	97	16	161	226	10	66	32	32	64	120	204	34	232	8	251	69	12	156	34	211	80	97	40	112	136	
10	112	118	232	109	212	248	80	207	93	21	167	140	159	118	110	230	57	191	213	134	33	178	209	195	89	154	171	22	132	45	223	
105	61	101	68	237	71	205	107	73	234	184	75	26	60	21	179	200	199	215	165	201	43	213	206	61	8	229	60	69	124	82	58	
90	29	165	165	139	98	149	47	142	227	138	167	207	60	69	194	193	87	253	129	92	75	211	128	185	103	223	55	132	124	149	90	
33	217	87	89	213	223	166	231	94	113	114	66	146	152	180	164	232	106	18	89	215	184	52	189	46	95	7	70	93	12	217	157	
92	175	18	162	187	208	22	231	162	140	202	35	46	250	98	208	242	251	205	209	94	139	138	175	186	229	175	203	160	7	190	75	
163	48	225	211	237	253	232	73	95	251	181	26	200	92	220	236	217	155	179	145	215	244	125	210	15	92	159	55	215	76	216	172	
50	141	67	168	147	195	30	239	21	5	216	163	47	142	36	196	123	187	151	161	91	138	64	255	185	244	138	203	53	12	181	126	
32	201	51	216	85	215	171	246	95	0	100	2	40	133	37	164	60	58	2	216	67	187	50	253	57	152	6	98	83	136	101	172	
21	139	198	143	188	130	238	240	196	136	219	231	225	233	181	192	126	100	46	255	213	185	15	236	46	44	167	192	45	170	120	129	
0	143	123	95	244	166	175	119	125	15	126	16	248	227	180	100	121	58	2	8	178	184	32	255	101	62	18	64	83	200	229	173	
2	157	123	217	214	242	185	103	30	69	92	178	184	190	180	100	127	59	147	145	147	152	53	223	109	46	154	194	149	72	181	252	
51	221	106	172	119	151	254	103	13	64	90	231	40	156	182	228	254	171	151	69	199	184	20	255	50	124	142	130	125	30	249	223	
191	107	66	184	118	151	250	112	53	200	240	231	57	207	183	144	126	233	151	239	205	151	4	236	50	201	171	136	127	183	122	193	
37	57	211	237	116	198	234	120	70	200	123	102	81	249	181	224	126	124	54	248	129	178	157	140	46	172	163	192	125	171	112	177	
74	158	166	157	83	182	184	71	189	7	78	151	172	174	54	204	230	47	171	133	148	216	147	231	6	119	218	195	138	68	173	222	
