 •¬ﬁ¿ºÀÆ¥Ω”‘	#206 Í”√¡∑€	http://www.yslbeautycn.com/on/demandware.static/-/Sites-ysl-master-catalog/default/dwf7f514a9/Makeup_Pro_img/00099YSL/L6720700U_206_COLORIMG.png	//www.yslbeautycn.com/dw/image/v2/AARM_PRD/on/demandware.static/-/Sites-ysl-master-catalog/default/dw5909583b/Makeup_Pro_img/00099YSL/L6720700U_206_01.jpg?sw=336&sh=444&sm=fit
67	152	26	152	122	164	184	82	47	89	222	117	188	154	34	92	231	59	159	21	134	159	2	213	214	22	26	202	152	4	41	31	
198	14	190	216	253	248	176	66	253	31	118	48	140	154	37	73	227	49	163	17	50	101	2	246	31	51	90	203	208	73	125	163	
18	133	112	141	94	131	172	103	140	1	216	18	44	10	48	64	106	163	31	161	210	43	0	221	52	4	138	232	21	8	177	136	
60	76	106	106	212	179	75	216	87	160	253	10	83	105	185	32	89	200	23	250	136	179	45	190	122	205	165	244	247	251	112	160	
181	105	235	199	196	3	239	248	86	226	213	206	113	204	253	36	124	236	22	239	201	246	108	170	52	12	165	164	109	251	114	244	
35	98	98	31	117	151	190	72	94	14	121	143	40	200	183	0	248	41	131	7	198	182	14	219	38	28	139	171	93	63	123	198	
142	144	19	188	207	228	176	123	186	91	113	18	28	255	96	205	255	59	179	161	49	63	154	215	93	247	91	110	154	37	37	179	
8	253	91	65	82	195	55	246	38	5	124	162	56	151	160	16	42	251	131	192	66	152	48	119	127	141	54	65	99	146	167	251	
159	91	66	154	210	145	190	220	158	80	80	231	77	202	175	200	119	107	151	215	231	149	14	247	58	103	175	207	191	151	169	149	
41	37	113	77	118	58	235	123	107	224	120	66	57	65	148	180	126	172	22	168	129	178	100	223	38	28	163	164	111	170	114	165	
23	49	101	143	30	83	171	73	70	224	211	194	113	204	181	230	126	213	59	255	215	17	127	221	29	40	139	134	53	143	49	244	
18	133	112	205	214	131	220	47	13	65	218	147	45	46	52	64	126	147	23	165	218	136	69	221	182	108	138	208	53	140	177	9	
34	197	118	200	254	129	188	103	141	81	88	155	172	12	52	32	206	19	151	5	210	43	0	213	54	28	26	194	85	12	145	221	
219	211	100	254	46	147	95	189	197	80	215	231	253	93	186	101	94	147	191	239	236	13	111	253	242	249	238	144	54	158	177	125	
131	209	98	136	215	199	190	237	141	101	218	151	72	142	62	64	254	139	147	229	244	155	20	223	55	28	138	199	21	14	181	222	
163	45	232	17	92	189	184	67	94	232	90	215	160	168	214	169	200	43	22	21	183	248	68	234	14	25	170	227	221	76	89	196	
70	158	30	216	247	160	176	67	249	31	115	50	140	250	36	73	227	51	163	17	52	63	2	214	27	54	90	207	144	65	45	135	
75	137	2	138	31	132	186	168	174	200	10	135	237	202	127	194	102	99	251	215	71	9	158	229	188	32	142	200	30	7	57	28	
35	3	67	72	85	179	226	80	77	97	127	110	8	128	180	244	120	136	146	188	131	178	37	216	22	28	128	226	127	142	120	164	
142	156	51	184	203	224	176	106	156	18	80	50	188	247	32	205	247	59	179	179	51	15	18	215	221	227	75	239	146	37	37	179	
188	95	75	238	210	67	79	249	21	14	252	70	121	99	41	208	120	202	6	234	105	167	9	191	115	239	165	136	123	243	224	130	
56	129	232	239	86	11	234	121	22	160	119	131	113	45	176	33	120	204	19	236	184	248	77	31	126	15	161	133	119	170	80	160	
27	151	100	217	180	208	252	119	23	77	93	183	168	31	182	100	206	27	151	133	223	152	37	213	162	125	186	195	30	140	180	95	
60	91	234	44	246	131	191	213	22	36	124	231	33	237	163	16	126	248	135	230	204	179	12	58	114	45	165	169	119	191	254	211	
188	239	74	130	159	83	207	249	70	228	156	142	75	193	123	132	120	138	206	255	75	35	253	159	248	133	175	61	63	62	252	80	
206	144	179	216	199	228	185	75	58	75	113	83	28	254	60	232	247	31	179	149	179	127	146	211	93	63	90	238	145	68	167	179	
231	128	235	209	197	172	185	3	58	83	115	27	156	142	92	40	189	159	51	149	55	246	212	211	69	62	218	100	197	69	211	242	
61	73	125	105	226	23	109	88	103	224	126	66	25	7	147	252	126	140	54	248	205	144	39	152	118	233	165	132	175	176	106	252	
113	105	115	197	22	50	88	154	117	160	246	226	19	19	133	124	114	196	60	248	138	210	229	205	210	238	161	134	39	177	112	45	
138	176	243	147	110	141	184	69	142	89	81	251	140	156	252	171	142	25	215	21	134	248	198	193	13	88	250	234	4	12	147	255	
11	146	190	181	100	140	185	119	232	93	94	165	189	61	18	98	166	59	151	133	132	152	178	193	197	249	250	128	4	4	21	251	
24	237	90	235	82	201	51	246	39	5	124	163	61	151	34	16	62	187	135	208	66	152	0	125	127	197	164	193	119	146	166	219	
230	197	64	146	196	41	238	165	153	146	185	26	204	106	40	7	59	227	78	130	112	99	72	246	52	18	222	122	85	123	209	132	
3	151	27	137	194	226	173	107	60	71	91	247	28	230	168	196	247	31	130	160	81	158	4	87	144	38	58	198	24	0	161	245	
35	65	122	248	70	201	120	64	237	72	244	11	63	203	126	113	122	169	126	88	70	35	6	208	87	25	34	201	125	130	106	143	
65	160	87	232	114	155	120	98	237	1	122	216	175	142	180	112	163	169	110	9	4	188	6	199	222	254	26	72	224	0	67	12	
66	24	19	200	122	164	185	82	45	25	250	116	172	147	164	92	231	59	31	20	2	15	18	213	146	254	58	202	152	128	33	105	
2	205	2	156	148	130	174	231	20	1	90	2	40	234	48	64	120	107	19	129	98	152	0	255	32	38	158	128	20	24	176	136	
34	205	2	158	84	131	174	231	22	1	88	2	32	232	48	64	88	42	19	193	66	186	0	255	40	38	142	136	21	26	240	136	
143	136	146	182	101	188	185	114	186	29	119	16	236	249	250	140	235	59	183	9	178	124	170	227	78	127	218	203	198	45	123	199	
227	104	37	216	77	228	192	6	195	90	178	27	34	157	53	123	200	164	123	197	9	111	243	208	19	120	208	26	81	25	114	46	
88	39	84	229	44	10	109	55	101	160	206	66	155	19	128	103	102	180	124	168	72	144	197	140	230	225	162	4	38	128	48	40	
2	182	174	155	116	237	176	87	158	93	88	181	172	220	126	8	207	59	147	21	150	188	2	211	77	20	186	203	212	12	53	223	
25	1	211	204	51	31	73	125	33	224	254	74	127	51	145	180	126	164	20	172	73	154	33	200	144	236	162	132	107	162	106	40	
134	158	19	152	99	160	176	99	188	11	121	247	140	234	36	200	231	59	166	128	53	156	2	215	28	178	122	202	24	97	169	151	
63	183	161	210	253	87	146	216	87	253	21	103	72	252	254	45	221	90	151	247	191	242	120	176	107	95	191	231	255	255	180	247	
135	160	235	211	199	172	185	67	58	71	115	27	156	206	92	8	189	159	51	157	55	246	240	195	69	62	154	100	141	73	211	210	
30	151	46	250	181	215	30	253	23	91	85	119	88	126	174	237	253	219	151	243	255	91	43	255	107	95	255	199	191	223	188	247	
198	8	191	216	237	244	248	194	255	91	119	17	12	159	119	124	161	17	51	21	54	85	50	210	31	58	219	207	144	69	117	70	
62	115	104	170	95	67	94	120	5	236	221	175	107	77	59	16	124	185	151	231	222	163	76	189	243	193	169	191	119	191	182	211	
168	13	117	94	109	217	255	112	205	24	117	98	108	93	181	245	170	99	150	106	224	41	42	253	55	248	98	139	87	143	69	175	
122	85	98	204	23	86	223	125	225	196	254	135	105	111	62	244	126	245	157	225	236	139	52	205	243	127	142	155	39	182	110	94	
178	94	226	220	39	242	90	118	149	70	214	183	105	238	183	77	110	245	183	231	172	183	36	235	19	126	210	131	55	253	116	95	
34	213	36	142	237	209	214	109	205	92	189	47	234	252	62	199	200	179	215	227	204	43	122	221	51	80	207	191	87	46	252	214	
142	152	146	190	101	188	184	242	185	31	116	16	236	251	42	204	229	59	178	9	54	109	178	231	95	255	90	75	218	45	43	199	
183	29	102	142	79	54	222	64	205	70	255	135	104	236	183	96	254	225	159	239	140	167	52	235	18	58	202	147	127	255	112	87	
25	1	211	237	115	31	104	121	33	160	126	206	91	35	144	180	62	132	20	172	73	186	1	200	150	237	32	128	123	162	106	40	
130	200	10	155	20	199	54	228	30	9	80	2	180	218	96	64	217	123	19	65	98	188	74	119	45	22	158	72	20	24	177	138	
2	137	18	155	213	198	62	97	28	4	67	3	172	222	34	68	216	59	147	131	82	152	82	253	45	48	142	75	20	14	181	194	
138	201	34	155	85	215	190	101	30	65	80	19	172	222	54	192	248	43	147	133	118	188	16	255	37	54	158	75	28	12	185	222	
165	237	97	75	244	187	231	244	125	66	120	66	120	64	157	164	121	234	22	126	243	176	108	255	36	28	164	100	255	223	210	172	
33	81	91	248	98	201	120	92	237	72	112	106	63	219	164	112	122	185	102	80	199	35	22	208	87	184	34	201	121	130	99	155	
139	213	100	207	254	147	255	189	77	80	95	166	253	71	190	229	118	147	151	239	243	24	111	253	102	121	174	132	55	142	181	125	
139	211	100	235	190	151	159	253	85	76	85	167	253	93	186	101	94	19	151	111	242	168	45	189	98	89	174	208	119	158	149	253	
57	106	106	42	86	145	219	112	69	4	245	175	115	201	179	16	122	168	7	239	206	178	12	61	114	201	161	185	119	143	126	195	
35	167	96	137	245	145	186	103	78	77	92	135	168	136	182	132	255	11	147	149	150	184	4	213	46	28	138	227	223	14	217	207	
163	217	102	142	71	145	190	230	141	84	88	135	40	140	54	229	238	171	179	231	198	63	62	253	54	56	202	171	31	30	249	223	
82	249	178	178	155	192	26	230	171	53	138	179	44	158	98	66	231	215	249	209	90	75	154	241	185	213	158	127	128	20	165	90	
2	136	18	155	52	173	184	66	62	9	83	18	172	222	32	72	231	59	19	145	50	156	2	247	4	54	154	194	148	9	33	139	
82	120	22	152	43	224	48	71	175	29	234	161	44	158	98	82	162	51	235	144	66	11	130	241	153	176	26	203	0	4	167	75	
37	225	97	65	244	27	239	249	117	192	120	74	115	65	157	180	122	140	6	248	195	178	100	220	44	172	165	4	111	186	82	164	
56	133	98	238	84	163	202	121	215	0	255	2	115	233	60	64	120	170	23	234	152	187	8	159	114	237	163	192	119	138	112	128	
19	141	107	206	84	178	235	115	213	64	223	66	121	235	180	100	126	170	23	173	185	187	36	223	112	46	170	192	53	139	112	228	
56	29	63	238	53	199	95	97	141	72	255	2	127	255	37	112	252	181	159	98	105	187	56	191	243	255	130	19	59	170	100	59	
88	72	104	197	21	62	76	159	119	162	214	66	27	3	149	124	120	140	29	184	74	208	241	204	243	254	145	20	38	184	112	40	
163	45	40	17	93	189	184	66	94	236	84	31	168	40	86	9	200	43	22	21	182	250	70	254	14	25	187	227	221	77	89	199	
79	137	198	175	191	128	170	184	174	216	82	231	253	202	187	194	118	99	63	223	215	137	143	229	140	40	174	200	62	7	57	157	
35	144	234	186	110	153	184	65	139	89	81	255	140	220	254	162	142	49	247	21	150	32	230	193	15	121	122	251	69	14	159	215	
26	191	122	170	122	195	155	105	151	68	221	163	109	206	162	64	126	187	159	227	78	139	12	255	248	69	171	251	117	134	39	223	
158	156	18	184	203	244	176	234	191	26	68	50	44	255	42	205	247	59	179	145	51	15	18	247	159	243	90	107	146	5	45	183	
189	95	123	110	210	70	111	249	85	78	124	102	121	99	187	208	126	202	22	234	233	167	61	255	114	239	167	140	127	242	228	241	
66	184	150	152	184	141	184	103	191	27	176	56	172	182	96	89	231	51	223	16	18	75	194	241	156	150	94	250	208	0	131	155	
25	9	77	105	98	19	109	95	101	224	126	230	25	7	211	240	126	140	54	236	205	144	39	88	118	233	165	132	191	240	106	237	
179	14	98	156	71	179	218	114	213	70	222	167	104	236	183	197	238	227	151	239	172	167	36	255	50	122	138	147	127	255	120	95	
34	221	36	206	109	213	151	253	141	92	153	47	234	220	62	99	204	49	215	227	206	35	122	221	55	88	207	255	86	46	244	247	
34	203	251	76	242	193	191	215	31	5	124	162	56	231	165	36	126	123	147	202	66	58	38	249	103	28	34	169	87	242	167	233	
186	220	102	220	39	240	220	246	149	70	214	179	41	191	183	101	110	243	151	135	236	143	38	239	179	122	218	139	55	252	124	95	
57	1	233	79	86	27	235	121	22	224	119	195	113	109	176	33	124	204	23	238	184	248	109	29	127	15	161	132	119	171	80	240	
125	253	104	170	157	85	95	248	71	108	156	47	91	223	251	228	88	136	158	234	207	3	124	157	251	193	175	253	63	159	252	87	
123	87	106	236	19	86	223	127	65	76	222	167	105	111	190	244	126	183	181	229	205	139	53	207	243	125	170	131	47	182	252	127	
40	207	117	94	125	217	255	249	205	24	116	98	108	89	181	181	170	51	150	106	224	41	42	253	50	216	96	139	87	143	69	175	
206	16	178	216	199	244	184	75	187	75	117	19	12	254	54	204	247	63	179	145	179	119	146	215	95	127	91	239	147	69	175	179	
42	91	234	76	114	131	183	213	22	12	124	163	48	237	167	64	94	120	135	202	192	187	36	123	118	45	167	169	119	186	246	243	
62	91	107	111	215	83	95	89	5	76	253	239	123	93	171	4	126	216	151	226	218	163	108	189	115	197	161	151	119	191	246	211	
199	8	186	216	237	244	185	66	255	95	119	17	12	222	119	120	163	17	51	21	54	119	42	210	95	59	91	207	144	69	117	103	
63	151	116	250	183	183	94	253	87	91	213	247	72	255	190	105	255	219	151	243	190	73	41	247	59	223	255	198	191	223	188	215	
63	181	224	242	245	119	222	220	87	251	29	247	73	253	255	45	221	91	151	243	190	242	104	176	107	95	191	231	255	255	252	215	
88	7	76	229	44	10	109	51	37	160	222	226	219	3	144	231	102	180	124	168	201	144	229	140	230	233	163	132	46	168	48	41	
2	178	174	187	102	237	185	87	158	95	83	247	188	157	122	8	207	27	183	21	146	188	98	211	79	23	186	195	148	12	21	219	
40	162	84	189	90	203	248	102	168	33	120	138	171	206	4	16	110	185	230	129	8	190	196	159	85	231	178	113	225	136	70	136	
113	221	31	254	57	207	87	244	237	72	236	12	254	243	33	113	220	247	252	98	73	171	58	253	243	251	69	26	88	59	2	59	
35	183	98	137	116	183	234	91	95	72	248	231	41	200	246	228	126	172	54	189	151	186	213	223	62	124	163	236	127	142	122	149	
2	137	34	155	149	199	182	101	30	4	65	3	172	220	50	64	216	59	147	1	86	184	26	255	45	52	142	75	20	14	181	198	
120	77	112	229	116	27	110	52	101	32	254	10	75	9	144	116	122	140	78	234	200	178	101	206	246	253	32	16	103	187	226	8	
56	133	66	232	84	163	194	122	21	33	249	2	99	233	60	64	120	170	23	176	24	187	8	159	186	205	163	224	247	138	112	128	
50	249	182	250	105	197	24	212	139	29	176	47	46	159	100	26	238	185	247	209	154	75	146	241	155	216	90	251	146	12	39	91	
35	177	115	73	245	157	174	231	79	73	120	70	168	152	180	164	218	42	146	93	215	184	52	253	46	28	6	194	95	14	249	189	
138	176	98	249	101	172	168	67	186	27	81	209	156	220	124	137	191	59	179	149	179	120	146	193	4	57	250	232	205	4	155	161	
41	128	242	173	116	155	248	98	233	33	122	8	191	168	22	16	106	185	119	1	4	190	68	215	78	253	2	113	77	136	74	136	
63	111	195	142	198	19	238	248	21	192	217	199	121	236	245	165	126	239	23	239	205	243	142	232	52	72	239	168	47	255	56	212	
58	239	66	248	211	193	126	246	55	13	124	163	41	199	32	144	110	187	135	192	66	154	0	255	127	197	166	193	51	148	166	218	
30	211	231	207	29	87	235	120	70	184	247	102	120	193	188	228	124	236	55	234	193	179	45	221	56	42	239	132	95	171	112	181	
183	73	66	174	87	215	202	224	17	200	209	207	107	204	55	180	124	233	151	231	205	179	12	190	178	109	173	186	125	47	122	220	
56	94	106	78	86	146	235	240	68	196	118	167	113	201	183	64	120	232	131	238	196	190	28	237	118	41	162	137	111	171	124	216	
31	91	74	154	194	147	190	220	158	4	80	231	109	202	179	200	119	235	183	215	198	129	14	249	58	103	175	136	63	247	169	157	
11	133	34	161	245	175	189	103	94	109	90	135	140	168	50	0	251	11	19	5	150	184	20	215	236	84	158	196	156	76	153	223	
31	211	247	207	63	18	171	120	71	200	215	230	121	72	188	228	126	109	62	255	197	177	47	221	56	106	239	132	63	175	49	245	
90	239	2	170	49	144	106	230	165	13	222	167	172	198	242	212	226	235	157	213	78	11	128	247	186	117	174	203	6	22	188	95	
9	63	42	17	181	191	176	119	92	203	90	68	156	152	246	32	153	43	22	21	151	184	36	198	78	31	58	193	204	12	217	213	
23	123	99	138	62	147	174	248	196	232	217	238	121	204	189	228	126	253	94	255	205	3	44	220	48	12	171	188	61	191	57	85	
61	215	103	78	244	87	231	249	85	78	253	102	120	127	175	197	125	200	134	170	233	179	41	223	114	175	231	132	123	190	100	241	
232	72	183	217	101	224	161	6	88	27	114	58	188	152	69	249	200	63	51	17	34	254	194	224	85	50	250	43	192	25	118	171	
2	153	115	93	211	209	175	231	223	68	124	162	40	252	180	164	46	123	147	193	83	184	36	253	45	28	14	170	87	28	165	253	
60	83	239	205	84	71	235	120	86	172	245	102	81	201	185	0	120	236	23	234	217	242	8	189	126	11	161	132	111	171	112	147	
11	129	34	161	245	189	188	103	95	73	90	71	140	168	118	132	251	43	147	5	150	184	20	215	108	28	158	195	142	76	185	205	
189	183	42	162	149	87	87	249	85	238	189	47	91	116	171	180	93	136	134	230	237	179	124	158	251	197	165	189	59	126	124	119	
26	143	110	174	122	195	187	105	151	132	221	163	105	239	162	64	126	187	159	227	74	139	14	221	240	101	171	219	53	166	37	211	
56	141	106	206	84	179	235	123	212	0	255	2	113	233	180	96	120	170	23	234	152	171	44	191	122	239	162	200	119	170	112	160	
49	1	106	76	84	19	235	89	228	192	254	2	17	129	183	116	122	172	90	236	192	179	36	72	118	45	163	140	103	162	98	236	
66	234	22	152	75	192	48	70	175	21	194	163	172	150	98	82	166	59	235	145	2	203	130	241	145	48	26	203	0	4	37	75	
34	211	125	204	111	81	180	125	143	92	120	175	172	252	166	99	238	49	183	97	192	43	98	221	54	16	239	191	21	60	149	255	
48	3	208	197	68	2	72	23	101	160	254	66	35	3	148	116	122	188	53	136	72	154	69	200	150	248	144	0	39	136	112	12	
123	215	98	236	53	86	95	63	85	77	222	167	73	63	182	116	220	183	149	165	237	139	117	205	243	125	170	151	63	148	252	127	
53	173	99	13	84	147	226	248	85	192	248	198	115	104	189	164	120	168	22	237	207	178	101	159	62	76	163	132	127	174	122	148	
234	219	118	94	127	153	254	240	205	28	127	230	104	200	191	229	238	243	166	99	196	41	46	253	54	121	98	139	95	159	109	29	
82	249	146	178	155	192	50	230	175	53	138	179	44	158	96	82	227	215	249	209	66	75	154	241	185	244	158	127	32	5	167	90	
62	91	98	46	118	131	94	248	135	236	249	239	107	205	187	16	126	249	215	231	201	163	12	156	114	201	173	182	127	190	94	211	
239	104	163	209	69	252	232	130	251	217	112	19	152	156	117	123	233	169	51	217	2	126	178	224	7	24	218	235	197	5	114	238	
167	172	99	83	213	187	230	244	93	67	120	86	104	104	189	165	121	202	146	127	247	186	109	239	46	30	135	194	223	255	250	140	
15	149	97	203	247	147	239	189	93	65	95	230	72	110	190	228	119	203	151	239	247	24	45	255	62	126	138	196	63	143	241	245	
61	3	66	236	118	18	74	80	101	200	247	102	91	19	178	244	122	172	22	236	141	178	5	142	18	237	160	128	127	171	122	129	
89	19	73	237	60	30	73	49	101	236	223	230	155	3	144	244	92	164	76	168	153	154	229	140	150	253	162	208	46	138	116	117	
120	17	106	197	69	86	73	23	101	172	254	70	59	11	150	244	120	172	36	140	201	154	117	136	151	249	176	0	47	136	120	46	
11	62	34	177	245	189	176	51	93	235	90	103	168	136	214	164	201	43	151	21	151	184	68	198	12	94	186	227	207	76	217	215	
39	77	110	142	223	246	254	194	205	70	250	135	104	252	183	98	238	227	151	231	236	163	52	234	50	62	202	139	93	127	124	214	
88	19	81	237	20	23	73	49	101	169	223	78	155	3	128	244	124	180	12	168	153	178	101	140	214	237	162	144	46	138	52	33	
138	144	18	216	107	241	176	234	159	15	84	50	44	254	231	236	255	59	183	144	38	15	34	215	155	87	219	239	154	69	45	223	
34	209	100	140	111	81	148	109	141	92	220	175	44	252	38	67	206	49	247	97	196	43	114	221	55	112	203	187	87	62	252	223	
61	215	111	79	246	86	223	249	85	78	253	230	121	119	191	245	127	208	150	174	233	163	61	223	115	239	229	132	127	254	100	241	
49	1	107	68	86	19	235	89	101	232	126	198	17	137	183	100	122	140	22	236	197	187	37	72	118	44	162	132	109	162	98	237	
123	213	99	204	87	214	223	63	81	76	254	167	105	126	182	244	252	181	149	165	237	139	53	223	115	125	170	131	63	134	252	127	
170	219	118	94	111	153	246	240	237	24	117	230	104	200	191	165	174	243	166	99	229	41	14	253	54	121	66	139	95	159	121	157	
185	19	74	76	116	19	98	120	68	204	247	110	115	193	183	48	120	168	6	238	205	179	36	15	118	173	161	141	123	171	106	209	
62	91	106	78	58	147	223	248	135	108	253	231	107	221	183	4	126	248	151	238	200	163	44	191	114	205	165	183	127	191	118	243	
10	203	115	92	114	195	191	247	143	4	124	162	56	231	181	4	46	123	131	200	82	184	36	253	103	12	174	169	119	152	165	233	
2	150	184	224	243	225	184	67	30	61	89	51	12	190	100	64	255	27	147	145	22	26	136	211	95	5	186	239	149	64	173	131	
189	183	106	226	245	87	95	121	85	238	253	47	91	127	187	180	125	152	151	238	253	179	124	158	251	207	165	181	63	238	124	243	
143	24	178	248	103	180	185	90	219	31	116	18	12	159	119	205	255	57	179	145	150	126	178	210	95	127	90	239	147	5	47	199	
61	115	239	101	84	71	235	88	84	236	246	230	83	77	187	32	124	204	55	252	153	178	37	28	118	41	161	132	111	171	112	241	
143	155	252	250	190	147	91	248	151	89	85	231	221	255	254	96	223	81	191	247	215	11	111	247	74	223	239	198	190	175	48	211	
10	155	137	137	210	130	175	247	14	101	94	231	189	38	162	196	126	27	131	197	83	152	37	245	108	36	190	196	29	146	173	248	
47	179	253	251	190	151	219	216	31	249	85	231	93	253	255	44	223	89	183	119	151	242	111	180	78	223	239	230	191	175	48	247	
27	151	74	141	146	210	47	255	36	69	94	166	57	39	170	228	118	31	146	172	215	152	37	221	102	37	186	133	62	214	173	249	
14	144	178	249	71	212	184	83	27	123	85	18	12	159	100	236	255	29	147	145	147	158	144	210	29	127	154	239	159	4	171	179	
247	31	238	156	214	230	222	98	157	206	218	183	104	236	55	106	238	247	191	231	188	135	20	234	51	62	206	139	149	125	245	87	
10	182	165	185	116	233	185	95	158	83	81	247	188	220	124	136	207	27	147	21	147	124	18	209	13	20	26	238	148	12	149	243	
2	151	147	137	210	130	175	255	46	5	90	230	141	38	168	196	127	27	130	129	83	152	5	215	44	36	190	198	157	66	165	185	
155	152	18	216	235	180	176	122	63	11	84	54	172	243	226	236	247	59	182	128	22	158	50	215	155	247	90	239	186	37	41	135	
60	5	98	232	84	163	194	122	85	0	253	2	83	233	60	0	120	168	23	184	152	187	8	159	122	205	163	192	247	203	112	128	
50	21	127	238	31	199	87	97	173	64	255	2	110	255	36	113	254	181	191	98	121	163	48	221	243	239	2	27	49	42	164	51	
31	151	100	202	254	147	79	251	69	89	94	230	89	109	190	229	127	194	159	239	243	9	111	253	126	126	175	196	63	207	240	117	
239	243	43	136	60	213	155	216	134	252	149	239	220	220	251	33	222	217	223	255	239	99	238	253	120	9	171	254	31	175	60	241	
138	138	178	154	101	252	177	194	191	79	116	21	172	254	111	204	247	43	163	17	38	127	178	243	79	255	90	75	210	77	109	199	
138	197	102	218	215	199	188	231	157	86	210	151	72	222	52	197	255	179	147	167	240	143	28	223	49	122	222	203	23	12	181	214	
106	88	22	216	109	232	209	70	91	24	116	42	188	152	101	251	200	60	243	1	2	126	210	224	21	57	210	43	211	29	94	171	
162	92	106	156	199	178	190	66	157	70	218	183	40	238	55	72	238	243	183	199	164	167	54	235	51	62	218	139	21	125	125	223	
17	82	91	200	102	201	233	88	108	72	241	102	31	223	229	112	238	185	30	224	199	39	2	81	84	137	162	136	121	130	99	155	
2	205	2	158	20	130	174	231	20	1	90	2	32	234	48	64	120	106	19	193	66	152	0	255	32	38	142	128	21	26	176	136	
2	133	2	137	220	131	172	103	4	1	90	18	168	10	32	64	106	131	27	160	82	58	1	213	52	4	138	192	21	8	241	128	
18	133	100	233	214	130	252	39	13	65	219	146	140	14	60	64	110	147	23	161	242	152	69	213	60	60	154	192	53	140	177	9	
130	133	52	216	252	129	188	231	143	89	88	155	172	12	52	0	207	19	19	149	242	41	0	213	46	24	158	226	85	12	177	217	
59	215	106	109	17	214	95	183	21	77	222	135	41	47	190	244	116	134	157	236	237	152	53	189	227	125	138	129	63	148	252	125	
134	24	146	155	117	165	184	66	30	11	81	50	172	222	32	72	247	57	147	145	50	148	2	211	13	22	154	202	148	9	33	131	
34	166	32	137	213	243	186	67	14	109	88	167	140	140	118	0	255	11	147	149	150	184	68	215	12	20	154	227	213	78	189	215	
223	219	66	174	63	144	106	248	175	76	223	231	236	194	250	196	102	225	191	223	199	9	142	237	186	113	174	203	62	135	57	93	
163	204	102	156	79	149	190	231	157	86	212	151	40	204	54	229	239	235	147	231	230	63	22	255	54	58	222	203	21	28	249	222	
10	178	229	153	127	169	185	91	159	83	85	247	188	223	124	204	239	25	147	21	147	84	90	209	77	85	154	230	158	140	29	243	
48	82	90	200	70	205	233	120	109	72	241	103	55	217	245	80	122	169	23	226	207	178	2	89	210	137	34	136	125	138	99	155	
63	179	246	225	191	23	218	216	95	249	149	231	88	253	255	40	223	221	151	247	159	241	41	252	26	223	237	246	191	175	112	215	
35	55	98	137	116	183	234	91	95	201	248	230	25	200	182	228	126	172	22	189	151	186	85	223	62	108	163	196	127	142	122	149	
89	19	12	173	24	127	65	51	37	236	223	100	251	7	130	68	92	164	238	44	153	152	241	140	198	229	162	144	42	170	92	113	
39	74	98	14	79	145	250	96	93	78	125	175	104	200	183	52	216	168	130	103	196	182	46	223	22	28	129	171	95	191	122	196	
142	176	106	184	111	217	184	64	174	85	84	191	140	204	126	171	174	57	247	213	151	97	182	209	6	89	170	239	93	13	27	213	
130	217	18	155	149	197	62	99	157	0	65	18	172	214	36	68	200	59	147	194	114	154	82	255	37	52	138	75	18	12	181	142	
181	76	99	206	118	3	239	112	85	10	213	226	83	17	181	100	122	168	23	238	233	183	37	142	112	168	162	128	127	187	112	177	
27	223	74	141	147	210	63	247	52	77	94	199	57	39	186	228	118	10	151	236	215	152	37	253	102	101	174	129	63	212	173	253	
11	24	26	187	118	173	185	66	173	5	112	53	172	155	38	216	166	41	7	21	2	190	2	213	132	253	26	202	220	4	43	203	
142	160	122	184	110	137	184	72	143	81	81	187	156	220	124	169	174	25	223	213	130	101	134	209	4	25	234	238	20	141	27	209	
34	249	97	74	87	195	235	228	69	68	116	170	48	157	180	36	120	184	147	234	195	186	60	253	53	24	128	106	87	158	118	252	
56	147	73	233	84	142	105	19	69	13	126	70	3	3	148	208	72	172	6	136	153	186	113	132	134	233	160	192	63	136	120	129	
18	135	110	188	58	195	191	105	150	140	223	163	105	207	186	64	126	187	191	227	124	131	14	221	242	101	171	153	53	174	180	209	
123	151	111	236	245	214	95	55	69	77	222	231	89	63	182	244	222	183	149	229	253	154	101	223	115	125	170	131	63	134	244	127	
227	223	126	94	110	153	190	244	205	84	118	231	104	204	183	197	110	241	167	231	198	43	46	253	54	121	98	139	127	159	125	221	
26	221	122	73	243	211	183	247	45	77	124	162	40	159	166	132	126	59	134	192	87	154	36	255	126	205	38	195	119	150	239	255	
191	83	103	172	118	3	219	120	133	232	241	239	91	205	183	149	126	160	215	239	237	163	36	140	50	88	161	148	127	174	114	209	
159	225	106	232	62	145	218	216	215	240	148	162	121	207	253	100	126	249	191	255	202	101	174	242	122	217	143	252	55	175	112	240	
34	219	106	206	118	145	175	244	4	12	220	231	32	204	183	68	126	232	135	207	194	186	38	253	112	44	170	136	119	159	116	253	
49	94	106	76	118	147	235	88	68	204	253	230	113	192	183	100	126	168	6	238	201	179	36	93	114	40	162	136	127	187	112	245	
60	13	106	238	84	179	202	114	85	0	255	2	113	233	181	64	120	170	23	168	154	179	108	191	122	239	163	192	55	203	112	128	
34	207	99	200	95	209	142	231	76	77	216	226	40	140	180	228	222	59	146	197	199	170	102	253	37	116	158	235	85	30	181	253	
2	42	22	152	75	128	184	70	174	21	210	167	172	198	35	72	230	57	171	213	6	203	2	241	20	48	26	139	16	5	45	203	
86	253	22	186	27	193	18	224	175	20	169	41	46	214	97	83	163	243	239	194	74	67	154	253	187	209	11	59	48	7	39	19	
139	178	178	217	103	149	185	66	31	29	85	50	12	158	118	140	239	25	147	145	150	190	48	210	31	93	154	235	151	4	45	199	
55	167	98	13	84	179	234	120	85	192	248	198	99	200	191	164	120	168	22	109	141	179	5	159	58	12	161	160	127	174	120	156	
184	115	99	76	124	199	227	121	196	204	254	102	80	201	181	36	124	172	87	232	201	179	36	156	114	40	161	136	79	170	116	249	
159	251	105	250	62	147	219	248	151	240	148	230	89	207	249	96	126	121	63	255	195	101	110	247	250	217	175	252	63	175	113	241	
190	86	102	78	62	147	219	120	133	204	245	231	107	77	181	165	94	176	215	238	233	167	44	158	114	88	161	146	127	174	112	245	
134	16	146	155	119	165	184	66	30	11	81	50	140	222	33	72	247	57	147	145	50	148	2	210	13	22	154	194	148	13	33	147	
86	235	38	158	27	192	58	224	175	148	153	163	236	206	99	66	239	243	239	211	74	75	138	245	184	84	143	187	20	7	53	75	
2	182	162	129	247	243	186	66	30	109	88	163	140	140	126	0	255	27	147	145	22	184	37	214	13	20	154	231	149	78	53	215	
39	140	198	87	213	155	166	224	95	210	115	70	104	104	189	173	123	106	146	255	167	248	79	253	46	30	199	194	223	254	121	132	
51	78	103	204	118	147	238	112	197	8	120	230	96	200	181	229	122	232	22	235	201	182	36	253	54	42	160	128	127	187	120	173	
143	219	118	94	111	153	254	244	205	92	116	231	104	200	183	229	110	225	166	231	199	47	46	253	54	120	66	139	127	191	121	157	
185	82	83	233	116	147	74	80	85	104	247	230	91	3	177	244	126	172	134	238	137	182	101	158	86	233	160	128	127	171	120	181	
49	19	107	76	116	2	235	121	101	200	245	102	17	8	182	100	126	172	22	172	201	179	100	204	80	44	162	128	109	170	114	245	
162	211	114	140	111	81	180	101	141	68	208	167	44	188	38	67	238	121	183	99	192	59	162	217	55	48	202	187	85	60	181	223	
207	251	66	138	63	145	158	244	207	200	148	231	172	200	183	228	222	233	158	231	207	43	142	255	186	81	171	186	30	159	57	29	
47	217	247	94	127	151	207	248	215	204	117	230	120	245	191	228	94	112	150	110	193	178	126	253	46	126	101	134	127	175	100	245	
11	145	51	203	215	209	184	111	78	65	89	34	184	252	188	164	254	27	146	145	215	186	52	221	45	21	154	235	93	14	169	191	
95	91	99	142	63	147	202	248	197	200	213	230	104	200	183	228	126	237	190	239	205	35	174	253	178	120	171	170	63	191	57	85	
47	217	103	78	126	215	219	248	215	108	245	230	121	253	191	228	126	244	151	238	201	179	44	253	122	127	229	134	127	175	124	245	
250	209	102	204	245	214	221	183	69	77	246	167	73	63	182	117	204	151	149	229	252	155	117	239	115	123	250	131	55	148	252	95	
2	217	115	95	83	209	175	229	94	1	84	162	40	156	164	164	126	59	146	193	83	184	36	253	47	12	158	235	87	10	165	188	
138	48	178	216	111	213	185	72	159	93	84	23	140	158	119	141	238	57	179	149	134	255	178	208	15	89	218	235	214	5	47	223	
61	82	106	236	117	87	91	248	87	236	244	174	91	125	187	180	94	248	151	238	249	179	100	158	122	223	165	148	55	173	116	241	
185	83	111	77	116	83	233	88	68	236	246	230	81	205	183	36	126	172	55	252	201	179	37	140	114	41	161	132	111	170	112	241	
155	217	110	203	147	214	127	181	37	77	86	167	57	6	182	229	102	146	159	204	255	152	53	253	238	105	190	193	63	148	172	124	
103	77	238	156	222	230	191	231	136	198	218	135	112	236	55	66	239	231	51	181	244	139	20	238	125	46	174	138	133	120	245	223	
130	16	186	152	123	241	184	74	31	79	116	51	172	254	239	76	247	59	135	17	38	54	34	211	78	119	27	239	150	4	47	223	
10	30	242	201	115	243	184	91	31	15	220	247	44	190	230	236	255	59	151	144	150	159	34	215	14	119	186	235	150	68	45	223	
61	83	106	252	118	215	83	248	21	236	244	175	91	213	171	180	94	248	150	108	237	179	108	156	250	207	165	180	119	175	124	241	
58	255	66	186	243	208	94	247	3	13	92	167	45	143	162	212	238	235	151	213	78	154	36	253	186	245	174	203	55	148	190	223	
11	191	51	1	245	255	181	119	125	77	90	101	172	188	182	164	142	43	150	21	151	184	36	213	44	28	58	194	206	204	217	221	
23	141	107	137	214	179	234	254	95	97	94	198	72	110	183	228	127	139	151	189	183	154	45	223	62	94	143	198	183	140	120	212	
143	48	42	184	109	213	185	80	142	92	84	151	140	142	118	173	174	57	215	213	151	71	178	208	71	89	250	239	30	13	61	215	
11	160	130	153	71	189	168	74	31	19	84	18	140	159	120	236	227	25	179	157	19	124	18	209	13	95	154	102	158	13	153	164	
9	183	51	43	181	255	181	119	109	77	95	101	190	252	182	164	158	43	150	21	151	184	36	213	44	31	58	194	206	206	217	221	
57	19	122	229	116	94	121	19	101	109	127	102	27	23	134	112	110	140	150	136	153	186	117	129	199	237	160	192	47	138	116	243	
63	159	101	200	254	179	235	254	95	104	94	230	89	108	191	228	127	130	23	189	159	26	45	223	62	79	175	196	191	174	248	125	
14	62	146	249	183	184	176	82	63	15	86	180	142	131	163	204	255	58	134	16	50	188	0	227	142	247	50	195	134	141	13	183	
26	183	16	169	179	163	186	103	31	45	88	115	140	187	32	196	255	27	151	145	18	152	0	215	172	212	154	231	183	68	169	139	
138	56	238	219	101	252	177	80	223	93	116	183	172	222	55	108	236	57	151	144	150	252	54	241	79	83	154	195	134	13	125	215	
9	18	123	233	51	220	185	81	108	77	119	100	189	151	170	232	102	57	158	152	131	144	113	208	199	245	58	129	58	134	45	249	
2	205	2	158	20	131	174	231	20	1	90	2	32	234	48	64	104	106	19	193	66	152	0	255	32	38	154	192	20	10	176	136	
39	77	238	156	222	166	190	231	157	198	218	135	40	236	55	64	239	227	51	133	244	175	22	238	57	62	158	139	149	124	241	222	
185	86	106	76	118	147	243	120	85	204	117	231	115	205	183	52	126	168	134	110	237	183	44	31	114	105	161	136	127	175	122	209	
130	56	186	219	117	252	177	208	159	93	116	55	172	223	127	76	239	57	151	17	151	248	178	241	79	123	218	203	134	13	93	247	
2	205	34	157	69	231	188	231	29	86	74	131	104	190	62	69	249	171	147	165	96	155	16	253	53	126	222	7	23	92	181	222	
49	86	107	205	116	34	235	80	69	136	127	230	81	1	177	101	126	168	23	234	137	178	4	140	86	173	162	128	127	171	120	161	
113	19	107	76	52	223	75	80	69	108	246	238	19	5	183	244	126	172	4	236	141	178	101	142	146	252	160	208	63	138	114	117	
11	151	19	137	147	210	171	247	23	109	90	230	140	134	162	196	126	155	134	149	215	152	36	213	172	52	174	198	31	4	169	253	
155	219	12	155	18	146	45	245	134	84	86	230	173	7	162	197	102	59	159	204	231	152	53	253	174	225	190	193	62	148	169	252	
15	232	160	209	69	189	184	194	159	23	84	19	140	143	118	204	237	57	179	157	18	84	50	209	15	89	154	103	151	13	25	214	
26	21	127	236	23	194	87	101	133	4	255	163	77	255	44	65	122	181	159	226	120	131	49	205	243	231	138	131	53	42	165	115	
61	82	107	108	118	19	90	120	117	200	245	239	83	205	183	176	126	172	134	110	141	183	36	14	114	237	161	136	127	175	122	209	
162	213	52	152	127	149	188	231	207	89	80	51	44	156	54	97	206	19	147	5	246	43	34	213	55	26	158	250	21	12	149	223	
90	255	66	152	115	144	94	244	169	12	220	231	41	206	183	212	126	235	151	215	206	27	44	253	186	117	174	235	63	151	62	93	
14	42	178	184	117	240	184	66	255	31	84	50	140	155	247	140	227	57	151	17	50	252	2	210	15	87	154	235	214	5	127	167	
170	58	146	155	119	249	176	66	63	15	118	178	172	156	231	204	239	59	134	17	54	252	162	226	134	247	18	195	134	13	15	207	
130	133	116	137	246	129	188	39	141	17	88	146	172	46	52	65	110	131	31	129	242	40	4	213	60	58	154	192	21	12	177	137	
11	151	43	137	178	214	61	119	53	77	222	230	152	166	182	228	126	63	150	188	151	152	53	215	46	61	174	198	190	132	173	253	
130	149	52	216	252	133	188	231	142	25	80	178	172	156	52	1	207	19	147	129	242	58	2	213	44	24	154	234	84	12	129	137	
130	133	2	137	212	129	172	103	12	1	90	18	172	10	32	65	106	131	27	160	114	58	1	213	52	32	154	192	21	8	241	136	
138	160	50	184	109	209	185	64	143	93	85	150	140	142	118	141	175	25	147	157	134	149	178	209	86	89	218	239	22	141	61	213	
134	16	18	155	54	167	184	66	30	9	81	50	140	218	32	72	247	57	147	145	50	148	1	214	12	22	154	194	148	9	33	131	
39	137	198	31	215	155	166	232	94	211	114	199	104	232	191	165	249	107	178	215	167	248	79	253	14	30	199	195	221	110	121	156	
6	180	178	153	119	227	184	66	30	11	88	179	140	158	104	72	255	25	147	145	178	156	0	210	13	22	154	199	148	76	53	211	
61	76	106	218	84	179	203	122	86	0	221	2	113	233	181	96	89	170	22	152	171	171	111	191	114	175	163	200	183	139	112	160	
34	221	114	140	111	208	190	229	137	68	208	167	44	190	54	193	238	127	151	195	192	59	146	237	55	48	218	171	21	30	189	223	
107	145	98	108	247	214	252	119	117	77	118	167	56	191	182	244	254	183	183	229	221	154	52	207	119	127	190	195	55	132	252	255	
10	190	98	137	245	185	186	82	31	77	92	247	140	172	246	196	239	43	151	21	151	152	36	215	14	84	186	195	158	204	189	213	
10	209	123	201	119	209	191	109	79	77	92	162	168	158	190	164	254	59	150	209	215	184	36	223	46	21	174	227	119	14	173	253	
50	219	123	204	70	129	191	246	137	64	88	239	61	188	52	64	110	255	147	227	192	59	148	253	117	44	142	170	61	159	181	249	
43	223	107	76	246	214	255	247	69	73	94	231	24	191	182	116	254	191	151	237	213	154	36	223	126	125	174	194	63	134	244	127	
55	201	110	158	79	149	190	224	141	84	116	135	105	204	55	1	110	233	179	199	197	59	62	253	55	40	206	8	125	191	105	220	
63	85	103	204	126	19	202	120	133	192	253	207	123	77	183	165	126	160	215	239	205	163	54	220	18	72	129	152	127	175	120	244	
2	10	6	156	75	128	56	66	190	21	66	167	172	206	35	72	230	57	171	213	6	219	2	245	20	48	154	203	20	5	45	219	
214	125	82	254	75	193	16	104	191	20	161	43	108	215	109	89	170	187	239	194	106	67	138	253	179	209	75	43	51	39	39	19	
63	86	103	204	126	147	203	120	133	192	245	239	123	205	183	181	126	160	87	239	233	167	46	221	50	72	169	152	127	175	114	245	
214	235	166	158	27	192	186	232	175	148	147	163	236	206	107	67	231	247	239	211	106	75	139	245	189	48	143	251	20	7	37	91	
59	38	98	14	84	179	234	88	87	196	217	199	99	200	191	128	120	168	22	45	142	179	12	159	18	12	171	128	127	174	120	196	
57	19	99	76	118	87	235	113	69	200	247	230	25	141	182	100	126	156	31	236	201	179	37	140	118	105	162	136	127	174	112	245	
11	155	51	136	215	213	186	119	95	73	88	102	44	156	182	164	254	59	150	209	215	186	36	247	60	28	138	227	95	12	169	223	
63	91	98	142	119	145	90	240	197	192	220	239	105	200	183	196	126	233	151	239	205	131	60	253	178	93	138	170	63	143	56	221	
2	158	90	152	178	178	184	83	189	77	94	247	140	174	166	196	231	43	142	20	183	153	4	223	14	22	18	195	156	196	45	213	
26	223	114	72	243	211	191	247	109	77	124	167	40	158	166	164	126	59	151	208	215	187	52	255	126	93	38	195	127	150	173	255	
12	186	170	176	77	245	185	82	135	125	214	7	140	159	99	236	232	137	174	144	135	23	50	208	215	209	154	237	146	13	45	215	
39	201	102	94	95	211	235	248	223	68	117	130	104	220	183	228	126	232	183	206	199	58	62	253	63	62	135	139	119	191	112	236	
2	18	251	153	114	227	185	74	31	79	80	247	172	222	167	72	247	57	23	145	166	188	38	223	30	54	58	235	148	0	37	223	
61	19	91	237	118	58	107	80	69	200	119	230	19	7	179	253	126	168	22	238	137	178	36	140	86	233	160	128	111	171	120	241	
10	26	166	185	109	213	49	82	143	93	214	53	136	158	103	108	204	56	175	148	142	254	115	208	199	209	146	203	146	13	124	215	
3	157	106	137	214	243	251	111	94	229	94	135	49	174	182	96	127	171	23	157	151	154	53	223	126	15	191	196	189	200	113	220	
2	174	154	217	183	243	184	199	31	61	94	50	140	155	182	236	163	27	151	145	22	188	0	215	14	87	154	231	150	76	45	135	
63	81	102	204	126	211	219	120	71	196	244	162	123	205	183	164	126	184	183	236	201	179	103	221	94	89	129	128	119	174	116	245	
130	56	187	217	52	205	184	80	191	89	114	119	188	222	37	72	254	57	23	17	131	252	18	211	7	30	154	194	156	8	53	247	
11	147	123	73	243	215	183	119	109	77	126	102	60	188	166	164	254	59	151	17	215	184	52	223	127	93	38	195	95	134	173	255	
10	48	58	184	109	245	185	67	143	92	84	23	140	158	119	44	238	57	183	149	135	55	50	208	23	81	154	235	22	12	45	223	
2	56	190	145	55	249	176	66	95	95	86	55	140	158	167	108	235	56	134	16	22	252	34	210	142	86	26	195	134	13	125	223	
41	18	123	233	84	220	105	80	101	76	119	102	27	15	166	240	108	168	134	156	153	186	116	132	70	233	162	192	43	138	124	249	
2	205	2	140	20	131	174	231	4	0	90	2	32	234	48	64	104	42	19	193	66	168	0	255	32	36	138	128	20	24	176	136	
145	13	107	165	198	66	175	247	80	196	90	195	177	188	113	96	126	111	55	207	192	186	164	46	253	169	238	128	37	120	53	250	
57	146	122	225	117	220	121	81	109	77	119	183	27	159	166	240	110	184	151	12	159	184	116	133	199	249	178	193	111	142	220	243	
191	233	98	218	94	145	235	120	215	224	213	138	121	205	251	37	126	184	23	255	235	103	62	221	126	73	143	184	55	174	112	228	
138	152	50	184	107	245	184	71	159	29	148	55	12	159	102	204	231	27	159	145	22	15	50	209	147	85	154	239	154	4	173	95	
25	19	123	233	51	221	121	81	237	77	247	230	159	159	170	236	126	153	159	252	135	145	53	208	215	221	42	131	62	135	45	243	
11	48	59	249	39	213	185	80	173	77	87	103	152	223	230	108	238	57	183	148	135	148	114	209	199	217	186	194	63	141	53	247	
57	22	99	104	118	51	107	80	85	96	247	230	83	13	183	113	126	172	22	174	141	178	36	156	86	233	160	128	127	175	106	245	
57	19	107	104	118	31	75	81	101	64	247	238	19	12	183	116	126	172	22	236	141	178	117	140	210	237	160	128	127	143	114	116	
15	120	34	248	109	213	185	80	207	92	212	39	136	159	246	236	204	185	191	213	143	15	242	208	215	217	186	235	26	13	125	247	
61	19	99	109	54	19	203	120	69	192	247	231	91	13	183	244	126	172	23	238	205	179	53	140	114	105	160	144	127	175	112	213	
138	122	50	217	109	213	241	80	143	93	214	37	136	159	103	236	204	57	191	208	134	126	243	208	71	89	154	235	146	13	124	223	
138	56	190	153	103	249	176	70	223	93	86	55	172	158	103	76	203	57	183	17	134	252	114	240	7	83	26	195	150	13	61	223	
191	233	106	222	95	145	234	233	215	128	213	10	105	201	125	37	120	248	19	250	106	99	158	253	123	73	135	57	55	190	112	174	
10	112	58	184	101	245	185	80	31	93	84	23	140	158	118	77	238	57	151	145	134	149	50	208	7	81	154	239	22	13	61	215	
2	62	250	153	115	184	176	66	63	79	86	183	172	142	167	204	231	59	135	17	182	188	36	215	14	86	26	195	134	140	45	223	
11	159	99	137	242	150	185	119	125	77	94	231	136	142	182	228	102	59	150	157	215	152	36	223	46	60	142	194	30	132	161	253	
59	19	99	76	118	19	131	120	69	204	245	230	27	13	180	164	126	168	22	109	137	163	36	220	48	56	162	136	95	174	114	245	
2	18	42	153	117	221	177	64	191	77	84	183	172	222	39	72	254	57	183	17	151	188	50	213	71	85	154	195	214	13	101	215	
175	113	99	76	127	211	203	120	199	196	116	134	121	213	183	164	126	56	178	110	195	163	62	221	102	88	129	10	119	174	80	244	
35	219	98	158	70	145	190	228	205	84	112	167	40	204	183	69	110	227	183	199	198	63	46	253	54	40	206	139	127	159	121	221	
2	22	250	137	114	179	184	90	31	77	92	247	44	174	166	64	255	59	135	149	150	158	37	223	30	54	186	195	149	4	45	223	
57	55	98	13	252	183	234	121	87	200	248	230	83	200	182	228	126	174	22	253	159	186	93	159	62	109	163	196	127	142	248	149	
131	201	97	91	95	213	238	228	207	64	100	130	104	204	55	228	106	235	178	223	199	56	63	253	63	28	143	75	119	159	121	220	
122	149	115	236	215	82	223	109	53	4	250	163	75	191	172	196	126	245	159	227	120	155	37	207	242	230	138	135	55	174	164	127	
194	129	116	152	246	128	188	39	140	17	24	146	172	14	52	65	238	3	23	129	242	8	2	213	60	58	154	200	21	12	177	137	
10	130	56	249	51	240	185	3	175	85	84	149	172	131	42	204	230	27	155	148	22	136	50	213	206	213	26	203	150	132	45	199	
23	26	122	249	36	133	120	80	47	72	215	99	189	223	244	108	238	185	63	220	142	150	98	209	199	249	186	194	54	141	49	247	
2	16	63	185	116	143	168	83	190	9	82	115	156	159	52	72	246	57	63	17	131	157	3	212	197	52	186	194	156	8	33	179	
2	159	90	152	242	177	184	103	30	93	94	247	44	174	166	64	231	59	131	149	183	152	0	255	62	7	186	195	157	0	173	223	
11	223	115	200	247	211	191	119	93	77	92	230	44	156	182	228	126	59	150	193	215	186	52	255	62	28	142	195	127	142	173	255	
50	217	107	206	87	213	255	244	77	68	222	135	41	140	54	100	126	251	147	199	206	187	60	253	115	108	138	139	55	158	116	92	
59	233	34	72	93	213	202	228	199	65	172	10	42	220	118	164	248	234	146	221	79	43	62	253	59	93	143	123	83	14	250	206	
10	159	115	169	242	163	185	119	28	69	90	247	189	47	160	64	110	59	23	149	178	152	101	223	108	36	186	192	189	192	37	251	
2	205	2	140	148	131	174	231	4	1	90	2	32	170	48	64	104	42	19	193	82	136	0	253	32	36	154	192	20	8	176	8	
59	73	99	76	95	215	203	96	69	64	237	138	123	204	183	164	122	168	146	239	205	163	116	221	51	92	138	56	119	175	112	244	
2	48	187	153	103	241	185	67	15	93	84	39	140	158	119	76	238	25	151	145	134	149	50	208	87	80	186	203	148	12	37	223	
35	203	98	206	125	209	250	236	207	76	92	99	104	220	183	228	248	235	183	199	198	59	46	253	63	60	174	235	87	15	124	207	
55	201	98	142	79	213	254	224	205	64	120	131	104	206	55	96	122	233	51	199	198	51	62	253	55	12	202	40	125	31	113	222	
2	80	63	201	36	230	184	82	175	89	82	103	156	159	36	104	230	57	63	145	135	145	50	213	199	120	186	194	148	9	53	247	
27	217	114	72	243	211	190	247	13	69	124	167	44	159	182	228	126	187	151	197	214	187	52	253	63	125	14	195	119	134	173	223	
2	159	90	155	243	177	184	103	31	77	94	247	172	174	166	196	231	59	131	149	182	152	4	215	46	23	186	195	159	4	173	223	
35	201	43	138	93	197	238	228	197	76	248	11	56	220	54	32	200	227	19	207	78	43	58	253	123	28	142	235	81	30	112	206	
2	159	106	153	246	161	185	87	28	77	94	247	181	174	182	64	239	43	23	149	182	152	36	215	78	21	186	194	156	76	189	223	
11	159	122	200	247	215	191	119	77	77	126	167	44	156	182	100	254	59	151	149	215	184	36	255	126	93	46	195	119	134	165	255	
2	152	59	153	116	235	177	7	254	93	82	119	148	158	36	72	227	59	15	17	22	156	33	87	13	54	186	198	148	8	53	83	
59	1	103	76	95	151	203	120	197	192	253	142	121	77	183	164	126	160	211	239	205	163	61	221	18	76	129	152	127	175	122	244	
58	219	98	206	87	209	254	244	77	68	222	167	41	140	182	100	126	225	151	199	206	59	44	253	50	108	138	139	55	159	124	95	
59	105	98	78	95	213	235	120	199	76	245	138	104	220	183	164	126	168	150	238	203	35	46	253	55	88	129	171	119	174	124	237	
3	159	106	153	246	179	184	87	31	77	92	247	140	142	182	64	239	43	151	21	183	152	36	223	14	21	186	195	156	140	185	221	
0	158	127	153	114	235	177	71	190	77	90	247	148	174	164	64	231	59	7	17	182	184	36	87	76	38	58	194	148	72	37	211	
59	81	99	76	119	211	203	120	69	192	245	174	123	204	182	164	126	168	150	238	201	179	116	220	50	120	130	152	127	174	112	245	
55	233	102	222	95	213	235	232	197	64	253	10	104	206	63	181	122	232	19	239	78	35	62	253	51	8	203	41	119	175	122	236	
2	48	187	153	102	229	184	67	15	89	80	119	156	158	116	104	238	25	23	145	151	157	50	208	85	16	186	194	156	8	37	255	
2	30	106	137	114	163	185	83	30	77	90	247	148	14	182	64	239	59	23	149	150	152	101	223	78	36	186	195	157	128	37	221	
114	219	98	136	87	208	190	230	141	68	216	167	40	156	54	64	254	251	151	199	198	187	52	253	51	60	142	139	119	158	253	223	
35	153	106	201	246	210	190	119	125	73	94	167	56	140	182	96	126	59	147	141	212	154	52	223	63	61	190	195	21	128	249	253	
58	149	114	204	223	210	126	109	21	64	254	163	72	255	174	212	126	191	151	226	125	187	36	206	58	118	130	203	55	174	236	246	
49	204	105	219	92	131	203	222	87	67	220	66	115	201	181	100	89	170	23	217	171	174	111	191	112	174	179	136	183	139	112	168	
2	217	98	140	71	133	190	230	141	0	216	131	44	158	52	64	254	251	147	199	196	59	22	253	49	52	142	171	21	30	189	218	
222	249	82	254	75	193	52	224	187	0	225	43	108	223	109	24	250	187	227	194	98	91	154	251	147	211	75	43	51	51	39	147	
51	38	98	8	84	179	234	88	87	196	217	199	99	200	182	132	120	168	22	45	142	179	4	159	18	76	171	128	127	174	120	212	
43	169	160	154	221	213	210	71	199	69	204	9	170	252	118	164	201	170	147	157	30	42	114	245	59	93	156	123	210	12	252	78	
135	195	198	31	95	147	168	232	94	208	115	198	232	232	254	165	249	106	178	213	135	240	79	253	14	26	207	131	95	47	121	148	
51	201	123	204	87	132	190	247	137	0	88	67	61	159	52	96	126	249	19	197	193	187	20	253	113	44	142	74	93	154	177	184	
43	221	98	200	118	146	191	247	77	73	94	231	56	158	182	100	126	187	151	205	215	152	36	255	126	60	174	194	55	132	244	253	
63	73	99	78	93	215	202	104	133	64	253	10	123	220	55	164	120	160	87	238	77	35	62	221	51	109	129	152	119	175	120	68	
7	10	2	155	19	178	56	64	62	65	83	247	172	202	50	200	246	41	179	149	183	156	4	223	4	54	154	195	156	5	57	212	
214	235	166	158	75	192	184	232	191	148	193	163	236	206	107	72	247	243	239	211	106	75	138	243	153	48	207	187	20	7	37	219	
130	150	182	153	183	227	184	66	30	59	82	179	140	30	40	73	255	27	147	145	178	220	1	214	12	22	154	199	148	76	37	219	
2	144	57	201	3	245	120	83	47	93	84	23	140	159	102	108	230	153	159	144	150	12	50	209	215	208	154	239	144	4	37	247	
10	158	243	153	115	251	177	71	63	77	90	183	172	158	166	72	231	59	135	17	182	156	32	215	78	22	26	195	148	12	37	223	
2	80	123	153	118	235	184	82	31	73	82	247	140	158	36	72	246	57	23	17	131	181	50	213	71	22	58	203	156	8	37	211	
2	24	183	153	119	249	176	67	191	93	82	51	140	158	102	72	231	57	159	17	150	156	34	212	15	52	26	195	150	12	53	223	
57	18	122	233	119	220	121	80	101	77	119	167	27	31	170	244	126	152	151	188	139	178	36	148	87	233	162	192	127	142	108	243	
50	235	46	218	93	209	210	232	195	28	244	42	40	216	52	53	232	248	135	227	78	43	10	253	59	25	133	187	83	15	118	175	
19	0	115	233	54	157	120	80	237	0	242	227	157	159	181	116	254	185	31	188	158	145	4	208	214	220	130	134	55	134	96	39	
8	18	51	249	118	227	184	83	30	9	82	243	156	159	36	232	247	57	23	17	179	188	1	222	5	38	58	192	156	8	33	187	
2	18	63	233	52	174	184	67	175	25	82	97	156	155	36	72	230	57	31	145	130	145	2	213	197	56	186	194	148	8	33	35	
32	0	112	209	116	168	232	67	109	1	114	18	142	10	20	72	234	143	70	1	144	184	65	196	22	184	18	64	197	8	67	137	
34	233	41	218	125	193	215	239	207	9	248	43	32	28	52	48	200	170	23	81	90	42	98	253	127	28	156	219	85	30	244	239	
146	221	110	221	54	210	188	230	252	84	214	163	57	158	182	97	238	115	157	227	228	173	36	253	163	105	238	131	21	144	181	223	
162	217	98	220	85	132	190	231	157	1	120	147	44	220	52	64	236	187	147	193	214	187	18	255	57	60	142	75	21	28	245	154	
162	201	34	154	93	213	222	231	135	77	248	11	40	220	54	224	200	171	147	197	94	43	50	255	59	28	158	75	85	30	240	222	
187	219	98	220	87	213	254	247	213	68	84	167	40	141	182	101	110	187	147	197	230	155	52	255	51	88	142	203	55	156	252	223	
147	221	122	216	86	213	190	103	221	64	124	163	57	158	182	97	238	59	151	197	246	171	52	253	59	105	174	195	85	132	165	223	
163	219	106	202	126	145	186	240	207	76	216	239	32	200	246	96	254	249	151	195	198	59	46	255	62	28	175	235	93	143	124	221	
135	227	199	95	77	151	168	232	94	216	115	70	224	232	188	165	249	108	50	239	197	244	15	253	30	58	207	6	93	47	121	132	
130	158	36	155	182	163	184	35	28	127	90	183	140	46	50	73	247	27	147	181	178	220	1	223	12	22	218	195	148	76	181	219	
86	235	34	158	79	129	190	232	159	132	209	171	236	206	123	72	253	235	175	215	78	23	138	247	156	52	143	187	20	31	61	194	
7	10	130	155	19	176	184	64	62	65	67	247	140	202	50	200	246	41	147	149	151	156	6	244	4	54	154	195	156	5	57	215	
179	251	98	78	124	145	250	240	205	76	212	110	40	216	183	164	126	168	150	207	206	63	44	255	54	28	163	171	119	143	124	237	
59	38	98	8	92	179	202	72	87	68	217	135	99	200	54	132	120	168	19	45	140	179	20	159	18	12	129	16	127	174	120	196	
190	249	82	250	75	193	182	224	187	0	101	42	44	223	101	24	251	251	147	194	98	63	154	243	83	213	3	43	115	51	39	154	
161	204	233	219	84	143	207	214	87	99	244	2	179	137	53	100	89	234	19	203	235	190	125	191	103	143	147	32	119	153	112	172	
187	73	98	92	85	215	202	224	213	64	244	14	42	204	183	165	120	232	151	239	237	167	52	255	51	93	128	153	127	189	120	220	
34	133	107	202	213	133	236	111	69	1	120	66	56	73	60	64	220	171	19	153	218	186	82	255	47	60	158	72	85	10	240	136	
11	141	98	207	247	146	191	103	76	65	94	131	57	140	180	100	126	59	19	141	212	152	36	223	102	44	158	192	55	134	241	252	
35	209	107	202	213	149	255	255	69	65	92	135	56	204	190	100	92	154	147	221	215	186	118	245	111	28	158	202	23	142	244	252	
59	201	106	78	125	209	214	228	197	72	252	42	42	221	183	164	216	168	151	202	206	171	102	189	51	93	128	187	119	159	126	206	
185	73	99	76	21	87	203	112	69	76	244	2	107	221	183	228	120	168	22	238	200	179	36	172	51	108	128	129	119	191	116	230	
38	182	96	11	223	241	186	73	95	93	93	247	72	76	254	172	95	139	151	181	151	34	111	215	14	86	155	239	223	14	252	215	
144	205	110	253	54	138	255	119	164	0	214	131	183	15	48	65	110	183	31	233	232	185	21	173	241	233	238	128	37	152	177	42	
146	91	30	188	42	210	156	116	180	204	214	167	181	46	163	67	230	117	173	227	237	205	39	45	240	227	234	145	44	48	45	91	
10	151	114	155	243	176	184	103	61	69	91	183	172	174	38	196	247	59	131	149	182	152	36	215	44	118	26	195	158	4	173	223	
34	251	122	202	125	145	210	228	207	12	188	42	34	216	167	52	200	240	198	67	206	43	74	253	50	20	131	187	85	31	126	143	
47	182	225	75	253	117	139	217	19	125	253	222	137	236	222	172	221	152	151	189	159	50	252	211	15	93	137	252	223	207	214	245	
3	151	107	187	246	147	185	119	28	77	95	231	189	142	190	96	246	43	23	21	247	152	36	255	110	45	186	192	28	138	177	217	
131	181	34	153	245	247	186	103	92	79	88	55	172	60	54	33	159	59	147	53	183	188	52	223	46	22	158	227	221	76	189	223	
19	223	126	185	54	214	191	119	140	76	94	167	189	158	178	97	230	51	31	197	231	137	52	253	224	105	170	195	29	12	181	219	
155	95	70	157	62	146	174	101	157	68	214	231	41	204	183	199	110	97	159	231	229	205	4	239	48	98	234	130	63	188	57	221	
3	181	123	202	246	245	249	125	95	73	125	134	57	223	190	100	126	155	23	157	151	186	62	247	111	93	186	202	215	134	229	253	
146	223	110	157	54	211	190	103	156	76	216	231	45	172	182	225	110	59	151	193	231	137	36	253	34	97	170	131	61	12	189	223	
35	233	98	202	93	213	210	228	199	72	188	10	42	220	55	36	200	224	19	195	78	43	42	255	51	28	129	59	83	31	126	206	
47	182	97	75	221	245	138	89	87	93	125	223	136	76	222	164	221	155	147	181	159	58	108	215	46	28	152	239	223	142	254	245	
58	135	98	200	255	243	254	103	149	68	254	163	72	238	174	212	126	187	151	224	92	187	36	222	62	118	138	203	55	174	252	214	
38	159	114	94	119	246	190	99	221	76	125	7	104	252	54	68	254	235	147	5	244	187	58	255	55	62	138	203	87	110	255	215	
47	181	233	203	221	245	219	89	23	77	253	151	152	206	254	36	221	155	151	156	159	34	254	215	79	93	139	236	215	206	224	245	
10	141	2	157	21	182	184	103	29	5	78	3	172	186	54	196	248	43	147	129	54	186	18	239	47	118	154	67	23	76	185	142	
239	112	233	195	236	53	75	216	83	242	181	30	219	205	223	63	93	204	119	254	169	102	255	144	95	219	193	124	159	191	82	244	
130	16	55	232	118	164	184	83	46	25	82	119	156	159	36	72	230	25	63	145	147	156	19	208	85	48	186	194	156	8	33	187	
32	0	86	145	100	168	232	3	45	17	114	16	172	10	20	72	42	139	70	17	18	188	65	197	4	56	18	64	197	8	195	136	
10	152	19	185	114	164	184	23	62	25	82	118	188	23	160	236	231	59	183	145	19	156	17	215	140	231	58	194	158	0	169	185	
34	219	106	138	118	129	191	244	142	5	88	231	180	200	180	64	254	123	23	195	198	186	10	255	124	36	174	234	21	154	245	203	
80	204	126	252	38	128	127	246	164	2	86	67	119	155	49	65	102	241	63	203	64	189	2	239	241	170	250	0	53	152	49	10	
23	151	105	171	182	163	187	121	30	69	89	247	253	78	186	96	119	11	23	181	151	152	47	215	200	15	186	196	189	138	181	209	
162	229	96	202	253	209	212	239	95	93	116	27	40	28	62	37	200	138	151	85	126	42	98	247	47	88	148	251	87	12	220	223	
146	204	111	190	58	130	190	228	140	8	208	227	61	222	180	65	238	113	31	199	104	143	2	253	176	234	250	128	29	24	33	187	
178	204	110	158	13	214	188	230	157	94	208	19	41	204	55	67	204	243	155	199	238	239	50	255	35	123	218	155	21	60	116	222	
150	92	238	156	15	102	188	66	188	214	211	151	76	238	55	75	239	117	251	167	164	197	22	202	145	50	219	131	133	117	61	214	
162	201	47	186	157	197	156	239	156	25	240	19	160	158	52	65	200	59	19	193	114	175	82	255	161	249	158	91	17	24	245	142	
27	222	110	188	46	210	157	247	212	70	214	167	125	206	178	97	110	179	191	195	204	141	54	255	243	99	250	129	53	156	173	91	
163	222	106	222	118	145	250	244	93	68	208	239	32	204	183	33	254	169	23	231	230	47	44	255	54	8	162	170	125	159	116	221	
7	192	131	31	76	135	170	232	94	200	91	71	240	232	125	96	249	109	50	231	199	176	95	127	12	62	143	6	93	59	121	148	
102	234	2	158	95	129	190	232	31	134	217	239	108	206	121	192	255	235	163	199	70	23	138	251	184	20	143	171	20	31	61	130	
7	10	2	155	67	176	184	64	30	69	67	167	140	202	51	201	230	41	147	215	6	148	6	240	4	48	154	203	156	5	57	214	
58	177	57	232	157	213	217	111	15	65	188	11	30	29	54	32	156	155	147	17	219	43	112	213	123	93	140	123	219	12	214	250	
184	233	122	122	75	193	182	230	191	0	100	2	44	255	101	24	251	123	147	194	98	59	26	243	115	205	31	43	83	17	39	138	
161	201	233	223	85	151	239	198	86	64	68	2	177	200	53	96	89	234	51	207	235	186	125	191	101	31	158	0	21	217	80	232	
42	133	96	201	213	167	234	107	95	1	121	2	136	9	60	68	217	11	19	185	146	58	89	215	111	28	138	108	215	14	240	128	
11	133	99	139	215	179	170	107	93	65	89	147	168	110	62	228	127	11	147	189	150	152	53	215	47	124	154	203	151	14	177	228	
50	243	121	200	119	217	215	237	79	5	120	43	42	156	62	32	218	155	135	65	214	58	100	253	119	28	20	251	119	158	212	239	
43	149	105	203	245	213	239	127	79	101	93	6	168	92	190	36	216	10	147	173	215	58	124	221	111	29	138	231	95	142	216	254	
203	217	103	156	102	132	109	55	189	70	86	231	61	183	176	229	102	51	63	204	225	157	54	255	241	122	250	130	54	148	165	121	
10	151	98	155	243	177	186	99	31	69	95	183	236	238	62	196	247	27	147	149	150	152	22	215	14	118	154	195	159	4	173	213	
152	219	67	187	118	129	175	244	20	0	80	230	189	203	176	193	126	123	23	199	227	190	14	191	228	161	174	200	61	152	177	185	
135	22	230	149	199	54	188	3	185	247	87	151	72	46	223	239	103	7	187	149	181	213	53	194	14	58	223	135	143	245	185	212	
11	154	18	249	99	165	185	87	46	9	92	114	188	147	224	236	231	59	151	153	147	152	2	209	68	213	186	202	158	4	41	169	
2	133	2	159	85	244	178	103	93	5	79	19	236	248	62	196	217	43	147	145	54	186	18	255	47	54	154	75	147	78	125	142	
14	146	114	153	115	241	184	66	31	85	95	183	172	206	110	204	247	27	179	145	150	152	6	245	14	87	26	203	150	5	173	215	
171	201	100	220	125	213	204	247	213	92	212	19	42	156	182	165	200	170	151	205	239	46	118	191	39	89	144	171	95	140	248	222	
154	159	39	188	59	192	61	119	141	77	210	247	44	183	162	69	102	179	159	197	242	137	2	253	240	32	186	194	62	4	165	123	
183	115	232	138	238	17	158	216	203	246	149	239	73	204	255	11	63	201	215	247	198	103	174	240	122	8	239	190	253	191	119	213	
0	0	82	153	100	168	248	2	173	17	114	16	140	138	84	72	170	41	6	17	18	188	66	193	4	56	26	64	196	8	67	129	
202	159	87	156	114	192	61	55	173	77	94	231	44	167	160	197	230	51	191	140	241	153	34	253	178	114	250	194	30	132	165	121	
179	94	98	92	118	147	206	120	85	78	244	238	42	204	183	165	126	168	150	239	237	183	36	253	50	88	160	139	127	157	124	253	
26	151	55	175	50	198	191	125	140	77	91	231	252	127	170	64	246	51	31	165	210	137	33	253	224	164	170	192	60	130	165	123	
48	0	66	137	92	11	232	64	13	33	242	10	10	136	52	64	104	140	31	145	24	187	65	192	20	44	154	64	85	8	112	136	
61	37	98	137	221	179	234	109	85	96	238	2	91	232	54	228	122	174	18	253	157	187	21	222	62	44	130	96	255	207	248	132	
194	150	188	177	162	104	189	135	190	255	26	183	149	62	74	75	167	87	123	145	50	92	195	98	205	39	126	199	132	80	133	91	
82	94	235	188	38	192	158	118	132	74	218	231	121	239	177	64	110	241	63	199	204	139	38	251	242	39	170	136	53	250	53	91	
219	219	83	220	98	212	60	119	189	64	82	231	60	151	164	244	102	59	183	204	193	159	54	255	50	110	250	138	62	132	165	253	
35	91	110	204	102	179	252	114	205	66	216	231	48	76	183	105	126	169	23	231	133	179	38	220	86	46	234	128	125	253	112	221	
2	16	27	128	110	137	184	64	172	25	16	226	156	158	96	74	230	57	27	145	3	1	130	192	4	16	106	170	20	0	33	129	
6	121	112	202	236	133	248	196	139	25	49	32	140	222	124	8	134	27	23	83	130	33	138	241	6	24	10	234	20	147	193	129	
3	91	235	197	246	18	236	23	77	201	94	230	8	44	182	230	110	100	190	205	213	184	37	200	38	124	170	130	175	188	248	221	
6	136	34	137	83	245	184	202	15	85	76	135	140	206	126	204	231	25	179	149	22	152	50	213	15	84	154	79	151	5	45	214	
34	165	123	201	247	219	178	231	79	97	89	35	8	156	52	32	250	26	147	49	214	184	44	221	47	28	133	103	119	142	213	231	
6	200	166	152	93	245	184	202	31	21	68	19	140	222	62	204	217	9	179	149	22	150	51	213	31	86	154	79	146	13	61	198	
61	211	237	107	172	87	75	184	67	125	189	238	83	109	219	34	93	200	181	254	219	50	111	144	74	205	229	252	255	187	92	241	
239	247	41	234	253	117	219	221	139	125	189	61	218	93	222	180	221	147	223	55	191	39	234	151	251	221	173	255	158	223	214	247	
161	201	41	249	205	205	229	198	214	83	204	18	178	152	48	96	201	170	50	141	107	186	114	179	109	159	150	104	24	88	208	234	
8	233	58	122	203	209	181	230	223	29	116	50	44	251	100	16	233	123	130	80	66	107	10	247	123	213	22	107	83	16	167	171	
62	79	226	111	151	18	223	188	17	134	94	163	105	109	191	68	126	246	149	239	236	144	45	175	99	239	228	129	39	247	244	254	
6	239	130	158	88	129	174	232	31	132	217	231	228	202	121	196	221	235	131	215	66	18	202	255	188	52	143	234	28	31	57	156	
51	35	34	172	85	23	254	107	93	232	248	79	72	200	62	64	248	169	23	165	220	179	148	222	54	94	139	170	93	46	248	134	
7	229	131	13	92	143	166	233	94	232	91	70	240	248	125	160	217	109	50	13	199	178	223	95	44	60	15	44	93	42	121	132	
196	223	188	183	168	174	63	174	158	223	27	181	245	254	75	75	135	119	125	7	246	205	139	59	233	247	127	145	148	115	133	91	
148	68	28	183	150	106	63	167	52	51	202	19	215	35	16	75	99	71	29	163	120	220	81	46	229	227	254	1	164	112	165	10	
134	140	172	179	130	42	189	167	62	87	90	147	213	46	90	75	167	87	59	149	54	220	159	98	237	167	254	197	132	81	149	202	
134	12	175	189	204	102	189	66	156	158	210	19	208	252	53	75	201	101	51	131	36	247	2	74	69	34	250	129	149	121	117	195	
135	204	236	147	230	50	188	167	251	243	94	147	236	46	214	175	167	95	179	151	246	220	63	226	46	62	222	199	133	213	137	204	
135	204	242	211	215	50	254	231	125	19	127	146	8	42	53	109	107	223	19	159	244	252	28	226	47	30	222	71	135	213	241	174	
135	223	227	214	246	180	190	254	27	218	93	243	120	127	255	37	183	123	151	231	244	84	44	239	126	94	207	166	167	247	181	247	
