Ê¥ÂÞÀ¼ÌðÎÇ´½¼ÕËª	#12 Ä¦¿¨É«	http://www.yslbeautycn.com/on/demandware.static/-/Sites-ysl-master-catalog/default/dw403d8575/Makeup_Pro_img/00020YSL/L5204300U_12_COLORIMG.jpg	//www.yslbeautycn.com/dw/image/v2/AARM_PRD/on/demandware.static/-/Sites-ysl-master-catalog/default/dwccbe1b11/Makeup_Pro_img/00020YSL/L5204300U_12_01.jpg?sw=336&sh=444&sm=fit
58	65	98	225	117	203	122	84	13	32	190	138	15	31	52	16	238	189	151	241	72	187	0	220	179	217	130	247	55	158	212	139	
48	73	66	188	68	130	238	102	165	128	242	2	43	138	49	80	104	239	14	193	72	187	0	237	176	224	134	0	37	56	98	8	
178	193	70	254	84	128	236	231	141	0	242	2	41	74	60	65	106	163	23	193	122	171	66	221	178	248	158	200	53	136	240	8	
130	193	80	154	252	129	236	239	159	16	80	2	172	138	60	65	234	3	23	193	114	43	66	213	36	24	158	200	21	8	241	136	
163	12	98	153	215	178	184	103	93	197	88	151	40	136	54	193	249	43	131	149	182	186	20	206	62	20	154	67	159	76	57	222	
2	158	115	155	114	240	184	119	28	77	90	247	172	158	166	64	247	59	151	145	183	156	34	215	14	52	58	194	156	4	165	223	
18	1	66	161	86	139	232	67	173	33	146	139	140	12	16	2	170	181	95	129	24	185	65	196	149	16	154	145	69	12	21	138	
6	73	2	158	68	130	170	64	148	128	83	2	104	202	49	72	120	40	19	195	64	178	2	200	16	36	139	136	21	59	49	128	
130	128	130	153	20	163	170	71	22	3	82	18	8	202	120	72	121	8	19	145	18	180	1	210	12	6	154	196	149	8	177	136	
2	72	170	156	79	240	176	70	159	87	64	147	172	158	39	204	232	59	179	129	6	31	18	241	23	54	218	43	21	92	61	222	
63	93	98	206	215	214	94	241	209	196	220	134	11	220	183	228	126	232	151	238	205	179	52	174	50	125	134	139	55	191	252	245	
27	219	106	184	119	213	253	247	141	76	92	167	57	156	182	228	238	187	151	197	199	139	54	253	115	125	186	203	31	140	189	255	
66	241	176	217	237	148	188	7	139	89	88	225	172	158	102	234	198	27	191	17	214	8	194	193	39	56	158	171	148	28	157	223	
61	64	106	109	84	18	203	120	64	96	117	130	89	13	183	96	126	140	23	238	201	178	53	140	114	233	161	132	119	174	112	240	
32	164	130	129	212	163	162	199	22	3	120	2	8	138	96	0	121	10	2	16	18	190	0	194	12	4	146	68	213	74	240	128	
10	115	122	233	79	85	185	87	41	204	220	230	172	142	247	192	238	185	159	145	195	139	178	192	151	89	170	171	15	12	47	255	
2	145	57	232	253	245	184	127	143	89	25	127	156	158	110	32	142	19	247	21	150	11	50	213	223	89	58	235	144	12	165	219	
94	28	150	182	139	100	60	75	191	247	131	19	236	254	97	74	231	247	253	145	26	73	155	226	153	247	223	155	128	116	165	83	
11	159	107	161	247	215	187	119	13	109	94	231	189	29	182	164	190	59	151	157	151	152	53	255	111	93	170	194	31	142	189	253	
51	93	107	222	214	199	167	246	148	64	88	230	112	252	181	96	126	123	19	195	193	187	52	127	48	44	170	138	125	123	48	253	
43	159	104	203	245	213	251	119	79	77	92	167	56	156	182	164	222	155	151	149	215	186	52	253	111	93	186	235	95	142	253	255	
43	151	105	203	247	213	187	255	31	77	92	231	136	188	190	164	255	27	151	157	215	184	124	215	111	93	190	231	159	206	253	255	
182	77	127	229	54	10	238	240	93	160	242	194	95	11	53	65	254	245	63	235	232	179	69	236	182	251	235	132	37	187	112	128	
18	74	198	188	98	146	188	198	156	22	210	231	45	170	183	201	110	225	175	197	196	223	6	233	144	99	254	131	189	181	41	157	
2	46	46	144	87	242	184	67	156	197	94	147	44	142	54	72	235	43	147	149	22	221	38	196	95	22	154	195	133	12	61	222	
130	128	130	152	20	162	42	71	54	3	83	18	8	194	40	72	121	40	2	144	50	148	1	214	8	38	154	192	148	8	48	136	
58	217	114	248	125	213	221	247	207	93	252	47	46	157	118	36	206	187	151	197	223	43	114	245	251	93	152	251	87	12	254	223	
74	19	104	141	109	81	185	85	13	125	212	239	140	142	214	134	238	157	247	129	193	58	242	193	86	121	250	171	31	12	61	219	
120	69	102	237	20	10	78	120	117	160	254	10	107	105	21	81	122	236	93	234	232	179	193	140	242	233	161	20	103	187	114	8	
25	64	123	237	118	26	107	56	101	96	119	130	89	15	147	96	126	156	31	238	201	180	37	204	118	237	162	128	39	186	112	241	
210	144	248	224	83	245	57	75	31	119	5	27	12	159	110	72	183	155	179	145	18	29	49	211	95	85	26	111	179	12	133	118	
130	164	130	129	84	163	170	67	22	3	82	18	8	138	56	64	121	42	19	145	18	190	0	210	12	6	154	196	149	8	177	128	
38	73	2	158	68	128	170	64	148	128	83	2	104	202	49	64	120	41	19	195	64	178	2	200	16	32	138	136	21	59	48	128	
11	219	106	237	119	214	191	119	13	76	94	231	189	63	182	100	254	187	151	237	213	152	52	253	103	125	170	195	63	142	189	255	
35	234	48	90	233	157	248	207	251	125	116	29	172	218	70	52	141	171	198	20	150	122	234	243	63	28	21	107	210	28	203	207	
178	193	70	254	52	128	236	103	13	0	242	2	41	74	60	65	106	163	23	129	106	138	2	221	178	248	154	136	53	136	240	8	
130	193	84	154	252	129	252	109	141	1	208	2	172	74	60	65	106	131	23	129	114	42	66	221	180	184	154	200	21	8	241	137	
138	146	182	218	109	157	185	208	207	89	85	117	172	222	126	239	134	19	183	65	151	46	34	241	7	121	122	234	30	12	141	215	
59	217	98	90	93	213	222	230	207	68	252	11	42	220	247	180	236	186	151	195	206	43	54	253	51	221	128	59	119	159	124	222	
86	16	186	240	73	231	185	66	175	23	135	19	140	159	102	72	225	177	187	145	18	7	50	210	219	23	154	79	144	5	37	114	
33	41	115	69	116	139	233	83	121	200	122	64	187	1	149	53	62	44	22	56	129	184	36	76	6	184	32	128	111	160	98	165	
26	120	178	248	91	193	16	68	171	5	164	41	46	223	104	16	162	185	205	80	2	11	146	209	251	213	26	59	162	4	39	219	
160	201	2	158	84	129	130	230	150	0	80	2	32	200	48	64	88	106	19	195	98	174	2	191	48	4	138	8	85	25	112	136	
34	188	32	155	253	201	184	207	30	117	120	187	172	204	86	0	219	59	147	17	50	122	218	247	45	22	159	235	213	28	215	218	
2	133	2	140	148	163	170	103	4	1	91	2	96	226	32	64	120	42	19	160	18	152	1	223	40	38	138	192	20	74	176	8	
138	144	179	154	107	213	177	202	31	95	85	119	12	222	238	205	207	27	151	129	55	30	42	209	94	87	122	239	159	4	173	215	
93	95	94	109	178	10	126	112	53	192	254	231	93	111	163	208	118	253	191	230	229	185	5	78	246	239	34	128	111	226	43	17	
18	201	66	156	68	128	174	230	172	0	210	2	44	138	33	64	106	235	31	192	72	139	2	237	176	32	154	136	21	24	113	136	
34	165	66	137	212	139	170	103	14	1	120	2	168	8	52	0	122	11	19	145	18	184	64	221	44	28	138	224	213	10	241	136	
18	73	114	252	70	130	254	102	173	128	210	130	45	142	53	64	110	243	31	193	200	139	0	237	178	232	158	136	37	180	33	136	
1	200	123	95	116	207	239	246	125	77	118	64	176	19	180	36	106	122	2	72	227	188	48	127	101	62	50	64	67	153	231	169	
90	189	91	236	147	193	23	111	173	68	232	42	47	255	32	48	178	187	207	160	88	11	16	223	243	229	11	59	115	98	167	59	
130	120	191	184	41	196	57	6	174	201	210	33	188	159	33	73	198	57	191	81	3	205	18	232	193	178	58	138	144	16	37	251	
83	13	111	206	22	18	111	112	245	192	222	194	121	238	182	100	118	231	63	239	233	147	173	239	176	46	175	128	37	247	49	116	
54	40	248	225	102	56	120	208	89	19	176	170	27	15	221	120	126	217	23	211	138	167	196	192	214	201	235	180	165	169	114	129	
11	159	107	237	182	86	255	55	45	108	94	231	253	63	182	100	118	31	151	237	213	152	53	221	230	249	170	196	63	134	173	249	
51	195	78	173	92	151	236	127	134	228	214	199	33	136	178	192	108	173	191	205	204	155	71	221	180	33	175	136	61	140	184	220	
56	68	106	236	86	7	75	120	68	164	93	10	83	89	177	32	122	184	23	234	136	178	36	156	83	201	161	160	55	171	116	160	
98	185	123	250	252	133	188	239	223	25	248	107	188	255	52	64	239	59	31	129	211	43	66	245	190	28	158	250	20	136	161	155	
2	156	16	155	223	135	186	239	30	9	88	50	236	254	32	64	255	123	147	129	50	154	91	255	45	22	159	234	16	8	161	139	
165	189	101	91	213	223	230	251	95	225	122	66	82	120	156	164	121	74	18	126	243	248	125	255	44	30	133	70	95	142	210	164	
18	170	255	190	58	192	57	232	183	29	212	163	109	231	170	81	110	247	239	192	106	75	174	253	208	99	250	139	53	166	39	235	
165	180	101	89	245	223	226	251	95	98	123	82	216	120	156	164	121	8	18	60	179	184	125	223	44	94	135	70	223	142	80	172	
162	156	32	155	95	197	186	206	30	97	88	179	172	220	48	0	223	59	147	129	34	186	90	255	45	22	158	235	21	12	181	219	
162	238	34	154	223	209	190	231	158	86	80	187	44	236	54	1	235	123	147	215	118	126	42	255	63	18	159	235	85	28	255	222	
53	133	107	206	212	19	207	249	86	65	223	194	115	109	188	100	121	202	22	238	219	179	109	191	120	175	167	132	53	251	240	224	
130	220	54	159	143	199	188	230	158	86	208	51	236	254	32	75	239	115	219	131	98	205	26	255	165	50	222	91	20	92	165	218	
198	220	150	159	43	230	60	166	188	26	202	16	236	246	32	75	229	119	255	2	96	205	27	255	129	178	94	27	16	113	37	27	
162	136	96	155	125	201	184	206	95	85	112	187	168	204	118	0	203	123	147	69	166	58	94	247	13	22	154	235	213	12	213	222	
173	97	249	71	252	11	231	153	123	170	119	8	211	105	221	48	59	204	118	122	225	246	237	10	126	159	37	52	103	251	210	161	
86	180	150	182	139	228	56	207	187	185	131	24	206	254	72	90	167	247	253	144	58	75	155	194	187	247	95	123	128	112	167	19	
58	133	114	233	247	146	254	117	13	0	254	131	91	223	180	100	254	189	31	237	216	187	37	220	247	253	138	193	55	174	240	133	
59	223	98	216	125	213	223	246	135	77	252	175	40	221	182	228	238	187	151	197	207	43	50	255	115	125	144	171	127	156	252	255	
97	181	251	69	100	30	255	56	121	232	126	104	219	57	148	55	182	220	126	106	209	240	225	200	103	249	101	132	70	250	66	229	
122	176	114	242	235	221	88	222	187	241	180	185	191	159	72	22	167	215	253	16	42	75	250	247	219	223	31	255	34	132	135	91	
0	164	130	137	212	163	170	67	22	3	120	18	0	138	32	0	121	10	2	144	18	190	0	194	28	4	146	68	213	74	240	128	
27	223	126	252	55	214	254	119	157	76	222	167	189	191	182	229	238	179	159	197	236	187	53	253	243	251	174	131	55	156	237	255	
210	205	6	158	28	130	174	228	188	0	218	2	104	234	49	65	120	231	127	227	104	137	11	239	176	34	203	128	20	50	49	8	
130	205	6	159	28	131	174	231	148	0	218	2	104	234	49	65	120	98	59	227	98	169	10	255	40	38	143	192	21	58	48	136	
32	141	2	159	84	131	174	238	22	1	88	2	96	232	48	64	121	106	19	193	34	186	74	255	44	38	158	72	21	11	176	136	
35	217	123	254	124	133	250	247	223	73	248	99	44	223	180	112	238	187	151	197	198	43	66	255	63	124	158	234	31	140	225	223	
32	205	6	155	84	131	166	231	150	0	120	2	96	232	48	64	121	106	2	227	98	187	10	255	40	6	135	64	85	10	240	136	
2	204	2	158	20	130	174	231	22	3	90	2	104	234	48	64	121	107	19	193	34	154	10	255	32	38	158	136	20	11	176	136	
34	205	102	159	84	131	170	234	212	64	218	2	104	232	52	64	122	43	19	225	226	187	14	255	52	14	139	128	85	14	113	128	
59	223	106	92	117	245	223	246	213	76	220	167	41	157	183	228	110	234	151	205	207	43	54	255	115	125	130	139	55	221	124	223	
19	13	103	172	22	146	111	112	61	64	218	198	125	238	183	100	126	237	31	239	205	145	37	254	176	110	170	128	61	182	49	124	
56	141	110	238	92	147	239	240	213	0	254	2	113	233	180	96	120	230	63	234	232	171	47	191	122	239	163	128	119	170	112	168	
19	13	110	206	20	146	239	116	244	64	222	2	113	235	182	96	122	230	63	239	233	179	45	255	242	47	171	128	53	170	113	96	
66	10	65	141	104	136	40	19	172	16	82	198	189	142	177	74	102	57	59	140	3	20	134	209	132	48	250	136	20	128	1	136	
66	19	116	193	237	61	248	7	141	121	58	255	140	62	244	234	238	147	255	5	148	40	67	208	22	88	218	190	28	76	217	93	
131	149	107	65	246	58	169	55	124	233	94	246	81	44	158	37	63	15	23	189	181	184	53	206	76	14	186	192	237	204	209	245	
63	32	96	224	103	18	90	88	65	32	189	138	11	15	252	180	126	141	159	234	140	35	165	192	146	216	136	182	119	143	114	5	
127	122	232	225	102	24	249	152	97	208	116	166	27	29	215	42	110	220	53	238	141	52	231	128	70	233	227	172	111	177	114	241	
194	216	179	220	109	204	188	71	173	75	80	19	172	158	100	111	230	59	187	1	66	109	146	193	23	56	94	11	16	28	165	223	
27	223	122	237	54	214	255	119	13	76	222	231	125	63	182	100	254	187	151	237	197	152	37	253	247	253	174	130	63	150	245	251	
82	203	238	188	42	144	188	230	173	148	210	163	45	142	231	66	102	241	191	193	70	9	134	225	242	97	238	139	53	52	45	75	
155	219	111	252	50	214	191	118	173	76	214	231	61	159	182	225	230	179	159	205	229	153	52	237	243	121	170	130	47	148	45	249	
56	65	114	237	22	2	110	121	117	128	247	2	123	75	48	80	122	173	31	234	200	179	1	143	242	239	163	132	103	170	96	0	
147	216	119	252	100	148	254	246	221	74	246	227	189	255	181	97	238	241	63	199	228	175	38	237	246	251	238	138	23	189	241	255	
49	52	233	225	116	47	73	19	69	105	251	74	19	17	156	48	94	140	22	188	137	178	117	2	197	141	176	148	173	200	208	161	
74	147	118	141	111	89	185	114	237	125	87	191	141	140	246	239	110	145	255	129	145	56	102	209	22	121	250	235	31	140	159	213	
2	191	235	139	246	185	187	215	31	77	92	247	172	172	246	0	183	59	135	21	150	152	36	247	46	21	62	226	156	204	149	221	
34	144	54	216	111	213	152	67	159	93	240	59	44	156	118	73	239	185	255	145	150	107	50	209	19	122	218	251	87	12	117	223	
59	65	98	238	87	151	90	112	69	4	245	10	106	201	63	180	120	168	151	234	204	179	52	220	51	216	128	11	119	175	124	198	
82	1	16	141	13	3	40	73	6	32	146	10	140	18	96	64	104	141	127	160	72	27	81	208	149	128	138	52	16	8	33	138	
43	159	114	249	253	213	249	247	159	77	252	167	189	223	182	36	238	187	151	149	215	187	114	247	255	221	186	235	87	140	245	255	
42	183	96	203	245	247	255	95	31	77	93	167	8	221	190	164	255	155	151	149	150	186	124	215	111	93	190	231	215	142	252	247	
26	29	112	227	39	127	223	119	201	234	156	187	63	29	182	35	174	179	157	129	188	169	32	234	243	217	186	179	119	220	141	219	
34	158	98	152	95	181	184	71	159	23	124	151	44	140	54	196	239	59	147	145	182	62	22	215	31	54	154	203	215	12	253	222	
74	145	57	232	124	197	152	127	138	89	152	111	156	31	116	64	134	19	223	17	147	11	2	213	219	217	58	254	28	10	165	219	
130	193	84	155	252	129	236	109	143	17	209	18	172	74	60	65	106	131	31	161	114	42	74	213	180	184	158	220	21	8	241	136	
146	193	116	254	62	128	220	109	141	0	209	2	237	74	60	65	110	131	31	129	250	10	66	221	178	250	154	136	53	136	241	9	
27	89	114	252	118	146	124	119	173	192	118	162	61	143	181	100	102	255	151	205	192	153	36	237	114	233	190	128	39	180	33	249	
34	205	122	252	124	129	253	103	223	1	248	162	189	223	52	64	238	187	23	193	194	171	66	255	182	252	154	138	85	152	241	169	
187	77	98	37	23	18	206	100	69	228	246	135	11	8	55	197	122	164	132	237	204	179	53	140	178	233	128	17	111	190	120	204	
66	160	148	153	252	169	184	75	191	25	176	24	172	234	72	91	231	11	127	16	18	73	194	209	140	22	91	238	148	0	3	137	
2	0	130	153	20	163	170	70	22	3	82	18	0	202	48	72	121	40	19	145	18	188	0	218	8	6	154	192	149	8	176	128	
59	223	106	220	253	213	223	247	221	76	220	167	40	253	183	228	238	187	151	205	255	139	54	253	115	127	190	139	31	220	252	255	
162	209	48	201	253	141	188	237	31	57	48	58	140	28	60	1	159	27	151	1	242	42	72	213	45	24	31	254	85	12	209	155	
43	223	123	248	125	245	252	247	221	73	252	103	40	157	182	100	238	187	151	133	198	43	114	255	119	125	186	171	23	220	244	255	
155	223	110	237	53	150	255	55	61	76	86	167	189	31	182	229	230	183	159	237	245	153	33	253	231	249	170	130	55	148	245	253	
34	253	120	248	252	141	248	255	223	89	248	107	60	223	244	32	239	155	151	149	210	43	66	247	191	92	158	250	22	140	161	155	
38	73	2	158	84	131	170	64	148	128	81	2	96	200	49	64	120	40	19	195	64	178	2	202	48	36	138	136	21	43	112	128	
2	233	122	250	124	137	253	111	223	5	248	10	190	202	52	128	238	187	23	137	211	59	66	247	188	29	154	234	84	136	169	137	
186	141	118	233	245	210	254	117	157	0	254	131	201	31	52	101	254	191	31	237	248	187	49	220	183	248	138	195	55	140	241	143	
0	172	130	137	212	163	162	71	22	3	120	2	0	138	32	0	121	42	2	144	18	188	0	218	60	4	146	64	213	74	176	136	
248	65	102	237	84	10	78	120	101	160	242	10	75	9	21	81	122	236	110	226	232	179	65	140	178	233	225	20	103	187	114	0	
162	188	224	147	221	201	184	207	30	113	112	187	172	220	88	0	221	59	147	17	50	250	218	247	45	22	159	235	213	12	151	218	
56	0	98	237	116	18	106	120	101	0	246	2	91	11	176	80	126	140	31	234	200	178	101	204	214	237	162	132	103	170	96	0	
51	11	70	141	84	155	232	113	84	224	82	198	113	72	183	164	120	172	22	237	205	184	69	156	6	10	171	128	125	174	88	156	
19	88	98	156	70	128	190	102	141	64	210	163	41	207	55	64	110	241	151	199	204	139	6	237	50	104	138	136	39	181	49	216	
66	176	210	242	251	141	120	223	187	185	180	24	14	255	76	18	167	223	255	16	50	123	154	247	63	222	23	110	195	0	227	155	
163	234	176	90	237	221	252	207	251	125	112	29	172	204	86	16	143	43	199	21	246	122	234	243	47	28	22	235	208	140	199	207	
91	77	103	172	18	18	111	112	37	192	250	199	127	230	179	244	118	229	125	239	237	147	37	206	178	239	175	128	47	182	34	116	
162	188	0	155	223	197	184	239	30	59	80	50	172	252	48	0	221	59	147	145	50	62	91	247	45	22	159	234	149	28	149	155	
33	33	115	77	116	139	233	83	125	200	122	64	185	3	148	180	62	44	22	168	145	184	101	205	4	184	32	128	111	128	98	165	
26	113	114	248	91	193	48	69	175	5	176	171	44	223	36	16	170	185	207	208	66	11	130	221	147	209	26	59	115	4	39	219	
160	201	2	158	92	129	134	230	150	0	80	2	32	200	49	64	72	106	2	67	98	174	2	191	32	6	154	8	21	24	48	136	
160	200	2	158	92	129	130	230	148	0	80	2	32	200	49	64	72	106	19	195	66	174	2	191	48	4	138	8	85	25	112	136	
2	140	2	159	156	131	174	238	22	3	88	2	96	234	56	64	89	106	19	129	114	186	75	255	44	38	158	200	21	88	176	136	
2	133	2	137	148	163	170	99	4	1	91	2	104	234	40	64	121	43	19	160	18	152	1	223	40	38	138	192	148	74	177	0	
130	141	6	159	28	131	174	224	148	0	218	2	96	234	48	65	120	98	59	227	96	185	11	255	48	38	203	128	21	42	48	136	
210	13	6	158	12	130	174	104	180	2	218	2	104	234	49	65	122	231	63	227	96	137	11	255	176	38	203	136	20	50	49	8	
34	133	98	201	212	163	170	103	78	1	120	2	136	8	52	0	122	11	19	145	146	184	65	221	44	28	138	192	213	74	241	128	
18	73	114	252	70	128	254	102	173	0	210	130	45	142	53	64	110	243	23	193	200	139	2	237	178	232	154	136	37	180	33	137	
1	200	119	95	116	221	231	183	125	73	118	66	184	144	180	100	106	122	2	72	227	188	52	255	37	62	22	2	71	152	245	237	
82	135	91	172	186	194	31	111	165	4	248	171	45	255	32	80	126	187	143	160	88	11	36	223	242	229	170	187	53	6	167	123	
90	184	114	242	235	221	88	206	187	245	180	187	47	159	76	22	167	223	255	144	2	75	186	241	223	217	31	255	34	132	167	91	
225	181	251	69	102	14	255	112	121	232	126	42	95	61	148	48	54	223	118	106	241	240	165	206	118	189	103	132	103	242	67	161	
86	176	150	182	219	196	56	207	191	145	131	19	204	254	108	90	231	247	253	145	58	75	155	226	187	246	223	107	128	116	167	83	
66	156	150	158	139	230	180	230	158	19	194	51	236	254	33	75	231	115	251	131	32	205	27	251	145	54	223	27	144	125	37	26	
53	197	233	201	220	35	207	248	86	96	253	66	83	97	189	100	89	204	22	250	187	178	109	191	124	175	167	212	245	251	112	224	
210	239	238	190	74	224	61	239	183	31	220	179	109	231	170	82	127	255	239	129	10	79	174	255	208	227	234	139	53	230	167	235	
1	252	117	91	245	223	162	236	127	233	115	66	216	88	148	164	123	106	50	250	167	248	125	255	46	94	23	70	207	143	249	172	
59	219	14	173	76	151	236	127	6	224	214	199	161	136	50	192	76	173	187	205	204	154	87	221	246	97	158	136	29	156	184	220	
162	238	38	154	223	241	188	230	158	86	80	179	172	236	54	9	235	123	131	135	118	254	42	255	47	18	223	235	85	92	183	222	
39	158	14	191	220	151	238	250	86	115	210	215	225	232	190	193	253	110	59	141	254	251	95	191	62	127	223	212	29	140	248	212	
165	101	233	69	244	11	239	89	94	162	118	10	211	105	221	32	58	204	54	122	225	244	237	154	110	143	37	164	103	250	210	225	
27	223	111	171	182	214	191	181	13	76	94	231	189	31	182	229	166	59	159	237	247	152	53	253	238	121	174	194	63	150	189	255	
21	133	99	142	214	146	239	248	116	64	219	198	113	110	188	228	127	202	22	239	253	147	45	255	56	46	175	132	61	243	240	244	
0	172	130	137	212	163	162	199	22	3	120	2	0	138	32	0	121	42	2	144	18	190	0	202	60	4	146	68	213	74	176	136	
24	141	131	190	149	231	239	199	151	137	222	2	115	243	48	196	121	234	2	153	26	187	26	255	249	247	143	64	179	122	176	170	
2	32	170	155	215	240	184	67	28	133	89	163	44	206	118	8	251	59	147	145	22	154	6	192	15	20	154	203	149	70	189	206	
2	15	202	139	214	178	186	71	12	5	89	231	32	232	54	64	126	43	131	149	150	184	4	206	44	36	154	195	149	78	185	140	
32	141	2	158	84	163	170	226	22	0	88	2	32	234	33	64	88	106	2	192	2	186	0	255	32	36	138	8	21	11	48	136	
11	159	106	235	247	215	191	247	77	77	94	167	61	29	182	164	190	187	151	213	215	184	52	253	111	93	174	195	191	142	189	255	
155	219	110	248	63	213	253	119	141	77	212	167	61	157	182	229	238	187	151	197	231	171	54	253	115	121	186	203	31	140	253	255	
0	204	2	158	84	163	170	226	22	0	88	2	40	234	33	64	120	106	2	192	2	186	0	255	32	38	138	8	21	11	48	136	
252	84	122	228	2	82	95	248	17	198	246	178	91	95	171	97	126	212	157	234	232	149	53	142	243	235	225	149	39	179	124	115	
220	76	94	181	45	90	253	112	188	182	183	150	221	107	179	203	230	101	255	235	97	229	49	204	208	251	235	149	14	249	41	33	
11	149	98	201	247	211	251	255	95	65	93	131	9	254	190	100	255	155	151	157	214	154	53	223	127	125	154	199	55	142	245	245	
42	221	106	122	253	213	221	247	215	77	252	15	42	253	54	164	205	186	151	133	222	43	118	255	115	93	148	187	119	220	252	223	
59	219	98	158	117	212	251	246	213	77	220	167	40	236	182	228	110	234	151	205	207	171	54	255	123	125	158	139	63	156	124	253	
162	144	178	152	77	245	184	67	159	85	84	27	172	156	118	72	237	27	179	145	54	47	50	209	31	22	154	235	215	12	189	222	
190	85	107	236	86	66	255	116	21	198	86	167	81	77	179	97	126	248	19	239	233	182	52	142	115	105	160	128	117	186	116	248	
6	73	130	158	4	131	170	64	22	128	81	2	96	202	33	64	120	40	2	194	64	178	10	254	32	36	138	136	21	43	48	128	
7	120	251	210	101	212	248	80	233	216	116	68	24	158	117	127	228	185	19	222	129	98	178	192	7	24	130	42	74	187	97	245	
11	223	115	239	117	151	254	245	13	72	94	231	189	31	182	100	254	187	151	229	214	184	97	253	231	253	170	195	23	142	245	255	
222	76	126	245	44	14	253	48	253	186	147	242	221	63	181	203	230	117	255	231	225	229	1	204	210	251	235	144	4	177	33	51	
168	205	95	253	124	203	235	230	253	4	240	6	191	203	55	193	106	171	159	201	99	187	82	255	244	185	170	136	93	24	125	169	
2	24	191	184	27	228	177	67	172	197	202	19	180	159	33	72	230	51	59	145	2	141	18	198	193	166	154	75	144	0	37	122	
91	88	119	252	102	148	254	246	237	202	214	231	61	191	183	100	238	241	191	207	196	143	38	233	246	251	234	138	55	180	113	255	
43	149	114	201	247	179	250	255	79	65	93	163	140	63	188	228	255	155	151	157	150	186	109	215	127	93	158	199	183	142	253	215	
63	156	108	97	230	114	249	146	113	95	118	247	57	63	150	121	39	147	149	157	182	180	101	163	71	207	242	193	231	212	254	241	
44	125	155	190	244	199	183	230	30	136	88	98	244	248	33	64	217	106	19	67	99	186	10	255	109	167	175	8	16	123	52	171	
162	77	123	252	116	128	251	246	221	0	248	195	185	207	181	97	238	187	23	205	234	171	2	255	182	248	170	138	85	152	113	137	
110	151	48	136	239	245	156	216	139	92	156	111	12	222	239	231	207	19	215	147	214	35	170	209	50	81	42	191	159	94	47	215	
11	153	114	249	253	149	252	119	159	73	252	163	173	223	182	100	238	187	151	133	214	171	98	253	255	221	186	202	23	140	245	255	
34	135	98	200	215	182	254	127	93	9	249	67	72	249	60	192	250	155	151	161	146	186	69	223	63	124	138	195	119	142	252	134	
111	98	229	202	109	53	202	152	67	250	149	206	74	104	223	239	93	196	254	255	143	102	239	208	30	90	193	252	255	191	88	4	
155	54	121	225	39	116	249	86	137	76	189	247	189	30	150	166	238	155	223	131	133	139	112	192	215	217	186	155	15	12	175	251	
155	217	118	253	53	150	252	119	141	72	246	163	173	159	182	101	238	179	191	197	228	175	34	253	247	251	250	130	23	156	225	255	
42	150	225	137	119	243	187	90	31	77	93	231	172	236	190	196	223	27	135	149	150	154	108	215	14	84	186	239	159	206	189	215	
129	0	79	177	36	137	105	19	108	81	86	208	189	131	176	105	194	40	46	12	131	156	71	209	196	187	250	64	28	136	81	136	
178	222	111	220	111	209	191	246	157	78	84	231	44	156	182	101	238	243	151	199	228	175	38	253	118	123	250	139	119	156	117	223	
3	88	127	252	110	128	254	246	221	2	242	226	189	191	181	224	238	243	63	199	192	191	6	237	182	122	254	138	61	184	33	169	
139	221	119	253	118	139	191	247	157	0	80	227	188	159	180	225	254	123	159	197	227	157	2	255	116	27	254	130	61	156	161	185	
43	211	98	216	253	213	249	247	207	77	220	183	40	157	182	164	238	187	151	149	215	43	54	247	127	93	190	235	95	140	252	255	
10	85	62	242	173	221	125	85	137	126	156	59	172	158	126	175	174	179	223	131	212	41	50	224	243	209	202	187	6	94	141	87	
2	136	130	153	20	163	170	71	22	3	82	18	8	202	48	72	121	43	19	145	50	156	0	218	12	6	154	192	149	8	49	136	
34	184	224	155	253	205	188	207	30	57	80	187	172	156	92	8	207	27	179	17	178	122	219	247	13	30	159	239	213	12	215	219	
130	193	116	219	252	129	252	173	143	17	209	18	236	74	60	65	238	131	31	161	242	42	75	213	180	186	222	220	21	8	241	9	
34	185	240	91	237	201	188	207	255	125	112	61	172	140	94	25	139	27	211	21	214	122	218	241	47	24	95	235	213	12	199	223	
83	77	111	166	18	18	111	112	45	192	254	130	89	238	183	117	126	229	125	239	201	147	37	236	178	235	175	128	37	182	99	117	
34	248	8	155	221	141	188	207	30	59	80	50	172	220	112	0	205	59	179	145	50	250	82	247	45	22	158	234	21	12	177	155	
120	77	110	204	28	146	238	120	212	128	222	2	121	235	180	97	120	228	63	234	232	179	45	253	242	239	163	128	55	186	112	8	
34	140	0	155	220	131	174	238	22	35	88	2	224	232	56	64	89	10	51	129	34	186	75	255	60	6	159	236	149	8	176	136	
18	77	6	158	28	131	174	104	148	2	218	2	96	234	56	64	120	102	59	227	112	187	27	255	176	38	203	8	20	58	48	0	
34	184	114	82	235	205	120	222	251	185	116	26	44	223	108	16	191	255	215	16	178	123	154	247	31	158	23	238	195	0	227	139	
24	101	218	229	114	10	127	113	53	162	126	2	93	235	161	80	62	253	55	234	96	242	129	78	118	239	39	128	103	242	227	129	
53	101	233	197	244	11	239	249	86	224	126	66	211	233	213	36	123	236	54	122	233	178	109	158	108	142	167	164	119	251	208	232	
70	24	182	158	143	226	188	239	158	151	194	179	236	254	35	74	235	119	251	129	48	201	154	243	153	54	223	139	144	125	165	90	
53	197	105	201	212	3	207	252	87	224	254	66	83	105	189	100	89	204	22	250	233	178	109	158	124	142	167	212	245	251	80	224	
133	253	103	83	213	255	166	236	126	251	123	82	248	248	157	165	121	106	250	123	247	240	127	255	44	94	7	70	207	95	217	132	
210	238	238	190	250	160	63	239	183	15	218	243	105	231	162	82	127	247	239	135	122	207	143	251	240	39	254	137	53	247	165	121	
167	223	14	191	220	183	238	254	22	119	223	215	225	232	58	65	217	110	59	207	254	219	95	191	252	127	223	212	29	127	248	212	
56	0	118	229	54	26	120	113	101	0	246	2	27	11	176	80	126	133	31	168	136	176	37	204	214	233	162	132	103	168	96	129	
51	195	46	173	76	135	236	119	132	44	222	199	161	138	50	64	236	175	191	205	206	155	215	213	244	97	190	136	28	156	184	220	
50	135	91	236	210	195	31	103	5	4	252	171	43	191	160	80	126	187	135	160	88	139	36	221	242	229	170	219	53	130	166	123	
1	33	87	77	116	155	232	83	109	65	114	70	187	8	148	164	126	40	22	172	145	184	101	204	6	184	34	192	79	136	227	173	
18	96	18	168	91	193	16	76	175	4	176	171	44	222	38	16	238	185	207	192	74	11	130	213	145	240	10	187	17	20	39	219	
32	200	2	158	28	129	142	230	148	0	80	2	32	202	49	64	72	106	19	195	66	174	2	191	32	38	154	8	21	24	48	136	
129	200	51	91	116	205	175	246	255	13	116	0	176	215	180	100	78	58	2	72	227	188	50	127	101	190	54	2	82	152	101	173	
18	72	98	156	70	128	190	102	133	128	210	130	44	206	53	64	110	243	23	195	200	139	6	237	48	40	154	136	5	53	49	152	
2	133	2	137	148	163	170	107	4	1	91	2	72	106	40	64	121	43	19	176	50	152	1	223	44	38	138	192	148	74	176	128	
2	133	34	137	148	163	170	99	78	1	88	2	136	40	52	64	120	11	19	177	146	184	65	223	44	12	138	196	149	74	241	128	
26	90	106	222	110	208	187	240	141	78	214	167	44	252	183	100	238	241	191	199	196	131	38	233	118	122	234	139	55	255	53	223	
42	165	120	251	253	201	253	111	95	85	252	30	189	139	126	128	255	139	151	137	211	42	122	213	126	221	186	251	93	136	253	217	
47	18	230	204	103	50	186	80	221	204	87	231	72	236	183	236	126	253	183	231	165	179	36	200	22	123	235	131	63	255	120	213	
11	222	82	255	102	147	190	246	156	2	86	230	189	191	176	229	110	123	183	207	225	157	2	255	54	127	250	130	63	156	41	185	
155	219	110	254	47	214	189	181	141	92	214	167	253	31	182	103	230	243	189	231	229	137	55	253	243	251	238	131	63	148	189	127	
11	90	246	253	102	144	255	118	157	138	118	162	189	191	183	192	110	251	191	207	193	185	6	237	118	123	250	138	31	252	41	169	
171	219	108	218	125	213	217	245	199	93	212	55	40	220	190	228	204	186	151	205	239	42	118	245	107	121	186	251	95	140	252	255	
178	203	110	172	94	147	222	237	133	12	148	167	97	72	54	65	200	161	151	231	236	43	4	189	114	97	169	155	61	172	120	207	
2	176	54	216	109	141	184	64	143	25	177	40	172	158	100	8	238	57	255	17	130	35	194	209	21	24	26	250	84	8	99	131	
34	174	38	159	223	243	188	231	158	23	80	179	236	236	54	9	235	107	131	135	102	239	10	255	45	18	223	171	213	92	189	206	
25	16	107	229	38	18	233	16	100	96	87	230	25	15	147	96	118	149	23	173	193	144	37	200	214	233	170	132	47	162	97	241	
120	0	102	237	68	10	72	120	101	160	242	10	75	9	21	81	122	132	110	160	136	183	65	204	146	249	192	16	103	168	114	128	
53	197	99	142	212	147	238	248	85	64	219	198	113	108	189	228	125	204	22	239	237	147	45	255	56	46	175	196	61	255	240	244	
66	160	148	153	124	137	184	72	175	57	177	8	140	138	72	90	230	9	127	80	2	105	194	209	156	16	90	254	148	0	3	129	
141	84	119	197	199	118	173	114	21	194	102	146	89	55	49	237	127	252	147	170	161	244	53	202	71	235	215	4	175	253	96	176	
10	222	115	255	102	129	191	246	157	66	80	231	61	223	183	228	126	251	151	199	227	191	6	255	116	71	186	130	31	157	37	249	
154	149	118	251	183	198	252	117	141	29	246	211	237	63	52	197	238	179	159	237	249	171	17	253	187	249	138	195	63	140	225	15	
6	2	138	187	86	225	186	73	14	5	73	163	228	204	42	72	249	27	131	147	22	146	26	241	69	36	154	11	149	75	53	146	
40	63	83	190	254	131	183	119	30	132	120	231	245	252	32	64	222	123	2	3	64	186	66	191	244	167	47	136	93	74	181	219	
8	93	19	191	180	131	167	119	22	136	90	98	255	243	161	196	90	122	23	75	105	186	2	191	232	247	175	8	30	250	177	169	
46	135	98	201	247	247	250	123	95	73	125	67	8	153	180	228	127	155	151	145	150	186	108	215	63	92	142	231	191	142	252	135	
40	141	2	218	181	215	118	231	151	9	222	34	226	243	160	100	217	234	22	24	58	187	42	255	171	246	150	75	146	26	252	175	
32	77	2	158	84	163	174	230	4	0	88	2	32	232	49	64	120	106	2	193	2	186	0	255	32	36	138	8	149	91	112	136	
2	77	2	156	148	162	174	230	20	1	90	2	40	234	49	64	120	106	19	193	2	154	0	255	32	36	138	128	149	90	176	136	
130	136	130	153	20	163	170	71	22	3	82	18	8	202	32	72	121	43	19	144	50	156	0	250	8	6	154	192	148	8	48	128	
6	73	2	158	84	131	170	96	148	128	89	2	96	202	49	64	120	40	2	195	64	178	10	255	48	36	138	136	21	59	48	128	
0	12	130	152	20	163	170	71	22	3	90	18	32	202	32	64	121	42	2	144	18	190	0	254	40	6	154	64	149	74	48	136	
167	12	111	95	84	231	171	72	212	68	101	134	112	204	63	109	124	40	19	238	163	182	63	223	69	42	131	4	93	175	112	244	
38	151	115	200	245	239	250	123	95	109	249	103	8	248	52	196	255	171	151	145	159	186	72	223	62	30	154	230	255	78	252	151	
255	221	226	94	223	118	95	252	19	198	141	143	105	231	63	244	121	226	145	238	252	3	60	191	123	79	141	255	183	255	252	118	
187	215	110	248	189	213	221	119	221	93	212	183	61	157	182	229	238	179	159	133	255	43	50	253	243	217	186	219	31	140	253	255	
0	44	130	137	84	163	162	71	22	3	120	2	32	202	48	0	121	42	2	17	18	190	0	206	40	4	146	64	149	74	48	136	
223	94	182	246	45	62	189	146	189	159	151	50	204	255	35	239	231	117	253	131	160	197	171	224	211	251	123	151	134	117	41	83	
206	78	182	245	45	126	124	18	189	223	151	53	207	239	163	111	231	101	255	142	36	197	171	194	195	251	91	147	130	245	45	87	
138	78	22	255	45	210	189	114	189	222	182	22	237	143	179	207	238	97	255	207	101	197	51	238	198	251	250	147	6	189	45	249	
155	217	118	252	60	149	220	119	141	88	244	243	173	159	180	101	238	179	159	197	238	175	98	253	178	251	218	218	23	140	241	95	
152	223	126	189	125	217	253	118	221	84	244	22	191	207	50	199	238	163	223	201	227	239	114	253	247	251	250	137	86	156	173	249	
51	183	104	170	254	145	218	253	71	77	157	239	99	104	254	0	223	139	135	245	222	42	77	191	42	69	173	255	253	142	216	223	
235	148	96	91	245	180	220	23	85	67	124	146	40	61	190	253	95	146	151	140	186	60	117	215	103	127	146	195	119	212	248	110	
130	162	28	187	232	169	184	7	174	25	81	241	156	134	104	9	167	27	35	145	18	88	10	85	76	16	122	232	156	0	129	145	
207	157	112	226	245	188	154	181	137	73	29	127	140	254	254	48	135	219	151	87	183	42	168	247	174	93	14	234	158	207	139	215	
27	213	120	239	54	146	254	125	13	64	254	163	237	127	188	96	254	155	159	229	216	184	117	221	246	253	170	130	63	142	249	217	
119	113	184	130	203	85	158	204	203	248	152	175	76	220	79	46	174	81	249	103	199	35	190	224	51	88	79	191	77	127	143	215	
170	115	224	152	239	145	188	89	155	126	84	255	12	156	230	175	238	25	183	211	198	86	174	208	22	81	250	175	63	204	191	215	
110	151	124	248	189	112	157	251	137	92	188	173	44	255	182	134	207	83	213	165	180	43	42	220	250	95	238	255	223	228	175	87	
47	18	98	204	102	51	254	112	93	198	119	231	72	76	191	236	126	169	151	231	165	178	36	206	22	126	129	130	127	255	120	213	
78	147	243	242	229	220	221	177	137	77	180	239	46	127	190	166	174	211	157	129	153	43	48	227	243	223	236	219	142	204	172	119	
35	181	114	73	245	181	186	67	79	73	124	35	8	156	246	36	158	59	147	29	150	186	36	213	47	28	142	226	215	142	243	247	
32	223	146	186	180	131	182	254	159	5	248	231	238	253	32	196	223	122	134	80	91	187	72	191	170	246	6	75	94	10	189	155	
0	205	2	140	148	131	174	230	6	0	88	2	32	232	49	64	120	106	19	193	66	186	0	253	32	36	142	8	21	26	176	136	
2	205	2	140	148	162	174	231	4	1	90	2	32	234	33	64	104	42	19	192	66	152	0	255	32	36	142	128	21	90	176	136	
19	15	82	223	180	146	110	119	119	132	94	38	235	227	163	228	90	106	6	200	236	152	38	255	170	254	135	131	54	248	248	141	
32	223	82	218	180	147	22	247	159	13	220	38	238	249	164	68	223	122	134	80	118	186	74	255	170	182	6	75	22	154	252	143	
112	0	70	237	68	10	64	83	37	160	242	10	11	9	20	81	120	132	110	160	8	183	65	204	146	232	210	16	103	168	114	0	
11	16	244	241	36	156	248	18	237	89	86	49	157	31	214	111	134	17	159	25	134	28	34	192	198	249	58	194	150	132	1	115	
24	0	116	225	36	26	120	18	109	1	118	2	155	11	148	124	110	133	31	136	136	188	101	192	198	249	178	128	103	140	96	1	
25	159	18	255	182	147	110	119	23	128	94	230	239	243	160	228	94	122	134	8	91	186	66	255	162	247	134	130	62	234	185	185	
186	145	124	251	189	221	221	253	95	125	181	55	191	61	190	161	206	155	223	33	251	107	121	213	239	217	254	247	95	140	221	219	
136	209	58	248	240	197	57	87	190	89	116	17	188	151	32	80	230	59	151	16	114	156	48	117	239	213	62	201	144	0	165	251	
1	1	87	73	244	155	232	55	108	65	122	86	153	8	148	228	110	42	22	156	149	184	101	196	38	56	50	192	95	136	241	173	
18	99	18	168	11	193	152	77	175	4	160	163	44	142	38	16	238	185	207	192	74	11	130	213	177	240	154	187	17	22	39	219	
186	151	125	235	189	86	221	189	141	93	183	247	235	95	190	101	254	147	159	235	255	171	127	221	235	249	238	215	63	142	252	95	
130	133	2	136	148	163	170	107	20	1	91	18	64	226	32	64	88	42	19	176	50	152	1	223	40	38	138	192	148	8	176	0	
2	72	2	158	76	128	170	228	148	0	208	2	40	202	49	65	104	106	19	195	66	143	2	253	48	32	154	136	21	27	48	136	
118	7	66	140	26	163	138	104	5	36	217	235	97	206	179	196	126	169	143	231	12	131	4	223	176	36	171	185	53	175	60	69	
1	201	119	95	101	221	165	166	255	72	114	64	168	156	180	229	202	58	50	73	195	184	54	245	37	56	18	2	86	156	245	236	
50	149	91	236	210	195	31	111	5	65	248	170	75	119	168	112	126	187	135	160	89	139	36	221	243	229	138	203	53	130	166	179	
163	181	112	73	246	179	186	71	95	65	125	179	136	156	246	32	159	27	147	149	182	184	36	255	46	28	138	226	215	204	211	221	
35	217	12	169	13	149	236	119	4	96	214	199	165	136	50	192	200	42	59	205	207	152	87	149	166	121	158	128	28	28	216	222	
167	223	142	191	220	183	238	254	22	255	223	215	229	232	58	65	217	110	59	207	254	223	95	191	252	127	223	212	156	127	248	222	
2	142	166	159	207	227	188	239	158	23	80	183	236	236	38	9	239	123	235	135	54	233	10	255	13	54	223	139	149	124	181	206	
214	174	206	190	250	160	63	255	183	14	218	243	105	231	163	65	127	255	239	135	122	207	171	255	252	39	255	137	181	245	165	248	
165	173	231	27	221	255	166	236	94	243	123	82	248	248	221	164	249	110	242	127	247	240	255	255	46	94	7	102	221	127	217	132	
181	77	99	205	212	11	239	253	86	226	254	66	83	105	181	100	123	236	22	238	233	176	109	158	124	174	167	132	117	250	208	224	
70	152	146	158	203	224	188	207	159	151	194	51	236	254	96	72	243	255	187	145	18	75	154	243	157	54	223	107	144	124	165	90	
34	177	248	219	237	205	188	239	239	121	120	25	172	156	92	24	207	27	243	17	210	122	218	241	13	28	95	239	213	12	199	219	
223	77	110	236	6	18	111	120	165	192	254	130	91	238	181	115	126	229	125	235	200	147	37	204	242	233	239	128	39	183	115	100	
24	37	122	229	214	146	255	117	117	128	126	2	89	235	176	64	62	253	23	234	192	178	36	206	118	239	39	128	103	242	227	161	
34	248	114	82	195	221	184	215	251	153	120	2	40	222	100	16	255	251	147	144	146	251	186	241	31	28	23	234	193	2	227	139	
32	141	0	155	220	139	170	239	22	33	88	2	224	232	56	64	121	42	51	145	18	186	75	183	44	6	159	100	149	10	176	136	
18	13	2	156	157	199	174	106	148	2	202	2	96	234	32	64	120	238	59	226	72	187	19	255	177	166	139	9	21	56	48	136	
2	249	153	155	254	133	189	207	30	41	88	98	180	222	112	64	255	59	51	129	18	186	67	247	109	22	190	226	20	24	177	139	
88	77	102	236	28	18	238	122	229	128	222	2	121	235	180	65	120	228	63	235	232	171	37	237	242	235	163	128	55	191	112	0	
154	216	126	252	45	213	220	119	157	90	148	55	174	158	182	239	238	179	255	129	238	111	50	245	243	251	254	155	22	156	189	95	
47	180	247	221	253	127	238	232	95	234	240	78	252	252	189	164	255	75	254	45	167	243	255	223	62	94	207	174	223	253	91	133	
56	157	19	191	182	139	175	127	30	64	120	231	255	229	32	196	94	123	151	77	83	186	72	191	228	230	42	136	119	142	161	249	
27	92	98	190	87	151	190	242	157	74	86	135	125	239	55	228	126	251	151	207	225	153	62	255	55	127	138	128	63	191	57	253	
38	182	98	200	247	243	250	90	95	109	124	103	8	217	246	164	255	187	151	145	151	186	44	215	62	92	139	235	255	207	124	151	
138	216	126	252	45	221	253	119	157	94	180	55	172	158	182	235	239	179	255	5	231	109	115	253	179	251	250	155	30	156	253	95	
70	28	182	244	173	124	120	130	175	223	151	49	204	255	111	79	231	247	255	145	180	69	179	194	155	254	91	159	130	101	45	87	
42	151	113	235	245	83	254	189	29	76	255	198	217	95	190	224	222	155	151	239	251	176	125	223	238	253	170	196	63	142	244	213	
175	132	116	209	197	127	124	159	93	51	118	18	8	57	126	173	123	154	151	184	54	116	49	246	47	94	213	71	183	220	216	6	
67	193	237	129	132	20	173	151	110	117	14	134	145	34	150	102	102	6	59	157	215	152	119	113	108	40	222	68	157	144	241	124	
30	150	225	171	62	97	155	24	6	77	217	231	213	199	232	64	95	25	143	179	154	3	107	149	216	132	170	220	189	203	53	115	
14	112	183	218	195	36	191	216	138	27	113	114	92	223	109	171	253	89	51	210	131	118	154	224	69	139	239	172	153	115	33	179	
7	243	149	146	238	165	190	204	138	121	17	111	220	222	249	139	167	75	83	87	147	65	138	240	44	24	47	238	156	87	147	241	
187	208	108	251	61	213	217	188	223	93	148	55	171	93	190	103	204	19	221	197	239	111	126	189	227	123	250	219	31	156	92	255	
2	190	114	153	118	241	184	103	30	73	90	167	44	158	54	0	175	59	147	129	150	152	36	223	52	20	154	194	21	12	165	219	
75	186	164	155	233	245	188	159	159	223	28	180	168	230	246	239	199	115	242	156	183	72	254	241	14	94	223	235	158	212	141	253	
167	18	106	205	102	22	186	80	93	198	119	167	73	236	183	236	126	173	151	231	133	182	52	202	54	127	139	130	127	255	121	213	
158	90	227	222	102	242	187	80	157	68	86	231	108	254	183	205	254	249	183	199	165	147	54	234	86	121	170	139	31	255	53	247	
159	90	234	142	102	18	190	80	93	196	87	231	72	204	183	237	254	237	183	231	164	151	52	202	54	121	203	131	47	191	121	213	
39	151	115	200	244	183	250	91	31	77	248	239	8	236	182	196	255	187	151	149	151	186	40	223	62	28	139	234	221	206	252	213	
26	220	228	255	53	242	94	182	29	75	95	179	239	125	158	101	23	243	181	143	232	248	45	239	226	255	252	131	55	252	84	125	
178	204	120	227	180	99	95	167	29	7	191	178	43	47	22	1	239	211	159	162	120	174	73	239	178	223	158	147	39	222	252	10	
174	143	112	163	247	184	254	231	57	7	185	155	140	42	30	144	239	203	151	215	242	190	72	231	190	221	142	226	135	223	207	193	
59	211	120	240	55	212	223	180	89	76	60	103	61	95	150	180	190	249	149	229	199	168	48	205	227	217	174	179	111	134	207	255	
134	251	242	152	234	1	191	216	30	220	84	231	12	223	235	8	127	89	183	211	210	82	10	240	92	0	111	238	189	181	165	243	
75	223	120	224	117	93	255	244	109	76	180	175	159	29	183	165	238	145	159	231	237	35	112	238	247	221	170	155	95	159	125	127	
175	255	112	243	246	157	126	180	27	221	116	191	109	127	223	57	151	123	149	85	182	248	46	255	110	223	61	226	183	148	195	219	
63	90	232	228	119	86	255	16	25	76	117	167	93	127	151	180	254	217	149	231	133	48	124	206	230	255	238	131	47	183	95	247	
3	201	98	140	86	146	190	103	12	68	88	135	40	142	182	96	110	43	147	197	214	154	36	253	50	44	138	192	21	12	177	220	
0	205	2	140	148	131	174	231	4	0	88	2	32	168	48	64	72	42	19	193	66	170	0	253	40	36	142	8	21	24	176	136	
147	76	122	222	87	214	254	226	157	78	86	135	44	238	55	96	238	251	55	207	166	157	50	255	55	126	154	137	31	61	37	222	
2	157	98	137	114	177	184	103	12	69	90	167	44	142	54	64	110	59	147	133	150	152	36	223	36	36	154	194	21	68	165	217	
47	94	105	197	103	86	255	144	57	78	126	231	88	31	151	228	254	217	151	239	197	176	101	234	102	93	170	130	111	255	124	245	
131	114	234	154	110	145	185	212	159	95	85	183	12	142	247	8	239	185	183	213	134	91	190	240	86	24	254	171	159	156	37	223	
74	0	240	241	100	136	248	18	109	17	118	18	143	11	84	107	230	145	31	153	130	56	1	192	134	249	26	194	246	136	65	5	
82	32	80	168	110	137	88	72	141	0	177	10	143	138	117	64	238	153	95	241	10	35	64	208	144	216	10	190	85	138	99	129	
39	148	106	203	246	163	251	82	95	69	121	167	57	236	182	64	255	171	151	149	151	186	44	223	126	29	171	234	221	206	120	209	
136	216	26	248	115	196	57	246	191	25	100	17	60	159	32	80	229	59	151	80	98	141	50	247	251	215	58	75	18	16	165	187	
41	29	123	78	116	142	231	113	68	72	125	2	115	121	176	96	124	58	22	106	209	184	48	13	103	173	32	128	115	170	240	225	
9	129	119	89	228	154	237	55	108	65	114	80	153	0	148	228	42	42	22	8	211	184	101	197	4	184	50	192	79	136	225	173	
50	83	82	232	11	193	30	77	173	12	176	171	46	158	32	16	238	185	207	226	74	3	2	213	179	208	10	187	49	22	167	91	
158	206	112	179	247	152	254	228	57	7	188	151	236	106	62	129	255	227	151	183	242	172	8	255	190	223	159	199	231	223	207	201	
51	7	98	140	212	3	232	123	4	68	219	199	1	8	178	196	124	140	31	173	156	155	69	142	180	44	170	208	61	140	248	212	
130	132	6	153	148	163	170	107	20	1	91	18	64	106	32	65	121	42	19	176	50	188	1	223	40	2	154	196	148	72	48	128	
2	72	10	158	76	128	170	224	148	0	81	2	96	202	57	65	120	106	51	195	66	135	10	249	16	32	202	136	21	27	48	136	
0	216	119	91	116	205	163	246	254	13	116	32	188	215	180	100	2	58	6	72	226	172	34	127	101	190	50	128	82	152	101	169	
56	149	83	236	211	227	83	107	5	64	121	162	127	127	40	244	122	187	151	160	25	186	48	223	251	229	130	75	123	6	166	178	
135	188	112	219	246	179	186	199	94	67	92	179	140	44	182	41	159	27	147	149	182	252	44	255	46	30	158	226	213	93	209	221	
35	209	42	169	204	133	236	119	4	101	222	135	165	136	50	64	232	138	27	205	222	155	85	149	244	121	154	216	28	12	248	222	
2	138	164	158	207	225	188	239	158	23	208	187	236	236	110	10	235	123	235	133	54	75	75	247	29	22	223	251	149	92	181	222	
150	174	170	191	152	166	47	249	54	174	223	215	225	231	59	65	125	239	239	166	250	211	203	255	252	103	175	133	181	245	180	208	
133	188	174	155	221	191	182	238	222	243	218	86	250	248	255	161	249	239	122	23	247	243	223	255	60	95	71	103	221	125	249	132	
181	77	107	197	212	139	239	118	86	226	126	66	83	233	181	100	122	236	22	238	233	176	45	190	124	174	167	128	117	251	240	232	
98	184	146	158	219	196	186	199	159	129	72	35	172	254	100	88	255	123	179	145	18	91	154	241	189	54	159	107	144	14	165	218	
24	109	122	237	214	134	255	246	117	128	254	2	57	235	48	64	126	236	6	232	104	187	48	206	247	239	167	0	103	240	226	160	
34	249	178	202	245	133	186	196	239	9	120	2	44	222	100	0	254	59	147	209	146	187	154	241	63	28	15	106	193	10	227	139	
32	137	2	155	212	139	170	199	22	33	88	2	160	232	112	64	89	42	34	209	18	186	74	191	44	22	143	104	21	10	176	136	
18	77	2	156	213	199	230	103	151	132	202	2	40	250	32	64	120	238	59	192	72	187	16	255	177	166	154	9	16	58	180	138	
218	73	102	238	84	146	238	116	229	128	222	2	121	171	181	97	106	229	63	235	232	155	37	236	242	235	234	128	39	186	113	136	
32	241	25	139	252	141	174	207	30	41	88	98	180	152	120	64	255	27	51	145	83	186	75	247	124	4	190	236	220	10	177	169	
219	73	110	228	4	18	111	112	101	192	246	2	91	171	181	115	122	229	127	235	232	147	165	236	242	233	239	128	39	182	114	104	
34	177	185	145	252	237	184	207	30	57	120	91	188	220	92	0	255	27	115	17	146	58	218	211	77	28	63	238	212	72	215	155	
173	115	233	231	228	11	239	152	82	232	87	238	211	93	223	43	94	204	55	255	201	244	237	168	102	201	231	164	109	187	82	241	
247	215	231	78	190	2	150	252	155	234	158	234	114	125	189	119	119	246	125	111	233	195	45	255	58	62	237	150	183	254	212	119	
75	160	164	144	141	245	188	143	219	247	134	27	136	190	94	239	167	71	251	149	150	73	191	241	31	94	223	255	150	84	157	94	
70	56	190	214	237	252	120	3	187	223	183	57	140	255	103	122	231	247	255	145	54	79	178	194	159	254	219	187	130	100	37	87	
222	16	182	254	173	244	152	67	155	223	151	23	204	254	126	207	237	183	253	145	60	71	178	194	211	115	218	187	134	101	189	87	
15	118	225	163	46	35	143	152	22	234	153	239	217	77	219	12	95	205	31	255	137	20	109	186	196	204	175	180	255	255	16	241	
30	118	193	171	38	35	15	216	23	234	145	238	221	69	201	140	95	221	151	243	169	22	77	186	164	199	175	180	191	255	21	241	
253	151	109	235	188	55	91	185	69	125	191	118	219	125	158	97	95	148	191	191	251	34	109	149	254	251	167	220	63	143	244	113	
198	205	193	158	236	96	238	166	216	19	153	154	236	232	93	194	243	195	106	203	113	39	142	227	60	54	207	9	197	123	241	4	
199	237	202	146	238	168	174	196	170	146	25	139	220	234	121	130	171	99	91	223	115	71	142	226	60	4	143	56	140	115	155	128	
174	22	246	84	229	58	244	67	221	159	119	50	72	249	247	175	233	182	167	48	180	245	34	194	15	90	213	135	231	253	252	135	
250	216	60	250	45	253	153	190	159	94	148	55	238	93	63	235	205	17	253	7	238	101	115	245	211	123	250	155	86	29	93	95	
138	208	52	251	45	221	184	253	159	127	181	55	237	95	62	47	207	19	255	33	246	77	123	247	207	219	94	247	22	12	141	219	
26	24	166	123	7	254	112	18	87	125	71	55	139	28	167	237	104	188	167	144	142	248	117	160	199	225	208	195	179	13	124	87	
74	216	246	252	45	221	189	119	143	95	150	63	172	190	182	111	239	179	255	1	199	111	114	241	215	251	122	155	30	220	173	95	
170	244	114	216	126	147	154	250	155	202	56	63	108	254	191	164	183	49	151	33	228	111	8	223	58	94	63	254	158	164	11	223	
14	136	229	255	103	208	121	176	83	85	86	130	104	127	156	239	55	254	181	136	130	248	111	245	15	122	209	131	167	173	84	95	
122	25	230	252	47	244	92	214	139	95	156	175	46	255	119	254	239	243	253	129	142	75	178	225	211	121	218	155	182	92	60	95	
0	205	2	140	20	131	174	103	4	0	88	2	32	136	48	64	72	42	19	193	66	168	0	253	32	36	142	0	21	8	176	136	
2	140	18	157	22	162	168	103	60	1	90	2	44	162	32	64	103	43	19	128	50	152	0	255	36	38	154	192	20	64	161	136	
3	141	98	140	214	147	188	103	4	64	88	135	40	142	54	96	110	43	147	197	214	154	36	221	32	44	138	192	21	12	177	220	
32	233	66	142	84	129	130	228	134	0	120	10	32	200	36	0	88	232	2	66	66	186	10	189	48	12	130	104	85	11	114	136	
128	140	2	157	20	170	40	103	60	3	82	18	172	34	32	64	115	47	2	128	32	156	1	223	4	38	154	64	148	0	33	136	
52	9	98	142	92	129	194	64	199	128	249	10	96	200	61	0	88	168	6	66	202	35	10	221	50	12	131	40	85	42	114	128	
48	32	66	128	84	11	224	66	45	33	242	10	10	8	52	16	104	140	78	177	24	179	1	192	148	172	146	68	101	8	114	128	
61	0	106	101	102	18	235	112	64	224	119	130	81	13	179	96	126	172	23	234	137	176	37	140	70	233	160	132	103	171	112	225	
50	0	82	232	100	11	88	64	9	0	176	10	143	10	53	16	238	129	95	160	8	35	64	200	146	216	138	184	117	136	99	129	
137	193	119	73	164	152	237	55	108	81	126	82	185	8	180	228	106	42	22	9	215	184	101	213	38	121	50	192	95	140	233	173	
50	211	18	168	43	193	30	101	141	12	176	171	44	142	38	80	238	153	207	226	74	11	0	221	179	208	138	187	17	22	167	219	
166	205	75	158	76	129	142	236	134	16	217	66	96	202	57	64	88	234	23	227	74	35	10	253	48	32	139	156	21	59	112	128	
59	196	96	236	28	19	206	249	215	98	212	131	97	236	191	97	93	192	23	237	236	35	46	159	50	111	207	188	55	188	112	92	
179	7	74	137	212	2	237	119	4	100	222	215	1	12	178	193	124	142	31	173	252	155	101	142	176	44	186	208	61	140	248	220	
20	30	126	94	114	182	179	80	204	12	125	102	124	251	167	64	246	48	135	106	128	161	42	125	82	175	34	139	113	163	109	163	
139	218	242	89	117	181	187	222	95	9	116	54	40	209	183	172	253	40	130	28	163	188	42	255	79	95	18	195	219	133	105	173	
2	171	160	158	205	225	188	207	158	53	216	171	172	236	102	72	203	123	251	145	22	90	202	241	157	22	223	251	148	92	181	222	
46	174	227	222	219	195	191	252	183	63	208	227	104	231	168	221	125	255	167	128	58	91	234	253	125	54	223	175	183	245	166	228	
5	188	238	159	247	251	166	234	254	234	90	114	254	248	191	224	251	111	254	51	245	241	15	255	62	127	39	135	205	125	249	133	
98	185	146	154	223	193	186	207	159	69	72	43	44	254	100	64	254	251	179	209	18	26	218	241	61	52	159	107	144	30	167	218	
17	77	127	197	214	143	239	247	116	192	126	2	115	169	181	96	122	236	18	168	233	185	53	206	119	175	167	0	101	248	240	168	
56	237	106	236	213	198	111	119	117	128	254	2	57	187	48	64	120	174	2	136	104	187	48	206	115	239	134	1	99	216	224	170	
2	249	50	154	253	133	186	197	255	9	120	2	172	218	116	0	254	59	2	209	210	58	138	255	61	28	14	234	81	10	227	139	
18	77	2	142	21	194	230	103	149	0	202	2	40	250	48	192	248	190	139	129	72	155	0	239	177	244	158	3	17	10	188	138	
32	165	89	185	244	137	174	239	30	33	120	74	181	160	248	0	123	139	18	153	19	58	73	215	60	4	191	236	157	10	241	168	
33	177	155	177	244	173	168	215	62	41	120	122	148	251	88	0	255	27	115	145	19	250	202	83	108	20	63	236	204	72	131	161	
90	163	166	144	173	240	152	199	203	255	156	59	136	188	126	238	233	151	253	145	158	75	166	192	155	95	223	255	134	68	253	71	
70	56	191	254	237	236	184	3	171	223	179	25	172	254	103	90	199	179	255	17	150	79	242	224	159	62	90	187	128	97	37	87	
125	212	109	227	188	59	91	184	69	244	191	238	219	77	155	113	95	212	31	254	185	114	109	156	206	219	161	212	255	187	80	113	
110	30	246	86	175	248	148	3	207	223	151	51	234	252	247	239	207	115	239	17	182	111	166	192	27	123	215	219	199	108	253	71	
205	237	200	158	255	120	175	236	152	198	157	182	237	224	219	134	123	98	206	251	119	103	174	234	124	39	175	173	143	127	191	208	
210	212	188	248	45	125	152	190	159	127	150	63	238	255	110	79	231	83	255	1	166	69	187	241	147	218	90	191	148	93	5	95	
7	82	242	10	182	50	122	216	111	79	119	231	77	74	191	220	119	65	142	126	134	165	45	230	42	94	39	198	246	183	233	69	
62	91	226	123	167	241	54	148	87	77	95	167	106	156	239	108	238	122	183	83	142	144	111	160	102	121	240	131	247	223	252	223	
251	241	98	192	173	144	156	231	223	69	150	30	8	136	246	230	108	132	251	221	255	47	182	194	186	121	142	255	15	140	252	116	
74	218	242	254	109	253	221	247	143	95	156	63	174	254	118	110	239	179	255	1	215	43	178	241	215	127	222	187	22	220	173	95	
2	140	18	157	54	162	56	103	60	3	90	18	172	162	32	64	103	43	19	128	50	156	1	207	12	54	154	192	132	0	33	9	
3	131	98	140	150	145	156	103	4	69	88	231	40	8	182	196	78	35	147	133	214	136	4	221	32	32	138	195	29	12	185	221	
9	193	119	89	36	152	237	55	109	89	118	80	185	136	180	228	70	10	22	24	211	184	38	213	38	249	50	192	86	136	201	173	
58	211	82	236	51	71	30	125	13	12	240	171	15	31	36	80	254	145	151	226	72	139	0	221	179	241	138	155	115	18	166	27	
3	73	163	141	102	181	170	206	78	72	88	198	172	136	253	228	246	107	18	205	135	48	6	241	4	60	138	170	30	95	57	157	
180	205	73	156	76	1	206	232	150	18	216	74	113	232	57	64	89	202	31	227	107	35	10	63	48	38	175	60	29	122	112	160	
139	197	74	145	100	152	236	55	108	67	94	215	189	8	178	229	102	2	31	141	245	152	100	199	102	125	186	192	62	140	249	221	
50	147	107	140	18	82	13	119	53	70	214	231	9	38	162	85	126	157	135	161	249	155	37	204	176	39	170	132	61	132	174	117	
3	249	38	89	77	217	180	197	206	85	116	134	168	204	254	164	234	9	226	215	215	56	54	241	15	24	158	107	87	14	253	222	
46	171	199	218	219	211	186	236	191	29	252	162	104	238	228	252	207	249	163	208	22	91	238	253	63	22	223	235	147	23	47	173	
19	158	243	69	118	26	168	123	126	138	122	226	105	238	181	228	127	188	166	169	165	184	37	222	60	110	175	134	103	232	101	173	
56	77	126	124	85	199	119	103	245	140	238	2	115	249	33	80	200	254	130	136	104	187	0	46	243	239	36	1	99	122	244	138	
17	13	110	205	22	198	239	119	116	192	222	2	121	187	54	96	122	174	58	136	65	185	53	206	119	175	134	0	101	202	241	232	
24	13	42	254	85	198	126	103	245	140	254	2	107	251	32	80	248	190	134	128	104	187	16	175	243	239	150	1	99	74	228	138	
50	143	18	190	149	195	118	103	181	13	234	3	46	242	32	192	248	186	131	0	126	187	0	255	177	246	158	3	16	10	188	138	
33	165	82	137	212	139	170	239	30	33	121	66	149	130	240	128	123	42	2	157	18	186	72	213	60	132	159	100	157	138	241	136	
1	175	19	145	244	169	170	87	62	33	121	98	149	192	240	160	127	43	2	25	19	186	202	215	44	12	191	108	221	138	147	160	
15	123	233	197	38	26	239	180	121	234	86	238	219	45	147	36	62	236	23	239	193	240	229	202	166	127	229	132	110	250	82	249	
123	127	64	229	246	26	238	63	41	232	94	238	217	45	145	166	62	236	183	239	201	176	197	140	38	237	237	132	111	254	90	189	
106	179	162	144	253	241	156	199	235	125	156	59	142	252	126	158	235	147	255	145	158	75	162	241	155	85	159	255	134	68	191	95	
82	24	188	252	175	125	152	206	143	127	152	59	172	190	103	74	231	243	255	17	150	111	178	241	159	118	90	187	144	93	5	95	
66	28	189	252	236	237	184	206	143	123	152	125	188	190	109	75	231	83	127	1	131	79	155	241	213	50	90	190	144	89	5	123	
7	211	125	11	250	50	187	184	109	232	125	231	217	110	159	244	118	205	54	255	149	50	109	220	46	41	47	196	189	183	33	213	
175	254	226	146	243	176	190	231	25	79	93	191	108	244	246	237	255	123	147	31	181	94	172	226	62	30	94	170	135	253	191	253	
250	61	230	184	221	245	88	71	211	87	148	159	42	140	55	255	204	171	221	149	190	79	182	223	219	89	208	187	183	140	126	94	
106	212	241	254	109	245	221	223	139	93	156	63	174	255	246	118	239	187	255	1	151	43	242	241	251	253	186	251	158	204	165	95	
161	129	126	89	164	152	236	55	109	81	126	18	171	8	150	100	106	138	54	9	222	184	101	213	102	121	18	64	119	140	240	236	
48	198	73	172	92	3	141	111	150	130	208	74	113	232	177	64	88	168	26	169	105	35	2	31	240	135	239	60	61	40	112	168	
91	211	107	133	66	82	237	119	36	69	214	183	25	15	146	117	110	150	159	141	205	155	37	196	118	109	186	128	47	132	180	124	
27	30	99	205	22	154	171	115	124	165	122	230	41	174	180	228	127	175	38	140	129	184	37	206	28	238	186	128	111	140	97	189	
56	15	30	126	93	130	86	103	165	132	238	33	99	249	32	80	200	182	234	0	72	171	2	63	251	247	4	27	115	74	236	138	
11	56	98	141	103	155	249	66	47	196	94	167	12	139	182	196	122	173	183	157	132	186	6	221	22	60	138	134	63	140	121	223	
80	13	106	199	20	198	239	119	116	5	254	2	113	251	54	96	120	174	30	136	88	185	49	239	243	173	162	1	33	138	245	106	
24	141	22	238	213	214	126	103	165	9	255	2	105	251	32	64	248	187	143	128	90	187	0	239	243	239	130	65	51	10	236	138	
18	143	19	190	213	130	134	103	157	1	200	99	110	234	36	192	248	171	138	161	94	139	2	253	177	246	138	75	24	14	180	142	
40	175	10	139	214	195	163	79	6	37	121	198	161	192	96	128	121	42	2	152	19	186	92	183	44	132	175	105	249	10	249	128	
33	173	210	169	244	169	235	67	62	129	120	74	181	194	208	128	123	170	2	157	19	186	198	245	44	156	62	104	221	202	227	128	
98	185	250	144	255	213	89	71	139	205	188	43	14	159	102	20	239	187	215	145	30	11	178	209	127	84	157	251	135	12	246	223	
66	48	155	248	236	237	185	214	154	59	120	120	188	255	101	90	231	115	127	17	147	75	146	241	221	54	122	234	152	73	33	187	
15	190	226	214	247	146	190	230	59	207	92	231	104	252	255	164	127	251	147	151	214	154	44	239	62	30	143	171	167	254	191	253	
234	172	38	152	205	245	176	103	217	95	20	59	40	188	118	223	201	179	251	145	182	111	166	215	31	91	222	235	215	76	255	207	
