Ê¥ÂÞÀ¼ÌðÎÇ´½¼ÕËª	#09 Éºº÷èÖ	http://www.yslbeautycn.com/on/demandware.static/-/Sites-ysl-master-catalog/default/dwb8b29964/Makeup_Pro_img/00020YSL/L5204000U_09_COLORIMG.jpg	//www.yslbeautycn.com/dw/image/v2/AARM_PRD/on/demandware.static/-/Sites-ysl-master-catalog/default/dw04d9dc59/Makeup_Pro_img/00020YSL/L5204000U_09_01.jpg?sw=336&sh=444&sm=fit
122	16	114	236	54	2	88	114	5	32	186	162	27	15	180	80	126	149	149	160	200	147	5	221	146	233	170	132	55	136	32	25	
43	155	98	137	247	213	191	247	77	76	92	167	40	140	182	228	254	43	151	197	215	186	52	253	38	93	174	195	31	14	253	221	
178	193	70	254	84	128	236	231	141	0	242	2	41	74	60	65	106	163	23	193	122	171	66	221	178	248	158	200	53	136	240	8	
130	193	80	154	252	129	236	239	159	16	80	2	172	138	60	65	234	3	23	193	114	43	66	213	36	24	158	200	21	8	241	136	
0	164	130	137	212	163	170	67	22	3	120	18	0	138	32	0	121	10	2	144	18	190	0	194	28	4	146	68	213	74	240	128	
43	217	98	206	85	215	239	117	69	68	92	6	40	140	182	228	92	40	146	239	199	186	52	253	39	93	138	131	95	142	120	252	
48	73	66	188	68	130	238	102	165	128	242	2	43	138	49	80	104	239	14	193	72	187	0	237	176	224	134	0	37	56	98	8	
74	145	58	184	111	213	152	103	139	93	28	47	172	158	102	66	206	59	151	1	214	43	178	213	83	113	58	251	16	12	165	219	
130	128	130	153	20	163	170	71	22	3	82	18	8	202	120	72	121	8	19	145	18	180	1	210	12	6	154	196	149	8	177	136	
130	128	130	152	20	162	42	71	54	3	83	18	8	194	40	72	121	40	2	144	50	148	1	214	8	38	154	192	148	8	48	136	
60	73	106	236	84	195	75	120	69	132	245	2	123	211	177	240	120	184	23	234	201	178	44	157	115	205	161	168	55	171	124	160	
127	32	98	224	37	19	90	88	65	96	181	138	11	15	245	180	126	140	149	234	140	51	165	192	146	217	129	180	103	175	114	68	
58	209	98	225	52	139	250	214	13	44	186	175	15	30	54	0	238	153	151	245	202	177	4	212	178	217	138	246	55	158	209	221	
66	249	176	201	237	196	189	23	139	93	84	37	172	158	102	78	198	59	191	17	210	8	242	193	39	56	158	170	150	28	133	255	
27	223	123	237	116	214	255	119	29	76	222	231	125	63	182	100	254	187	151	237	201	152	37	255	247	253	174	130	63	150	245	251	
11	223	106	237	119	214	191	119	29	76	94	231	189	63	182	100	254	59	151	205	213	152	52	253	103	125	170	195	63	142	181	255	
11	219	106	184	117	213	253	247	157	77	220	167	57	156	182	228	238	187	151	197	199	139	54	253	115	121	170	203	31	140	189	255	
11	159	106	173	247	215	191	119	13	76	92	167	56	156	182	100	254	59	151	197	215	152	52	253	103	125	170	195	31	142	189	255	
10	146	178	218	109	213	184	84	143	91	85	119	172	222	102	239	198	59	183	1	151	46	50	241	7	81	90	235	26	12	173	223	
61	0	104	109	116	22	203	88	69	100	253	130	27	13	183	112	126	140	151	238	137	178	117	140	83	237	161	132	119	174	112	240	
131	151	107	65	246	58	169	55	124	233	94	246	209	44	158	32	54	14	23	189	177	184	37	206	76	15	254	192	237	204	209	253	
130	164	130	129	84	163	170	67	22	3	82	18	8	138	56	64	121	42	19	145	18	190	0	210	12	6	154	196	149	8	177	128	
124	65	102	108	84	26	78	120	97	160	247	2	123	107	185	113	120	236	125	234	200	179	165	140	242	235	225	148	103	187	114	0	
29	65	107	205	54	2	111	120	101	192	246	194	81	79	185	96	126	236	31	238	201	176	37	204	246	233	163	128	39	179	112	241	
34	141	34	156	215	144	184	103	221	5	120	179	40	172	54	196	236	59	147	133	214	186	6	215	46	54	154	203	87	12	253	222	
2	188	150	157	125	173	184	231	158	27	112	48	172	190	96	67	207	59	215	1	50	124	194	247	13	22	94	234	144	72	161	139	
56	65	106	237	20	19	111	120	117	160	255	2	123	75	185	112	122	172	31	234	200	179	101	141	242	237	161	128	119	171	112	0	
82	203	238	188	42	128	60	230	173	148	214	163	45	142	231	66	102	241	191	193	68	9	134	225	242	97	238	139	53	180	45	75	
59	217	98	90	77	213	222	198	207	68	252	11	42	220	247	180	236	251	151	194	206	43	62	249	51	93	128	59	87	159	124	222	
130	120	191	185	41	196	56	6	174	216	210	33	188	159	33	73	198	51	191	81	2	205	18	233	193	178	122	138	144	16	37	219	
55	40	232	225	102	56	120	208	89	18	180	170	27	15	221	120	126	217	23	255	138	167	196	192	214	201	235	180	165	169	122	145	
27	151	107	229	182	86	255	55	45	108	94	231	253	63	182	228	118	31	151	237	213	152	53	221	230	253	170	196	63	134	173	249	
35	217	59	250	124	133	252	247	159	73	248	235	188	223	52	96	206	187	151	133	215	43	66	245	63	28	158	250	28	12	161	159	
33	41	115	69	116	139	233	83	121	200	122	64	187	1	149	53	62	44	22	56	129	184	36	76	6	184	32	128	111	160	98	165	
26	120	178	248	91	193	16	68	171	5	164	41	46	223	104	16	162	185	205	80	2	11	146	209	251	213	26	59	162	4	39	219	
160	201	2	158	84	129	130	230	150	0	80	2	32	200	48	64	88	106	19	195	98	174	2	191	48	4	138	8	85	25	112	136	
54	95	107	78	214	195	167	241	196	196	222	231	113	236	181	96	122	248	19	235	201	163	44	60	112	36	174	136	117	187	116	241	
2	133	2	140	148	163	170	103	4	1	91	2	96	226	32	64	120	42	19	160	18	152	1	223	40	38	138	192	20	74	176	8	
59	141	114	237	247	146	254	117	29	0	254	131	89	223	52	100	254	189	31	237	220	187	53	220	243	253	138	193	55	174	240	132	
66	233	122	218	124	137	188	239	223	1	248	202	188	218	52	192	238	59	31	129	210	59	66	247	180	60	190	232	28	152	161	137	
18	201	66	156	68	128	174	230	172	0	210	2	44	138	33	64	106	235	31	192	72	139	2	237	176	32	154	136	21	24	113	136	
34	165	66	137	212	139	170	103	14	1	120	2	168	8	52	0	122	11	19	145	18	184	64	221	44	28	138	224	213	10	241	136	
18	73	114	252	70	130	254	102	173	128	210	130	45	142	53	64	110	243	31	193	200	139	0	237	178	232	158	136	37	180	33	136	
1	200	123	95	116	207	239	246	125	77	118	64	176	19	180	36	106	122	2	72	227	188	48	127	101	62	50	64	67	153	231	169	
90	189	91	236	147	193	23	111	173	68	232	42	47	255	32	48	178	187	207	160	88	11	16	223	243	229	11	59	115	98	167	59	
58	221	98	248	125	213	223	246	151	76	220	175	41	157	54	228	238	187	151	197	207	43	50	247	115	125	144	171	119	156	124	223	
67	145	56	168	253	245	184	91	143	93	60	111	156	158	110	32	142	19	223	145	150	11	50	213	95	93	58	235	148	12	133	219	
63	93	98	206	215	214	94	241	81	196	220	134	75	220	183	228	126	232	151	238	205	179	52	238	51	125	135	139	63	191	248	245	
2	134	46	145	215	179	184	99	156	21	90	167	172	170	54	201	239	43	147	149	182	152	4	221	14	23	218	195	133	76	189	206	
51	195	78	173	92	151	236	127	134	228	214	199	33	136	178	192	108	173	191	205	204	155	71	221	180	33	175	136	61	140	184	220	
26	219	110	188	34	208	191	118	133	76	214	231	41	142	182	196	110	227	159	197	205	139	38	237	242	97	186	131	63	156	61	93	
11	159	107	161	247	215	187	119	13	109	94	231	61	28	182	228	190	59	151	157	151	152	53	255	111	93	170	194	31	142	189	253	
10	115	122	233	111	81	185	87	41	204	212	166	189	143	247	192	238	185	223	145	197	139	178	192	215	217	170	171	47	12	47	219	
165	189	101	91	213	223	230	251	95	225	122	66	82	120	156	164	121	74	18	126	243	248	125	255	44	30	133	70	95	142	210	164	
18	170	255	190	58	192	57	232	183	29	212	163	109	231	170	81	110	247	239	192	106	75	174	253	208	99	250	139	53	166	39	235	
165	180	101	89	245	223	226	251	95	98	123	82	216	120	156	164	121	8	18	60	179	184	125	223	44	94	135	70	223	142	80	172	
51	219	115	254	126	133	250	118	223	73	248	227	45	223	180	112	238	187	151	197	198	187	2	255	183	252	158	138	95	156	97	223	
59	93	106	222	119	244	255	246	149	76	220	167	41	141	183	196	110	234	151	207	205	155	52	255	115	125	138	139	63	221	252	255	
53	133	107	206	212	19	207	249	86	65	223	194	115	109	188	100	121	202	22	238	219	179	109	191	120	175	167	132	53	251	240	224	
130	220	54	159	143	199	188	230	158	86	208	51	236	254	32	75	239	115	219	131	98	205	26	255	165	50	222	91	20	92	165	218	
198	220	150	159	43	230	60	166	188	26	202	16	236	246	32	75	229	119	255	2	96	205	27	255	129	178	94	27	16	113	37	27	
94	28	150	182	139	100	60	75	191	247	131	19	236	254	97	74	231	247	253	145	26	73	155	226	153	247	223	155	128	116	165	83	
173	97	249	71	252	11	231	153	123	170	119	8	211	105	221	48	59	204	118	122	225	246	237	10	126	159	37	52	103	251	210	161	
86	180	150	182	139	228	56	207	187	185	131	24	206	254	72	90	167	247	253	144	58	75	155	194	187	247	95	123	128	112	167	19	
94	16	186	240	73	231	184	66	175	23	131	19	140	158	100	72	225	177	187	145	18	7	18	210	155	87	155	79	144	5	37	82	
206	16	186	240	65	245	121	80	191	113	103	19	28	223	110	120	183	185	179	144	130	23	50	210	91	93	27	79	146	5	37	118	
97	181	251	69	100	30	255	56	121	232	126	104	219	57	148	55	182	220	126	106	209	240	225	200	103	249	101	132	70	250	66	229	
122	176	114	242	235	221	88	222	187	241	180	185	191	159	72	22	167	215	253	16	42	75	250	247	219	223	31	255	34	132	135	91	
11	191	106	193	247	247	251	119	77	77	94	167	56	156	182	164	254	187	151	149	151	184	52	255	127	93	170	195	207	142	253	255	
178	193	70	254	52	128	236	103	13	0	242	2	41	74	60	65	106	163	23	129	106	138	2	221	178	248	154	136	53	136	240	8	
210	205	6	158	28	130	174	228	188	0	218	2	104	234	49	65	120	231	127	227	104	137	11	239	176	34	203	128	20	50	49	8	
130	205	6	159	28	131	174	231	148	0	218	2	104	234	49	65	120	98	59	227	98	169	10	255	40	38	143	192	21	58	48	136	
32	141	2	159	84	131	174	238	22	1	88	2	96	232	48	64	121	106	19	193	34	186	74	255	44	38	158	72	21	11	176	136	
130	193	84	154	252	129	252	109	141	1	208	2	172	74	60	65	106	131	23	129	114	42	66	221	180	184	154	200	21	8	241	137	
32	205	6	155	84	131	166	231	150	0	120	2	96	232	48	64	121	106	2	227	98	187	10	255	40	6	135	64	85	10	240	136	
2	204	2	158	20	130	174	231	22	3	90	2	104	234	48	64	121	107	19	193	34	154	10	255	32	38	158	136	20	11	176	136	
34	205	102	159	84	131	170	234	212	64	218	2	104	232	52	64	122	43	19	225	226	187	14	255	52	14	139	128	85	14	113	128	
35	248	48	90	233	157	240	206	251	125	116	28	172	250	70	52	141	107	198	16	150	122	250	243	31	28	22	107	218	92	203	207	
34	188	32	155	253	233	178	207	30	101	120	191	172	204	118	0	219	59	147	17	50	250	90	247	45	22	159	235	213	12	215	218	
56	141	110	238	28	131	239	240	212	0	254	2	113	233	180	96	120	230	63	234	232	187	47	191	122	239	163	128	119	171	112	40	
19	13	110	207	20	146	239	116	212	64	222	2	113	235	182	100	122	230	63	239	233	171	45	255	242	47	170	128	53	170	112	104	
19	13	103	174	150	130	111	112	53	64	218	198	125	238	179	100	118	237	31	239	237	147	37	255	176	110	170	128	61	182	49	116	
162	138	32	155	253	201	186	206	94	69	120	183	172	204	118	0	219	107	147	85	182	186	78	247	45	22	154	235	213	12	213	222	
34	156	32	155	95	193	186	238	30	65	88	179	172	220	48	0	223	59	147	129	50	186	90	247	45	22	154	227	149	12	149	219	
2	156	16	155	223	135	186	239	30	9	88	50	172	254	32	64	255	123	147	129	34	154	91	255	45	22	158	234	16	8	161	155	
83	13	103	174	22	146	111	112	245	192	222	194	121	230	183	100	126	231	63	239	237	155	173	239	176	110	170	128	37	247	49	116	
28	95	90	229	178	10	126	112	53	196	126	231	93	111	163	80	118	253	143	238	224	145	5	78	254	239	34	192	111	162	41	17	
11	151	97	139	119	245	187	254	15	77	92	231	172	172	182	196	223	43	151	133	151	184	60	247	46	85	186	203	31	142	61	221	
127	122	233	97	102	16	249	152	97	212	116	230	25	29	215	42	110	220	53	238	141	52	231	192	70	233	227	172	111	181	114	241	
171	218	102	94	125	209	222	112	213	76	244	230	40	220	182	229	110	168	150	207	237	171	38	255	114	121	162	139	127	159	124	253	
58	19	66	204	117	87	90	88	13	76	253	111	10	140	191	196	254	137	151	225	141	163	96	223	178	125	170	159	63	142	124	87	
194	216	178	220	109	204	188	71	173	73	80	19	172	158	100	79	230	59	191	1	70	109	146	193	23	56	94	139	18	28	165	223	
49	32	249	225	116	43	73	27	69	233	122	74	19	1	156	48	94	140	22	184	137	182	101	2	196	141	176	164	229	200	80	225	
38	73	2	158	68	128	170	64	148	128	83	2	104	202	49	64	120	41	19	195	64	178	2	200	16	32	138	136	21	59	48	128	
50	1	98	161	23	11	216	64	13	32	154	139	11	12	20	0	236	177	95	161	156	187	65	140	144	217	138	211	101	14	120	6	
10	144	243	154	107	241	177	79	31	95	80	247	44	222	110	204	239	27	151	129	55	30	42	243	23	87	250	235	151	76	165	255	
42	183	96	203	245	245	255	223	31	77	92	167	8	221	190	36	255	155	151	157	150	186	124	215	111	93	190	231	215	206	252	247	
122	96	114	200	87	145	250	64	141	0	179	11	42	138	52	148	122	161	223	224	72	163	0	204	147	88	138	43	103	142	120	6	
147	223	119	252	116	148	254	246	221	74	246	227	189	255	181	97	238	251	63	207	228	175	38	239	246	251	238	138	55	189	241	255	
190	73	98	74	85	211	218	112	85	68	117	130	106	205	183	164	126	168	151	234	232	183	44	255	115	93	128	139	119	159	124	228	
43	189	104	203	245	213	187	255	79	77	92	39	40	156	182	164	222	27	151	149	215	58	116	255	111	93	186	235	95	142	252	223	
248	16	106	236	102	82	89	112	69	192	246	42	91	29	183	113	126	189	151	168	201	183	37	140	82	233	160	140	119	172	116	113	
11	223	123	237	114	214	191	119	45	76	94	231	189	31	182	100	118	59	151	237	197	152	53	237	102	125	170	130	63	134	165	249	
43	159	114	249	253	213	248	247	159	77	252	167	189	223	182	164	238	187	151	149	215	59	98	245	255	221	186	235	87	140	245	255	
27	223	118	252	55	214	255	119	157	76	214	167	189	191	182	97	238	179	159	197	236	171	55	253	243	251	186	139	55	156	253	255	
10	147	96	171	111	217	185	119	237	93	84	183	173	142	246	207	238	19	183	5	145	56	230	241	86	121	250	171	31	140	219	217	
185	16	106	101	102	90	249	80	113	106	118	182	27	31	151	121	126	157	149	172	233	246	37	140	86	233	224	132	111	164	98	241	
155	95	71	156	87	146	174	246	213	192	218	230	41	200	183	229	110	232	150	207	229	175	4	239	50	106	174	136	63	188	121	221	
10	159	105	137	242	255	187	23	30	109	94	231	173	46	182	192	183	59	151	149	151	152	37	255	110	85	186	194	159	206	157	253	
42	221	106	90	253	213	223	247	215	77	252	15	42	252	54	164	205	186	151	133	222	43	118	255	115	93	148	251	119	220	252	223	
210	24	187	186	27	228	49	66	158	201	194	19	188	159	97	72	228	49	59	145	3	141	18	226	209	164	154	74	144	0	37	123	
146	193	84	190	14	128	204	109	141	0	208	18	237	74	60	65	106	163	31	129	122	43	66	221	180	248	218	136	53	136	241	8	
155	221	110	229	54	150	255	117	45	76	222	163	125	63	182	229	238	183	159	237	245	153	37	253	243	249	170	128	55	134	253	125	
42	201	122	248	124	137	249	239	223	9	248	42	188	218	52	192	238	187	23	129	210	58	66	247	188	29	190	232	20	136	169	137	
50	141	118	233	245	194	254	117	29	0	250	131	201	11	52	68	250	191	31	233	248	187	85	221	183	248	138	195	55	142	240	142	
2	160	130	153	20	163	170	70	22	3	82	18	0	202	112	72	121	40	19	145	50	190	1	222	8	6	154	192	149	8	48	136	
43	221	107	216	125	245	252	247	221	76	252	231	40	157	182	100	238	187	151	133	198	43	114	255	119	125	186	171	23	220	244	255	
185	133	97	233	180	31	73	55	69	105	252	72	155	1	144	244	90	134	20	168	249	186	101	159	231	253	160	208	119	140	208	40	
59	157	98	222	85	213	223	246	213	76	220	135	41	252	183	228	108	234	151	205	236	171	54	255	115	125	132	139	119	140	124	223	
27	159	107	225	247	215	255	119	29	77	94	167	189	31	182	228	254	187	151	237	215	152	37	253	111	93	174	194	63	142	181	253	
27	141	114	225	245	150	254	119	29	73	222	163	185	31	182	100	254	187	151	237	220	185	37	221	255	253	138	195	55	142	245	253	
2	143	98	156	215	145	188	103	31	5	88	163	44	168	182	196	238	43	147	133	214	186	6	255	38	52	154	203	23	12	185	206	
56	65	110	237	20	19	106	120	101	128	247	2	91	9	177	112	122	172	31	234	200	179	37	140	242	233	161	132	119	171	112	32	
34	221	122	252	126	133	253	103	223	9	248	99	189	223	52	96	238	187	23	197	226	171	66	255	182	252	154	138	85	152	225	141	
34	156	34	155	95	197	186	198	158	11	80	163	172	222	52	64	253	123	179	129	34	154	82	255	37	54	154	203	21	12	53	219	
130	193	116	202	252	129	252	237	15	17	208	18	172	72	60	65	222	131	23	161	242	40	75	213	46	24	158	220	21	136	241	137	
39	142	14	191	220	151	238	250	22	119	210	215	225	232	58	65	253	239	59	173	254	219	95	191	254	127	255	196	29	172	248	220	
33	33	115	77	116	139	233	115	125	192	122	64	185	1	148	180	62	44	6	40	145	184	101	77	4	184	34	0	111	128	98	165	
90	113	18	248	91	193	16	69	171	5	160	41	46	223	96	16	162	185	207	144	2	11	130	213	187	209	26	59	50	4	39	219	
160	200	2	158	92	129	134	230	150	0	80	2	32	200	49	64	72	42	19	67	98	174	2	191	32	6	138	8	21	24	48	136	
51	11	70	141	84	155	234	121	84	224	210	198	115	72	183	164	120	172	22	237	205	184	69	156	30	10	235	128	125	174	88	156	
2	133	2	136	148	163	170	99	4	1	91	2	96	226	40	64	120	42	19	160	18	152	1	223	40	38	138	192	148	10	176	8	
2	10	170	158	87	240	184	67	30	7	81	179	164	236	55	72	251	59	131	145	22	158	6	243	7	54	154	139	149	78	61	206	
2	133	2	137	148	163	170	111	4	1	91	2	8	104	48	64	120	42	19	177	18	184	1	221	44	36	138	192	149	10	176	136	
2	133	98	137	212	163	170	103	70	1	90	2	136	40	48	64	120	10	19	177	146	184	65	221	44	4	138	196	213	74	241	128	
18	73	82	156	78	128	190	102	132	0	208	2	44	138	49	64	110	227	31	193	64	139	2	237	176	32	154	136	21	56	33	136	
107	73	113	76	109	156	254	20	201	200	116	74	40	157	245	246	110	160	22	206	197	34	230	232	55	120	2	138	119	158	96	237	
183	93	107	206	86	66	255	113	20	194	87	230	113	93	177	33	126	248	19	238	233	182	52	14	119	41	164	128	117	186	116	248	
130	140	130	153	20	163	170	66	22	3	82	18	0	202	48	64	121	42	19	145	50	188	1	214	8	6	154	192	149	8	49	128	
1	200	119	91	116	205	239	182	124	13	118	64	176	145	180	36	106	58	2	72	227	188	54	255	37	62	54	64	71	152	229	173	
90	149	91	236	155	193	23	111	165	64	248	170	47	223	32	80	250	187	143	160	89	11	16	223	243	229	14	59	119	34	167	59	
2	4	46	155	87	241	176	67	140	29	89	151	164	204	54	72	233	43	131	149	22	248	6	197	15	7	154	195	149	76	61	206	
43	209	14	141	13	151	236	119	6	233	210	199	161	136	182	192	236	174	59	205	205	152	87	157	166	123	158	128	29	28	248	156	
170	205	91	253	126	201	255	102	221	4	252	6	189	203	52	193	234	171	23	201	99	187	82	253	244	185	186	137	93	24	121	169	
162	252	224	155	245	201	184	207	30	117	112	187	172	220	86	0	219	59	147	17	50	122	218	247	45	22	159	235	213	12	215	218	
210	239	254	254	58	224	61	239	167	29	220	179	109	231	168	82	110	255	239	128	10	207	174	239	208	227	234	155	53	230	167	235	
11	253	103	83	221	255	162	236	126	225	115	70	216	248	148	164	123	104	50	127	167	248	127	255	46	94	87	70	207	143	217	140	
163	234	176	91	237	157	188	207	251	93	116	29	172	220	118	16	143	43	199	21	246	126	234	243	47	28	22	235	211	28	207	207	
53	197	105	201	220	35	207	248	86	96	253	66	83	97	189	100	89	204	22	254	187	178	109	159	124	175	167	196	245	251	112	224	
2	156	182	158	143	226	188	230	158	215	194	179	236	254	33	75	239	115	251	131	32	205	26	251	149	54	223	27	144	125	37	90	
91	77	103	174	18	2	111	112	37	192	218	198	125	238	178	244	118	229	127	239	237	147	37	239	176	238	175	128	47	182	34	116	
165	97	233	69	244	11	239	89	95	226	126	74	211	105	221	36	122	236	22	122	233	244	237	154	110	143	165	164	103	250	210	225	
86	184	150	182	219	196	56	207	187	145	131	18	204	254	108	90	231	255	253	144	58	75	155	226	191	246	223	123	128	112	167	19	
162	188	32	155	223	205	184	206	30	99	88	179	172	220	48	0	221	59	147	145	50	190	90	247	45	22	158	235	149	28	149	219	
225	181	251	69	102	14	255	120	121	234	126	106	95	57	148	52	54	221	119	106	209	240	161	206	118	185	103	132	103	234	67	161	
122	184	114	242	235	221	120	206	187	241	180	187	47	159	76	22	167	223	255	144	10	75	186	241	223	217	31	255	35	132	135	91	
210	13	6	158	28	130	174	104	180	2	218	2	104	234	49	65	122	231	63	227	96	129	11	255	176	166	203	136	20	98	33	8	
130	141	6	159	28	131	174	224	148	0	218	2	96	234	48	65	120	98	59	227	96	185	11	255	48	38	203	128	21	42	48	136	
34	140	0	159	220	131	174	238	22	3	88	18	96	232	56	64	89	74	19	129	114	186	75	255	60	38	158	232	21	88	176	136	
18	13	102	223	92	163	170	104	212	0	218	2	104	232	52	64	120	41	19	225	162	177	15	255	52	46	139	128	21	78	113	128	
120	205	110	238	28	147	239	252	212	0	254	2	113	233	180	96	120	230	63	234	232	171	47	191	114	239	163	136	119	186	112	40	
2	156	16	159	223	135	186	238	30	11	88	50	172	254	32	64	255	123	179	129	50	158	75	255	45	54	158	194	16	8	161	139	
11	191	106	139	246	215	187	246	30	77	92	231	172	140	182	128	254	43	151	213	151	184	52	255	110	85	46	227	31	142	185	221	
43	197	66	137	213	151	174	229	93	65	88	198	40	8	182	164	252	11	146	237	215	186	20	223	46	92	138	226	31	14	248	156	
2	179	53	185	238	161	185	91	14	57	80	245	156	158	228	73	199	27	23	21	147	88	3	208	12	16	58	230	156	0	129	177	
106	146	50	152	109	148	185	208	137	93	20	47	12	220	254	254	198	19	151	5	134	35	162	209	23	121	42	251	30	12	47	215	
0	172	130	137	212	163	162	198	22	3	120	2	0	138	112	0	121	42	2	17	18	190	0	202	40	4	146	68	213	74	176	136	
126	82	98	160	79	19	250	80	4	68	151	175	29	12	51	192	110	145	223	247	136	3	69	128	210	193	170	205	39	175	52	80	
43	181	96	201	245	181	250	255	15	73	92	163	136	188	254	36	255	155	151	157	150	186	108	215	111	93	158	231	215	206	249	247	
127	66	228	202	77	17	202	152	67	242	149	206	75	72	223	239	93	196	254	255	141	103	239	144	18	90	193	190	191	191	120	4	
34	165	82	233	255	227	250	203	31	33	249	195	12	202	124	128	251	139	23	145	22	186	88	215	63	220	138	231	221	78	249	135	
220	76	86	245	45	90	253	48	188	190	183	50	221	43	179	203	230	101	255	235	97	229	33	206	196	251	107	148	14	253	41	33	
122	96	98	192	101	19	202	64	73	160	249	10	10	8	53	148	122	141	151	227	140	183	4	202	146	220	130	191	103	175	122	132	
11	50	120	169	111	221	185	87	141	76	180	167	188	30	214	167	238	25	223	133	199	139	244	192	199	89	186	187	15	12	47	255	
43	147	114	248	253	213	249	119	223	93	220	183	56	157	182	164	238	187	151	149	215	43	50	245	127	93	186	235	95	140	253	255	
58	69	98	224	52	155	126	119	13	36	190	143	11	15	180	16	238	129	151	252	200	187	32	222	178	221	134	146	55	156	240	217	
107	149	113	232	245	60	252	55	9	105	57	218	143	62	244	244	238	155	151	145	151	58	224	194	191	253	154	250	151	206	211	253	
11	223	114	239	117	151	254	253	13	72	94	231	253	31	182	100	254	187	151	229	214	184	97	253	231	253	170	194	23	142	245	255	
11	159	106	233	247	215	191	247	77	77	92	167	56	156	182	164	254	59	151	213	215	184	52	253	111	93	174	195	159	142	253	255	
139	217	118	253	125	148	252	119	157	72	214	163	189	159	182	101	238	179	159	197	230	171	98	253	247	251	186	130	23	140	245	255	
155	94	71	156	7	146	174	114	213	194	210	231	105	232	183	231	110	229	191	239	229	197	38	238	50	123	202	130	47	253	121	221	
219	82	115	229	103	94	127	16	113	76	118	231	15	31	150	112	54	149	149	239	237	182	53	202	242	233	160	130	111	156	96	95	
6	73	2	158	68	131	170	64	148	128	81	2	96	202	49	64	120	40	19	195	64	178	2	206	48	36	138	136	21	59	48	128	
43	151	113	235	245	151	254	255	31	73	221	231	189	93	190	100	254	155	151	181	214	186	105	223	239	221	170	194	87	142	245	255	
34	187	185	130	251	245	184	81	139	125	17	111	140	158	198	42	142	19	215	17	150	11	106	241	31	92	186	255	148	15	135	223	
11	150	114	201	115	177	187	255	31	77	92	231	44	238	190	228	119	155	151	157	151	152	52	215	62	93	154	202	159	198	173	253	
6	73	2	158	84	130	170	64	148	128	81	2	96	202	49	64	120	40	19	195	64	178	2	234	48	36	139	136	21	59	48	128	
11	133	98	202	215	246	254	119	29	77	95	130	41	254	190	100	127	187	151	141	150	186	36	221	63	126	154	195	183	198	245	174	
131	223	123	223	118	195	191	246	159	68	80	231	60	158	182	33	238	187	151	199	231	189	38	255	118	30	190	130	53	156	37	223	
146	216	158	186	43	193	16	196	143	31	129	49	172	222	96	73	226	57	203	65	66	15	10	241	145	144	90	59	16	16	37	203	
155	223	110	248	63	213	221	119	141	77	212	167	61	157	182	229	238	187	151	197	231	139	54	253	115	121	186	203	31	140	253	255	
59	95	106	220	247	212	255	247	221	76	220	167	57	190	183	228	238	251	151	197	253	139	54	237	115	127	190	139	63	220	189	255	
11	223	111	169	178	215	191	247	12	77	94	231	189	31	182	224	54	59	151	229	215	152	53	253	238	125	174	194	62	142	173	249	
139	221	119	253	118	137	191	247	159	64	80	231	188	159	180	225	254	123	151	197	227	157	2	255	116	30	190	130	29	156	161	185	
66	216	177	220	77	204	188	7	173	27	208	1	172	158	36	70	236	59	91	1	66	47	210	193	5	48	90	10	16	12	165	143	
139	151	109	213	246	58	173	55	92	107	86	246	189	44	146	97	39	14	23	173	241	220	37	223	110	47	254	192	45	200	209	249	
11	149	98	202	247	214	250	119	61	65	95	135	40	254	190	228	127	139	151	141	214	152	53	223	63	124	154	195	183	198	253	253	
2	145	52	241	255	237	176	67	143	61	184	27	140	31	108	9	235	19	95	17	22	41	82	213	159	80	26	123	144	12	133	135	
32	172	130	137	212	163	170	198	22	3	120	2	0	138	32	0	121	42	2	144	18	190	0	226	28	4	146	64	213	74	112	136	
134	178	61	154	235	133	184	224	158	29	81	119	236	222	104	9	205	27	163	147	82	94	26	245	13	16	90	234	24	11	165	211	
162	193	116	222	108	129	252	173	141	17	208	18	236	74	60	65	238	131	63	161	242	47	75	221	180	186	222	216	21	8	241	9	
0	140	130	152	20	163	170	71	22	3	90	18	96	202	32	64	121	42	2	144	50	188	0	254	40	6	146	64	148	74	176	128	
34	151	114	200	247	183	250	123	95	13	249	103	8	249	52	192	255	171	151	145	150	186	8	223	62	28	138	207	223	206	252	151	
27	209	112	239	118	146	254	61	13	64	222	227	253	127	188	100	254	155	159	237	216	186	101	221	246	253	170	192	55	142	241	217	
42	165	120	187	253	217	253	255	95	117	252	30	188	203	126	128	251	139	151	9	211	42	122	215	252	221	186	249	95	12	253	217	
35	181	120	250	252	157	253	255	95	89	248	59	188	221	60	160	255	155	151	129	242	42	98	213	182	221	154	250	95	204	249	207	
139	79	39	159	5	150	174	166	205	66	66	198	232	40	181	231	100	99	186	239	229	173	23	239	36	122	222	2	31	124	121	140	
154	213	118	251	183	198	252	245	141	9	214	147	237	63	60	101	238	179	159	237	248	171	17	253	187	249	138	195	55	140	241	79	
6	2	170	187	86	225	186	72	14	5	73	163	228	204	62	72	249	27	131	147	22	144	14	241	196	38	154	75	149	75	53	210	
3	203	66	140	86	147	174	231	69	0	88	231	40	138	180	196	110	171	146	205	199	186	4	253	48	44	170	130	63	156	120	157	
2	176	148	153	109	173	184	67	158	25	113	48	172	158	96	72	207	57	243	17	18	78	210	213	13	18	26	234	144	8	33	147	
56	64	110	237	20	18	107	120	101	0	246	2	91	9	177	112	122	132	31	234	200	179	37	140	210	233	160	132	119	171	112	32	
179	74	103	12	77	23	206	100	221	224	192	78	104	72	53	167	200	228	18	239	237	167	84	253	48	120	192	58	95	61	120	140	
175	218	1	156	77	149	174	236	220	80	192	206	168	200	55	165	76	104	146	239	231	39	126	253	48	88	207	62	95	60	121	220	
33	1	119	77	116	155	233	115	109	64	114	70	155	8	148	164	122	40	22	140	145	184	101	205	4	184	32	0	111	136	242	172	
82	224	18	168	91	193	48	77	175	5	176	171	44	222	38	16	230	185	207	192	66	11	130	221	147	208	10	187	16	4	39	219	
34	72	2	158	92	129	138	230	148	0	80	2	32	200	49	64	72	106	19	195	66	174	2	191	48	36	154	136	21	25	48	136	
135	216	35	155	29	149	170	200	223	82	64	198	232	204	61	229	76	104	154	207	231	37	62	255	33	24	139	42	95	29	113	252	
51	3	102	141	28	147	234	121	68	224	218	199	97	200	182	192	124	172	54	237	221	178	69	157	52	40	171	128	125	174	120	148	
2	133	2	137	148	163	170	107	4	1	91	2	96	106	40	64	121	42	19	176	18	184	1	223	40	38	138	192	148	74	176	128	
7	144	189	219	74	229	185	136	206	85	1	19	148	222	108	104	199	25	27	147	151	52	123	113	77	14	26	102	148	9	37	211	
56	149	123	233	214	242	249	119	21	65	126	162	89	63	160	96	126	155	151	176	25	184	37	159	126	239	178	193	119	138	228	250	
136	223	86	189	61	217	253	246	189	84	244	150	173	207	50	199	234	171	222	205	102	239	115	255	247	243	250	137	22	28	45	251	
2	133	34	201	148	163	170	99	78	1	88	2	136	40	52	64	120	11	19	177	146	184	69	223	44	12	138	196	149	74	241	128	
18	72	98	156	78	128	174	102	133	0	210	130	44	206	53	64	110	243	31	195	192	139	2	237	48	40	154	136	5	49	49	136	
129	201	119	91	117	221	173	182	255	25	118	64	184	144	180	228	78	58	2	72	195	188	54	245	37	58	22	2	86	152	101	173	
58	149	91	236	147	195	31	111	37	64	252	170	47	255	32	112	126	187	135	160	89	139	36	223	242	229	10	75	119	2	166	59	
235	221	96	202	253	244	94	183	137	75	61	17	40	159	54	244	207	147	149	142	190	15	58	247	35	252	154	235	23	215	252	95	
43	195	14	173	76	135	236	119	6	108	214	199	161	136	50	64	204	172	63	205	222	154	87	149	244	105	190	200	28	28	184	220	
163	223	142	191	156	183	238	254	22	119	222	215	225	232	58	65	221	110	63	207	254	219	95	191	252	111	255	212	28	127	184	220	
2	142	38	159	223	225	188	231	158	23	80	179	236	236	39	9	239	123	235	135	102	205	10	255	45	18	223	171	213	92	181	222	
210	238	238	190	250	224	63	239	183	15	222	243	105	231	170	82	127	255	239	130	122	207	238	239	240	103	254	137	37	247	165	105	
135	237	101	19	213	255	166	236	94	243	91	82	248	216	157	165	251	106	250	123	247	240	127	255	44	94	7	70	221	95	217	132	
223	70	150	247	45	126	188	18	189	255	151	20	206	255	171	239	231	117	253	7	36	197	171	226	147	251	91	151	130	117	45	71	
53	197	105	205	212	3	207	252	86	224	254	66	83	105	189	100	121	204	22	254	233	178	109	158	124	142	167	196	245	251	80	224	
70	28	150	158	139	224	188	239	158	151	194	51	236	254	33	74	227	119	251	129	48	203	154	243	153	54	223	11	144	125	165	90	
34	184	224	219	253	205	188	207	30	115	112	157	172	156	94	0	143	27	211	17	242	126	218	247	45	22	30	235	213	12	215	218	
24	101	250	101	246	10	255	113	125	160	126	2	93	235	129	48	62	253	119	234	224	240	165	78	118	239	39	128	103	242	227	161	
34	184	242	82	233	157	248	214	251	185	112	24	44	223	76	16	191	255	215	16	146	123	186	243	31	30	23	110	195	0	227	139	
91	77	111	174	22	18	111	112	37	192	254	194	123	238	179	117	126	229	125	239	233	147	45	236	176	239	175	128	37	183	99	100	
18	77	6	158	28	130	174	104	148	2	218	2	104	234	48	64	120	231	59	227	104	155	11	255	176	38	203	128	20	58	49	8	
32	140	0	155	220	131	174	239	22	3	88	2	96	232	56	64	89	74	19	129	50	186	75	255	60	6	159	108	149	72	176	136	
122	77	110	204	28	146	239	112	228	0	222	2	113	235	180	96	120	228	63	235	232	171	45	253	242	175	171	128	55	186	112	40	
34	248	32	155	253	205	184	207	30	25	80	187	172	220	116	0	223	59	147	17	178	122	83	247	45	22	158	235	149	28	149	219	
8	205	130	250	181	215	246	231	151	9	222	34	226	243	160	228	217	106	23	88	122	187	42	255	235	246	134	75	146	26	252	175	
155	220	96	231	180	51	222	183	29	78	191	183	43	47	150	1	63	211	149	143	232	188	45	239	226	223	182	130	103	222	240	121	
238	157	113	210	245	188	254	181	137	73	57	59	140	254	252	180	135	115	151	87	179	42	168	247	47	221	142	234	134	207	215	247	
4	73	2	158	20	131	170	64	22	128	89	2	96	202	33	64	88	40	2	194	64	178	10	254	32	36	130	8	21	59	48	128	
161	201	33	92	93	149	199	230	223	68	112	14	162	136	183	165	200	42	2	77	239	46	118	191	36	24	144	58	95	24	208	236	
0	77	2	158	212	163	174	230	22	0	88	2	32	232	49	64	120	106	19	193	2	186	0	255	32	36	138	8	21	91	176	136	
188	4	98	72	85	247	75	88	85	6	245	18	75	89	63	253	120	136	151	184	42	182	121	158	83	249	129	69	115	141	124	102	
171	217	110	222	125	213	217	253	223	93	212	183	40	220	190	228	204	170	151	205	239	42	118	245	107	121	186	219	95	140	252	255	
11	222	118	255	118	147	190	246	29	0	94	230	189	223	181	228	126	123	183	199	227	157	2	255	52	127	186	130	63	156	41	185	
11	183	106	235	181	215	251	253	15	77	221	167	249	93	190	164	222	155	151	189	215	168	125	221	111	93	174	199	151	142	245	253	
35	181	114	73	244	181	186	67	79	73	124	35	8	156	246	32	158	59	147	157	150	186	36	213	46	28	142	226	215	142	243	213	
6	32	208	129	82	41	184	74	171	17	185	179	140	26	76	10	239	145	75	145	18	3	128	192	156	20	26	102	133	0	35	130	
155	219	111	222	61	212	221	246	221	92	212	183	40	189	182	103	238	243	159	197	239	207	54	237	243	123	254	155	31	156	117	255	
35	157	112	195	244	156	254	119	41	41	185	58	142	62	212	112	238	155	23	145	215	58	224	230	190	220	154	242	215	14	195	133	
39	183	83	137	255	239	235	91	31	109	248	103	12	222	118	132	255	171	151	145	151	186	56	214	61	28	187	230	221	78	253	215	
146	217	126	253	60	129	252	247	141	88	178	243	173	159	180	225	238	179	255	197	234	47	82	253	178	250	218	218	31	140	249	223	
42	135	98	201	247	247	250	255	95	73	92	195	8	189	246	228	255	155	151	149	150	186	108	215	63	93	158	231	183	206	252	199	
255	221	226	206	151	119	87	252	19	230	141	143	107	229	63	244	89	230	149	238	108	3	60	191	251	79	133	189	183	255	252	94	
11	222	115	191	118	131	191	246	157	64	88	231	61	222	183	164	126	251	151	199	227	191	14	255	118	71	170	130	63	159	37	249	
155	223	110	188	43	214	157	181	141	92	150	167	253	95	178	227	230	51	189	231	229	141	55	253	243	123	234	147	62	188	189	127	
187	88	110	158	29	212	203	244	213	76	212	150	40	204	183	229	76	168	159	207	239	239	62	253	51	121	138	155	31	157	124	253	
250	92	114	236	103	50	94	246	113	2	254	170	11	61	181	245	126	212	149	226	232	183	37	238	178	253	130	130	103	253	114	13	
171	178	118	152	111	209	184	208	139	92	20	191	140	222	246	175	238	49	215	21	134	3	162	209	22	89	106	187	22	140	47	215	
66	157	112	195	246	185	186	23	169	9	61	58	140	191	212	4	174	27	159	17	146	40	224	227	190	92	26	234	214	79	193	163	
11	180	98	201	119	245	251	219	31	77	92	167	8	174	246	164	127	139	151	157	151	154	60	215	126	93	154	231	183	206	252	245	
27	58	120	235	47	221	185	80	173	93	148	167	189	31	214	175	238	147	223	129	135	41	118	225	215	217	250	155	63	140	45	127	
8	61	19	191	180	131	167	119	22	128	90	98	255	243	161	196	94	122	22	72	105	186	66	191	232	247	167	8	30	250	53	169	
74	18	120	240	111	208	217	16	137	76	148	175	191	95	246	166	142	177	213	129	141	35	50	192	211	217	170	187	15	140	47	119	
11	90	118	253	102	144	255	118	157	138	86	226	188	255	181	192	238	251	191	207	225	189	6	239	118	127	250	138	31	188	41	185	
155	151	44	171	191	215	191	125	140	76	220	231	253	76	190	193	254	35	159	165	247	169	53	255	234	65	170	211	31	142	189	255	
0	205	2	140	148	131	166	231	4	0	88	2	32	232	49	64	72	106	2	193	66	170	0	253	32	36	142	8	21	26	176	136	
2	136	130	155	20	163	170	71	22	1	83	18	40	202	32	72	121	43	19	144	50	158	0	222	8	38	154	192	148	10	176	136	
2	48	20	153	109	173	184	66	142	25	112	48	140	158	96	8	206	25	247	17	18	92	82	209	5	16	26	234	16	8	1	147	
51	75	67	140	86	146	238	244	68	64	82	230	33	200	181	228	126	232	22	239	205	186	4	253	48	40	170	128	63	191	120	189	
56	0	102	237	4	19	104	112	101	0	246	2	27	9	177	112	122	132	31	168	200	179	37	140	210	233	160	128	119	170	112	32	
186	149	124	251	189	217	221	253	95	125	181	54	191	61	62	129	207	155	223	33	251	107	123	213	239	217	254	247	95	140	205	251	
136	145	26	249	240	205	121	87	60	25	116	16	188	151	32	88	198	59	23	24	82	152	50	85	207	185	50	192	16	128	165	187	
56	81	122	108	85	223	87	117	101	8	116	10	63	217	32	48	188	184	151	106	200	179	48	157	243	233	32	11	115	186	226	171	
1	1	119	73	244	155	232	55	108	65	122	86	155	8	148	164	106	40	22	140	213	184	101	196	4	56	50	64	111	136	241	172	
82	99	18	168	27	193	24	77	175	4	128	163	44	142	38	80	238	185	207	192	74	11	130	213	177	240	138	187	17	22	167	219	
242	94	12	188	12	7	220	118	132	198	144	199	227	72	51	67	204	225	233	231	236	7	86	175	240	35	234	153	61	60	120	90	
130	133	2	136	148	163	170	107	20	1	90	18	64	226	40	64	121	42	19	176	50	152	1	223	40	38	138	192	148	8	176	0	
2	72	2	158	76	128	170	228	148	0	80	2	40	202	49	65	104	106	51	195	66	139	2	253	48	32	218	136	21	27	48	136	
114	7	98	140	30	131	138	104	132	132	217	239	97	206	179	196	126	169	143	229	204	3	4	223	176	36	171	185	53	175	60	197	
190	4	118	209	197	127	116	91	85	191	119	18	74	57	63	173	121	154	151	58	56	244	49	194	71	223	208	71	231	221	252	6	
129	201	55	91	101	221	173	182	255	29	118	0	184	148	180	229	194	58	2	72	195	188	54	245	37	56	18	10	86	152	101	237	
50	135	91	236	242	195	29	111	5	5	248	171	43	39	160	80	126	187	135	160	88	139	36	221	242	229	170	219	53	130	166	251	
35	211	14	173	12	133	236	119	132	108	222	135	161	136	50	64	204	142	63	205	222	155	215	149	244	121	190	216	28	12	248	222	
167	223	142	191	156	167	238	254	22	247	223	151	229	232	58	64	217	110	59	207	254	223	95	191	252	127	223	212	156	127	248	222	
2	142	166	159	207	227	188	239	158	23	80	179	236	236	38	73	235	123	251	135	54	201	10	255	13	54	223	139	148	124	181	222	
214	238	203	190	218	224	63	239	182	142	222	243	105	231	161	80	127	255	239	130	122	207	171	255	252	103	255	201	181	245	165	249	
165	173	165	27	221	255	166	236	94	243	251	86	248	248	223	160	249	106	250	119	247	242	95	255	46	95	135	102	221	127	217	140	
186	151	125	235	189	87	221	189	77	93	247	119	235	95	190	225	254	147	159	225	251	163	123	221	235	217	174	214	63	142	252	87	
53	77	107	205	212	139	239	252	86	226	254	66	83	233	181	100	123	236	22	234	233	178	109	158	124	143	167	132	117	251	80	224	
70	152	146	158	203	224	60	199	159	151	194	51	236	254	96	74	231	127	187	145	18	75	154	243	157	54	223	107	144	116	165	90	
138	92	54	191	45	216	188	254	157	94	150	23	173	79	55	79	239	115	255	195	102	205	115	253	135	251	218	147	22	156	173	223	
207	28	182	244	173	116	184	2	175	223	151	19	204	254	99	111	231	119	255	145	164	69	179	194	147	243	219	155	130	117	45	87	
24	109	122	229	246	138	255	118	117	128	126	2	89	235	176	96	62	253	23	234	224	178	37	110	118	239	39	128	103	242	227	161	
34	248	114	82	249	205	248	199	255	153	120	10	44	222	100	16	255	251	147	144	146	251	154	241	31	28	23	110	193	10	227	139	
32	173	0	155	220	131	162	239	22	33	88	2	224	232	56	64	89	42	2	145	18	186	75	191	44	6	159	100	149	10	176	136	
82	13	2	156	221	135	174	98	20	2	202	2	104	234	48	64	120	239	59	227	72	187	19	255	177	166	139	8	21	40	49	136	
2	249	153	155	254	141	189	207	30	9	88	98	180	222	48	64	255	59	19	129	82	58	67	247	45	22	190	234	20	24	177	155	
88	205	110	236	28	146	238	242	197	0	254	2	121	233	180	65	120	228	63	234	232	171	37	253	242	235	167	128	55	186	112	8	
91	77	111	236	18	18	111	112	37	192	254	130	91	110	183	117	126	229	125	239	233	147	37	204	242	233	175	128	37	183	98	100	
34	177	248	219	252	205	188	207	31	121	120	157	172	156	92	8	207	27	115	17	210	122	218	241	13	30	31	239	212	8	215	219	
32	223	18	250	180	131	150	247	159	5	220	231	238	253	162	196	223	122	134	80	86	171	74	191	170	246	7	75	94	26	189	155	
32	223	82	222	188	147	22	247	223	13	252	38	174	219	166	68	223	122	142	80	118	170	74	255	174	54	6	75	18	154	252	143	
25	29	82	255	182	147	110	119	23	128	92	230	239	243	160	228	126	122	134	8	123	184	64	191	162	247	6	130	62	234	168	185	
27	94	86	255	86	146	190	246	157	70	94	134	45	239	183	228	126	123	183	207	229	157	54	255	54	255	138	130	63	157	41	221	
138	216	126	252	45	221	189	119	159	94	150	54	172	158	54	207	238	51	255	1	231	109	115	253	183	251	250	155	30	28	189	91	
58	151	121	235	183	87	255	57	13	77	255	230	219	79	190	96	254	155	23	238	219	176	125	221	254	253	171	196	63	142	220	211	
143	4	230	91	205	118	252	75	221	87	151	18	72	60	191	239	105	6	251	157	180	229	63	192	7	123	218	199	151	229	252	214	
187	213	45	143	45	87	205	253	86	120	148	94	251	28	190	165	204	8	150	111	239	111	125	157	162	89	239	188	95	28	216	221	
12	112	179	242	203	101	191	216	158	27	113	114	92	255	109	170	189	89	179	210	131	86	154	224	69	141	111	172	137	115	33	179	
47	180	247	159	253	127	254	232	95	202	241	94	252	248	190	160	255	203	254	165	183	115	223	255	62	95	207	174	223	237	249	133	
30	22	161	171	190	97	155	24	6	77	217	231	197	71	234	64	127	147	175	179	154	1	111	149	200	164	170	220	189	207	53	115	
26	222	244	255	54	182	95	178	89	78	93	183	239	125	158	101	23	243	181	167	232	248	108	239	227	255	252	130	183	252	84	123	
230	239	169	130	232	164	158	196	139	186	153	253	204	206	221	26	135	75	85	215	214	67	136	226	56	24	143	254	140	115	131	211	
181	197	67	141	212	19	206	252	87	194	218	198	113	238	189	228	125	204	54	239	237	147	45	223	60	46	175	132	63	255	248	244	
34	182	98	201	247	247	250	91	95	109	124	102	8	220	246	164	255	155	151	145	150	186	44	215	62	92	154	235	191	206	252	215	
188	68	246	84	69	126	245	82	209	158	117	18	91	249	59	175	121	248	135	42	40	246	32	138	83	235	113	9	227	253	126	163	
154	220	112	255	183	34	222	183	25	74	189	183	107	47	28	5	255	243	149	135	232	188	73	239	162	223	214	130	55	222	240	93	
15	156	228	219	233	244	61	191	159	95	84	148	232	246	246	239	199	90	179	156	183	88	127	243	47	94	223	227	158	221	156	253	
167	157	112	243	246	184	254	182	121	75	61	186	239	126	156	48	191	219	151	211	246	60	40	247	174	223	142	226	231	223	195	215	
10	73	231	213	199	82	237	150	33	213	70	131	57	45	145	175	46	246	179	221	145	216	53	224	79	126	222	0	167	213	244	248	
3	205	34	218	53	214	110	231	247	77	254	34	168	218	182	96	249	234	22	216	110	155	34	255	43	62	158	203	18	28	244	206	
75	22	104	224	101	92	255	48	9	78	148	167	157	31	182	228	238	145	151	231	197	38	116	194	247	89	170	139	31	142	125	119	
25	15	82	223	180	146	110	119	85	132	222	34	235	227	162	100	122	106	38	136	252	154	38	255	170	254	135	131	54	232	232	141	
175	188	112	242	247	221	222	188	91	91	52	181	109	125	191	49	151	123	149	117	247	108	40	255	43	223	61	231	215	149	223	215	
31	150	109	171	52	119	155	57	22	125	157	247	221	111	154	161	95	147	159	191	187	128	125	159	202	79	171	212	191	206	149	241	
218	90	174	188	11	84	93	55	133	78	214	167	111	175	34	207	228	231	189	133	205	143	55	139	243	115	254	155	62	244	188	95	
158	242	105	171	106	3	155	216	22	126	145	255	85	77	251	8	63	217	119	247	163	102	111	50	212	0	239	252	125	187	53	241	
47	18	227	197	102	18	254	80	93	238	127	230	72	12	191	228	126	140	151	175	197	176	53	202	54	126	162	134	111	254	120	213	
11	20	113	224	101	156	250	112	13	72	180	175	157	31	182	36	238	145	151	167	132	50	100	194	247	217	170	130	87	142	117	247	
0	205	2	140	148	131	174	231	4	0	88	2	32	168	48	64	72	42	19	193	66	170	0	253	40	36	142	8	21	24	176	136	
112	0	66	236	12	10	72	88	37	160	242	10	11	11	53	88	120	132	110	160	8	179	193	140	146	233	130	16	103	168	114	0	
130	48	178	152	109	229	184	66	142	93	80	51	140	158	100	11	207	57	147	17	18	92	18	209	5	16	90	235	144	12	5	211	
56	0	98	237	6	26	104	80	101	0	247	2	27	9	181	116	122	132	31	168	136	179	37	140	210	233	162	128	103	138	112	32	
2	48	20	137	109	141	184	66	142	25	112	48	140	158	96	74	198	25	183	17	2	56	66	209	5	16	26	234	16	8	1	131	
61	0	107	204	68	2	235	112	68	192	215	198	81	65	185	100	126	172	22	238	201	179	36	140	80	169	162	128	63	171	112	240	
136	216	58	248	115	196	121	247	190	25	116	17	60	151	32	80	231	59	151	80	114	141	50	247	231	223	58	203	18	16	165	187	
9	129	119	73	228	154	237	55	108	65	114	82	153	0	148	228	42	42	22	8	209	184	101	213	36	184	50	192	95	136	225	173	
82	115	18	168	11	193	28	77	173	12	176	171	44	158	36	80	238	185	207	192	66	11	130	221	177	208	138	187	16	22	167	219	
179	7	98	140	212	3	232	123	4	68	219	207	1	8	178	196	124	140	31	173	188	155	69	158	52	36	170	208	61	140	248	212	
130	132	6	153	148	163	170	107	20	3	91	18	64	106	32	65	121	42	19	176	50	188	1	223	40	2	154	196	148	72	176	128	
9	201	55	89	37	221	164	165	238	89	114	64	168	156	180	229	194	58	34	73	195	188	54	245	37	120	18	10	86	28	213	236	
58	149	83	236	211	195	83	107	5	64	249	162	123	127	168	244	122	187	151	160	89	155	52	221	242	228	138	195	127	134	166	179	
19	76	114	222	87	214	254	226	157	78	86	135	44	238	55	96	238	251	183	207	230	153	50	255	55	126	154	137	31	189	37	222	
2	138	166	158	207	225	188	239	158	23	208	179	236	236	110	74	235	123	251	133	54	75	75	247	29	22	223	251	148	92	181	222	
150	174	138	191	216	166	47	251	54	174	223	215	233	231	59	65	125	239	239	166	250	211	235	255	252	103	175	133	181	244	180	240	
133	188	174	187	221	191	182	234	222	243	218	86	250	248	255	161	249	239	122	23	247	243	223	255	60	95	71	103	221	125	249	132	
53	77	107	197	212	139	239	118	116	224	254	66	115	225	181	100	122	236	22	234	233	177	45	190	126	175	167	4	117	250	240	224	
98	184	146	158	219	196	186	199	159	129	72	35	172	254	100	88	255	251	179	145	18	91	154	241	189	54	159	107	144	14	165	218	
24	109	122	237	214	150	255	246	117	128	254	2	57	235	48	64	126	236	6	232	104	187	48	206	119	239	167	0	103	240	226	160	
34	249	178	202	245	133	186	196	239	137	120	2	44	222	100	0	252	59	147	209	146	187	154	245	63	28	15	106	193	10	227	139	
18	13	2	156	213	199	238	103	151	4	202	2	40	186	32	64	120	238	59	192	72	187	16	255	177	166	154	1	16	56	180	138	
32	249	25	139	244	141	175	207	30	41	88	98	180	222	120	64	255	27	19	145	83	186	75	247	44	20	190	224	156	10	145	169	
219	77	110	236	18	18	111	116	37	192	254	130	91	47	179	113	126	229	125	238	233	187	37	236	242	235	238	128	39	182	98	104	
2	177	185	145	236	205	189	207	62	57	120	121	188	222	92	0	239	27	83	17	210	56	218	211	109	28	63	238	212	72	215	219	
75	168	164	146	203	245	188	143	207	119	132	157	172	174	94	238	135	67	251	149	150	73	254	241	31	94	223	255	150	84	137	94	
237	115	233	229	228	11	239	152	82	232	215	238	211	93	223	43	94	204	55	255	201	246	237	168	100	137	231	164	109	187	82	241	
247	215	231	78	190	34	150	252	155	234	154	238	114	125	189	119	55	247	125	99	233	195	45	255	58	46	237	150	181	254	212	119	
94	48	166	182	141	244	152	71	187	223	135	27	140	190	110	206	229	55	249	145	22	75	178	194	155	119	222	251	130	68	189	87	
70	28	190	212	237	244	56	3	187	223	155	21	140	254	103	90	231	119	255	17	22	79	178	194	159	62	95	235	128	100	37	87	
159	114	225	163	46	3	207	152	22	234	145	239	221	77	217	172	95	205	23	255	233	86	109	186	228	205	175	180	127	191	17	241	
46	4	230	209	205	122	244	71	223	191	150	18	72	184	255	175	233	22	251	144	180	245	35	192	15	90	215	199	199	252	252	199	
253	151	109	235	188	119	91	185	69	125	191	246	219	125	154	97	95	148	159	254	187	34	109	149	254	219	231	220	191	175	252	113	
30	22	209	235	58	51	11	152	7	107	157	230	221	87	201	236	95	217	159	246	139	2	109	150	144	196	171	252	191	255	36	113	
198	205	193	158	236	96	238	166	216	18	153	154	236	232	93	194	251	67	106	235	113	39	142	227	60	54	207	8	197	123	249	4	
199	237	202	146	236	160	174	196	170	146	9	139	220	234	121	130	171	107	91	223	115	7	158	226	60	20	143	56	140	115	187	128	
250	92	52	252	45	245	153	186	159	94	148	55	238	92	63	239	207	81	253	3	238	101	115	241	211	251	218	155	86	93	93	95	
138	220	52	191	45	221	184	190	159	95	148	53	236	31	46	79	207	51	255	3	230	77	123	243	195	251	218	147	22	92	13	223	
57	24	230	91	23	254	112	18	87	125	87	183	139	28	23	237	104	188	167	144	142	248	117	160	199	243	208	195	179	13	124	94	
131	122	225	129	116	155	187	150	30	238	82	231	157	12	215	0	95	125	151	213	197	148	101	218	44	20	175	164	12	190	17	221	
3	212	114	208	52	147	218	186	155	202	52	42	108	254	190	32	183	113	149	49	166	109	40	223	42	94	191	222	215	164	65	95	
11	156	228	255	119	178	120	178	91	81	94	163	105	111	156	239	55	251	181	140	166	248	111	253	78	254	209	130	167	237	80	93	
159	18	226	140	71	22	186	80	221	196	87	183	73	236	191	228	126	237	151	167	165	183	52	202	22	125	139	131	47	239	121	213	
63	151	121	233	182	95	255	185	77	108	127	230	219	95	158	224	126	157	151	239	221	176	109	221	254	221	171	196	127	175	220	241	
74	218	182	220	109	221	189	183	159	95	150	63	172	190	54	111	231	179	255	129	231	111	114	241	215	123	218	155	22	220	173	95	
134	204	114	210	244	136	254	230	249	10	56	50	236	110	188	32	255	115	23	51	242	45	8	255	46	30	175	206	197	94	195	133	
11	18	120	224	103	84	217	48	73	76	52	231	157	31	182	164	190	145	151	165	133	32	52	206	199	95	234	131	31	142	93	119	
11	82	120	229	103	84	95	17	25	108	92	167	93	61	150	164	150	25	181	133	133	144	100	194	102	95	168	131	63	134	221	247	
131	50	234	154	110	145	184	80	159	95	85	183	8	204	254	46	239	185	183	149	135	86	190	208	22	24	250	171	191	140	63	213	
43	18	233	197	119	86	251	16	121	76	126	231	24	63	150	228	126	153	151	141	133	176	117	194	102	95	170	134	47	166	124	245	
122	25	162	252	45	244	92	198	139	95	156	47	46	191	119	222	238	243	253	133	140	75	178	225	147	119	222	187	150	125	60	95	
0	205	2	140	20	131	142	103	4	0	88	2	32	136	48	64	72	42	19	193	82	168	0	253	32	4	142	64	21	8	176	136	
2	141	18	157	22	162	168	103	60	1	90	2	44	162	32	64	102	43	19	128	50	152	0	255	36	38	154	192	20	64	161	136	
128	140	146	157	22	162	40	39	60	3	82	18	172	34	32	64	99	47	2	128	32	156	1	223	4	38	154	0	148	64	33	137	
52	9	66	138	92	129	194	232	135	0	249	10	98	200	37	0	88	168	6	114	74	35	10	253	48	12	131	120	85	171	114	128	
61	0	107	204	68	18	75	112	69	192	247	66	83	9	191	100	122	140	22	238	137	178	37	140	82	233	162	132	103	171	112	224	
2	32	16	137	108	141	184	64	174	25	112	8	140	142	96	74	230	25	127	17	2	48	194	208	4	16	26	234	20	8	1	131	
9	129	115	89	228	154	237	55	125	73	118	80	155	0	148	228	78	42	6	8	211	184	101	213	38	249	50	192	87	136	201	173	
114	211	18	168	43	193	30	101	141	12	176	171	44	142	36	80	238	153	207	226	74	11	0	221	179	208	138	187	16	22	167	91	
38	201	11	158	76	128	142	236	134	0	209	66	112	202	57	64	88	234	2	195	66	3	10	253	48	32	138	152	21	59	48	136	
59	196	98	236	28	19	206	249	215	98	212	131	97	236	183	97	93	224	23	237	236	3	44	159	50	111	207	188	55	188	112	92	
179	135	74	136	212	2	237	119	4	101	218	215	1	8	178	197	126	140	31	173	252	155	5	206	176	44	170	192	45	140	248	212	
0	94	62	94	118	228	179	80	220	12	116	98	124	209	167	100	230	120	6	74	130	165	42	125	82	62	34	138	81	163	101	171	
139	202	114	89	117	181	249	222	95	13	116	20	40	217	182	172	255	40	130	28	163	188	42	247	7	31	18	195	219	133	105	173	
7	188	116	219	244	179	184	235	94	91	80	179	236	124	190	41	159	59	147	149	182	248	47	255	14	30	223	198	213	76	81	221	
2	171	164	155	237	225	188	239	159	53	216	171	172	236	102	72	207	123	251	145	22	74	202	241	141	22	223	251	212	92	181	222	
46	175	227	222	219	131	191	252	151	63	212	227	104	231	40	221	125	255	167	132	58	219	234	253	125	54	223	175	183	244	182	228	
5	188	255	223	246	251	166	234	126	226	82	98	252	248	189	224	251	111	254	51	245	241	47	255	62	127	103	135	205	127	121	133	
98	185	146	154	223	193	186	207	143	69	200	43	44	254	100	64	254	251	179	209	82	10	218	241	61	52	143	107	144	14	167	218	
17	77	111	197	214	143	239	247	116	224	126	2	115	41	181	100	122	236	26	172	225	185	53	206	117	175	167	0	37	248	112	232	
56	77	106	124	212	223	103	247	244	130	238	2	115	249	49	112	120	238	2	232	104	187	48	63	115	239	133	1	99	248	242	170	
56	237	106	237	85	198	111	119	117	128	254	2	57	171	48	64	120	175	2	136	104	187	48	206	243	239	134	1	99	216	96	170	
18	205	2	158	21	194	230	103	181	0	202	2	40	186	32	192	248	190	139	129	74	155	16	255	177	244	158	3	17	10	188	138	
1	167	17	153	244	137	174	239	30	33	120	74	180	194	248	64	123	11	18	153	83	186	73	215	124	4	190	236	157	8	209	168	
0	177	187	177	244	141	169	223	62	41	120	120	156	188	92	0	191	27	19	17	147	58	154	211	77	28	63	236	204	72	195	185	
126	23	101	197	246	10	191	186	16	170	154	239	89	109	149	162	127	215	255	231	225	178	205	206	124	47	237	148	109	254	82	49	
75	169	164	146	205	245	156	207	235	125	156	27	172	190	86	238	161	71	251	149	150	75	174	241	31	94	223	255	134	68	157	79	
189	122	233	229	38	27	207	152	85	234	246	238	211	77	219	40	126	204	29	126	201	244	109	138	230	205	165	180	111	187	80	241	
70	48	191	222	237	236	57	3	171	223	155	25	188	254	103	90	199	55	127	17	22	75	242	192	159	54	94	187	128	97	165	87	
125	84	109	227	60	59	75	152	71	240	191	238	219	77	155	121	95	196	31	254	137	114	109	156	254	207	165	212	255	187	80	113	
110	22	246	80	173	240	180	7	223	159	151	55	200	232	246	175	203	119	235	17	182	109	166	192	10	91	215	219	199	108	253	71	
238	255	128	146	215	96	167	230	57	207	157	31	236	98	75	143	121	227	134	243	115	78	252	234	60	22	223	169	143	127	255	222	
194	220	188	252	45	125	184	170	159	127	144	55	236	254	110	79	231	83	255	1	166	69	251	241	151	114	90	187	16	93	5	95	
159	125	230	163	235	249	54	212	103	79	95	183	104	156	235	110	236	90	191	210	223	148	239	162	118	105	164	131	175	223	188	215	
203	232	230	195	79	144	250	150	207	113	54	146	40	141	246	230	111	214	251	222	198	61	175	243	30	124	150	195	39	140	120	220	
63	159	120	225	182	159	255	240	13	108	254	166	91	95	182	116	254	253	159	238	217	176	109	252	254	249	171	212	119	175	212	245	
106	216	178	252	109	245	157	215	143	95	156	47	172	191	118	254	239	179	255	129	134	43	178	241	211	125	222	187	150	92	173	95	
74	218	176	220	109	253	252	215	143	95	156	63	172	190	118	110	231	179	255	129	198	43	242	241	215	127	222	187	22	220	165	95	
2	140	18	157	54	162	40	39	60	1	74	18	172	34	32	64	103	47	2	128	48	152	1	207	12	54	154	192	128	64	33	9	
32	232	98	202	92	129	194	224	71	0	112	10	34	200	53	0	72	232	6	67	202	43	14	189	50	8	129	40	117	155	114	136	
45	72	99	206	68	146	235	112	69	192	119	198	113	68	181	228	120	224	22	238	201	178	36	172	50	40	162	128	127	191	112	244	
9	193	113	89	164	152	237	55	109	89	118	16	187	8	182	228	78	42	6	8	215	184	101	213	38	249	50	192	87	136	201	173	
50	211	18	168	43	65	30	109	173	12	240	173	14	158	36	80	254	145	159	226	72	11	0	221	177	208	10	187	16	18	167	27	
182	204	105	156	92	129	206	232	214	2	152	74	114	232	57	64	89	224	31	227	234	35	10	159	176	6	175	188	21	122	112	128	
139	197	98	145	100	152	237	55	108	67	94	215	185	8	178	228	106	2	31	141	245	184	101	199	102	109	186	192	47	140	249	221	
11	221	51	156	109	148	188	119	205	91	92	100	188	190	183	231	166	59	150	13	199	9	34	249	34	121	58	170	30	212	41	221	
50	147	91	172	82	66	29	119	53	69	242	247	9	38	166	85	126	157	135	161	221	155	37	204	176	230	250	129	45	164	164	213	
3	241	34	73	77	217	180	197	206	84	116	134	168	204	254	165	234	9	138	197	199	56	182	241	7	24	142	111	87	28	221	220	
46	171	215	218	123	211	186	232	143	25	252	170	104	206	228	244	238	249	163	208	22	91	238	241	30	18	207	235	211	6	47	173	
19	150	243	77	118	26	168	123	126	138	122	226	105	236	181	228	127	29	166	169	165	184	37	223	30	110	63	134	101	232	97	173	
56	77	46	124	85	199	103	103	245	140	238	2	115	185	33	112	120	238	2	168	72	187	0	46	115	239	164	1	99	122	244	170	
25	13	126	229	84	214	239	119	228	128	254	2	121	187	48	96	120	166	58	136	72	185	49	238	119	239	134	0	103	202	241	170	
24	13	110	238	85	198	110	103	245	140	254	2	123	187	32	80	232	174	135	136	72	187	16	239	243	239	150	1	99	74	228	138	
18	141	2	190	85	194	230	103	181	9	202	3	40	250	32	192	248	170	139	129	122	155	0	255	177	246	158	11	17	10	189	138	
33	163	90	137	244	139	174	239	30	33	120	66	181	129	184	128	123	10	2	153	19	186	72	215	44	132	191	100	157	138	241	168	
33	165	19	177	244	141	168	215	62	41	121	106	149	217	240	0	127	59	18	25	19	58	72	215	108	148	191	236	221	10	131	161	
66	179	170	144	253	209	152	199	171	125	156	59	142	188	126	158	233	147	255	145	158	75	162	241	59	85	159	255	134	68	191	95	
66	24	189	220	236	236	185	11	139	91	24	89	188	190	101	74	231	119	127	17	19	75	210	241	29	54	122	170	144	105	133	51	
251	236	98	208	93	244	152	103	221	87	150	26	8	136	246	237	233	170	187	149	230	111	182	198	59	91	222	123	7	76	252	78	
74	210	241	252	109	253	220	95	139	95	188	127	172	190	126	118	239	155	255	1	150	107	242	241	247	125	158	251	150	204	165	95	
161	129	126	89	164	152	236	55	109	81	126	18	171	8	182	100	106	170	22	9	214	184	101	213	70	121	146	64	119	140	240	236	
48	196	73	172	92	3	205	111	22	162	208	74	113	232	48	64	88	160	26	161	105	43	2	31	112	135	239	60	61	40	112	168	
155	25	179	220	75	212	153	87	223	72	212	18	44	158	39	236	228	59	155	129	199	143	50	217	19	121	154	139	19	68	37	127	
27	211	106	197	82	18	109	119	36	69	214	183	25	47	146	117	110	134	159	141	205	154	101	197	246	111	186	128	47	132	180	252	
19	30	99	205	22	154	171	115	124	165	122	230	185	166	180	228	127	172	6	140	145	184	37	206	12	238	186	192	111	132	97	189	
11	56	98	140	103	131	249	66	47	196	86	167	12	139	182	196	122	173	183	157	132	187	6	221	22	60	138	130	63	140	121	223	
24	141	106	206	21	214	239	103	244	4	254	2	121	187	52	96	120	174	30	136	88	185	48	239	243	173	162	1	99	138	245	42	
24	141	22	238	213	198	122	103	165	9	254	3	105	251	32	64	248	187	135	128	90	187	0	239	243	239	130	67	51	10	236	138	
18	143	19	158	149	131	166	103	157	9	200	99	44	226	32	196	248	171	138	161	90	187	0	253	176	246	138	74	24	14	177	142	
32	175	90	137	212	171	171	103	14	33	89	2	149	192	112	128	121	42	2	156	19	186	76	215	44	4	139	100	221	10	249	160	
9	175	146	129	244	169	171	87	62	129	121	74	189	195	240	128	123	42	2	25	19	186	198	247	108	140	191	104	221	202	139	160	
98	185	186	144	255	209	156	199	139	85	156	171	140	172	118	18	239	187	251	17	22	107	178	241	191	20	158	251	132	76	191	95	
47	190	226	214	247	144	190	230	27	207	88	231	108	254	246	172	255	123	179	215	247	218	46	235	62	30	223	195	167	125	191	253	
194	184	61	248	236	228	184	222	155	91	144	125	188	158	100	75	207	51	223	17	182	79	210	241	155	90	218	250	148	8	39	255	
