Ê¥ÂÞÀ¼´¿¿Úºì	#51 Ó¨ÁÁÉºº÷³È	http://www.yslbeautycn.com/on/demandware.static/-/Sites-ysl-master-catalog/default/dw267c7e19/Makeup_Pro_img/00030YSL/L4369800U_51_COLORIMG.jpg	//www.yslbeautycn.com/dw/image/v2/AARM_PRD/on/demandware.static/-/Sites-ysl-master-catalog/default/dwf6321ae2/Makeup_Pro_img/00030YSL/L4369800U_51_01.jpg?sw=336&sh=444&sm=fit
56	79	67	238	116	195	74	240	1	64	249	171	99	205	177	208	94	248	149	230	77	163	76	189	242	237	161	185	119	191	126	216	
168	104	184	115	109	237	241	222	90	55	36	24	191	153	65	40	137	90	67	24	34	124	250	51	79	221	17	61	210	217	78	170	
152	189	30	184	178	192	16	231	190	29	202	177	191	159	34	65	166	59	205	209	54	137	2	127	249	229	62	195	176	0	173	75	
134	0	134	128	20	162	168	64	148	131	211	18	64	202	120	72	121	44	10	177	0	181	0	194	0	6	154	196	132	8	48	128	
186	67	103	220	77	81	197	236	199	92	208	131	98	204	63	99	216	232	167	231	204	99	166	153	51	121	199	189	23	60	116	254	
131	157	47	153	178	147	173	55	156	80	86	182	252	38	178	101	102	51	58	237	241	157	36	255	228	42	122	192	20	136	161	125	
115	199	102	204	77	83	205	108	193	108	220	11	34	168	182	103	72	228	166	237	204	43	38	153	178	121	192	57	55	188	124	204	
123	79	110	236	78	18	206	102	129	196	214	131	41	47	183	247	104	197	253	239	236	139	165	236	114	107	206	153	39	181	122	76	
27	9	101	143	20	150	75	182	37	64	222	199	59	46	151	228	100	230	157	204	237	152	117	237	226	109	186	128	63	151	120	92	
236	73	119	126	106	194	221	112	157	10	113	50	125	219	36	113	246	49	55	106	96	39	10	221	115	250	98	138	87	178	101	163	
25	199	192	173	18	178	47	151	36	77	94	231	173	39	178	196	102	11	159	140	131	152	37	191	228	229	190	128	62	212	169	248	
18	150	19	233	195	34	176	99	60	19	91	115	12	187	104	72	255	31	35	161	16	155	128	215	28	166	90	199	189	64	161	131	
27	73	98	228	118	18	238	244	101	192	254	130	121	141	181	100	126	253	23	239	204	179	36	236	242	237	174	128	39	191	112	232	
182	93	126	190	90	131	94	121	133	8	209	171	125	95	41	17	254	177	151	227	120	3	10	221	243	193	169	187	53	171	44	147	
62	91	106	111	30	83	222	121	5	68	253	175	123	93	163	4	94	248	151	246	248	163	61	190	99	197	161	145	119	191	244	211	
82	148	48	201	195	224	184	79	59	51	92	50	12	191	108	108	243	155	179	145	18	30	146	215	95	7	218	239	183	68	165	163	
19	133	99	141	214	178	235	119	117	65	90	210	121	46	188	100	118	175	22	173	177	153	37	207	60	46	186	192	37	196	177	236	
134	64	130	155	4	131	42	64	22	131	83	18	8	194	105	72	123	41	19	210	34	148	0	210	0	6	159	128	148	25	49	128	
134	96	162	145	68	1	172	72	94	194	81	146	12	140	121	8	126	73	19	211	226	246	4	194	4	4	219	164	5	29	49	192	
15	185	36	251	149	215	186	248	22	125	85	39	73	126	250	109	93	90	151	240	182	248	59	189	111	79	239	231	183	14	180	215	
57	129	195	228	85	23	74	121	37	224	255	76	91	51	160	180	120	132	6	238	73	179	17	140	146	237	161	4	107	166	106	160	
44	29	62	254	157	231	151	99	223	68	205	2	254	253	33	96	216	122	147	2	50	171	122	191	227	255	2	27	146	107	116	178	
2	147	43	184	181	237	177	71	158	77	88	55	172	156	54	64	225	59	151	21	182	169	50	247	9	22	58	203	212	12	181	219	
88	33	83	164	22	66	65	112	32	160	219	98	127	51	0	112	122	189	29	169	25	154	97	140	209	231	171	128	36	42	53	33	
18	159	198	157	179	176	186	231	174	5	218	183	172	174	166	192	231	59	191	149	22	137	6	247	168	119	190	195	150	68	173	95	
146	32	162	129	196	32	168	71	50	115	146	19	8	138	88	42	121	13	51	149	130	213	133	194	148	4	218	164	133	84	179	132	
90	189	59	254	147	220	52	231	191	65	110	0	188	255	32	80	167	51	251	0	87	201	178	255	251	247	30	75	10	64	167	27	
23	28	43	250	149	198	239	117	149	193	223	2	89	255	48	96	249	253	27	185	121	147	48	206	251	125	143	194	133	126	181	242	
232	120	248	126	109	77	213	152	203	126	52	24	62	221	71	59	139	91	119	74	66	110	250	49	87	153	117	59	83	121	71	171	
84	37	255	100	145	110	83	17	233	164	175	8	95	119	65	123	48	244	93	58	56	225	177	76	219	253	5	21	226	227	102	34	
88	97	85	229	37	86	92	95	103	176	222	2	31	19	129	124	112	140	61	168	74	208	81	156	211	235	211	5	38	184	116	42	
139	176	179	187	102	141	184	85	158	81	81	247	188	156	124	8	143	25	247	21	134	252	146	193	77	89	122	234	196	12	19	219	
61	203	66	236	87	18	106	112	65	32	127	206	107	200	191	244	58	236	134	238	205	178	12	143	50	237	161	133	127	174	120	140	
55	107	99	14	212	27	238	200	109	100	249	207	106	204	191	244	126	200	206	127	207	179	188	248	50	12	130	56	93	63	118	212	
198	144	243	216	203	228	185	75	59	119	65	51	28	158	108	104	247	159	179	145	18	30	146	211	93	38	154	111	149	68	167	211	
142	128	146	189	101	172	168	67	186	9	113	80	188	203	124	136	251	47	51	9	51	244	154	195	4	63	250	202	76	8	115	161	
57	65	116	77	36	26	79	52	101	64	246	2	91	9	149	116	58	164	52	106	201	180	101	157	98	251	32	144	103	191	64	36	
56	91	234	108	118	131	191	212	6	36	125	167	49	237	163	16	126	248	131	230	204	178	12	61	114	13	165	161	119	190	246	219	
188	255	11	170	159	99	71	237	7	108	156	78	83	192	107	128	89	202	134	251	107	35	60	191	185	197	173	125	61	91	252	120	
60	173	202	239	86	3	206	249	22	162	81	139	115	105	57	1	123	206	19	171	56	186	93	159	126	207	165	165	247	170	80	138	
51	41	103	143	31	211	171	72	134	224	219	194	96	140	253	166	126	93	51	255	147	57	255	253	29	40	139	182	21	143	48	252	
3	153	243	73	247	209	167	231	78	65	88	162	188	252	180	164	62	123	146	65	195	184	54	253	37	28	10	234	87	126	165	253	
142	144	51	184	203	224	177	107	158	23	113	51	28	254	32	72	251	153	179	145	48	31	178	215	93	166	219	111	149	0	165	211	
142	156	19	184	75	228	177	107	188	26	65	50	156	246	32	201	243	59	179	128	48	15	18	215	93	166	91	75	144	33	37	179	
188	223	79	110	214	71	231	255	84	14	124	70	113	107	41	81	121	194	6	234	121	163	9	255	114	175	167	196	123	251	224	138	
7	137	167	222	159	210	171	233	78	24	82	66	120	250	189	228	114	105	50	251	211	249	47	253	41	42	239	196	181	10	37	108	
162	249	98	154	93	193	178	228	142	84	112	171	40	204	54	1	200	185	147	195	66	58	94	253	61	16	142	235	85	30	119	218	
24	239	90	234	114	195	122	246	5	5	124	163	45	199	32	16	54	187	135	194	66	154	8	253	119	197	35	169	54	146	39	171	
21	203	167	222	132	210	167	173	124	25	82	66	249	248	189	237	112	99	62	235	241	249	47	237	169	46	254	192	149	63	245	44	
75	137	10	170	27	132	58	172	174	192	138	135	253	194	122	64	98	99	123	215	70	9	158	229	248	32	174	200	60	7	57	26	
35	165	42	145	181	187	160	99	92	195	83	87	128	136	246	160	217	42	18	21	151	184	84	214	12	30	155	67	77	12	217	132	
82	36	2	128	20	34	170	66	4	33	218	2	2	138	120	64	120	140	31	177	24	179	129	194	184	4	138	196	132	74	48	0	
48	133	106	76	148	130	239	119	196	128	254	2	113	233	180	100	120	166	6	168	248	187	36	79	112	45	162	0	117	234	240	168	
147	131	110	200	214	147	252	229	157	100	147	147	72	78	62	97	126	147	159	229	252	143	44	223	58	40	139	196	53	142	181	84	
11	133	32	139	183	215	175	181	12	69	95	130	220	86	186	228	118	3	155	239	215	152	125	255	173	29	138	192	54	142	149	117	
240	241	125	64	171	77	85	188	235	117	164	8	90	55	204	55	167	215	124	104	91	107	185	117	123	155	85	118	67	144	198	59	
162	233	32	155	125	193	186	236	30	69	80	171	172	204	114	0	216	123	147	209	66	26	74	247	45	20	159	235	21	30	151	218	
130	249	16	155	219	197	180	239	30	25	80	2	172	222	96	0	236	59	147	209	82	26	18	245	45	16	30	234	17	8	161	155	
38	65	74	136	204	3	168	73	22	16	209	2	64	202	121	73	120	137	51	243	2	183	74	208	20	0	203	236	149	59	113	128	
40	189	120	227	240	207	127	247	50	41	124	8	51	55	2	48	31	190	23	24	218	154	248	63	255	205	37	224	224	130	198	187	
61	77	107	204	86	131	239	252	196	192	222	198	113	237	183	96	126	232	23	239	201	179	44	255	114	173	167	128	55	187	240	248	
125	91	106	142	124	159	195	120	196	204	221	207	115	200	187	64	94	224	94	111	204	35	222	157	242	45	163	188	125	175	120	197	
33	253	121	75	244	143	239	247	119	109	124	104	49	21	148	52	95	58	22	88	243	184	113	63	111	140	36	192	119	138	194	185	
33	237	121	105	116	143	71	253	81	172	124	8	51	69	145	48	90	216	6	106	201	186	108	63	103	141	37	36	119	154	214	233	
73	189	58	246	181	221	119	55	237	72	126	8	190	185	32	112	164	123	124	8	66	185	178	127	227	253	22	3	66	0	203	43	
228	88	252	94	107	221	87	184	203	94	180	40	58	117	7	63	132	240	252	66	73	103	250	49	83	187	97	59	82	185	70	123	
51	92	107	206	86	70	203	112	68	72	253	134	17	29	182	36	124	168	23	238	201	179	52	206	115	44	162	136	119	186	114	240	
3	24	63	216	114	180	184	87	175	89	122	118	188	158	164	236	231	59	22	129	151	26	34	213	29	126	122	202	152	0	33	159	
60	249	114	238	117	95	94	252	65	236	181	10	107	93	190	180	122	248	215	234	204	35	124	253	243	217	165	185	119	190	254	223	
14	61	242	225	244	191	250	218	127	233	255	42	207	255	213	44	255	191	255	29	144	186	233	246	222	221	39	230	199	207	67	195	
3	66	110	233	100	219	121	22	109	77	86	160	159	14	182	120	166	185	23	157	134	144	36	192	198	89	170	193	148	128	119	245	
185	221	107	111	118	87	239	252	85	76	126	198	115	109	190	32	126	232	23	238	233	178	61	191	118	233	165	128	119	186	112	249	
148	0	126	65	86	35	233	80	116	161	119	18	81	1	188	44	63	140	6	184	160	181	37	70	94	142	163	68	229	162	96	160	
90	157	22	186	155	192	60	231	191	21	200	179	44	255	34	196	227	51	171	129	82	11	170	247	187	247	30	75	50	68	165	95	
2	148	58	217	83	241	177	71	31	69	78	179	44	159	38	96	235	27	147	145	50	156	50	247	95	7	154	67	149	72	165	254	
57	77	106	236	86	147	207	252	69	192	254	130	123	237	183	32	122	232	23	238	201	187	44	191	114	237	167	128	119	187	240	232	
3	159	2	154	247	149	188	103	141	73	216	231	44	202	54	196	238	43	147	197	214	139	22	255	58	84	158	203	31	12	185	223	
24	141	106	201	212	247	251	119	84	5	94	2	185	57	178	96	120	58	151	153	146	184	53	255	111	109	170	193	183	138	253	234	
62	249	114	234	125	221	214	204	235	172	181	11	43	220	127	148	248	249	223	227	206	39	250	249	179	216	135	63	119	191	126	215	
123	1	211	204	118	22	74	121	97	160	115	206	123	10	180	180	126	157	22	236	137	178	165	204	176	252	129	132	127	174	104	52	
32	75	107	206	116	195	239	240	84	68	124	166	113	197	181	96	122	232	23	238	200	178	44	253	118	45	162	128	117	187	116	248	
50	141	66	137	212	128	238	103	13	1	250	2	42	10	52	64	120	171	23	161	90	186	1	221	180	168	138	192	85	10	240	136	
27	73	98	237	118	146	254	118	37	192	222	131	57	15	183	96	126	237	23	239	204	185	37	236	114	237	174	128	39	188	112	125	
48	73	66	140	92	131	238	228	141	128	248	2	42	200	53	64	106	233	14	227	72	171	0	236	176	168	142	24	117	59	112	136	
51	91	74	142	82	135	238	240	133	64	124	231	121	207	183	80	126	232	23	238	205	147	20	253	114	41	170	128	127	191	122	153	
130	176	187	216	82	229	185	83	190	75	69	16	180	223	44	104	183	59	19	144	50	157	50	87	79	159	26	107	144	0	165	243	
38	32	96	204	76	11	202	72	65	162	249	10	98	8	117	2	72	228	87	227	200	51	76	200	22	24	193	188	117	235	82	128	
35	65	82	168	79	153	120	76	237	64	112	3	15	203	118	208	250	169	182	85	198	161	6	208	30	88	130	203	127	134	107	142	
57	75	106	206	116	131	239	112	84	76	125	230	113	201	179	96	126	232	22	238	200	178	44	189	114	45	160	128	127	187	112	233	
179	91	74	142	82	134	110	240	36	200	116	231	121	195	179	144	126	233	23	238	205	147	20	237	114	41	170	128	61	183	58	217	
29	64	106	237	86	86	235	80	68	204	247	130	89	93	187	96	126	172	31	238	137	177	181	140	87	237	163	128	39	175	124	224	
131	144	187	217	116	237	185	87	94	75	82	116	180	158	44	104	245	59	51	21	183	156	50	87	77	62	58	194	152	8	161	251	
74	157	158	254	145	252	52	103	189	95	110	16	188	255	34	82	165	51	249	16	83	201	178	231	251	247	30	75	130	64	175	91	
246	32	230	192	196	18	232	64	225	211	211	147	72	140	254	107	120	197	55	181	136	247	164	192	18	40	203	140	133	167	114	196	
62	88	98	234	109	215	218	216	5	12	245	139	107	93	191	228	124	240	151	235	204	35	124	188	179	201	163	189	119	191	124	215	
92	72	30	182	17	198	114	66	172	202	231	1	126	211	35	90	224	101	121	210	64	133	154	108	211	227	11	3	8	115	45	82	
178	74	106	188	68	129	205	118	133	132	210	199	33	142	179	65	76	226	135	205	232	143	6	168	240	97	254	137	37	156	116	232	
102	32	102	198	76	2	234	64	161	194	147	131	72	206	119	43	108	181	119	247	136	199	134	200	18	40	203	136	165	167	114	212	
27	214	127	225	50	39	191	220	62	107	94	231	93	31	168	96	55	223	159	161	227	149	61	223	254	207	63	132	61	210	161	249	
34	184	162	153	253	249	176	199	159	85	80	185	172	188	118	8	137	59	243	17	54	126	178	243	15	22	158	107	213	76	151	254	
61	125	91	110	82	199	86	240	1	192	236	143	123	223	35	144	126	249	150	238	77	179	24	61	243	237	161	8	123	187	106	154	
125	69	108	97	172	110	75	184	96	244	190	8	211	119	155	115	81	196	124	250	169	114	253	44	235	169	229	212	165	243	84	96	
122	94	242	252	109	124	125	214	187	218	254	183	61	191	183	126	239	253	255	135	204	71	162	227	215	255	254	139	7	244	103	251	
25	157	103	173	20	198	111	119	116	64	206	198	113	119	176	100	118	166	28	173	249	153	53	15	241	239	170	128	38	194	176	120	
74	124	246	253	108	40	124	214	187	154	242	178	173	255	117	90	239	253	255	131	192	215	195	227	150	255	223	170	6	244	35	153	
121	93	111	236	20	70	79	53	229	204	222	2	115	119	177	117	112	230	60	238	233	139	53	140	241	239	166	128	39	242	244	104	
10	141	114	233	247	151	250	119	79	1	92	131	41	157	52	164	254	59	151	217	150	184	52	255	47	221	138	195	247	142	253	207	
24	157	59	254	211	212	55	103	189	65	238	2	62	255	34	112	242	187	147	0	81	171	48	237	243	253	22	11	114	2	165	251	
157	87	75	141	118	18	111	52	116	194	95	230	113	34	147	229	126	204	22	239	237	148	101	78	52	47	238	128	45	247	120	253	
186	32	226	161	196	34	104	87	49	227	82	19	9	11	88	8	123	143	21	181	152	214	133	130	86	205	190	132	167	212	242	192	
8	239	83	235	82	195	127	247	55	0	124	162	57	135	32	20	126	187	131	192	66	152	0	255	103	133	166	129	115	146	230	170	
207	73	118	222	111	208	238	56	201	88	87	66	105	216	181	231	98	241	62	107	225	37	174	237	54	123	98	138	127	191	121	37	
244	33	127	96	205	76	117	97	233	188	167	24	86	211	76	59	40	148	100	58	80	99	186	0	123	153	101	127	195	34	230	162	
58	73	98	228	86	130	238	246	229	128	250	2	43	139	53	64	122	237	23	227	200	187	4	236	178	237	142	128	39	189	112	136	
57	77	106	238	86	147	207	244	197	192	254	2	123	233	181	96	126	234	23	234	200	187	44	191	114	237	166	128	119	186	112	168	
41	173	113	75	244	207	239	255	87	105	124	66	115	53	148	52	95	26	22	40	243	186	109	127	109	30	37	196	87	138	210	237	
34	217	96	200	95	193	182	236	141	64	240	139	40	156	54	1	200	187	147	195	66	43	82	253	55	16	140	59	85	30	118	218	
57	77	107	206	86	147	207	244	196	192	222	198	113	237	183	96	126	238	23	239	201	187	36	255	114	173	167	128	55	186	240	232	
146	40	160	147	132	32	168	194	62	51	18	18	8	10	80	10	43	139	31	145	162	92	141	226	156	6	158	164	133	68	177	200	
44	13	187	254	157	229	151	99	222	72	205	2	182	253	33	96	200	122	27	18	58	171	122	191	227	255	2	27	144	75	117	170	
0	193	16	138	252	137	174	229	140	1	80	2	172	202	56	64	106	43	2	225	82	41	2	253	44	16	142	104	20	10	129	136	
131	222	199	159	102	18	174	244	156	218	82	247	109	110	180	231	103	101	59	239	229	221	47	239	36	42	254	130	45	181	49	221	
188	93	98	238	117	87	94	248	69	76	252	10	123	93	191	164	126	248	151	235	232	183	60	191	243	201	161	153	119	191	124	219	
50	129	66	143	212	131	238	103	5	1	250	2	42	42	32	64	120	171	23	224	90	186	1	221	176	160	138	192	53	10	240	136	
160	224	184	113	77	109	241	206	94	55	52	24	178	145	93	41	137	90	66	88	2	124	251	49	79	153	85	53	210	89	70	170	
211	90	70	159	42	178	172	178	188	90	210	231	236	238	183	207	102	101	253	199	229	197	143	237	148	50	250	130	12	245	57	93	
151	95	226	156	150	50	94	214	85	70	214	247	105	236	183	105	118	231	191	231	188	229	36	234	178	110	250	128	191	253	244	93	
134	72	130	154	4	131	170	64	22	131	83	18	8	194	33	72	121	41	19	208	98	148	8	210	0	6	155	128	20	25	48	128	
179	75	102	142	109	80	213	228	65	110	214	47	34	136	183	67	200	236	167	207	204	251	231	169	22	121	250	147	87	189	116	207	
250	65	106	204	93	82	207	118	33	68	214	143	105	47	182	119	88	230	157	237	237	139	181	207	115	107	138	153	39	148	126	92	
19	133	103	141	214	162	235	119	125	65	90	194	61	38	180	100	118	131	23	173	147	152	37	207	52	46	186	192	53	132	161	124	
142	90	87	222	111	16	238	120	221	10	117	98	108	219	189	205	126	249	166	107	225	39	10	249	18	250	98	138	119	183	105	165	
63	61	122	225	244	191	251	210	127	232	126	174	31	189	215	164	255	251	151	220	155	186	108	250	223	221	163	228	231	207	102	241	
223	73	100	158	181	148	78	180	253	64	214	199	121	78	183	245	114	226	29	238	253	141	61	239	178	121	174	144	62	183	120	93	
18	191	211	169	178	130	173	231	62	5	90	230	45	34	160	196	126	27	130	128	83	152	5	215	172	164	190	198	189	64	165	185	
12	190	146	241	245	168	177	67	250	15	91	49	140	171	96	72	249	58	162	17	18	188	128	194	205	247	58	79	128	73	247	131	
62	123	106	110	62	131	223	248	135	44	253	175	113	221	187	4	94	248	87	238	200	163	8	191	114	205	165	181	119	191	86	211	
185	69	98	109	4	27	70	52	101	96	254	10	91	9	149	116	122	196	20	234	204	182	101	141	114	249	160	0	103	186	82	36	
143	177	44	138	61	213	187	248	142	252	149	166	221	222	235	225	94	88	187	255	199	65	110	181	235	73	175	253	22	143	53	241	
18	181	184	233	211	225	184	79	62	53	89	50	12	187	108	64	243	27	147	145	18	24	136	215	111	5	62	231	181	64	175	139	
10	151	35	186	180	229	185	95	30	73	89	245	188	189	48	64	199	59	147	21	147	168	50	247	205	87	58	202	148	12	181	251	
57	83	83	237	23	66	67	80	101	168	255	98	123	19	161	244	122	188	134	234	9	179	97	140	208	237	162	128	55	139	114	33	
188	221	98	110	117	223	94	248	81	108	252	10	123	93	190	176	124	248	149	234	236	179	60	191	115	205	165	129	119	174	126	219	
187	72	99	204	116	23	207	112	85	200	114	198	89	204	181	229	124	232	22	239	233	182	52	238	49	46	170	128	119	191	112	252	
3	26	22	185	114	164	185	70	124	89	122	113	188	154	164	105	230	59	54	21	151	152	2	213	4	56	58	194	152	0	33	141	
54	72	96	196	92	11	202	104	65	160	177	10	98	8	21	2	120	228	87	227	136	35	69	200	22	12	129	184	117	187	114	128	
38	0	67	140	76	1	138	72	134	160	249	74	16	200	113	10	88	136	87	227	8	35	74	216	20	0	139	188	85	43	112	128	
2	152	58	251	39	196	184	115	173	93	81	55	172	159	38	73	231	59	151	129	150	9	146	245	199	248	90	202	156	0	33	147	
57	33	122	196	78	23	99	113	69	168	254	2	19	147	176	112	120	164	94	232	8	155	225	140	87	205	161	13	35	170	112	160	
138	176	178	185	101	141	184	88	158	25	81	179	157	221	120	136	174	25	151	149	146	116	130	193	70	89	250	238	6	140	25	209	
240	225	125	64	106	77	85	172	235	61	182	40	90	55	204	55	35	213	124	104	98	107	185	85	123	153	117	119	99	144	199	43	
185	75	74	76	84	150	234	80	85	192	118	198	121	201	183	224	120	168	22	238	205	182	20	221	118	105	161	137	127	171	120	128	
169	219	106	78	84	147	235	240	84	196	116	135	113	201	183	64	124	232	131	238	196	178	60	253	118	41	163	137	127	171	120	216	
10	176	243	185	211	224	184	67	30	115	89	179	12	191	100	204	255	159	147	145	19	158	148	211	93	118	154	231	151	68	167	251	
62	249	114	238	125	221	214	232	129	172	181	11	107	220	63	148	248	249	215	226	76	35	248	189	179	217	135	63	119	190	126	215	
116	45	254	102	179	106	83	65	225	140	175	40	91	247	3	122	50	244	125	58	24	227	168	76	251	173	37	83	227	227	230	35	
143	168	146	177	101	188	184	67	190	31	87	16	140	202	114	141	251	41	179	153	54	252	130	211	6	247	26	203	198	13	251	133	
38	1	7	136	76	1	168	73	134	144	217	66	80	202	113	72	120	169	51	243	67	179	74	208	20	32	171	172	29	43	48	160	
114	37	2	128	148	34	74	67	49	161	218	2	3	2	104	80	120	140	21	176	56	155	128	198	184	196	138	196	164	10	176	0	
38	107	106	79	92	131	227	208	198	168	125	98	112	201	253	4	120	108	115	235	130	179	142	61	103	8	161	172	109	187	114	160	
185	220	106	111	116	87	239	248	85	78	126	162	123	93	182	33	124	232	23	238	233	182	61	191	115	239	161	128	119	171	116	249	
183	105	106	174	85	215	74	224	17	72	216	207	99	204	55	144	252	233	151	231	205	179	12	191	178	77	141	169	125	63	122	220	
224	232	253	94	110	77	245	206	203	62	52	8	190	157	85	63	139	90	119	74	66	110	250	113	87	153	84	62	83	25	71	171	
42	203	106	92	82	195	191	244	22	4	124	163	40	205	180	36	126	122	147	204	210	186	36	253	103	44	142	169	87	154	229	249	
61	151	75	170	86	71	71	249	23	238	253	110	115	119	171	144	93	200	134	162	249	178	105	158	248	199	165	180	59	170	116	249	
55	105	11	170	29	215	158	196	132	104	145	203	52	220	49	160	252	233	31	231	207	3	12	255	176	4	171	187	29	31	59	220	
15	149	36	139	151	247	171	191	31	97	95	146	204	126	186	228	127	3	155	189	183	152	61	255	173	86	143	198	150	79	149	116	
150	135	103	216	198	147	252	167	149	86	211	147	72	110	62	97	231	179	159	167	240	221	44	223	58	42	223	197	53	156	180	84	
90	189	55	254	155	208	54	103	175	69	206	35	44	255	34	112	166	51	251	128	82	11	186	255	251	247	30	11	50	68	167	91	
10	152	18	248	195	244	184	106	31	11	84	50	140	247	32	204	247	59	179	144	19	158	18	215	153	247	90	203	146	37	45	183	
3	44	42	177	213	189	160	99	92	207	91	7	160	136	54	32	217	42	19	21	150	184	68	150	76	22	154	193	221	76	217	198	
218	157	114	254	155	208	55	103	189	5	236	163	44	255	34	80	162	187	235	128	114	139	50	255	243	245	14	11	51	6	175	91	
31	203	39	206	29	147	170	168	198	152	211	98	248	218	188	230	240	105	62	251	199	129	47	253	169	40	175	204	21	15	57	45	
61	159	71	78	180	71	199	249	213	78	253	102	113	103	175	197	125	224	134	234	249	163	40	191	114	175	229	132	123	250	96	249	
29	219	183	222	36	146	230	177	213	73	214	102	234	232	189	230	124	242	172	235	221	169	46	237	184	126	246	194	143	190	120	61	
161	205	106	78	86	195	239	244	20	64	124	130	49	213	51	96	122	248	19	234	107	186	60	63	119	173	128	0	125	155	120	186	
130	36	134	129	148	34	168	71	22	131	218	18	0	138	120	72	121	4	59	177	34	181	1	194	24	6	158	196	132	72	176	128	
184	75	75	238	116	195	75	112	20	68	125	163	115	205	179	192	90	168	151	238	104	178	108	63	114	237	161	137	119	155	124	200	
33	229	113	65	244	203	239	255	85	232	124	74	115	101	148	52	90	218	6	104	241	186	109	127	111	12	37	100	119	154	214	253	
11	148	16	251	114	179	40	55	29	1	94	246	189	51	160	228	87	59	183	152	179	152	81	223	140	255	186	192	158	128	137	41	
33	189	113	75	244	207	239	247	95	105	124	98	48	21	156	36	127	58	22	24	243	184	109	255	45	30	52	192	87	138	194	233	
62	120	114	138	125	213	218	232	141	12	181	11	106	220	47	148	252	185	223	227	78	35	120	253	179	216	131	63	119	31	126	223	
90	143	102	158	155	208	191	239	159	21	220	163	108	238	38	68	231	251	175	129	82	11	46	253	186	119	158	203	55	6	165	255	
157	71	106	5	198	50	239	52	116	198	222	199	89	45	147	101	126	204	31	239	237	148	101	138	118	111	230	128	47	247	120	252	
19	149	107	207	246	146	239	117	85	64	95	230	121	236	190	100	126	171	23	175	221	187	45	223	48	44	174	128	61	142	241	253	
27	73	98	236	22	146	254	118	229	192	222	131	41	143	183	100	110	253	23	239	204	187	36	236	242	237	174	128	39	180	112	221	
189	220	107	79	116	215	235	248	84	76	119	146	121	93	190	33	126	232	23	238	233	182	45	191	119	239	161	192	119	171	116	249	
122	94	242	252	109	116	124	214	187	74	252	175	61	191	247	126	239	253	191	133	204	71	162	227	215	255	254	171	7	244	103	251	
11	215	97	137	245	151	174	239	95	97	90	198	232	104	182	228	122	10	146	173	247	184	93	223	46	94	159	198	95	140	249	156	
86	130	214	149	162	50	60	43	61	55	83	242	77	34	142	223	39	213	237	163	52	212	133	204	148	98	250	199	165	164	173	5	
32	189	121	99	244	143	127	247	51	45	124	8	51	55	200	48	31	190	23	24	147	186	112	63	111	141	37	224	225	130	198	251	
50	83	74	168	70	141	232	72	109	72	241	71	28	138	118	64	250	169	7	197	198	35	2	208	214	9	170	201	93	130	106	211	
10	143	40	185	243	241	185	103	30	13	92	179	173	175	38	64	239	59	131	145	22	24	34	247	239	197	186	203	149	76	181	218	
48	5	106	76	84	130	239	119	212	128	222	2	115	225	180	101	120	174	6	168	248	187	36	207	112	46	166	0	101	234	240	172	
139	154	59	217	114	164	184	119	62	9	82	118	188	182	164	232	230	59	151	144	179	152	2	215	13	55	186	202	152	0	33	187	
74	124	242	252	108	40	252	214	187	10	250	162	173	191	117	90	239	253	255	129	192	215	194	227	150	255	222	170	6	252	99	137	
154	221	122	252	147	208	53	103	189	4	236	179	60	255	34	113	242	187	159	224	122	139	34	223	243	229	14	11	55	4	173	123	
24	149	59	233	19	231	177	103	60	5	74	51	189	191	40	64	243	27	147	145	18	152	17	23	233	229	58	67	176	64	165	250	
48	73	66	156	92	131	206	230	133	128	240	2	42	138	49	64	104	232	14	195	72	171	2	237	48	32	142	8	85	57	112	136	
178	219	110	185	62	147	150	247	132	76	208	231	32	140	182	65	206	43	135	197	238	171	102	189	98	65	186	203	21	28	245	223	
23	28	239	223	102	118	175	58	116	202	95	198	113	100	183	111	127	228	55	175	161	208	61	202	68	46	235	128	175	247	113	245	
40	140	189	254	29	237	87	142	222	27	236	0	182	181	33	96	201	122	58	72	42	42	114	191	235	223	16	59	16	89	196	170	
50	133	64	171	148	130	238	39	29	1	122	2	41	42	60	64	122	139	23	225	90	184	65	223	180	236	138	192	53	10	240	136	
250	219	98	158	100	80	247	244	201	78	214	167	42	140	183	67	234	238	183	71	204	63	166	169	54	121	234	139	71	191	116	223	
143	91	86	94	111	145	254	240	205	82	117	230	104	202	175	229	110	241	166	234	197	39	46	253	50	251	99	139	127	191	105	149	
56	224	249	81	101	73	245	220	127	63	52	56	146	149	204	63	185	88	102	88	74	116	234	17	95	153	117	55	99	24	198	171	
190	223	103	206	62	147	219	240	133	232	181	231	123	205	181	133	94	240	95	238	232	167	124	191	114	72	161	144	127	191	116	121	
26	133	96	235	214	146	238	55	21	65	94	2	121	43	184	96	118	139	23	169	242	152	37	223	110	239	170	192	55	142	240	136	
220	242	218	176	226	8	52	85	59	191	117	253	15	199	74	155	183	221	237	16	84	215	138	64	218	193	117	231	226	176	175	147	
35	207	97	73	87	209	175	237	77	65	88	226	40	204	188	164	222	59	146	213	215	170	100	255	45	28	142	234	87	14	181	252	
10	176	178	153	87	247	184	67	31	51	93	50	12	158	102	204	255	27	147	145	18	156	17	215	15	86	154	231	159	4	173	151	
3	145	49	203	215	209	174	237	78	65	88	162	168	220	188	164	250	27	146	209	215	58	36	247	45	28	142	235	85	14	165	172	
45	219	87	207	60	147	131	248	198	232	245	230	113	197	175	164	94	120	166	126	201	163	111	189	106	216	165	208	127	175	120	241	
43	181	96	139	215	149	178	235	79	69	89	167	44	216	62	0	223	11	147	149	150	186	22	221	110	20	138	235	157	14	185	215	
45	217	247	94	58	147	207	248	215	64	245	230	123	237	191	228	95	112	182	110	201	163	110	189	106	126	101	142	127	175	96	245	
87	18	135	157	170	50	172	17	190	203	211	247	204	230	151	238	119	101	127	133	181	213	183	202	148	54	255	130	140	247	161	85	
223	207	118	222	62	146	78	252	197	72	214	98	123	88	183	229	102	224	159	239	237	13	44	255	178	107	175	153	63	191	120	109	
222	243	94	160	234	16	124	245	169	189	182	255	77	139	74	219	231	213	237	240	92	87	130	192	254	227	239	239	36	180	175	19	
218	94	142	188	11	180	190	226	172	198	194	167	236	234	35	203	230	101	251	199	100	199	130	234	144	115	218	139	12	117	57	95	
131	220	39	159	79	151	172	230	221	82	208	215	168	220	53	231	236	97	154	199	229	175	54	255	37	50	218	10	31	29	57	220	
50	4	66	160	212	34	106	199	49	161	218	2	3	2	40	80	120	140	21	176	56	155	1	206	184	196	142	196	165	10	240	128	
30	201	171	248	157	198	255	224	149	192	206	2	89	255	49	96	248	249	27	227	73	147	58	236	251	239	143	77	161	63	116	242	
190	253	114	238	117	223	95	248	81	108	252	43	107	221	63	148	254	249	151	99	236	39	120	191	179	221	133	187	119	190	126	223	
36	64	67	140	76	3	130	72	134	160	241	74	80	200	113	2	88	232	70	227	8	35	74	152	20	0	171	60	85	43	112	128	
146	141	118	255	183	215	254	103	141	4	210	3	237	59	54	197	238	163	159	225	124	169	17	253	171	250	138	195	55	140	253	14	
32	189	123	65	244	143	107	247	115	45	124	32	50	151	128	52	127	62	23	24	211	184	48	95	111	140	37	192	227	130	198	249	
189	92	110	127	116	118	255	120	85	78	127	34	123	125	191	33	127	236	151	174	233	180	61	159	119	239	225	128	119	235	124	241	
41	189	115	65	244	219	239	255	95	233	122	66	216	52	148	164	95	42	18	56	241	184	125	255	46	30	165	196	95	138	210	253	
112	224	253	68	111	73	245	236	235	62	52	40	63	157	204	55	43	213	118	74	66	115	170	113	87	217	113	63	115	25	71	235	
218	221	118	254	27	208	28	101	189	4	244	179	108	223	38	81	246	179	255	224	126	15	162	255	179	227	14	139	55	4	167	91	
218	157	118	254	187	208	63	229	191	20	196	179	108	255	34	85	230	179	255	192	114	11	170	255	179	243	30	139	51	4	167	123	
34	217	36	202	95	197	150	237	143	72	248	11	44	156	52	0	204	179	147	225	194	43	82	253	53	16	142	251	85	30	244	219	
34	73	114	220	126	128	254	230	141	0	240	2	44	202	53	64	238	251	23	195	192	171	2	253	54	56	138	136	85	29	113	137	
52	0	67	140	76	3	138	72	132	128	241	66	80	202	113	74	120	233	23	227	8	35	202	200	16	0	171	60	21	43	112	128	
19	133	107	205	214	162	235	119	116	65	94	130	121	38	188	100	118	135	23	173	179	152	37	223	124	46	170	192	53	130	161	236	
51	77	99	206	214	146	239	117	229	192	222	198	113	238	181	100	126	238	23	239	201	155	44	239	48	46	175	128	63	178	240	252	
185	69	98	109	20	27	78	113	117	98	254	2	91	41	182	117	122	196	22	234	236	182	101	142	114	239	160	0	119	190	240	36	
83	157	111	76	214	214	111	55	229	68	206	2	121	55	182	117	102	166	61	236	249	153	53	237	51	42	226	192	39	128	228	108	
19	77	225	189	71	36	174	239	24	66	72	131	61	46	53	96	111	235	51	143	228	24	151	233	53	46	222	0	189	124	49	220	
7	132	160	153	151	247	184	143	31	97	94	147	204	126	255	228	247	11	155	181	183	156	61	223	46	22	159	199	150	76	153	84	
189	92	110	238	100	118	207	248	85	206	255	6	115	125	191	97	126	252	23	234	232	182	61	174	115	235	229	129	119	251	124	249	
1	183	51	11	181	255	162	103	76	77	91	71	172	248	182	164	152	43	130	21	151	184	52	215	44	20	26	67	220	78	249	223	
47	61	122	193	246	187	251	214	95	233	124	162	57	173	247	36	126	250	23	221	155	186	36	238	126	221	167	224	231	223	112	249	
2	28	146	201	243	243	184	67	31	11	92	178	172	182	38	204	223	59	147	144	22	158	0	222	143	54	154	235	146	68	45	151	
23	141	107	205	214	179	235	248	85	64	223	198	81	236	190	100	126	235	23	239	159	186	45	255	120	45	170	196	61	143	240	245	
170	91	235	236	110	81	149	244	141	78	212	231	40	157	183	66	206	253	183	195	193	63	230	169	114	113	250	187	23	188	116	251	
38	59	99	76	124	129	163	120	198	200	245	110	112	200	189	36	92	56	95	107	203	35	238	159	52	60	163	184	95	170	114	181	
138	56	166	153	117	220	248	67	255	71	86	21	140	206	54	204	217	41	162	17	22	252	50	195	135	87	154	67	134	13	61	214	
70	187	197	23	178	42	172	51	58	247	90	229	237	38	208	207	55	71	108	157	181	216	133	104	12	38	127	128	172	224	131	93	
26	73	98	252	118	146	254	118	237	192	222	131	41	143	181	96	110	249	23	207	200	187	36	237	178	125	138	128	39	180	112	93	
51	90	99	44	116	211	194	104	81	72	240	110	99	220	181	180	216	168	150	231	205	178	100	157	178	120	161	138	117	175	118	197	
10	184	162	177	69	217	120	64	31	85	87	23	141	206	34	204	248	41	163	145	22	188	114	209	199	213	154	67	38	12	61	214	
134	72	130	154	20	131	170	64	22	130	81	18	32	202	49	72	120	40	19	211	98	180	10	234	0	6	155	128	20	57	48	128	
10	176	178	185	103	181	184	65	31	29	85	19	140	159	114	140	175	25	147	149	150	28	2	209	7	89	26	239	150	13	169	215	
56	19	91	76	94	23	114	112	69	168	252	110	19	153	164	80	120	172	6	104	152	187	225	12	86	173	160	25	59	170	122	147	
10	56	114	217	69	213	185	80	46	109	87	54	136	151	230	108	106	185	187	216	147	150	51	209	87	73	186	227	23	12	109	247	
26	147	103	184	27	224	185	103	156	5	88	179	44	239	34	196	110	51	179	129	18	139	38	245	216	102	154	203	55	4	165	251	
119	78	238	156	222	34	174	247	128	198	218	231	113	236	183	66	111	247	31	189	244	143	4	238	56	46	254	136	173	248	240	93	
25	17	91	171	70	197	249	81	108	72	249	103	29	158	122	192	254	137	151	199	135	179	17	208	212	193	170	136	125	15	109	211	
10	156	18	250	241	244	184	115	190	25	94	244	188	215	160	228	231	59	151	144	179	156	18	247	143	247	186	202	26	4	169	187	
49	205	107	206	86	146	239	117	196	192	223	130	113	237	182	96	126	238	23	239	201	187	44	239	114	173	166	128	55	186	240	232	
35	74	103	204	100	147	238	112	197	8	112	230	104	200	181	229	120	232	22	239	229	167	4	253	54	122	162	128	127	191	120	173	
177	94	90	78	118	131	195	120	85	72	117	102	115	193	167	101	122	168	6	110	233	183	36	31	50	168	160	168	127	187	120	161	
11	132	88	217	23	181	104	39	31	5	79	18	173	34	58	100	119	11	50	156	54	152	117	215	143	255	154	65	178	136	137	140	
250	219	111	76	69	82	239	246	33	76	246	167	41	47	183	117	108	247	149	239	237	159	53	239	115	123	254	131	39	148	246	222	
169	94	99	94	116	147	195	112	84	76	116	238	115	196	183	37	94	168	6	110	227	182	108	63	116	41	161	136	127	159	112	253	
10	157	49	185	159	229	187	111	31	73	88	19	188	61	40	196	207	27	147	17	18	40	83	247	237	86	26	202	150	12	165	251	
13	40	142	241	21	247	225	66	87	63	214	18	138	147	98	172	201	40	2	156	62	254	115	210	143	223	146	67	130	13	120	198	
188	93	122	238	117	87	94	248	85	78	252	47	107	221	59	148	254	248	151	235	236	167	56	191	243	221	165	191	127	191	126	219	
138	207	21	190	58	129	143	247	140	4	80	231	173	199	160	197	70	51	159	237	227	141	2	253	160	32	190	128	28	144	169	185	
189	249	40	186	126	213	223	248	150	240	149	138	253	223	251	161	94	249	223	255	235	67	126	189	249	201	143	252	55	191	21	240	
189	69	234	101	198	50	239	116	113	198	222	151	89	45	151	101	126	204	149	239	237	246	101	142	118	111	231	128	167	247	116	252	
24	183	18	169	179	162	48	119	45	77	91	231	12	163	162	196	166	11	142	48	55	185	1	213	184	244	54	199	170	68	169	27	
18	73	66	156	84	130	238	230	141	128	218	2	40	200	49	64	106	233	31	195	72	171	2	237	176	36	138	136	85	56	113	136	
50	109	210	236	116	171	106	222	63	129	248	10	43	235	53	80	126	235	23	144	10	186	192	235	182	252	134	168	247	218	98	136	
6	190	170	145	245	241	184	66	31	13	92	183	132	142	118	196	253	27	147	149	22	152	0	215	15	20	154	195	149	77	189	215	
79	21	239	197	230	118	237	59	84	207	223	150	89	125	191	110	126	102	63	173	177	209	181	202	111	47	239	128	175	255	244	241	
56	58	216	99	51	187	50	218	47	61	62	41	46	25	203	156	63	154	199	80	2	56	9	183	222	215	49	183	243	159	78	139	
30	254	210	35	115	187	58	218	63	189	58	237	143	6	203	156	183	159	205	148	6	220	9	247	158	215	61	231	234	215	43	25	
34	249	32	202	95	197	182	237	142	72	184	11	40	220	60	0	204	147	211	225	210	43	88	253	61	20	140	251	85	30	214	219	
7	14	231	223	164	34	175	66	220	206	95	242	208	236	181	111	123	108	51	143	177	244	39	234	4	62	235	128	133	237	117	228	
50	133	64	175	212	130	238	103	21	1	123	2	107	40	56	64	122	139	23	225	90	184	1	255	182	236	138	192	53	138	240	136	
10	133	96	235	214	146	238	55	21	1	95	2	121	11	188	64	118	139	23	169	242	152	37	223	110	239	170	192	55	142	241	136	
40	201	185	251	189	201	85	143	78	29	252	8	182	189	104	96	201	91	174	64	74	40	107	181	239	215	52	123	16	90	196	235	
71	116	239	133	178	118	171	158	60	201	222	246	217	166	159	110	119	68	127	189	145	209	181	226	44	46	190	196	173	247	177	117	
218	201	86	254	133	212	124	165	157	4	242	3	104	154	54	197	234	179	191	225	124	175	19	255	179	250	218	75	55	12	252	14	
19	133	106	205	214	178	171	119	116	65	95	18	121	34	182	100	118	135	55	173	179	152	37	223	124	46	170	192	53	130	161	236	
218	207	118	188	59	208	29	111	191	6	212	179	108	254	166	213	102	243	239	129	110	15	162	255	242	243	222	139	55	4	175	95	
176	69	98	109	20	11	198	116	85	34	250	10	67	41	181	49	120	196	21	235	232	183	69	142	178	238	128	16	119	251	112	4	
83	250	131	179	34	0	42	202	63	251	82	231	141	134	203	222	183	205	61	151	199	212	141	227	156	118	159	166	172	21	43	93	
29	12	236	213	246	50	239	179	116	230	94	150	217	45	147	109	119	198	54	174	181	248	37	206	102	111	246	128	175	244	249	253	
177	15	235	180	198	2	239	247	80	192	90	231	49	172	245	99	110	239	55	205	225	187	132	40	120	41	238	128	37	248	113	217	
57	84	110	125	228	119	255	127	85	78	126	18	91	125	183	233	127	188	183	170	184	180	53	158	103	239	240	129	119	249	252	243	
58	218	99	158	102	208	191	246	137	70	220	231	41	140	183	64	110	249	147	199	197	191	164	233	118	105	202	11	55	191	116	253	
123	223	107	94	101	210	255	247	229	72	254	231	105	159	182	116	110	247	181	197	205	159	52	239	114	111	254	195	111	150	246	127	
191	216	106	30	79	149	255	228	205	86	244	135	41	204	55	97	108	233	162	199	198	47	190	245	119	121	70	8	127	191	104	222	
123	222	110	222	110	146	78	240	197	196	222	230	105	72	183	228	110	225	191	239	204	11	46	253	50	111	200	137	63	191	120	77	
57	45	106	233	118	187	235	86	85	192	124	2	59	233	183	32	126	170	23	248	136	186	36	254	126	205	167	192	247	219	112	168	
191	237	101	186	95	213	79	232	135	244	181	10	123	215	59	181	120	224	147	239	106	103	126	253	59	217	133	57	55	191	82	234	
62	94	103	94	31	151	203	120	133	192	245	206	123	77	181	133	94	224	223	238	233	167	124	189	51	107	129	152	127	175	112	112	
180	65	66	140	76	35	206	72	132	160	153	74	66	200	49	66	120	196	10	235	72	35	72	218	176	0	139	60	85	123	112	128	
191	5	230	101	198	50	238	247	113	226	94	151	91	45	151	107	127	206	181	175	236	244	101	142	126	239	229	132	167	245	240	244	
154	219	86	156	75	129	188	127	157	0	80	230	45	199	160	196	102	51	143	192	115	9	6	255	180	50	158	203	63	148	169	25	
0	156	43	217	53	255	113	3	127	109	126	51	128	154	38	104	201	42	46	144	62	156	97	215	207	94	146	71	144	8	228	71	
138	223	86	156	251	129	156	239	157	1	88	243	172	219	160	197	102	51	159	129	114	9	6	221	188	112	158	203	55	140	173	11	
57	90	103	172	38	131	142	112	196	72	216	231	113	204	179	224	126	96	150	239	205	161	102	189	112	39	170	128	127	191	120	221	
57	94	98	78	118	147	235	120	68	68	253	134	115	196	183	101	126	168	22	110	201	178	52	157	82	233	162	8	127	191	112	244	
8	144	43	185	53	247	105	67	119	125	103	23	136	134	54	76	233	136	162	156	31	156	49	213	199	220	154	69	146	13	228	214	
9	151	50	9	183	215	179	103	76	77	127	38	140	188	190	228	254	43	130	17	151	184	53	215	45	28	14	67	223	14	237	247	
2	22	186	153	114	226	184	75	62	15	89	51	172	158	38	72	247	59	2	144	54	156	33	95	15	54	26	195	144	0	37	203	
3	189	50	137	247	213	178	231	94	73	89	98	172	152	126	164	254	11	146	145	151	184	52	215	44	20	138	239	223	14	185	199	
61	94	90	204	102	147	235	112	69	66	127	230	113	193	183	101	126	168	2	238	201	178	52	140	82	169	160	0	127	171	120	240	
31	233	97	74	62	153	139	248	207	192	245	142	249	204	247	164	94	104	218	110	199	35	126	189	54	72	9	56	127	159	81	124	
2	195	97	203	247	211	175	237	78	13	92	162	168	140	188	164	94	27	147	217	210	186	36	221	45	28	174	235	87	14	213	189	
2	48	171	153	116	207	176	66	191	77	83	81	132	222	36	72	241	57	19	17	22	188	18	215	7	22	154	66	144	8	37	214	
43	189	32	137	215	151	186	235	79	97	88	135	12	24	54	164	254	11	147	149	151	58	28	253	44	20	138	231	223	14	185	214	
59	123	99	76	118	155	194	120	77	192	240	238	35	200	181	180	94	184	150	111	201	163	100	157	176	72	9	184	93	175	114	181	
2	240	178	153	103	213	184	64	31	93	84	19	140	158	114	140	239	25	147	149	150	20	50	208	23	89	154	235	150	13	173	199	
2	56	242	217	69	213	184	64	143	77	83	35	136	223	102	108	236	57	19	144	134	148	114	209	71	92	154	195	23	13	117	215	
41	82	91	227	86	204	105	84	101	76	119	102	49	3	166	80	108	168	6	152	145	188	52	134	86	233	178	192	47	138	112	219	
3	140	62	217	177	180	57	35	191	21	78	148	172	14	38	100	199	59	155	148	150	136	51	245	207	190	154	67	144	128	169	76	
27	83	227	204	38	210	173	116	196	200	91	230	121	236	181	228	126	164	55	239	197	177	36	200	50	44	234	128	47	254	113	117	
157	17	122	169	39	247	251	81	37	76	255	55	31	31	186	228	126	137	159	238	203	183	49	210	211	193	170	128	127	143	233	241	
3	158	30	216	49	180	56	83	175	25	76	244	172	222	166	228	231	59	187	144	150	137	34	213	138	247	154	203	154	0	169	159	
155	211	87	152	211	150	60	247	189	77	94	247	44	6	166	245	102	131	142	132	247	153	37	255	62	34	54	194	59	132	173	93	
34	73	98	220	124	144	254	230	141	64	208	131	40	222	181	96	238	241	151	199	192	171	38	253	50	56	138	138	21	61	113	221	
184	92	122	238	117	127	94	120	85	206	253	43	107	125	55	149	254	249	151	35	236	183	120	159	179	223	161	159	119	238	126	211	
61	73	43	234	213	198	111	244	164	200	254	2	113	223	49	112	248	248	23	222	75	139	58	253	251	237	175	8	57	51	240	242	
243	157	103	76	196	86	237	119	241	68	254	2	57	188	182	119	104	230	54	237	249	187	180	237	115	40	194	128	103	228	246	252	
180	92	122	238	116	103	87	248	21	78	253	11	115	253	59	49	254	248	23	99	108	167	120	191	243	207	161	189	125	251	126	219	
2	73	114	220	126	128	174	230	140	0	208	2	40	138	53	64	110	235	23	195	192	171	2	253	52	56	154	136	21	25	113	136	
43	157	103	81	245	223	238	247	95	225	122	66	232	92	148	164	126	42	18	57	247	184	109	255	44	30	135	66	95	140	209	188	
57	141	106	206	84	146	207	121	196	192	255	2	115	233	190	96	122	234	23	238	201	179	44	191	114	173	167	128	55	186	240	224	
2	151	30	200	246	251	48	103	237	13	94	54	140	162	166	68	163	19	142	16	22	153	33	215	46	151	50	199	144	0	237	7	
106	220	242	236	100	136	254	87	47	11	248	170	173	191	116	80	255	187	183	129	194	58	194	243	182	253	158	170	23	222	227	153	
59	108	107	193	118	179	235	86	93	193	126	130	57	141	183	36	126	186	23	157	135	186	37	238	126	77	166	128	231	218	112	253	
63	141	107	201	214	179	235	250	85	64	222	198	81	236	183	100	126	234	23	237	153	187	45	255	122	45	171	196	183	171	112	244	
120	91	115	78	114	90	255	120	105	44	124	234	121	29	173	52	54	221	150	234	192	51	45	237	118	237	32	181	119	179	71	105	
60	84	238	109	244	118	255	126	85	207	126	34	91	61	191	96	127	252	183	170	168	180	53	142	103	239	244	133	247	251	252	211	
87	186	131	131	50	38	43	80	47	235	219	230	189	70	215	108	119	205	31	157	135	208	189	233	148	52	187	166	140	231	51	117	
19	133	110	205	214	178	235	55	124	65	95	18	121	34	190	101	118	143	55	173	179	152	37	223	124	46	170	192	53	130	161	236	
90	206	102	156	107	146	61	111	189	15	212	179	44	239	166	213	239	191	239	129	110	15	226	255	182	119	218	139	55	148	173	207	
87	188	239	199	54	118	171	154	126	205	222	230	216	166	223	102	119	78	127	157	131	217	189	236	252	46	174	196	143	199	49	125	
31	62	195	163	115	187	58	216	47	233	251	237	47	14	195	148	183	141	207	148	135	145	29	253	158	84	11	166	239	135	11	221	
34	73	98	220	126	128	254	230	141	0	208	131	44	206	53	64	238	251	23	199	192	171	2	237	54	56	138	138	21	29	113	137	
28	122	218	99	115	27	50	88	47	172	117	239	47	11	199	148	62	153	199	80	130	176	9	251	86	213	33	167	255	143	79	155	
176	5	66	108	212	43	198	111	85	34	250	26	67	41	53	17	121	198	6	163	104	183	69	142	178	238	192	16	117	250	242	8	
60	21	231	237	228	102	239	127	85	206	127	38	89	253	189	111	126	246	55	234	185	242	55	138	119	239	229	128	239	251	116	243	
25	128	228	245	118	26	120	49	117	209	86	130	249	45	150	111	119	196	55	173	148	248	37	204	78	239	242	192	167	164	112	101	
50	213	48	202	247	135	158	237	29	72	184	42	44	92	60	0	220	147	151	97	210	43	72	223	57	28	140	242	85	14	209	155	
171	221	119	81	245	223	239	247	125	225	122	82	232	28	180	165	122	42	18	24	241	184	117	255	47	30	150	66	79	140	209	252	
7	15	238	223	180	34	175	83	92	143	95	178	208	232	183	110	123	110	34	223	176	240	45	234	108	46	238	128	149	251	245	228	
40	195	185	235	188	201	87	173	78	13	124	40	247	117	104	112	211	90	142	64	66	56	107	53	239	213	52	59	48	90	196	171	
44	40	184	113	229	253	240	210	83	175	52	25	155	157	87	136	201	24	151	24	158	62	240	146	79	221	177	117	210	205	94	194	
250	129	98	254	197	212	124	61	85	4	119	19	105	127	62	193	248	147	183	224	254	26	83	223	119	251	218	203	55	142	252	74	
180	69	67	140	220	35	198	104	21	162	248	74	66	232	33	65	120	228	14	227	104	39	72	202	176	164	143	60	117	123	112	128	
227	157	107	94	68	212	237	119	121	68	126	2	56	188	182	117	122	190	51	205	241	186	180	237	55	56	218	136	71	192	246	252	
50	217	107	254	70	148	191	246	133	66	220	135	49	189	53	96	108	251	19	199	193	187	176	233	115	108	158	8	29	154	117	248	
63	12	230	245	214	50	238	247	113	226	86	147	73	45	149	99	127	223	53	175	252	248	45	142	63	239	223	132	167	244	240	76	
59	205	35	216	93	213	223	230	197	92	252	15	58	204	54	97	200	226	147	207	79	43	58	253	123	91	150	120	91	28	240	254	
123	219	106	206	71	149	95	246	197	68	220	199	41	204	55	116	110	226	183	207	207	11	54	255	114	111	138	137	55	159	124	92	
3	153	114	73	243	211	190	103	77	69	124	163	140	156	182	228	254	59	147	213	214	184	52	253	47	28	14	195	87	14	173	223	
59	73	102	76	29	215	202	104	197	72	252	10	107	205	53	164	120	224	159	239	201	163	62	189	51	111	129	152	127	191	120	60	
8	159	51	169	243	231	187	99	60	5	74	231	189	39	32	192	222	59	19	145	50	152	81	223	237	229	170	192	146	66	165	241	
51	233	34	136	85	213	202	236	71	97	132	11	42	156	54	164	248	235	18	205	207	43	60	253	187	92	140	121	91	30	184	206	
6	112	187	153	246	229	184	67	30	89	80	115	156	158	100	72	231	25	19	145	18	190	18	208	5	20	58	202	148	9	165	131	
2	174	170	155	244	165	184	71	30	13	89	151	140	140	118	8	255	43	147	149	182	152	8	215	15	21	154	227	149	12	61	223	
2	80	55	201	52	135	168	64	174	25	82	67	156	154	36	72	230	25	27	145	18	152	19	209	133	20	154	196	156	11	177	179	
153	18	91	233	119	252	105	82	45	77	118	246	29	151	170	240	110	137	134	152	135	180	52	213	87	233	162	201	63	140	109	249	
0	159	63	185	244	235	177	39	252	77	122	117	148	58	164	64	227	51	7	1	54	184	32	95	76	38	50	195	20	0	245	219	
61	9	106	236	85	119	111	80	53	4	117	130	27	135	51	101	122	168	150	238	8	179	52	140	243	237	130	1	119	191	112	224	
61	9	123	205	71	22	239	112	69	64	254	130	25	5	183	100	122	168	18	238	13	179	52	140	83	237	160	0	127	187	120	240	
50	143	98	156	127	144	156	103	149	68	216	231	40	172	182	196	110	187	183	133	202	139	6	255	50	102	186	139	55	140	180	255	
3	136	61	153	16	229	57	7	143	93	96	17	180	142	54	72	225	11	59	156	22	156	51	215	15	62	154	192	144	0	37	206	
2	140	62	155	244	225	185	39	158	29	90	51	180	186	166	96	227	43	31	145	54	152	35	215	79	38	58	195	144	0	165	75	
26	203	66	156	90	145	156	119	157	4	88	231	44	142	178	196	110	187	151	197	199	139	6	255	50	102	186	139	63	156	185	157	
138	184	182	153	109	245	184	71	159	93	84	51	172	158	102	205	231	59	179	17	22	92	50	241	71	81	218	235	146	12	173	223	
98	173	160	136	157	245	194	7	79	69	136	9	170	188	118	32	201	170	27	149	30	42	242	241	171	28	158	123	144	78	244	94	
58	237	79	218	125	209	211	228	195	56	180	42	42	221	182	180	200	226	215	74	78	43	42	189	59	217	165	251	83	30	126	239	
19	219	107	156	242	144	60	247	189	77	86	231	41	134	182	244	102	171	150	197	215	27	36	255	54	111	190	194	29	148	169	221	
11	146	6	157	117	181	184	99	157	75	86	247	172	170	182	197	239	43	159	133	167	157	22	223	150	127	218	131	30	12	57	221	
43	15	106	81	246	179	168	246	84	236	94	230	41	172	183	228	78	174	151	221	157	154	100	254	46	13	186	193	159	140	120	221	
50	73	66	156	84	128	238	230	141	128	250	2	40	138	53	64	104	235	31	195	72	171	2	237	52	40	138	136	5	25	112	136	
181	81	75	79	228	14	231	84	100	104	251	70	211	16	153	224	124	204	94	110	201	182	125	32	52	168	34	128	109	155	240	177	
11	243	77	129	106	152	43	16	174	124	95	229	157	134	210	230	38	45	126	221	199	144	231	81	76	41	42	192	12	134	11	117	
2	200	18	159	118	129	186	230	30	0	80	2	172	202	49	64	126	107	19	195	66	186	2	253	52	20	154	170	21	25	33	137	
163	121	163	158	205	149	174	231	223	194	80	66	40	248	245	229	200	123	178	203	199	234	86	249	52	24	207	42	29	124	249	188	
33	221	105	78	212	196	71	246	71	73	252	0	179	209	49	112	88	234	22	92	91	42	114	63	109	189	164	8	89	154	240	184	
95	44	142	180	145	166	58	2	186	195	198	21	172	226	115	218	225	111	249	151	52	205	146	234	219	119	219	3	136	101	57	18	
43	223	105	218	93	149	205	255	87	85	220	199	57	76	190	100	93	138	147	205	207	10	119	253	107	93	158	200	31	156	244	252	
2	73	66	156	126	128	174	230	140	0	80	2	44	202	49	64	110	235	19	193	66	171	2	253	52	48	138	136	21	24	49	137	
60	92	254	111	116	127	251	250	85	207	127	35	83	61	191	64	127	220	55	170	140	176	117	174	71	239	228	133	247	251	124	219	
34	88	114	220	110	128	186	226	141	0	80	162	44	222	53	64	238	249	151	195	192	43	6	253	52	56	138	138	21	61	113	201	
71	120	235	131	54	86	171	80	111	237	95	230	188	198	223	100	118	141	31	157	131	145	189	201	212	60	171	128	140	167	49	117	
90	142	166	157	59	146	184	99	189	15	214	183	172	174	54	199	238	175	239	133	228	207	195	223	150	119	218	139	23	68	61	223	
48	4	71	125	84	43	198	98	117	35	242	74	67	41	60	81	121	198	6	160	56	186	69	206	176	174	208	0	229	232	114	128	
52	21	247	237	244	102	239	126	81	239	123	102	83	125	189	106	126	246	55	234	185	242	49	142	119	238	229	128	247	251	244	241	
57	192	228	245	116	26	232	48	101	145	114	2	107	41	148	106	122	204	55	205	156	248	69	204	14	251	210	64	231	174	112	4	
71	184	235	194	114	246	171	216	109	201	223	230	88	190	223	116	118	205	63	189	131	147	189	236	28	44	175	196	141	135	55	253	
23	122	195	130	115	151	106	88	47	233	251	239	108	142	255	148	190	141	223	213	135	147	61	223	62	84	139	134	175	135	42	221	
163	141	119	89	116	203	237	119	125	69	126	18	184	149	180	36	123	58	18	8	243	184	53	223	45	30	22	64	87	136	229	236	
56	191	121	235	246	201	119	253	95	37	125	42	55	245	104	112	51	90	6	114	82	56	40	55	127	133	37	125	112	138	196	171	
180	5	195	140	220	35	198	111	16	162	248	90	66	96	33	65	121	198	10	163	120	167	65	206	176	166	207	20	253	120	240	128	
36	140	252	201	220	247	219	154	87	55	252	18	18	29	246	108	73	152	31	152	186	46	117	215	79	31	145	85	183	137	124	98	
19	159	46	171	182	199	191	103	140	76	88	39	188	30	34	64	230	43	31	229	214	153	0	253	232	1	170	195	60	14	185	219	
163	149	99	223	69	244	173	103	121	64	91	66	104	252	188	229	248	175	179	133	213	186	180	239	53	56	218	194	71	70	247	252	
50	128	230	245	87	2	232	112	113	177	114	131	75	41	20	203	123	205	53	173	152	248	21	204	159	238	223	132	167	174	112	136	
2	200	18	159	86	129	170	230	158	0	80	2	44	202	49	64	122	107	19	195	66	186	18	253	53	4	154	40	21	25	33	136	
218	3	246	253	99	240	184	67	189	141	254	179	172	174	38	223	238	191	239	145	20	223	162	205	151	243	218	131	135	196	175	207	
34	88	114	158	78	129	186	226	30	0	112	130	44	204	53	64	110	121	147	195	194	187	18	253	21	44	138	10	85	25	49	136	
2	133	122	203	150	247	186	109	78	5	121	131	189	254	62	96	254	27	19	149	150	184	61	255	47	77	42	193	213	2	237	223	
39	182	224	75	245	117	171	73	27	109	125	158	8	236	222	172	221	27	147	149	151	50	252	211	15	28	155	238	223	79	222	244	
139	28	151	159	119	180	184	103	221	75	83	118	172	190	180	228	230	43	179	133	183	156	52	231	4	118	154	194	158	12	185	221	
8	152	22	185	119	183	40	87	60	9	86	114	157	19	160	236	102	27	146	24	51	152	17	213	204	231	58	195	154	132	169	161	
39	182	232	11	86	241	186	73	90	65	121	255	0	220	222	168	223	25	147	145	151	178	108	215	14	29	153	239	221	79	254	213	
40	104	184	241	181	253	240	214	223	175	60	17	158	157	83	136	201	58	151	24	138	188	240	178	79	223	20	113	210	220	94	203	
35	149	33	250	221	133	205	125	71	73	248	94	113	77	60	96	220	155	19	141	219	42	114	247	127	126	158	120	89	10	240	248	
185	76	99	220	85	214	239	100	84	74	246	18	113	216	183	229	120	168	22	239	233	183	52	142	49	41	170	136	95	56	112	236	
169	73	35	94	125	213	207	97	212	72	244	2	59	220	183	229	72	170	22	207	237	175	118	191	97	105	162	8	95	60	112	252	
187	95	70	156	22	150	142	118	149	68	210	199	41	236	183	199	110	235	155	199	237	143	6	239	48	96	218	136	63	188	56	221	
155	95	94	188	58	146	158	118	180	206	210	231	45	206	163	203	230	113	140	231	237	207	38	239	178	227	234	131	61	177	41	93	
171	201	40	94	61	213	199	247	87	72	220	10	186	89	182	164	200	170	23	205	239	42	118	191	103	93	176	186	127	156	216	254	
42	255	120	90	124	209	211	246	207	12	188	104	42	88	166	36	202	242	199	64	70	43	106	189	126	213	164	251	87	156	94	239	
2	73	66	156	92	128	238	230	141	128	208	2	44	138	49	64	106	235	31	193	64	171	2	237	52	36	154	136	21	25	49	136	
179	219	111	220	54	148	191	246	244	72	212	231	57	190	182	99	110	251	149	199	239	143	38	255	114	105	234	136	63	148	116	253	
184	75	106	236	85	83	66	80	69	12	252	2	43	155	55	112	120	168	6	234	104	183	0	174	115	205	162	129	115	191	124	175	
75	97	105	129	104	152	235	16	236	100	95	132	157	134	211	228	38	12	127	223	199	144	167	209	102	105	170	224	46	134	83	245	
57	83	115	68	118	82	255	240	101	104	126	226	89	220	189	244	62	253	150	235	193	179	44	205	50	45	33	132	119	179	100	237	
4	15	238	223	182	162	238	211	212	143	95	227	65	233	181	72	123	110	43	222	176	249	13	234	110	46	167	193	229	251	248	129	
82	207	35	142	23	192	186	101	141	4	218	163	44	142	54	68	246	187	155	193	70	137	0	255	184	36	142	195	21	14	181	94	
166	112	104	146	127	241	158	192	139	93	145	187	72	220	127	43	190	209	215	231	182	103	172	225	51	80	139	255	197	63	151	215	
41	181	97	75	245	159	230	255	95	65	121	84	242	112	188	228	89	10	18	44	251	186	125	191	45	28	148	100	91	94	210	188	
35	173	130	158	205	149	172	103	92	136	92	66	168	248	182	165	200	123	146	129	213	250	86	233	54	24	206	11	29	110	249	140	
160	204	5	255	124	192	231	230	156	26	80	98	180	81	161	99	200	123	23	75	99	238	66	63	100	170	250	136	20	57	112	171	
48	1	247	229	87	138	232	16	103	17	123	66	75	9	52	198	106	141	39	216	138	176	23	196	23	232	130	64	103	138	112	128	
95	114	235	197	118	86	251	80	110	204	223	166	152	157	247	100	126	140	63	205	139	183	245	200	87	45	171	132	39	171	117	117	
52	4	130	156	220	3	134	105	20	162	224	10	66	224	33	197	121	236	10	42	120	251	8	12	176	38	215	16	209	120	112	140	
10	14	134	157	83	182	184	103	191	7	86	151	172	170	54	205	238	47	187	133	180	220	23	223	22	119	218	131	14	68	57	222	
101	21	243	237	116	102	235	248	85	201	123	98	81	253	189	96	126	252	55	248	145	186	189	140	63	238	167	128	255	235	112	241	
103	112	107	128	118	150	235	208	109	201	223	230	88	222	191	116	126	237	55	253	135	147	188	204	60	60	171	142	13	135	115	245	
50	225	198	229	20	2	232	96	103	177	243	3	99	11	84	66	120	205	53	217	12	250	213	196	30	232	195	68	37	170	112	2	
35	91	115	198	118	211	183	244	205	196	124	226	56	220	183	36	46	248	150	107	197	187	36	236	54	12	38	139	119	191	117	253	
11	156	51	217	215	244	185	231	223	91	90	114	172	254	188	228	247	59	179	145	183	156	54	247	61	118	158	194	159	76	161	253	
28	165	161	171	149	231	187	89	70	5	217	3	223	93	120	0	123	27	31	177	154	160	125	215	237	212	171	196	247	79	181	226	
239	120	225	136	204	69	191	200	74	244	240	143	24	204	127	10	255	201	51	247	196	118	158	208	124	8	239	172	221	63	118	210	
26	149	7	138	183	199	107	125	141	85	91	226	236	87	56	197	118	19	159	173	83	137	25	221	185	112	138	194	54	142	181	125	
30	148	35	171	55	231	139	89	15	69	89	231	204	79	56	196	127	11	151	189	19	128	25	223	137	84	139	198	190	143	181	241	
1	141	115	95	116	239	173	119	125	79	127	16	184	181	180	100	123	58	34	8	241	184	37	223	37	62	18	2	87	200	229	237	
82	135	99	136	159	193	159	239	13	5	216	163	44	206	44	68	122	155	159	225	94	139	6	255	185	36	138	203	53	14	181	126	
171	76	39	156	37	214	236	98	213	202	214	23	232	204	183	239	72	224	191	143	237	231	54	204	130	123	218	128	31	124	120	252	
16	251	123	208	86	207	115	242	87	37	100	10	31	229	32	48	63	250	2	90	114	58	56	127	127	132	5	100	115	139	197	160	
163	213	109	203	60	133	220	173	95	89	240	22	240	93	60	97	200	10	23	109	235	46	91	159	111	88	190	254	93	8	208	186	
150	92	175	254	12	230	207	98	172	202	211	71	113	206	53	107	236	245	125	199	233	197	18	104	209	42	235	152	13	113	117	114	
48	1	199	189	84	10	224	96	117	33	242	66	67	40	20	89	120	204	38	224	8	250	65	76	156	174	210	64	225	40	112	128	
43	216	225	201	221	247	201	135	95	119	240	18	136	28	245	236	201	152	146	153	171	62	117	214	15	94	146	230	151	220	116	236	
35	132	102	136	93	180	186	202	93	73	90	83	72	252	62	228	249	139	179	181	183	191	23	215	31	62	154	207	223	13	121	150	
181	85	75	14	180	47	79	249	84	200	251	70	83	96	185	117	126	236	22	110	249	178	124	46	176	46	37	144	253	251	240	181	
27	91	99	76	118	210	175	112	101	200	126	226	41	204	181	228	126	249	150	235	193	187	36	237	50	44	162	130	103	182	108	237	
91	33	96	193	95	152	235	80	236	96	23	130	153	143	215	100	118	140	95	239	196	17	181	220	119	109	170	161	39	134	115	244	
35	153	65	89	245	159	230	239	94	97	112	70	144	120	188	228	216	10	18	109	215	184	125	189	46	94	135	70	95	12	216	148	
202	133	119	218	213	215	104	53	133	1	95	66	108	119	184	197	96	178	159	232	121	153	49	221	63	112	128	194	54	142	180	44	
53	79	71	191	244	2	78	245	148	200	123	231	67	96	176	193	126	230	38	238	253	178	77	174	44	98	229	192	253	255	248	149	
87	12	238	133	135	118	236	67	173	255	207	151	73	46	247	239	101	103	251	173	149	209	181	192	23	127	218	135	175	229	57	212	
166	253	101	162	238	69	158	200	137	88	153	239	92	221	125	11	190	211	151	247	194	99	26	224	53	16	207	174	45	127	183	247	
118	115	107	200	238	64	158	204	139	220	184	239	72	204	125	43	190	209	215	247	198	99	174	216	49	8	239	191	69	127	247	215	
42	100	178	122	89	241	144	79	195	5	236	17	172	223	110	156	137	59	195	145	14	107	146	193	43	213	30	43	195	84	175	142	
231	89	108	68	236	87	222	204	201	254	180	10	82	28	215	51	200	197	118	230	204	99	245	200	55	24	197	191	117	120	86	70	
132	222	188	183	168	110	159	183	158	127	23	181	247	127	43	75	135	87	125	7	244	205	41	46	233	247	127	145	148	121	141	91	
35	165	34	159	125	181	182	107	92	13	93	2	236	248	62	165	216	43	146	1	246	186	110	239	36	52	218	11	28	78	185	206	
48	1	70	173	95	2	64	72	71	0	227	2	66	136	36	80	120	140	34	192	8	179	83	64	145	168	194	64	113	42	120	130	
112	1	66	225	92	128	232	64	101	0	242	2	3	139	117	64	104	140	42	248	10	176	197	204	23	232	130	1	103	138	112	134	
153	207	46	175	182	131	223	181	132	12	222	167	245	72	50	65	110	35	31	231	252	137	5	189	224	97	174	209	61	14	185	91	
59	1	106	196	22	18	107	112	101	96	197	138	91	11	155	116	122	136	23	239	200	146	52	204	211	73	138	5	39	167	122	224	
48	65	134	172	93	66	194	104	135	160	227	10	66	192	36	214	248	236	34	97	72	179	19	140	153	162	131	83	113	42	112	134	
123	61	101	68	252	79	205	39	73	234	186	75	58	60	20	179	200	230	93	37	252	43	245	206	55	12	229	48	101	236	214	94	
90	29	165	164	139	98	149	15	142	227	138	167	206	60	69	194	193	87	253	129	93	75	211	128	185	231	223	63	132	124	149	90	
33	217	31	89	213	223	166	231	94	113	114	70	178	152	180	160	232	106	18	77	215	184	52	189	46	95	7	70	93	12	217	157	
92	175	26	162	187	208	22	231	166	140	202	35	46	251	98	208	226	251	205	211	94	139	130	47	250	229	175	203	160	7	190	75	
163	48	225	211	77	247	248	73	95	251	245	26	200	92	92	236	217	155	179	145	215	246	125	208	15	88	155	55	215	76	216	172	
50	141	67	168	147	195	30	239	21	5	216	163	47	14	32	196	123	187	151	161	95	138	64	255	185	244	138	203	53	14	181	126	
40	201	51	216	85	215	171	230	223	0	104	2	40	149	37	164	172	58	130	216	195	186	50	253	57	152	7	98	83	152	101	172	
21	139	70	143	188	130	238	248	196	136	219	231	225	233	181	192	126	100	46	255	213	169	15	236	62	44	167	200	45	170	120	129	
53	93	111	78	180	31	79	253	84	200	255	70	83	96	187	117	126	236	22	110	249	178	125	46	248	47	101	148	125	251	240	229	
2	143	123	95	244	166	175	119	125	15	126	16	248	225	180	100	122	58	2	8	178	184	32	255	101	62	18	64	83	200	229	173	
63	106	98	168	117	151	234	80	181	200	208	231	41	202	183	176	254	169	23	247	207	151	4	255	176	76	171	136	39	151	114	197	
2	157	123	217	215	226	185	103	30	69	94	162	188	190	180	100	103	59	19	145	147	152	55	223	109	38	158	194	151	76	181	254	
37	57	211	205	116	198	234	112	70	200	123	102	81	217	181	224	126	252	54	248	129	178	157	140	62	172	163	200	125	171	112	177	
74	158	166	157	83	182	184	103	189	7	78	151	172	174	54	204	230	47	171	133	148	216	147	231	6	119	218	195	130	68	173	222	
179	120	99	140	118	214	235	80	105	200	208	230	24	158	183	116	126	169	23	239	205	159	180	202	147	60	138	170	61	189	114	245	
