Ê¥ÂÞÀ¼ÌðÎÇ´½¼ÕËª	#04 ÁÁéÙÉ« (HOT)	http://www.yslbeautycn.com/on/demandware.static/-/Sites-ysl-master-catalog/default/dwea2f9343/Makeup_Pro_img/00020YSL/L5203400U_04_COLORIMG.jpg	//www.yslbeautycn.com/dw/image/v2/AARM_PRD/on/demandware.static/-/Sites-ysl-master-catalog/default/dwaeb91537/Makeup_Pro_img/00020YSL/L5203400U_04_01.jpg?sw=336&sh=444&sm=fit
18	75	198	188	34	144	188	198	140	20	210	231	45	142	163	201	110	235	175	197	196	139	6	233	176	99	254	139	53	20	45	77	
178	193	66	254	84	128	236	231	157	0	242	2	41	74	60	65	106	163	23	193	122	171	66	221	182	248	158	200	53	136	240	8	
130	193	80	154	252	129	236	239	159	1	208	2	172	138	60	64	234	3	23	193	114	42	66	213	44	24	158	200	21	8	241	136	
130	128	130	152	20	162	40	69	54	3	82	18	8	194	40	72	121	41	19	144	50	148	1	214	0	38	154	196	148	8	48	128	
35	153	123	248	125	213	216	255	143	89	184	107	172	221	118	32	207	187	151	133	214	43	114	245	187	92	158	251	23	12	181	223	
130	88	190	184	41	196	48	70	174	217	82	1	188	159	33	72	196	49	187	81	2	141	18	232	193	146	90	130	144	0	37	155	
11	151	107	229	182	86	255	55	45	108	94	231	157	63	182	100	118	159	151	237	213	152	53	221	230	249	170	196	63	134	173	249	
34	31	107	94	214	193	167	246	212	72	88	231	48	252	181	100	124	122	19	195	193	171	54	255	48	36	174	138	93	122	116	253	
130	128	130	153	20	163	170	71	22	3	82	18	8	138	120	72	121	40	19	145	18	188	1	210	12	6	154	196	149	8	177	136	
178	193	70	254	20	128	236	231	141	0	242	2	41	10	60	65	106	163	23	129	106	138	2	221	178	248	158	136	53	136	240	8	
130	193	80	154	252	129	236	111	141	1	208	2	172	202	60	65	234	131	23	129	114	42	66	221	180	184	154	200	21	8	241	136	
58	133	114	233	247	146	254	113	13	0	254	131	91	223	180	100	254	189	31	237	216	187	37	220	246	253	138	193	55	174	240	133	
66	233	122	218	124	137	252	239	223	9	248	74	188	234	52	64	238	187	31	129	210	43	66	247	180	60	158	232	20	152	161	137	
2	145	56	160	252	229	184	91	143	93	56	191	156	158	110	0	175	19	223	145	150	11	50	213	95	93	58	239	148	12	133	211	
63	93	98	206	215	214	94	241	65	196	220	134	75	204	183	228	126	232	151	238	205	179	52	174	51	125	135	139	55	190	248	244	
2	72	170	156	79	240	176	70	159	87	64	147	44	158	39	72	234	59	147	129	6	95	18	241	23	54	218	43	21	92	61	222	
222	16	185	224	83	245	57	75	31	119	5	27	12	159	110	104	183	153	179	145	18	22	177	210	223	84	26	111	178	5	37	114	
2	134	38	145	215	179	184	71	28	133	90	151	140	170	54	9	239	43	147	149	180	216	4	204	14	7	154	195	133	76	61	206	
154	193	102	254	54	144	252	55	141	0	214	130	41	207	188	97	238	163	31	137	250	136	38	221	242	249	186	136	55	140	241	13	
2	217	58	190	79	197	176	103	143	93	208	3	172	158	102	67	236	59	179	129	70	43	178	241	19	113	218	171	17	12	165	223	
11	159	107	161	247	215	187	119	13	109	94	231	61	29	182	228	190	59	151	157	151	152	53	253	111	93	170	194	31	142	189	253	
130	160	130	145	84	163	168	67	22	3	82	18	8	138	56	72	123	41	19	145	50	156	0	210	4	6	154	196	149	8	177	136	
59	95	98	92	247	244	255	246	149	76	220	167	40	237	183	228	110	234	151	207	205	139	54	255	115	125	138	139	63	221	252	255	
11	159	123	225	247	247	251	119	93	77	94	167	157	157	182	100	254	187	151	181	149	185	52	206	127	93	170	195	111	140	245	255	
162	188	32	155	253	201	184	207	30	117	112	187	172	204	118	0	219	59	147	17	50	254	90	247	45	22	159	235	213	28	215	218	
163	170	112	91	237	189	252	206	95	95	112	29	174	200	246	16	141	43	198	21	182	122	234	243	47	28	22	235	83	92	207	207	
2	180	146	153	253	173	184	103	190	27	48	48	172	250	96	11	167	59	223	16	50	105	130	247	13	22	94	234	144	72	131	139	
60	69	102	236	20	10	78	120	101	128	254	10	123	105	49	81	122	236	93	234	232	179	1	140	242	233	225	0	103	186	114	0	
91	31	95	173	50	18	126	112	53	192	250	231	93	111	162	208	54	237	191	230	237	145	5	206	242	239	170	128	47	166	43	81	
83	13	111	142	22	18	111	112	245	192	222	194	121	238	180	100	118	231	63	239	233	155	173	239	176	46	175	128	37	242	49	116	
2	156	16	155	223	135	186	239	30	9	88	50	236	254	32	64	255	59	147	129	50	158	91	255	45	22	159	234	16	8	161	139	
162	156	32	155	223	197	186	206	30	97	88	179	172	220	48	0	223	59	147	129	34	190	90	247	45	22	158	235	21	28	181	219	
162	140	96	155	253	201	190	206	95	71	112	179	168	204	118	0	219	107	147	85	246	190	78	247	45	22	158	235	85	92	213	222	
83	13	103	172	22	146	111	112	61	64	218	198	125	238	178	100	126	237	31	239	237	147	37	222	176	110	171	128	61	166	49	116	
19	13	110	206	20	146	239	112	244	64	222	2	113	235	182	100	122	230	63	239	233	179	45	255	242	47	171	128	53	170	113	96	
56	141	110	238	92	147	239	240	212	0	254	2	113	233	180	96	120	230	63	234	232	171	47	191	122	239	167	128	119	170	112	168	
34	141	102	159	84	131	170	234	212	0	218	2	104	232	52	64	120	43	19	161	178	187	14	255	52	14	139	192	85	14	112	136	
32	141	6	155	84	131	166	231	150	0	120	2	96	232	48	64	89	106	2	99	114	187	10	191	40	6	135	64	85	10	48	136	
32	141	2	159	84	163	174	238	22	1	88	2	96	232	48	64	121	106	19	129	50	186	74	255	44	38	158	72	21	75	176	136	
33	41	115	69	116	139	233	83	121	200	122	64	187	1	149	52	62	44	22	56	129	184	36	76	6	184	32	128	111	160	98	165	
26	120	178	248	91	193	16	68	171	5	164	41	46	223	104	16	162	185	205	80	2	11	146	209	251	213	26	59	162	4	39	219	
130	141	6	159	28	131	174	230	148	0	218	2	96	234	32	65	120	98	42	226	98	169	11	255	40	38	143	192	21	106	48	136	
2	133	2	141	148	163	170	103	4	1	91	2	96	234	32	64	120	42	19	160	18	152	1	223	40	38	138	192	20	74	176	8	
162	201	2	158	92	129	142	230	148	0	80	2	32	202	48	64	72	106	19	195	66	175	2	253	48	32	138	136	21	24	112	136	
210	141	6	158	28	130	174	225	180	0	218	2	104	234	32	65	120	231	127	226	104	137	11	239	176	34	203	128	20	114	49	8	
122	176	118	242	235	221	88	222	171	241	180	185	191	159	72	22	167	215	253	16	42	75	250	245	219	219	31	255	34	133	135	91	
34	165	82	137	214	171	170	103	14	1	120	2	172	8	52	0	123	11	19	145	18	184	64	221	44	12	138	224	213	10	241	136	
18	73	114	252	70	130	254	102	173	128	210	130	45	142	53	64	110	243	31	193	200	139	0	237	178	232	158	136	37	180	33	136	
1	200	123	95	116	207	239	246	125	77	118	64	176	23	180	36	106	122	2	72	227	188	48	127	101	62	50	64	67	153	231	169	
90	189	91	236	147	193	23	111	173	68	232	42	47	255	32	16	178	187	207	160	88	11	16	223	243	229	11	59	115	98	167	58	
233	181	251	69	102	14	255	49	121	170	126	40	95	57	148	51	54	220	126	106	193	240	161	72	118	249	101	132	102	242	194	41	
86	180	150	182	139	228	56	207	187	185	131	24	206	254	72	91	167	247	253	144	58	75	155	192	187	243	95	123	128	112	167	19	
165	97	233	69	252	11	239	156	91	226	118	74	211	9	221	36	91	204	119	122	225	246	237	154	110	159	165	180	71	250	82	161	
94	28	182	182	139	100	60	75	191	247	131	179	236	254	97	74	231	247	253	145	26	73	155	226	155	247	223	155	132	116	165	83	
51	195	78	141	92	151	236	127	134	236	214	199	33	136	182	192	108	173	191	205	204	155	71	221	54	97	175	136	61	140	184	220	
134	220	150	159	15	231	188	230	156	18	194	19	236	254	32	75	237	115	187	131	96	205	26	253	129	50	223	27	16	124	37	219	
18	170	255	190	26	192	57	232	183	29	212	163	109	231	170	81	110	247	239	192	106	75	174	253	208	99	250	139	53	166	39	75	
173	172	101	89	245	223	234	250	95	96	123	82	216	120	148	164	121	8	18	60	179	188	125	223	44	94	135	70	223	142	80	172	
37	188	113	67	244	207	227	223	119	160	125	64	81	85	149	52	59	216	6	56	179	248	125	94	45	30	37	68	227	202	70	172	
198	220	150	159	43	230	188	166	188	26	202	16	236	246	32	75	229	119	255	2	96	205	27	255	129	178	94	27	16	113	37	27	
53	133	233	203	220	19	207	248	86	65	253	66	83	105	188	96	89	202	22	250	219	178	111	191	122	175	167	220	117	235	240	224	
50	217	114	225	117	203	248	212	141	104	178	171	14	31	52	0	238	185	151	209	130	185	0	212	183	216	138	247	23	31	85	219	
26	203	106	156	54	144	190	247	133	12	214	231	41	138	178	192	110	163	135	197	198	139	6	253	114	97	190	137	63	156	185	93	
27	223	123	237	54	214	255	119	13	76	94	231	253	63	182	96	254	187	151	229	197	184	37	253	247	253	174	131	63	158	253	251	
11	223	106	237	119	214	191	119	13	76	94	231	189	31	182	100	254	59	151	237	213	152	53	253	103	125	170	131	63	142	181	255	
56	0	98	228	87	3	91	112	5	32	247	139	27	13	50	128	126	156	151	236	136	179	1	140	210	233	160	149	55	174	112	67	
106	216	178	154	79	213	180	197	143	93	20	27	44	220	102	206	237	123	179	81	70	111	186	241	19	80	94	59	83	28	189	223	
130	150	59	152	114	224	185	119	156	75	90	247	60	190	160	96	231	59	151	145	179	157	34	215	72	38	58	202	156	64	165	219	
43	159	106	137	245	215	191	247	77	77	92	167	40	140	182	228	254	43	151	197	215	186	52	255	110	125	170	195	31	142	253	221	
59	80	96	233	101	22	203	88	69	96	244	6	27	13	151	180	126	141	151	236	136	178	117	140	211	249	162	132	119	142	112	208	
130	146	114	155	114	145	184	87	31	73	80	247	172	158	166	64	247	59	151	145	183	156	34	215	14	52	58	195	156	132	165	223	
2	145	58	185	236	141	184	119	174	25	16	96	188	159	104	64	166	27	63	129	210	24	2	209	205	145	58	232	20	8	133	139	
182	77	95	237	54	10	239	224	93	160	242	66	91	11	53	67	250	229	63	227	105	179	81	236	180	235	235	144	125	187	112	128	
128	0	130	152	20	162	42	71	54	1	83	18	64	194	32	72	121	40	2	144	50	148	1	222	40	38	154	64	148	8	48	128	
166	65	2	158	68	128	170	64	148	128	81	2	104	202	49	72	120	40	19	227	64	178	2	200	16	36	138	136	21	43	112	128	
54	72	250	228	102	24	88	216	89	18	176	171	27	14	253	56	126	217	23	231	136	183	197	192	210	201	235	188	229	185	114	129	
2	164	130	137	212	163	170	67	22	3	120	18	0	138	32	0	121	10	2	144	18	188	0	194	28	4	154	196	213	74	240	136	
25	65	123	237	54	26	235	56	101	64	246	130	91	15	147	96	126	204	31	238	201	176	37	204	246	237	162	128	39	179	112	241	
59	217	98	90	77	213	222	230	199	68	252	15	42	220	247	180	236	250	151	195	206	43	62	253	51	221	128	59	119	159	124	94	
138	144	179	152	99	209	177	75	159	95	80	243	44	222	230	204	239	27	151	129	23	30	34	211	22	87	250	235	155	4	173	215	
56	65	98	237	20	18	78	121	117	128	254	2	123	75	176	80	122	172	31	234	200	179	97	159	242	237	163	148	119	170	96	128	
43	159	114	248	253	213	249	247	159	77	252	167	189	255	182	36	238	187	151	149	215	43	98	247	127	221	186	235	87	140	245	255	
26	219	106	156	50	208	189	119	165	12	214	231	45	143	166	64	110	179	135	193	204	155	38	253	114	97	186	131	63	156	165	91	
27	221	127	252	100	148	254	246	221	72	246	227	61	255	181	100	238	251	63	207	236	171	38	239	246	255	238	138	23	189	241	255	
98	152	182	216	125	197	184	71	223	25	240	58	172	158	36	9	239	59	247	145	178	107	18	213	31	62	218	251	16	12	39	155	
155	95	67	30	87	146	174	246	213	192	218	231	41	200	183	229	110	232	150	207	229	187	36	239	50	104	174	128	63	189	120	221	
146	106	230	148	42	146	184	64	143	228	83	231	45	142	247	202	102	253	191	199	196	213	134	232	18	96	235	131	39	181	61	93	
34	157	98	152	87	177	184	103	221	69	124	151	168	172	54	196	239	59	147	149	182	186	22	215	14	62	154	75	223	76	253	222	
6	73	2	158	68	130	170	64	148	128	83	2	96	202	49	72	120	40	19	195	64	178	2	200	16	36	139	136	21	59	48	128	
62	104	226	224	101	27	248	196	79	164	180	171	10	12	119	190	238	245	151	213	140	179	37	200	150	220	128	135	231	189	120	95	
11	159	97	169	119	245	187	254	15	77	92	231	168	172	182	196	223	11	151	133	151	184	52	215	46	85	186	195	31	142	61	253	
130	26	114	249	118	152	184	87	173	89	82	247	172	142	182	73	230	57	151	145	130	152	96	209	6	120	186	202	20	140	5	213	
66	120	187	212	101	204	184	70	173	202	82	1	172	158	101	106	230	59	59	17	65	221	146	224	21	28	154	138	128	16	37	159	
130	153	53	221	77	204	188	39	175	25	208	17	172	158	36	99	236	19	251	1	114	42	82	209	167	112	90	75	80	12	165	255	
10	115	122	233	111	85	185	87	41	204	244	102	188	159	247	192	238	185	159	209	193	139	242	192	215	217	170	171	15	12	47	251	
63	32	96	224	103	18	90	88	65	96	181	139	11	15	220	180	126	141	159	236	140	51	165	192	146	217	136	180	119	143	114	69	
35	79	127	255	116	138	254	118	253	130	242	226	249	235	181	113	238	255	63	207	232	187	68	239	182	250	238	128	69	185	113	137	
98	251	176	201	237	212	188	23	139	93	20	37	172	158	118	74	198	27	191	21	214	8	242	193	39	56	158	171	158	28	157	223	
155	219	111	252	50	214	191	118	173	76	214	231	61	159	182	225	230	179	159	205	197	153	52	237	243	121	170	130	47	148	45	249	
49	32	249	225	116	39	73	91	85	233	123	90	19	1	156	56	94	140	22	184	137	182	117	10	71	141	176	164	237	138	80	160	
38	65	66	156	68	130	170	96	148	128	81	2	72	202	49	64	120	40	19	227	64	179	2	200	16	32	202	136	21	47	113	128	
106	58	240	193	97	116	88	18	75	255	180	125	12	158	215	62	135	61	181	17	132	86	224	192	70	89	249	191	134	228	14	215	
54	233	162	154	205	213	150	205	207	149	136	11	40	252	119	130	201	249	147	209	94	43	154	241	187	20	143	127	145	62	188	134	
43	189	104	73	245	213	191	127	79	77	92	39	40	156	182	164	222	27	151	133	215	186	116	245	111	93	170	235	95	142	253	223	
249	0	99	236	102	18	72	112	69	64	247	202	91	13	183	113	126	165	23	236	137	182	36	204	82	233	160	136	55	174	112	97	
58	23	67	140	119	95	91	88	13	76	221	111	10	12	190	212	254	137	159	161	141	163	100	223	178	125	170	154	63	142	124	85	
66	80	54	230	103	140	184	80	169	8	211	34	140	159	61	74	238	181	127	83	128	177	130	192	151	120	90	130	7	15	51	131	
74	147	116	172	111	89	185	118	237	125	84	175	140	141	246	207	238	145	255	129	144	56	102	209	86	121	250	235	30	140	95	217	
18	1	98	161	86	139	232	65	45	33	146	138	141	12	20	2	174	149	95	129	152	184	69	196	148	80	138	210	69	12	17	132	
2	148	34	152	87	244	184	71	159	21	88	147	172	172	54	72	239	59	147	149	182	186	18	215	15	54	154	203	149	12	189	222	
185	69	106	172	23	18	206	101	69	228	254	135	75	8	51	192	120	172	133	239	236	179	37	142	242	233	128	5	127	190	120	220	
130	129	84	139	252	129	236	109	15	17	209	18	172	74	60	65	122	131	31	161	114	42	74	213	188	152	158	220	21	10	241	136	
51	9	69	141	84	155	234	121	84	224	82	198	115	72	181	165	120	172	22	237	237	176	69	156	44	14	169	128	125	174	88	148	
0	172	130	137	212	163	170	71	22	3	120	2	0	138	32	0	121	42	2	144	18	188	0	202	44	4	146	64	149	74	176	136	
59	223	106	220	245	213	255	247	221	77	220	167	40	189	183	228	238	187	151	205	255	139	54	253	115	127	190	139	63	220	252	255	
146	193	116	254	62	128	220	125	141	1	208	18	237	75	60	65	110	163	31	129	250	10	66	221	178	248	218	136	55	136	241	9	
6	73	2	158	68	130	170	64	148	128	81	2	96	202	49	64	120	40	19	195	64	178	2	232	48	36	139	136	21	59	48	128	
130	132	130	153	20	163	170	67	22	3	82	18	0	202	48	64	121	40	19	145	50	188	1	222	40	6	154	192	149	8	176	128	
130	193	116	203	252	129	252	237	15	17	80	18	172	8	60	65	206	3	23	33	242	40	74	221	44	24	158	254	21	8	209	137	
27	223	111	171	182	214	191	181	13	76	94	231	189	30	182	229	166	59	159	205	247	152	53	253	238	121	174	194	63	150	189	255	
26	89	114	252	2	144	254	118	165	64	214	163	41	159	181	100	102	247	149	205	192	155	36	237	114	233	186	130	39	180	33	93	
2	12	130	153	20	163	170	67	22	3	90	18	0	202	48	72	121	42	2	145	18	188	0	222	8	6	154	192	148	8	176	136	
38	73	2	158	84	131	170	64	148	128	81	2	96	200	49	64	120	40	19	195	64	178	2	206	48	36	138	136	21	43	112	128	
2	160	148	153	252	141	184	79	190	25	112	16	172	186	72	11	199	27	127	16	50	104	194	213	12	22	94	238	144	8	131	139	
128	8	130	152	20	162	42	67	54	3	83	18	8	194	32	72	121	40	2	144	50	156	1	222	40	38	154	64	144	8	176	128	
162	177	48	201	253	141	188	237	15	57	49	59	140	28	60	1	159	27	151	49	242	42	72	213	45	24	30	254	85	12	193	155	
155	219	110	252	61	212	253	119	141	76	212	167	61	159	182	229	238	179	159	197	239	139	54	253	243	121	186	139	31	156	189	255	
43	157	119	249	253	149	252	119	159	73	252	227	173	223	182	100	238	187	151	133	214	171	98	253	255	221	154	202	23	140	241	223	
11	147	120	233	245	215	255	125	77	77	92	231	189	93	190	228	254	27	151	229	215	184	113	221	111	93	170	195	31	142	253	255	
56	64	102	237	84	2	78	120	101	128	247	2	91	11	49	81	120	196	127	234	200	179	65	140	242	233	224	128	103	170	114	128	
2	132	34	153	95	245	184	71	159	93	88	19	172	156	54	72	233	59	147	149	54	62	50	215	15	22	154	235	213	76	189	222	
35	241	120	248	252	141	248	255	223	25	248	123	60	223	116	0	239	155	151	149	210	43	66	247	191	92	158	250	22	140	225	155	
56	0	106	237	84	18	106	120	101	0	246	2	91	11	176	112	122	140	31	234	200	182	101	156	214	237	162	128	119	170	112	128	
42	221	104	122	253	213	221	247	215	77	252	15	42	189	182	164	205	186	151	133	223	43	118	255	115	93	148	187	119	220	252	223	
18	24	63	184	26	226	185	67	172	133	202	163	180	191	32	64	228	51	187	145	16	137	18	86	217	166	154	75	144	0	37	122	
155	223	110	237	181	214	255	53	61	76	86	167	189	31	182	229	230	183	159	237	245	153	33	253	247	249	170	192	55	148	245	125	
10	233	90	250	124	201	249	111	223	5	252	10	188	202	54	128	238	187	23	137	83	59	82	247	188	29	154	233	84	136	169	137	
186	141	118	233	245	146	254	119	157	0	254	131	137	159	52	101	254	183	31	237	248	187	49	220	247	249	138	195	55	140	241	143	
33	33	115	77	116	139	233	83	109	72	122	64	185	1	148	180	62	44	22	168	145	184	101	205	4	184	32	128	79	128	98	173	
26	113	114	248	91	193	16	69	175	5	160	171	46	223	36	16	162	185	207	208	66	11	130	221	147	213	26	59	19	4	39	219	
160	200	34	158	92	129	138	228	212	0	80	2	32	200	49	64	72	104	19	195	194	174	2	191	48	4	138	8	85	25	112	136	
43	223	123	248	125	213	252	247	221	73	252	103	56	221	182	100	238	187	151	133	198	43	114	255	119	125	186	171	23	220	244	255	
149	85	123	68	2	86	95	240	85	198	214	34	83	119	171	101	126	212	21	234	233	149	53	14	243	171	225	132	39	179	100	113	
2	133	2	137	148	163	170	99	4	1	91	2	104	234	40	64	121	43	19	160	18	152	1	223	40	38	138	192	148	74	176	0	
32	201	2	158	92	129	142	230	150	0	80	2	32	202	49	65	72	42	19	195	66	174	2	253	32	36	154	8	21	24	48	136	
18	72	114	156	78	128	174	102	133	0	208	2	44	138	49	64	110	243	31	195	200	139	2	237	48	32	154	136	21	56	33	136	
34	165	98	201	212	163	170	99	78	1	120	2	136	8	52	0	122	11	19	145	146	184	65	221	44	28	138	192	213	74	241	128	
74	147	57	232	60	197	152	127	138	89	152	107	156	31	112	64	134	19	31	1	146	11	2	213	219	221	58	254	20	8	133	251	
129	200	123	95	116	205	239	246	125	13	118	16	176	151	180	36	74	122	2	72	227	188	48	127	101	190	52	64	83	152	229	169	
82	181	91	172	155	194	31	111	165	4	248	171	45	255	32	80	126	187	143	160	88	11	160	223	243	229	142	187	53	2	167	123	
3	7	2	137	214	162	170	103	76	5	90	199	32	168	180	192	126	43	131	149	148	184	4	204	44	36	170	192	157	78	185	140	
51	195	14	173	76	151	236	127	134	236	214	199	161	136	50	64	76	175	191	205	220	155	87	221	246	97	190	136	29	140	184	220	
7	120	115	210	101	212	248	80	233	216	117	64	24	155	245	127	196	169	19	222	129	38	178	224	7	24	130	42	74	191	97	253	
182	94	106	164	70	2	223	116	21	198	246	167	83	13	179	1	126	236	23	239	232	183	53	14	114	233	164	128	101	185	116	248	
210	239	238	190	106	224	61	239	183	23	221	179	109	231	170	82	127	255	239	129	10	79	174	255	240	227	234	139	53	247	167	227	
33	236	117	91	245	223	226	252	127	225	115	66	216	88	148	164	123	104	50	250	167	248	125	255	44	94	23	70	207	143	241	172	
21	133	99	142	212	146	239	248	116	64	219	198	113	108	188	228	127	234	22	239	251	147	45	191	56	46	175	132	63	243	240	244	
53	197	233	201	220	35	207	248	86	96	253	66	83	97	189	100	89	204	22	250	187	178	109	191	124	175	167	244	245	251	112	224	
66	156	150	158	139	230	180	230	158	215	194	51	236	254	33	75	239	115	251	131	32	205	27	251	145	54	223	27	144	125	37	90	
11	159	106	227	247	215	255	247	77	77	94	167	189	157	182	164	238	187	151	213	215	184	52	253	127	93	174	195	63	142	189	255	
165	101	249	69	244	11	239	89	94	162	118	10	211	41	213	32	59	204	118	122	225	244	237	158	110	143	37	164	101	250	82	169	
86	176	150	182	203	196	56	207	191	177	131	19	204	254	108	90	231	247	253	145	58	75	155	224	155	242	223	107	128	116	167	83	
220	76	94	181	45	90	253	48	188	182	183	146	221	107	179	207	230	101	255	235	97	229	33	206	194	251	107	149	6	253	45	97	
97	181	250	69	102	10	255	112	121	168	126	42	95	63	148	48	54	223	118	106	241	248	165	206	118	189	103	128	103	242	67	161	
90	184	118	242	235	201	88	206	171	245	180	187	47	159	72	22	167	215	255	144	2	75	154	241	223	211	31	255	38	132	167	91	
130	141	6	159	28	131	174	224	148	0	218	2	104	234	48	65	120	103	59	227	112	153	11	255	48	38	203	128	21	42	49	128	
2	140	2	159	220	131	174	238	22	1	88	2	96	232	56	64	89	106	19	129	50	186	75	255	60	38	158	200	149	8	176	136	
91	77	110	206	28	146	239	112	244	128	222	2	113	235	180	96	120	230	63	235	232	179	45	255	242	47	171	128	55	186	112	32	
162	188	16	155	223	197	188	239	30	59	80	50	172	254	48	64	221	59	147	145	114	58	91	247	45	22	159	234	149	92	149	155	
91	77	71	174	18	18	111	112	37	192	250	199	127	230	179	240	118	229	127	239	237	147	37	238	178	239	175	128	47	182	34	117	
34	238	176	26	237	221	252	239	251	127	112	25	172	236	86	9	143	43	195	21	182	122	234	243	47	30	22	107	208	76	199	223	
162	238	38	159	223	241	188	230	158	22	80	179	172	236	54	9	239	107	131	135	118	254	42	255	47	18	223	235	85	92	191	222	
27	221	115	239	55	150	254	117	13	72	222	227	253	63	182	96	254	187	159	229	204	184	33	253	246	253	174	130	55	158	245	251	
127	66	228	202	109	22	74	152	67	242	149	206	75	72	223	238	95	196	254	255	143	103	239	128	18	88	193	188	191	191	120	4	
6	50	85	161	254	169	184	91	174	57	24	229	157	26	208	74	199	25	23	53	147	24	66	212	140	156	43	236	156	128	1	129	
42	135	98	200	215	182	254	127	93	9	120	3	104	249	60	192	250	187	151	129	210	186	21	223	63	124	138	195	119	142	252	142	
34	159	98	222	117	128	254	103	93	12	248	99	104	250	54	64	248	187	167	129	208	187	2	239	54	62	138	139	85	14	252	143	
2	200	179	220	109	196	188	39	173	27	80	64	172	158	36	103	196	59	59	129	66	111	210	225	5	48	90	10	16	8	161	142	
28	141	131	254	149	231	239	231	151	137	222	2	115	243	48	196	121	234	19	153	26	187	26	255	251	247	135	64	179	122	240	162	
43	149	114	201	247	179	250	255	79	65	92	163	8	191	182	228	255	155	151	149	150	184	125	213	127	93	158	231	183	206	241	215	
59	50	121	233	103	84	249	82	9	76	180	231	189	31	150	166	238	153	223	129	199	11	240	193	215	217	186	187	47	12	47	251	
2	152	178	136	39	196	176	71	142	73	90	3	172	158	98	72	166	57	147	17	146	56	18	209	5	20	26	202	144	12	33	219	
155	217	118	252	61	148	252	119	141	72	246	227	173	159	180	101	238	179	191	197	228	171	34	253	243	251	218	130	23	156	225	223	
43	183	106	234	245	245	251	215	79	77	92	167	56	221	190	164	254	187	151	149	151	186	52	245	127	93	174	203	223	142	253	255	
0	204	2	158	84	163	170	226	22	0	88	2	40	234	33	64	120	107	2	192	2	186	0	255	40	38	138	8	21	11	48	136	
187	5	98	69	103	80	254	119	97	196	254	146	40	13	150	164	110	172	151	140	236	190	164	207	54	124	128	131	103	140	126	220	
155	91	110	252	35	214	189	118	189	78	214	167	61	159	183	229	230	241	189	199	237	141	50	237	243	251	234	131	63	148	45	127	
43	219	98	216	253	213	249	247	207	93	220	39	40	157	182	164	238	187	151	149	215	43	54	245	123	93	190	235	95	140	252	255	
38	167	83	233	245	227	234	207	31	45	248	67	12	202	116	128	255	155	23	145	23	186	72	215	63	28	154	231	157	74	225	135	
154	91	107	188	35	212	63	246	165	76	214	231	45	143	163	196	110	243	159	199	205	143	54	239	242	97	186	131	47	180	45	125	
44	125	155	190	244	199	183	230	158	138	88	98	244	248	33	64	216	106	19	195	99	186	10	255	109	167	175	136	16	120	52	131	
43	149	112	235	245	151	254	127	15	73	124	163	189	95	190	100	254	155	151	181	214	184	105	221	239	221	174	194	87	142	245	255	
11	133	98	200	247	214	250	119	125	65	94	130	40	238	190	228	126	139	151	141	214	154	52	223	63	126	154	195	55	134	253	253	
106	159	48	194	253	253	90	183	201	93	29	47	172	189	126	116	135	147	157	81	151	43	184	245	187	93	28	251	158	143	157	87	
154	223	106	188	38	144	191	247	149	76	214	231	41	143	182	196	110	227	151	197	236	139	38	255	242	97	190	137	63	148	189	89	
50	219	111	221	126	209	191	118	157	76	84	231	44	156	182	100	238	251	151	199	228	187	38	253	118	123	186	139	119	156	117	223	
47	23	99	204	119	83	123	88	29	108	125	239	72	76	190	244	254	137	151	175	133	178	36	222	54	124	162	134	95	174	124	245	
3	167	98	131	246	147	186	231	46	65	90	231	172	138	190	164	190	43	147	149	150	152	4	253	44	28	142	194	29	6	185	221	
35	183	114	73	247	213	186	119	79	73	124	47	8	156	246	36	158	27	147	21	150	186	52	221	47	28	132	235	215	142	214	255	
155	219	102	254	39	214	253	245	141	92	214	167	253	31	182	103	230	243	191	199	228	137	51	253	243	249	238	131	55	148	181	127	
146	193	116	255	46	128	220	109	141	1	209	2	237	74	60	65	238	131	63	161	250	11	67	221	176	250	218	136	53	8	241	9	
32	141	2	218	181	215	86	231	215	9	222	34	162	243	160	100	217	234	22	24	58	187	42	255	171	254	150	75	146	10	252	175	
162	145	116	203	253	143	188	237	31	121	49	59	140	28	60	1	159	27	151	49	242	58	72	213	47	24	15	246	85	14	193	211	
130	136	130	153	20	163	170	71	22	3	82	18	8	202	112	72	121	43	19	145	50	156	0	214	8	6	154	192	148	8	176	136	
42	181	120	235	253	217	253	111	95	85	252	30	189	203	126	128	255	139	151	137	211	42	122	213	254	221	190	253	95	140	255	217	
2	77	2	140	84	163	170	230	22	0	88	2	40	232	49	64	120	106	19	193	2	186	2	255	32	36	138	136	149	91	48	136	
154	209	118	250	183	198	252	245	141	13	214	147	205	159	60	101	238	179	159	197	248	171	17	253	187	249	138	195	55	140	241	15	
138	205	126	249	125	217	253	127	221	84	252	22	189	203	54	193	238	171	159	201	227	171	114	253	247	217	186	153	95	152	253	249	
155	151	111	235	181	213	255	245	141	93	222	167	253	125	190	101	238	147	159	245	254	169	61	253	235	89	174	195	23	142	181	255	
2	176	148	153	124	141	184	72	174	57	48	32	172	154	96	10	199	25	127	17	18	105	194	209	12	18	90	238	144	8	3	139	
2	176	20	152	109	141	184	72	143	25	113	56	172	158	96	8	238	25	255	17	2	107	194	213	21	16	90	234	84	8	33	131	
223	94	150	247	45	62	189	146	189	159	151	50	204	255	43	207	231	117	253	131	164	197	171	226	211	251	123	151	134	117	41	87	
56	0	102	237	20	18	104	112	101	32	246	2	91	11	181	85	122	132	31	232	136	178	101	140	214	233	162	128	103	168	112	128	
162	185	240	91	237	201	188	207	255	125	112	29	172	140	94	1	139	27	211	21	246	122	218	243	47	28	30	107	213	12	199	223	
91	69	103	165	18	18	111	112	37	192	250	198	91	110	179	116	126	229	125	238	205	147	37	204	178	239	175	128	39	182	99	116	
34	252	24	155	223	141	188	207	30	59	80	50	164	222	112	64	221	59	179	145	50	254	83	247	45	22	158	234	149	8	177	155	
1	1	87	73	116	187	232	83	109	65	122	70	185	8	148	164	126	10	22	44	145	184	101	220	6	56	34	192	111	136	227	173	
82	96	18	168	91	193	16	76	175	5	176	171	44	222	38	16	238	185	207	192	74	11	130	213	145	240	10	187	17	4	39	219	
34	200	2	158	92	129	142	230	148	0	80	2	32	200	49	64	72	106	19	195	66	174	2	191	32	38	154	136	21	25	48	136	
56	13	110	204	20	147	239	120	212	0	222	2	121	235	180	96	120	236	63	235	232	179	37	253	242	109	163	128	55	186	112	32	
32	140	0	155	220	131	170	239	22	1	88	2	96	234	56	64	89	74	51	129	34	186	75	255	60	6	159	108	149	8	176	136	
51	3	102	141	92	147	234	121	68	224	219	199	97	200	182	192	124	172	54	237	221	178	69	157	20	40	171	128	125	174	120	148	
2	133	2	137	148	163	170	107	4	1	91	2	64	106	40	64	121	42	19	176	18	184	1	223	44	38	138	192	148	74	176	128	
18	205	6	158	28	130	174	104	148	2	218	2	104	234	48	64	120	231	59	227	120	155	11	255	176	38	203	128	20	58	49	0	
24	101	250	101	118	10	255	112	125	160	126	2	125	235	145	48	62	253	55	106	224	240	164	78	118	239	39	128	103	242	99	161	
2	133	34	201	212	163	170	99	78	33	88	2	136	40	52	64	123	11	19	145	146	184	69	223	44	12	138	192	149	74	241	128	
18	72	98	156	78	128	174	102	132	0	210	130	44	206	49	64	110	243	31	195	192	139	2	237	48	32	154	136	5	49	49	136	
129	200	115	95	116	205	239	246	255	13	118	64	184	215	180	100	206	56	34	72	227	188	50	253	37	62	22	0	82	152	229	173	
58	149	91	236	147	195	31	111	5	68	248	171	47	255	36	80	126	187	135	160	88	139	36	223	242	229	138	203	119	2	166	59	
70	184	178	250	203	192	56	199	191	149	194	51	12	255	96	90	231	255	255	145	18	91	154	224	159	242	159	239	130	4	165	90	
35	181	112	65	244	181	186	83	79	73	124	163	136	188	246	36	159	27	147	157	150	186	36	215	46	28	138	226	215	142	211	223	
35	217	14	173	13	151	236	119	6	96	214	199	161	136	50	192	204	46	59	205	207	152	87	181	166	121	158	128	29	28	184	220	
70	24	150	158	139	224	188	231	159	151	194	51	236	254	97	75	231	119	251	129	48	203	154	243	157	54	223	11	144	125	165	90	
210	238	238	190	250	224	63	238	183	7	220	179	109	231	171	82	127	255	239	130	122	79	238	239	240	103	254	139	53	247	167	235	
135	253	101	19	221	191	230	236	94	243	91	86	248	216	157	165	251	106	122	127	247	248	127	255	44	94	143	70	221	95	217	132	
53	197	97	205	212	3	207	252	86	226	254	66	83	105	189	100	121	204	22	254	233	178	109	158	124	142	167	196	245	251	80	224	
40	223	146	190	245	195	182	255	31	13	248	102	230	249	32	192	217	122	134	17	26	187	10	191	168	246	167	75	210	90	252	139	
189	84	98	76	69	50	126	112	81	198	247	22	75	73	191	189	120	236	151	238	232	182	52	142	50	251	192	129	111	253	120	208	
6	73	2	158	20	131	170	96	150	128	89	2	96	202	49	64	88	40	2	195	66	178	10	255	48	36	138	136	21	59	48	128	
8	95	19	191	180	131	167	119	22	128	90	98	255	243	161	196	94	122	22	73	107	186	66	191	224	247	175	0	62	250	49	169	
19	205	34	222	149	214	110	231	247	9	222	2	104	211	54	100	249	170	22	216	126	155	58	255	187	190	142	65	18	30	240	238	
2	174	38	159	223	243	188	231	158	86	80	179	236	236	54	9	239	107	131	135	102	255	10	255	45	18	223	171	213	92	189	206	
114	15	98	142	26	227	154	104	133	132	217	171	97	206	179	196	122	185	143	227	76	3	12	255	176	36	171	187	53	175	60	79	
40	191	91	191	246	139	183	127	30	196	120	231	245	236	32	64	222	123	3	65	66	186	74	191	228	167	46	168	92	106	165	217	
34	159	90	158	244	131	182	103	93	77	120	231	96	236	38	64	254	187	131	1	214	187	2	255	54	52	170	203	93	10	252	155	
154	217	118	252	60	149	220	119	141	88	244	243	173	159	180	225	238	179	159	133	234	47	98	253	178	251	218	218	31	140	249	95	
10	222	119	255	118	131	187	246	156	64	80	231	61	223	183	196	126	251	151	199	227	191	6	255	116	79	186	130	31	157	33	249	
155	223	103	252	61	213	221	247	157	92	212	119	173	159	182	101	238	179	159	197	239	15	50	255	243	251	250	155	23	156	245	127	
154	221	96	231	180	19	254	183	29	74	127	179	187	61	150	33	191	211	149	175	232	188	109	239	226	223	182	128	103	220	240	91	
11	222	86	253	118	147	190	246	157	0	86	230	253	223	178	228	110	123	183	207	225	157	36	255	54	127	186	128	63	156	41	153	
63	90	98	206	103	18	186	80	93	204	87	231	72	204	183	228	126	237	151	231	133	179	44	204	22	123	235	131	63	191	121	213	
2	207	98	136	215	144	190	103	13	5	88	231	40	138	182	196	238	43	147	133	214	186	4	253	34	36	158	203	23	12	185	141	
231	157	112	194	245	188	250	181	137	73	61	63	140	254	254	48	167	83	151	87	182	42	168	247	47	92	142	234	134	207	211	215	
155	93	126	252	44	132	221	246	221	90	214	179	189	191	181	235	238	115	159	199	224	239	2	237	243	251	254	146	23	188	169	251	
51	23	104	187	182	179	184	121	92	77	221	247	225	104	190	73	95	11	135	181	182	186	77	159	74	71	186	211	221	206	185	223	
102	217	51	202	237	196	158	196	139	93	153	43	44	222	124	78	204	243	147	195	70	3	186	241	51	56	138	187	17	31	182	215	
155	219	127	252	61	212	220	246	205	88	212	247	57	188	182	99	238	243	159	197	252	239	54	237	243	123	254	155	23	156	181	255	
42	135	98	201	247	247	250	119	95	9	124	195	8	157	246	228	127	155	151	157	150	186	116	215	63	93	154	227	183	142	252	143	
155	159	108	174	63	215	157	125	141	76	220	167	253	92	182	225	238	35	159	229	247	137	53	255	227	89	170	211	31	142	189	255	
7	208	189	155	78	197	185	200	206	113	1	71	148	222	124	107	167	25	59	83	135	100	59	113	77	10	90	102	152	11	1	211	
165	4	111	89	92	103	235	88	84	68	103	130	81	68	63	109	88	8	18	254	163	180	61	159	69	42	131	4	253	171	112	244	
173	36	195	97	85	127	233	18	84	227	103	18	83	1	25	172	120	140	18	56	57	180	117	138	71	201	128	4	231	200	80	160	
187	90	102	158	29	213	203	212	213	92	212	151	41	204	183	229	76	168	159	207	239	175	126	253	50	121	138	155	31	157	124	253	
187	219	108	222	61	212	217	118	223	93	212	183	57	156	182	229	206	187	151	205	239	171	118	253	99	121	186	219	31	140	124	255	
170	50	246	152	111	209	184	80	139	95	148	255	12	156	230	175	239	25	151	129	134	71	166	209	22	81	250	171	31	140	47	215	
26	90	107	222	102	208	191	240	141	76	86	231	44	220	183	100	238	249	151	199	196	131	38	237	118	121	170	139	55	191	53	223	
143	92	215	85	199	54	237	112	213	194	102	2	88	115	181	239	127	116	178	238	225	244	53	202	7	123	199	0	239	245	105	180	
106	18	126	232	45	84	153	80	137	92	180	173	140	158	246	134	142	17	221	133	140	35	162	192	82	89	234	187	87	4	47	87	
18	148	11	175	19	227	155	109	6	65	73	135	245	246	42	64	93	59	155	129	7	137	25	63	225	39	154	1	152	78	37	218	
188	4	96	105	21	247	90	88	85	6	245	18	75	89	58	245	120	136	151	184	42	182	117	158	83	249	128	69	243	141	124	226	
11	90	118	220	102	134	255	118	157	200	82	227	60	159	181	224	238	251	191	195	193	153	2	237	54	123	186	138	63	181	49	249	
43	177	104	75	253	221	217	253	71	125	189	63	58	125	190	164	223	154	151	21	159	58	126	213	111	93	180	255	223	142	220	255	
38	121	237	192	110	89	148	200	138	244	20	171	132	220	239	47	142	89	251	83	135	97	254	240	15	16	207	63	213	63	29	246	
91	250	98	186	47	145	216	202	175	85	148	175	173	206	118	66	231	227	255	133	142	79	174	241	154	89	159	187	39	4	63	95	
32	223	18	250	244	131	182	255	159	5	216	231	238	253	32	196	223	122	134	80	86	187	74	191	170	246	7	75	94	26	189	155	
0	77	2	140	148	131	174	230	6	0	88	2	32	232	49	64	104	106	2	193	66	170	0	255	32	4	142	8	21	90	176	136	
2	136	130	155	20	163	42	71	22	1	83	18	40	194	32	72	121	42	19	144	50	156	0	255	8	38	154	192	148	10	176	136	
32	223	82	222	180	147	22	247	223	13	220	38	174	249	164	68	223	122	134	80	118	170	74	255	46	54	6	75	22	154	252	143	
25	159	82	255	182	147	238	119	21	128	94	226	239	243	160	228	126	122	150	136	123	184	2	255	162	247	134	130	62	202	185	185	
88	0	102	229	36	18	104	16	101	33	246	2	27	11	144	125	110	133	31	168	136	176	101	192	214	233	162	132	103	136	96	32	
2	48	20	136	109	141	184	64	143	25	176	40	140	158	96	8	238	25	127	17	2	35	194	209	149	16	26	250	84	8	33	131	
25	0	107	229	38	18	233	80	101	224	119	194	25	15	147	96	126	148	31	172	137	176	37	204	214	233	170	128	39	170	112	97	
186	149	124	251	189	217	221	253	95	125	181	54	191	63	190	161	206	155	223	33	243	106	121	213	238	217	254	247	95	140	221	219	
56	81	122	108	85	223	87	117	229	8	116	10	63	217	32	48	184	184	151	106	200	179	48	157	243	233	32	11	115	186	226	171	
1	1	87	73	244	155	232	55	108	65	114	70	155	8	148	164	106	40	22	140	213	184	101	196	4	56	50	64	111	136	241	172	
18	99	18	168	75	193	152	77	175	4	128	163	44	142	38	16	238	185	207	192	74	11	130	213	177	240	154	187	17	22	39	219	
130	133	2	153	148	163	170	99	20	1	91	18	64	234	40	64	121	42	19	176	50	152	1	223	40	38	138	192	148	72	176	0	
2	72	2	158	76	128	170	228	148	0	80	2	40	202	49	65	104	106	51	195	66	143	2	253	48	32	218	136	21	27	48	136	
54	15	66	142	26	227	154	104	21	4	217	171	97	206	183	196	122	185	143	227	12	131	4	223	144	100	171	185	53	175	60	69	
130	133	34	137	148	163	170	75	84	1	90	18	8	168	48	64	121	10	19	177	178	184	1	223	44	6	138	196	149	72	176	128	
186	151	125	234	189	87	221	61	205	93	183	119	239	95	190	65	254	147	159	225	251	171	107	221	187	217	238	214	127	142	253	95	
1	200	51	95	117	205	173	246	255	13	116	0	184	215	180	100	194	56	34	72	195	188	50	253	37	62	18	10	82	152	101	173	
56	149	91	236	211	195	87	107	5	64	233	162	127	127	40	112	122	187	151	160	89	186	48	223	243	229	2	75	127	2	166	178	
34	177	248	219	237	205	188	207	191	123	120	153	172	156	92	8	207	27	243	17	210	122	218	241	13	30	95	239	213	12	215	219	
35	211	46	173	12	133	236	119	132	100	222	135	165	136	50	64	200	142	59	205	222	155	87	149	244	121	158	216	28	12	248	222	
219	77	110	236	18	18	111	112	37	192	254	130	95	110	183	117	126	229	125	239	233	147	37	204	242	233	239	128	37	179	98	100	
214	175	174	190	216	162	47	255	183	46	222	215	233	231	59	65	125	239	239	135	250	91	203	255	252	103	239	153	181	245	181	240	
173	172	165	27	221	255	166	236	94	243	219	86	248	248	223	160	249	106	122	55	247	246	95	255	46	95	143	102	221	95	217	140	
53	77	107	205	212	139	239	248	86	226	126	66	83	105	181	100	123	236	22	234	233	176	109	158	124	142	167	132	117	251	80	224	
70	152	178	158	207	224	188	199	159	135	194	179	236	254	98	72	255	255	187	145	18	75	154	243	157	54	223	203	144	108	165	90	
2	249	153	155	254	141	189	207	30	9	88	98	180	158	112	64	255	59	51	145	82	58	67	247	45	22	158	234	20	88	177	155	
90	77	110	236	20	146	238	118	197	0	222	2	121	171	180	96	104	228	31	235	200	187	37	237	242	237	171	128	55	190	112	40	
24	45	218	229	86	130	254	115	53	128	254	2	121	235	176	80	126	253	23	234	72	179	128	238	118	239	167	128	103	242	227	129	
34	184	114	82	249	141	184	199	255	137	120	10	44	222	100	16	255	59	147	144	146	251	154	241	31	28	23	106	193	10	227	139	
32	173	0	155	220	131	162	239	22	33	88	2	192	232	48	64	89	42	2	145	18	186	75	189	44	6	159	100	149	10	176	136	
82	141	2	156	93	135	174	98	180	0	202	2	104	234	48	64	120	239	59	227	88	155	19	255	177	166	139	8	21	40	49	136	
47	184	247	159	253	127	254	248	95	234	241	94	252	248	190	168	255	203	254	165	167	243	95	255	30	95	207	174	223	237	249	133	
56	159	83	191	182	131	191	127	30	68	88	231	253	229	32	196	126	123	135	77	83	186	74	191	228	230	42	128	119	206	165	249	
6	142	166	159	207	241	188	239	158	23	208	183	236	236	55	9	251	107	227	135	54	233	10	255	13	22	223	139	213	124	189	206	
3	205	34	218	53	214	110	231	247	77	222	34	168	218	182	96	249	170	22	216	110	155	34	255	43	62	158	195	18	28	244	206	
23	0	167	135	5	118	171	64	204	226	203	6	192	104	55	238	216	100	26	175	141	179	117	200	17	62	203	16	137	111	113	244	
254	204	112	210	247	249	94	143	93	3	56	26	14	59	108	253	179	211	151	50	62	108	72	247	63	222	148	111	183	93	208	7	
206	28	182	245	173	116	56	146	175	223	150	51	204	255	103	79	231	119	255	145	164	69	179	194	211	251	223	155	130	117	45	87	
30	9	231	247	247	130	111	182	49	199	86	131	105	45	147	140	47	238	177	159	144	216	37	232	110	111	220	128	167	245	212	248	
47	156	164	91	233	244	126	191	159	95	92	20	232	247	254	239	197	90	179	156	183	88	127	243	47	94	221	235	158	221	156	253	
138	216	126	252	45	221	253	119	157	94	180	55	172	158	54	207	239	51	255	5	227	109	115	253	182	251	250	155	30	156	237	95	
143	4	230	91	205	118	252	75	223	87	135	18	72	60	191	239	105	6	251	157	180	229	127	192	23	123	219	199	151	237	248	214	
231	239	169	130	236	173	158	196	139	250	153	237	76	238	93	26	151	75	85	87	214	67	138	226	56	24	143	190	140	119	147	211	
34	159	122	202	244	179	250	235	95	77	120	231	40	236	182	64	255	187	151	149	151	186	8	255	62	61	162	234	221	206	248	213	
139	90	114	223	118	146	190	118	189	196	86	166	45	234	179	100	110	107	191	207	228	153	38	239	54	255	138	131	54	189	45	221	
28	147	44	171	188	97	25	25	6	93	223	231	199	77	170	64	94	131	175	181	154	0	111	149	200	229	170	209	189	142	180	115	
12	112	179	242	195	37	191	216	158	27	113	114	88	223	109	170	189	89	179	242	131	86	154	224	69	143	239	172	137	115	33	179	
174	157	112	243	246	184	254	180	57	75	57	187	205	126	158	48	191	219	151	247	178	60	40	247	174	223	142	226	167	223	195	213	
134	255	179	186	184	132	30	217	139	25	153	253	228	207	105	16	151	115	29	247	242	3	138	251	185	212	175	254	144	83	135	147	
25	15	82	223	180	146	110	119	85	140	94	38	235	227	162	100	122	106	38	136	236	154	36	255	170	254	134	131	54	232	232	141	
58	151	121	235	245	87	255	61	13	76	255	198	203	79	158	228	254	155	151	238	219	176	125	221	239	253	170	196	63	142	252	211	
34	182	98	200	247	241	250	91	95	77	124	103	8	220	246	164	255	155	151	145	150	186	36	215	62	92	154	235	255	206	252	215	
30	220	244	255	54	242	95	182	89	74	95	183	251	125	158	101	23	243	149	143	232	248	109	239	226	255	116	131	119	252	84	121	
47	149	120	235	246	187	251	185	79	105	93	166	217	93	158	32	94	25	151	255	151	176	125	222	111	221	171	229	247	143	209	241	
39	183	9	169	252	159	202	251	78	121	29	111	211	104	190	128	221	10	22	125	183	58	93	31	46	93	173	244	93	138	88	213	
186	204	96	231	181	3	94	247	29	2	191	146	43	47	148	133	111	211	159	162	248	174	73	239	178	223	150	144	55	222	232	9	
143	249	244	243	182	157	250	148	31	127	116	183	249	127	159	45	183	123	149	220	182	220	44	255	110	223	181	196	183	213	199	249	
190	242	233	171	110	3	187	216	22	126	145	247	213	77	219	8	95	89	87	247	131	38	111	18	196	5	171	252	253	187	53	241	
171	50	226	152	111	177	184	82	155	95	84	247	12	140	246	173	239	25	151	149	135	86	166	208	30	81	218	235	159	140	61	213	
90	20	166	180	143	116	152	67	191	223	151	151	204	190	119	207	239	183	253	133	180	69	178	192	211	115	218	155	135	100	189	87	
73	90	47	152	105	213	177	88	198	254	84	100	156	148	227	232	196	56	174	69	133	7	179	17	69	35	123	172	26	45	53	245	
35	151	227	133	246	27	238	246	61	234	90	231	217	44	182	228	126	239	55	237	229	184	101	239	46	62	175	128	15	172	217	213	
3	201	98	140	86	144	190	103	12	64	88	135	40	140	182	96	110	171	147	197	198	186	36	253	48	44	138	136	21	12	241	221	
2	205	2	140	148	131	174	231	6	0	88	2	32	202	48	64	72	42	19	193	66	170	0	253	40	36	142	136	21	24	176	136	
43	157	115	170	246	163	187	91	94	65	120	167	121	236	54	64	255	171	23	149	151	186	44	255	124	29	170	192	221	206	241	209	
147	88	114	223	87	214	190	242	189	78	86	135	44	238	55	100	110	235	183	199	228	157	54	239	55	126	138	131	55	181	37	221	
35	182	234	203	118	177	250	82	95	77	125	247	8	204	254	32	255	187	151	149	151	190	44	223	62	29	186	226	221	206	120	215	
202	216	246	252	45	221	189	247	143	95	148	63	172	190	182	111	239	179	255	1	199	111	114	241	211	251	254	155	22	220	173	95	
90	0	112	225	36	24	120	16	109	1	118	2	139	11	148	120	110	133	31	152	136	184	101	192	214	249	178	128	103	136	96	1	
2	32	80	136	108	137	248	72	175	24	177	10	142	138	116	74	238	137	95	81	2	35	194	208	148	152	10	254	84	10	67	129	
63	151	121	233	180	223	255	185	13	108	255	230	219	95	158	224	254	157	151	239	217	176	125	221	239	253	171	196	63	143	220	241	
9	129	119	73	228	154	237	55	108	65	118	82	153	0	148	228	42	42	22	8	209	184	101	197	36	184	50	192	79	136	225	173	
82	115	18	168	11	193	28	77	173	12	176	171	44	158	36	80	238	185	207	192	74	11	2	221	179	208	138	187	17	22	167	219	
34	72	10	158	76	129	138	232	150	0	81	2	96	200	57	65	88	106	19	195	66	39	10	253	16	32	138	136	21	27	48	136	
51	7	98	140	84	35	200	123	21	4	219	231	1	8	178	196	124	140	31	189	188	147	69	206	144	36	170	212	181	140	120	84	
58	135	105	233	244	243	233	119	5	13	94	227	41	47	176	64	126	154	151	149	154	184	37	159	110	237	186	197	183	140	244	232	
94	156	228	255	119	186	120	178	27	83	118	162	105	127	156	239	183	251	181	140	170	248	111	253	14	250	209	130	167	237	80	85	
130	132	6	153	148	163	168	107	20	3	91	18	8	40	48	65	121	10	19	177	50	188	1	223	44	6	154	196	149	72	49	128	
214	93	98	254	202	176	158	212	161	194	217	163	105	238	61	96	126	243	151	231	232	131	46	234	178	104	142	136	55	247	33	93	
129	201	55	89	101	221	165	166	255	29	118	64	172	148	180	228	194	58	6	72	195	188	38	245	37	56	18	2	86	152	197	237	
58	133	83	236	242	195	95	111	5	65	248	170	75	119	168	116	126	187	151	160	89	155	36	221	242	228	138	203	55	134	166	178	
11	212	114	248	54	147	152	254	155	202	48	171	76	254	191	33	151	81	149	53	230	111	40	223	42	94	63	254	215	164	65	95	
34	170	164	154	207	241	188	239	158	23	208	187	236	236	118	11	235	107	235	133	54	107	75	247	29	22	223	255	213	92	189	206	
150	174	203	191	152	166	47	251	54	174	211	215	233	231	43	81	125	255	239	134	122	219	235	255	252	231	175	133	181	244	165	240	
5	188	174	191	221	191	182	234	222	243	218	87	250	248	127	225	249	239	122	7	247	243	95	255	60	95	207	39	221	125	249	132	
133	188	247	87	245	251	166	234	254	250	122	82	232	252	189	165	251	126	234	58	247	244	127	255	47	126	7	6	199	123	203	164	
53	77	103	205	244	147	239	254	86	226	90	198	81	108	181	228	122	236	54	239	233	176	45	254	60	46	175	132	63	250	240	244	
53	77	107	213	212	139	239	118	84	226	126	66	115	233	181	100	122	236	22	234	233	176	45	190	124	174	167	0	119	248	240	224	
66	184	178	158	223	192	186	199	159	197	88	163	172	254	96	72	255	251	179	145	18	91	154	241	29	54	159	235	144	30	165	218	
56	109	74	237	212	134	110	246	53	128	254	2	57	235	32	64	122	237	6	232	104	187	16	206	243	239	135	0	99	240	226	136	
34	249	178	202	245	133	186	196	255	137	120	2	172	216	100	0	254	59	147	209	146	186	154	245	63	28	15	106	209	10	227	139	
32	169	2	155	212	139	170	199	30	33	88	2	160	200	112	64	89	42	51	209	18	186	72	191	44	20	143	104	21	10	240	136	
18	77	2	156	213	199	238	103	23	4	202	2	40	186	32	64	120	239	59	192	72	187	16	255	177	166	154	1	17	58	181	138	
218	77	102	236	84	130	238	116	229	128	222	2	105	171	53	65	106	229	63	235	232	155	1	237	242	235	234	128	39	186	112	8	
34	241	153	139	252	141	175	207	30	41	88	114	180	154	120	0	255	27	51	145	83	186	75	247	109	4	190	236	220	8	145	169	
251	77	110	236	22	18	111	112	181	192	246	130	91	175	181	115	126	229	127	234	232	187	37	236	242	233	239	128	39	182	98	104	
2	177	185	209	236	205	189	239	30	121	120	121	188	220	92	0	239	27	83	17	210	58	218	211	109	28	63	238	212	72	215	219	
173	115	233	231	228	11	239	152	82	232	119	238	211	93	223	43	94	204	53	255	201	244	237	136	102	201	229	164	109	187	82	241	
246	215	229	70	190	3	150	252	25	234	158	238	114	125	173	103	119	86	125	99	233	225	45	255	58	46	101	150	61	250	212	117	
75	160	164	144	141	244	188	143	219	119	134	147	136	174	94	238	165	71	251	149	150	73	255	241	31	94	223	255	150	84	157	94	
94	48	182	180	141	244	152	71	187	223	151	27	140	190	110	206	229	151	253	145	30	79	178	194	155	119	222	251	130	68	189	87	
70	28	190	212	237	252	120	3	171	223	159	49	140	254	103	122	231	119	255	145	54	79	178	194	159	254	95	187	128	100	37	87	
61	114	237	227	52	127	203	152	70	250	151	230	219	77	219	40	95	204	23	255	137	244	109	152	206	207	175	244	191	191	80	241	
253	151	109	235	188	23	91	185	69	125	189	246	219	125	154	97	95	148	191	255	251	34	105	149	254	251	231	220	127	143	244	113	
30	22	65	203	186	35	11	152	7	120	157	230	223	71	201	228	95	216	159	254	155	2	109	146	140	212	169	252	190	255	52	113	
196	205	201	158	236	96	238	164	216	18	185	154	236	104	93	194	251	67	106	235	112	39	206	227	60	62	207	25	197	123	249	4	
174	6	246	84	237	58	244	83	221	159	55	50	72	249	183	175	201	114	238	16	180	229	34	192	15	91	213	135	199	253	252	199	
138	216	52	255	45	125	152	190	159	94	148	53	238	95	62	79	207	19	255	3	230	77	123	245	195	251	218	147	22	12	13	95	
205	109	138	178	236	232	175	196	170	150	9	130	221	194	123	138	99	107	90	223	83	65	142	226	36	1	174	41	132	127	155	128	
186	84	116	93	47	91	149	110	221	126	148	51	170	28	183	175	203	112	254	1	236	101	119	187	195	219	80	179	87	124	92	223	
8	91	196	31	199	121	167	148	228	95	87	182	169	132	219	206	104	74	166	202	70	52	255	160	70	193	242	137	103	95	253	254	
58	18	164	125	3	247	16	18	87	109	214	55	42	28	167	108	204	60	181	16	140	208	115	144	195	251	240	131	187	77	124	95	
191	12	99	141	71	210	255	64	93	206	95	135	89	204	183	100	126	169	151	239	197	183	36	202	118	109	171	129	119	255	121	213	
43	182	234	219	118	243	251	82	95	79	93	183	24	222	182	104	255	187	151	149	150	190	44	211	94	31	186	227	149	204	117	215	
2	205	2	140	20	131	174	103	4	1	90	2	40	170	32	64	104	43	19	192	82	136	0	253	40	36	142	192	20	8	176	136	
2	140	2	157	20	162	42	103	60	1	90	18	44	162	32	64	99	43	19	128	112	152	0	255	44	38	154	192	20	64	161	136	
32	201	66	142	84	129	226	224	7	0	120	2	32	200	52	0	88	234	2	195	66	170	10	253	48	44	130	40	85	11	114	136	
130	140	18	157	22	162	40	103	60	3	90	18	172	162	32	64	103	43	19	128	50	156	1	223	4	38	154	128	148	64	33	137	
54	73	98	202	92	129	202	96	199	0	241	10	98	200	53	16	120	168	23	99	202	35	10	253	50	140	131	184	117	171	114	128	
57	0	106	225	70	18	105	80	97	96	246	2	27	9	182	100	126	140	21	172	137	178	37	200	86	233	162	128	39	168	112	96	
2	0	82	136	108	9	248	64	141	0	176	10	140	138	117	64	238	129	95	49	2	35	64	208	148	152	10	190	84	8	67	129	
137	129	119	73	164	152	237	55	109	81	118	82	185	8	148	228	74	10	22	13	215	184	101	213	38	121	50	192	95	140	249	237	
82	115	18	136	43	193	30	109	141	12	144	175	172	142	34	80	238	153	207	226	74	11	130	213	177	176	138	187	16	22	167	219	
38	201	9	158	76	129	134	236	134	16	217	74	96	200	56	65	88	200	27	227	66	35	10	181	48	32	143	184	21	59	240	128	
135	58	179	152	111	149	184	64	206	218	80	102	172	216	245	239	236	41	146	215	135	118	166	224	21	16	202	170	29	61	57	197	
59	196	96	204	28	19	204	249	87	226	212	135	97	236	191	101	93	228	23	237	236	3	45	159	114	111	239	188	55	188	112	124	
179	7	66	129	212	2	232	115	21	69	218	215	3	40	178	197	126	142	15	173	252	155	5	206	176	36	186	192	61	140	248	212	
22	76	234	254	30	144	222	248	145	66	212	131	105	239	189	97	126	243	21	231	232	131	46	239	178	239	207	136	55	247	48	92	
28	30	94	126	122	162	50	112	148	12	125	103	124	255	163	208	254	49	135	162	132	131	10	125	82	239	34	139	123	163	109	147	
41	28	114	89	83	183	251	218	87	9	116	86	40	211	39	236	127	56	146	152	163	188	56	255	71	95	18	67	251	133	105	175	
2	171	160	155	237	233	188	231	159	53	216	171	172	236	118	8	203	123	235	149	22	106	202	241	13	22	223	251	212	76	149	222	
126	175	194	190	217	135	47	248	23	7	213	215	105	231	58	93	125	255	167	199	186	91	235	255	253	54	223	173	183	253	182	248	
5	172	247	93	246	251	166	234	126	234	122	226	248	252	189	228	251	127	174	163	245	240	45	255	62	126	39	134	197	121	121	133	
17	77	111	197	214	143	239	247	116	224	126	2	115	161	181	100	122	236	26	168	225	185	53	206	119	175	167	0	101	250	112	168	
34	249	210	154	223	197	186	205	143	1	120	3	44	222	100	64	254	251	179	209	82	27	154	241	63	52	143	107	145	14	167	155	
56	109	74	236	213	198	110	103	53	128	238	2	59	187	32	80	120	171	2	136	104	187	16	111	243	239	134	1	99	248	228	138	
34	249	50	218	245	133	186	197	223	9	120	2	44	218	100	0	254	59	19	209	210	187	154	255	61	28	142	234	81	10	227	139	
18	77	2	158	149	194	230	103	149	0	202	2	40	250	48	64	248	187	131	129	72	155	16	239	177	228	158	3	17	10	188	138	
33	167	17	139	244	137	174	239	30	33	120	66	181	131	248	96	123	138	2	153	82	58	73	215	60	132	191	108	149	138	177	168	
0	177	155	177	244	173	168	215	62	41	120	114	148	186	88	0	255	27	87	25	147	58	194	211	77	20	63	236	204	8	195	161	
189	123	233	229	38	26	239	152	112	234	118	238	219	29	211	34	126	204	85	111	201	244	237	138	230	201	229	132	111	187	82	241	
91	169	164	144	173	245	156	207	235	125	156	27	140	190	94	206	161	199	249	149	150	75	174	241	155	95	223	255	134	68	159	78	
127	87	196	229	230	27	174	184	0	234	222	238	89	109	209	167	126	213	183	239	193	242	205	168	52	233	237	132	47	255	24	177	
66	24	188	222	173	236	184	10	143	95	146	57	172	254	103	91	199	115	255	17	134	79	242	227	151	50	90	187	144	109	37	87	
78	22	246	84	173	48	180	7	219	159	151	55	200	232	246	143	207	119	239	17	182	109	166	192	10	91	87	223	199	108	253	71	
214	28	180	252	175	117	144	10	159	95	148	59	174	190	103	111	199	115	253	1	188	103	243	241	211	115	90	187	150	125	29	87	
253	149	109	235	236	59	91	184	85	112	191	254	219	125	158	113	95	212	63	254	185	50	109	156	222	251	225	212	255	171	112	113	
194	212	188	188	45	109	184	190	159	127	146	53	238	254	110	75	231	83	255	1	166	69	251	241	147	218	90	191	20	73	5	95	
207	127	162	131	235	117	55	214	197	79	223	183	56	149	227	238	237	90	159	86	247	23	235	162	119	113	182	171	170	223	188	255	
11	31	107	197	52	255	187	178	13	236	94	231	253	61	179	96	150	127	151	127	133	152	53	252	110	93	171	192	14	143	21	249	
203	200	226	192	79	208	254	198	239	117	150	18	8	137	246	230	111	196	251	218	246	47	183	243	30	120	150	207	7	156	248	108	
122	159	242	252	109	244	89	214	139	93	220	47	46	191	118	246	238	251	191	129	142	11	178	241	211	125	154	187	151	220	60	95	
63	223	120	233	180	223	127	177	13	108	254	166	219	95	150	244	254	253	159	238	217	176	109	220	255	249	175	198	63	175	212	245	
2	114	248	135	50	131	188	21	14	232	83	231	149	14	131	72	94	61	151	129	193	144	69	216	100	22	190	130	60	154	133	217	
74	218	178	252	109	245	253	247	143	95	156	63	172	190	118	110	239	179	255	129	215	43	178	241	215	125	222	187	22	220	173	95	
2	140	18	157	22	170	40	103	60	3	90	18	172	34	32	64	103	47	2	128	48	156	1	207	12	54	154	192	132	64	33	9	
57	0	106	196	68	18	233	88	65	64	247	2	91	9	183	228	120	140	22	168	137	178	37	140	82	233	162	132	103	174	112	224	
9	193	113	89	164	152	237	55	109	89	118	82	187	8	182	229	110	42	6	8	215	184	101	213	38	249	50	192	119	136	201	173	
182	204	105	156	92	129	206	232	214	2	152	74	114	232	57	64	89	224	31	227	232	35	10	159	176	6	175	188	21	122	112	128	
139	199	98	145	244	152	237	55	100	69	94	215	153	8	178	196	106	130	31	141	245	184	101	199	102	109	186	192	46	140	249	220	
50	147	83	172	82	66	29	119	37	69	242	247	9	38	162	85	126	157	135	161	221	155	37	204	176	226	250	197	45	164	164	213	
3	241	34	89	109	217	180	197	206	84	116	134	168	204	254	165	234	9	130	69	199	60	182	241	7	24	142	111	87	28	253	220	
46	171	199	218	123	211	186	232	143	25	252	170	104	206	228	252	238	249	163	208	22	91	238	249	30	22	207	235	211	6	47	173	
19	150	243	77	118	26	168	123	126	138	122	226	105	236	181	228	127	29	166	169	165	184	37	223	30	110	63	134	103	232	97	173	
56	77	110	124	85	199	103	103	229	140	238	2	115	185	33	112	104	238	2	136	104	187	32	46	115	239	164	1	99	122	244	170	
25	13	126	229	84	215	239	119	228	128	254	2	121	187	48	96	120	166	58	136	72	185	53	238	115	175	134	0	99	202	241	170	
24	13	110	254	85	198	110	103	245	140	254	2	59	187	32	80	248	174	134	136	72	187	16	239	243	239	150	1	99	66	228	138	
18	143	2	190	85	194	246	103	181	9	202	3	40	250	32	192	248	171	139	129	122	155	0	255	177	244	154	11	17	10	252	138	
33	167	82	169	244	139	170	239	94	33	121	66	181	128	184	128	123	43	2	153	18	186	72	215	60	4	191	100	157	138	241	168	
33	167	19	145	244	173	168	87	62	41	121	106	149	200	240	160	255	43	22	25	19	58	72	215	108	156	191	236	221	10	131	161	
106	179	170	144	253	241	156	199	171	125	156	59	140	188	126	158	233	147	255	145	30	75	162	241	27	85	159	255	134	68	191	95	
63	127	193	197	166	27	238	189	1	232	94	230	217	47	147	166	126	204	54	238	205	144	237	136	166	233	237	132	47	254	26	157	
66	24	189	220	236	236	185	11	171	91	56	121	188	190	101	90	231	119	127	17	147	75	210	241	221	54	122	170	144	105	133	51	
30	119	242	133	246	50	254	249	77	238	92	231	77	234	255	132	119	77	134	238	196	48	173	234	62	77	39	173	55	247	173	213	
143	255	226	75	226	249	54	212	29	79	95	247	104	252	239	228	127	123	151	215	214	144	172	226	62	12	165	131	167	255	188	247	
251	236	98	216	221	245	216	103	217	215	132	26	10	140	118	237	233	162	158	145	254	111	182	198	59	91	222	123	7	76	252	94	
155	155	127	229	53	94	255	176	13	236	118	230	219	31	183	229	254	245	159	239	249	184	45	252	231	249	171	134	63	175	77	125	
74	212	241	254	109	253	220	95	139	93	156	63	172	190	254	102	239	155	255	1	151	43	242	209	243	253	186	251	151	204	181	95	
185	129	108	89	164	152	232	55	109	81	126	18	171	8	150	100	106	138	22	9	222	184	101	213	38	249	178	64	103	140	240	236	
177	70	11	172	92	3	207	126	150	130	216	66	113	227	177	65	88	236	2	169	105	39	2	31	240	167	175	60	61	248	48	168	
34	171	130	216	121	209	186	224	143	13	120	163	40	206	102	196	220	57	163	209	6	155	130	241	31	20	139	235	19	14	47	140	
25	158	99	77	22	146	234	115	116	164	122	230	41	172	180	228	127	189	166	173	129	184	37	206	60	238	163	128	101	136	97	189	
11	48	66	141	103	155	233	66	175	132	94	167	12	139	182	196	122	173	179	157	132	155	6	221	22	60	138	134	63	142	121	223	
24	141	106	238	21	214	231	103	228	12	254	2	121	251	52	96	120	182	46	136	88	185	32	239	243	175	162	1	99	138	244	42	
56	143	22	238	213	194	114	103	165	9	250	3	105	251	36	192	248	187	135	128	90	187	0	237	243	247	130	67	51	10	236	138	
18	143	19	172	213	130	230	103	149	1	216	67	108	234	32	192	248	171	131	161	94	155	2	253	177	246	138	75	25	14	180	138	
32	143	10	137	212	227	163	111	86	37	121	6	128	194	32	192	121	42	2	152	19	186	92	223	60	4	138	101	217	10	249	136	
98	185	186	176	255	245	88	71	139	221	156	171	12	188	86	26	239	187	255	17	22	75	178	208	191	84	158	251	135	76	183	95	
67	184	147	248	236	172	185	91	186	27	120	104	188	183	96	218	231	59	63	17	147	90	146	241	93	62	126	234	152	73	163	187	
66	57	186	184	239	252	152	71	139	215	156	187	172	188	118	74	239	179	251	145	22	107	178	192	159	54	94	251	212	76	165	95	
14	255	226	206	242	178	190	246	61	194	92	231	104	236	255	228	127	251	151	247	212	146	172	238	62	14	175	239	183	255	189	213	
194	188	189	252	236	228	184	222	155	91	176	125	188	190	100	107	207	51	95	145	178	79	210	243	157	250	122	250	28	8	167	159	
