Ê¥ÂÞÀ¼ÌðÎÇ´½¼ÕËª	#17 ÎÂÅ¯ÂãÉ«	http://www.yslbeautycn.com/on/demandware.static/-/Sites-ysl-master-catalog/default/dw8a7470ec/Makeup_Pro_img/00020YSL/L9383500U_2.png	//www.yslbeautycn.com/dw/image/v2/AARM_PRD/on/demandware.static/-/Sites-ysl-master-catalog/default/dw23f11cf3/Makeup_Pro_img/00020YSL/L9383500U_1.jpg?sw=336&sh=444&sm=fit
86	16	179	160	1	231	56	67	175	51	131	17	204	150	104	236	245	145	187	177	18	17	19	210	153	214	155	70	144	6	165	50	
243	102	249	237	100	44	109	23	121	99	117	94	25	11	213	123	102	205	21	142	241	150	164	194	86	249	178	160	45	209	210	161	
41	93	122	253	116	214	253	182	112	206	126	2	25	61	183	112	108	62	23	200	225	184	48	174	103	239	182	129	103	240	116	251	
203	88	45	177	108	220	185	23	140	85	22	159	189	29	82	107	198	57	255	5	133	236	242	129	199	241	250	184	4	140	21	249	
55	85	111	205	100	54	239	112	84	202	255	198	81	124	183	97	124	228	22	239	237	178	117	76	118	42	227	132	61	251	112	245	
146	193	102	254	52	128	236	55	141	0	210	2	41	203	60	64	110	163	23	193	218	136	2	221	178	248	154	200	55	136	240	8	
2	193	52	154	252	129	188	239	143	9	80	2	172	220	60	0	206	19	23	193	210	43	2	221	36	24	158	218	20	8	177	137	
185	84	123	237	20	46	207	88	84	2	245	2	83	25	61	105	120	157	21	235	169	182	113	142	227	237	162	0	127	251	114	160	
11	147	106	225	181	214	185	119	69	77	94	167	25	29	182	100	238	18	151	189	221	184	53	220	111	89	170	199	63	140	244	247	
170	46	226	158	87	241	176	70	31	71	68	147	40	204	55	204	123	187	131	149	38	190	6	239	23	87	154	11	183	77	60	222	
7	144	51	218	233	213	184	212	159	89	81	118	172	222	108	236	205	27	179	145	147	31	186	241	13	16	154	234	154	13	161	247	
131	157	66	195	246	147	174	247	93	75	90	118	172	8	188	164	63	11	22	173	247	188	13	255	46	28	170	194	29	140	185	157	
11	159	43	131	183	215	187	119	12	109	95	231	152	28	182	164	47	3	151	157	151	152	53	245	111	69	170	192	31	142	189	253	
2	156	16	155	191	167	58	239	30	11	88	50	236	242	32	64	255	123	19	128	50	158	75	255	45	54	159	202	16	8	161	139	
162	156	0	155	95	231	186	206	30	35	88	179	172	252	48	64	223	59	147	145	34	190	82	255	45	22	158	235	149	12	149	155	
43	219	251	252	125	212	90	116	207	73	244	103	44	223	182	116	254	187	151	213	206	171	34	239	123	125	190	171	23	156	100	223	
2	205	2	159	148	130	46	231	22	2	90	2	104	226	33	64	121	107	51	128	34	154	0	255	40	38	158	136	20	89	161	136	
34	217	179	248	125	213	220	255	143	93	144	111	44	253	118	96	238	187	151	129	198	43	58	241	187	92	158	251	31	12	181	95	
111	80	114	90	127	176	218	64	203	68	245	14	104	216	183	236	254	160	150	214	142	39	62	249	18	125	130	27	87	143	120	199	
146	193	102	254	54	128	236	117	141	0	210	2	41	203	60	64	110	163	23	193	218	136	2	221	178	248	154	200	55	136	240	8	
34	193	116	154	252	129	188	239	141	9	208	130	172	156	60	64	206	19	23	193	210	43	66	221	36	24	158	218	21	8	177	137	
27	133	106	255	146	144	109	119	100	64	222	130	57	47	178	96	102	163	31	140	209	153	37	237	242	233	186	128	39	132	225	104	
189	18	108	170	124	31	203	88	68	76	215	239	67	72	187	0	126	128	95	255	158	167	101	136	86	73	162	144	127	143	112	81	
136	217	56	189	45	220	189	7	206	93	84	5	189	158	114	226	198	59	191	5	199	12	242	209	231	249	58	11	30	12	173	219	
253	80	127	228	101	118	83	216	65	122	246	110	91	93	191	127	252	220	180	234	137	243	176	128	211	249	225	172	107	187	118	243	
2	205	6	158	156	131	174	231	148	0	218	2	96	234	32	65	121	106	10	226	98	185	10	255	40	38	143	192	21	42	176	136	
189	75	107	44	230	19	207	208	80	70	246	239	67	73	179	64	126	236	6	239	236	183	36	142	114	105	165	133	119	253	244	193	
41	93	99	77	116	86	237	118	84	206	126	70	49	53	177	37	72	236	22	236	233	186	117	142	101	239	226	128	103	248	116	248	
105	61	251	69	100	14	127	49	121	232	126	40	223	57	148	55	54	220	126	106	209	240	225	200	103	249	101	132	102	226	66	97	
134	82	208	153	114	144	184	88	62	29	83	247	141	10	238	204	119	25	167	149	134	148	7	211	12	16	186	198	189	133	45	149	
63	79	98	60	229	240	223	80	197	70	220	135	41	205	183	229	110	232	151	239	140	3	36	169	114	125	130	139	63	255	126	214	
182	242	125	200	207	115	145	200	31	119	85	191	76	221	109	205	255	25	131	49	179	119	122	208	19	82	91	111	247	15	165	243	
71	72	210	192	101	156	107	208	173	128	118	138	10	135	229	254	102	240	142	90	1	49	160	232	23	216	0	10	39	191	116	36	
223	95	206	164	34	54	62	112	52	206	210	231	73	238	179	67	126	229	63	231	237	149	37	202	178	103	235	128	45	247	57	85	
222	188	150	182	139	236	60	79	191	179	139	19	204	254	64	91	167	247	253	145	50	77	155	194	159	247	95	251	160	116	167	83	
56	141	110	222	156	146	239	244	196	0	254	2	113	233	180	96	120	230	63	234	200	187	47	255	114	175	167	128	55	250	240	40	
189	77	123	104	92	135	195	120	84	136	245	10	83	217	53	49	88	184	6	106	105	39	88	31	115	201	161	60	113	171	114	162	
139	93	103	141	36	22	237	54	93	202	90	198	57	44	181	228	126	36	54	173	233	184	117	206	36	62	234	128	79	252	112	253	
34	249	48	152	93	197	182	239	143	73	112	11	44	156	60	1	204	27	147	65	210	43	82	253	61	16	158	251	85	28	213	219	
26	73	98	252	22	130	124	119	165	0	246	2	41	139	181	80	110	235	23	201	200	155	4	237	242	233	190	128	39	176	224	136	
241	64	75	228	68	44	105	48	105	66	243	90	19	147	112	112	120	132	62	142	137	55	245	194	213	169	226	12	37	169	112	32	
187	250	106	220	127	212	219	84	131	76	244	167	40	157	182	228	238	185	151	193	207	47	178	247	115	121	136	171	63	156	252	255	
139	146	51	251	42	173	177	25	222	89	81	84	252	222	44	105	247	25	63	17	183	52	26	215	197	255	58	206	24	10	129	147	
34	188	32	155	253	201	186	239	30	97	120	191	172	252	112	0	217	59	179	17	50	254	90	247	45	22	159	235	213	12	213	218	
163	234	178	90	253	157	186	198	223	95	112	29	172	200	118	8	143	107	130	85	166	126	106	243	31	30	22	235	209	28	199	207	
33	204	123	95	116	207	239	246	125	77	118	64	49	21	180	52	106	122	2	72	227	184	53	127	103	190	48	64	67	153	198	233	
25	223	90	237	82	154	126	244	53	192	254	231	125	111	162	208	118	253	151	238	205	153	5	110	242	239	38	128	111	178	41	217	
83	77	111	206	28	146	239	244	228	192	222	2	121	234	180	100	112	231	63	239	217	139	172	239	240	46	175	128	37	178	177	108	
162	200	226	155	125	233	186	198	94	71	80	179	168	204	54	8	219	123	147	85	162	190	86	255	45	22	154	235	213	28	213	218	
10	153	48	216	75	213	189	103	159	29	85	19	172	158	102	141	173	59	179	129	86	14	58	241	75	81	94	235	18	12	173	223	
62	123	227	192	231	115	207	216	69	104	182	226	8	93	253	236	126	216	159	250	139	163	37	224	82	92	133	215	167	255	116	117	
32	141	2	158	212	131	166	239	150	0	90	2	96	232	48	64	89	106	2	83	114	187	10	191	40	6	135	64	85	10	176	136	
2	205	2	158	148	131	174	239	22	1	88	2	96	234	49	64	121	106	19	193	114	186	10	255	40	38	142	136	20	91	176	136	
33	41	115	69	116	139	235	81	121	200	122	72	59	1	149	52	62	44	6	104	129	184	36	76	6	188	32	0	111	160	98	173	
26	120	178	240	91	201	48	68	171	133	164	41	46	223	97	16	162	185	203	16	2	11	146	241	219	213	18	123	162	4	39	155	
160	201	2	158	92	129	142	230	150	0	80	2	32	200	48	64	72	106	19	195	66	170	2	191	32	4	138	40	21	24	48	136	
18	141	6	159	28	130	174	231	180	0	218	2	104	234	48	65	120	227	63	227	104	137	11	255	184	38	207	128	21	122	177	136	
90	189	91	236	155	192	23	111	173	4	232	163	44	223	32	80	242	187	207	224	74	11	50	221	243	229	10	59	51	2	167	122	
165	180	101	73	245	223	234	251	95	114	122	82	216	120	156	164	123	10	50	60	243	184	125	223	46	94	7	68	95	206	81	172	
3	50	177	219	108	173	185	22	95	89	85	116	188	142	220	109	199	43	55	29	147	88	242	241	12	24	250	232	158	141	129	245	
184	93	122	252	117	222	85	118	81	12	124	9	63	159	35	48	200	190	151	72	104	186	112	175	231	253	48	1	115	184	70	235	
139	2	125	251	108	137	105	17	141	93	85	245	253	67	184	105	206	35	63	14	131	4	106	245	198	249	250	200	22	139	209	225	
53	197	107	206	212	131	239	253	85	65	223	194	113	108	189	100	123	234	22	239	235	179	45	255	120	174	167	128	181	250	240	236	
215	79	230	172	34	50	110	80	180	198	211	231	73	238	183	203	118	229	191	239	236	151	44	202	240	102	235	132	45	247	49	85	
26	156	42	184	147	225	184	103	157	15	94	179	44	191	32	64	235	59	151	145	50	153	2	215	219	71	186	195	151	76	165	251	
9	218	185	251	32	173	57	150	223	123	116	116	188	247	40	104	199	59	63	12	179	28	123	243	199	255	122	162	154	217	129	177	
19	205	99	142	22	146	111	244	189	64	222	194	121	238	182	100	126	239	31	239	201	155	45	255	184	46	174	128	53	166	177	124	
139	219	62	188	77	148	253	119	141	95	228	85	173	143	34	195	204	35	139	204	247	15	50	241	231	249	90	9	26	28	173	222	
46	48	249	195	85	124	251	89	107	79	181	26	156	95	78	184	251	145	223	146	151	39	120	194	215	221	154	115	131	79	239	246	
3	151	107	129	242	70	175	55	44	109	95	247	221	54	178	100	118	29	151	173	209	152	37	223	44	45	170	196	12	132	165	245	
15	216	189	250	233	173	181	215	158	123	116	84	156	255	40	41	165	19	183	1	179	116	58	241	199	215	126	238	152	88	133	251	
11	151	105	207	182	214	191	61	12	76	95	230	253	55	186	96	86	26	151	237	209	152	37	221	102	109	174	192	62	142	177	249	
134	220	54	159	143	199	188	231	158	18	194	19	236	254	32	75	237	115	251	131	114	205	26	255	165	50	222	11	16	124	165	219	
37	97	225	69	252	27	239	157	91	234	246	74	211	76	221	36	90	204	119	127	233	246	237	154	110	30	165	180	87	251	82	229	
155	218	110	188	47	212	223	246	197	76	214	167	41	140	182	229	110	163	151	205	237	143	54	253	115	123	186	139	63	156	124	255	
174	242	200	129	100	57	184	204	91	191	53	191	8	8	223	9	191	137	134	55	166	118	141	208	94	91	85	167	207	221	95	214	
98	217	123	250	252	133	252	231	207	9	248	235	188	254	52	64	238	187	23	129	210	43	2	245	183	124	158	186	148	24	161	155	
186	5	97	200	119	250	248	87	93	73	116	178	8	29	180	172	110	145	151	169	185	186	36	212	23	120	154	195	247	140	252	183	
229	101	253	69	252	11	239	153	91	162	118	10	211	105	221	50	27	204	118	122	233	246	237	26	110	159	37	180	71	251	210	161	
15	15	202	141	178	18	46	180	116	192	94	231	249	98	179	228	126	238	22	238	245	152	37	238	108	47	174	128	174	182	57	93	
15	186	187	251	245	228	49	150	159	89	92	116	188	223	105	104	213	123	63	209	147	202	242	224	207	183	190	202	138	1	53	251	
139	91	237	191	44	128	141	151	22	254	20	230	177	47	211	106	78	127	55	221	235	92	101	168	100	59	254	160	158	244	16	121	
56	29	123	101	37	70	87	119	69	204	254	7	59	61	34	65	204	190	149	98	201	186	112	140	227	233	228	0	103	168	244	251	
155	219	111	252	99	212	63	118	133	76	214	167	57	159	178	229	110	249	191	207	237	143	54	237	243	105	250	137	63	148	61	253	
2	133	2	136	148	163	170	103	4	1	91	2	96	234	32	64	120	42	2	160	82	184	1	223	40	38	138	192	20	74	176	136	
52	96	233	225	84	71	65	88	87	175	113	75	83	27	253	24	88	136	23	56	8	182	65	10	87	206	161	4	245	187	116	226	
2	174	34	153	247	241	176	71	159	23	92	179	172	190	38	228	231	59	155	145	54	137	38	247	46	87	154	203	150	68	189	207	
3	91	67	141	52	130	168	19	92	200	90	231	176	156	180	224	126	45	55	205	131	152	5	79	36	44	170	128	13	136	113	125	
187	115	123	228	107	85	249	120	9	204	244	239	61	159	247	182	238	153	151	254	197	7	176	200	211	217	170	187	47	142	111	255	
3	50	81	219	108	185	184	22	143	89	81	244	172	142	220	237	198	43	54	157	151	88	230	241	12	24	186	232	158	141	137	189	
18	201	82	156	86	128	238	230	173	0	210	2	44	138	49	64	106	227	31	193	64	139	2	237	176	32	158	136	21	24	49	136	
90	192	114	232	31	214	88	96	173	44	182	3	12	30	38	212	238	149	159	225	76	163	16	221	147	241	138	151	55	6	44	7	
6	122	186	208	101	252	248	86	175	206	86	5	172	207	99	74	166	105	183	152	132	213	178	232	71	209	186	139	134	245	45	223	
2	51	114	137	100	169	233	87	141	13	89	247	188	139	180	0	238	43	23	1	146	56	130	209	68	16	186	232	20	136	245	251	
139	186	179	243	99	188	57	18	191	95	83	118	188	159	96	108	167	59	151	16	179	220	34	227	207	222	122	194	130	197	165	241	
194	235	130	158	90	128	186	103	154	5	216	227	172	203	224	192	102	59	171	193	86	11	130	243	60	36	158	203	20	4	185	137	
155	219	111	188	98	212	63	118	164	78	214	231	57	159	178	225	110	241	191	199	237	143	54	237	114	107	250	136	63	148	61	249	
90	180	254	176	171	249	93	238	187	247	156	185	143	191	74	19	167	223	253	145	62	75	186	245	251	211	127	255	166	212	167	91	
142	176	58	152	207	229	177	202	158	93	85	51	140	223	110	8	217	27	179	145	19	30	58	243	93	21	154	239	152	13	181	211	
49	137	105	232	156	199	71	127	70	168	154	74	19	17	176	96	88	180	30	105	89	59	65	28	249	140	165	116	53	138	208	40	
2	164	130	129	84	163	170	71	22	3	82	18	8	138	56	72	121	8	19	145	18	158	1	194	12	6	154	196	149	8	176	136	
123	16	107	200	100	86	121	80	97	69	246	6	27	30	183	124	106	136	150	156	139	146	53	192	211	253	146	129	39	132	118	252	
90	147	104	236	109	85	249	121	141	124	213	239	136	159	214	166	238	149	255	197	205	51	247	209	215	89	234	191	63	174	63	119	
58	49	98	136	61	209	154	73	141	132	217	43	46	222	47	132	250	185	159	241	14	163	2	204	146	212	138	155	23	14	61	199	
186	153	116	250	253	213	220	247	223	93	244	175	46	221	54	36	206	187	151	129	254	43	114	245	251	93	154	251	23	140	252	223	
2	77	2	159	214	130	174	227	190	0	90	131	44	238	48	64	127	107	19	215	114	154	2	255	60	38	158	128	21	28	177	152	
2	164	130	129	84	163	170	67	22	3	82	18	8	138	56	64	121	9	2	145	18	190	0	210	12	6	154	196	149	8	176	136	
38	114	224	147	102	153	184	216	30	255	81	255	140	140	255	141	143	9	151	21	135	84	206	208	12	16	187	238	156	159	27	213	
207	150	253	67	226	60	125	183	171	123	31	244	217	39	204	255	39	86	255	30	243	220	237	225	46	123	245	196	142	247	192	113	
181	72	251	228	36	86	89	216	65	226	244	10	19	157	119	58	252	220	21	238	201	182	176	128	211	233	193	36	97	251	118	226	
11	159	107	229	54	214	127	55	37	77	94	167	153	31	178	228	118	31	151	236	213	152	53	223	102	125	170	132	62	134	189	253	
130	159	102	157	247	147	188	231	159	15	94	183	44	168	182	197	231	43	151	133	246	153	6	223	62	38	190	195	31	12	185	159	
59	222	123	220	127	245	221	246	205	76	252	103	40	157	182	100	238	187	151	197	206	43	50	255	115	121	186	171	55	220	244	255	
191	15	226	222	215	86	222	241	209	196	92	135	41	236	183	229	110	234	150	239	253	171	38	170	114	125	196	139	191	174	124	221	
138	144	62	248	109	220	185	71	237	93	52	17	188	159	54	11	166	51	223	1	146	45	50	209	199	89	90	203	84	4	39	219	
34	14	234	154	222	178	152	67	141	133	220	163	32	232	167	76	104	187	131	145	30	139	6	238	22	55	154	139	149	207	60	143	
53	176	249	225	246	111	123	25	87	125	117	86	83	93	218	40	63	137	23	188	155	180	125	150	79	205	161	196	237	139	208	113	
2	141	2	159	214	130	174	230	22	2	90	147	236	238	48	64	127	123	51	133	114	155	10	255	60	38	158	200	21	92	177	152	
59	95	106	222	231	244	255	247	213	78	220	167	41	189	183	228	110	250	151	205	237	139	52	239	115	127	190	139	63	252	252	255	
99	85	97	204	93	23	134	236	200	192	184	74	104	216	181	164	88	224	18	107	225	35	116	223	48	28	139	62	95	62	113	172	
55	11	70	141	84	155	234	120	84	224	210	198	113	72	183	165	120	172	22	239	205	178	69	156	14	10	235	128	127	174	88	156	
9	205	67	131	117	214	230	244	68	64	94	70	121	16	184	228	120	14	146	110	197	184	53	175	54	109	166	64	127	158	249	172	
10	24	190	185	39	236	176	7	175	95	82	1	188	159	102	200	167	59	187	17	18	217	18	209	207	119	90	203	146	76	37	91	
11	159	43	131	242	199	191	183	28	109	94	231	188	38	182	96	54	27	151	149	211	152	53	247	44	5	170	196	28	134	133	249	
61	80	65	105	84	67	195	88	86	161	125	66	83	81	185	228	88	152	146	184	137	178	125	158	100	207	161	68	255	171	120	160	
185	193	114	76	85	82	70	125	65	64	255	6	75	24	190	244	120	140	134	234	205	186	37	141	50	253	128	3	111	190	248	204	
3	135	67	155	244	151	174	231	93	75	90	246	248	104	190	164	255	11	18	165	247	184	13	223	36	30	190	198	29	12	249	141	
27	159	42	130	183	213	191	245	69	77	94	167	57	220	178	164	62	59	151	221	215	152	60	247	107	93	174	195	63	142	189	255	
187	139	230	156	119	146	171	116	145	204	214	167	41	142	183	198	110	236	183	221	229	137	166	237	58	109	174	136	47	164	120	253	
56	65	106	236	84	19	107	120	117	0	247	2	91	73	176	112	122	172	23	234	200	179	37	158	242	239	161	132	119	170	112	160	
39	158	46	191	92	151	238	251	150	127	210	215	225	232	58	65	253	239	191	141	254	219	95	255	254	119	251	204	29	140	184	220	
183	95	103	12	246	18	206	177	117	192	210	231	121	104	181	231	126	228	21	239	237	154	37	238	50	104	228	128	47	182	120	93	
131	216	187	190	109	196	180	103	143	95	64	17	164	222	38	67	201	43	59	4	71	13	178	241	71	120	218	43	24	24	165	222	
18	24	190	146	27	224	177	67	141	133	202	179	140	158	38	72	227	51	187	145	22	137	50	214	217	22	154	67	144	1	37	86	
33	33	83	77	116	139	233	115	125	192	122	64	187	1	148	180	62	172	6	168	129	184	101	76	6	184	32	0	111	128	98	173	
26	112	114	248	91	193	48	70	175	5	176	169	44	223	100	16	170	185	207	208	2	43	130	221	147	213	26	123	115	4	39	219	
160	201	2	158	92	129	142	230	148	0	80	2	32	136	48	64	72	42	19	195	66	170	2	191	48	4	154	8	21	24	48	136	
135	56	125	73	236	95	252	83	205	122	52	116	153	30	245	47	238	17	22	56	245	116	52	192	6	88	107	230	92	168	73	245	
149	26	101	41	108	31	232	80	205	120	82	247	147	24	151	43	110	128	94	127	247	116	117	128	86	72	98	196	125	173	81	213	
2	133	2	137	148	163	170	111	4	1	91	2	104	234	56	64	120	42	19	177	18	184	1	223	40	36	138	192	20	10	176	136	
11	149	104	205	182	150	251	57	76	76	95	166	217	63	186	96	86	18	151	237	209	152	37	223	110	109	170	196	54	142	177	121	
2	120	187	222	109	196	189	87	173	94	64	21	188	223	118	74	196	43	59	140	199	79	178	193	71	56	218	10	16	88	37	218	
18	141	102	159	22	130	174	108	156	64	218	131	236	238	48	65	126	231	63	229	224	137	15	255	180	38	138	128	21	46	49	216	
38	113	179	218	239	213	185	221	139	93	21	111	156	222	109	175	207	25	151	83	147	67	186	208	29	80	47	238	158	31	151	247	
34	217	122	248	124	133	248	239	207	9	240	235	60	159	116	144	238	187	151	133	210	43	2	247	190	92	158	250	20	140	161	155	
18	73	114	188	22	128	124	103	173	0	210	130	45	142	53	64	110	251	31	193	200	139	2	237	176	232	158	136	37	176	33	9	
34	165	96	201	244	171	186	103	78	1	120	2	168	136	52	0	254	11	19	145	146	184	68	221	46	28	138	224	213	142	209	137	
162	252	224	155	245	233	188	199	30	99	88	187	172	220	80	0	223	59	147	17	50	252	82	247	45	22	158	227	212	28	149	218	
129	200	115	95	116	205	239	246	125	13	118	64	176	23	180	36	110	122	2	72	227	188	48	127	101	190	52	64	83	152	229	233	
90	149	91	236	155	193	31	111	165	4	248	171	45	255	32	80	122	187	143	160	88	11	0	223	243	229	142	187	119	2	167	122	
162	234	178	27	253	221	188	198	223	95	112	29	172	204	118	8	143	43	135	21	246	126	234	243	47	30	22	235	208	92	199	223	
51	195	46	173	204	151	172	127	134	44	210	199	161	136	50	64	108	175	191	197	220	155	71	221	246	97	174	136	61	156	184	220	
9	122	121	171	108	185	232	150	206	121	120	246	157	142	214	232	238	11	22	221	135	48	230	241	4	89	186	232	156	137	129	213	
27	77	67	175	18	18	110	116	37	192	250	199	125	239	177	240	126	237	31	238	205	147	36	239	242	239	170	128	47	182	34	89	
210	202	238	190	106	160	57	234	182	23	220	179	109	231	170	80	127	255	239	129	42	79	174	253	208	35	250	139	53	228	39	235	
165	188	117	91	245	223	226	248	127	225	115	82	216	84	148	165	121	76	2	120	179	252	125	255	47	30	7	70	223	143	82	164	
83	205	107	238	22	146	111	244	229	192	222	130	121	238	182	116	126	239	61	239	201	147	44	239	176	236	174	128	37	178	48	124	
162	220	226	155	253	237	184	198	30	67	80	179	172	220	48	0	223	59	147	145	162	188	82	247	45	22	158	235	149	92	149	219	
2	156	182	159	139	227	188	230	158	215	202	179	236	254	33	75	239	115	251	131	96	205	27	255	133	50	223	3	144	125	37	218	
53	197	233	203	220	35	207	248	86	64	253	66	83	105	189	100	121	204	22	238	251	178	109	191	124	174	167	204	245	251	240	228	
27	205	110	206	20	146	239	244	196	64	222	2	113	235	182	96	120	238	63	235	201	187	45	255	242	45	175	128	55	186	241	104	
141	146	187	187	46	164	57	220	158	91	85	86	220	223	40	104	215	25	23	1	179	148	26	211	197	255	58	206	152	137	161	177	
13	36	61	251	236	172	121	150	168	89	93	16	157	19	89	59	231	27	31	28	147	80	178	224	197	217	254	96	136	209	131	225	
2	141	2	159	148	129	174	238	22	1	88	2	96	234	56	64	89	106	51	193	114	186	75	255	44	38	158	200	20	90	176	136	
146	141	6	158	28	130	174	108	148	2	218	2	104	234	48	65	120	231	63	227	96	137	11	255	176	38	207	128	20	106	49	8	
98	180	210	242	251	205	116	254	187	187	188	24	46	251	76	16	191	223	247	16	50	90	154	247	63	222	23	126	194	80	195	139	
58	93	98	92	205	245	223	231	197	70	252	143	43	236	55	229	236	234	151	199	206	43	54	191	115	93	148	59	119	220	252	222	
241	64	107	228	68	44	101	81	112	2	247	26	147	19	80	121	104	140	46	142	121	182	240	194	213	169	242	40	33	249	240	160	
104	61	250	101	114	10	255	113	121	162	126	42	95	187	148	50	54	253	119	106	208	240	161	78	118	239	101	128	103	242	67	161	
28	201	122	239	22	223	123	248	100	4	108	2	127	71	43	64	122	248	3	234	74	161	56	125	227	205	3	9	115	179	108	178	
141	154	59	249	34	173	57	80	254	91	117	118	156	219	184	105	167	41	54	31	179	53	42	215	196	219	123	236	24	129	129	177	
189	77	121	108	116	79	199	122	84	168	244	10	51	89	49	49	88	168	6	106	105	182	112	30	115	201	33	56	115	185	66	162	
139	250	179	218	125	164	57	214	158	89	84	116	188	215	105	104	197	91	23	92	131	76	250	241	207	217	190	234	154	17	33	251	
50	216	122	252	118	132	216	118	205	8	248	227	61	223	52	96	238	185	151	193	194	175	2	253	178	248	138	138	85	156	113	173	
48	73	121	238	86	199	95	240	4	68	72	3	49	95	49	0	126	248	19	234	72	146	56	189	115	141	136	0	53	155	52	250	
198	28	150	158	139	230	180	166	190	147	194	18	236	254	33	75	231	119	251	130	32	197	155	235	149	54	95	11	144	113	165	27	
165	101	225	69	244	27	239	121	95	224	126	74	211	104	213	36	90	236	119	111	225	242	237	142	62	30	167	164	71	250	210	229	
9	208	185	251	228	173	57	151	255	89	116	84	188	215	168	104	135	59	62	28	147	60	58	241	199	255	118	226	154	216	129	249	
15	186	179	243	35	164	57	210	63	91	83	86	188	223	104	104	167	59	183	156	179	220	34	241	143	223	58	194	146	1	33	241	
3	150	80	139	50	178	186	26	60	65	91	247	205	6	170	196	119	11	151	181	183	152	5	223	12	38	186	196	188	135	41	149	
166	226	238	128	103	91	189	200	219	247	53	159	73	140	127	15	191	205	163	247	228	119	188	194	94	82	223	39	199	125	247	214	
147	77	231	149	52	22	236	54	84	202	210	214	17	44	183	111	126	228	63	173	237	222	117	202	50	42	238	128	45	252	112	92	
58	129	114	233	181	146	94	55	13	0	126	131	11	31	180	100	254	189	151	173	216	184	37	204	227	253	138	195	55	142	240	7	
2	159	3	147	242	237	186	247	30	109	91	231	172	46	182	128	167	27	151	149	151	152	13	247	44	20	190	226	156	78	157	221	
11	221	99	204	87	146	174	103	77	65	88	230	40	190	180	228	110	59	146	197	199	186	36	255	54	60	154	130	23	28	245	253	
215	76	231	133	164	38	239	178	116	234	210	215	209	46	181	239	127	197	63	255	233	212	181	206	52	42	239	132	173	245	49	117	
130	145	63	216	236	217	181	231	207	95	80	49	172	222	238	105	195	59	183	1	118	13	34	245	206	16	126	235	16	8	165	207	
221	67	68	174	174	19	78	248	199	244	157	207	67	97	251	199	126	196	124	239	205	3	207	184	178	105	237	188	63	255	248	68	
6	56	191	208	68	228	185	82	252	199	66	7	188	159	103	74	166	59	19	148	134	221	178	232	95	24	90	43	128	65	37	222	
128	80	158	241	4	207	121	23	62	49	70	22	151	27	2	73	232	189	127	144	41	220	81	212	197	219	250	80	8	8	24	58	
10	175	98	131	243	185	186	199	31	109	30	231	172	174	254	132	55	11	151	149	150	152	12	213	46	84	31	231	151	206	141	221	
187	15	103	69	54	18	110	51	117	192	82	230	121	104	181	231	126	228	28	236	237	152	37	142	42	104	167	128	47	164	112	93	
221	8	126	245	44	90	249	48	252	178	183	146	221	91	179	203	230	181	255	171	225	229	41	204	208	251	235	148	14	169	41	33	
234	97	232	190	79	89	151	204	203	118	149	171	104	204	127	10	202	219	227	195	70	103	238	241	87	113	219	59	85	95	85	222	
102	116	189	150	203	116	31	222	139	251	141	29	92	255	79	122	133	215	213	7	133	71	186	227	91	87	93	191	144	119	183	251	
155	90	110	188	47	212	221	246	133	78	212	167	41	158	179	229	110	179	159	205	237	143	54	253	243	123	250	139	63	156	60	127	
46	241	161	138	207	213	150	236	139	236	185	47	8	220	127	162	205	209	211	243	199	35	186	240	59	85	143	191	91	31	119	255	
10	162	226	154	115	241	184	198	31	85	92	179	40	174	246	140	255	139	147	149	22	26	46	243	30	86	154	235	151	12	61	222	
7	54	105	131	246	239	171	88	94	105	93	231	212	92	254	36	159	27	23	29	151	176	109	222	12	28	187	230	221	207	21	245	
6	183	40	138	246	177	158	205	31	101	29	191	140	236	254	0	191	139	151	181	182	11	12	215	190	85	155	255	149	79	157	215	
179	206	174	191	92	135	238	254	150	119	223	215	225	232	58	65	221	239	191	175	254	223	95	255	252	103	255	204	28	236	184	220	
182	112	170	190	13	212	159	72	151	87	193	27	228	222	111	11	216	249	155	195	62	71	186	227	211	80	218	59	17	123	180	214	
38	166	168	210	253	209	179	205	30	61	29	179	96	204	254	36	217	26	151	153	18	30	106	183	127	69	191	239	151	14	220	247	
39	135	74	139	212	182	234	101	76	5	91	199	64	232	190	192	252	42	131	181	150	186	69	204	46	36	174	192	157	206	248	204	
187	219	110	156	29	212	217	118	213	93	212	183	41	220	182	231	110	224	151	205	239	239	54	237	123	121	154	155	63	140	124	255	
189	149	120	225	180	111	217	29	95	113	53	26	159	31	90	41	31	145	23	185	186	38	121	214	205	217	171	116	247	138	213	98	
162	236	176	155	253	205	188	231	223	95	112	57	172	236	118	8	207	59	147	21	246	126	210	243	45	30	30	235	212	92	199	223	
25	77	67	238	18	18	111	112	37	192	250	199	123	239	179	240	126	229	95	238	205	147	37	238	242	237	167	128	47	183	98	120	
34	252	16	155	223	229	188	199	30	11	80	50	172	254	48	64	221	59	147	145	50	190	83	247	45	22	158	226	149	92	149	155	
123	77	106	206	28	146	207	244	229	128	222	2	113	235	181	96	120	238	63	235	200	171	44	253	242	173	171	136	55	186	112	40	
34	140	98	155	220	129	174	238	22	67	216	131	168	236	56	64	121	235	51	133	130	186	75	255	44	22	158	232	149	12	240	200	
18	141	6	158	28	130	174	236	148	2	218	2	104	234	48	65	120	231	63	227	104	155	11	255	176	38	203	128	20	122	49	8	
0	141	2	155	220	163	174	239	22	3	88	18	224	232	56	64	89	10	19	145	50	186	75	191	44	6	159	108	149	88	176	136	
24	45	250	101	242	26	255	113	121	160	126	2	125	235	145	48	62	253	119	106	192	240	164	78	118	239	39	128	103	242	227	161	
187	221	126	252	253	181	220	247	205	72	252	179	60	157	182	97	238	187	151	133	230	171	34	253	51	121	186	186	23	220	244	223	
98	188	210	210	203	205	248	254	187	187	124	26	12	255	76	16	191	255	247	144	50	91	154	243	63	158	31	111	195	0	231	155	
138	205	120	184	127	217	249	111	207	69	252	14	191	139	54	128	238	187	151	137	211	47	114	245	244	153	186	233	87	8	173	233	
82	188	178	182	143	192	56	207	191	213	218	179	140	254	106	90	231	247	255	145	58	91	154	226	189	246	223	203	132	68	165	90	
53	197	225	205	212	3	207	248	86	224	252	66	83	233	253	100	121	204	22	250	233	178	109	158	124	142	167	244	245	251	208	224	
33	33	67	77	116	187	232	91	109	64	122	70	185	8	180	164	122	168	22	173	149	184	101	205	6	44	162	128	111	142	121	132	
82	98	82	168	91	193	56	78	175	5	208	163	44	142	38	80	238	185	207	209	2	11	130	213	147	80	154	187	17	4	39	203	
32	200	2	158	92	129	134	230	148	0	80	2	32	136	49	64	72	42	2	195	66	174	2	191	32	38	154	8	21	24	48	136	
70	28	182	159	143	226	188	239	158	151	202	179	236	254	35	75	239	119	251	129	48	201	155	227	157	54	223	19	148	124	165	90	
133	253	119	83	221	255	166	236	126	233	123	82	248	216	156	172	121	106	242	91	247	252	127	255	46	94	87	70	207	223	217	164	
51	11	102	141	92	147	234	120	134	164	218	199	97	200	183	196	124	168	63	239	204	179	71	157	52	8	171	152	61	174	120	204	
2	133	2	137	148	163	170	107	4	1	91	2	72	106	40	64	120	42	19	160	18	152	1	223	40	36	138	192	148	10	176	128	
210	238	207	254	234	224	63	238	183	7	223	179	109	231	168	90	127	255	239	130	42	207	174	239	240	103	254	139	37	245	165	107	
224	132	121	232	100	13	121	127	1	17	188	26	151	19	56	117	105	146	31	44	90	46	66	215	215	248	144	108	50	136	208	170	
3	217	46	173	13	151	236	119	70	105	210	199	161	136	50	192	236	47	59	205	207	152	87	221	166	121	158	128	29	28	184	156	
58	135	91	236	186	195	31	103	5	4	248	171	47	175	160	80	126	187	151	160	88	139	36	221	242	229	174	155	53	2	166	123	
1	200	115	95	116	205	175	183	255	13	118	64	184	215	180	100	78	58	2	72	227	188	50	255	37	62	22	64	87	152	229	173	
2	133	98	137	148	163	170	99	68	1	90	2	136	40	48	64	120	10	19	177	146	184	65	221	44	4	138	196	213	74	241	128	
82	72	114	220	70	128	190	102	141	0	210	130	40	142	53	64	110	243	23	193	200	139	6	237	48	40	154	136	53	52	49	137	
2	133	96	201	244	179	170	99	78	1	88	130	136	12	52	0	122	11	19	145	146	184	101	221	44	28	138	192	213	14	241	128	
47	255	49	170	238	149	191	220	11	200	25	111	156	220	237	160	191	123	151	87	215	3	170	240	63	93	47	174	156	31	131	247	
19	72	98	158	70	144	222	102	133	64	210	135	40	142	55	64	110	243	159	199	204	139	38	237	50	40	138	136	53	189	113	220	
43	155	104	88	253	213	221	247	215	93	252	47	42	61	182	164	205	186	151	133	223	42	118	245	111	95	148	251	223	140	252	255	
7	163	106	131	212	181	234	221	15	141	93	199	200	200	254	4	127	139	147	157	150	146	13	213	46	29	143	199	133	134	249	197	
243	94	103	21	68	54	236	54	241	226	210	214	25	44	181	239	111	228	48	173	237	221	181	206	22	42	219	128	47	244	112	124	
22	177	234	130	210	225	187	64	46	197	73	131	124	222	110	0	254	187	147	211	22	147	186	224	91	4	138	235	165	3	39	210	
26	145	118	235	183	146	254	53	141	73	95	163	13	31	52	228	238	187	151	205	216	184	52	253	235	249	138	195	55	142	240	95	
27	159	43	139	183	215	191	253	140	77	94	231	253	94	186	228	54	19	159	237	215	137	60	253	235	109	174	196	31	142	189	249	
139	250	187	250	109	148	185	220	158	89	85	84	188	215	105	105	199	123	23	94	131	69	186	241	207	217	62	170	154	17	33	251	
233	73	107	76	76	78	197	115	80	202	244	10	51	29	53	97	72	228	18	236	105	47	112	10	115	169	228	24	115	184	114	234	
8	156	49	107	179	238	177	27	124	75	123	80	157	63	56	224	167	27	23	25	179	184	49	55	77	255	50	68	218	67	229	177	
34	135	73	186	89	241	170	74	30	69	73	131	97	238	62	224	220	43	147	133	6	26	110	61	5	5	186	169	149	78	60	220	
2	176	150	153	248	141	184	75	190	25	80	48	172	190	104	73	231	27	123	16	50	88	130	213	13	22	90	234	144	0	33	139	
56	4	102	108	28	2	66	120	69	160	255	10	83	105	177	81	120	228	78	106	232	179	5	140	242	235	161	16	103	186	114	0	
19	75	98	204	86	146	174	244	5	64	92	230	41	207	181	228	126	234	23	207	193	154	4	253	50	44	170	128	63	158	112	189	
206	241	185	250	111	197	183	253	138	121	29	94	220	223	104	35	165	91	183	67	211	99	186	241	251	217	111	254	26	26	165	243	
15	251	113	235	228	153	187	208	78	73	93	228	156	202	249	236	183	43	23	93	147	16	42	241	132	221	186	232	158	143	129	245	
187	50	121	227	37	116	217	80	9	78	181	247	159	31	158	167	238	145	223	167	141	7	113	192	211	217	170	147	15	143	63	247	
11	149	120	203	182	19	251	57	76	96	95	162	217	127	186	96	118	19	151	237	241	152	125	223	111	205	170	196	55	142	213	113	
155	221	102	239	55	150	127	181	165	88	214	167	61	31	182	103	230	119	157	231	228	153	53	253	227	249	238	131	54	148	181	127	
130	183	41	139	114	165	186	253	30	77	89	247	236	204	254	0	183	11	135	149	183	56	47	255	44	4	47	230	156	14	149	221	
15	115	185	202	235	53	191	220	139	250	157	111	92	223	221	171	237	217	247	247	195	67	170	241	95	89	239	174	31	119	167	243	
187	30	102	158	31	214	185	112	213	214	215	151	105	204	182	239	110	164	185	207	165	207	54	239	82	123	218	131	47	133	124	221	
10	152	182	184	9	244	184	71	175	31	68	17	172	158	34	201	165	59	187	145	18	205	18	209	135	83	90	75	146	4	173	203	
8	28	187	186	211	230	177	67	172	201	89	35	60	223	33	72	240	59	19	145	18	155	2	104	217	167	186	203	144	67	37	235	
129	192	187	251	164	141	57	157	223	89	117	84	188	211	248	104	135	11	62	28	195	124	186	241	239	249	54	110	154	152	129	233	
7	242	187	251	228	164	57	220	63	91	85	116	156	159	233	104	247	27	55	156	147	212	43	241	142	223	58	206	152	17	33	177	
11	151	41	138	245	213	187	253	86	77	92	231	248	124	190	164	61	27	151	253	215	184	61	255	111	77	175	236	159	134	189	253	
24	135	107	233	114	210	249	119	21	5	126	162	57	47	176	96	126	154	151	128	26	184	37	159	110	229	178	193	119	140	244	250	
146	88	122	222	71	199	191	80	148	68	196	2	48	215	37	108	124	120	19	202	64	151	50	249	83	41	138	11	55	57	53	250	
158	120	171	242	203	213	189	80	158	218	213	31	92	223	105	43	252	249	179	211	97	215	58	240	89	211	207	171	153	125	37	243	
16	30	179	190	19	165	177	86	158	15	73	119	44	255	33	72	245	59	131	145	2	137	26	59	209	166	26	11	176	66	37	251	
143	134	228	83	215	50	252	151	91	115	23	242	72	45	222	175	111	206	183	159	181	244	173	226	62	90	214	199	231	221	252	253	
127	205	100	142	141	114	79	236	131	230	141	143	67	228	255	214	121	198	253	238	124	3	191	186	250	109	197	189	55	255	252	84	
74	176	182	152	207	245	184	71	139	95	148	31	44	158	102	143	173	19	251	149	22	111	178	209	27	81	222	251	147	76	173	215	
138	73	126	252	61	217	249	118	205	84	244	22	189	203	55	195	238	179	159	201	227	239	50	253	244	249	250	153	87	156	45	233	
3	151	109	143	50	134	171	57	60	72	95	230	221	38	186	101	118	3	31	237	177	152	61	223	44	46	170	196	60	134	161	117	
155	91	239	252	191	212	221	246	221	94	212	183	41	191	183	103	238	243	159	197	253	207	54	237	115	123	254	147	23	188	116	255	
106	216	54	248	109	213	153	215	139	95	156	63	172	158	118	174	207	51	223	5	150	15	50	241	19	89	218	251	150	12	189	223	
207	22	182	247	45	62	56	22	189	255	151	48	204	191	170	111	231	85	255	3	180	197	163	194	199	251	90	151	130	117	45	71	
151	123	187	248	203	37	189	216	143	218	212	70	92	223	121	43	252	121	183	255	193	231	186	224	219	217	239	170	152	123	33	243	
26	149	85	206	147	218	22	173	141	17	111	18	238	119	40	229	102	19	153	32	115	169	25	253	187	243	6	83	114	6	173	58	
186	181	124	235	255	217	221	127	95	125	189	158	191	63	62	129	255	155	151	161	243	42	121	213	247	217	186	255	95	204	205	251	
30	148	113	235	183	195	147	233	22	85	25	179	221	95	232	96	223	27	147	179	114	5	47	183	233	199	175	239	183	14	181	243	
170	217	124	252	45	213	221	247	157	94	180	179	188	63	54	203	206	179	223	197	226	111	114	253	227	251	254	155	23	156	249	251	
62	208	161	174	75	37	146	200	6	23	201	135	93	254	105	72	221	217	131	195	18	2	90	177	209	165	139	44	145	123	53	242	
120	0	70	236	28	2	64	120	37	160	247	2	67	203	53	81	120	164	110	104	72	183	1	140	210	239	162	16	119	170	114	0	
2	48	20	153	109	197	184	67	142	25	80	51	140	158	96	72	206	57	187	145	18	94	82	209	5	16	26	234	144	8	37	147	
35	203	99	204	86	146	174	244	5	0	80	230	41	138	181	228	110	232	19	239	193	186	4	253	34	40	170	128	63	158	112	157	
57	0	106	236	4	18	105	80	69	64	247	2	83	9	177	96	122	140	31	234	201	179	37	140	210	233	162	128	103	171	112	160	
189	4	117	193	133	127	111	151	85	179	63	18	91	61	84	237	123	158	23	190	57	180	121	214	111	223	149	68	247	216	212	160	
186	92	38	254	45	212	153	114	157	222	148	55	172	188	55	235	205	241	253	135	236	239	50	239	211	123	218	155	23	44	61	127	
0	17	59	249	240	140	121	23	60	9	118	48	180	151	160	120	102	59	23	152	147	152	96	85	71	185	50	192	144	128	193	187	
56	81	122	236	87	221	86	84	237	0	244	10	62	221	33	48	184	185	151	96	72	163	48	157	243	253	0	59	115	26	102	139	
1	33	71	73	118	155	232	115	108	65	122	70	187	8	148	164	106	136	22	45	149	184	101	220	4	40	34	192	111	136	121	172	
82	98	18	136	91	193	56	76	175	4	192	163	44	142	38	80	238	185	207	209	2	11	130	213	145	48	154	187	16	4	39	203	
239	205	113	218	237	180	222	191	219	75	121	90	108	255	61	252	207	243	151	207	247	46	154	243	55	60	158	234	151	87	242	63	
86	112	191	210	202	68	191	220	138	222	177	14	88	254	109	42	189	209	115	226	193	103	186	224	91	10	207	174	193	115	39	243	
2	133	2	137	148	163	170	107	20	1	91	18	72	106	40	64	120	42	19	176	50	152	1	223	44	4	138	196	148	72	176	128	
50	14	98	174	30	227	26	96	133	132	217	171	97	206	183	196	126	185	143	227	12	131	12	223	176	68	171	185	53	175	60	93	
178	88	122	222	75	199	179	80	150	4	228	2	48	215	37	108	120	120	19	202	64	167	58	249	83	43	138	11	51	57	36	250	
239	222	228	90	249	180	95	183	91	91	124	244	104	255	190	253	215	243	183	158	183	94	110	243	47	62	212	203	159	245	234	253	
18	72	66	158	70	128	234	102	133	0	210	130	40	142	53	64	110	243	23	195	72	139	2	237	48	40	154	136	21	55	49	152	
130	165	96	201	246	163	186	67	94	33	89	18	140	40	52	32	127	11	19	145	178	184	69	223	44	28	138	192	213	76	241	132	
1	201	115	91	101	221	165	228	223	88	114	64	168	220	180	229	202	58	34	72	195	184	54	253	37	56	22	2	86	156	245	237	
58	149	91	236	210	195	95	111	5	5	248	163	15	63	160	80	126	187	151	160	88	139	36	221	242	229	170	219	119	130	166	250	
2	248	184	155	237	205	188	239	158	91	120	25	172	188	118	8	207	59	147	17	210	122	82	243	45	22	30	235	212	12	199	219	
3	217	46	173	13	149	236	119	78	105	214	199	164	136	50	64	232	42	59	205	207	152	87	181	164	121	158	128	28	28	248	158	
127	77	107	236	22	18	111	112	229	192	254	130	123	239	179	116	126	229	93	239	201	147	37	239	242	237	167	128	39	179	98	104	
214	239	238	190	154	162	63	254	182	15	218	247	105	231	51	66	127	255	239	199	122	207	171	255	240	103	255	137	181	245	165	88	
165	253	101	83	221	255	166	236	94	251	123	82	250	248	157	165	249	78	242	123	247	244	127	255	44	94	7	70	223	95	217	132	
2	220	152	155	244	141	188	199	30	25	88	34	164	190	112	64	207	59	51	145	18	184	66	245	45	22	158	234	149	88	145	155	
70	156	182	158	207	224	188	199	159	151	218	179	236	254	34	74	239	127	187	129	50	91	138	243	189	54	223	203	148	124	165	90	
56	205	106	204	20	147	239	246	197	0	222	2	121	235	180	96	120	238	31	234	200	187	36	253	242	237	163	128	55	186	112	40	
2	184	178	82	241	143	186	231	255	153	120	24	44	250	100	24	255	123	194	16	146	250	154	243	31	30	23	110	193	0	227	139	
82	141	6	156	13	135	174	239	148	2	202	2	96	234	32	64	120	238	42	226	104	171	27	255	177	38	203	8	20	42	176	8	
24	173	122	237	246	130	255	117	53	128	126	130	121	239	180	112	126	255	55	234	240	186	164	238	118	239	34	128	103	162	227	169	
32	141	0	155	220	131	174	239	22	33	88	2	224	232	56	64	89	42	51	145	18	186	75	191	60	22	159	108	149	74	176	136	
155	95	82	252	102	144	191	114	157	134	94	166	45	239	179	229	110	251	183	207	229	153	38	239	118	121	234	138	63	253	41	221	
7	115	187	235	228	4	123	220	15	89	93	100	157	223	249	104	247	25	55	222	131	144	171	241	78	221	63	228	158	147	161	241	
181	197	67	158	212	19	206	252	87	66	218	198	113	236	189	228	125	206	54	239	237	147	45	191	56	46	175	204	63	255	248	212	
117	196	185	243	133	108	79	159	123	147	175	16	223	123	93	58	249	199	61	154	121	100	249	226	235	255	215	84	192	115	194	34	
111	247	187	196	238	53	191	220	139	248	156	111	92	255	253	38	255	213	215	231	209	19	168	208	122	93	175	190	143	246	163	179	
15	82	187	250	166	166	57	216	94	75	85	86	220	215	169	104	247	121	23	158	131	149	58	242	219	223	59	198	154	179	161	243	
133	225	187	251	44	205	127	221	255	81	101	16	188	211	120	107	135	75	58	94	195	100	186	241	239	217	7	108	16	155	129	160	
171	211	108	91	125	221	217	61	87	93	149	63	251	92	254	37	206	26	151	85	255	42	127	149	111	89	176	243	95	140	220	255	
219	90	14	189	10	22	168	48	172	198	66	199	237	194	179	203	230	37	185	143	197	197	23	201	128	227	218	128	60	52	41	28	
78	52	182	212	171	116	184	131	191	63	158	51	204	254	111	111	167	87	255	145	54	69	179	194	159	114	95	223	130	101	45	87	
219	151	44	174	155	87	29	61	132	78	223	183	253	100	170	193	84	35	157	167	253	137	117	157	225	99	234	145	62	78	189	123	
219	217	118	254	45	212	92	189	133	88	150	167	253	127	190	231	230	19	189	231	252	9	63	253	227	249	238	131	54	150	181	127	
186	222	46	222	13	212	217	244	221	94	148	23	40	156	182	239	204	240	253	199	175	111	54	253	195	123	218	155	87	141	124	95	
190	255	121	226	178	121	150	204	137	254	153	235	78	125	205	1	183	83	213	115	118	99	40	226	250	197	45	191	229	127	135	83	
247	221	117	94	169	244	159	188	137	90	189	68	120	126	189	119	207	243	125	254	251	71	250	235	59	122	207	158	215	247	230	117	
14	242	225	163	98	3	187	216	30	127	81	247	221	76	218	8	191	89	151	247	147	84	15	247	76	6	171	236	156	175	33	209	
2	160	148	153	120	141	184	72	174	25	80	16	172	158	96	73	231	25	123	16	18	120	194	209	12	18	90	238	144	0	33	131	
58	151	117	235	181	86	222	189	13	93	255	199	203	95	188	229	254	147	159	255	251	168	121	221	235	249	174	193	63	142	244	87	
34	22	122	200	246	162	186	67	93	5	251	167	72	236	62	64	255	185	151	177	148	187	4	206	94	63	170	194	221	138	252	209	
231	253	57	224	255	133	159	251	139	250	188	78	94	253	125	49	151	211	213	119	241	99	186	255	251	95	77	254	88	249	131	243	
202	216	118	252	109	213	189	230	205	94	180	54	172	158	54	207	238	51	255	129	226	111	50	247	179	123	218	155	22	28	41	91	
127	125	47	228	207	4	159	121	129	218	156	79	120	253	117	35	236	241	255	227	201	99	178	200	115	89	239	186	79	126	176	243	
155	73	82	254	70	147	190	242	157	64	94	134	45	223	179	100	126	123	151	207	197	155	54	255	246	233	202	130	63	189	41	157	
255	157	231	222	217	119	95	252	19	238	205	191	104	247	191	245	125	230	183	254	253	210	62	191	123	79	197	255	187	255	252	118	
175	14	226	212	199	50	238	70	153	194	244	254	8	168	182	157	127	234	151	174	189	255	36	234	18	94	208	131	239	253	250	212	
43	158	113	248	245	244	249	23	137	93	60	183	189	31	182	172	239	179	151	157	151	42	50	247	71	89	186	235	159	196	255	255	
2	141	2	140	148	131	174	231	4	1	90	2	32	170	32	64	104	42	19	192	82	152	0	253	40	36	142	192	20	8	176	136	
155	94	114	223	71	150	186	114	157	198	86	135	45	238	183	109	126	121	183	199	228	159	54	234	55	122	202	131	55	245	37	221	
255	50	248	226	231	116	217	25	11	95	53	255	91	95	222	191	159	147	149	181	191	102	250	192	203	217	248	255	239	199	78	119	
43	70	230	92	199	178	252	71	217	211	124	183	8	172	183	175	235	235	179	148	180	251	38	192	22	122	212	139	223	252	248	220	
120	0	70	236	28	2	64	120	37	160	243	10	67	139	53	80	120	164	110	32	8	183	1	140	146	233	130	16	119	170	114	0	
61	0	106	228	4	18	105	88	69	64	247	2	91	9	187	96	122	140	31	234	201	179	37	140	210	233	162	132	103	171	112	160	
2	48	22	153	109	133	184	66	142	25	112	48	140	158	96	73	198	25	187	17	2	24	194	209	5	16	26	234	16	8	33	131	
5	123	187	248	236	5	111	216	207	200	124	68	157	211	249	104	246	105	54	94	195	33	186	208	194	153	47	168	156	251	33	241	
57	81	122	108	117	223	87	117	69	8	117	10	63	217	40	48	252	184	23	106	200	179	48	141	115	233	32	8	115	186	224	171	
129	1	87	73	246	155	232	119	108	65	122	70	155	8	148	228	106	10	22	13	213	184	101	212	6	40	50	192	127	136	249	172	
82	227	2	136	91	193	24	68	173	5	192	163	44	142	38	80	238	145	203	193	74	11	130	213	177	48	138	187	16	22	39	75	
141	237	61	251	205	205	111	184	238	82	44	8	191	211	120	99	137	74	90	90	211	100	186	241	237	217	199	108	80	123	209	160	
130	72	2	158	76	129	138	228	148	0	80	2	96	202	57	65	88	106	19	195	66	166	10	253	48	32	154	136	21	27	48	136	
54	7	98	172	22	163	202	104	21	36	217	239	99	236	182	196	124	168	143	165	172	131	4	158	144	100	170	153	53	175	60	84	
15	148	123	201	215	247	177	83	86	65	95	50	88	223	172	100	127	26	147	184	179	180	53	215	77	12	154	70	159	8	229	242	
68	229	217	227	174	104	119	204	234	31	61	48	222	243	201	106	227	82	78	114	18	97	170	98	254	213	39	239	224	115	199	163	
131	201	55	91	101	221	173	228	222	88	112	64	172	156	180	229	198	58	2	72	195	172	54	245	37	56	18	10	86	24	101	237	
56	149	83	232	211	227	83	107	5	65	125	162	121	127	40	112	126	187	151	160	89	186	48	159	251	231	128	67	127	134	164	178	
202	92	182	220	109	244	189	214	143	95	180	55	172	190	54	238	239	51	255	129	230	15	178	243	87	123	90	155	22	92	45	95	
43	201	8	169	76	133	252	119	4	97	214	199	181	136	50	64	200	10	59	205	207	154	87	181	230	121	158	232	28	12	216	222	
197	237	61	232	236	101	223	251	203	82	188	8	253	251	113	51	143	83	91	111	241	99	186	255	249	217	79	60	88	248	3	161	
150	175	202	191	154	162	63	253	54	143	223	247	233	231	43	80	127	255	239	166	250	219	235	255	252	231	175	205	181	247	165	240	
165	188	167	27	221	255	166	234	94	243	250	94	248	248	221	160	249	111	250	55	247	242	255	255	44	95	71	110	221	127	217	132	
181	77	99	223	212	139	239	253	86	226	254	66	115	233	181	100	121	236	22	234	233	176	109	190	124	174	167	132	119	250	208	224	
66	184	178	158	223	192	186	206	191	133	218	163	236	254	96	72	255	251	179	145	18	219	154	243	61	54	159	235	148	76	165	218	
2	185	50	218	245	133	186	198	255	137	120	2	44	222	100	0	255	123	19	209	146	186	26	245	31	28	23	106	193	10	227	139	
107	119	187	228	239	4	157	127	137	234	156	110	28	191	245	34	252	215	119	173	193	43	178	200	127	93	239	174	15	126	179	251	
214	229	249	228	254	67	223	237	27	186	189	58	92	127	205	50	179	85	93	49	98	71	168	202	254	223	47	191	164	114	135	35	
24	173	122	252	214	130	254	246	53	128	254	2	121	235	176	64	126	239	23	234	248	155	16	238	119	239	166	0	103	176	227	136	
50	141	2	156	157	199	142	231	182	0	202	2	96	234	32	64	120	238	59	192	88	155	18	255	177	166	139	9	16	56	176	138	
2	233	153	139	244	141	175	207	30	9	90	66	180	190	48	64	255	59	19	145	83	184	67	247	45	4	190	224	148	10	177	169	
2	249	185	153	252	205	189	207	30	57	88	89	180	254	124	0	207	27	19	17	210	56	82	247	45	28	62	234	212	72	151	219	
119	83	225	135	238	2	239	248	64	234	155	238	81	108	221	35	126	204	119	239	205	242	237	200	52	40	239	164	45	251	114	245	
255	157	165	94	185	119	95	191	151	251	157	120	250	124	157	231	213	87	253	126	251	65	123	191	171	223	205	254	150	255	148	117	
111	189	228	94	239	181	126	190	159	211	92	178	104	253	254	255	87	122	179	94	183	88	238	243	47	94	213	235	150	253	216	255	
13	72	154	250	165	189	123	148	247	31	119	16	237	195	251	236	115	106	166	94	54	224	42	162	195	223	82	73	194	223	237	228	
70	52	182	144	233	244	56	3	191	223	31	17	140	190	103	75	231	55	255	145	54	77	178	194	159	54	95	239	130	100	165	87	
159	115	225	163	230	3	239	216	18	248	145	231	89	78	217	175	127	205	23	255	201	86	237	232	124	72	239	164	175	183	51	241	
22	247	125	166	234	3	158	252	11	186	153	239	93	127	205	131	63	209	215	99	224	99	15	252	184	1	111	190	117	251	135	145	
79	132	228	89	207	116	188	143	255	119	158	19	8	172	126	239	233	71	251	149	182	109	167	210	15	122	222	199	151	68	252	206	
166	205	124	194	254	41	255	236	139	58	57	42	124	123	237	3	183	83	95	98	114	65	10	255	124	10	109	190	180	251	129	163	
199	253	159	162	254	37	158	220	138	250	153	239	124	255	253	19	183	83	95	127	243	71	138	106	120	24	47	188	140	243	179	161	
238	204	240	210	247	185	126	175	95	19	120	218	104	121	124	253	35	211	151	26	54	126	78	247	62	30	213	239	183	221	216	15	
189	151	109	235	180	55	91	185	69	105	255	246	91	125	154	96	127	148	159	254	191	162	109	158	254	237	167	212	255	239	244	113	
31	242	197	171	58	51	42	152	7	123	25	231	221	71	217	236	55	89	159	255	131	20	109	243	140	78	171	228	191	191	33	241	
197	205	243	254	236	160	239	164	200	18	185	82	252	250	125	171	223	99	122	239	243	103	142	227	48	24	207	120	196	243	225	40	
250	28	166	220	45	244	144	2	221	94	148	55	170	220	55	239	205	49	253	3	174	103	114	243	195	123	218	155	215	77	125	87	
157	96	147	178	175	149	175	220	222	185	21	66	93	211	249	239	183	89	183	123	131	85	170	240	249	201	47	236	158	63	169	161	
138	208	52	255	45	93	189	191	159	95	148	55	172	63	62	79	207	19	255	5	230	109	115	253	199	219	218	147	22	12	141	223	
238	50	240	226	239	120	217	25	11	127	181	191	78	61	222	191	151	21	253	53	191	103	172	192	90	89	121	255	238	230	15	119	
6	142	166	159	207	225	188	239	158	87	208	183	236	236	62	9	255	107	235	133	54	239	75	255	13	22	223	203	213	92	181	206	
246	149	253	94	190	11	151	237	95	234	155	250	114	124	157	49	55	215	125	99	248	195	173	191	186	46	109	150	165	250	212	119	
2	48	20	153	109	141	184	64	142	25	80	48	140	158	96	73	198	25	187	17	2	24	194	209	5	16	26	234	16	8	33	131	
61	0	106	236	4	18	75	88	69	192	247	2	91	9	185	96	122	140	23	170	136	179	37	140	210	233	162	132	103	170	112	32	
74	216	178	220	109	244	188	215	143	95	180	63	172	190	118	110	239	51	255	129	134	11	178	209	87	127	218	187	150	92	165	223	
136	216	58	248	99	197	61	247	191	25	116	16	60	151	32	80	231	27	147	216	194	141	50	247	67	221	62	235	18	144	165	187	
137	1	107	73	228	155	232	119	108	65	126	86	155	8	148	228	106	138	22	13	215	184	101	197	36	41	50	192	127	140	249	140	
18	115	2	136	11	193	152	69	173	12	208	167	172	134	35	80	238	145	207	197	74	3	130	209	177	48	138	187	16	22	165	91	
38	201	8	158	76	129	134	236	134	16	209	2	96	200	56	64	88	202	19	227	66	39	10	181	48	32	138	184	85	27	48	136	
10	135	99	233	244	243	249	115	7	45	94	179	9	47	188	68	121	26	147	152	146	184	37	215	110	77	186	197	183	204	244	241	
193	172	57	252	125	109	239	234	219	250	188	24	253	243	113	35	153	66	90	44	161	107	186	223	255	223	71	60	88	104	67	170	
50	7	67	140	22	35	72	123	21	4	219	231	67	46	190	192	124	172	135	173	188	147	4	222	144	36	170	209	53	174	124	212	
0	218	126	94	116	205	179	212	255	12	116	96	60	209	167	100	230	120	6	74	162	173	34	127	66	62	50	138	82	145	101	171	
56	149	83	107	83	243	82	123	21	1	109	34	104	119	32	244	126	187	147	176	27	154	24	223	47	239	128	67	251	134	38	178	
2	170	164	155	205	225	188	239	158	87	208	171	172	236	118	8	203	123	235	149	22	106	203	247	13	22	223	251	213	92	149	222	
222	175	130	190	248	135	111	249	55	143	210	215	233	231	59	73	125	239	175	143	250	219	235	255	253	103	255	201	182	244	180	232	
133	189	151	87	253	251	166	234	254	234	90	114	250	248	189	165	251	127	254	51	245	241	63	255	62	95	103	7	205	123	217	132	
17	77	111	213	212	143	239	118	84	226	254	66	115	233	181	100	122	236	54	234	233	185	53	158	117	174	167	0	103	248	240	232	
107	164	179	236	252	36	207	127	9	234	93	78	29	187	244	36	223	111	23	173	209	58	176	206	126	220	175	172	158	234	179	177	
126	216	235	83	149	250	115	148	255	77	247	5	218	220	62	120	217	234	189	82	159	180	60	246	203	127	144	67	235	159	244	118	
24	205	122	253	86	198	255	119	117	128	254	2	57	171	48	64	122	174	19	136	120	187	52	206	115	239	166	0	103	184	224	170	
18	205	2	188	149	194	238	103	21	4	202	2	40	186	48	64	248	175	19	129	88	155	16	239	177	228	154	3	53	26	252	138	
32	173	17	187	244	129	174	239	30	1	120	66	181	130	184	64	123	171	18	153	83	154	65	255	60	4	190	232	29	8	241	168	
33	167	17	171	244	141	174	223	30	41	88	66	181	163	248	64	127	11	19	153	19	184	65	247	44	132	190	232	220	138	177	169	
0	181	185	185	244	141	173	255	62	41	120	88	188	190	124	0	255	27	19	17	147	56	210	243	45	28	62	236	220	8	195	185	
140	221	253	251	173	120	103	148	230	94	125	38	251	245	219	110	73	74	174	74	211	116	254	161	230	193	103	137	250	223	204	247	
75	172	228	91	207	177	188	135	223	119	28	154	168	254	214	174	167	99	251	149	150	73	238	241	47	94	223	235	151	84	217	207	
194	156	188	253	45	125	184	10	159	95	148	55	172	254	102	75	199	115	255	1	166	77	243	243	135	114	90	187	144	109	5	95	
191	119	65	165	230	19	238	248	16	232	154	238	89	111	217	167	126	196	87	239	233	210	237	200	180	73	239	180	47	255	122	245	
174	158	214	210	231	51	228	231	95	187	122	255	8	40	228	157	239	203	166	144	183	254	15	226	62	94	212	199	207	93	232	157	
74	175	164	145	205	240	188	207	251	127	156	19	136	172	94	206	233	71	251	149	150	107	174	241	31	118	222	255	151	68	189	206	
70	52	191	158	233	228	185	3	191	223	27	49	188	254	102	75	197	63	127	17	22	75	146	192	77	54	95	235	128	64	165	215	
28	243	220	174	234	17	63	252	11	190	125	230	77	227	235	79	55	89	166	106	196	81	175	240	254	195	111	175	55	255	141	193	
205	237	203	178	237	240	239	252	250	210	157	30	253	226	123	163	59	99	90	255	115	103	190	235	236	13	175	124	142	247	251	232	
221	151	109	237	166	86	255	185	117	110	95	230	89	127	158	97	118	212	53	238	249	144	109	207	102	239	227	132	63	247	244	113	
66	180	190	144	205	244	188	199	171	95	156	27	140	190	110	14	229	159	251	145	22	75	178	193	159	82	222	255	130	68	191	95	
247	173	253	126	252	34	94	173	91	178	153	120	114	254	157	113	215	215	125	179	253	67	255	255	184	62	237	254	148	242	210	37	
5	101	227	236	228	37	239	127	79	192	120	196	189	227	249	36	95	106	22	46	211	50	190	218	46	156	135	44	222	250	225	176	
106	154	178	252	109	244	157	199	139	95	156	63	172	190	118	206	239	179	255	133	134	107	178	241	23	127	218	187	151	92	189	95	
130	59	208	183	34	139	188	53	30	234	83	247	173	15	192	128	54	127	183	7	229	220	205	234	164	82	191	162	44	174	153	153	
29	95	111	231	182	255	255	20	117	236	94	230	249	45	151	32	62	251	151	255	161	176	37	238	110	207	167	128	239	255	84	249	
234	25	226	220	239	244	152	71	139	77	156	191	46	188	119	238	238	243	191	145	158	75	178	225	19	117	218	187	151	76	61	95	
7	254	221	161	178	11	62	151	30	234	82	231	221	6	195	192	119	125	31	148	229	220	77	218	172	134	47	196	172	178	9	21	
106	152	182	220	79	245	152	198	143	95	156	15	44	188	118	238	239	179	255	129	134	107	178	241	19	119	218	187	215	92	125	95	
42	235	98	170	125	209	250	196	143	76	220	175	40	206	119	64	254	233	183	199	206	59	238	241	63	92	143	171	55	30	126	206	
2	150	146	153	51	229	184	66	62	11	82	51	172	158	32	72	231	59	147	145	50	156	18	215	13	54	26	195	148	4	37	211	
35	75	67	140	20	144	238	244	69	64	80	198	40	8	183	228	76	96	18	207	197	168	36	253	32	40	138	128	31	157	120	220	
137	129	106	73	182	153	236	55	109	81	126	86	155	8	150	228	106	138	22	13	215	184	101	213	102	105	178	192	127	140	249	204	
114	219	2	136	123	197	30	101	141	12	144	175	44	142	38	80	236	145	223	195	74	3	64	213	177	16	138	187	16	22	167	219	
182	205	73	158	204	129	206	236	150	18	216	74	98	232	57	64	89	226	31	227	106	39	10	191	176	6	175	188	21	122	112	128	
187	135	106	129	212	18	233	119	68	69	222	215	17	8	178	193	106	134	31	189	253	186	101	198	188	45	186	196	45	140	248	212	
62	2	234	200	22	98	233	80	132	133	215	227	81	205	191	72	126	188	151	176	136	179	36	200	82	37	170	133	183	171	124	241	
58	23	87	172	82	98	24	121	5	64	251	231	73	255	168	209	126	189	135	160	157	147	4	140	146	227	234	195	63	166	44	215	
131	234	182	89	109	153	168	204	222	93	116	128	168	200	254	237	202	41	130	93	199	244	38	241	6	24	26	111	86	28	125	237	
46	171	199	222	203	209	188	236	191	157	240	235	104	231	172	221	127	251	163	208	82	91	234	253	31	50	223	235	147	182	166	252	
157	159	251	189	246	91	166	235	126	234	90	242	251	248	181	224	123	111	174	161	245	249	45	222	60	111	47	135	237	108	121	133	
17	77	107	197	148	207	239	119	116	192	254	2	115	169	180	100	120	166	58	168	225	185	53	206	117	175	134	0	101	250	240	168	
24	141	126	253	85	198	239	103	117	128	254	2	57	187	48	64	120	171	2	136	104	187	48	207	243	239	150	1	99	128	228	138	
50	141	18	190	85	195	118	103	181	12	202	3	42	242	32	192	248	186	131	128	106	187	0	255	177	246	158	3	16	10	188	138	
1	165	27	137	244	139	174	247	30	33	88	66	181	128	248	224	123	10	2	25	83	186	68	151	44	132	190	100	221	138	145	168	
1	163	19	185	244	141	169	215	62	41	120	66	189	147	248	32	255	59	18	25	19	56	66	215	108	148	63	236	220	8	131	169	
66	187	174	144	237	241	188	207	171	125	156	59	172	188	126	10	233	219	251	145	22	75	170	241	63	22	158	255	132	68	191	223	
127	215	220	229	254	19	191	255	16	174	254	238	73	111	155	134	63	215	255	239	224	179	173	142	126	239	175	180	103	254	143	209	
74	251	230	147	239	145	188	199	219	63	60	191	40	232	214	206	235	99	251	145	150	107	174	241	62	94	223	235	143	92	253	223	
239	255	193	150	213	244	239	255	123	223	125	94	248	119	219	189	125	226	150	190	243	122	250	239	61	30	223	238	143	127	250	253	
66	28	189	157	233	236	185	11	190	95	26	51	188	190	101	75	231	51	251	17	50	77	146	225	77	50	90	170	144	73	133	211	
30	91	251	106	182	74	119	220	47	76	127	227	95	221	239	120	119	209	191	115	194	161	47	240	126	103	37	199	247	255	197	113	
63	253	233	75	230	253	119	212	103	74	127	38	122	253	223	116	255	218	183	94	223	48	255	227	110	93	165	238	239	255	208	247	
235	236	226	88	95	144	250	202	219	115	244	155	40	136	254	230	239	202	179	158	230	127	190	243	30	92	148	111	87	141	120	204	
226	185	178	252	109	244	184	87	155	93	180	63	172	190	118	79	238	187	191	145	182	75	178	209	87	120	218	187	150	76	39	223	
0	47	249	239	238	107	55	49	78	168	121	226	181	51	192	32	178	63	38	2	80	56	237	120	228	140	39	162	52	234	133	169	
185	129	110	105	132	155	228	119	101	97	222	18	27	8	150	100	104	138	62	13	223	184	101	149	86	105	176	192	103	140	240	204	
48	196	73	188	92	3	207	233	150	34	144	74	115	232	57	65	89	224	27	225	104	35	10	31	240	142	239	60	21	56	112	168	
27	131	104	129	84	152	237	55	100	69	214	215	153	12	178	229	106	130	31	141	253	184	101	197	118	109	186	192	47	140	248	220	
51	147	107	140	82	82	29	119	37	69	246	231	25	38	170	116	126	157	151	164	217	155	37	204	208	227	250	128	45	164	166	245	
25	158	243	205	54	146	168	123	126	226	114	230	105	172	180	224	127	189	166	161	165	188	37	222	28	111	59	132	237	172	105	141	
56	13	62	124	85	131	119	103	229	140	238	0	115	249	32	80	200	182	238	0	72	171	0	47	115	239	36	17	115	106	244	170	
19	141	107	229	22	206	239	119	125	193	94	2	59	191	52	100	114	174	31	173	217	185	53	207	245	239	130	0	39	202	241	108	
24	13	106	239	21	198	231	103	244	140	254	2	113	187	48	96	120	166	62	136	88	185	49	239	115	175	162	1	99	202	244	42	
24	141	22	254	213	198	118	103	165	9	250	3	105	251	36	64	248	187	135	128	88	187	0	239	243	247	146	3	51	10	236	138	
18	135	19	190	213	130	230	103	189	9	218	3	44	234	36	192	248	171	135	129	94	155	0	255	177	246	138	67	17	14	180	138	
33	173	10	137	212	131	163	103	22	37	88	130	177	128	48	128	120	42	2	156	83	186	69	223	44	4	138	100	117	10	185	136	
9	167	147	241	244	173	168	87	62	9	120	96	157	243	224	176	255	59	22	24	147	184	194	211	108	157	62	232	136	202	163	169	
98	251	170	144	255	209	186	207	203	125	156	175	172	172	118	2	239	219	251	213	214	107	174	241	62	21	159	255	149	12	191	223	
66	184	147	187	235	236	185	87	190	91	91	80	188	183	96	72	231	59	59	17	19	88	146	243	77	182	126	234	152	64	165	179	
234	236	100	24	205	245	212	79	219	95	180	27	40	220	118	159	201	179	255	149	254	111	178	215	27	91	220	251	215	12	254	94	
194	183	189	186	236	229	184	71	155	91	144	127	188	158	116	75	207	27	95	17	179	79	210	241	157	26	250	250	156	72	167	191	
