Ê¥ÂÞÀ¼ºÚ¹Ü´½ÓÔ*	#406 µç×Ó	http://www.yslbeautycn.com/on/demandware.static/-/Sites-ysl-master-catalog/default/dwe2a81006/Makeup_Pro_img/00149YSL/L9499000U.png	//www.yslbeautycn.com/dw/image/v2/AARM_PRD/on/demandware.static/-/Sites-ysl-master-catalog/default/dw8f6b41dd/Makeup_Pro_img/00149YSL/L9499000U.jpg?sw=336&sh=444&sm=fit
124	80	166	101	5	118	85	80	225	142	239	0	91	241	19	254	120	228	249	234	72	247	177	136	211	239	193	3	171	119	116	34	
232	221	61	95	60	141	71	182	204	28	132	0	182	113	16	97	192	114	106	74	226	41	123	61	229	187	96	24	80	152	84	104	
2	148	183	159	206	228	181	71	158	71	235	151	116	254	44	72	237	59	43	21	22	189	19	243	29	54	218	66	145	74	165	218	
145	230	88	171	50	7	90	252	118	168	215	118	119	67	138	81	118	205	12	254	110	150	73	63	248	201	37	212	56	128	42	129	
151	179	209	207	50	23	14	185	23	169	211	228	211	114	140	228	84	220	124	250	153	144	77	190	168	252	175	212	42	163	136	5	
82	184	171	146	85	212	112	71	255	9	194	123	44	190	100	240	233	187	223	145	30	155	144	243	223	52	158	107	129	0	175	30	
236	109	151	118	77	93	86	232	137	218	161	9	110	249	103	155	200	224	200	98	109	99	218	168	243	219	69	59	66	127	202	66	
215	215	85	71	58	18	10	188	229	224	170	236	211	114	140	247	86	212	124	234	233	139	77	62	184	250	167	150	46	178	9	37	
152	217	188	123	153	205	87	253	214	29	100	16	246	209	104	112	17	90	106	72	98	41	59	51	239	205	37	125	250	26	196	170	
254	117	181	118	139	100	87	200	179	190	160	25	78	247	77	95	149	215	253	98	104	71	187	178	251	242	69	63	34	119	166	115	
116	190	222	122	168	168	85	159	162	31	164	189	23	227	75	27	39	211	109	24	58	67	138	49	219	195	117	253	160	241	134	27	
248	124	62	117	96	238	113	118	177	170	246	24	31	23	0	59	167	181	85	40	232	255	176	12	215	235	112	0	98	208	102	179	
236	41	51	83	129	206	71	16	225	32	44	8	154	183	65	52	128	60	64	74	121	241	160	40	101	152	5	48	66	114	70	32	
72	56	145	100	1	92	16	34	104	64	42	8	255	54	0	178	128	117	232	0	1	232	177	9	129	249	64	19	64	32	7	34	
37	164	145	35	252	237	224	137	122	249	57	121	151	152	216	184	153	11	86	17	23	112	200	18	13	220	49	116	200	75	211	161	
76	177	186	98	105	108	113	216	107	25	189	8	158	247	72	56	180	95	125	90	146	99	186	97	223	249	97	124	194	195	67	163	
181	111	229	245	164	15	79	191	80	170	90	218	211	101	209	47	29	126	6	46	233	252	77	42	236	142	101	180	224	248	210	168	
66	174	50	218	56	144	59	225	255	21	206	32	236	234	174	84	227	43	107	137	102	11	170	247	250	52	158	75	0	2	167	15	
204	52	156	245	168	46	121	27	168	187	55	48	223	55	73	91	135	85	125	58	48	197	195	0	207	251	119	212	128	225	3	35	
221	33	244	97	163	126	57	17	45	241	103	144	221	55	75	126	39	85	249	60	21	208	189	194	207	253	7	69	166	231	137	112	
104	48	49	68	9	223	19	32	227	32	164	8	154	23	4	180	128	180	200	0	73	106	248	30	131	213	1	59	66	34	70	42	
66	156	132	155	159	237	176	143	191	85	171	23	162	239	110	78	225	2	235	148	22	105	155	243	95	54	82	91	209	77	229	86	
200	220	28	94	9	253	16	159	175	92	173	28	174	215	70	246	133	51	236	16	15	13	251	243	195	241	16	59	82	4	140	95	
66	132	167	26	9	229	152	15	191	19	163	25	206	255	108	78	193	19	251	148	62	79	91	215	219	86	90	91	210	76	165	86	
76	48	177	101	17	94	99	0	104	168	107	8	214	54	0	178	144	84	104	40	9	240	241	8	133	252	64	18	64	35	71	34	
168	219	125	125	108	29	85	190	18	52	36	28	243	37	24	83	132	86	224	74	234	104	123	61	239	235	116	49	80	152	220	56	
124	116	182	244	13	54	82	64	209	166	175	13	74	249	39	155	217	228	233	98	40	231	154	136	147	251	193	23	138	127	114	18	
254	125	58	66	205	244	87	196	225	87	175	24	42	152	126	252	232	174	232	218	94	35	186	243	51	121	0	59	75	87	254	6	
98	161	204	193	205	45	220	207	11	179	164	31	136	43	92	159	137	199	251	184	88	98	219	192	223	155	223	63	201	120	219	138	
107	184	168	94	109	157	144	134	139	249	176	105	190	252	212	162	141	115	255	85	130	104	202	225	79	24	93	186	200	108	91	159	
211	22	21	69	40	90	8	56	173	250	162	248	211	82	141	247	4	148	124	170	233	197	229	14	160	242	225	146	8	160	10	53	
99	207	85	69	184	7	78	190	165	232	186	200	211	39	133	247	76	213	124	234	233	139	109	156	168	186	165	212	11	178	0	37	
252	124	189	126	9	93	94	174	154	246	160	13	179	111	69	155	205	243	201	70	111	110	250	59	163	219	85	56	88	121	70	122	
243	117	42	66	205	253	215	70	235	109	173	28	10	156	118	52	168	174	245	87	158	111	178	178	179	88	145	123	67	95	254	246	
30	228	140	153	141	117	149	207	175	119	165	31	202	207	79	14	249	128	234	148	30	103	219	208	219	211	223	127	219	92	239	82	
203	178	156	99	185	93	17	159	175	125	47	61	158	23	202	246	135	23	252	16	215	76	187	215	207	219	117	247	138	132	143	127	
70	164	167	90	9	253	152	9	159	19	131	25	206	223	108	207	129	19	251	148	58	71	219	215	219	214	91	123	210	13	165	102	
66	183	222	154	157	232	181	167	255	85	75	149	228	235	46	66	227	99	106	16	54	105	158	247	111	54	86	91	148	66	229	94	
66	174	50	222	56	128	59	224	255	21	202	49	236	234	174	84	227	43	107	129	102	75	170	247	242	54	158	75	0	2	167	15	
30	224	140	153	141	117	144	207	63	119	164	23	138	207	78	15	233	130	234	148	30	103	91	209	223	211	215	127	219	84	237	218	
243	121	42	66	205	253	215	69	235	101	173	30	10	152	118	60	168	142	240	75	158	103	178	241	147	88	16	123	75	31	254	198	
252	108	172	126	9	253	87	138	154	246	160	29	163	238	67	155	205	227	201	102	105	103	250	58	179	251	69	58	216	121	70	122	
205	33	252	227	163	126	121	25	47	241	7	176	223	55	202	126	23	23	252	28	150	208	253	192	207	251	21	69	166	199	141	112	
103	207	85	69	184	39	14	190	165	232	186	200	209	34	133	247	76	215	124	234	249	75	109	220	172	186	165	212	9	242	128	37	
110	184	176	94	109	157	144	194	139	217	176	105	186	253	84	138	141	123	255	84	130	107	202	225	95	24	85	186	218	108	91	155	
227	151	85	71	56	14	111	188	225	232	170	204	241	115	140	247	68	212	120	234	249	192	253	108	44	186	229	148	10	179	64	52	
98	161	236	85	237	89	252	175	171	179	36	25	222	57	92	191	131	87	249	12	16	104	211	193	79	90	85	127	206	220	219	14	
126	52	182	244	141	102	80	72	241	190	175	29	74	249	47	31	217	228	233	50	40	227	152	136	155	251	193	31	138	127	122	2	
210	185	54	218	125	198	16	103	233	25	130	121	62	190	36	243	232	183	223	145	190	203	144	197	251	50	158	91	136	0	191	11	
232	89	28	94	9	252	80	7	203	93	173	24	106	215	38	254	192	178	232	80	14	111	250	241	83	241	16	123	82	15	206	94	
32	183	60	67	148	79	101	189	70	61	47	24	211	101	216	35	29	22	104	56	219	248	121	21	111	139	37	116	64	138	196	48	
235	145	253	80	169	221	80	190	235	121	166	57	190	63	206	54	135	87	253	16	151	105	235	245	79	123	84	127	194	132	206	95	
51	141	98	206	84	147	234	230	93	65	90	131	104	236	180	96	127	171	19	229	166	187	44	255	62	46	142	192	21	142	113	204	
249	93	92	109	58	26	86	61	101	232	190	236	83	51	130	115	102	148	236	224	237	137	85	31	250	235	229	212	107	162	104	27	
85	71	31	133	180	14	103	184	116	168	234	98	83	114	137	113	116	204	46	238	232	208	73	110	244	174	231	4	33	243	224	33	
239	245	48	66	173	93	71	184	235	254	61	12	202	252	223	183	153	64	212	110	239	32	250	170	175	93	5	190	202	127	90	117	
141	103	193	101	180	15	111	184	116	162	114	204	211	97	217	39	19	76	4	110	225	244	253	10	236	142	101	36	238	251	82	160	
237	245	179	66	189	93	71	248	235	206	61	76	202	248	223	182	145	64	220	110	237	97	186	170	171	93	5	62	202	127	218	117	
205	245	177	86	185	92	119	184	251	202	63	44	222	247	207	247	151	84	236	106	225	97	186	106	235	255	101	174	202	247	207	119	
236	109	158	126	13	93	86	236	193	130	173	9	106	249	13	151	136	224	233	106	104	99	218	168	243	219	69	59	74	127	74	2	
5	137	214	187	172	203	105	201	39	17	227	128	215	195	42	105	91	8	58	28	30	218	111	176	142	250	195	77	178	139	224	196	
114	172	156	156	221	169	16	3	203	149	140	9	174	225	66	86	129	227	233	17	18	107	210	249	253	182	31	59	128	72	139	10	
58	225	140	209	141	101	196	207	15	183	164	31	136	43	95	143	201	131	235	152	30	99	219	208	223	155	223	127	219	84	219	154	
73	49	49	97	1	77	99	32	105	0	40	8	158	20	0	180	128	17	72	72	1	40	48	5	165	220	0	2	64	10	71	34	
140	209	60	91	57	205	55	253	222	53	100	0	246	209	104	96	17	90	106	74	99	41	59	51	237	205	37	124	82	26	196	170	
192	78	149	86	168	108	101	55	185	27	163	88	134	38	132	255	133	86	108	10	241	77	227	96	145	178	82	26	0	113	135	45	
246	176	181	246	139	96	85	200	163	191	161	25	78	247	65	30	161	213	253	194	8	71	251	162	155	246	93	127	163	119	38	115	
92	69	78	173	28	10	78	56	165	128	218	2	91	43	49	65	122	197	125	226	104	129	1	140	242	235	162	144	39	179	112	0	
165	44	165	245	164	47	103	191	80	186	90	250	215	37	209	39	29	126	20	46	233	244	237	14	236	138	101	164	224	248	210	168	
252	37	241	98	211	249	83	206	115	165	236	184	11	221	77	52	88	222	196	16	14	50	252	186	127	205	5	127	227	223	70	102	
244	186	218	114	168	169	85	222	178	31	165	189	55	231	73	26	39	210	109	26	58	71	138	51	217	131	117	189	160	241	134	51	
124	191	222	122	168	169	85	216	162	63	164	61	87	227	74	27	7	210	237	26	58	99	138	49	219	195	117	125	234	193	206	3	
252	69	247	100	5	82	86	104	97	130	235	10	74	123	9	147	120	212	237	226	108	231	129	142	243	235	193	23	99	102	126	2	
25	191	1	245	176	155	74	51	54	169	219	240	183	55	128	160	93	190	149	136	201	152	101	31	140	199	184	128	46	200	18	185	
133	101	193	101	164	47	111	184	116	162	107	204	211	97	217	49	19	76	28	110	233	244	221	10	228	140	37	36	110	251	64	32	
130	188	146	153	250	173	184	231	190	91	112	177	172	254	96	74	231	59	223	17	50	92	194	243	13	22	30	234	148	68	163	219	
249	93	92	109	56	90	86	183	101	104	190	228	83	51	131	243	98	212	252	226	237	139	85	14	242	251	228	148	106	178	72	27	
34	185	16	155	237	173	208	207	143	25	120	24	174	152	108	11	201	11	87	17	18	106	210	241	13	24	26	250	208	8	211	139	
2	141	2	158	212	130	174	231	180	2	218	2	104	234	48	64	123	235	19	193	112	187	0	255	56	38	143	192	5	122	177	136	
24	176	19	250	19	205	51	212	170	25	97	24	118	215	40	80	164	58	205	66	3	3	42	49	209	128	48	43	32	3	167	59	
130	173	150	153	236	161	184	67	190	145	122	18	172	194	96	73	235	43	42	144	18	216	195	241	12	18	158	200	148	72	161	136	
2	172	144	153	236	169	184	198	30	19	88	18	172	170	113	72	239	43	59	17	18	88	194	241	12	18	218	234	148	72	33	137	
208	70	21	116	169	110	76	39	233	122	162	88	207	38	128	255	132	151	236	42	57	205	195	12	145	242	114	18	128	113	135	61	
112	160	152	252	137	121	20	207	186	55	160	24	38	182	76	155	201	223	232	16	30	79	218	49	153	180	84	127	208	88	134	42	
25	191	129	231	176	155	106	23	55	169	223	224	243	55	128	160	95	190	156	144	139	152	101	14	142	199	188	144	174	202	24	57	
117	71	31	109	48	14	70	184	116	34	235	66	83	115	169	113	116	212	42	234	232	177	77	14	244	174	39	20	8	251	224	33	
66	149	183	158	157	228	177	71	175	85	235	151	100	238	44	64	237	51	43	145	22	169	19	241	61	54	154	66	145	74	181	94	
252	237	241	98	147	121	87	200	115	164	236	136	75	255	77	52	121	222	196	114	74	50	249	162	255	221	5	63	227	255	198	102	
153	84	92	251	18	47	82	58	52	42	247	118	215	83	9	81	127	156	28	162	109	212	89	31	194	227	97	128	40	233	8	3	
5	73	214	189	44	235	105	204	119	149	98	0	215	195	35	125	82	104	42	92	14	208	103	160	143	250	213	9	178	251	100	204	
111	35	133	197	236	47	174	154	6	184	90	76	209	99	217	174	92	92	126	125	145	208	201	160	140	190	239	148	138	251	16	177	
197	237	151	177	172	136	102	174	254	179	10	80	196	226	104	202	211	78	104	94	86	105	203	51	172	150	71	108	128	248	169	132	
112	172	156	154	153	121	17	206	138	181	168	25	38	176	69	219	201	211	232	16	58	107	202	49	185	182	92	59	144	88	134	42	
130	141	134	156	212	130	174	231	180	130	218	18	104	226	32	64	121	111	51	130	112	187	2	239	56	38	206	128	5	120	177	136	
5	229	150	181	188	2	102	142	126	179	42	80	199	226	104	82	211	78	40	94	118	80	143	51	168	150	85	100	136	249	224	0	
205	48	153	231	162	110	59	24	58	243	7	180	221	55	203	122	55	85	121	126	17	84	185	66	204	229	107	116	142	227	3	113	
130	140	2	158	20	131	170	231	22	3	88	18	96	234	48	64	121	42	19	129	114	188	10	255	32	38	138	128	21	10	176	136	
188	65	100	229	68	27	207	248	85	160	247	10	75	73	157	53	120	196	127	234	232	182	109	140	182	251	193	148	103	187	112	164	
221	81	124	229	34	10	127	184	36	160	246	160	223	55	129	115	54	212	125	234	233	208	237	12	246	235	99	132	38	179	97	49	
130	188	180	155	234	169	184	207	190	27	88	177	172	254	72	74	231	59	251	149	178	92	194	243	12	22	94	234	148	68	161	217	
34	141	98	138	212	131	174	231	68	0	88	2	40	232	52	64	120	43	19	193	210	186	8	253	56	12	142	200	21	14	241	136	
2	141	2	157	22	131	170	231	28	1	90	2	44	234	48	64	110	43	19	193	82	152	0	255	44	38	142	192	20	10	177	136	
34	184	182	218	239	229	184	207	159	91	16	59	172	222	108	8	239	59	247	145	146	111	218	241	31	24	30	235	148	76	167	219	
132	132	246	159	206	170	168	207	126	51	91	18	204	234	56	75	107	15	59	145	178	252	203	243	12	34	223	68	132	72	161	128	
34	186	178	216	125	229	184	71	155	29	176	59	172	222	100	8	239	51	223	17	178	111	130	245	29	30	26	235	148	12	167	219	
65	237	151	245	186	140	180	167	154	145	138	72	180	178	65	194	199	119	106	17	115	107	211	42	60	182	95	26	200	120	161	8	
2	140	70	158	86	130	190	230	188	3	90	130	108	238	52	64	127	255	51	129	32	159	0	255	60	46	158	128	5	100	177	137	
162	188	54	216	253	165	188	103	143	91	88	59	172	254	116	10	239	59	215	149	178	79	146	247	61	28	158	234	148	76	167	219	
65	49	27	229	48	14	98	48	44	40	75	100	215	19	128	112	148	29	124	106	1	144	145	12	229	177	34	128	8	2	9	49	
205	180	48	115	169	125	21	157	63	123	167	184	223	87	202	189	151	19	236	58	179	68	251	183	235	209	21	127	146	196	143	119	
221	36	248	97	147	126	123	8	115	243	167	18	91	51	91	255	49	196	249	250	56	85	185	130	219	233	131	85	162	231	70	98	
17	166	137	247	48	191	74	18	55	233	219	212	243	34	152	224	149	190	92	12	159	152	73	47	174	255	185	208	168	203	24	25	
17	166	9	247	48	191	74	51	55	105	219	208	243	35	144	224	149	190	92	12	191	152	65	63	142	255	184	144	40	202	24	29	
124	57	115	82	195	217	119	96	233	164	36	40	42	247	196	182	34	118	196	74	65	241	178	104	115	249	5	51	98	80	70	98	
124	161	166	160	141	117	212	73	131	183	165	25	206	188	106	154	201	135	233	53	30	99	250	144	219	213	221	127	210	110	166	82	
252	92	124	126	31	255	82	170	215	2	167	24	106	121	47	215	209	246	236	106	106	101	91	191	243	235	65	27	123	41	78	10	
203	164	112	99	187	121	88	143	127	115	39	152	207	31	206	119	151	23	253	60	182	76	253	215	207	217	21	119	194	196	203	111	
66	180	23	186	95	132	176	199	174	17	203	83	36	218	40	209	233	59	99	145	55	223	146	245	61	50	154	74	136	0	171	138	
120	56	115	86	75	221	19	112	235	224	45	8	126	215	68	182	166	118	232	0	1	105	186	124	27	221	1	51	98	2	78	55	
37	162	153	163	244	111	226	153	126	249	49	88	215	89	88	40	153	10	86	57	151	112	201	18	205	215	53	100	200	203	211	145	
220	36	234	101	145	118	107	0	113	226	167	18	91	55	83	251	48	196	249	250	40	213	177	10	211	233	131	5	163	245	39	98	
109	53	145	101	49	94	67	0	104	232	58	40	214	54	128	178	144	92	108	40	1	176	225	8	133	253	33	18	64	35	71	35	
230	129	147	186	201	165	146	200	159	17	233	25	238	220	108	216	193	187	235	19	30	39	218	243	153	52	26	123	144	15	169	2	
202	188	48	90	169	253	21	159	255	127	181	60	174	127	206	253	135	19	236	0	183	105	251	183	163	223	16	251	218	85	143	127	
232	209	61	117	136	79	85	189	98	117	166	24	243	53	72	51	128	86	104	108	123	120	251	21	239	235	117	116	80	152	198	122	
252	161	134	160	141	119	213	73	131	183	165	27	74	189	78	154	233	133	233	179	28	99	218	130	219	215	207	127	195	110	254	82	
234	172	184	246	45	189	216	143	139	177	164	25	174	152	86	134	139	91	249	21	10	110	218	243	141	217	28	123	206	12	91	14	
232	217	61	127	44	205	87	188	204	28	166	12	247	113	0	115	128	114	104	74	106	40	251	61	231	235	112	56	80	154	84	122	
252	61	241	103	219	107	86	206	51	166	232	56	67	255	77	16	249	222	197	178	120	114	249	42	127	197	5	63	227	114	198	122	
232	217	61	127	12	220	87	188	196	22	166	12	247	113	9	115	128	114	104	74	104	108	251	61	231	171	116	56	80	154	84	106	
216	56	190	117	105	238	117	118	177	170	182	24	31	191	1	27	166	183	125	8	168	255	240	40	215	251	112	17	226	208	70	187	
126	32	180	186	137	253	84	137	143	155	137	25	207	255	105	138	201	147	249	19	30	71	218	144	203	215	77	127	210	127	142	34	
5	166	153	161	244	111	226	153	126	251	51	88	215	25	88	40	153	14	22	57	183	240	73	18	205	207	53	100	200	201	209	145	
66	172	51	186	120	192	169	235	254	21	200	133	228	206	44	80	243	43	107	129	34	79	154	119	177	54	138	74	16	0	39	58	
66	172	51	154	27	196	168	234	254	17	192	69	228	206	44	80	227	43	107	1	34	79	154	247	153	54	10	74	16	0	39	58	
76	249	184	98	32	108	83	216	107	8	124	8	159	215	73	48	180	92	117	90	147	48	186	33	255	253	33	108	194	179	67	35	
204	52	156	241	168	46	121	27	168	187	183	16	223	55	73	91	135	87	125	56	48	69	251	0	207	251	119	212	128	225	3	35	
82	137	165	152	153	237	144	207	175	17	128	25	130	188	108	74	233	147	235	149	26	107	219	241	153	244	30	126	144	93	165	14	
97	15	13	71	188	63	78	63	78	232	187	76	243	34	148	242	85	230	124	172	169	137	77	30	172	190	173	144	136	226	216	61	
234	168	176	254	237	185	216	199	139	176	188	153	174	216	86	134	139	123	249	21	10	111	218	179	154	217	29	123	94	12	91	14	
250	160	164	97	141	92	212	111	107	183	167	27	75	56	78	158	169	135	249	145	30	111	219	130	155	219	221	127	235	108	218	6	
234	188	49	90	169	253	87	159	223	95	181	60	170	247	78	125	133	178	236	2	190	47	250	179	243	223	20	187	210	84	142	95	
232	209	61	119	8	79	85	189	66	126	166	29	243	61	26	51	128	86	104	108	107	108	251	53	239	235	117	52	112	152	198	122	
246	32	176	250	141	245	18	200	143	17	161	25	142	220	108	200	201	251	251	83	30	39	218	243	155	244	26	123	208	31	169	6	
130	188	50	153	252	165	188	231	159	27	88	51	172	254	116	8	239	59	151	145	178	90	130	247	45	30	158	234	148	12	163	155	
212	64	125	229	36	10	111	184	52	162	215	66	215	67	153	67	118	228	125	106	233	244	105	8	228	235	99	132	36	187	65	33	
5	102	213	69	164	15	103	184	117	170	114	76	211	33	145	63	19	76	84	110	233	244	93	14	172	154	101	4	234	251	64	33	
66	180	23	250	79	132	176	103	172	17	67	83	164	219	40	211	233	187	115	129	2	95	146	245	29	50	218	74	8	0	171	138	
245	231	5	69	24	23	74	184	118	232	163	92	211	66	156	246	84	196	108	254	237	197	125	30	174	254	167	212	8	178	72	53	
252	124	188	126	13	93	214	168	219	134	173	9	106	249	87	147	153	228	237	98	104	103	250	171	251	251	69	59	75	127	94	86	
161	151	29	175	188	207	71	191	94	105	137	88	247	112	8	96	209	66	92	106	251	40	121	63	165	156	32	112	16	10	208	40	
225	87	29	110	40	14	76	53	225	170	163	252	243	55	136	115	132	246	124	98	237	141	81	46	247	187	100	16	8	162	202	29	
255	189	34	122	205	253	214	199	233	95	252	31	10	252	63	191	233	235	215	19	254	43	186	226	179	92	20	59	203	95	246	255	
156	244	57	75	27	77	55	253	94	52	165	8	214	209	104	33	51	88	74	122	99	109	251	63	249	137	37	124	82	42	133	170	
72	57	147	100	33	92	49	17	232	72	50	104	158	54	128	178	128	117	236	0	1	104	161	1	129	253	96	19	72	32	7	51	
165	124	209	101	180	15	103	184	117	170	122	76	211	49	209	49	19	76	92	110	233	244	89	10	228	158	101	20	232	251	64	33	
60	65	118	229	86	26	111	120	101	160	254	2	91	75	149	113	122	228	87	234	200	179	101	140	242	233	167	132	103	187	98	160	
205	180	48	99	163	125	61	159	63	115	47	184	223	23	202	189	151	31	221	58	179	84	249	151	207	219	85	119	162	196	143	115	
111	245	224	118	181	29	214	188	249	250	61	44	202	124	223	183	151	70	220	127	253	96	252	174	175	95	69	255	206	255	218	117	
229	214	21	69	24	30	74	184	228	232	163	92	211	98	156	243	84	196	108	238	237	229	125	30	44	186	231	20	8	163	64	52	
152	244	56	123	27	79	23	236	86	54	165	24	255	83	72	97	19	88	202	106	98	101	123	63	233	203	53	61	114	27	5	170	
246	117	147	246	139	100	23	205	187	182	137	25	94	247	77	94	245	215	253	162	104	71	155	242	185	246	77	62	0	115	166	114	
2	172	144	153	236	169	184	199	30	19	88	18	172	170	112	72	239	43	51	17	18	216	194	241	12	18	222	232	148	72	161	137	
254	188	34	122	205	253	214	198	249	94	188	29	10	252	127	189	201	235	213	3	254	99	186	226	179	89	20	59	203	93	246	215	
124	186	156	56	168	108	84	222	162	255	164	125	23	227	67	90	167	199	237	20	26	67	146	16	218	227	117	253	168	240	170	27	
129	164	197	215	164	43	108	43	119	162	123	88	243	97	208	167	25	238	100	44	121	252	205	14	140	154	117	0	226	232	82	172	
1	164	197	213	36	11	108	51	119	170	123	88	243	33	208	175	25	238	100	44	57	248	205	14	140	158	117	20	226	232	82	172	
193	92	157	87	136	108	37	23	184	51	39	28	150	39	68	123	133	118	104	14	113	77	243	98	5	186	82	24	64	113	199	56	
113	143	13	71	188	31	74	63	76	232	187	76	243	34	148	242	212	230	92	172	233	137	73	30	168	190	173	144	8	234	88	61	
85	78	95	197	20	14	103	184	116	160	234	66	211	51	129	112	116	204	46	238	232	176	77	110	244	174	231	4	41	179	96	32	
221	68	171	229	3	102	111	192	48	226	134	2	221	55	83	123	112	212	121	234	41	213	185	74	209	233	203	4	162	115	39	98	
161	107	72	163	114	11	78	125	16	168	245	254	147	3	129	17	94	141	87	255	104	222	77	30	252	137	173	180	45	168	138	137	
88	176	151	254	27	212	25	156	161	93	135	16	124	247	72	246	54	215	253	24	19	67	187	225	219	225	20	74	34	131	167	115	
92	240	83	232	11	193	19	216	167	21	164	136	63	215	40	244	55	155	201	226	11	67	186	17	209	225	0	110	50	19	39	115	
239	244	228	118	245	31	119	184	123	246	61	141	235	124	223	183	159	102	212	111	237	112	252	175	47	95	69	54	206	255	90	244	
130	172	22	153	238	129	188	231	190	19	120	18	172	234	112	64	239	43	51	129	114	92	2	243	60	20	158	234	148	72	161	137	
148	9	213	233	141	235	99	74	199	148	232	0	163	195	97	66	104	168	106	80	10	33	207	16	157	208	129	125	176	137	100	170	
0	140	2	154	148	163	162	231	22	3	90	18	96	232	48	64	89	42	2	1	50	188	8	191	32	38	147	72	149	74	176	136	
144	41	213	237	13	107	67	74	199	148	232	16	163	195	97	66	104	234	106	74	74	103	203	19	149	240	1	57	48	248	100	170	
196	216	149	87	137	108	37	148	184	23	163	84	246	247	77	95	129	118	104	78	113	69	250	99	133	186	86	26	128	113	135	112	
101	207	69	69	252	14	78	189	64	184	186	76	211	33	149	119	76	70	124	110	249	120	121	28	44	186	229	52	88	250	210	169	
130	173	146	153	236	161	172	199	62	19	90	18	172	162	96	73	239	43	34	144	18	216	195	241	12	18	158	192	148	72	161	136	
37	70	95	77	20	15	70	184	116	162	234	68	211	99	41	80	92	204	46	110	232	178	65	14	236	174	103	4	24	186	96	32	
124	182	220	50	168	45	87	216	162	191	173	125	87	227	75	26	37	215	109	18	26	67	154	48	219	195	101	253	232	243	142	19	
241	23	31	118	32	94	76	53	233	234	163	88	243	38	4	243	132	246	108	98	237	157	209	44	183	187	228	16	8	160	200	29	
68	252	155	87	136	236	37	150	170	23	175	20	244	247	77	127	129	118	104	14	19	69	250	99	197	190	86	26	192	115	135	114	
60	180	241	99	211	91	118	200	115	167	224	171	11	125	12	176	121	222	194	48	43	178	248	62	127	205	5	53	227	248	198	242	
112	169	152	184	25	233	16	206	186	53	168	25	38	178	66	154	137	219	232	16	26	75	210	51	217	181	20	123	208	72	70	10	
118	184	147	230	139	100	23	200	187	190	169	25	86	247	77	94	181	215	125	130	25	71	154	226	153	182	95	62	128	115	167	51	
252	20	126	126	29	126	86	41	113	130	175	8	75	249	7	247	216	244	237	42	104	231	251	142	243	251	65	31	99	111	126	38	
2	184	150	153	250	169	184	207	190	25	112	176	172	254	96	74	231	59	251	145	50	92	194	243	12	22	30	234	148	4	163	153	
220	80	252	229	34	26	127	176	33	162	246	168	95	39	129	115	118	213	253	234	232	212	233	136	246	235	103	132	38	179	98	49	
97	35	136	167	252	31	238	25	46	168	219	236	211	32	209	160	156	204	94	111	201	18	201	10	172	189	175	180	140	170	27	9	
31	69	98	236	22	18	239	121	117	192	255	130	89	239	181	100	126	236	31	238	200	179	37	206	242	239	166	132	39	190	112	228	
2	141	2	156	20	131	170	231	20	1	90	2	40	170	48	64	106	43	19	129	82	152	0	255	40	36	154	192	20	8	177	136	
161	167	88	169	250	3	143	233	16	164	240	250	19	3	145	17	94	141	87	239	104	158	77	30	252	136	173	180	117	170	2	137	
69	99	137	197	188	31	238	156	78	168	90	108	211	34	209	164	92	76	108	124	141	208	205	0	172	253	175	164	140	186	24	133	
64	80	93	101	34	74	51	16	40	72	114	96	222	23	136	240	178	85	108	98	65	144	161	12	164	227	34	130	40	146	7	49	
237	106	143	243	108	141	232	148	186	121	83	92	247	193	216	170	196	110	119	95	131	116	202	33	196	251	122	232	76	153	219	177	
242	172	161	184	157	237	80	206	23	179	160	27	38	30	65	91	233	219	107	145	58	111	219	179	155	208	159	127	176	72	6	10	
216	56	158	244	169	236	117	87	185	155	230	24	191	191	1	91	133	183	253	0	40	239	146	32	211	251	112	27	226	64	167	27	
45	125	121	97	240	13	115	216	105	168	124	8	151	209	193	48	180	220	84	122	139	178	248	46	239	221	37	100	64	179	66	163	
220	176	188	241	168	108	81	31	171	187	183	24	223	55	72	91	133	23	125	24	178	69	251	2	203	219	119	214	128	224	131	51	
236	72	189	126	45	204	87	136	211	158	164	9	242	253	67	27	129	244	109	74	104	100	250	43	195	251	117	57	80	121	70	122	
224	236	23	186	89	164	160	235	186	17	232	24	180	211	40	80	233	187	75	129	34	15	218	119	185	182	139	124	24	0	35	138	
242	172	1	186	157	237	64	143	159	49	160	27	166	159	68	209	201	155	105	145	42	78	218	243	153	208	159	127	144	8	6	10	
93	164	252	97	131	127	124	139	59	243	39	24	223	55	74	59	51	223	249	62	52	80	189	16	207	207	69	101	162	245	143	98	
236	32	184	250	169	125	80	201	147	191	165	25	223	251	73	27	137	241	237	18	56	103	202	2	219	209	69	127	210	107	14	2	
234	172	240	254	205	249	92	143	155	55	160	25	175	153	86	15	139	203	217	17	62	110	218	179	235	221	156	59	118	92	222	202	
252	36	190	96	157	126	81	65	115	191	167	25	91	189	74	155	185	212	237	51	60	247	185	130	219	203	197	119	227	105	254	66	
252	164	186	98	157	124	81	73	243	191	167	25	90	185	74	155	185	212	237	49	62	103	185	2	219	203	213	127	227	106	254	66	
248	212	124	126	11	125	85	168	87	54	165	24	123	253	15	123	147	214	236	42	42	103	251	63	211	235	81	63	115	123	78	106	
5	180	17	161	180	239	99	159	126	249	43	92	215	53	72	32	145	94	72	56	187	248	121	22	237	150	37	116	216	217	129	48	
232	193	189	103	41	77	69	188	115	126	166	24	211	53	88	51	129	214	125	74	104	108	251	49	229	251	117	52	112	152	198	106	
108	177	188	122	169	93	84	156	79	125	165	40	255	127	206	191	151	82	252	82	158	98	123	177	203	219	85	127	210	223	206	119	
93	164	252	97	131	127	92	137	111	243	47	24	223	55	74	187	51	223	249	58	30	80	253	16	207	203	69	117	162	215	207	98	
124	164	248	96	133	126	80	73	115	183	167	25	91	25	90	59	177	148	249	178	62	119	185	0	219	203	213	117	225	65	254	66	
224	164	22	186	217	173	176	103	190	19	233	25	164	195	40	89	201	35	106	17	54	111	154	247	145	214	26	91	16	72	171	138	
5	180	17	161	180	207	99	155	126	249	35	92	151	21	72	40	145	24	74	25	179	248	121	22	237	158	37	116	216	9	129	176	
252	44	190	126	13	124	85	107	211	150	165	25	106	253	79	155	153	246	237	35	44	103	250	171	211	251	85	59	99	125	94	66	
252	124	190	124	13	102	87	80	240	142	230	0	83	243	35	123	208	252	124	234	104	199	242	8	211	235	230	25	160	113	118	106	
96	172	27	186	89	173	32	203	186	19	168	24	180	218	96	208	233	187	107	129	35	15	218	119	157	38	155	120	16	0	35	170	
236	40	184	250	169	237	82	8	147	154	165	25	223	255	97	27	201	240	237	82	56	103	202	34	219	211	69	57	210	107	14	2	
250	236	240	255	205	249	92	143	27	55	164	27	175	57	90	27	139	203	217	17	62	110	218	179	255	219	28	59	118	92	222	206	
109	176	252	123	169	125	84	159	127	127	36	56	255	126	206	187	151	83	252	16	182	96	123	177	207	219	117	127	210	220	142	127	
225	149	21	71	172	14	102	53	232	184	43	76	243	112	156	243	128	102	124	110	241	248	217	44	173	170	101	16	72	34	211	41	
5	35	213	71	164	31	110	57	125	168	123	68	211	32	157	182	22	76	108	110	193	240	205	12	44	190	101	4	204	251	88	173	
212	117	61	66	154	103	151	236	50	182	164	24	212	215	73	59	185	95	72	242	123	71	251	126	249	131	7	124	192	113	167	178	
196	84	221	245	44	46	127	56	188	186	151	48	215	119	129	91	6	213	125	106	105	197	201	8	196	235	99	148	36	241	1	33	
1	226	217	87	52	43	106	44	126	171	115	88	243	96	220	188	19	110	108	14	189	252	205	47	140	190	117	80	200	171	216	36	
197	84	181	87	137	108	37	167	248	115	163	16	214	55	76	127	129	86	120	10	113	77	251	98	197	186	86	16	200	113	199	122	
212	181	187	66	152	68	19	204	250	149	173	24	212	247	73	51	177	90	72	120	51	67	186	98	249	137	39	60	128	115	167	114	
72	51	241	101	48	90	115	16	104	204	126	104	215	23	129	48	150	92	68	96	129	176	161	12	228	253	32	130	64	162	71	113	
81	177	122	82	3	221	83	208	235	201	164	12	126	220	78	52	182	250	84	74	135	99	186	117	19	221	1	58	75	3	79	127	
130	172	146	155	252	173	184	199	158	25	88	18	172	254	112	73	231	59	179	145	50	88	130	243	12	20	158	234	148	72	161	137	
225	149	31	126	40	46	108	51	233	90	163	92	246	118	12	115	132	214	124	46	253	9	147	109	241	186	96	80	8	33	200	17	
5	99	213	71	36	31	110	56	125	168	123	68	211	33	157	182	18	76	124	110	193	240	77	8	44	158	101	4	202	251	66	37	
126	184	178	122	253	221	214	229	219	91	180	57	110	253	62	191	201	243	213	19	254	107	202	177	187	223	84	123	219	92	254	223	
240	164	152	58	25	233	16	206	187	53	161	25	166	211	74	27	137	147	232	16	42	111	202	55	217	209	16	127	208	8	134	10	
224	164	18	186	73	169	176	103	184	19	233	25	228	195	104	88	201	35	106	0	118	79	146	183	145	150	26	123	0	0	171	138	
52	188	245	119	211	75	119	236	49	182	162	184	115	127	4	51	121	223	192	178	121	242	249	44	63	194	69	55	225	120	198	250	
225	145	21	87	44	14	101	53	232	186	35	76	242	114	156	243	128	102	124	110	241	120	251	44	173	186	229	16	72	176	211	41	
49	56	123	86	83	221	115	112	233	201	44	8	58	252	78	54	166	242	212	72	135	233	178	109	51	252	20	42	75	2	78	255	
124	188	157	254	201	100	86	186	179	146	160	88	126	247	73	251	149	247	125	34	123	71	186	59	187	255	85	62	176	113	134	50	
156	244	60	123	10	123	23	232	86	54	165	24	215	87	74	43	19	212	202	106	105	103	123	63	241	195	117	61	112	123	135	34	
69	248	153	87	137	108	39	132	186	83	111	16	246	247	77	122	129	86	120	74	83	84	251	34	197	190	86	0	192	115	199	114	
152	244	60	107	11	95	23	252	86	54	165	24	215	87	10	97	51	84	202	106	105	103	123	63	243	203	101	61	112	123	5	34	
65	166	213	71	52	47	110	51	126	171	59	72	243	33	156	182	17	102	108	44	177	248	77	46	44	142	37	16	200	234	208	41	
141	102	12	183	36	15	110	56	52	186	83	84	247	67	152	1	220	108	94	110	237	212	73	62	228	203	235	128	8	185	26	129	
232	172	148	186	89	169	16	79	186	55	160	25	166	131	64	155	129	51	233	16	58	79	194	55	217	144	24	123	80	12	7	10	
225	20	53	85	9	110	101	57	248	242	163	24	210	53	12	127	128	68	120	42	105	197	243	12	69	186	81	20	72	96	66	48	
255	172	228	119	197	88	126	168	123	243	63	24	235	124	94	182	179	198	245	31	238	240	255	163	111	255	69	55	231	246	218	102	
229	148	31	126	120	46	110	56	253	90	163	92	246	114	12	115	212	214	124	110	253	197	89	111	179	186	96	80	8	161	200	17	
173	102	12	179	36	15	110	56	116	170	83	92	215	66	154	97	149	76	92	110	237	212	73	46	228	235	235	176	8	185	26	129	
252	236	184	250	205	189	84	206	147	23	164	25	171	249	105	31	201	219	203	82	46	111	218	179	251	219	85	123	210	89	206	10	
252	44	188	126	77	124	87	104	211	150	165	9	123	253	91	155	217	246	229	35	44	103	250	187	219	251	69	57	98	127	94	98	
60	64	102	237	4	11	106	120	101	160	246	10	75	9	149	81	122	164	78	234	200	179	65	204	150	249	131	20	103	170	114	128	
233	16	181	85	13	110	229	41	248	242	39	24	210	55	20	127	128	84	120	42	97	244	243	8	69	186	209	20	72	96	83	50	
176	109	21	253	140	170	102	71	238	162	234	16	167	131	64	210	97	230	106	18	122	205	195	98	180	160	6	16	144	88	196	40	
118	244	147	254	217	100	23	200	187	162	161	8	126	247	73	122	149	223	112	130	59	67	186	51	185	244	85	126	128	113	167	50	
188	236	184	250	141	189	86	206	19	23	164	25	43	185	99	27	201	218	201	82	58	111	218	179	251	217	84	127	242	89	206	138	
125	232	228	119	213	95	126	168	123	246	55	9	123	124	95	183	179	198	245	79	238	240	255	169	111	255	69	53	231	255	218	86	
229	103	72	167	116	43	78	40	58	160	123	252	211	32	218	16	90	204	70	111	44	178	205	46	236	141	173	180	76	251	218	128	
180	53	117	99	218	75	7	232	49	164	168	8	83	87	13	49	185	223	67	242	59	242	249	46	189	130	5	118	97	114	70	178	
13	227	27	251	164	175	104	148	62	9	83	84	151	209	217	232	150	8	52	94	135	244	203	49	198	249	50	192	138	153	219	129	
80	59	187	100	34	72	17	23	169	172	62	236	158	151	192	54	166	117	236	0	128	105	162	64	211	213	33	187	64	130	7	123	
69	152	153	94	137	108	39	134	186	83	46	24	246	247	77	122	129	118	104	26	83	68	250	99	141	190	87	106	200	115	135	114	
248	186	156	48	170	108	85	95	163	255	164	61	31	183	67	27	167	151	253	20	191	75	242	16	219	193	117	253	168	224	142	91	
109	70	85	77	84	14	102	188	116	160	226	68	211	35	129	213	80	196	42	110	233	240	77	14	228	174	103	4	106	187	96	40	
197	220	153	94	136	108	39	140	250	83	165	24	246	247	77	126	129	118	104	90	115	69	186	99	189	190	87	120	136	115	135	114	
13	235	154	251	164	141	110	152	126	24	82	68	215	193	217	233	183	74	116	95	215	240	139	49	134	249	39	204	136	219	219	129	
77	79	213	71	116	14	110	176	116	160	227	68	211	35	145	246	114	196	42	238	233	208	221	46	228	174	227	4	74	179	64	32	
109	79	85	109	48	14	103	188	116	160	226	68	211	35	129	213	80	196	42	110	105	240	93	46	228	174	103	4	106	187	64	40	
64	51	57	101	50	14	59	16	40	12	110	165	221	39	130	86	22	85	237	96	128	144	177	72	231	181	34	130	0	162	7	115	
228	52	25	99	137	109	81	136	107	187	37	24	150	81	73	59	129	92	104	122	50	100	250	18	205	153	1	127	194	65	70	34	
124	228	252	126	11	127	87	184	247	54	165	24	91	253	75	123	49	214	232	98	42	103	251	49	211	203	85	61	115	241	70	98	
165	113	157	87	133	79	69	184	120	250	35	88	214	49	77	59	145	84	112	106	97	244	249	10	7	154	69	52	72	249	66	160	
197	99	220	71	52	31	110	184	126	168	115	84	211	96	157	240	16	68	108	110	225	244	253	14	172	184	37	20	72	179	73	37	
200	188	156	114	169	237	84	159	187	59	164	24	190	191	64	27	133	83	236	16	50	79	218	51	207	219	85	126	194	64	131	11	
124	164	188	118	77	125	87	168	194	55	172	8	127	253	75	59	153	214	249	74	10	99	250	49	219	203	85	61	114	123	94	42	
101	78	197	71	116	10	102	176	113	162	107	68	211	33	153	247	80	196	96	110	233	244	205	44	36	174	101	4	104	251	82	36	
197	173	181	87	153	108	103	140	250	211	47	24	246	247	73	126	17	94	120	90	51	96	250	35	237	188	71	124	192	115	199	106	
205	15	16	123	236	168	238	132	238	18	235	80	231	195	217	218	99	102	106	90	114	52	203	114	164	233	38	8	192	243	203	0	
5	220	21	243	180	207	103	184	126	249	42	8	214	117	8	49	177	84	78	120	51	248	57	63	237	142	37	116	248	42	133	112	
220	48	156	241	168	44	81	27	187	187	183	24	223	55	72	91	135	23	125	24	58	69	219	2	203	251	119	212	130	224	131	35	
101	148	159	127	232	108	102	184	232	90	99	92	214	243	8	123	177	70	122	46	241	99	155	1	213	171	99	12	72	115	195	50	
124	225	252	97	201	93	91	156	107	117	37	8	95	93	90	50	19	208	249	88	82	32	255	17	239	205	5	125	115	147	206	226	
45	125	121	97	244	15	103	252	113	232	124	104	147	17	145	48	62	220	22	122	233	176	232	46	103	205	37	164	96	250	194	169	
88	184	150	246	139	236	52	199	185	27	230	25	190	255	96	90	167	243	253	16	26	203	146	225	219	243	94	75	130	68	167	27	
120	161	252	123	205	217	84	173	75	53	37	9	111	121	90	27	139	210	241	25	30	106	219	177	223	219	84	125	247	222	222	202	
232	193	61	119	44	76	71	188	115	62	39	24	246	117	72	115	17	86	124	106	104	100	251	51	231	171	101	52	114	250	198	106	
124	36	190	112	237	108	83	72	227	158	173	8	82	253	75	26	217	244	237	58	24	99	218	0	219	219	69	125	194	107	86	34	
232	232	189	119	44	77	71	156	115	54	36	24	119	117	73	59	129	212	109	74	106	100	251	35	199	251	117	57	114	251	70	106	
44	169	252	122	109	217	80	140	203	21	164	9	255	221	90	50	138	210	241	89	30	42	250	177	207	217	68	123	246	142	94	202	
149	227	155	235	180	15	102	152	127	8	115	64	215	83	153	121	151	72	92	94	207	240	73	50	164	248	37	4	136	243	201	1	
197	149	21	103	44	14	102	56	120	186	99	92	247	112	136	243	144	70	104	110	241	244	219	45	165	170	101	16	72	163	195	33	
48	164	144	242	205	109	80	207	3	59	161	25	38	155	104	155	201	154	201	16	30	107	202	145	155	210	85	127	208	72	202	138	
248	104	189	127	44	105	87	156	147	190	36	8	247	117	73	59	129	86	109	74	106	102	235	51	199	235	117	57	112	249	70	106	
197	135	21	71	60	46	98	184	236	169	43	76	211	96	152	243	16	70	108	110	177	240	201	46	44	174	37	20	200	227	203	33	
197	173	20	251	236	184	110	172	238	178	106	88	231	227	217	211	35	230	110	218	114	52	203	50	188	237	39	8	192	243	203	0	
96	172	16	186	217	173	134	207	186	19	168	8	166	242	64	16	201	171	74	16	58	43	218	119	189	150	155	122	208	80	163	138	
112	172	16	186	201	173	68	207	186	19	168	24	166	242	64	88	201	187	106	16	58	111	218	115	157	150	31	123	208	81	234	138	
149	82	157	249	180	143	66	154	127	9	242	84	215	82	137	120	183	12	92	92	171	244	17	31	168	190	53	84	152	145	201	1	
116	164	158	240	137	173	80	207	147	187	161	25	70	219	104	27	217	155	237	48	62	71	202	16	219	210	85	127	208	72	202	2	
21	252	21	115	176	207	99	146	126	241	34	24	215	21	65	57	179	25	76	56	51	248	57	62	233	142	53	116	232	8	5	114	
69	134	151	69	52	46	98	186	236	169	171	92	215	96	152	243	21	70	108	44	177	225	89	47	172	174	37	80	200	171	193	33	
236	44	188	126	233	233	83	152	147	182	164	24	246	243	67	27	129	242	237	90	42	102	202	48	203	211	85	57	210	121	78	42	
124	32	190	96	141	110	85	194	227	191	167	25	83	189	67	59	169	212	237	186	24	227	185	0	219	203	229	117	227	99	246	98	
225	149	61	253	44	111	87	187	94	126	47	8	246	117	8	115	17	86	108	42	121	40	123	61	229	170	97	52	48	104	4	99	
193	208	151	119	36	14	101	49	120	186	99	88	247	113	200	255	144	124	120	106	65	244	211	33	133	170	117	0	72	48	195	32	
116	180	145	254	233	100	87	174	186	243	160	24	86	247	73	123	145	223	120	34	59	67	250	51	185	254	85	62	144	113	135	50	
124	68	252	127	138	123	23	184	198	54	164	8	215	119	75	123	19	214	104	42	8	99	123	49	211	195	101	61	242	251	6	98	
228	164	156	112	137	233	17	143	179	55	165	25	134	215	72	27	129	19	201	16	58	103	202	19	203	211	81	127	208	72	134	34	
220	229	191	114	169	77	87	184	242	182	167	24	214	215	73	59	17	86	104	122	114	101	187	54	235	139	69	125	194	113	199	98	
45	161	252	97	169	93	89	136	235	53	36	8	223	127	74	58	131	83	248	88	18	104	255	17	207	203	69	125	242	130	206	66	
124	172	188	126	205	125	84	202	211	179	165	25	106	249	75	27	137	210	233	2	42	103	218	177	219	219	85	59	242	125	94	10	
197	103	88	165	244	42	110	154	120	162	122	216	215	96	153	112	51	205	78	111	228	180	197	106	228	173	39	4	236	241	203	0	
197	83	221	69	52	14	102	56	126	168	51	92	211	96	157	115	22	68	108	110	225	244	93	46	172	186	37	20	72	179	73	5	
85	241	121	72	91	77	19	216	235	89	184	72	126	222	77	48	183	219	84	98	135	99	186	81	115	252	1	62	73	19	99	119	
141	173	18	233	228	172	108	155	110	26	122	64	159	211	217	120	151	11	116	92	215	176	130	16	172	249	39	44	200	240	139	129	
197	79	88	5	180	30	238	154	124	162	122	64	215	66	153	240	54	77	108	110	229	176	197	110	164	174	39	4	72	243	203	4	
197	84	29	119	52	62	66	184	124	234	163	92	214	80	157	243	145	68	124	110	233	244	89	46	161	186	97	20	72	51	89	37	
197	77	215	69	116	10	102	176	116	160	106	68	243	99	153	245	80	100	106	110	97	176	197	46	36	190	231	0	74	243	64	32	
149	116	29	119	36	46	68	152	124	250	195	84	214	114	9	251	149	68	124	46	237	212	89	42	161	251	113	20	8	115	73	17	
133	103	88	165	244	43	110	186	120	170	114	92	215	64	155	81	151	76	70	127	228	180	69	14	228	169	39	132	76	240	203	129	
228	172	20	186	141	173	212	207	159	23	161	25	230	235	104	155	201	163	234	18	62	111	74	179	153	210	86	123	208	73	166	130	
52	188	221	119	152	79	69	234	177	182	162	8	83	127	1	59	201	215	108	176	41	235	249	44	185	195	85	54	225	96	6	186	
124	233	238	118	141	88	119	204	227	245	182	8	91	253	95	191	41	198	253	218	30	123	251	161	91	251	213	85	231	255	254	106	
149	84	157	245	132	47	70	154	124	250	131	84	214	114	9	123	145	70	124	46	173	197	121	46	129	187	113	20	136	113	73	19	
130	173	150	153	246	169	184	199	30	19	90	18	172	234	112	72	247	59	19	145	50	216	3	247	12	22	158	226	148	72	161	137	
93	169	252	97	129	95	125	192	162	181	174	8	219	55	67	58	41	213	120	152	24	65	185	64	223	203	117	117	226	242	70	98	
117	177	145	254	217	100	7	140	186	242	160	8	222	246	73	114	145	95	120	114	51	67	250	59	185	182	87	126	144	115	135	242	
205	175	24	235	236	13	110	184	238	154	121	64	223	243	217	115	151	111	94	110	113	48	203	58	236	253	103	44	216	243	11	129	
81	184	122	82	90	204	145	248	233	217	168	8	62	220	12	50	166	211	80	64	135	107	186	101	83	156	17	10	73	2	103	191	
197	20	189	87	13	110	101	57	248	242	39	88	210	113	76	123	145	84	120	42	113	244	251	14	133	186	81	20	72	97	198	50	
109	225	248	97	58	95	91	152	75	244	44	8	223	23	74	50	22	84	120	120	87	32	253	16	239	205	5	117	98	170	78	114	
69	148	159	124	232	108	100	186	232	90	162	92	214	115	8	115	161	87	120	46	49	75	147	103	213	175	114	76	136	97	227	18	
2	141	2	140	148	131	174	103	4	0	90	2	40	170	48	64	72	43	19	193	82	136	0	253	32	36	138	192	20	8	176	8	
124	161	156	98	237	77	84	205	131	57	169	9	66	185	72	26	201	150	237	16	26	99	202	145	219	221	85	127	194	10	222	130	
193	157	157	117	32	14	100	186	112	186	98	92	215	49	128	123	48	70	108	106	113	252	211	9	133	170	101	4	104	225	195	33	
145	167	159	225	160	14	100	27	126	154	106	80	150	146	193	121	183	31	76	24	235	248	1	80	136	184	119	4	8	96	33	9	
81	149	29	229	28	79	71	184	206	240	42	8	215	117	8	115	17	116	124	106	33	97	123	31	233	207	101	84	112	42	68	115	
52	173	144	187	153	173	6	207	182	27	160	8	166	242	64	157	201	234	74	16	58	107	218	53	189	150	23	123	216	88	139	138	
5	177	157	119	160	76	103	156	106	217	107	64	215	115	72	50	145	94	120	122	3	240	251	32	237	141	39	4	200	115	163	176	
61	113	107	96	212	95	111	248	98	232	108	72	83	20	209	48	56	204	16	126	201	178	185	12	121	205	37	100	233	186	82	240	
101	88	157	109	200	46	36	186	104	123	162	76	214	51	1	123	129	69	120	104	17	67	211	64	205	186	103	92	152	113	67	51	
124	161	184	102	141	121	87	200	194	53	173	8	115	249	75	18	153	86	233	74	10	99	170	49	251	205	5	61	242	123	86	34	
76	52	188	241	168	44	81	27	171	187	183	24	223	55	72	91	135	151	125	24	186	69	251	0	219	251	117	212	128	224	131	35	
85	52	157	119	180	110	71	29	112	235	47	88	247	113	137	59	17	86	124	56	57	240	249	10	169	175	53	16	232	243	194	32	
124	225	120	106	29	93	211	216	67	61	173	10	83	93	88	48	56	208	93	122	90	35	249	53	123	205	133	125	115	139	214	34	
149	127	157	105	176	15	68	159	126	186	162	64	214	18	1	121	151	69	124	124	233	244	81	94	168	186	39	20	24	240	65	9	
197	84	29	101	188	46	98	186	248	184	34	92	215	112	137	115	145	68	108	110	161	244	217	47	172	170	101	84	200	177	75	33	
252	61	221	102	136	111	71	57	224	186	167	24	83	53	65	59	1	212	108	122	121	101	249	32	251	203	101	116	224	235	198	32	
56	225	152	226	205	77	82	205	131	57	169	9	66	217	108	18	216	210	235	80	26	43	218	145	251	221	133	127	83	10	206	130	
149	39	144	109	160	14	108	155	127	186	106	64	215	226	193	113	151	77	108	108	237	240	193	90	168	184	103	4	8	240	131	1	
197	167	146	101	160	10	108	171	126	178	106	64	215	226	201	113	179	78	44	40	112	208	139	26	172	184	7	12	232	240	65	32	
48	169	145	186	89	141	64	204	142	25	160	8	166	242	64	156	201	170	74	80	26	43	218	49	189	150	86	123	208	26	75	138	
41	45	123	101	244	15	111	246	113	168	124	72	115	49	144	48	62	238	6	106	233	186	109	46	103	143	37	128	97	250	194	169	
90	184	150	186	139	236	48	199	191	23	160	25	46	255	100	90	163	115	233	16	50	75	154	225	155	243	94	75	130	68	167	90	
72	184	188	114	169	237	81	159	251	59	164	24	190	191	64	27	133	91	236	16	50	74	250	49	207	219	84	126	194	64	131	11	
112	144	189	108	14	78	85	186	202	118	174	8	215	53	0	115	3	84	124	42	73	41	251	29	209	175	97	60	112	234	68	99	
21	248	61	113	178	207	97	176	230	240	162	8	247	87	64	48	35	50	124	56	41	225	57	60	233	202	101	84	224	8	5	99	
229	77	221	69	48	14	103	184	120	224	106	68	211	49	129	115	18	68	108	106	225	240	213	14	100	174	101	4	104	241	66	33	
124	17	248	101	138	73	87	152	230	164	174	8	211	117	67	50	24	212	108	74	72	35	251	16	251	207	69	61	242	251	70	98	
212	236	189	118	136	108	87	138	242	151	164	24	247	247	73	123	1	86	104	58	122	101	251	35	233	235	69	124	192	113	199	98	
124	161	252	118	141	121	85	200	195	183	173	8	107	249	75	26	169	214	233	2	26	99	154	49	219	207	85	63	242	123	206	34	
197	92	29	117	136	110	103	58	120	250	35	88	214	113	9	123	133	86	120	42	161	100	251	46	197	171	97	20	200	113	67	49	
244	36	189	118	137	109	85	134	242	183	167	24	87	53	73	59	129	214	104	18	56	101	235	34	203	203	85	49	192	121	198	34	
197	20	157	117	137	110	70	155	252	251	163	88	214	114	9	123	145	86	120	58	177	228	123	8	133	187	69	20	136	113	129	51	
65	152	157	124	232	108	37	182	232	123	162	88	214	51	1	123	129	119	122	8	49	75	211	69	221	174	114	76	152	96	35	58	
193	39	24	37	180	46	108	59	124	170	122	84	151	34	145	113	151	12	78	44	229	252	69	14	236	169	39	4	72	224	75	137	
124	225	248	97	141	93	83	200	227	61	172	10	91	221	88	50	41	208	253	88	26	43	251	145	123	205	5	125	243	138	222	34	
209	57	157	249	176	142	68	23	126	186	162	80	150	18	1	121	165	55	92	24	235	205	81	94	169	186	55	20	136	64	129	41	
197	7	88	101	180	46	110	43	124	162	106	68	211	34	145	112	82	76	108	44	229	180	197	14	164	173	39	4	72	240	75	0	
129	124	29	117	160	46	100	191	124	250	98	84	151	50	129	123	133	4	92	44	229	252	81	14	165	186	119	4	72	240	11	9	
68	188	189	119	153	108	71	168	122	243	168	8	214	247	73	122	145	95	120	26	35	65	251	49	169	255	87	126	128	115	135	34	
124	225	248	106	141	89	83	200	227	181	173	9	91	253	94	50	88	212	253	90	90	35	251	160	251	237	5	125	247	190	254	98	
197	103	28	37	180	14	110	187	124	170	114	84	215	34	145	113	151	77	76	108	229	244	65	14	236	251	39	4	72	240	139	129	
65	177	57	96	122	77	147	218	106	200	160	8	150	95	69	48	158	93	89	97	195	98	219	93	245	156	43	62	73	32	35	179	
193	7	87	69	180	14	102	59	124	160	106	64	211	34	129	116	114	68	106	44	193	184	197	14	164	174	39	4	40	240	65	172	
84	180	157	254	136	108	69	174	186	243	160	24	247	247	72	123	145	215	120	0	59	75	251	57	201	227	117	60	144	112	135	98	
116	188	157	103	136	79	69	232	160	178	170	8	215	119	8	50	201	215	108	160	9	203	251	44	217	199	229	52	97	98	6	114	
2	157	150	155	182	163	188	231	190	17	90	178	172	254	32	64	231	59	187	145	50	217	3	255	172	22	30	194	148	64	161	139	
197	116	28	101	52	14	102	184	124	234	50	84	215	80	153	115	149	68	108	110	225	244	89	46	164	186	101	20	72	177	67	33	
213	199	151	151	136	40	102	172	174	146	106	80	231	226	105	211	113	110	106	110	115	241	139	107	172	166	71	4	168	115	169	4	
101	103	221	69	48	14	102	56	120	162	107	72	211	96	153	51	18	68	108	106	225	240	205	14	36	174	101	4	104	243	66	1	
193	5	87	69	148	10	100	43	124	130	106	0	247	99	129	244	50	4	106	44	97	149	5	14	180	174	7	0	72	248	97	44	
197	28	157	117	136	110	68	155	252	243	162	88	214	50	1	123	129	86	120	58	57	229	115	42	137	171	87	20	136	113	129	51	
5	185	157	117	138	76	33	222	98	209	40	0	183	247	72	50	34	95	88	88	67	248	243	96	205	136	55	36	200	64	163	186	
45	161	17	76	85	79	99	248	67	224	108	8	114	241	88	52	24	72	18	110	3	50	120	29	125	156	5	108	90	170	82	180	
109	224	177	100	89	79	67	168	99	225	40	8	214	119	72	48	145	220	112	120	75	98	251	31	237	158	5	124	224	34	70	34	
73	209	17	101	21	79	99	184	103	224	42	72	214	119	64	116	17	212	120	106	65	48	123	31	173	190	5	52	82	171	64	32	
73	153	149	117	169	78	37	183	106	250	106	64	151	51	65	250	129	118	120	8	17	120	209	0	237	190	119	4	138	112	131	185	
120	8	185	100	10	79	67	56	98	36	174	8	215	55	0	114	18	244	108	104	9	41	251	29	217	239	97	52	112	170	68	98	
77	61	149	101	177	78	71	154	113	251	174	88	223	113	201	191	17	86	108	122	57	240	249	8	237	190	69	20	202	241	194	32	
16	169	191	117	0	206	65	147	230	177	162	0	183	23	64	50	33	118	108	24	75	201	179	40	201	195	37	20	160	160	7	42	
111	167	192	26	205	53	206	235	83	251	189	223	72	232	222	190	93	206	178	175	190	106	206	243	30	94	213	255	223	239	218	148	
73	28	21	117	168	174	36	55	236	186	42	116	188	51	129	123	135	54	110	8	225	252	81	92	164	170	118	0	200	96	129	41	
77	220	149	101	160	46	101	186	112	250	106	104	223	51	193	255	3	76	108	106	233	252	241	8	132	234	101	4	106	241	67	33	
45	244	225	67	205	61	198	223	83	235	125	76	10	248	220	188	89	206	18	30	219	114	252	147	47	92	133	62	219	254	210	164	
201	29	21	85	178	14	36	55	124	186	34	116	183	51	129	113	7	55	108	56	97	220	81	78	164	170	118	0	8	192	129	41	
112	233	144	42	25	221	2	204	166	53	168	9	166	208	106	16	200	8	104	80	78	43	90	49	153	212	0	123	80	10	14	14	
76	161	189	101	137	78	71	136	98	240	160	8	214	119	73	114	145	85	120	88	11	64	251	17	205	179	5	60	128	114	71	34	
105	241	17	104	93	79	67	216	103	224	104	8	214	85	0	52	152	220	82	106	73	50	249	31	117	156	5	60	74	10	66	50	
80	152	155	253	160	204	37	183	186	27	98	64	183	183	96	122	161	127	104	8	17	216	178	32	193	162	118	0	160	112	135	171	
124	105	250	96	253	95	83	220	67	164	172	8	19	209	69	48	88	220	68	120	88	43	248	16	251	221	5	125	227	187	86	34	
64	28	31	117	160	108	37	55	180	26	106	112	183	55	129	123	7	54	108	8	113	216	179	20	197	162	114	0	0	240	5	57	
217	124	29	117	32	78	101	178	240	186	34	88	151	51	129	59	129	116	108	106	225	252	241	14	197	171	101	20	72	241	67	33	
124	33	248	106	157	109	83	136	195	172	172	8	115	241	65	26	153	250	100	80	26	99	218	48	219	205	37	121	242	123	198	34	
76	181	177	119	153	76	71	136	98	243	168	8	214	117	73	58	145	86	104	122	27	96	251	35	237	190	69	124	192	115	199	34	
201	28	21	117	176	174	37	55	244	178	98	80	247	51	128	115	7	54	104	24	33	220	81	14	173	170	118	0	40	192	129	41	
116	161	184	106	157	77	87	200	194	181	173	8	115	249	73	18	152	212	109	114	26	35	250	49	251	205	37	125	241	59	198	34	
208	92	159	117	138	238	53	183	188	182	38	16	182	55	33	123	163	119	105	0	96	221	179	46	225	163	118	1	128	113	133	42	
217	124	213	117	160	14	71	182	112	162	166	88	83	51	129	119	7	244	108	106	233	252	241	10	225	175	117	16	106	240	194	40	
124	225	121	104	28	93	83	248	67	164	172	8	83	213	91	48	88	220	84	122	74	35	248	28	251	205	5	125	113	186	86	98	
92	172	185	102	136	109	87	174	226	190	172	8	215	245	73	50	145	214	108	58	24	99	251	58	217	207	101	61	224	114	198	98	
124	161	185	102	156	77	87	152	98	164	172	8	83	245	73	48	24	222	108	72	9	34	249	56	251	205	37	60	240	250	70	98	
84	172	189	117	136	110	69	175	242	243	160	24	247	247	64	123	129	214	108	24	59	75	251	57	201	227	117	60	224	112	135	106	
112	168	185	101	8	79	67	138	34	169	170	8	215	119	64	48	153	246	108	16	9	11	251	34	217	231	37	112	96	34	6	98	
112	233	156	186	25	141	2	204	239	61	168	9	166	210	74	20	201	202	106	80	30	43	91	49	153	208	20	123	208	26	14	10	
100	225	185	98	213	205	71	140	66	165	45	8	82	245	72	48	153	218	112	90	91	50	250	49	111	141	5	125	224	59	214	34	
193	124	29	117	160	46	100	55	124	170	98	112	191	50	129	123	135	39	124	40	225	220	81	78	164	186	118	0	72	240	129	41	
88	184	152	113	169	237	80	159	187	59	164	24	191	187	72	26	133	95	236	24	26	105	219	51	203	223	53	124	194	64	195	11	
82	184	158	186	203	201	48	199	191	149	160	57	46	254	100	90	163	243	235	16	18	75	154	241	155	211	95	107	128	64	167	74	
33	173	123	87	244	175	239	119	117	234	126	64	113	99	180	52	127	126	22	42	241	184	45	111	110	174	37	128	103	250	226	169	
92	48	156	244	168	44	89	27	171	187	167	24	223	55	73	91	135	87	125	24	56	69	251	0	219	251	119	116	128	225	131	51	
2	157	22	191	186	163	190	166	174	17	218	162	236	254	32	64	231	115	255	193	82	137	11	255	172	246	222	195	20	86	165	27	
85	166	134	29	25	136	96	234	246	146	226	68	227	226	73	87	113	228	104	44	43	193	139	27	184	166	71	12	232	96	97	4	
73	121	17	225	25	207	163	58	42	232	168	72	159	23	65	32	128	125	88	74	3	104	240	93	229	156	7	60	72	32	3	187	
81	130	134	60	9	137	96	104	230	16	226	68	227	194	105	215	240	4	104	4	14	67	131	17	152	230	67	72	200	32	105	4	
37	233	97	74	213	207	71	248	67	96	108	8	114	209	93	52	88	234	18	126	75	50	252	61	47	28	133	60	91	187	210	228	
113	132	14	28	25	139	66	106	116	2	226	8	227	224	40	81	81	172	106	40	108	241	87	31	145	166	1	21	112	40	104	0	
65	128	22	12	28	11	96	106	116	129	226	0	163	162	32	81	120	164	106	44	12	251	17	29	144	170	82	20	80	40	97	8	
135	95	237	5	242	10	175	48	60	234	94	230	221	38	147	99	54	101	62	239	225	212	37	78	100	42	111	132	44	242	1	241	
103	235	200	65	236	29	206	191	91	249	60	92	66	232	222	180	217	206	114	92	157	122	206	178	46	31	213	252	221	252	218	132	
127	106	228	21	141	57	92	138	195	246	174	159	74	104	215	159	89	198	236	62	204	103	239	128	26	91	197	55	231	252	94	70	
72	92	151	85	161	110	101	55	185	170	110	64	190	55	1	255	133	118	232	8	97	216	177	72	229	250	84	2	10	240	131	56	
254	116	228	20	141	123	85	170	209	246	134	191	74	236	223	143	25	230	232	102	236	103	255	168	251	91	197	55	231	252	222	86	
94	114	158	180	170	8	28	156	168	190	138	237	207	230	203	90	167	213	237	247	76	69	143	96	216	231	111	189	164	247	175	83	
223	246	173	23	170	124	151	191	250	255	31	253	254	116	222	175	21	70	252	47	247	69	255	55	232	35	125	214	202	119	135	117	
100	241	241	66	245	109	71	220	67	169	61	40	18	241	205	60	25	222	68	90	11	50	248	48	127	156	37	124	243	251	198	160	
112	168	12	60	24	141	0	104	230	28	224	9	226	192	0	80	200	168	104	64	14	35	218	29	209	160	33	121	80	42	6	10	
71	179	141	51	170	57	22	153	174	249	155	237	206	230	203	218	151	71	236	119	151	65	207	112	136	23	127	254	140	87	139	85	
175	72	99	78	68	147	235	112	69	64	119	198	113	72	181	228	120	232	18	239	225	178	44	255	48	40	162	128	127	191	112	164	
237	110	196	69	205	63	196	170	123	178	38	92	74	40	215	191	9	196	232	110	236	116	213	138	30	90	69	53	207	253	90	4	
71	246	197	3	170	58	175	152	62	251	19	228	220	102	223	239	23	69	124	63	151	192	239	64	12	58	111	198	140	247	129	117	
111	36	128	85	237	61	230	155	91	251	61	92	202	104	223	190	153	78	114	30	149	114	221	162	14	94	213	62	206	253	218	132	
3	203	98	136	22	145	156	229	4	4	80	231	40	8	182	192	78	43	147	197	214	136	4	253	32	0	142	193	29	12	185	220	
100	233	249	98	244	73	71	152	67	173	60	40	82	245	201	48	25	218	68	122	26	50	234	49	127	141	37	125	224	251	198	34	
45	173	97	74	213	205	231	252	67	224	108	8	114	241	220	180	24	202	18	126	219	58	248	61	45	28	133	124	91	186	210	164	
116	169	249	100	170	73	87	190	98	172	60	40	87	247	193	50	19	214	108	120	26	106	235	49	249	135	37	61	224	242	198	99	
94	59	220	165	170	26	30	184	43	172	154	239	207	107	195	210	182	215	237	115	68	209	201	168	190	231	109	151	172	246	11	19	
97	169	121	108	120	203	67	87	99	232	124	8	54	215	64	48	24	190	84	72	11	58	225	11	253	172	37	56	98	138	70	107	
126	176	228	26	139	113	31	206	131	247	141	191	74	252	95	158	205	211	249	147	142	71	254	241	91	87	221	191	183	117	190	86	
248	184	152	113	185	237	80	159	187	57	164	24	159	187	72	26	133	95	236	24	26	105	219	51	203	223	21	124	194	64	194	10	
82	184	218	184	154	192	48	239	190	5	232	179	44	254	100	80	163	251	239	144	18	75	130	243	217	231	31	235	177	0	167	203	
33	141	123	95	244	171	239	247	124	200	126	64	113	99	180	52	127	106	6	42	177	184	36	111	110	174	52	0	103	234	226	169	
92	48	156	244	168	108	89	27	170	179	167	24	215	183	73	90	133	215	125	24	24	69	251	0	219	251	117	124	160	225	67	34	
84	78	222	180	162	106	55	162	168	190	42	161	79	167	35	91	167	119	237	98	112	213	137	106	248	231	109	135	160	241	167	83	
47	163	224	26	205	49	204	203	83	183	189	191	73	236	223	156	93	202	227	149	158	98	238	242	30	94	221	255	247	253	222	196	
109	185	128	65	221	157	98	154	123	249	104	76	154	177	92	180	153	78	114	92	135	122	217	211	47	28	5	110	202	4	90	164	
72	185	145	116	217	204	113	134	251	224	42	8	158	183	64	182	129	118	120	80	1	89	178	96	253	182	21	102	130	32	7	42	
41	189	0	65	93	157	98	250	123	224	108	76	26	145	84	180	157	104	82	92	195	58	216	223	47	92	5	46	90	12	74	180	
107	57	19	81	197	157	100	23	251	232	38	76	170	144	68	180	132	110	242	8	145	120	208	194	15	92	21	50	74	132	202	44	
90	90	222	165	19	154	58	114	173	164	90	231	205	138	34	192	182	117	237	197	132	153	133	204	178	103	74	131	46	166	41	19	
81	2	148	13	24	10	97	43	118	161	226	80	135	34	192	211	64	140	104	44	41	220	199	29	140	166	114	20	8	0	41	12	
130	32	159	153	102	137	184	2	62	17	82	82	132	130	64	72	106	9	51	144	18	220	67	208	4	16	218	192	148	0	1	136	
130	32	156	153	100	137	184	64	174	25	80	144	140	142	96	73	230	25	51	145	2	92	2	209	4	16	90	234	148	8	33	129	
56	0	98	236	84	11	64	88	69	32	245	10	27	9	53	80	120	140	6	168	136	179	0	140	210	233	160	0	119	138	114	128	
95	178	173	85	169	94	157	184	243	255	150	237	251	125	218	175	151	86	253	45	255	65	255	153	203	123	125	255	142	228	31	119	
79	242	173	5	40	95	17	184	46	253	23	236	223	116	203	110	151	84	252	127	151	64	239	21	204	59	111	246	142	166	3	117	
130	144	155	153	48	165	185	66	62	27	80	112	148	158	96	72	231	27	51	17	50	156	2	83	77	22	58	202	144	0	33	147	
79	243	237	5	162	30	191	152	110	252	23	228	221	102	223	110	23	85	125	126	129	208	237	72	78	59	111	132	140	247	1	117	
124	123	88	165	50	11	26	184	42	172	58	237	71	11	195	16	182	221	205	98	204	18	201	12	254	229	37	183	108	178	10	19	
71	123	253	5	34	26	175	176	108	232	86	228	221	38	211	110	54	85	126	111	193	208	237	72	108	59	111	132	140	179	1	245	
32	45	115	77	114	203	99	117	105	172	124	42	50	151	160	52	58	60	6	104	67	186	36	93	124	140	32	162	103	138	70	233	
13	95	239	101	38	90	127	48	117	206	86	230	249	47	147	99	54	125	183	238	225	208	37	236	102	235	239	128	47	246	65	249	
216	160	188	112	169	205	81	159	251	59	164	24	191	151	72	58	129	159	125	24	58	111	243	51	219	219	53	125	194	128	199	42	
82	175	218	172	186	194	59	199	38	133	216	163	37	167	34	80	126	255	143	129	26	155	128	127	248	165	174	201	53	2	167	203	
92	33	185	116	168	108	89	17	226	187	167	24	151	183	65	122	129	214	125	24	24	99	251	0	219	235	117	125	224	225	198	34	
114	40	233	16	94	233	209	71	91	229	168	159	34	44	86	16	201	166	195	133	12	107	244	82	27	28	145	59	245	76	86	222	
99	43	122	80	116	189	112	87	233	173	60	29	162	168	214	50	128	162	70	12	150	121	166	65	6	60	16	59	200	200	202	205	
91	27	138	164	19	150	122	99	165	192	202	199	45	234	50	192	244	165	249	197	205	137	144	204	178	229	138	9	40	36	41	28	
43	171	96	81	125	157	232	87	203	189	124	77	170	136	214	148	141	170	198	29	134	122	230	213	46	93	20	233	79	140	218	141	
82	123	138	164	18	134	58	112	32	164	206	199	77	235	98	80	182	237	233	197	76	153	149	76	250	229	143	1	40	162	41	18	
107	171	224	17	253	157	232	135	251	181	60	141	138	168	214	158	137	46	226	28	150	122	230	192	46	93	148	123	198	204	218	204	
84	187	218	164	210	10	63	248	34	164	110	237	77	231	67	80	54	253	229	246	64	17	136	72	248	165	45	133	160	178	7	83	
86	243	218	165	146	10	62	152	34	164	10	237	79	231	75	18	54	221	237	246	80	17	153	0	248	229	47	228	168	179	135	83	
250	52	164	20	9	127	85	59	243	254	134	29	42	60	22	159	9	228	236	32	236	239	247	140	155	115	85	55	99	108	94	94	
79	243	173	33	40	92	27	184	170	125	7	237	215	198	202	226	150	85	252	117	135	64	255	17	136	51	109	252	140	166	3	117	
