Ê¥ÂÞÀ¼´¿¿Úºì	#57 Ã÷ÁÁÂã´½	http://www.yslbeautycn.com/on/demandware.static/-/Sites-ysl-master-catalog/default/dw4eba5a58/Makeup_Pro_img/00030YSL/L4482000U_2.jpg	//www.yslbeautycn.com/dw/image/v2/AARM_PRD/on/demandware.static/-/Sites-ysl-master-catalog/default/dwe02dbcab/Makeup_Pro_img/00030YSL/L4482000U_1.jpg?sw=336&sh=444&sm=fit
2	140	2	158	148	131	174	231	22	2	88	2	104	234	48	64	121	107	19	129	114	190	10	255	40	38	159	128	21	26	176	136	
116	61	190	102	217	110	99	16	233	172	175	8	82	115	67	27	168	244	108	122	24	99	176	8	219	185	65	24	194	99	70	34	
26	135	106	252	187	208	191	103	141	5	220	163	45	239	38	64	126	187	159	129	82	139	34	223	251	229	154	203	55	6	165	235	
8	207	192	173	50	160	175	183	14	13	92	231	189	38	186	192	102	75	7	141	195	152	5	247	100	37	190	128	60	212	169	249	
123	207	110	236	93	22	206	182	65	96	222	14	35	40	183	231	104	198	127	239	237	171	117	173	54	121	152	144	127	157	120	44	
138	156	23	249	114	165	57	55	158	25	90	246	188	151	160	64	231	59	183	145	178	152	67	215	77	176	186	194	146	76	37	187	
33	205	97	77	244	219	239	255	85	104	120	70	113	96	180	164	122	74	22	108	241	184	109	255	44	30	165	192	95	154	208	237	
35	221	113	73	244	223	239	255	93	105	120	102	120	56	180	164	126	42	22	236	243	184	101	255	44	30	164	192	95	138	208	237	
3	159	70	155	179	146	186	231	159	77	218	247	44	238	182	196	102	43	187	133	182	137	4	255	44	52	142	195	159	132	185	221	
62	93	126	206	62	215	159	121	133	8	253	162	120	95	167	97	126	177	159	234	248	163	58	253	115	233	32	154	55	171	36	115	
25	207	76	173	50	146	107	151	52	69	94	231	169	39	178	196	118	10	151	140	143	152	37	191	230	229	186	128	63	212	185	249	
62	121	98	234	125	221	222	204	201	172	181	11	43	221	127	148	250	249	215	227	206	39	248	253	179	216	135	63	119	191	126	223	
50	73	98	140	92	131	206	100	197	128	248	2	42	136	53	64	104	233	23	227	200	171	0	236	176	168	138	152	117	59	112	136	
62	73	98	228	86	2	238	240	229	128	254	130	75	207	53	80	126	237	23	234	200	179	4	204	178	237	167	132	103	187	112	128	
185	69	105	69	38	26	111	52	101	66	127	198	123	12	147	228	122	204	20	238	205	180	101	138	102	233	160	128	111	255	120	124	
6	96	130	152	20	131	170	64	22	131	83	18	8	202	41	72	121	40	2	144	34	148	0	202	0	6	159	128	148	25	48	128	
27	73	98	229	86	146	255	116	101	192	222	135	121	15	183	96	126	253	151	239	204	155	37	236	114	237	174	128	39	183	112	253	
89	157	111	236	20	198	79	55	100	196	222	66	113	119	178	116	112	230	28	239	249	153	53	15	241	239	162	128	38	226	244	120	
166	96	226	213	68	0	172	64	90	163	113	18	8	136	125	40	123	77	19	131	194	182	134	194	20	14	218	172	69	61	115	132	
134	96	162	145	68	1	172	72	30	227	81	18	12	136	121	8	127	73	19	211	226	246	134	194	4	4	155	164	5	61	49	192	
61	205	107	204	86	147	239	252	68	192	222	198	113	237	183	100	126	232	23	239	201	179	44	255	114	45	167	128	53	187	240	249	
14	189	114	225	244	191	250	219	127	233	255	43	223	255	212	32	255	159	127	31	146	186	233	246	222	221	39	230	199	239	193	193	
58	141	114	233	215	231	250	119	13	1	122	3	41	155	52	196	250	187	151	145	150	184	16	255	47	221	138	195	119	142	252	142	
24	141	106	201	148	247	251	119	84	5	94	2	57	57	178	224	120	58	151	184	154	184	53	191	111	239	162	193	55	138	252	168	
155	222	102	188	6	147	254	246	213	70	214	151	41	140	182	101	110	160	150	207	236	181	36	191	114	235	226	129	119	156	116	220	
2	180	170	184	83	225	184	71	31	69	204	179	12	159	46	64	251	155	147	145	50	154	16	215	95	87	154	203	181	68	165	218	
134	0	134	144	148	34	168	72	148	131	211	18	64	202	120	72	89	44	27	177	48	133	0	194	0	6	158	132	148	121	176	128	
186	67	110	220	77	81	205	108	199	92	212	135	34	204	63	67	216	232	167	229	204	99	166	153	51	121	199	189	55	188	116	254	
139	157	47	152	166	147	189	55	156	82	86	182	188	38	162	97	102	51	186	205	241	157	37	255	224	35	250	192	28	140	177	125	
251	79	110	236	78	18	207	118	129	196	222	131	41	47	151	246	108	198	221	239	236	139	165	236	50	107	138	153	39	181	122	76	
56	77	75	238	116	194	90	240	17	64	252	171	115	205	177	208	122	248	151	238	73	178	12	191	114	237	161	137	127	187	124	218	
204	73	119	126	111	196	253	113	253	14	113	2	125	219	37	117	226	49	55	106	96	39	10	253	115	250	98	8	87	182	101	161	
44	29	191	254	157	231	151	113	220	192	205	2	246	253	33	96	216	122	155	10	59	171	122	191	227	255	134	10	146	107	244	178	
2	148	122	217	211	241	184	71	31	69	92	179	44	159	38	64	235	155	147	145	18	154	32	215	95	87	154	195	181	76	165	250	
198	14	30	216	253	160	176	66	184	31	114	48	140	219	37	73	227	49	163	17	48	239	130	198	87	55	90	75	208	65	101	163	
224	216	252	94	107	93	87	184	203	126	180	40	58	117	7	63	134	242	253	74	66	111	250	57	87	187	96	59	82	57	70	123	
19	141	99	206	84	130	239	119	197	192	222	66	113	224	180	100	120	166	22	169	249	187	36	207	48	46	162	128	37	234	240	44	
163	223	107	79	118	215	235	244	84	72	86	198	113	76	182	101	126	232	22	239	225	188	61	127	110	46	167	192	125	138	112	253	
125	219	106	142	60	157	210	120	198	136	157	207	123	201	187	192	92	232	127	111	204	35	222	153	242	41	163	185	127	175	120	137	
57	64	96	77	4	26	70	48	101	96	246	10	123	9	149	52	90	132	100	234	200	182	101	140	114	249	32	16	103	190	114	44	
150	160	162	129	132	2	168	202	54	115	146	19	8	138	120	11	121	205	63	149	168	213	133	194	156	0	222	228	133	4	49	200	
92	45	254	102	147	110	83	16	161	132	175	0	95	119	1	126	50	244	93	122	56	193	177	106	219	237	1	16	226	227	102	34	
114	36	2	128	148	34	138	71	52	161	218	2	2	138	104	64	120	140	29	176	8	147	129	194	184	132	142	196	132	10	176	0	
232	248	252	94	105	77	213	190	235	62	52	8	62	191	71	59	135	82	115	74	66	111	250	113	87	153	84	63	83	81	71	171	
24	189	58	254	147	221	55	103	237	9	110	0	62	255	32	112	166	59	219	0	82	169	50	255	243	253	22	11	66	0	175	59	
72	189	190	246	147	220	52	247	175	73	110	20	190	191	32	82	165	115	249	0	87	201	146	231	235	247	22	75	10	64	167	27	
54	33	96	204	76	3	202	72	67	162	248	10	66	8	117	3	88	196	87	227	200	35	73	216	22	8	195	188	117	107	114	128	
129	144	187	217	116	175	185	83	126	75	83	112	180	158	44	104	183	59	55	17	179	188	48	87	77	30	58	192	144	0	129	235	
185	221	107	111	118	87	239	252	65	236	124	134	123	77	183	32	126	232	23	238	233	182	60	191	115	233	165	128	119	186	252	249	
172	48	186	122	237	253	209	80	218	223	245	24	154	221	111	58	217	56	211	16	34	103	250	130	75	221	117	59	211	105	110	179	
190	113	108	170	95	19	94	121	5	228	213	175	107	77	59	0	92	185	151	231	218	131	76	189	243	193	137	187	117	191	182	210	
38	65	74	136	76	3	138	72	6	176	241	2	64	200	121	73	120	136	19	243	2	35	74	208	20	0	203	172	213	59	112	128	
66	148	240	233	203	241	185	207	59	51	92	51	28	190	108	104	247	31	179	145	18	26	142	215	95	39	154	239	183	68	167	227	
220	88	158	188	33	228	119	66	188	142	198	17	62	179	35	91	224	109	121	70	104	207	146	106	209	243	90	11	8	113	45	90	
15	185	36	155	213	215	178	248	23	253	85	39	72	252	250	173	93	90	147	240	182	248	43	189	111	79	175	231	183	14	188	215	
10	143	34	184	247	145	184	103	159	13	92	167	44	234	54	68	206	43	131	133	150	171	6	255	106	85	154	203	23	12	189	223	
130	147	43	184	181	197	176	103	158	77	88	55	172	188	54	64	225	43	151	21	182	169	50	255	73	22	58	203	208	12	181	219	
88	33	19	165	22	66	105	113	36	160	223	34	255	51	128	65	122	188	29	168	25	155	65	140	209	231	171	16	38	170	55	33	
19	132	99	141	150	178	41	119	125	65	90	214	61	46	188	228	119	143	23	173	183	152	37	223	60	46	186	192	47	132	177	124	
104	189	120	226	240	207	127	183	50	45	124	8	55	183	66	48	21	190	21	24	90	154	248	63	255	205	37	224	224	130	198	187	
51	93	107	204	84	7	203	112	68	68	253	134	17	149	182	36	124	136	23	238	201	179	52	206	115	172	162	132	117	187	114	240	
40	181	250	242	240	205	127	247	50	77	124	9	55	215	74	16	151	186	23	24	90	154	248	55	239	205	52	233	176	130	198	123	
154	159	30	184	178	209	24	231	190	29	194	177	173	158	34	193	230	59	141	209	54	137	2	127	251	225	58	219	16	0	173	91	
90	157	22	254	155	192	52	231	175	21	202	35	44	255	34	80	227	59	171	128	82	137	154	247	251	247	30	75	18	4	165	219	
3	28	51	217	114	180	184	119	190	73	88	114	188	190	164	109	230	59	158	144	151	26	34	213	31	50	122	202	152	0	33	191	
162	233	96	154	93	193	178	236	158	68	80	171	44	204	118	0	200	123	147	195	66	58	78	253	61	16	142	235	85	28	87	218	
57	237	121	105	244	143	71	252	81	172	124	40	51	69	145	48	88	216	6	106	203	186	104	63	119	141	37	36	115	154	198	169	
3	193	82	184	111	153	120	76	239	208	112	3	15	202	118	249	234	169	190	213	70	161	22	208	158	88	138	207	60	134	107	142	
3	18	62	200	116	150	185	86	237	93	84	100	140	30	182	124	230	17	159	29	150	139	32	212	87	89	186	195	150	133	103	127	
62	120	114	138	93	221	218	200	143	44	181	11	110	220	111	132	248	185	223	243	78	35	122	245	147	209	139	127	87	31	124	215	
168	224	184	113	109	109	241	206	122	55	36	24	187	153	91	27	137	90	99	88	2	124	250	49	71	153	85	61	210	217	206	170	
138	176	251	179	102	141	184	85	158	89	81	243	188	157	124	8	142	25	215	21	150	220	198	193	77	25	250	234	4	12	19	219	
89	97	84	229	5	22	92	95	39	160	206	2	27	19	129	124	112	140	61	168	74	208	81	220	211	251	147	5	38	176	112	42	
146	129	102	136	214	131	190	101	133	64	211	147	72	78	62	97	254	179	159	231	244	139	12	223	56	40	139	197	53	14	177	86	
11	133	36	139	183	215	159	189	12	69	95	130	253	84	186	228	86	19	155	111	211	136	109	245	237	121	142	197	22	142	149	117	
19	1	195	204	118	6	203	121	33	160	243	202	91	3	176	164	126	157	22	236	137	178	133	206	144	252	139	132	127	162	96	53	
189	139	194	236	87	18	106	120	65	32	127	206	107	200	191	244	62	236	150	238	205	178	12	143	50	237	161	132	127	174	120	132	
48	133	66	173	148	130	70	103	5	1	250	2	35	40	52	64	120	130	6	225	88	186	1	221	176	236	138	64	53	138	240	136	
62	88	98	234	125	215	218	216	197	76	181	11	107	93	63	144	252	176	159	227	206	35	88	253	179	217	131	187	119	191	124	214	
167	41	42	17	245	187	176	99	92	225	91	23	128	136	118	168	216	43	146	21	183	188	84	198	12	28	155	67	221	76	217	132	
24	239	91	234	82	193	123	246	39	5	124	163	61	199	40	16	54	187	135	194	2	152	8	253	119	197	160	201	55	146	38	139	
23	137	167	206	159	214	171	169	206	88	82	66	120	250	189	228	114	107	58	219	211	233	47	253	9	46	254	196	149	38	33	108	
188	223	79	78	212	70	231	255	85	14	124	70	121	113	189	69	121	194	6	234	113	163	9	255	114	175	230	200	123	243	224	139	
142	156	19	184	203	225	185	107	156	18	65	179	140	254	96	73	255	57	179	177	48	30	2	214	93	34	219	239	145	37	37	147	
3	164	34	129	229	189	172	231	93	107	90	71	140	184	246	160	185	11	18	5	215	184	4	215	12	30	154	195	76	12	217	157	
3	169	3	136	31	213	186	232	142	192	144	195	125	218	123	226	254	97	59	247	199	11	158	253	184	1	143	222	28	7	41	92	
58	251	106	172	114	131	94	220	3	4	120	175	45	207	35	16	254	185	151	231	138	146	24	157	242	197	169	175	55	159	54	219	
19	41	103	143	31	211	170	73	134	224	217	194	104	140	245	166	126	93	187	255	147	9	255	253	61	40	139	190	21	15	49	252	
188	223	27	170	214	231	71	249	85	108	252	78	99	194	43	80	88	202	6	234	107	19	40	191	184	193	175	125	57	91	252	248	
2	153	243	77	247	209	191	231	78	65	88	162	172	188	180	164	158	123	147	65	211	56	52	253	37	60	10	170	87	126	165	253	
55	105	99	15	93	155	171	200	198	96	219	207	104	140	189	164	124	108	219	255	147	51	188	253	53	44	139	184	85	159	87	244	
60	169	232	111	84	11	235	121	86	161	119	139	115	121	56	33	120	204	19	239	188	248	13	61	95	79	161	165	119	171	80	128	
188	255	26	162	159	99	71	237	6	236	156	78	83	192	107	128	121	202	142	251	107	35	60	190	185	133	173	125	61	91	188	120	
198	144	123	152	203	228	185	75	59	115	113	27	28	158	108	120	247	159	179	145	150	30	178	211	93	60	90	111	149	68	167	211	
55	75	195	142	86	27	202	200	65	100	249	207	107	200	191	244	122	200	134	239	205	179	60	201	178	108	133	38	127	190	122	220	
34	184	162	153	223	237	176	199	159	87	80	155	172	188	102	8	205	59	179	17	54	126	210	243	15	22	158	235	213	76	151	223	
2	170	54	155	109	201	184	198	158	93	80	55	172	138	98	73	239	43	179	21	6	92	66	241	4	16	218	235	20	12	173	207	
185	71	107	133	86	50	111	117	116	230	222	199	81	36	147	229	126	204	22	239	237	148	37	14	116	47	234	128	47	247	120	252	
26	214	123	227	18	15	191	252	62	107	94	231	125	15	168	96	55	223	151	165	195	157	61	223	247	207	63	196	45	210	37	249	
54	37	98	200	78	2	248	73	9	242	153	131	72	14	124	3	126	157	23	183	200	35	205	192	30	8	139	172	53	110	113	208	
126	241	112	138	109	221	246	236	171	188	181	11	42	220	95	150	248	217	207	243	78	35	218	241	63	88	135	63	83	63	110	206	
44	48	186	112	197	245	241	75	82	255	189	26	26	157	127	40	249	152	147	144	26	119	176	146	95	77	145	111	195	77	126	242	
118	40	98	212	76	162	234	64	225	192	147	131	8	206	117	10	108	229	95	247	136	163	134	200	16	40	203	136	133	39	114	208	
161	32	139	149	69	100	233	67	18	99	115	18	144	171	80	40	249	143	51	137	49	254	240	195	93	174	218	100	129	9	243	226	
26	157	59	252	19	208	183	103	173	69	238	34	60	255	34	96	242	187	147	129	82	139	50	205	243	229	10	11	115	2	165	250	
128	156	62	189	2	228	177	39	188	23	66	17	180	190	34	73	167	51	59	1	54	221	19	117	193	163	90	67	16	0	37	219	
130	152	62	153	11	229	177	71	174	29	64	19	180	158	102	73	231	59	59	145	22	141	50	117	207	0	26	75	16	0	165	219	
110	32	248	80	205	185	120	67	235	183	36	24	9	171	86	190	35	154	241	152	22	94	230	194	95	223	208	105	231	196	222	134	
80	156	154	181	146	226	49	39	188	7	202	49	189	190	34	64	163	55	169	145	20	153	129	103	201	231	58	67	160	64	173	91	
2	204	2	158	148	131	174	231	22	1	90	2	96	234	32	64	121	106	19	128	114	190	8	255	40	38	143	192	21	26	176	136	
158	90	87	94	111	16	238	120	221	10	113	98	104	219	189	221	126	241	166	106	225	39	10	253	18	250	66	138	119	191	101	161	
155	207	100	159	144	148	111	180	53	68	70	199	41	39	179	245	102	234	157	206	239	152	37	239	166	233	174	128	62	149	248	92	
186	83	235	236	109	83	213	108	207	78	244	167	34	140	183	75	200	252	167	99	205	107	230	153	82	113	250	187	21	60	116	223	
172	48	186	80	109	253	145	88	218	207	245	24	146	221	127	40	217	56	151	25	139	231	242	130	75	157	85	127	195	105	118	243	
153	69	107	71	118	26	111	52	116	66	94	198	91	44	147	229	122	204	22	238	237	180	37	174	118	111	226	128	111	255	248	252	
49	205	107	206	86	147	239	244	196	192	222	198	113	237	183	100	126	238	23	239	201	187	36	191	114	173	167	128	53	186	112	248	
50	73	66	156	92	131	238	102	141	0	240	2	40	200	53	64	104	232	23	227	72	187	0	237	52	40	138	136	85	57	112	136	
30	189	114	224	246	187	122	210	127	225	254	170	159	255	245	32	255	255	23	249	152	186	45	254	254	221	35	230	231	175	97	129	
251	77	110	204	93	82	207	118	33	68	214	135	105	46	183	119	72	198	253	237	236	139	229	239	114	107	154	145	39	148	126	92	
134	96	130	155	20	131	170	64	22	131	81	18	64	202	121	72	121	40	19	147	34	180	0	194	0	6	155	128	148	25	48	128	
242	93	230	220	150	50	222	150	29	70	210	247	105	236	183	107	126	231	191	231	169	165	37	234	50	46	250	128	181	253	116	125	
106	124	242	252	108	60	252	214	187	75	252	163	173	191	245	122	239	253	255	133	128	87	226	227	214	253	254	170	135	252	99	219	
18	151	209	171	210	224	184	207	30	49	88	243	173	187	108	192	119	27	147	145	18	24	4	215	172	228	190	231	181	64	175	139	
185	93	106	238	116	87	95	252	85	206	252	2	123	93	191	160	124	248	151	234	232	183	60	191	243	201	165	145	119	191	124	249	
131	222	103	159	102	22	175	244	156	202	82	246	121	108	181	231	127	101	63	239	229	221	47	239	36	42	254	128	47	180	49	253	
190	91	106	78	54	211	223	248	151	204	253	170	123	221	183	36	94	120	151	238	232	163	44	191	99	77	165	180	119	191	84	241	
190	93	98	238	117	87	94	248	69	76	252	11	107	93	183	224	126	248	151	235	204	167	124	191	243	201	161	153	119	191	124	211	
143	177	172	138	61	215	187	216	134	252	149	167	221	222	250	226	222	89	187	255	198	65	123	181	79	89	175	255	22	175	61	245	
155	223	68	191	178	150	111	180	148	68	84	199	189	71	179	197	102	107	23	206	231	152	54	191	230	233	174	128	62	149	185	221	
185	220	106	111	118	215	235	248	85	76	118	146	123	93	190	33	126	232	23	238	233	182	61	191	119	239	161	128	119	171	116	249	
50	36	66	160	148	34	106	198	33	161	218	2	3	10	40	80	120	140	21	176	24	155	1	206	184	196	142	196	165	10	176	0	
184	249	98	238	117	223	222	252	65	236	189	11	107	221	63	148	124	248	215	226	204	163	124	191	179	217	133	187	119	190	126	223	
116	61	254	102	178	106	83	65	225	140	175	40	95	247	1	123	34	244	109	114	24	227	160	76	219	173	37	83	227	99	102	35	
218	157	51	254	27	208	54	103	189	64	238	35	46	255	32	80	166	179	219	128	115	139	50	255	243	245	14	11	114	6	167	27	
19	133	99	205	148	162	235	119	124	65	91	194	121	38	188	100	118	167	22	173	145	153	37	207	48	46	186	192	37	134	177	108	
235	73	110	223	109	152	238	48	201	24	87	98	234	216	183	231	106	224	55	203	196	60	174	233	54	121	226	139	111	191	120	141	
185	69	98	101	4	27	102	117	101	98	255	10	91	9	149	116	122	140	20	234	205	182	101	142	118	233	160	16	103	187	112	44	
185	220	107	79	116	87	239	240	84	78	118	214	113	125	182	97	126	236	23	238	233	180	61	191	118	47	225	128	127	187	116	249	
89	157	111	204	20	86	111	55	229	68	206	2	115	55	178	117	112	230	60	238	249	153	53	141	243	234	162	128	39	226	244	108	
10	151	51	186	181	229	185	119	30	77	88	119	188	189	56	64	197	59	151	21	147	168	50	247	201	87	58	202	148	12	181	251	
90	189	22	254	155	192	55	103	175	69	204	163	44	255	34	80	226	179	235	128	82	139	178	253	179	247	30	75	50	6	167	123	
57	19	83	236	119	18	67	120	69	168	255	98	123	19	161	244	122	188	134	234	9	147	97	140	144	237	160	128	63	143	122	169	
187	76	99	204	116	23	207	120	85	74	112	194	89	28	181	229	120	168	22	239	233	182	52	174	49	46	170	128	119	191	112	172	
210	90	6	158	43	176	188	160	172	90	210	231	236	238	167	207	230	101	253	199	229	197	143	237	144	114	202	131	14	119	41	93	
18	141	114	233	181	215	250	119	141	5	122	3	41	155	54	196	238	171	151	209	222	184	16	253	43	220	138	195	55	142	253	142	
12	158	146	241	245	170	178	67	62	15	91	117	140	163	96	64	243	63	134	16	18	184	128	195	204	246	58	71	136	96	169	131	
160	224	184	81	69	109	241	206	94	63	52	24	146	145	79	43	153	90	66	88	2	124	251	49	79	153	85	53	210	89	198	170	
48	133	66	139	148	128	238	231	13	1	250	2	40	10	40	64	120	130	6	160	90	186	65	221	180	160	142	64	85	10	240	136	
33	189	121	67	244	143	111	247	115	45	124	40	51	87	136	52	127	186	23	24	243	186	112	127	111	140	53	224	227	138	198	249	
54	0	65	140	76	3	202	72	135	160	241	74	16	200	117	3	88	200	87	227	8	35	74	216	20	8	139	188	85	43	112	128	
33	189	113	75	244	223	239	247	95	105	124	98	184	20	156	164	95	58	22	28	243	184	109	255	44	30	182	192	95	138	210	237	
33	237	113	75	244	223	239	255	95	105	124	66	113	37	148	164	95	10	22	236	243	184	109	255	44	30	37	196	87	138	210	237	
33	253	97	77	244	203	231	253	85	224	124	66	115	117	180	36	90	202	22	106	241	186	125	255	44	28	37	228	127	138	210	237	
34	249	96	138	95	193	182	236	142	84	80	139	40	156	54	1	200	187	147	225	66	43	82	253	53	16	140	251	85	30	150	218	
139	152	27	217	114	164	184	119	190	9	82	114	188	182	164	232	230	59	151	144	179	152	2	215	13	55	186	202	152	0	41	187	
190	115	13	170	122	199	95	232	150	252	145	239	125	206	59	17	222	249	23	227	111	7	26	253	240	129	171	188	61	59	54	211	
146	36	160	145	150	33	168	71	30	243	18	146	140	14	80	10	47	11	31	145	162	84	137	194	156	6	155	164	133	84	177	192	
10	143	40	184	247	177	184	103	158	5	92	179	173	239	54	64	207	43	131	149	22	152	2	247	110	85	186	203	149	12	189	203	
2	144	187	184	59	192	184	71	190	91	81	51	188	158	44	72	231	59	147	129	23	13	2	211	69	54	154	203	29	4	165	219	
161	75	74	76	116	147	195	112	85	204	244	230	114	193	183	100	88	232	6	238	201	182	108	127	114	44	161	8	127	171	120	252	
56	13	189	254	157	237	215	99	223	8	236	2	182	245	33	96	200	122	59	74	58	43	122	191	227	255	2	27	144	73	101	170	
3	137	51	129	215	183	190	231	78	73	90	66	188	184	54	160	189	43	18	5	215	184	52	245	47	28	30	66	221	78	249	141	
10	148	59	233	211	227	185	71	30	5	72	179	141	159	42	64	251	27	147	145	50	154	16	151	207	199	154	195	148	68	165	218	
138	176	186	184	100	141	184	88	142	89	81	243	156	157	124	136	174	25	151	21	130	101	130	209	69	25	122	238	22	140	27	211	
14	44	242	225	252	171	250	210	127	161	250	10	175	235	85	24	255	255	127	209	146	179	193	234	158	221	15	226	199	235	99	137	
162	197	102	152	214	131	236	231	149	82	147	147	72	78	52	65	111	179	31	167	252	143	12	223	56	42	207	196	21	28	241	84	
15	133	1	155	151	247	186	174	31	97	94	151	204	118	186	228	119	11	155	189	183	152	125	255	173	86	159	199	158	79	153	84	
184	201	107	110	86	195	91	240	20	64	124	163	115	221	177	112	122	248	23	234	105	186	44	63	118	173	160	129	117	155	124	250	
56	35	114	228	77	18	112	113	101	168	254	66	19	131	228	112	120	172	46	40	72	179	225	136	87	205	161	13	35	170	114	171	
11	46	32	185	213	191	176	35	92	239	90	7	160	136	54	8	217	43	19	21	150	184	68	158	76	22	154	227	221	12	153	198	
10	156	19	184	203	227	184	107	23	11	88	179	140	183	96	204	255	59	179	145	16	158	2	214	157	246	154	235	147	4	173	179	
150	4	130	129	148	34	168	66	22	131	218	18	8	138	104	72	121	5	27	176	34	149	1	194	152	6	158	196	132	72	48	0	
91	203	39	206	60	147	170	232	198	136	209	98	120	218	252	228	248	105	62	243	207	3	47	253	56	40	171	204	21	15	49	45	
61	159	79	206	244	71	199	249	21	110	245	102	113	101	175	197	93	224	134	234	249	187	40	191	122	175	229	132	123	170	112	249	
61	151	75	174	116	71	71	249	21	238	245	110	83	119	171	17	93	200	134	226	249	187	40	190	122	207	165	164	59	171	124	249	
34	203	115	79	82	211	191	231	30	4	124	162	40	236	180	36	126	123	147	200	211	186	36	253	45	28	14	170	87	158	165	253	
55	105	11	170	21	215	158	196	133	72	217	203	98	220	183	160	252	233	23	231	207	163	12	191	176	68	171	187	29	63	59	212	
44	123	239	71	84	135	227	216	70	173	247	110	112	201	249	0	88	236	55	251	136	242	74	61	78	9	161	133	111	187	122	147	
10	148	243	185	83	226	184	67	30	99	81	51	12	191	100	204	255	159	147	145	19	158	144	211	29	102	154	231	151	68	167	243	
24	141	102	237	149	214	254	119	69	4	222	3	57	57	178	224	106	178	159	232	220	185	53	189	235	237	170	193	55	142	252	74	
189	219	106	46	85	151	250	240	21	200	116	135	51	205	183	0	124	232	151	207	204	186	28	175	114	109	161	137	127	175	122	218	
161	91	106	78	86	147	235	240	84	68	116	135	32	201	183	68	124	232	2	206	198	190	60	255	118	40	162	9	127	155	124	252	
137	168	146	149	101	250	184	67	126	71	87	18	172	194	98	140	89	42	162	8	54	252	240	195	134	247	154	67	198	13	157	196	
247	8	230	214	204	130	234	64	161	194	211	131	72	206	119	107	104	229	87	247	140	231	134	200	18	40	207	136	133	55	114	196	
56	132	74	97	208	34	106	126	53	33	254	2	89	43	40	16	121	133	6	168	56	179	1	14	126	207	160	196	227	128	224	128	
62	73	98	228	86	2	238	240	229	128	254	2	75	139	53	80	122	237	23	235	200	179	4	236	178	236	143	128	103	187	112	136	
24	157	63	253	147	192	183	39	36	5	206	163	191	63	32	64	230	59	157	129	90	137	33	191	227	229	58	67	54	2	165	250	
61	79	106	174	60	135	75	112	69	12	253	239	99	200	179	20	126	168	6	111	204	163	12	191	240	237	161	184	117	175	114	101	
189	71	235	5	214	50	239	52	48	230	223	199	81	36	147	229	126	196	151	239	237	212	101	10	118	111	238	128	175	247	120	252	
19	113	74	136	68	205	232	72	109	72	241	103	28	154	118	80	234	137	23	213	199	35	22	208	22	8	170	205	125	2	107	202	
47	61	250	225	244	191	251	210	79	232	124	174	27	189	215	164	255	251	151	221	155	186	108	250	95	221	167	224	231	207	70	241	
62	120	114	202	125	213	90	200	141	12	180	11	106	222	47	212	220	185	223	227	78	35	90	253	179	217	131	59	119	31	126	223	
82	131	214	181	162	50	44	167	61	183	82	243	77	34	206	95	39	215	237	177	244	216	133	228	156	98	126	199	165	212	173	13	
43	149	103	137	245	147	238	239	95	105	90	198	232	104	182	164	122	10	150	173	247	184	93	223	46	94	143	198	95	142	249	157	
146	207	110	190	62	146	188	103	140	4	214	167	45	138	182	65	238	163	159	197	244	139	6	253	242	97	170	219	53	12	189	223	
11	159	18	185	114	177	56	55	63	1	94	118	189	51	160	228	199	59	183	152	147	152	65	223	140	255	154	194	158	128	137	41	
154	149	122	252	19	210	54	103	189	5	252	179	45	255	32	81	250	187	159	224	122	139	34	223	243	229	10	139	55	4	165	123	
130	250	182	155	109	233	184	196	158	93	81	23	172	206	122	73	239	59	187	21	6	28	90	241	5	16	154	235	20	13	165	219	
139	94	71	159	38	18	172	247	252	202	210	247	104	40	183	239	110	229	187	239	229	221	7	238	36	42	254	128	47	244	185	221	
10	149	49	187	183	245	184	39	31	73	92	18	188	95	40	228	199	59	155	17	19	136	81	247	141	87	26	202	146	12	185	123	
223	207	110	222	126	144	238	180	205	76	214	102	107	72	183	229	106	224	191	235	236	47	46	253	50	123	238	155	63	191	120	77	
10	20	146	217	211	241	184	67	31	11	93	179	140	190	96	236	255	59	147	145	22	158	64	210	15	52	154	195	147	68	173	151	
59	251	66	170	124	129	206	240	21	72	208	239	47	216	179	160	220	233	23	227	207	139	76	189	176	80	175	187	61	31	58	143	
40	204	189	254	61	237	87	206	222	27	252	0	182	189	33	96	201	122	58	72	42	42	122	191	235	223	16	59	16	89	196	170	
190	127	103	206	62	131	219	240	133	204	181	239	123	205	189	5	94	240	87	238	232	167	76	191	114	72	165	184	127	175	86	243	
48	129	64	139	212	131	238	229	29	1	250	2	40	10	44	64	120	131	23	224	90	186	65	221	188	168	142	64	53	10	240	8	
56	224	249	113	101	73	241	220	95	63	52	56	146	149	204	61	185	88	102	88	74	116	233	17	95	217	117	119	99	24	198	171	
35	241	97	139	215	209	190	109	92	65	88	227	40	204	190	224	222	27	147	241	215	170	100	223	46	21	142	235	93	14	189	221	
3	145	51	203	215	213	186	111	78	65	89	34	172	252	60	164	254	27	146	145	151	184	52	255	45	28	158	235	221	14	169	142	
188	242	218	113	226	75	53	213	187	191	52	57	15	147	74	27	55	157	229	16	80	247	130	0	223	193	117	231	227	176	207	131	
219	251	2	170	62	145	142	244	198	64	144	239	173	202	243	228	94	233	158	231	207	11	78	255	184	81	175	186	30	159	57	93	
215	82	135	157	162	50	173	25	190	203	211	247	204	230	159	238	119	101	127	141	149	213	181	194	148	54	251	128	140	244	161	85	
52	64	67	140	76	3	138	72	132	128	241	74	80	138	49	74	88	201	26	227	8	35	66	200	16	0	139	60	21	43	112	128	
222	243	94	160	234	0	124	245	169	189	182	255	77	139	74	219	247	213	237	240	116	87	130	192	254	227	127	239	36	180	175	147	
134	44	52	147	182	161	184	130	158	19	24	18	140	42	81	9	39	3	27	145	178	76	14	246	12	22	159	232	148	76	17	128	
185	77	98	111	148	27	78	116	117	98	255	2	91	41	180	117	120	132	6	234	252	182	101	174	114	239	160	0	119	187	240	164	
8	181	114	75	243	215	183	103	124	13	124	36	40	24	166	164	250	59	130	144	211	184	48	93	47	157	54	67	219	2	239	175	
152	23	123	235	70	46	235	81	101	14	121	231	27	13	177	64	126	137	23	175	201	180	1	138	212	233	34	128	127	139	117	177	
185	69	98	79	4	27	198	116	69	98	255	10	67	41	149	116	120	196	21	234	236	178	101	142	114	237	128	144	119	255	240	68	
189	84	110	125	118	119	239	120	84	78	119	50	121	93	183	101	126	172	23	174	233	180	53	159	103	239	225	128	119	169	116	241	
15	28	239	223	102	118	175	50	116	202	95	198	113	100	183	111	126	228	55	175	161	208	61	202	68	46	239	128	175	247	113	245	
189	204	239	71	198	50	239	182	116	198	223	150	91	45	155	229	127	198	22	239	237	180	109	174	118	111	230	128	47	255	240	124	
221	206	205	151	246	50	239	182	124	66	95	214	249	34	155	229	119	198	54	175	229	220	45	239	108	47	254	132	173	245	249	253	
25	151	22	169	179	146	52	119	173	77	90	247	12	34	162	196	230	15	142	180	119	153	1	213	184	228	54	198	58	4	169	29	
143	218	90	94	103	152	254	240	253	86	117	230	104	200	175	237	126	233	166	198	197	55	62	249	22	123	66	11	127	191	107	213	
188	221	114	110	117	95	86	248	81	78	253	43	123	93	191	145	124	248	149	226	236	167	120	191	243	205	161	153	119	174	126	219	
130	143	46	189	159	128	188	39	140	29	146	183	172	106	50	67	230	35	219	133	246	137	6	253	224	49	218	211	20	12	189	78	
211	94	142	188	11	180	188	230	172	222	194	167	236	202	35	203	230	229	251	199	100	197	130	232	208	115	218	139	12	117	41	95	
106	124	242	252	100	180	252	214	43	75	252	163	189	191	181	124	255	255	183	133	130	59	162	227	246	253	190	170	135	254	99	219	
189	92	110	127	116	118	255	120	85	78	127	34	123	125	191	33	127	236	23	174	233	182	61	159	119	239	225	128	119	235	124	241	
104	224	253	68	111	73	245	236	235	63	52	40	62	157	205	55	43	92	118	74	66	122	170	113	87	217	113	63	115	25	71	235	
131	220	103	157	79	215	172	230	220	82	208	214	168	204	53	239	232	97	186	231	229	239	54	255	37	50	218	10	31	29	121	220	
45	61	122	225	246	187	251	214	87	225	126	162	59	189	247	48	127	250	23	220	155	186	36	238	126	221	163	224	231	223	112	249	
115	157	111	76	84	86	111	119	225	76	254	2	113	54	182	119	96	230	124	236	217	187	181	205	51	40	226	128	39	224	246	108	
170	91	235	173	110	67	181	116	13	110	212	167	42	140	183	64	206	252	183	71	197	191	230	169	118	113	250	187	23	156	116	255	
119	76	239	156	214	34	174	247	129	194	218	199	113	238	183	66	111	247	63	181	245	143	36	238	50	46	190	200	165	248	240	93	
218	197	118	254	27	192	31	111	189	4	244	179	108	223	38	81	254	179	239	193	122	15	162	255	179	227	14	139	55	4	165	123	
218	157	118	190	187	208	62	231	191	5	204	179	108	254	38	86	230	243	255	193	114	11	170	255	243	227	30	139	55	4	167	91	
19	133	107	205	150	178	235	51	124	65	94	194	121	38	190	100	118	131	23	173	179	152	37	223	60	44	170	192	53	130	161	124	
250	207	111	236	69	210	239	246	33	76	214	167	41	46	182	117	108	198	181	239	236	159	37	239	114	123	254	129	39	148	246	94	
34	249	100	200	95	197	182	236	143	64	176	143	40	220	52	0	204	185	147	227	194	43	82	253	53	16	142	251	85	30	215	218	
155	207	110	95	117	210	111	182	165	76	214	135	41	46	183	245	100	226	61	206	238	157	37	237	114	107	238	129	55	149	248	92	
155	205	102	158	55	150	111	182	133	76	86	199	41	71	179	245	102	226	29	206	231	141	39	253	178	107	174	128	62	148	120	93	
135	132	32	153	149	247	56	175	31	117	94	147	204	126	62	228	247	11	155	181	183	156	61	223	47	22	159	199	150	76	157	84	
159	249	40	186	127	213	155	248	150	212	149	142	221	215	251	165	94	249	155	255	235	71	254	189	249	201	143	125	54	191	61	240	
11	151	35	171	181	255	160	103	92	77	91	103	174	232	54	228	153	43	130	21	151	184	36	223	12	20	26	67	220	78	217	215	
26	151	84	187	178	129	188	103	142	1	88	226	173	27	168	197	102	59	159	129	115	24	4	253	172	192	190	195	62	4	173	139	
71	219	98	142	62	144	186	180	207	80	214	231	233	204	182	228	70	96	190	87	199	169	239	245	46	60	134	202	62	143	56	93	
2	28	146	153	115	243	184	75	31	15	92	50	172	182	102	204	255	59	147	144	22	158	0	222	143	118	154	235	146	68	45	159	
10	157	49	185	155	225	155	111	15	1	88	179	188	63	40	196	207	27	147	145	18	8	82	247	237	86	26	195	183	12	133	235	
60	45	114	224	246	187	250	210	119	160	124	10	27	235	245	48	122	238	23	248	154	186	36	254	254	221	167	224	247	207	114	129	
169	95	106	78	118	153	227	240	84	76	116	238	115	196	183	52	94	232	6	110	195	182	108	63	118	41	161	136	119	191	118	253	
189	92	110	239	116	118	207	248	85	206	255	38	115	125	183	161	126	252	151	234	232	182	61	175	115	239	225	129	119	251	124	249	
45	219	127	255	118	147	91	248	23	192	244	230	123	197	171	164	94	120	150	126	201	163	110	189	106	203	165	148	127	175	80	241	
10	160	178	153	117	222	184	67	255	15	86	17	140	202	118	204	251	41	147	17	22	252	50	211	143	86	26	67	130	12	61	198	
10	176	178	153	87	183	184	66	31	63	85	18	140	158	118	140	239	25	147	145	150	188	17	211	31	94	26	231	147	4	169	135	
25	132	158	217	21	247	105	67	87	125	71	22	9	2	62	76	249	136	34	156	62	156	49	215	159	223	146	69	147	12	237	196	
138	184	162	177	69	213	120	16	23	77	87	23	168	158	98	236	232	169	170	144	22	188	113	209	71	213	154	67	166	12	109	214	
138	160	178	185	101	149	185	66	31	29	85	19	140	159	114	140	175	25	147	149	150	29	2	209	6	81	154	239	150	13	41	133	
48	19	90	76	84	23	114	113	69	136	246	110	51	145	164	112	120	172	14	232	136	187	228	14	86	173	160	217	59	170	122	179	
11	132	88	217	87	189	56	47	31	5	79	18	173	34	42	100	119	11	51	156	182	152	119	215	143	255	154	65	182	136	137	140	
19	223	78	188	54	146	172	119	132	76	218	231	41	174	178	192	238	163	159	133	237	153	4	237	178	103	250	129	61	212	57	221	
185	95	91	206	118	147	67	80	85	72	245	102	115	209	163	244	126	168	6	106	201	183	36	30	114	169	160	136	127	187	120	169	
35	74	71	204	116	147	238	112	197	8	112	102	96	200	181	229	90	232	22	239	237	183	36	252	54	58	162	130	127	187	120	173	
25	49	91	169	70	197	233	80	108	72	249	103	29	158	122	112	250	137	150	195	199	179	53	208	212	193	170	136	61	3	105	209	
11	158	22	251	51	148	56	115	173	27	87	116	188	147	162	228	231	59	158	128	182	156	2	247	198	247	58	194	26	4	169	143	
139	154	18	251	179	180	56	51	191	25	86	244	172	151	160	228	231	59	151	144	183	156	2	247	206	247	186	202	154	128	169	141	
43	185	113	73	245	219	174	247	95	105	122	102	232	24	148	164	126	42	18	93	215	184	117	255	44	30	135	194	95	140	241	189	
19	77	227	189	71	36	238	239	20	66	72	131	57	168	53	64	121	107	51	143	97	184	21	251	53	46	222	0	61	252	49	136	
191	77	234	103	148	50	239	246	113	230	222	151	89	45	151	229	126	196	149	239	237	214	101	170	118	111	230	132	39	247	244	252	
8	56	162	217	69	213	185	80	46	109	215	55	8	151	102	76	108	57	171	212	150	158	51	209	87	73	186	195	19	141	109	211	
57	77	107	206	84	147	207	117	196	192	255	130	113	237	183	96	126	238	23	238	201	187	44	189	114	237	166	128	55	186	240	232	
190	125	114	174	125	215	214	232	141	108	188	43	111	220	63	148	252	249	223	99	76	39	56	191	243	217	133	191	119	191	126	223	
131	185	17	91	213	149	160	231	222	89	104	86	168	216	52	164	201	43	146	29	183	56	50	245	47	28	154	106	219	12	217	140	
50	109	210	236	116	171	106	214	47	129	248	10	43	235	53	80	126	235	23	144	10	186	192	235	182	252	134	168	247	218	98	136	
79	21	239	197	230	118	237	27	84	203	223	246	89	124	191	110	118	102	63	189	177	209	181	202	102	47	239	128	175	247	240	117	
219	137	110	220	192	212	109	55	241	68	118	2	121	63	182	117	98	182	55	232	240	154	180	237	119	43	242	193	39	132	252	104	
2	158	138	153	244	241	186	66	31	13	94	183	164	174	102	64	253	59	147	149	22	152	64	215	15	20	154	195	148	77	189	215	
3	191	32	137	215	167	186	235	15	77	88	7	140	152	54	132	255	11	147	149	150	26	16	215	44	28	138	239	159	14	185	215	
41	91	106	45	118	131	250	112	69	64	124	231	51	201	183	32	94	168	23	111	207	178	68	189	102	105	160	137	127	159	122	221	
60	23	107	236	116	38	235	112	68	2	119	230	27	13	177	201	126	152	23	238	137	178	52	204	84	237	162	132	127	187	112	240	
59	109	106	193	118	179	235	86	85	193	126	130	57	141	183	32	126	186	23	157	131	186	36	238	126	77	167	128	231	219	112	233	
2	143	16	217	183	177	184	103	143	13	92	50	172	187	32	228	227	19	159	145	50	24	1	247	47	85	26	195	182	12	173	175	
10	128	41	249	85	245	105	83	87	93	102	23	136	130	118	76	233	137	162	156	22	28	115	213	71	221	154	101	146	12	229	214	
42	252	242	236	116	180	254	87	43	73	124	163	173	191	180	116	254	251	151	133	130	186	160	227	246	253	190	170	151	222	227	219	
57	84	110	109	228	119	239	127	85	78	126	50	91	125	183	105	127	188	183	170	184	180	53	158	103	239	240	129	247	249	252	241	
0	144	42	217	53	255	113	3	127	125	94	19	128	154	38	104	233	41	38	144	30	156	113	215	207	95	146	71	144	8	237	198	
2	156	30	216	187	180	184	39	159	89	76	19	188	158	36	229	199	59	155	129	51	136	18	215	143	119	154	202	154	4	169	95	
58	124	103	78	31	151	203	120	133	192	189	143	123	205	53	133	94	224	219	238	233	167	124	189	51	73	129	16	127	175	80	120	
211	250	129	183	34	0	42	202	59	251	18	247	173	134	207	222	167	205	61	199	199	220	141	227	156	118	223	166	12	21	43	221	
51	91	235	197	102	2	239	80	69	204	94	230	25	45	181	96	126	228	23	239	129	184	37	232	118	44	162	128	103	251	116	253	
30	57	34	217	101	213	184	80	174	76	215	35	137	159	102	108	236	185	159	208	134	146	114	208	215	217	138	235	23	15	117	215	
2	224	186	152	101	213	184	64	31	93	84	19	140	158	114	12	239	25	147	145	22	149	50	208	23	81	154	235	148	13	173	199	
2	48	187	185	100	237	248	64	191	77	83	19	140	222	116	72	218	57	51	145	22	156	50	209	7	84	154	195	148	9	53	214	
71	116	231	133	178	118	171	158	60	201	222	246	217	166	223	110	119	71	127	189	145	217	181	226	44	46	190	196	173	245	177	117	
180	77	98	110	148	11	198	244	85	34	251	26	67	41	53	49	120	198	87	106	232	183	69	174	178	238	128	16	119	251	242	4	
57	122	99	76	126	155	131	120	204	192	244	238	51	204	181	164	94	168	86	111	201	35	100	157	48	8	35	56	95	174	115	181	
123	222	110	222	110	146	222	244	197	68	252	230	105	72	183	100	110	225	191	203	204	43	46	253	50	111	202	139	63	191	120	77	
189	21	238	255	100	118	223	120	81	206	255	38	115	125	191	105	126	254	23	170	236	242	124	142	115	239	225	129	119	251	116	243	
26	254	210	33	115	187	50	218	47	191	58	237	143	7	75	156	183	159	207	16	6	220	9	243	158	215	53	231	234	199	11	27	
24	122	216	99	115	57	50	218	47	61	52	41	47	27	195	156	39	155	199	16	2	56	9	187	222	215	49	183	243	139	79	139	
48	129	64	139	212	131	238	229	29	1	250	2	40	10	44	64	120	131	6	224	90	186	65	253	180	168	138	64	53	10	240	8	
178	69	66	206	76	35	206	76	65	162	185	74	66	8	53	0	88	196	71	227	72	35	73	138	48	168	129	56	117	251	112	128	
2	48	187	153	116	207	184	66	63	77	83	19	132	158	36	72	243	57	19	17	22	188	50	211	13	22	26	67	144	9	37	215	
50	217	32	202	95	199	150	237	141	72	240	43	40	92	60	0	204	179	151	225	202	43	80	255	51	28	140	251	85	30	244	219	
3	209	33	201	247	209	190	237	78	73	88	226	168	156	188	164	254	27	146	209	215	58	44	221	45	20	142	231	85	14	189	189	
191	233	97	78	30	145	203	248	199	192	244	134	121	204	247	164	94	104	58	222	195	33	126	189	58	72	133	56	127	143	89	244	
58	218	235	190	102	192	191	244	141	70	220	199	61	141	54	64	110	251	147	71	193	191	182	161	119	97	154	42	55	159	244	248	
9	151	114	73	179	211	183	119	76	77	125	38	172	188	174	164	254	27	130	145	215	184	53	221	110	29	6	67	223	14	237	255	
210	201	118	190	133	212	124	37	157	4	210	3	108	186	54	197	234	179	191	225	124	173	19	255	179	250	218	203	55	140	252	14	
40	201	185	251	189	201	85	174	78	25	252	8	182	181	40	96	193	90	46	64	74	40	107	181	239	215	52	123	16	90	196	107	
2	22	154	137	114	227	186	74	30	7	88	183	180	190	38	64	215	59	19	144	22	156	65	223	15	38	186	227	144	64	37	223	
152	17	50	169	55	245	249	80	109	77	223	38	157	158	186	224	254	153	159	209	134	149	53	209	215	197	170	129	55	135	37	243	
169	18	91	233	86	206	97	84	37	77	118	102	19	23	166	208	108	172	134	136	153	190	100	132	86	233	162	192	43	138	102	241	
27	206	98	220	34	208	111	246	133	76	94	167	41	207	182	228	102	226	191	206	199	9	39	253	114	111	190	129	63	148	120	125	
175	201	106	30	71	149	255	228	205	86	228	135	41	204	55	97	238	233	178	199	199	47	62	245	119	121	70	10	95	191	105	222	
0	150	58	209	52	251	49	35	255	13	94	48	132	186	166	64	227	58	142	16	22	152	32	215	78	151	178	199	144	8	253	71	
7	12	231	223	166	114	175	66	220	198	91	178	192	236	181	239	123	100	59	143	161	212	39	234	4	62	203	130	149	125	117	228	
49	143	235	164	214	162	239	119	208	192	218	227	49	172	183	99	110	239	55	205	236	251	164	108	120	40	238	128	37	248	113	248	
57	141	106	206	84	146	207	113	196	64	255	2	113	233	190	96	122	234	23	238	201	187	44	191	114	173	166	128	55	170	240	224	
35	189	115	81	245	223	239	119	95	225	122	98	248	28	180	164	126	42	18	56	243	184	101	255	46	30	135	64	95	140	209	188	
139	189	119	89	245	223	173	247	127	73	122	118	184	212	180	164	126	58	22	24	243	184	52	223	47	28	22	194	95	140	225	253	
90	206	119	252	43	210	29	111	189	14	214	179	45	239	166	213	110	179	175	128	104	139	38	221	242	247	250	139	55	148	173	127	
57	30	122	76	86	147	235	112	68	64	125	134	115	193	183	101	126	168	2	238	205	178	52	28	82	169	160	0	127	171	120	240	
131	189	6	155	157	213	180	231	222	81	128	16	172	216	54	165	201	35	218	17	247	105	26	245	43	81	158	123	88	12	153	142	
134	181	182	156	237	101	188	235	143	222	184	47	140	254	119	3	223	83	223	161	246	103	26	219	61	28	207	191	148	124	245	215	
13	200	237	151	118	18	239	184	124	247	86	198	249	102	155	237	119	238	62	239	165	208	109	237	110	111	255	132	175	247	89	117	
219	92	142	188	13	180	188	134	156	210	194	87	172	234	51	203	229	99	187	199	165	197	146	235	144	115	218	11	152	117	57	30	
191	237	37	186	95	213	79	232	131	244	180	10	127	221	59	181	104	232	215	239	106	99	58	253	187	217	133	57	55	63	118	234	
180	92	122	238	116	119	94	248	21	206	253	43	115	253	55	17	254	248	151	99	236	167	120	191	243	207	161	189	117	251	126	219	
191	77	230	103	148	50	238	246	113	226	223	151	89	45	159	109	127	198	149	239	232	214	125	174	126	239	231	132	167	247	240	252	
19	133	111	205	214	178	171	63	124	65	95	210	121	38	182	100	118	131	23	173	179	152	37	223	44	46	170	192	53	130	161	108	
155	155	87	153	211	208	60	247	189	77	86	231	44	6	174	229	102	163	142	132	247	153	36	255	62	34	62	194	59	132	169	93	
218	207	118	190	59	208	63	111	191	6	214	179	108	239	166	213	102	243	239	128	98	15	166	255	242	243	222	139	55	4	173	123	
3	154	62	216	48	148	56	83	173	21	78	52	172	218	166	100	231	59	187	128	150	140	34	215	134	254	26	202	150	132	169	207	
184	84	114	238	117	127	95	120	85	78	253	43	107	125	63	145	126	184	151	34	236	183	120	159	243	223	161	147	119	254	126	215	
166	104	230	150	204	160	172	64	128	194	209	2	72	202	113	75	104	237	51	227	128	195	138	200	16	32	207	136	133	127	114	128	
61	1	123	77	71	87	239	112	69	64	255	2	83	69	55	100	122	168	18	238	13	179	52	140	83	237	128	0	119	187	112	208	
60	84	238	237	245	87	255	254	85	207	127	54	91	61	191	232	127	220	183	170	252	188	53	174	103	239	244	129	247	255	252	251	
90	238	118	156	43	210	188	111	191	14	212	163	108	238	166	213	239	183	239	128	110	207	162	223	178	119	254	139	55	84	175	95	
19	133	111	207	214	178	171	55	124	65	94	146	121	38	190	101	118	131	55	173	179	152	37	255	124	46	170	192	53	130	161	236	
13	220	239	199	118	118	235	146	118	111	95	166	217	61	191	98	119	86	63	159	129	244	61	226	79	111	190	132	167	251	125	249	
71	188	239	131	178	118	171	154	62	237	222	230	216	38	223	102	119	207	127	157	131	217	189	236	252	46	190	196	142	199	49	125	
23	58	193	163	115	187	122	88	47	233	123	239	173	6	195	148	183	137	207	149	135	144	29	249	158	212	11	162	174	135	11	221	
71	58	129	135	50	52	171	80	43	235	91	230	188	198	223	108	119	173	31	141	135	148	189	209	148	20	187	160	140	231	51	117	
180	205	98	111	212	43	198	228	117	34	251	26	67	105	61	81	121	198	6	234	104	182	77	174	178	238	196	16	117	251	242	0	
60	21	247	252	228	102	127	122	85	206	255	39	115	125	61	105	126	246	55	170	168	242	49	142	115	239	229	128	247	251	116	243	
24	123	248	67	115	27	50	216	127	45	116	239	47	139	199	132	62	153	199	82	130	49	9	243	86	213	33	183	247	143	77	155	
139	221	103	89	245	223	172	247	95	65	122	86	168	220	180	165	126	42	18	13	247	188	117	255	44	94	150	66	95	140	241	188	
77	193	236	213	36	18	233	184	118	240	86	134	249	111	155	236	118	236	63	237	133	240	239	205	78	107	235	132	39	166	113	244	
34	221	32	202	127	199	150	237	141	104	184	43	44	92	60	0	220	147	151	225	218	43	88	255	51	28	12	254	85	30	213	219	
40	165	57	235	252	201	87	253	78	13	125	40	247	117	104	112	210	90	22	72	82	42	107	183	239	213	36	123	112	90	212	171	
180	77	67	142	220	35	198	236	81	162	249	90	66	40	53	1	120	198	6	227	104	167	73	174	176	174	133	24	117	123	240	128	
234	129	96	250	237	212	124	61	85	13	87	19	105	127	62	193	120	147	183	224	254	26	123	223	127	251	218	203	55	142	252	74	
31	137	230	247	149	18	238	176	113	226	215	131	121	109	159	111	123	238	53	239	252	240	253	172	126	239	247	132	167	247	112	252	
227	157	107	94	68	212	237	119	121	68	126	2	56	188	182	117	106	191	51	205	241	186	180	237	55	56	218	138	71	132	246	252	
51	217	43	254	69	133	255	230	133	64	220	7	49	237	52	96	108	251	19	207	203	171	50	189	115	109	158	40	17	27	240	248	
43	205	47	216	221	213	223	231	197	93	180	11	58	204	54	33	201	226	19	205	127	43	58	253	123	91	150	121	91	28	244	254	
123	219	107	206	87	213	223	246	197	68	220	135	41	204	55	96	108	227	179	207	207	43	62	255	115	111	138	8	63	159	116	220	
43	237	110	218	125	209	214	230	199	88	188	42	42	221	246	180	200	226	214	202	78	43	106	189	59	217	165	251	83	30	250	239	
59	77	103	92	29	215	203	224	197	72	252	10	58	221	53	164	120	168	151	238	201	163	58	189	51	77	129	152	127	191	120	254	
0	159	63	153	244	235	177	39	254	29	90	51	148	186	166	65	227	51	7	16	54	152	32	87	76	38	58	195	148	0	181	203	
31	114	209	175	99	137	58	88	43	233	113	239	173	79	195	156	182	169	199	212	135	16	136	208	150	212	43	162	191	167	11	213	
2	157	110	154	126	208	152	103	156	5	92	179	36	190	164	96	231	51	147	129	54	11	6	247	55	39	186	203	20	12	189	239	
3	157	114	73	243	211	190	103	77	65	124	163	40	158	166	164	254	59	147	229	214	184	36	221	47	28	14	195	87	134	173	223	
35	233	34	136	213	213	78	229	135	69	200	15	40	204	62	80	216	171	147	213	222	27	56	253	59	28	142	109	17	30	178	222	
10	159	3	169	178	230	187	51	20	5	74	183	189	38	32	64	223	59	19	145	18	152	81	223	109	164	186	192	144	66	165	211	
2	159	10	137	244	163	186	70	14	69	88	167	148	174	50	64	255	43	19	21	22	152	16	223	76	5	186	193	156	78	189	211	
51	233	34	136	85	213	74	236	71	96	204	15	42	140	50	164	248	234	146	237	207	59	60	253	187	76	140	121	63	30	56	222	
8	144	147	185	118	239	169	66	62	9	82	83	156	146	32	200	243	57	3	17	19	188	17	214	5	38	58	64	152	8	33	177	
6	112	187	153	230	197	184	67	30	25	80	99	156	158	101	72	239	25	19	145	18	188	16	208	5	20	186	202	148	8	37	131	
187	73	99	78	87	159	203	96	69	64	245	138	59	204	181	164	120	168	18	111	205	163	52	157	49	104	137	56	127	175	90	252	
2	56	170	155	198	193	184	71	31	93	81	179	140	158	119	8	239	57	147	145	134	28	2	208	15	20	154	235	149	8	53	223	
2	64	23	153	52	143	168	64	174	25	82	65	156	154	36	72	226	57	27	17	18	152	1	213	5	52	186	192	152	9	177	162	
26	207	98	156	118	144	204	119	149	12	216	231	40	232	182	68	106	171	151	133	204	139	6	255	112	38	186	139	55	156	180	207	
6	17	51	233	164	197	184	65	143	73	88	195	140	159	117	76	238	25	31	209	214	145	16	208	195	220	138	231	20	26	37	151	
61	73	115	226	87	70	235	80	1	64	119	130	25	31	51	140	126	168	23	239	137	178	48	140	119	233	162	0	247	191	112	240	
61	9	106	234	5	179	90	64	53	0	245	2	27	155	51	244	122	184	151	238	12	179	52	222	243	221	130	1	55	191	108	160	
130	180	146	152	237	229	188	235	143	218	88	51	140	254	109	67	255	59	223	161	114	75	154	219	61	22	207	175	148	124	37	211	
3	152	58	155	56	164	57	7	174	85	74	21	188	158	38	64	199	59	27	144	22	12	50	215	71	60	26	74	144	0	37	95	
57	18	107	233	118	252	105	80	101	77	119	230	25	31	170	113	110	136	134	172	139	182	36	197	86	233	162	192	107	140	100	241	
44	40	176	241	229	253	240	210	91	175	116	25	155	157	87	136	201	24	151	24	158	126	240	146	79	221	177	109	210	221	94	194	
0	141	42	169	150	231	187	35	30	101	90	131	181	60	50	96	254	43	19	149	150	152	117	159	109	37	170	193	148	74	149	202	
7	15	234	215	180	34	175	211	212	143	95	242	208	233	183	110	123	110	59	159	176	240	173	234	108	46	239	128	133	251	241	229	
11	146	6	157	117	181	184	115	221	75	82	247	172	170	182	197	239	41	159	133	167	157	22	223	134	127	218	131	30	12	57	157	
139	156	119	89	117	223	172	119	125	73	122	114	168	156	180	229	239	43	50	13	243	188	52	223	46	30	146	194	95	140	225	253	
0	159	122	184	242	171	177	119	188	93	122	247	52	174	166	65	167	59	6	1	182	153	32	87	124	167	58	194	28	0	165	219	
50	84	126	252	116	111	95	123	21	206	253	43	115	125	55	17	254	249	23	35	236	179	112	159	243	239	225	145	117	251	126	211	
34	88	114	158	110	129	186	224	156	0	112	162	44	222	53	64	254	251	147	195	194	58	10	253	52	24	138	170	85	27	49	153	
2	73	82	156	86	128	170	230	140	128	208	2	44	138	53	64	106	235	23	195	64	171	2	237	52	56	154	136	21	57	113	136	
60	28	238	111	116	126	251	250	85	207	127	34	83	61	191	96	127	220	55	170	136	176	117	168	71	239	228	133	247	234	124	219	
87	120	235	131	114	214	171	80	47	237	223	230	188	70	223	100	118	141	31	221	135	145	189	201	148	28	171	164	172	167	51	117	
34	72	82	159	71	133	186	224	156	0	64	130	44	206	49	64	126	251	147	195	66	186	26	253	21	4	138	42	21	27	49	152	
159	122	195	167	115	21	106	88	43	232	241	231	45	207	195	148	62	169	151	214	207	151	157	203	150	220	171	162	47	183	43	213	
74	142	230	157	123	146	184	99	189	15	214	183	172	174	54	197	238	175	175	133	164	223	199	223	150	119	218	139	23	4	61	223	
71	57	235	195	114	214	235	208	111	233	223	230	216	134	255	116	118	205	63	189	131	147	189	236	28	60	171	196	141	135	51	253	
52	204	71	127	212	11	198	224	117	34	242	74	99	104	61	81	121	198	6	226	104	179	77	238	184	174	197	16	245	122	114	128	
44	21	231	237	244	102	239	126	81	205	122	102	81	253	189	106	126	254	55	232	153	240	243	142	127	238	229	128	239	251	244	241	
52	140	199	255	212	10	198	224	85	34	242	74	99	104	61	81	121	198	6	227	104	178	77	238	176	174	197	20	229	122	112	128	
25	193	228	229	5	18	232	24	103	240	119	130	121	73	157	102	122	236	63	236	136	240	239	141	79	233	227	5	103	174	112	164	
2	176	148	156	125	39	184	111	159	251	112	59	140	190	116	3	239	25	255	129	48	79	131	223	29	22	223	238	148	12	161	219	
31	122	67	130	115	151	122	216	47	233	251	239	45	142	239	148	190	141	215	215	135	147	29	254	190	92	139	166	111	135	43	221	
75	97	104	205	126	152	239	24	238	228	95	134	249	198	211	230	54	172	127	239	197	16	167	216	102	105	171	136	39	183	113	244	
60	123	123	194	118	219	247	244	77	236	125	170	27	220	247	36	62	248	134	98	196	178	44	220	118	73	33	175	103	187	124	229	
180	77	131	142	220	35	198	236	20	162	249	90	66	96	41	65	121	198	74	226	104	167	73	174	176	38	207	56	241	123	240	128	
139	156	179	159	247	244	188	103	221	75	91	118	172	190	180	236	231	59	178	129	183	156	54	247	37	126	154	194	158	12	169	253	
139	140	103	89	117	219	172	103	93	65	122	82	168	60	180	165	107	42	50	9	245	184	117	255	47	94	150	66	95	140	241	252	
6	15	238	223	182	162	175	195	212	143	223	226	224	233	183	78	123	110	42	223	176	249	143	234	110	46	167	193	149	251	249	160	
54	137	230	247	21	2	202	224	113	160	243	2	107	105	29	203	120	236	53	235	136	242	221	236	155	238	199	133	167	171	112	130	
28	191	121	235	214	203	119	253	94	37	125	42	23	245	104	48	55	155	6	98	82	56	40	55	255	197	37	117	112	138	133	163	
39	156	124	201	220	247	219	218	71	21	252	18	16	29	182	108	73	144	31	152	186	46	117	215	95	30	147	69	183	137	116	100	
40	124	178	241	245	253	240	214	223	175	60	1	190	157	115	136	137	58	151	25	134	188	112	146	79	221	20	115	194	92	95	203	
2	165	120	75	150	245	186	79	78	5	125	131	185	254	62	32	254	27	147	145	150	184	61	95	47	141	170	195	213	66	237	206	
41	181	65	75	245	221	231	255	87	65	121	92	114	113	188	180	89	10	18	44	243	58	121	191	47	28	132	102	91	218	210	188	
27	221	46	169	54	199	191	55	140	76	218	167	189	30	34	65	230	35	31	229	214	137	17	253	225	33	170	195	52	12	189	91	
39	180	224	203	245	245	186	75	91	109	125	190	136	204	222	164	221	27	147	149	151	50	252	211	14	28	155	239	221	79	223	245	
26	158	19	187	51	243	56	55	53	9	95	242	141	55	160	196	119	59	150	152	51	152	17	223	141	247	154	194	186	134	169	185	
39	182	232	11	84	241	186	73	91	121	121	255	0	204	222	172	221	153	147	145	151	54	236	211	14	28	153	239	221	15	254	215	
8	144	22	187	119	183	168	83	62	25	87	114	157	147	160	204	102	25	186	153	19	156	3	213	4	227	58	64	158	140	41	161	
35	149	99	159	69	244	173	103	121	65	91	66	104	252	188	229	248	175	179	165	213	186	180	237	53	56	218	194	71	70	247	236	
35	215	105	202	221	133	205	255	87	65	252	86	113	77	60	96	220	154	19	157	219	42	115	247	111	125	158	72	95	138	240	248	
179	223	111	220	86	148	189	247	213	72	214	199	57	156	54	97	108	251	151	205	239	139	38	253	115	105	222	136	63	156	244	253	
155	94	103	158	85	134	238	113	213	66	210	199	41	200	55	199	108	232	27	207	237	175	20	239	48	42	202	128	31	188	120	220	
169	73	99	94	125	213	199	246	213	72	244	34	186	220	183	165	72	42	22	206	235	174	102	191	99	93	160	152	87	156	112	237	
154	95	70	158	62	146	140	118	148	70	210	231	41	174	183	199	110	227	159	197	237	143	6	239	178	97	250	138	63	188	56	221	
155	95	78	188	58	146	156	118	148	78	210	231	45	142	163	195	102	115	157	197	237	143	38	239	178	227	234	139	61	180	41	93	
171	233	104	90	61	209	214	246	85	72	252	42	58	217	182	164	200	170	150	73	239	42	102	191	98	221	160	187	119	156	92	239	
147	91	111	188	42	208	156	118	156	78	214	231	45	142	167	227	102	113	157	199	237	141	38	237	178	227	234	137	61	181	45	93	
162	237	120	218	124	217	215	239	207	12	188	43	34	92	166	32	203	162	150	65	78	42	98	189	126	93	52	251	87	28	212	111	
43	215	105	202	221	149	205	253	87	81	220	199	57	12	62	100	221	138	147	157	223	42	119	247	111	93	150	200	31	142	240	252	
26	157	3	171	179	198	106	55	53	1	74	194	236	55	160	196	118	51	159	172	27	152	81	223	173	244	138	194	54	134	165	121	
47	253	97	201	253	151	238	251	79	104	92	70	152	156	180	228	204	40	19	95	215	58	124	253	39	28	143	254	95	159	208	244	
166	242	234	154	110	113	186	200	138	94	145	191	8	204	127	11	159	73	147	215	150	103	174	241	23	24	235	239	85	31	127	215	
52	201	198	239	20	2	66	104	103	128	243	2	99	105	60	80	120	236	38	226	72	178	89	205	155	234	193	6	97	171	112	134	
52	24	254	237	116	70	251	88	87	205	127	39	83	253	191	64	126	252	55	184	136	178	113	200	87	239	160	132	245	170	116	211	
23	112	235	196	118	86	235	88	111	236	215	230	24	158	255	100	126	140	31	207	131	151	180	200	22	60	171	132	13	175	117	245	
138	30	166	157	123	178	184	71	191	7	214	183	172	174	38	221	238	63	171	133	182	222	194	207	22	119	218	131	6	68	173	223	
7	113	107	202	118	214	171	80	236	201	223	230	80	220	253	100	126	237	55	253	135	147	188	204	60	44	171	204	141	135	115	245	
63	114	67	160	115	151	234	80	45	200	243	231	73	206	191	180	254	169	23	247	207	151	60	206	50	92	171	142	47	135	106	221	
2	141	115	95	116	231	173	119	125	15	127	16	248	179	180	100	126	58	18	8	240	184	32	255	101	62	18	128	83	200	229	237	
32	251	115	217	214	207	99	242	95	33	100	74	30	149	164	100	59	250	2	72	114	186	40	255	127	140	5	102	115	137	197	168	
163	88	225	217	221	247	233	7	95	103	212	18	136	28	245	236	201	152	146	153	171	62	117	214	15	94	150	230	151	220	116	236	
42	52	178	122	219	241	144	70	219	133	236	49	44	253	111	172	137	59	211	145	14	107	178	225	75	213	30	107	195	84	47	142	
202	133	103	154	213	199	109	53	133	5	211	82	110	87	184	197	112	146	191	232	121	153	19	221	189	48	128	66	54	142	180	44	
56	65	102	237	79	146	234	120	101	128	255	2	105	201	181	230	122	236	63	234	204	176	173	157	119	233	131	5	103	191	112	134	
28	180	161	171	149	231	171	216	86	5	89	19	223	93	120	4	89	27	23	145	154	176	93	151	237	212	171	228	247	79	181	194	
174	112	225	168	71	101	171	200	90	254	80	199	25	204	125	8	255	73	19	215	130	118	158	240	93	72	239	236	221	61	119	211	
26	149	5	170	183	231	27	125	5	85	219	231	236	87	56	197	119	3	159	173	18	137	25	221	233	86	138	198	54	142	181	113	
174	114	225	136	238	65	191	200	138	214	16	239	28	204	125	139	191	89	211	247	194	103	142	240	117	0	239	252	213	63	55	211	
182	253	101	162	238	69	158	200	137	90	152	239	92	253	125	3	191	211	215	247	204	35	30	232	49	16	207	190	101	127	183	215	
184	78	102	220	101	114	225	114	85	14	246	114	41	185	183	237	104	170	134	170	232	183	32	174	83	251	242	131	119	253	116	239	
31	12	231	213	199	118	237	19	229	219	94	18	89	46	151	239	97	231	191	141	181	208	53	192	31	106	222	128	167	245	185	228	
87	12	174	148	5	54	172	66	165	206	222	135	72	238	183	239	237	228	189	143	173	197	53	200	19	123	218	128	143	117	120	84	
87	92	175	156	9	182	157	66	165	206	198	135	65	174	55	107	236	229	125	175	173	199	54	200	83	122	218	128	141	117	53	86	
163	213	109	223	61	213	205	173	94	89	212	23	240	92	60	97	200	2	27	237	239	46	123	159	103	89	222	114	29	28	208	254	
147	92	47	252	12	132	204	166	148	74	208	71	177	79	53	107	204	241	125	207	233	207	50	253	193	250	218	152	29	49	117	122	
160	205	29	255	124	201	197	238	28	26	112	114	180	25	168	97	202	90	23	65	99	46	66	127	100	160	126	168	92	24	80	171	
130	184	148	157	125	165	184	103	159	185	240	58	172	190	116	11	239	63	255	145	50	95	195	213	29	30	218	234	148	12	161	155	
37	21	243	239	244	102	235	120	85	201	123	102	83	253	189	100	126	254	55	248	153	186	185	142	45	238	231	128	237	235	112	177	
126	97	230	231	71	2	234	88	103	160	251	3	97	75	93	66	120	228	125	251	200	177	143	141	31	233	131	5	39	175	112	134	
35	148	38	140	85	180	186	234	125	73	88	23	236	248	62	224	249	11	179	165	183	191	22	223	30	62	154	203	157	13	251	198	
226	184	246	216	237	252	184	135	187	93	114	61	172	222	110	57	239	51	247	17	150	106	242	241	15	58	218	203	197	12	135	215	
52	73	214	158	92	3	198	232	21	130	225	10	98	96	45	89	248	228	2	98	108	227	89	172	184	166	197	20	241	123	120	142	
95	97	106	204	22	18	239	120	100	192	213	138	89	70	159	116	126	169	31	239	201	147	188	220	247	45	171	180	39	183	115	228	
82	135	99	136	31	193	158	239	141	5	216	163	44	206	44	196	250	187	159	225	90	139	0	255	185	36	138	219	53	14	181	126	
5	143	238	215	180	130	174	241	198	136	223	230	224	232	245	64	126	110	47	255	208	249	140	236	124	46	175	192	141	186	249	5	
53	95	199	174	244	6	79	249	85	200	123	102	83	96	185	101	94	236	6	111	253	178	124	46	184	174	101	128	253	251	240	165	
3	156	179	217	215	244	185	231	223	91	90	242	172	254	180	228	255	27	147	145	179	156	54	215	45	54	158	202	159	76	181	253	
3	175	34	159	85	181	190	103	94	79	89	7	236	232	62	65	216	43	147	135	244	248	110	255	44	52	222	11	20	78	185	206	
52	65	70	108	93	3	194	104	69	128	227	10	99	201	45	80	248	236	98	98	72	179	27	157	177	232	129	15	113	43	112	130	
124	65	98	236	21	18	226	104	69	128	239	2	123	89	61	228	120	172	27	235	72	163	60	157	243	233	131	29	119	174	120	130	
147	219	46	191	62	18	92	165	212	88	210	247	247	74	178	67	238	225	29	231	236	141	5	189	224	99	238	145	60	60	185	89	
52	201	134	142	93	67	194	232	135	128	225	10	98	192	45	210	216	236	34	98	72	227	26	44	185	162	197	27	81	59	116	138	
63	73	106	206	20	82	75	104	101	192	199	2	83	95	191	52	120	236	21	239	200	179	60	140	243	237	139	1	39	175	118	96	
105	53	101	68	253	71	206	107	73	234	184	75	26	60	21	179	216	247	223	161	233	43	213	206	61	12	165	52	69	108	82	58	
55	71	207	6	226	2	15	252	16	194	83	230	81	102	187	127	127	229	52	239	237	210	45	40	48	34	237	132	173	243	160	245	
33	217	23	89	213	223	166	231	94	97	114	66	186	152	180	164	232	42	18	89	215	184	52	189	46	94	21	98	93	12	217	141	
163	16	224	219	205	215	248	73	95	251	245	18	200	24	92	236	217	153	179	145	247	246	125	210	31	30	154	55	151	76	88	142	
50	143	67	168	155	195	159	239	5	5	216	163	173	174	36	196	122	187	159	129	90	139	68	255	184	116	138	219	53	14	181	126	
32	233	51	208	87	199	175	228	95	132	100	2	40	133	36	36	44	58	2	216	67	187	50	253	57	152	4	98	83	8	101	172	
13	139	199	143	188	134	238	240	196	200	251	231	97	233	180	192	126	100	46	254	213	169	13	236	46	44	167	192	47	170	120	1	
53	95	111	15	244	22	79	253	84	200	127	102	115	96	187	101	126	236	22	127	249	178	125	44	168	46	229	128	253	250	240	229	
0	143	122	95	244	166	183	119	252	15	126	16	240	243	166	100	125	58	2	136	178	184	32	127	101	62	50	64	83	200	229	169	
2	157	106	217	214	227	185	103	30	69	92	162	184	191	182	100	127	59	147	137	211	152	53	223	109	46	154	193	53	192	181	250	
51	91	115	204	87	211	191	228	205	64	248	226	40	220	181	164	110	243	147	227	197	171	52	237	51	12	6	10	119	158	117	252	
191	107	67	168	118	151	234	112	21	200	240	231	57	206	183	176	254	169	151	231	205	151	4	238	50	77	171	136	111	183	122	213	
37	17	211	237	116	198	235	120	68	200	123	98	113	253	181	100	126	124	54	248	129	178	157	140	44	172	163	192	125	171	112	177	
10	158	134	157	81	148	184	71	189	7	78	151	172	174	54	204	231	47	171	133	22	152	147	231	6	119	218	195	138	68	173	222	
