Ê¥ÂÞÀ¼Ó¨ÁÁ´¿÷È´½¸à	#14 Ò»¼ûÇãÐÄ(ÈÈÂô)	http://www.yslbeautycn.com/on/demandware.static/-/Sites-ysl-master-catalog/default/dw84e564e2/Makeup_Pro_img/00031YSL/L3744600U_14_COLORIMG.png	//www.yslbeautycn.com/dw/image/v2/AARM_PRD/on/demandware.static/-/Sites-ysl-master-catalog/default/dw5705abc3/Makeup_Pro_img/00031YSL/L3744600U_815.jpg?sw=336&sh=444&sm=fit
59	64	226	237	86	19	234	92	85	194	213	130	25	205	182	100	126	236	23	253	140	183	37	206	114	79	163	196	183	191	240	228	
109	177	185	65	240	79	181	159	106	249	63	108	222	53	200	48	149	30	116	24	147	120	249	16	109	157	53	246	202	2	199	115	
130	249	182	152	207	197	184	207	159	217	80	51	140	158	100	11	173	27	243	145	178	75	18	209	29	18	95	239	144	12	165	211	
131	2	247	81	116	158	232	23	125	9	114	80	184	40	148	237	175	50	126	24	179	252	101	196	12	62	114	194	206	136	193	173	
96	172	7	64	124	139	163	234	126	160	162	136	227	0	20	21	153	4	74	56	51	123	9	31	188	150	3	116	80	0	83	40	
240	173	69	7	13	27	134	169	23	178	162	200	226	224	204	37	25	206	104	106	120	124	207	191	171	178	193	60	99	44	80	44	
34	129	66	153	212	131	234	99	21	1	121	2	40	138	52	64	120	171	23	145	18	186	0	220	28	44	154	192	149	10	242	128	
2	72	18	156	118	129	172	71	190	0	82	2	44	202	49	64	122	41	51	193	66	191	2	217	52	52	138	136	21	56	49	137	
32	137	98	204	84	131	170	97	198	1	251	2	104	200	52	64	120	43	2	209	144	187	2	221	60	44	138	64	85	10	240	128	
2	200	18	157	86	130	168	110	30	0	80	2	44	138	33	64	126	41	19	128	66	158	2	223	52	38	154	136	21	0	33	136	
152	56	120	169	102	201	241	66	109	68	116	171	31	157	50	40	174	153	23	81	142	182	52	209	215	201	42	235	117	9	55	211	
82	137	2	142	220	129	234	97	135	0	218	2	32	202	48	64	120	170	31	193	90	155	2	253	184	36	138	200	20	10	176	136	
2	48	182	216	111	37	184	75	155	91	176	59	140	190	117	11	175	25	247	145	162	71	130	193	23	26	91	174	148	124	35	219	
72	141	23	233	29	207	115	59	143	161	142	8	246	147	96	80	224	164	123	24	42	25	217	221	253	148	131	112	50	8	0	42	
38	60	242	216	231	181	190	67	217	75	125	59	44	253	119	40	191	59	151	7	182	59	162	210	23	92	26	170	215	77	167	215	
2	76	34	157	84	139	170	103	22	161	90	2	168	168	48	64	121	47	19	129	192	184	65	255	52	38	154	128	21	8	48	136	
219	186	10	179	22	128	58	192	180	76	211	231	61	218	243	64	166	171	29	199	174	158	12	255	240	69	170	129	44	7	41	75	
160	236	32	153	108	173	160	206	94	59	112	26	160	200	124	9	217	10	19	1	226	126	75	247	12	26	219	124	84	88	81	136	
59	137	114	200	86	147	250	114	133	0	252	130	40	207	180	100	126	187	23	216	130	187	36	255	114	44	130	200	119	131	98	140	
147	123	78	133	114	130	174	245	161	128	118	230	41	131	179	213	38	237	23	239	225	153	4	236	120	40	174	128	47	182	43	153	
41	0	69	169	125	139	72	0	77	8	242	67	127	8	48	240	234	165	46	109	4	184	69	157	68	235	96	80	115	140	80	0	
2	157	114	216	114	162	186	102	61	1	120	162	44	158	36	64	254	59	147	128	130	154	2	255	38	60	154	138	21	2	33	155	
25	105	83	37	50	26	107	112	101	224	114	198	63	7	177	240	54	173	22	236	197	152	37	76	176	236	34	128	111	134	99	252	
43	107	67	68	82	151	239	247	37	132	92	206	40	137	181	164	60	232	18	204	197	186	52	253	58	12	132	168	111	154	122	156	
34	44	96	249	230	171	250	82	31	35	120	146	169	143	53	9	255	187	23	131	162	186	68	255	6	94	154	160	151	205	81	137	
26	127	234	76	178	178	182	198	236	128	122	227	41	174	165	160	102	123	135	193	196	153	36	232	50	101	46	131	229	117	47	157	
34	169	179	24	89	237	184	71	171	77	120	9	44	140	118	16	232	43	131	21	22	58	146	193	23	24	18	107	193	4	231	223	
2	140	150	157	252	129	190	239	158	130	88	18	172	234	49	64	199	107	59	129	114	201	2	255	44	54	222	136	148	120	33	137	
233	2	199	189	109	10	232	49	33	17	242	208	239	41	48	255	72	36	55	45	37	190	71	141	4	251	242	128	103	172	114	136	
130	159	39	181	228	236	181	39	184	127	64	113	188	45	4	9	165	51	51	1	176	220	2	94	77	50	126	67	128	68	151	251	
225	75	127	94	108	209	191	228	204	76	116	41	120	204	191	103	202	98	2	79	194	35	46	253	115	57	98	41	81	187	101	253	
91	99	113	101	54	10	232	48	97	160	114	194	31	11	148	49	54	165	125	236	193	248	133	204	30	233	99	196	111	160	99	41	
89	235	98	101	102	27	234	112	97	160	86	202	91	9	208	164	50	204	127	236	192	176	133	204	94	201	229	196	103	162	90	0	
28	225	104	202	31	19	202	216	71	20	148	2	121	73	25	160	120	216	219	251	10	35	63	253	243	13	135	45	119	191	126	42	
2	249	34	155	87	193	186	230	30	69	88	163	172	204	118	0	249	123	147	209	82	154	26	255	45	20	158	235	21	28	181	218	
178	16	125	201	56	151	73	112	29	32	231	80	153	23	36	241	220	181	31	168	169	143	113	220	147	251	178	80	16	128	96	184	
35	38	151	145	122	166	184	67	184	155	146	114	156	58	133	143	239	55	95	181	177	205	65	206	28	50	251	150	140	64	3	137	
67	150	150	149	232	39	184	35	188	59	146	122	156	58	132	139	141	23	127	145	177	75	67	213	12	50	250	214	136	64	1	139	
75	209	126	193	50	128	185	183	172	89	22	182	157	151	250	98	103	23	63	157	211	217	165	197	252	169	62	196	4	128	161	121	
98	176	148	156	107	132	184	15	171	27	144	121	172	186	68	158	207	31	251	17	22	75	194	193	29	54	218	254	128	0	27	143	
98	160	250	80	125	145	152	67	203	165	176	11	44	152	84	16	142	185	211	17	6	43	130	209	27	28	25	123	69	8	111	142	
120	205	102	172	156	131	78	254	133	0	220	2	123	233	48	65	88	226	63	235	232	43	10	191	250	239	175	156	55	186	240	8	
2	141	4	139	181	141	174	175	14	9	90	2	172	42	48	64	217	43	51	1	18	152	67	255	45	54	158	194	20	10	145	137	
102	6	221	158	203	49	68	111	155	179	105	122	100	226	108	223	223	247	162	32	49	90	202	234	60	246	85	59	217	122	136	12	
3	197	105	141	126	27	175	190	78	97	94	198	249	46	190	100	127	199	63	237	193	24	109	215	44	44	175	244	53	158	145	253	
2	208	182	152	237	133	184	207	158	25	80	19	172	222	108	73	229	27	179	17	146	92	11	209	13	18	95	238	144	28	161	219	
63	213	113	78	159	151	223	252	87	10	157	78	123	125	188	164	93	210	151	234	235	35	59	191	51	222	133	190	127	255	240	53	
186	222	39	255	133	102	94	191	149	14	95	119	105	255	60	197	249	246	181	226	236	156	27	191	35	239	254	131	59	116	252	27	
4	172	148	159	9	167	38	160	246	19	131	16	224	98	40	75	65	98	40	66	42	204	91	125	137	2	199	1	144	99	48	2	
136	157	61	251	159	233	17	239	222	21	92	58	190	93	32	97	143	51	138	17	50	40	107	189	239	147	0	91	144	8	133	107	
34	249	34	155	95	193	186	230	158	69	88	163	172	222	118	0	248	59	147	193	66	58	26	245	45	20	158	235	21	28	181	218	
7	231	74	24	244	184	175	223	186	87	20	215	136	198	255	45	63	74	134	254	247	96	174	245	46	24	175	237	30	213	217	212	
35	15	110	95	176	150	222	118	85	67	254	133	49	46	182	97	76	35	22	204	253	184	117	108	102	255	246	128	253	209	232	220	
39	157	99	218	247	253	119	241	221	66	92	162	118	244	173	117	122	186	23	106	247	155	52	239	51	126	130	130	54	223	244	253	
148	149	122	232	155	209	158	219	199	4	252	131	45	207	45	64	126	155	143	253	250	35	26	215	243	205	2	79	115	218	37	82	
25	75	87	229	36	138	103	54	116	130	122	224	243	35	161	240	114	236	44	234	73	144	37	8	228	234	227	128	46	240	64	40	
65	160	218	0	114	130	99	78	126	161	162	1	20	131	64	80	210	76	74	28	18	219	129	75	92	28	19	112	128	128	99	8	
102	169	146	152	153	233	146	207	159	13	248	8	142	148	100	156	217	27	130	16	26	43	194	240	153	148	30	127	210	76	167	134	
34	163	128	169	237	215	76	207	7	248	136	11	128	142	119	112	217	137	23	149	78	10	74	145	143	84	141	191	144	94	28	206	
16	176	159	164	31	203	51	75	174	161	154	34	247	219	104	64	178	29	127	17	2	185	19	31	217	197	63	83	160	8	37	11	
2	144	179	152	83	245	177	71	159	81	72	19	12	158	110	236	245	27	147	17	23	155	50	209	29	52	26	107	147	12	165	255	
216	27	239	165	54	2	51	54	124	69	210	247	31	173	178	98	102	228	61	69	252	185	165	168	248	227	230	192	165	172	181	121	
112	220	158	252	45	196	87	103	160	74	238	0	244	243	34	114	200	100	61	202	73	143	178	107	243	255	226	9	16	50	252	42	
214	147	28	184	234	161	56	187	191	61	83	247	204	231	234	219	231	31	175	148	22	80	139	209	156	241	123	239	188	197	141	19	
94	242	252	250	43	221	88	220	171	61	181	169	143	207	79	27	166	153	253	208	10	67	234	241	219	209	91	255	146	135	7	83	
219	155	43	183	54	192	59	176	164	196	215	231	61	130	242	67	98	239	61	215	164	217	173	236	248	225	170	193	36	135	53	73	
43	37	1	167	93	189	226	119	1	237	221	15	34	173	82	132	200	170	147	13	28	58	208	171	47	93	128	57	7	78	218	222	
217	48	187	97	166	62	241	23	124	234	242	122	191	28	209	235	166	183	124	25	185	248	241	8	215	235	114	0	236	200	1	41	
43	239	226	72	211	176	174	215	79	201	120	226	40	172	245	164	127	251	147	217	150	186	134	226	62	28	22	234	215	222	232	173	
139	51	42	216	52	180	169	89	142	8	84	198	236	206	253	228	246	57	187	157	131	1	182	223	16	28	171	200	31	36	57	52	
126	171	50	248	201	209	152	193	171	21	164	137	140	223	98	214	236	177	239	209	90	11	178	240	219	209	139	255	146	6	175	114	
98	184	182	220	107	117	184	83	187	90	144	63	140	190	102	27	239	177	247	129	224	79	178	208	19	90	219	191	71	100	39	223	
90	226	150	242	43	200	24	204	171	189	161	169	143	207	74	27	167	215	237	144	26	79	138	241	219	243	219	255	162	5	39	83	
93	1	98	225	166	26	122	248	101	224	247	130	91	109	157	120	126	221	61	254	152	176	45	196	222	235	231	196	167	167	114	97	
255	203	68	152	13	211	78	225	133	116	212	158	75	66	182	231	72	228	158	238	108	7	109	156	50	120	193	215	55	173	252	68	
70	233	148	158	236	128	190	205	154	155	80	2	236	234	121	74	247	75	51	211	82	82	138	241	12	54	223	174	148	122	161	129	
8	19	179	224	167	98	149	23	204	141	95	96	222	189	232	108	214	23	173	49	152	177	33	128	201	215	126	199	134	115	181	99	
230	233	114	200	252	1	254	220	107	16	240	138	13	207	61	24	255	201	95	243	130	39	10	245	54	88	139	236	87	191	99	129	
132	172	132	147	244	169	168	134	190	19	83	18	172	194	73	75	99	43	2	16	50	248	74	241	12	18	154	64	132	73	129	136	
127	165	227	224	149	84	219	205	99	237	190	3	91	189	126	116	248	223	181	252	31	59	184	194	123	253	135	236	227	7	244	110	
227	155	102	158	237	212	188	229	205	94	245	175	104	252	182	113	238	191	183	195	221	59	238	245	63	58	206	203	31	46	244	223	
222	240	45	241	143	93	85	155	63	127	151	63	26	28	78	59	173	144	253	50	254	101	251	146	219	211	85	119	224	12	212	87	
187	185	102	164	15	86	222	117	81	238	150	39	106	61	54	7	252	231	157	231	252	235	241	204	243	121	207	147	39	44	116	95	
11	150	229	143	162	22	189	191	46	127	95	247	221	110	190	230	55	23	191	173	213	156	61	215	6	47	250	196	62	198	173	125	
244	16	125	97	36	75	81	25	105	172	183	40	87	93	137	59	186	148	76	106	25	183	97	8	211	249	97	149	96	171	70	99	
28	189	49	161	176	143	87	123	54	165	169	25	151	21	64	0	25	153	79	57	26	168	89	22	233	212	37	116	240	8	135	226	
11	214	101	207	34	123	191	191	13	127	94	230	249	44	190	228	55	19	183	173	197	152	109	253	102	127	120	135	63	222	157	125	
173	202	70	192	53	27	108	113	213	50	151	94	75	1	182	167	72	132	222	110	236	245	45	156	50	90	193	212	62	188	216	4	
142	177	178	251	238	133	191	121	30	91	81	243	188	223	236	160	255	27	151	199	210	30	138	243	109	29	190	238	22	4	161	243	
195	233	101	194	95	221	250	236	137	240	160	139	60	30	92	34	238	145	211	247	215	63	188	229	63	24	143	110	77	142	243	252	
130	121	226	246	231	217	190	69	173	232	146	171	44	221	245	2	174	249	255	215	192	227	162	232	55	24	143	187	7	126	181	219	
115	95	93	190	42	201	95	58	141	204	252	237	127	118	163	113	198	243	188	102	205	139	99	61	176	251	96	154	48	251	4	121	
120	93	37	252	28	196	71	50	133	140	218	2	55	81	49	67	72	224	31	74	104	171	115	173	241	250	162	24	54	185	116	106	
54	141	66	222	92	130	206	225	149	0	249	2	96	232	60	65	120	234	23	227	120	163	10	255	178	46	130	136	21	171	240	128	
6	32	118	159	108	169	186	64	237	33	123	18	236	202	60	2	238	179	95	67	130	180	74	225	148	24	138	168	84	11	1	129	
54	4	98	232	92	163	202	74	87	160	249	2	75	232	53	0	120	168	23	176	168	179	72	222	58	206	131	188	245	234	112	128	
26	188	186	158	27	241	176	199	158	7	140	187	44	191	102	2	175	59	219	145	38	15	146	243	91	69	26	171	151	68	45	218	
131	133	118	223	231	153	188	103	189	17	121	210	172	170	60	161	238	27	147	133	246	248	6	193	22	89	218	163	29	76	249	141	
90	99	98	232	43	129	26	73	175	172	177	235	13	207	108	208	254	181	239	242	74	3	130	216	186	208	171	191	39	134	39	3	
91	245	226	225	246	146	126	246	59	193	94	162	25	143	214	116	119	223	151	221	214	218	164	224	126	253	190	228	39	148	227	253	
194	251	113	247	110	192	189	119	184	252	80	251	189	158	212	35	174	127	55	197	228	90	166	237	101	40	254	168	4	144	135	251	
19	43	226	152	215	147	170	67	29	197	216	231	40	236	183	140	126	171	151	149	182	154	36	252	60	6	158	131	167	68	63	221	
43	184	159	185	105	253	16	87	155	91	124	61	188	159	98	56	133	59	183	20	7	92	50	209	79	223	124	187	154	92	11	219	
50	191	96	76	123	119	158	127	9	236	252	175	40	189	134	19	254	255	215	161	252	107	240	221	63	88	205	187	87	238	102	223	
126	9	163	236	173	240	83	67	195	193	237	8	90	253	117	126	216	244	53	154	24	35	170	128	211	253	197	27	211	127	116	98	
29	141	106	233	214	179	235	123	84	97	127	130	25	45	178	96	127	138	23	188	154	184	37	159	110	205	162	196	183	206	240	224	
134	169	52	155	236	129	184	239	30	24	112	146	236	238	124	1	223	59	179	209	242	126	138	247	44	26	223	236	20	8	131	137	
3	79	66	141	118	145	174	246	205	64	90	231	169	136	183	196	110	107	150	199	197	153	4	253	36	124	170	136	31	158	249	157	
3	219	66	140	118	146	174	247	205	72	216	231	44	168	183	196	254	107	151	197	197	171	4	237	50	60	174	138	31	190	185	157	
116	97	186	226	57	205	91	192	174	173	165	9	151	223	73	114	244	249	95	82	74	3	218	160	219	213	175	121	0	19	39	3	
31	141	106	201	246	179	235	243	94	97	94	130	153	47	182	96	127	58	23	189	147	152	37	255	110	13	170	192	183	203	241	241	
155	89	52	223	111	149	252	84	69	122	84	34	169	157	179	231	236	122	183	203	193	190	103	161	199	249	250	170	54	157	57	239	
74	166	180	184	169	121	148	143	223	119	164	25	174	174	110	143	135	3	235	17	54	111	234	211	219	215	95	63	146	92	141	79	
50	181	98	204	123	55	154	107	9	232	248	171	40	190	54	1	222	191	215	165	184	43	100	221	59	88	202	186	85	44	39	219	
130	249	182	158	239	132	188	101	171	88	80	163	172	254	52	3	238	123	247	199	194	235	130	225	52	56	206	138	5	54	183	219	
24	159	53	254	139	205	20	47	140	20	224	2	239	239	32	65	197	51	171	2	114	45	91	191	227	247	80	91	80	8	133	42	
54	77	102	201	212	147	238	212	85	224	254	2	73	137	181	96	120	236	23	251	136	183	108	254	114	78	131	192	247	191	240	196	
112	204	187	238	52	64	94	102	192	2	206	34	115	247	32	112	216	244	189	130	72	139	160	169	243	247	138	11	16	114	116	42	
249	91	125	44	42	88	95	58	20	204	116	236	119	119	163	113	86	241	53	110	233	2	103	45	226	235	96	152	116	185	4	121	
242	99	66	168	42	3	26	73	169	164	177	235	15	207	104	80	254	181	207	226	72	3	128	220	176	208	139	191	37	130	39	16	
1	130	215	81	116	152	233	7	124	25	114	80	176	8	148	237	139	42	34	28	179	252	103	193	4	62	114	64	196	136	193	172	
4	232	148	27	137	200	18	172	238	57	131	1	230	242	105	203	193	66	106	82	6	73	75	53	141	18	119	95	144	19	5	11	
88	50	216	225	98	40	56	30	41	63	54	245	143	15	194	27	167	29	239	16	6	92	129	192	222	241	114	231	198	128	15	155	
33	209	25	79	60	95	199	188	70	72	252	76	242	112	157	164	216	74	70	106	203	32	127	61	37	28	37	60	89	58	216	189	
81	32	23	0	18	2	32	72	126	129	226	0	109	194	40	84	114	141	74	60	2	195	149	77	217	174	19	68	0	0	35	40	
50	170	234	152	222	241	152	206	159	23	148	187	40	204	119	8	239	187	175	149	30	79	238	243	90	5	155	251	149	76	61	222	
183	88	107	77	70	66	171	112	84	192	87	226	113	212	181	101	126	252	18	238	225	180	52	204	4	40	227	128	109	171	117	244	
0	72	18	157	86	131	184	71	158	0	82	2	44	138	49	64	110	41	51	129	66	189	0	223	52	36	154	8	21	8	33	137	
34	9	98	138	92	129	170	97	198	0	217	2	40	200	52	64	120	168	2	209	146	187	2	255	56	44	138	200	85	10	112	136	
2	72	2	157	86	131	168	71	20	1	82	2	44	138	48	64	110	43	19	129	66	158	1	223	52	36	154	128	21	8	33	136	
227	155	102	158	237	213	188	97	143	88	112	175	108	252	54	97	238	187	183	199	212	58	234	245	63	56	206	235	21	46	245	223	
0	137	2	158	92	129	170	96	150	0	216	2	32	200	48	64	88	170	19	193	82	171	2	255	56	36	138	72	20	10	48	136	
2	204	2	157	84	139	170	103	20	1	90	2	168	170	48	64	120	43	19	129	2	152	1	255	36	38	154	128	20	8	48	136	
98	48	242	212	109	4	184	64	203	219	177	171	140	191	116	10	143	49	247	129	130	107	130	192	23	88	90	170	150	44	35	211	
74	145	244	224	52	25	216	27	107	217	180	171	175	31	212	51	174	145	221	189	138	40	97	221	142	217	138	250	71	140	81	93	
26	161	240	225	38	26	248	25	105	113	127	139	91	79	220	48	62	157	21	189	138	176	101	193	218	221	163	132	103	174	82	81	
191	141	103	188	49	134	236	97	252	66	114	66	249	254	60	225	252	35	151	37	245	189	38	207	97	123	234	128	87	44	112	224	
18	132	120	218	95	165	219	249	23	8	249	3	56	253	60	1	93	185	7	168	170	42	88	223	123	12	35	236	113	234	36	171	
91	204	230	183	39	150	105	49	165	194	214	199	239	109	176	198	102	229	189	143	201	189	21	236	214	127	214	128	47	174	57	120	
178	133	127	216	86	215	241	105	95	68	244	18	124	124	180	101	255	185	23	168	178	171	62	223	59	14	2	79	53	168	117	237	
38	180	233	233	125	233	218	107	23	237	185	107	161	255	236	0	217	9	23	176	46	2	200	159	222	221	173	255	151	140	86	195	
95	0	244	225	38	26	248	88	41	224	62	130	91	15	221	114	62	157	21	188	140	180	165	192	222	217	171	196	103	164	114	209	
178	205	102	216	84	147	234	230	213	0	252	2	40	202	181	96	110	171	23	200	234	187	36	255	50	44	130	128	119	136	96	140	
2	157	114	207	118	161	186	102	108	1	122	162	172	222	36	64	254	59	19	129	130	184	0	255	36	60	154	138	85	2	33	137	
187	62	99	71	118	50	239	112	113	230	125	230	89	44	151	181	62	141	151	239	229	180	44	206	54	77	160	132	111	247	122	245	
75	86	183	180	37	134	185	63	237	206	90	199	221	206	178	66	246	53	189	165	196	141	182	205	208	255	186	128	14	164	33	91	
42	32	104	236	125	247	217	88	19	173	117	158	19	77	214	44	92	185	151	189	138	114	116	157	87	221	169	189	119	137	86	246	
75	209	126	241	54	144	185	182	174	89	214	163	189	159	250	98	103	23	191	204	194	89	167	213	222	233	186	196	38	132	161	121	
2	140	150	157	124	131	190	230	158	3	82	18	172	170	48	65	199	107	59	129	34	216	3	255	44	54	222	130	148	8	33	137	
6	73	112	200	238	3	254	205	207	48	176	10	140	138	117	8	238	205	95	243	192	39	8	216	54	24	15	190	85	186	227	137	
77	181	177	65	243	222	191	27	106	233	63	108	158	181	200	180	151	30	212	56	147	184	249	0	109	157	37	228	202	130	131	241	
81	168	7	0	92	139	224	105	111	48	98	136	231	0	20	21	32	4	106	60	40	251	21	93	148	242	83	98	64	0	67	44	
103	148	224	24	239	49	184	75	91	55	125	191	8	168	222	190	207	139	162	149	150	122	254	211	30	30	219	239	223	101	250	198	
23	90	198	5	34	42	186	216	45	226	31	231	73	106	159	78	63	69	127	239	133	181	13	192	22	46	235	134	239	247	9	21	
103	134	142	156	200	51	46	235	154	179	77	216	68	226	236	159	185	198	234	172	53	71	138	82	56	22	207	47	152	113	169	4	
43	183	64	9	245	23	234	255	67	73	124	206	40	32	158	180	92	138	146	252	151	186	116	221	46	28	132	232	223	142	250	220	
43	167	96	11	245	149	238	223	67	73	124	207	40	72	159	180	92	138	146	252	215	186	116	221	46	28	132	234	255	206	250	220	
139	62	147	245	114	174	185	19	184	105	82	112	188	55	128	164	166	63	215	0	177	156	160	207	197	253	58	130	10	128	3	185	
122	125	246	118	239	248	214	230	233	158	188	41	46	188	103	151	171	243	253	67	84	107	130	224	58	89	68	187	199	117	239	223	
10	143	106	153	118	144	185	103	156	5	92	167	169	143	182	65	110	59	135	133	246	152	38	255	110	37	186	201	55	140	181	203	
9	90	210	69	103	59	114	214	109	106	126	110	10	24	183	252	54	236	166	72	133	184	37	232	22	127	80	6	111	221	104	13	
94	226	150	240	9	196	88	200	171	189	161	137	140	207	72	26	166	213	237	208	10	71	138	241	219	243	219	255	130	7	39	83	
186	147	114	164	111	87	220	113	89	232	214	43	110	61	54	33	254	247	183	225	220	187	225	207	179	123	202	147	39	46	116	95	
248	205	102	252	28	130	78	246	149	0	214	2	51	235	48	65	72	230	63	235	232	139	2	191	242	235	238	152	55	184	112	8	
2	133	16	139	180	141	186	175	30	41	90	2	236	226	56	64	211	11	51	17	18	152	73	247	45	52	158	192	148	10	145	137	
81	95	223	229	178	14	111	54	108	138	126	102	31	51	161	114	38	100	44	60	225	153	33	78	240	174	38	128	168	240	97	41	
226	219	101	88	239	213	159	242	159	252	180	239	40	156	247	245	206	243	183	87	229	111	118	253	63	90	205	251	95	29	84	223	
86	138	166	188	173	196	24	130	159	159	130	133	236	238	99	75	197	247	253	213	24	73	203	225	153	115	223	155	144	45	181	82	
224	93	93	204	92	76	71	190	133	8	236	74	51	19	33	247	72	214	46	106	107	43	115	189	183	251	176	24	18	153	84	40	
102	173	208	159	236	33	174	235	10	178	152	10	236	234	89	66	91	203	127	147	82	106	203	241	188	20	143	252	149	122	177	128	
250	27	110	156	205	211	92	114	213	238	214	175	40	174	183	245	72	160	175	196	252	159	102	254	22	83	201	147	63	44	92	95	
75	25	211	199	103	60	34	18	93	104	94	102	188	177	245	236	38	110	182	77	129	56	149	234	6	124	18	130	174	221	25	45	
11	185	189	149	109	151	188	55	202	252	20	76	156	42	214	167	142	32	18	140	197	74	118	220	14	27	95	172	158	164	11	205	
11	151	229	207	182	59	187	191	15	109	94	230	233	44	190	228	54	87	191	173	151	152	45	215	110	127	173	135	191	254	157	125	
44	57	208	234	221	221	114	79	11	5	125	9	42	249	103	148	136	186	194	16	22	58	218	241	95	221	5	123	211	14	206	130	
130	42	121	185	118	233	185	82	253	21	85	179	157	31	48	73	110	185	159	145	166	172	68	208	198	209	58	203	52	137	5	195	
208	0	85	253	94	235	113	35	45	33	227	58	189	19	0	81	98	61	127	8	32	156	65	223	213	160	50	83	52	136	5	163	
135	139	122	251	230	144	188	230	158	25	80	215	149	234	126	11	239	91	55	197	247	120	142	245	62	201	254	237	29	9	249	145	
2	4	95	249	32	232	121	35	173	11	122	48	188	151	160	123	194	55	127	8	49	157	65	197	199	250	250	194	20	0	133	171	
49	81	241	109	52	31	237	91	84	232	242	102	147	56	149	32	94	140	22	45	201	184	117	140	164	238	35	132	125	168	80	253	
90	185	50	250	217	213	26	193	175	21	160	9	172	223	101	82	196	177	251	208	30	11	154	241	219	209	10	123	18	6	39	90	
193	0	191	117	32	238	233	7	60	11	242	16	190	55	4	123	194	55	125	136	57	220	209	66	197	250	114	2	72	64	225	43	
6	13	242	249	244	171	188	67	31	3	80	146	172	174	53	9	255	59	23	145	178	184	0	250	14	94	154	162	149	205	209	129	
28	189	17	161	177	143	67	115	55	172	168	88	151	19	64	0	137	184	79	24	58	184	81	30	233	212	5	116	210	8	134	162	
114	197	226	237	214	2	236	255	95	1	250	2	9	171	116	64	122	207	55	209	218	186	133	226	190	252	158	200	183	152	240	128	
193	24	187	241	164	174	121	23	124	139	114	16	191	55	64	121	166	63	124	24	185	252	241	66	141	255	54	64	200	64	129	41	
130	248	176	152	111	165	184	206	158	27	80	19	140	158	100	72	231	27	179	145	194	94	130	241	29	16	90	238	16	76	161	219	
83	197	107	141	54	27	175	254	95	96	222	198	249	46	191	100	126	207	31	237	227	153	37	255	180	44	174	180	53	159	17	253	
3	207	99	141	118	147	174	246	93	200	90	231	105	232	182	164	126	108	23	237	245	184	5	254	46	30	175	192	47	190	249	221	
18	139	102	154	242	147	188	103	141	133	90	231	45	140	182	196	110	171	167	213	214	153	6	236	62	80	174	195	53	142	189	221	
230	64	114	226	100	168	250	192	137	1	243	146	205	206	61	74	254	241	31	227	160	183	76	226	150	248	138	200	5	191	113	129	
38	72	114	202	108	137	238	200	141	0	240	10	238	202	61	8	122	193	95	227	130	35	10	225	180	152	138	152	85	27	113	128	
26	188	122	152	211	241	179	103	156	133	220	179	44	175	38	0	235	187	139	145	50	139	6	255	251	69	30	235	181	12	173	219	
53	85	105	69	52	15	207	122	86	232	254	106	83	56	149	36	126	140	94	44	169	176	101	30	244	142	165	148	125	248	80	33	
71	41	142	140	12	131	233	72	206	224	218	131	212	200	51	226	106	165	122	205	141	35	215	217	148	32	139	56	93	47	121	196	
4	201	22	152	238	137	190	205	174	18	80	2	236	202	57	64	183	41	110	115	66	37	10	255	180	54	15	46	20	26	161	137	
6	105	22	147	238	129	190	69	142	144	82	2	172	202	97	72	238	121	63	211	64	214	138	232	60	16	143	170	148	26	161	137	
98	244	116	82	73	253	180	239	251	59	180	24	44	255	76	63	141	147	243	0	230	111	250	245	31	218	84	123	67	80	199	159	
63	60	34	248	213	182	202	83	81	195	237	6	11	201	55	37	221	234	19	191	190	239	48	174	123	221	133	72	203	109	242	214	
240	32	22	8	76	11	96	72	255	48	162	24	103	128	44	93	224	132	106	48	38	231	23	29	145	240	2	86	97	0	99	140	
173	213	119	218	253	157	191	252	204	90	189	58	251	125	190	165	127	210	223	107	243	35	40	247	119	121	239	220	87	255	221	241	
122	61	118	70	127	209	210	98	201	140	189	43	106	252	119	150	170	247	213	99	204	43	138	237	123	93	1	187	71	47	94	207	
61	77	91	236	116	3	79	112	93	160	252	206	123	139	181	112	254	237	6	239	233	179	96	158	242	253	161	152	127	187	112	161	
3	178	221	185	186	169	57	19	174	93	27	245	188	134	194	218	167	59	255	149	151	12	2	209	140	20	58	234	156	192	129	85	
37	249	121	73	190	91	135	189	79	104	60	108	210	124	158	36	30	72	86	110	215	48	109	29	44	28	37	246	95	190	211	245	
27	196	54	204	15	22	248	127	237	8	127	34	108	251	52	228	122	53	191	41	192	169	7	205	19	127	218	143	55	174	121	45	
26	150	116	236	95	23	169	121	95	24	241	98	105	90	188	229	251	145	151	161	242	175	11	221	25	250	250	206	31	46	121	173	
188	154	116	217	125	179	202	218	87	25	240	102	40	218	244	228	222	153	151	240	170	38	75	221	14	217	163	228	95	141	96	161	
75	1	98	140	101	180	110	49	237	64	95	131	104	207	62	196	118	161	191	173	137	147	150	205	22	125	138	203	38	166	185	116	
47	77	117	201	125	247	216	90	87	56	252	98	25	157	181	41	76	57	151	185	159	34	99	217	39	89	163	252	119	221	244	165	
162	123	104	217	116	235	217	86	27	173	116	255	16	157	180	8	202	184	23	89	154	254	64	156	70	152	169	247	119	153	214	179	
242	37	83	168	27	67	94	105	33	132	177	143	11	206	41	208	126	177	207	226	77	7	148	222	176	208	139	191	57	34	38	20	
9	154	154	91	113	188	177	214	254	29	118	84	188	211	174	108	167	43	2	24	146	188	34	247	79	191	50	202	218	128	41	171	
22	245	121	195	159	217	51	205	31	117	189	187	142	158	110	16	183	153	223	49	86	57	184	214	255	212	31	127	183	14	133	87	
42	174	42	184	252	161	153	206	158	141	216	167	169	204	118	0	205	171	143	149	158	11	70	255	220	21	187	249	149	76	61	207	
128	254	122	57	246	251	178	214	123	77	112	242	12	152	167	32	175	57	134	17	166	60	0	223	62	84	34	239	213	144	103	207	
33	191	115	81	247	219	226	115	125	193	120	98	24	48	180	164	122	58	18	120	177	184	36	254	44	30	5	194	79	142	242	165	
227	155	102	159	239	212	184	97	141	88	209	167	44	252	54	97	238	187	183	197	212	58	234	245	63	56	202	234	21	14	117	215	
74	176	180	184	173	253	16	143	139	119	44	29	142	191	78	158	131	27	239	17	22	107	242	241	143	215	95	127	210	76	143	222	
54	73	98	218	212	147	238	212	213	192	222	2	41	201	181	100	120	234	23	219	200	187	36	238	50	111	142	128	55	191	112	204	
252	94	190	181	43	86	85	50	161	222	183	53	223	31	131	123	206	245	253	102	237	199	241	136	211	243	107	147	42	125	44	115	
91	147	107	141	54	211	187	189	79	109	94	231	73	110	190	228	118	159	191	253	151	152	45	223	126	125	171	197	183	142	157	117	
124	107	19	226	57	141	75	208	163	172	161	8	47	211	73	20	216	249	77	122	74	35	216	180	249	212	7	56	114	147	102	35	
2	12	2	159	20	163	168	71	28	1	90	146	168	142	48	64	126	43	19	129	34	156	0	255	36	38	154	128	20	8	177	136	
160	77	66	154	84	129	162	100	148	0	208	2	32	200	49	65	72	170	19	193	98	171	2	255	48	32	138	104	21	11	48	136	
122	17	114	236	126	18	218	120	17	73	254	171	107	189	182	100	254	189	183	229	152	187	101	221	114	125	128	202	55	142	112	223	
2	141	2	143	20	131	170	103	60	1	90	2	168	194	32	64	120	42	19	128	2	152	0	255	36	36	154	128	20	10	177	136	
13	63	211	65	240	188	235	18	122	233	126	108	189	182	215	188	182	111	20	28	147	184	180	106	12	28	37	160	202	195	3	181	
224	89	24	253	109	12	85	35	152	138	100	24	182	179	33	91	192	58	46	8	96	126	210	169	197	241	96	58	24	120	64	170	
182	72	98	248	116	0	238	220	153	2	240	26	75	203	61	89	126	193	23	243	232	231	72	234	178	248	143	140	55	185	112	128	
43	27	242	68	67	180	250	214	125	69	126	166	40	170	183	244	254	170	166	204	133	186	36	227	22	125	146	131	111	213	104	141	
166	123	242	150	235	145	188	192	155	190	145	239	44	206	231	143	239	121	231	211	198	71	142	224	24	16	79	171	79	116	47	213	
222	234	150	224	41	196	90	194	171	189	160	9	140	207	65	18	236	245	237	210	74	71	146	241	155	241	139	127	2	21	39	82	
66	88	134	188	45	140	56	198	175	149	130	13	172	142	99	74	224	101	251	85	2	73	146	224	157	114	223	91	144	61	53	90	
49	2	121	101	52	15	233	55	116	168	118	98	147	17	148	32	94	188	94	8	233	184	101	12	228	239	50	128	109	136	192	169	
176	106	188	125	8	12	71	26	114	14	224	28	163	1	1	27	200	232	76	74	106	111	243	43	193	235	112	56	80	113	70	168	
120	185	50	234	25	221	82	97	171	12	172	9	47	223	97	144	216	185	221	82	74	43	152	189	251	209	0	123	114	2	46	11	
60	66	111	71	70	98	235	80	68	198	127	162	81	13	181	104	126	188	19	238	128	180	37	78	87	47	162	128	103	171	116	240	
144	77	102	220	28	131	234	102	213	0	242	2	40	138	53	65	106	163	6	193	232	175	6	255	50	170	138	0	117	8	97	136	
2	133	114	139	86	161	186	111	14	1	121	130	172	206	60	64	126	59	19	145	146	184	73	255	36	28	138	202	21	10	161	137	
159	19	230	69	198	50	188	113	117	226	87	247	73	44	191	237	126	196	183	175	181	240	37	206	38	111	234	128	239	229	249	213	
135	242	226	154	235	241	184	206	155	93	80	183	12	222	255	9	255	153	179	149	166	71	174	209	30	18	223	239	213	21	47	215	
102	172	192	133	220	9	202	233	11	179	185	10	236	106	92	18	91	205	127	177	58	110	203	219	188	156	143	252	149	42	82	128	
255	29	98	76	141	212	86	57	193	204	188	47	106	253	103	118	196	240	221	230	204	35	186	136	243	89	133	191	115	126	124	127	
82	1	242	225	102	42	248	67	105	160	186	2	13	10	84	80	238	133	31	177	144	185	129	192	150	216	139	196	37	160	99	1	
2	188	176	153	239	165	188	199	30	43	88	19	172	190	100	72	231	59	179	145	146	30	210	243	21	20	154	234	144	76	161	219	
9	155	185	115	176	92	155	182	90	125	54	244	191	61	146	160	135	90	149	92	243	184	97	167	238	223	52	208	222	140	133	249	
248	77	70	252	12	130	78	118	149	2	210	2	35	235	49	81	104	228	63	194	104	159	2	189	178	235	234	144	55	184	112	8	
19	204	107	133	54	155	235	246	125	96	222	198	61	12	183	100	126	239	23	237	201	156	37	255	180	238	186	128	53	159	17	253	
74	158	151	243	147	236	49	23	189	15	106	80	172	183	32	212	165	51	251	16	50	141	18	231	237	247	30	75	130	68	165	43	
15	138	162	81	149	151	235	83	71	237	206	70	153	172	118	164	125	168	147	157	157	184	53	242	111	95	159	64	167	140	248	244	
91	56	118	120	43	157	56	19	237	88	119	32	159	223	198	127	166	57	253	8	132	5	162	192	195	249	34	170	2	132	3	119	
58	229	226	233	214	2	236	254	87	33	250	2	11	139	52	80	123	207	23	208	218	186	197	231	190	253	158	196	55	152	240	136	
2	136	246	249	180	139	248	71	159	17	82	146	173	206	52	72	239	59	23	145	146	248	2	196	142	218	222	194	149	140	177	137	
65	41	46	140	93	217	227	72	198	228	223	10	178	200	51	226	72	160	122	205	12	35	231	216	213	48	139	57	85	46	125	204	
26	156	55	187	147	224	177	103	188	67	74	179	188	158	32	228	227	59	187	129	55	141	51	247	165	38	154	67	52	4	165	254	
111	185	241	64	245	253	214	219	75	237	61	42	10	252	214	180	155	154	198	16	159	58	252	208	63	93	5	111	215	238	222	245	
2	165	16	139	116	173	186	239	14	41	89	2	172	232	56	64	211	11	19	17	18	56	73	213	44	20	139	238	148	10	145	129	
90	90	251	229	34	210	63	54	185	238	118	230	157	167	225	242	39	125	189	194	193	157	164	234	242	231	110	134	46	177	39	121	
74	216	118	249	46	128	120	150	175	17	214	163	173	159	112	66	103	183	191	133	130	152	3	213	206	249	186	198	54	132	33	25	
112	137	57	234	140	197	86	173	6	4	72	10	247	213	32	64	208	186	167	64	90	10	82	183	251	231	154	89	16	10	148	42	
139	207	99	141	116	151	239	244	85	192	90	198	121	72	181	229	126	236	18	239	229	184	53	238	36	110	175	128	63	255	113	252	
200	146	86	189	32	186	40	55	188	7	70	244	173	3	160	217	6	55	238	8	50	156	67	199	196	243	122	129	10	128	137	57	
131	92	118	223	45	157	126	212	221	90	87	2	234	221	191	107	206	251	191	202	238	244	106	233	7	120	210	130	22	223	112	207	
126	51	170	226	153	116	187	65	163	197	173	27	139	238	87	158	252	253	217	147	30	67	186	194	251	213	143	127	195	119	175	214	
114	27	106	156	100	209	248	99	204	206	222	175	32	172	182	112	236	171	183	133	220	155	102	44	22	37	248	139	29	10	124	223	
66	129	82	140	238	137	190	109	159	130	216	10	236	202	112	64	126	169	127	227	66	43	10	219	180	20	15	168	20	58	33	9	
41	54	165	95	253	54	201	158	87	79	116	68	243	109	63	44	221	74	23	28	171	230	123	143	79	223	180	128	218	220	80	252	
2	205	150	159	124	129	190	230	30	9	82	18	172	162	32	64	231	107	51	193	50	220	75	255	44	54	158	130	20	25	161	137	
2	184	178	155	207	237	180	71	158	91	88	19	172	222	102	8	205	59	179	145	18	28	210	241	13	20	218	235	20	76	133	219	
130	105	114	134	238	131	254	101	205	160	176	10	172	138	117	67	238	241	95	227	192	47	8	248	52	24	143	170	21	58	163	137	
29	252	190	173	58	211	158	218	158	92	220	167	189	254	50	96	231	121	157	199	206	137	58	185	226	229	171	133	20	121	45	211	
54	77	70	236	28	131	206	98	149	128	248	2	67	234	53	64	120	232	55	227	8	171	10	255	176	238	131	152	53	59	240	128	
250	212	44	254	13	84	93	188	131	94	165	29	251	95	26	251	221	213	253	162	239	71	251	151	243	251	220	61	18	126	222	122	
64	243	149	81	224	10	37	183	42	61	54	100	134	50	132	126	35	86	110	8	210	216	161	65	36	166	118	134	64	80	231	45	
27	222	83	177	119	251	176	246	29	108	94	230	143	29	162	133	111	59	151	33	183	184	52	221	38	87	58	195	62	140	157	253	
42	219	102	201	229	155	237	247	13	41	94	231	140	29	183	196	206	54	183	145	211	184	65	213	38	127	186	199	159	158	216	191	
56	205	98	237	84	131	238	254	101	1	254	2	57	139	180	96	122	206	31	232	202	187	5	255	118	205	166	196	103	154	112	136	
163	153	98	219	127	133	186	97	141	88	241	35	172	252	54	97	238	187	183	213	150	59	218	253	61	56	138	234	21	15	49	215	
74	157	22	222	147	188	52	119	173	9	110	20	172	183	36	214	167	51	233	16	119	137	146	231	171	245	30	75	138	68	169	31	
26	159	114	171	115	147	191	117	189	108	126	231	13	142	166	132	54	59	135	230	197	185	44	223	54	197	42	194	127	134	45	221	
198	50	247	145	171	122	185	19	189	255	147	245	204	190	205	111	231	21	255	17	181	213	167	192	140	114	126	134	142	101	135	119	
106	155	98	200	117	240	123	240	205	76	92	102	40	204	191	244	254	170	183	202	143	3	38	255	54	125	162	139	31	143	124	95	
58	68	114	204	126	146	250	121	29	0	252	130	73	207	180	96	126	189	23	232	200	183	36	223	114	253	130	200	119	142	112	141	
11	145	53	185	178	188	57	23	190	85	94	181	157	134	194	237	166	59	191	157	151	88	183	213	206	123	58	192	150	132	141	253	
223	223	24	143	35	114	31	184	62	110	159	231	252	102	171	197	119	71	172	238	227	133	173	255	240	231	107	150	62	119	45	121	
50	21	83	172	19	71	78	105	49	206	241	207	75	14	39	21	124	157	134	162	109	179	16	140	177	192	130	151	121	42	46	214	
27	156	18	248	19	180	48	91	191	25	109	22	44	243	38	228	231	59	146	144	54	137	50	215	91	255	18	75	154	4	41	139	
236	222	101	94	205	123	199	190	81	254	180	30	203	105	31	143	89	198	228	106	125	102	253	175	47	251	229	253	255	253	220	244	
66	88	118	255	44	132	120	22	175	24	82	34	172	159	37	75	230	51	191	129	130	205	3	241	134	248	218	130	22	132	33	27	
2	216	54	249	36	131	248	71	159	17	82	50	172	158	52	73	231	59	63	17	130	253	3	213	140	218	218	194	20	12	177	9	
160	204	70	154	92	129	138	230	148	0	216	2	32	202	49	65	72	170	19	195	98	175	2	255	48	34	138	8	21	9	112	136	
2	133	2	139	20	163	170	103	12	1	91	2	40	202	56	64	122	43	19	129	18	184	1	255	36	36	138	192	21	10	177	136	
146	76	70	156	4	128	174	102	148	2	242	2	40	138	53	65	104	163	46	195	104	175	2	255	48	42	218	136	85	25	113	136	
2	133	0	139	84	163	170	203	14	1	121	2	236	202	56	64	122	11	19	177	18	186	72	255	44	4	138	196	149	11	161	128	
31	4	230	7	198	18	188	121	117	198	87	215	73	108	190	237	126	141	183	175	213	245	45	200	22	107	254	132	239	230	249	213	
66	187	118	142	107	221	156	248	139	220	157	175	108	222	110	19	134	115	223	99	198	11	186	241	59	80	79	191	86	111	39	87	
134	242	226	152	235	209	188	205	155	223	208	183	44	206	255	9	255	153	179	215	230	86	174	243	30	16	223	175	149	20	167	223	
171	220	229	87	118	58	127	183	87	111	86	244	187	15	146	244	7	94	183	28	227	156	101	239	110	127	52	192	46	140	208	125	
210	76	198	156	4	162	108	98	189	130	210	2	42	234	49	73	104	228	63	195	104	175	2	236	176	162	218	136	37	121	113	8	
239	114	194	5	71	20	172	89	121	107	241	223	8	136	222	158	126	141	162	175	213	246	149	195	22	42	250	174	79	164	250	213	
56	237	120	106	112	221	83	244	97	12	124	40	51	91	34	48	88	184	6	104	74	186	104	63	255	205	32	97	115	138	110	171	
51	207	78	188	28	129	78	246	132	64	216	199	49	200	178	64	108	226	31	207	237	139	6	191	240	44	170	136	61	156	120	92	
218	104	18	160	41	237	120	67	175	52	170	9	140	158	99	90	166	181	239	144	2	7	146	210	147	213	139	127	0	4	39	90	
39	118	224	67	119	253	242	212	91	239	125	47	74	252	223	52	191	234	151	29	135	50	252	194	95	28	5	175	239	254	94	247	
222	63	250	180	162	242	59	82	185	230	22	183	13	191	231	95	38	117	189	214	176	213	164	234	218	115	111	131	174	245	47	115	
179	205	71	188	28	129	206	246	196	64	216	199	49	232	179	225	104	226	31	207	205	139	6	189	176	40	174	152	61	188	120	92	
66	88	150	156	111	200	176	198	175	213	194	35	172	154	99	74	226	125	251	81	6	205	130	224	156	50	94	203	140	12	45	207	
9	14	89	117	52	143	105	55	124	41	118	112	183	19	144	112	70	62	94	8	161	188	65	47	198	191	50	128	72	136	193	41	
38	165	64	137	244	169	170	202	14	33	121	2	140	200	124	0	219	11	19	17	18	186	72	215	44	28	139	236	149	11	209	128	
155	51	99	138	246	145	105	93	7	204	213	231	57	206	250	228	126	171	151	221	223	154	38	222	58	93	170	232	63	142	57	253	
41	251	123	69	114	223	189	117	111	228	126	172	27	141	150	52	54	60	214	104	197	184	53	93	127	13	37	37	103	178	207	253	
43	179	225	203	124	21	203	29	71	201	221	230	185	204	222	164	92	138	183	221	143	2	239	209	206	93	174	168	159	142	248	253	
155	223	102	190	139	134	31	247	149	14	222	231	105	234	55	69	126	227	191	231	236	143	23	239	242	102	206	138	63	246	184	95	
185	76	75	173	86	146	107	246	52	98	114	198	121	47	187	224	126	236	23	238	237	156	37	255	118	239	162	128	63	145	112	249	
189	77	127	236	52	138	79	112	85	168	246	110	123	169	177	113	254	237	23	239	233	187	96	174	242	251	160	144	119	187	96	169	
129	28	63	247	52	172	105	54	125	73	86	84	191	27	176	96	134	58	62	13	163	188	113	239	197	255	50	128	8	136	81	57	
55	77	103	206	76	82	175	240	196	74	219	226	113	76	189	229	120	240	22	239	201	183	100	236	49	42	234	136	53	255	116	244	
104	116	185	238	77	116	93	156	19	78	252	13	251	127	91	58	221	223	245	160	141	98	250	131	243	253	244	57	251	246	102	251	
62	117	59	224	213	215	95	209	191	225	169	31	15	223	110	24	189	185	215	179	91	51	56	214	251	221	13	127	203	15	166	119	
98	164	192	133	92	139	202	105	11	177	184	10	206	42	80	2	123	205	95	177	10	122	201	221	188	148	143	244	149	42	83	128	
217	223	170	6	49	124	63	176	168	206	159	229	255	54	139	246	182	86	252	110	229	5	189	239	242	119	38	155	14	247	47	125	
27	159	99	204	119	146	251	241	177	77	222	231	8	254	182	228	126	237	151	253	223	155	164	255	58	125	175	194	47	166	252	245	
27	79	103	141	21	22	238	246	85	194	218	198	105	104	181	228	120	100	54	239	237	184	53	239	38	126	206	128	63	190	112	236	
50	237	98	233	84	130	234	246	101	33	250	2	43	136	52	64	120	143	23	209	202	186	65	223	190	236	158	196	53	154	112	136	
120	255	18	238	49	141	87	244	161	12	252	77	47	211	33	148	220	249	205	106	75	11	216	191	177	244	4	186	122	154	102	59	
66	54	254	149	226	56	189	87	187	255	23	247	140	174	206	79	167	23	239	149	180	93	167	192	94	54	126	199	132	68	173	247	
253	212	61	232	236	95	95	185	19	122	181	93	219	127	26	123	221	212	253	46	249	102	249	23	247	219	229	252	82	171	198	115	
2	168	178	153	244	161	184	71	30	3	112	146	172	174	52	8	239	59	23	145	178	216	2	243	12	30	26	234	148	72	163	137	
32	255	122	65	114	139	127	244	112	72	124	230	113	71	170	17	62	40	6	110	224	186	32	127	102	141	37	128	111	178	98	185	
171	211	98	88	115	208	188	119	221	77	124	247	40	172	182	244	238	171	134	132	230	186	38	227	54	125	178	203	95	156	236	223	
182	77	98	254	148	131	238	224	213	128	250	2	99	200	53	64	120	234	31	195	232	171	12	190	178	239	142	136	53	187	112	136	
9	185	122	64	209	159	125	119	161	228	110	12	57	135	6	176	36	186	208	156	209	155	48	76	107	205	5	64	67	130	238	248	
10	142	39	184	189	225	153	71	151	157	216	163	172	143	114	196	205	187	143	149	26	11	102	223	252	84	155	251	150	204	181	251	
237	159	109	225	172	127	95	186	23	254	182	92	211	61	146	123	205	212	125	110	249	116	121	62	207	219	225	244	56	233	212	115	
48	129	82	156	94	129	110	105	31	128	249	10	110	234	40	80	122	169	6	224	26	43	10	223	184	132	139	40	53	42	97	136	
59	87	122	239	117	6	95	252	21	9	252	102	123	61	61	96	254	219	23	227	201	186	97	191	115	253	176	138	127	159	112	187	
153	12	111	253	86	34	233	114	52	194	118	214	121	47	177	105	127	239	23	172	161	220	37	238	118	239	242	128	175	225	112	249	
218	207	98	158	251	144	14	247	149	14	214	247	104	239	182	197	103	235	175	197	240	143	38	255	50	118	222	139	55	148	180	125	
60	232	248	122	199	157	222	200	83	35	228	10	107	217	125	176	121	218	147	202	78	38	94	243	127	207	149	45	119	251	90	130	
39	181	98	1	245	183	234	75	95	225	249	71	72	72	254	164	248	137	146	255	159	178	93	220	62	92	143	102	223	111	248	148	
73	28	59	254	49	236	51	114	236	73	111	64	60	255	32	96	164	51	31	8	147	169	50	239	211	255	50	74	138	3	33	59	
58	133	98	237	84	131	234	126	101	32	254	2	59	9	52	64	122	140	31	168	200	187	1	159	242	237	162	132	119	138	112	136	
87	5	230	134	198	178	190	81	173	198	223	135	77	238	190	98	126	253	191	183	212	147	172	192	26	108	207	192	167	231	177	85	
51	205	103	190	28	147	206	246	196	64	218	198	49	232	177	224	104	226	23	207	237	171	38	191	176	46	170	136	61	191	120	92	
57	79	95	238	52	14	79	112	5	136	255	102	123	9	177	112	254	229	23	111	201	187	97	172	242	255	160	144	103	187	96	169	
167	217	98	218	253	133	190	224	141	88	81	51	236	220	62	97	238	187	151	215	246	63	10	255	63	24	138	234	21	31	177	215	
26	128	134	249	149	226	208	67	229	29	234	19	10	185	52	204	233	134	171	144	30	249	3	133	155	246	210	67	163	76	124	14	
218	157	86	158	235	208	60	231	189	92	214	179	44	246	166	247	230	187	191	128	119	203	162	237	58	115	94	139	23	4	173	223	
2	61	18	145	235	237	188	71	175	188	250	9	172	158	103	90	226	59	235	144	18	27	146	208	181	16	10	171	128	86	167	211	
167	124	226	87	118	153	250	194	91	238	117	191	40	140	215	44	255	109	147	31	135	182	236	226	22	30	149	170	199	255	86	245	
94	62	226	182	210	178	62	81	185	198	95	167	77	238	254	68	55	253	191	183	212	149	172	202	154	101	143	195	167	231	167	215	
59	95	103	140	108	82	206	252	69	74	218	226	113	124	181	228	92	224	182	239	205	163	101	191	48	110	238	136	61	127	112	93	
57	211	127	239	117	6	95	252	5	8	244	102	123	29	189	65	254	219	23	238	203	186	105	189	247	249	162	132	127	155	112	171	
111	211	228	95	237	91	213	189	83	255	53	254	72	124	223	175	207	212	182	119	181	114	255	157	46	123	245	246	223	255	220	213	
86	8	214	156	198	162	174	66	189	130	218	2	40	234	49	74	110	239	63	195	0	139	2	232	144	38	202	136	133	121	49	136	
166	122	226	153	110	145	188	200	26	246	80	183	8	142	119	9	255	121	179	215	230	86	238	242	20	26	223	175	21	61	53	223	
203	137	114	217	179	144	56	167	191	81	70	177	173	159	246	100	167	59	189	157	150	13	166	247	203	125	154	203	22	132	161	125	
23	129	230	69	198	50	252	121	117	193	223	135	73	236	190	108	127	141	55	189	213	241	37	192	30	110	207	196	175	230	249	212	
130	232	82	158	110	129	190	101	156	2	81	146	172	142	48	65	110	57	23	195	96	159	2	255	52	48	202	136	21	40	161	137	
0	76	6	156	76	160	174	102	148	2	210	2	40	234	49	65	104	106	42	195	96	175	2	239	48	38	218	8	21	121	48	136	
61	217	123	192	214	223	255	245	70	232	254	110	27	221	246	32	127	216	151	234	209	186	60	244	123	205	165	229	127	186	244	243	
11	54	115	71	118	255	235	115	117	233	123	238	187	60	150	164	62	171	22	189	181	186	53	223	14	92	48	192	111	142	97	253	
194	121	114	218	106	188	122	84	237	72	121	49	172	222	229	120	166	185	255	215	130	15	162	226	150	252	10	234	86	151	35	223	
32	247	121	73	116	203	227	253	118	45	124	40	19	17	136	48	94	152	6	120	210	186	100	31	111	140	36	100	119	138	198	169	
45	55	248	234	252	53	95	220	71	200	252	72	123	125	89	56	220	218	215	248	155	170	122	168	123	221	37	248	243	219	226	251	
233	24	248	93	108	31	219	48	81	230	116	184	91	189	215	188	94	252	183	78	216	190	231	154	71	255	81	184	103	173	86	241	
160	76	6	154	92	163	134	226	148	2	88	2	32	200	49	65	72	42	2	195	98	175	2	191	48	6	138	8	21	25	112	136	
61	122	99	174	116	203	82	248	85	104	241	239	99	93	179	144	222	168	151	103	205	182	104	191	242	197	33	182	127	191	118	209	
109	156	189	117	237	239	83	178	91	254	62	29	26	61	66	122	133	244	253	12	145	252	241	178	207	255	113	244	210	105	84	115	
45	245	249	109	236	62	95	223	3	91	253	72	219	127	219	58	221	218	215	46	139	98	251	129	103	253	229	188	218	250	198	243	
66	123	150	157	99	240	184	71	190	149	66	163	172	142	35	200	230	63	171	145	6	217	134	225	28	50	90	195	132	4	173	207	
73	142	22	119	53	188	97	54	237	9	126	64	191	179	128	240	132	38	108	12	145	184	32	47	230	255	50	0	74	128	195	41	
223	95	242	140	187	82	63	57	233	238	159	167	77	254	175	246	118	245	253	230	229	1	173	207	242	127	175	159	46	247	45	117	
55	19	67	172	97	71	79	121	1	204	249	239	83	86	35	53	220	185	148	230	221	147	112	140	145	240	168	154	121	47	38	247	
21	91	115	78	54	34	171	80	68	204	223	98	112	216	181	100	126	252	30	235	137	179	36	204	48	44	162	136	85	251	117	101	
29	62	222	63	114	82	91	56	49	206	119	228	95	103	139	93	183	109	228	34	181	208	41	12	202	231	101	131	170	231	14	113	
170	152	229	83	21	223	241	22	125	109	246	180	170	29	150	236	204	190	255	16	187	252	117	231	79	255	144	195	231	140	212	127	
58	164	98	227	86	139	234	118	103	33	251	2	43	9	60	64	123	139	23	129	138	186	77	223	190	205	154	192	55	138	112	136	
26	151	94	148	226	179	188	119	173	63	63	247	76	238	174	135	39	55	239	167	244	153	12	196	54	87	127	199	39	230	175	85	
57	95	94	111	114	11	255	240	36	64	126	231	113	103	163	16	62	248	23	238	193	176	5	125	118	143	32	128	127	179	106	217	
6	249	166	186	239	213	190	200	143	92	149	167	236	220	127	11	238	121	255	247	198	39	58	241	179	80	207	239	23	63	181	215	
57	127	123	110	116	155	86	244	69	236	124	109	59	73	163	177	94	248	134	98	237	178	100	61	118	201	36	169	123	155	110	155	
235	113	41	204	41	213	155	89	132	204	149	44	252	223	227	240	214	49	255	227	199	7	242	159	115	89	171	187	30	38	55	115	
26	140	111	186	27	225	155	234	134	21	217	163	45	207	34	64	239	187	147	145	26	11	10	255	249	69	154	235	181	7	37	250	
10	182	255	209	226	120	185	87	174	255	94	247	156	175	206	78	167	31	255	21	147	217	167	192	78	55	126	198	142	196	165	241	
153	12	106	204	22	51	235	122	117	66	222	146	59	47	181	96	126	142	23	169	169	191	37	223	242	239	162	128	55	136	112	232	
237	26	51	80	229	220	97	48	245	206	119	124	154	151	247	253	112	164	166	90	145	188	50	226	95	251	240	192	74	173	84	117	
103	59	102	140	107	176	186	104	137	220	216	239	8	236	183	135	206	233	247	231	133	99	166	200	18	48	203	235	79	175	123	213	
103	180	36	154	205	61	208	137	15	63	141	29	206	72	94	141	217	129	219	53	158	103	91	213	159	94	219	127	218	78	216	86	
43	242	105	9	116	151	234	90	119	105	212	246	153	28	150	164	95	136	22	189	175	190	101	223	14	95	177	196	111	141	122	245	
86	61	226	134	210	178	190	67	189	193	219	163	77	238	118	96	118	189	159	183	144	147	172	238	58	108	143	202	167	231	165	213	
100	233	183	82	253	209	215	225	195	157	189	40	66	248	244	166	201	114	114	82	90	107	234	245	63	30	197	127	211	46	246	230	
2	255	82	166	123	193	186	228	141	5	24	163	44	158	102	2	174	115	223	193	70	11	138	253	62	20	158	171	21	30	45	219	
2	13	134	158	212	162	174	66	180	128	218	2	104	234	49	64	104	239	51	195	0	155	2	234	48	38	206	136	133	121	49	136	
89	157	23	94	3	220	54	115	173	0	111	64	62	243	32	245	162	51	250	66	115	137	18	237	179	240	66	10	26	6	169	63	
38	13	2	158	212	163	174	97	148	2	91	2	96	232	49	64	120	106	19	131	96	179	10	255	48	38	202	136	149	123	112	128	
179	77	71	190	28	146	206	246	212	64	218	198	49	232	179	224	104	226	31	207	237	139	38	191	176	46	170	136	61	191	120	92	
2	251	22	144	195	192	188	71	175	21	74	163	172	222	98	64	230	59	171	209	86	153	130	224	61	48	158	203	132	22	173	207	
2	75	150	155	193	148	188	71	174	21	74	135	172	206	98	200	228	59	171	149	214	216	146	241	5	48	222	75	128	84	173	222	
165	167	115	65	246	219	163	113	93	41	120	242	8	20	180	164	126	24	2	120	243	184	101	222	45	28	37	196	119	136	198	165	
138	158	54	24	123	244	176	74	255	95	116	17	44	159	38	77	165	51	171	21	54	45	50	247	91	127	18	75	210	5	45	87	
47	155	237	215	110	21	185	152	203	253	85	239	216	60	215	174	207	117	183	95	213	122	239	240	14	123	109	238	223	175	93	245	
183	145	110	129	247	151	248	105	93	240	217	71	72	24	182	161	250	137	150	53	181	186	21	220	62	89	143	199	221	46	249	150	
37	37	249	73	252	47	223	223	70	233	253	72	211	109	221	48	94	154	23	62	155	34	109	26	110	157	165	252	245	250	210	161	
90	157	251	228	115	250	51	99	171	109	127	43	14	191	166	82	162	255	229	1	20	187	168	192	219	245	35	167	230	110	135	215	
18	147	202	133	226	18	188	117	173	103	95	231	77	238	190	194	54	167	255	133	212	145	140	193	54	36	239	135	47	246	169	213	
30	143	45	186	26	225	155	202	134	21	216	163	173	207	35	65	79	187	143	211	26	11	78	253	248	69	170	249	181	143	52	243	
51	222	66	159	116	146	206	127	85	74	94	231	120	236	182	228	92	238	183	173	205	190	69	255	54	62	190	131	63	254	248	29	
61	19	123	174	96	71	95	121	1	200	245	238	91	95	170	52	222	169	22	238	217	179	112	140	178	233	160	130	127	175	98	245	
235	73	104	93	79	221	249	6	81	164	102	10	59	29	23	61	42	188	51	204	160	122	247	253	87	43	80	41	119	156	86	236	
57	91	107	111	114	26	111	112	100	192	127	230	113	111	179	32	126	224	23	238	193	176	45	109	118	173	32	128	127	187	96	249	
222	149	119	250	155	194	19	105	133	17	205	179	76	255	40	197	122	179	187	226	121	131	42	237	251	225	202	79	55	7	165	114	
233	91	119	92	100	220	101	21	237	68	118	124	184	148	183	255	70	32	178	92	165	122	54	232	38	56	64	10	78	156	116	125	
184	68	106	255	22	51	234	119	117	3	247	18	123	43	188	96	127	142	23	168	170	183	37	255	242	239	178	128	119	200	112	136	
45	189	184	109	253	191	95	83	11	233	124	72	30	191	80	50	141	126	87	12	145	56	240	146	111	253	37	180	218	232	194	243	
35	223	66	143	102	144	238	252	93	72	88	231	120	216	191	228	122	234	23	207	199	186	14	255	54	44	170	138	63	223	120	141	
47	122	33	89	97	255	233	208	127	122	116	68	152	14	149	189	205	40	22	222	135	180	116	240	7	91	178	228	90	149	66	245	
130	232	18	159	110	129	174	228	30	18	80	18	172	202	48	65	107	107	51	195	98	158	74	255	36	50	218	136	20	25	161	136	
194	166	36	154	9	245	152	13	143	31	153	145	236	206	94	74	205	147	235	149	22	79	203	211	141	16	154	255	16	14	173	86	
43	95	99	204	118	19	206	254	69	74	90	230	113	108	181	228	94	226	54	239	205	186	101	191	52	46	174	128	117	254	112	253	
61	91	105	175	102	75	95	248	5	72	124	239	123	93	179	176	94	232	151	110	205	178	108	61	102	205	33	176	127	191	82	217	
23	133	226	129	214	50	252	83	221	193	223	135	72	236	246	100	126	141	183	189	148	177	164	192	62	44	143	196	167	236	241	212	
74	185	118	158	75	208	180	103	173	85	108	39	44	254	38	247	162	59	251	129	86	75	178	229	27	114	94	75	19	4	175	223	
66	151	182	158	237	252	180	103	169	95	78	17	172	190	62	87	165	55	251	1	182	201	178	229	19	114	90	203	130	68	175	223	
166	221	50	218	252	133	190	236	159	24	112	58	236	222	61	65	206	123	23	195	226	55	74	247	52	24	142	234	21	29	241	203	
251	22	126	4	115	114	25	123	57	238	246	189	79	62	134	247	183	149	221	164	189	223	164	206	218	127	123	151	174	228	47	87	
218	23	102	204	235	86	252	123	169	238	158	167	72	238	183	119	230	245	191	231	196	3	183	202	51	121	207	143	7	228	125	87	
194	170	178	216	121	252	184	71	255	93	116	17	44	158	102	92	165	59	135	21	54	47	162	215	31	126	26	235	210	4	239	223	
36	187	252	90	253	217	151	195	203	159	52	56	162	249	197	63	201	114	230	82	18	106	234	177	111	150	117	251	210	89	198	167	
98	115	102	140	95	145	190	76	137	68	216	207	44	206	55	150	254	161	211	229	196	35	150	221	50	48	138	187	95	190	63	220	
146	94	198	188	146	130	190	246	180	134	210	231	41	239	179	73	110	251	183	199	224	223	6	239	176	38	254	136	165	245	37	249	
186	196	98	227	84	171	234	253	85	35	251	18	75	73	60	64	123	139	23	163	186	183	77	223	54	205	170	196	119	139	240	128	
194	157	114	154	251	208	154	99	175	69	253	179	44	222	38	212	238	187	163	193	118	11	174	247	50	112	10	235	23	5	175	215	
36	13	130	156	220	163	142	99	148	2	88	2	96	232	49	64	88	106	19	195	48	170	10	255	32	38	138	8	149	105	48	128	
38	187	252	91	250	137	182	155	139	149	124	237	172	169	199	30	143	123	227	80	146	122	202	113	110	16	117	235	222	137	207	155	
2	184	178	152	125	253	184	71	191	93	112	17	172	158	118	24	163	59	147	17	54	111	50	215	15	22	26	107	208	4	231	223	
61	73	107	111	86	18	111	112	100	192	255	198	113	79	177	32	126	228	23	238	201	179	45	108	118	237	161	128	127	187	96	241	
2	143	98	156	215	145	186	103	159	5	90	167	44	174	182	196	110	43	147	133	86	154	4	255	62	52	154	203	23	12	189	223	
15	153	237	199	110	25	251	216	207	253	93	167	221	220	223	34	110	93	183	223	199	176	239	240	78	93	239	228	63	175	25	245	
95	29	22	216	219	244	18	242	237	8	236	6	44	251	37	245	231	243	154	208	51	11	50	255	59	255	10	74	187	69	41	55	
32	255	122	67	114	139	255	244	52	44	124	230	17	3	166	16	62	24	7	110	226	184	13	127	102	143	32	196	127	154	74	185	
98	173	32	152	253	217	210	174	75	217	184	41	174	152	87	164	201	202	255	81	31	107	226	247	27	92	28	251	214	12	94	79	
61	89	105	111	118	3	79	248	68	104	252	230	115	85	177	32	126	232	23	238	201	178	109	61	118	141	161	144	127	187	80	249	
114	21	98	140	93	151	222	105	139	68	185	143	104	236	63	144	252	177	211	229	206	35	16	221	51	124	139	191	95	110	127	214	
66	189	182	156	207	220	176	103	173	93	74	17	172	190	38	98	165	51	251	1	22	73	178	229	31	54	90	75	128	4	167	223	
41	219	105	111	102	11	111	252	4	96	124	238	115	13	145	48	30	216	23	238	201	186	109	61	102	205	33	160	125	186	82	249	
35	214	66	143	118	146	174	127	95	75	91	231	104	248	190	228	127	174	151	173	199	186	77	255	54	62	186	130	63	158	248	157	
194	153	114	158	107	208	152	103	175	85	221	179	44	222	38	228	238	187	187	193	86	11	174	245	18	48	154	203	23	4	175	223	
191	139	46	184	141	135	221	115	132	52	210	135	132	201	50	65	204	161	27	111	220	157	87	158	248	3	203	213	20	44	177	82	
19	147	202	133	210	18	172	119	46	65	90	231	13	174	182	192	126	173	183	133	213	153	133	193	54	45	174	132	45	164	185	221	
222	168	48	184	153	225	24	138	31	55	128	153	143	158	66	27	201	209	253	241	62	71	219	183	153	211	219	127	144	5	7	82	
66	255	18	154	91	193	180	231	173	5	74	163	172	158	98	64	230	59	203	209	82	139	130	245	189	20	30	75	0	22	165	203	
18	95	114	238	87	193	190	228	137	4	184	171	108	223	39	0	254	243	151	195	66	43	8	253	51	84	10	171	23	30	39	219	
23	76	206	190	22	162	238	114	148	194	218	199	121	238	179	65	126	235	31	143	237	155	4	238	176	46	238	128	173	245	56	92	
103	181	176	130	253	121	144	207	207	121	153	59	206	248	94	142	217	3	251	17	23	99	218	211	159	84	31	127	222	78	217	198	
179	77	71	190	28	162	206	242	212	66	218	198	49	232	177	224	104	226	31	207	237	139	38	191	176	46	170	136	61	253	112	92	
66	163	128	154	217	165	152	79	143	5	137	17	172	238	106	64	205	155	203	145	22	11	210	243	157	52	154	123	144	78	173	206	
162	205	118	220	236	129	188	238	157	16	240	130	172	252	53	73	254	123	183	227	226	107	66	221	52	26	207	170	85	124	113	217	
102	134	160	170	157	53	216	203	11	23	137	29	206	110	94	88	221	147	155	21	30	2	218	211	155	213	155	127	144	78	158	214	
210	22	98	204	127	118	184	115	41	238	222	191	8	190	182	118	238	181	255	165	180	15	165	206	19	126	203	171	39	228	53	87	
103	126	105	136	62	189	155	16	75	236	157	239	188	204	215	180	222	45	221	103	133	6	236	223	178	60	171	186	29	175	31	85	
194	191	50	158	123	252	176	103	185	77	124	29	44	220	38	20	166	59	195	1	182	43	178	255	55	124	18	107	82	12	175	223	
33	223	121	77	116	11	239	254	77	104	126	230	115	37	182	36	126	202	22	110	193	184	101	127	102	46	32	128	125	218	192	249	
61	81	107	238	126	3	75	120	5	200	253	238	123	95	187	48	94	232	23	238	201	178	109	12	114	237	161	152	127	187	98	241	
134	237	18	153	238	137	174	238	158	18	80	18	236	202	120	73	251	107	19	195	98	54	74	247	36	18	207	232	20	25	177	137	
24	4	110	255	150	50	110	119	117	2	247	2	123	107	184	105	127	239	23	170	184	250	37	237	242	239	250	128	167	249	240	136	
123	18	242	84	99	82	57	82	57	237	118	175	12	31	134	189	54	189	183	132	132	219	37	196	86	123	112	195	111	133	46	215	
60	196	98	249	212	43	238	222	85	35	243	18	75	105	61	72	123	139	23	163	250	183	9	223	178	207	191	196	247	217	240	128	
59	91	242	65	99	214	248	86	57	93	118	167	9	158	182	61	238	189	183	213	148	218	165	224	86	121	250	195	103	149	231	223	
70	167	144	130	255	249	176	207	207	121	25	59	140	252	238	174	163	19	202	17	22	57	136	210	60	20	31	255	148	94	141	135	
102	189	176	168	253	173	82	203	27	55	169	29	142	190	102	88	201	27	147	21	54	11	218	211	159	84	143	127	144	77	223	214	
66	157	182	220	225	236	176	39	175	27	74	17	172	190	36	74	165	51	251	1	18	217	146	229	13	54	90	75	128	68	165	219	
58	181	50	250	213	197	92	111	31	13	249	59	174	255	44	16	217	155	135	144	26	10	74	215	187	215	158	75	211	14	230	202	
185	77	111	222	156	178	207	242	212	194	222	66	115	232	183	228	120	226	30	235	233	171	46	191	242	111	162	136	55	251	112	108	
194	189	50	152	91	244	176	231	191	93	72	19	172	190	102	64	167	59	179	17	22	75	178	247	31	52	26	75	144	4	167	223	
18	165	18	170	211	193	20	111	45	5	233	9	174	222	44	16	250	187	203	16	90	43	210	255	185	244	26	123	80	2	167	138	
130	189	50	152	91	241	184	230	191	85	76	179	44	222	38	81	239	187	179	193	54	11	178	247	63	48	154	235	21	5	175	222	
162	157	114	152	219	241	176	230	159	85	100	179	44	222	38	81	239	187	147	209	54	11	50	247	31	50	26	107	23	5	47	222	
2	137	86	157	110	137	188	239	158	18	120	2	172	234	49	65	107	11	51	161	66	122	66	213	28	18	223	172	21	104	49	137	
162	157	116	221	108	163	184	103	79	170	120	162	172	62	52	1	238	59	183	129	128	62	67	253	20	26	218	170	21	76	113	201	
2	137	134	157	204	129	172	238	142	2	88	2	172	234	49	64	123	107	51	193	66	26	66	211	20	54	207	168	21	120	49	136	
226	28	98	220	125	180	184	102	9	203	210	183	44	190	54	96	239	191	183	133	160	63	227	238	23	62	154	170	21	12	113	223	
254	120	176	176	137	205	80	134	147	246	128	25	143	159	65	27	201	181	253	209	42	79	210	176	219	209	221	127	130	29	6	90	
45	31	95	111	114	139	254	112	36	96	127	231	113	111	185	16	62	34	22	238	193	176	13	125	102	143	96	128	127	187	74	153	
61	73	107	109	86	2	111	112	68	192	246	194	113	79	177	48	126	236	23	238	201	179	37	12	114	237	160	128	103	187	112	240	
75	119	107	128	118	191	191	83	88	236	156	239	157	156	247	160	182	61	223	109	149	35	164	222	118	93	43	186	79	254	159	117	
19	125	123	162	50	139	79	112	121	64	89	238	247	70	153	53	54	169	21	239	233	146	44	93	240	200	43	160	60	147	3	113	
15	57	106	229	126	153	187	80	207	224	31	167	157	221	215	34	46	61	223	223	135	33	164	210	102	93	171	180	39	174	17	241	
54	137	102	249	148	43	238	250	85	49	251	2	75	104	61	73	121	207	31	243	184	243	9	253	178	238	223	196	245	251	240	128	
197	233	122	235	62	128	251	152	174	64	159	130	241	207	218	98	102	213	127	220	195	9	175	101	126	169	171	192	37	131	97	113	
52	137	238	255	132	2	108	252	100	17	255	2	115	107	60	73	122	199	55	233	152	250	73	237	222	235	254	196	181	171	240	0	
2	156	54	152	219	229	176	103	191	87	72	19	172	190	38	73	227	59	179	145	50	79	18	245	15	54	90	75	144	68	165	218	
54	140	98	243	212	163	238	226	117	163	243	2	75	42	53	73	123	233	23	179	184	251	9	252	190	206	159	196	245	249	112	128	
115	56	226	220	118	18	248	118	121	203	212	163	12	191	182	57	254	189	151	133	132	251	164	204	18	126	218	138	135	164	103	215	
2	27	241	77	102	3	171	222	78	76	124	230	168	124	181	36	62	89	55	236	129	176	37	249	36	60	43	134	93	187	37	253	
67	156	114	200	223	244	184	231	237	77	220	7	8	188	55	228	231	179	187	149	150	43	54	213	27	126	154	203	151	68	109	95	
66	188	182	149	237	172	184	39	171	59	90	24	172	190	64	66	199	63	251	1	146	88	210	195	13	54	90	138	128	64	129	11	
98	173	144	149	252	141	188	103	62	169	120	24	172	170	84	18	239	47	115	17	82	122	195	218	60	28	31	234	128	64	163	137	
64	45	144	157	236	43	172	15	58	187	88	8	172	162	65	66	195	47	106	16	80	120	195	194	12	52	95	104	128	72	131	136	
