Ê¥ÂÞÀ¼´¿¿Úºì	#07 ÑÅ×ÏÉ´ÈØ	http://www.yslbeautycn.com/on/demandware.static/-/Sites-ysl-master-catalog/default/dw72056f66/Makeup_Pro_img/00030YSL/L1321600U_07_COLORIMG.jpg	//www.yslbeautycn.com/dw/image/v2/AARM_PRD/on/demandware.static/-/Sites-ysl-master-catalog/default/dw8805305a/Makeup_Pro_img/00030YSL/L1321600U_07_01.jpg?sw=336&sh=444&sm=fit
14	44	242	241	252	171	250	218	127	161	250	10	207	235	85	24	255	255	127	145	146	243	203	234	158	223	23	234	199	235	99	129	
29	207	39	222	150	210	167	173	124	75	82	66	121	248	189	237	113	226	54	235	241	248	47	237	161	46	246	192	181	123	245	44	
131	65	209	216	107	145	184	77	31	17	80	130	140	146	228	253	102	153	31	216	19	10	99	208	159	24	154	238	150	128	33	44	
31	95	99	142	246	146	239	244	53	192	218	230	121	238	181	228	126	238	23	239	237	147	44	255	48	46	175	128	63	247	240	253	
57	205	106	236	86	147	207	244	69	192	254	130	123	237	183	32	126	232	23	238	201	179	45	189	114	237	167	128	119	187	112	232	
7	137	183	222	151	210	175	169	94	25	82	66	121	250	189	228	114	81	50	251	211	233	47	253	41	46	239	196	181	42	37	44	
61	205	107	206	86	147	239	252	196	192	222	198	113	237	183	96	126	236	23	239	201	179	44	255	114	173	167	128	53	187	240	249	
14	189	242	225	244	187	250	219	127	169	255	42	207	255	212	52	255	159	127	27	146	187	233	246	222	221	39	230	199	239	195	129	
77	77	119	94	127	212	255	49	205	64	87	66	249	76	181	231	226	113	62	107	229	161	62	237	99	121	98	136	86	191	113	101	
247	64	102	198	68	18	234	64	225	194	151	131	72	204	183	123	124	229	93	239	172	199	164	200	18	40	203	140	39	183	114	84	
224	72	47	216	109	232	209	134	237	26	242	24	178	152	21	123	200	160	127	209	42	239	99	224	23	58	210	83	193	25	116	42	
131	223	99	155	118	147	170	244	94	72	82	230	41	200	182	229	126	40	22	255	231	188	61	255	44	8	174	192	61	158	241	221	
33	253	121	75	244	207	239	247	87	105	124	106	49	53	148	52	95	186	22	104	243	186	101	63	109	142	36	224	119	138	194	233	
61	75	106	238	116	151	75	112	84	76	125	199	115	201	179	64	124	168	23	238	200	178	44	191	114	109	161	128	119	187	120	225	
142	144	19	188	207	228	177	107	186	27	113	18	92	254	96	200	255	57	179	129	49	63	154	215	29	54	91	78	144	1	37	163	
126	249	114	234	109	221	214	236	235	172	181	11	42	220	95	150	252	249	207	243	206	35	218	241	179	217	135	63	119	62	126	207	
232	88	252	94	107	77	21	184	203	94	180	40	58	253	71	59	134	240	253	66	67	111	250	49	87	185	96	59	82	57	70	123	
48	73	66	140	92	131	206	100	141	128	248	2	42	200	53	64	120	237	31	227	72	171	0	236	176	168	138	24	117	59	112	136	
49	5	107	76	84	130	239	119	212	192	222	2	113	233	180	100	120	166	22	168	217	187	36	207	112	46	166	128	101	234	240	44	
92	45	254	100	147	110	83	16	225	132	175	0	95	119	1	126	50	244	93	122	56	193	177	106	219	237	1	16	226	227	102	34	
6	96	130	153	20	131	170	64	22	131	81	18	8	202	121	72	121	41	19	145	2	180	0	210	0	4	155	132	149	27	48	128	
59	77	106	229	86	18	239	118	101	192	222	130	57	15	183	96	126	253	151	239	201	155	37	236	114	237	174	128	39	182	112	121	
114	36	2	160	148	34	74	67	49	129	218	2	11	10	56	80	120	141	21	177	56	147	0	138	184	228	142	196	164	66	176	0	
62	249	114	234	125	221	210	204	207	172	181	11	42	220	127	148	248	249	223	243	206	39	250	249	179	217	135	63	119	31	126	207	
134	96	226	149	70	3	172	72	94	226	81	147	12	140	125	8	127	9	19	199	226	244	132	194	20	12	154	164	5	61	51	192	
232	248	252	94	105	93	213	158	235	62	52	24	62	157	71	59	135	82	243	74	66	110	250	113	87	153	84	57	83	249	71	171	
2	205	66	136	244	137	172	231	140	1	120	2	172	74	60	64	106	35	23	193	82	40	0	253	44	24	142	200	21	10	241	136	
72	189	158	254	147	204	52	231	191	73	110	16	190	255	34	114	165	115	249	0	87	201	146	231	251	247	30	75	10	64	167	123	
88	189	58	254	147	220	55	103	175	65	110	0	60	255	34	112	166	59	251	0	83	169	50	255	251	253	22	11	10	0	167	59	
185	93	107	111	118	87	239	252	85	76	124	198	115	109	191	32	126	232	23	238	233	182	60	191	118	233	165	128	119	186	240	249	
83	1	209	204	114	7	107	121	37	168	247	202	89	7	176	164	62	156	23	236	201	27	53	200	144	172	171	180	127	162	41	49	
62	248	114	138	125	221	218	200	143	44	180	11	46	220	127	132	248	185	223	115	78	35	122	245	147	152	139	255	87	31	126	199	
154	191	30	184	178	208	16	199	190	29	202	177	173	223	34	65	166	59	141	145	54	137	2	127	251	225	62	195	48	0	173	75	
90	157	23	254	155	208	52	231	191	21	200	163	44	255	34	68	227	59	171	129	86	11	170	247	187	247	30	75	18	68	165	90	
48	133	66	172	84	130	70	103	5	0	250	2	35	40	48	80	120	138	6	225	88	187	1	159	178	238	130	0	53	138	240	136	
168	232	184	113	109	237	113	222	122	55	36	24	186	153	91	27	137	90	99	88	2	124	250	49	71	153	85	61	210	217	78	170	
62	88	98	234	125	215	218	216	197	12	245	139	107	93	63	196	252	176	159	235	204	35	120	189	179	217	131	191	119	191	124	214	
50	133	98	175	212	128	238	103	77	0	250	2	43	42	52	64	122	171	23	225	218	186	1	221	176	236	138	192	53	10	240	136	
124	249	114	238	119	95	94	253	97	236	181	11	107	223	126	180	122	249	215	234	204	35	252	253	243	217	133	187	119	190	238	223	
15	189	122	225	245	255	251	211	111	233	127	46	159	253	214	36	191	159	151	29	151	186	105	246	223	221	39	230	199	207	199	243	
185	69	107	77	84	26	239	112	100	96	254	70	91	1	182	116	122	204	22	234	201	178	101	14	118	233	160	132	111	187	120	224	
73	253	58	119	181	205	119	183	239	12	110	12	190	185	34	112	164	126	124	8	194	249	178	127	235	253	52	18	66	16	195	107	
54	68	96	204	76	3	194	104	65	162	185	10	66	104	53	2	120	196	87	227	200	39	77	154	18	8	129	188	117	255	114	128	
33	237	121	73	116	207	71	252	84	236	124	74	115	85	176	48	88	218	22	106	235	186	108	63	111	141	37	36	117	154	214	169	
162	233	98	154	93	193	178	228	142	68	112	171	40	204	54	1	200	185	147	67	66	58	78	253	53	16	138	171	85	31	119	218	
106	124	246	252	108	60	124	214	187	202	254	179	173	191	245	122	239	253	255	135	128	215	226	226	215	255	254	170	134	245	99	219	
40	189	123	235	240	207	127	247	54	77	124	12	55	215	74	48	23	186	23	24	219	186	120	55	111	141	52	224	242	130	198	251	
56	121	98	110	101	95	222	252	65	236	181	11	107	93	191	176	122	248	215	238	204	35	124	189	243	201	165	191	119	191	126	223	
190	87	70	172	210	18	238	121	21	198	251	231	65	102	185	197	126	229	167	230	237	147	5	142	48	98	235	128	63	183	104	149	
88	12	158	190	145	230	115	98	188	206	206	1	62	243	35	88	224	107	185	134	52	153	18	110	243	247	26	3	136	113	45	74	
10	143	34	186	247	177	184	103	159	13	92	167	172	238	54	68	238	43	131	149	150	136	6	253	110	85	154	203	151	12	173	223	
40	189	121	99	240	207	127	247	50	45	124	8	51	55	0	48	31	186	23	24	219	186	248	63	127	205	36	224	241	130	198	251	
244	61	190	102	201	108	115	81	225	188	175	8	82	241	65	27	168	244	104	122	24	99	176	8	219	185	65	56	194	99	70	34	
3	66	111	200	116	182	248	86	237	93	86	160	141	14	182	120	230	49	159	157	134	136	36	208	23	89	186	195	148	128	119	117	
22	137	236	207	22	3	139	249	22	176	215	2	112	99	181	101	92	88	51	252	250	219	45	253	93	14	239	132	183	170	112	172	
44	29	191	254	157	231	215	113	220	192	207	2	246	255	33	96	216	122	27	10	59	171	122	191	227	255	134	10	144	107	116	50	
0	0	134	128	148	34	160	76	20	131	210	18	64	138	56	72	121	12	10	49	16	181	1	194	0	6	146	68	133	72	176	128	
3	158	51	217	114	180	184	119	190	89	250	112	188	190	164	109	230	59	30	129	151	26	34	213	29	54	122	202	152	0	33	191	
38	65	14	138	76	3	168	72	134	16	209	2	64	202	57	73	120	137	51	243	2	39	74	208	16	32	139	236	21	59	48	128	
58	79	67	174	116	195	74	112	129	204	249	235	99	205	179	208	92	232	21	231	77	163	108	189	178	229	161	153	55	175	118	209	
51	92	107	76	84	71	207	112	85	76	253	198	19	20	181	36	124	168	23	238	233	179	52	206	49	108	170	128	117	186	118	244	
139	176	251	179	102	141	184	85	158	89	81	243	188	156	126	40	142	25	247	21	150	124	146	193	77	25	250	234	132	140	23	219	
24	141	106	201	148	247	251	119	84	5	94	2	57	57	178	224	120	42	151	136	146	184	53	255	111	109	162	193	183	138	244	170	
89	97	86	229	37	22	92	95	39	160	206	2	27	19	129	124	112	140	61	168	74	208	81	156	211	251	147	4	38	176	112	42	
24	1	17	165	22	66	105	113	36	160	219	34	223	51	128	80	122	189	29	168	25	154	97	140	209	231	235	144	36	34	55	33	
2	180	250	217	83	241	185	71	31	5	76	179	44	159	38	64	239	155	147	145	50	152	48	215	95	23	154	67	181	76	165	218	
2	155	43	184	181	237	177	71	158	77	88	183	172	188	54	64	167	59	151	21	182	185	50	223	77	22	58	195	148	12	181	251	
2	249	16	153	83	197	178	239	30	49	64	2	172	158	96	0	252	59	147	209	82	26	26	247	45	20	158	107	16	8	165	155	
3	141	35	129	229	189	172	231	94	107	90	70	172	152	124	164	185	11	18	5	215	184	53	247	45	28	154	194	93	12	217	141	
30	85	171	252	149	198	239	117	148	193	223	2	80	255	56	96	248	248	19	185	89	147	50	206	251	125	143	194	133	126	244	242	
162	129	102	200	214	131	254	229	157	96	147	147	72	78	62	96	254	179	159	231	252	143	12	215	58	40	139	197	21	14	181	86	
11	133	33	139	183	215	191	189	12	68	95	130	221	86	186	228	87	3	155	239	215	136	125	245	237	113	138	196	22	14	149	117	
155	206	102	188	6	147	254	246	213	70	214	215	41	204	182	101	110	160	151	142	236	189	36	191	226	235	226	129	119	156	116	220	
58	65	111	204	77	81	204	108	193	92	212	131	98	236	63	99	216	232	167	229	76	99	166	153	115	121	199	189	55	60	116	222	
131	157	46	156	166	147	173	119	156	82	86	182	180	6	178	101	102	51	186	205	241	157	36	255	224	35	250	192	20	140	177	125	
123	77	110	204	78	82	207	126	161	196	156	143	41	46	151	55	104	229	221	239	204	139	164	236	114	105	202	153	39	181	126	92	
204	73	119	126	111	196	255	113	221	14	113	18	124	219	53	119	230	49	55	106	96	39	42	253	119	250	98	8	87	178	101	227	
135	45	40	153	221	187	184	67	94	228	83	151	128	136	118	9	216	42	19	21	182	248	87	222	12	25	139	227	221	76	217	198	
27	27	64	191	180	148	111	180	53	68	94	199	251	103	179	228	102	106	29	206	143	152	117	253	226	237	170	128	62	151	56	92	
24	239	90	234	114	193	90	244	165	4	120	163	45	199	40	16	54	187	135	242	2	154	8	253	251	197	163	169	54	146	39	201	
2	135	201	141	242	2	175	255	46	7	90	247	181	38	168	192	127	27	135	128	83	152	5	115	36	36	186	196	61	192	173	185	
188	223	79	110	212	70	103	255	85	14	124	70	113	107	41	81	121	194	6	234	121	167	8	127	114	175	228	200	123	243	224	138	
142	156	19	184	203	224	177	107	156	18	64	51	156	246	32	201	247	57	179	144	48	15	18	215	93	166	91	75	144	33	37	243	
60	91	106	111	158	83	223	120	5	196	253	167	115	77	179	4	94	248	151	243	216	163	125	188	115	77	165	145	119	191	124	243	
86	148	184	216	203	245	185	207	59	59	76	18	28	190	110	120	247	31	179	145	18	30	179	211	95	47	26	239	149	68	167	231	
50	123	106	174	114	131	30	220	3	4	216	175	47	207	43	16	254	249	151	231	142	19	28	157	242	197	137	191	63	159	58	219	
15	185	164	147	213	215	178	248	22	253	85	39	201	124	250	45	93	90	147	241	183	248	63	189	79	71	175	231	183	14	60	215	
55	121	99	143	93	211	171	72	198	224	147	198	96	140	181	164	124	237	219	255	155	3	252	189	53	32	139	188	85	15	16	244	
180	175	75	170	214	99	79	233	87	44	217	78	67	32	57	1	89	138	6	251	107	51	8	159	184	197	173	53	61	122	120	136	
34	219	243	76	242	195	191	215	15	76	124	162	48	253	180	36	94	122	147	201	208	186	36	253	97	60	174	170	87	254	229	253	
56	169	234	103	84	11	234	121	22	160	119	139	115	105	57	33	120	220	19	111	184	250	13	159	127	79	161	165	119	175	80	130	
55	105	99	14	84	31	175	200	110	100	185	207	98	204	189	164	126	204	202	255	223	51	188	254	52	44	139	56	93	63	118	244	
198	144	179	216	199	228	185	75	58	27	113	83	28	222	124	73	247	31	179	145	178	127	146	211	23	56	90	238	145	68	167	211	
57	1	211	229	85	15	74	121	37	160	251	70	91	51	161	180	122	132	38	232	73	179	17	140	144	237	161	4	107	162	106	160	
61	139	194	172	86	19	106	248	65	96	127	206	107	200	191	180	126	236	134	238	205	178	12	143	50	237	129	37	127	174	120	140	
89	29	103	228	20	198	79	55	100	196	206	194	115	119	178	116	112	230	28	238	249	153	53	14	241	239	166	128	38	226	180	104	
186	209	75	252	74	192	28	103	133	0	212	163	33	143	160	65	74	179	147	128	73	139	6	137	114	225	222	155	55	156	180	186	
50	141	114	233	245	215	250	119	13	1	120	3	41	155	52	192	254	187	151	209	150	184	16	255	47	220	138	195	55	142	252	142	
72	157	182	246	177	236	53	39	189	91	106	20	190	183	32	114	165	55	249	0	115	201	178	231	239	247	94	75	138	64	167	27	
24	157	58	254	147	221	55	103	253	64	236	2	62	255	34	112	162	187	219	0	81	171	50	239	243	253	22	11	82	2	165	251	
27	214	123	227	18	47	191	254	63	107	94	231	125	159	40	96	55	223	151	161	227	157	61	223	254	207	63	196	45	210	33	249	
129	148	59	217	116	175	185	87	126	75	83	116	180	158	44	104	245	59	55	21	179	156	49	87	77	62	58	192	144	0	129	251	
151	89	99	142	118	214	107	112	101	200	211	198	113	198	181	244	126	233	22	239	205	146	60	236	176	104	171	128	61	183	50	245	
3	225	82	168	111	157	120	76	239	208	112	3	15	202	118	213	238	169	159	245	70	33	22	208	30	89	130	207	127	134	105	140	
26	135	106	252	219	208	191	103	141	5	220	163	45	239	166	64	126	187	143	129	94	139	38	223	242	117	186	203	55	134	165	203	
82	142	158	189	178	240	184	71	188	7	202	179	173	190	34	64	231	63	173	145	22	153	131	231	203	231	186	195	132	64	173	91	
34	184	160	153	223	237	176	199	159	87	80	159	172	188	102	8	205	59	179	145	54	126	210	243	15	22	158	235	213	76	151	222	
110	160	248	80	201	249	120	67	123	183	37	26	9	171	86	190	43	154	243	152	22	126	230	194	95	223	149	105	231	196	222	198	
155	244	43	162	213	198	235	229	53	195	223	147	89	223	56	96	127	237	23	189	249	151	60	206	249	111	159	196	45	22	177	250	
126	120	114	138	125	213	90	200	141	76	180	11	110	222	47	212	220	185	223	227	78	35	122	253	179	208	139	59	87	31	124	223	
89	157	110	237	20	214	111	55	101	72	222	2	115	55	178	100	114	182	28	236	249	153	53	205	241	239	162	192	39	130	244	104	
32	189	121	67	244	143	127	247	51	45	124	40	51	87	200	48	95	186	23	24	211	186	112	63	111	141	53	224	225	130	198	249	
34	249	96	154	95	193	182	236	142	80	80	171	44	156	52	1	200	59	147	193	66	58	18	253	53	16	142	107	85	30	151	218	
134	97	162	145	68	2	172	64	22	194	81	147	8	206	121	9	126	105	19	199	194	246	132	194	4	0	219	164	5	61	49	192	
33	237	113	73	244	203	231	253	85	228	124	74	115	117	156	52	90	218	22	106	241	186	109	63	109	12	37	36	119	154	214	232	
26	143	42	249	242	225	185	103	30	5	92	179	173	175	38	64	239	59	131	145	22	152	34	247	239	231	186	203	149	12	165	219	
33	189	113	75	244	207	239	247	127	105	124	98	184	21	156	36	127	58	22	24	211	184	101	255	45	30	52	192	87	138	194	237	
191	84	107	77	70	18	207	120	116	230	222	230	89	109	183	101	126	236	23	239	237	151	37	142	114	111	175	132	39	255	112	240	
33	33	106	76	92	19	107	121	229	200	255	2	80	201	247	112	120	172	74	232	200	51	164	88	119	13	161	45	115	162	114	166	
57	205	107	206	86	147	239	244	196	192	222	198	113	237	183	96	126	234	23	239	201	187	36	255	114	173	167	128	53	186	112	248	
6	44	242	237	124	171	250	210	63	161	250	2	175	235	85	88	255	255	127	145	130	243	195	234	158	254	159	138	199	243	99	137	
106	124	242	252	108	60	252	214	187	203	254	163	173	191	245	126	239	253	255	133	128	87	226	227	214	255	254	170	135	252	99	219	
50	73	98	156	84	130	238	102	205	128	242	2	42	136	53	64	104	225	23	195	200	171	0	237	176	168	138	136	117	56	112	136	
58	73	98	228	86	130	238	116	229	128	254	2	43	139	53	64	106	236	23	234	200	187	4	236	178	237	166	128	39	191	112	136	
134	72	130	154	20	131	170	64	22	131	81	18	64	202	49	72	121	40	19	147	34	180	0	206	0	6	155	128	148	27	48	128	
27	73	98	229	86	146	254	118	229	192	222	131	57	15	183	100	110	253	23	239	204	155	36	236	114	237	174	128	39	180	112	221	
177	67	74	76	116	147	67	120	69	204	252	110	115	193	183	52	88	168	6	238	141	178	36	31	82	173	161	137	123	171	106	217	
63	61	250	225	244	191	251	210	95	233	124	170	27	191	247	52	127	251	151	220	154	186	108	254	94	221	167	228	231	207	98	241	
186	83	239	204	109	83	213	108	197	206	212	167	34	140	55	75	200	236	167	227	204	99	230	137	83	121	234	187	21	60	116	223	
26	141	114	233	181	215	250	119	157	5	122	3	41	155	54	192	254	59	151	209	214	184	16	253	43	220	138	195	55	142	253	142	
223	77	119	206	111	212	223	184	205	72	215	66	121	92	189	231	102	241	62	235	229	39	46	236	51	121	102	154	55	191	97	37	
223	95	230	156	134	50	94	214	213	198	214	247	105	236	183	107	118	231	189	231	188	213	36	234	50	111	250	129	183	253	244	93	
122	126	242	252	109	116	253	214	187	203	252	167	61	191	247	126	239	253	183	133	140	87	162	227	215	253	254	171	135	244	103	251	
26	141	118	233	149	215	254	119	69	5	254	3	43	57	54	64	104	163	159	225	222	184	17	189	171	237	170	195	55	142	252	14	
251	85	107	204	93	82	205	124	129	68	254	143	105	47	182	119	124	231	157	237	237	139	180	207	115	107	138	155	47	180	246	126	
185	69	106	77	20	27	79	124	85	96	255	2	91	1	183	245	120	196	22	238	233	178	101	158	118	237	160	0	119	191	240	224	
50	36	66	160	212	34	74	70	49	129	250	2	11	10	40	80	120	141	21	176	56	147	0	142	184	197	158	196	165	194	240	128	
142	90	83	222	103	152	230	120	189	10	117	98	108	219	165	237	58	121	166	202	97	37	42	251	22	250	66	138	123	183	107	165	
186	249	114	234	117	215	222	252	65	236	189	11	107	221	63	148	248	248	215	98	204	35	120	189	179	217	133	191	119	190	126	223	
189	220	107	79	116	215	239	240	84	78	118	130	115	93	190	97	126	232	23	238	233	190	61	191	119	235	161	128	119	187	116	249	
92	29	222	230	186	106	83	64	161	140	191	41	95	247	35	91	98	245	237	114	40	195	128	104	219	165	96	27	161	99	46	35	
94	151	86	164	147	210	62	101	165	140	219	227	77	250	170	211	114	245	237	227	124	211	4	204	184	227	239	199	39	38	173	71	
56	77	75	110	118	195	78	240	20	64	124	171	115	221	177	80	90	248	151	234	104	178	76	63	114	237	160	9	119	187	124	218	
224	232	252	68	109	77	245	238	235	55	52	8	190	29	76	59	171	82	119	74	66	110	250	113	87	153	85	63	83	25	71	235	
183	105	107	174	85	215	206	224	85	72	209	203	99	204	181	160	252	233	151	231	205	179	12	191	176	76	139	186	125	63	58	212	
218	221	114	254	155	208	54	103	189	5	236	35	44	255	34	80	162	187	219	128	118	139	50	255	243	245	14	11	51	4	167	91	
52	0	67	136	76	3	202	72	135	162	185	74	80	200	125	2	88	200	95	227	8	35	74	216	16	8	139	60	21	59	112	128	
183	87	79	140	66	2	111	124	52	198	218	231	81	102	191	117	126	236	54	239	237	151	37	14	48	46	239	132	45	247	112	245	
139	203	68	189	178	148	47	183	28	4	84	231	173	7	178	196	102	107	135	204	227	152	37	253	228	225	174	128	62	148	137	249	
90	189	62	254	155	208	55	231	175	85	234	35	44	255	34	114	166	115	251	128	82	137	178	245	187	247	30	11	2	68	175	90	
128	32	134	129	20	34	160	78	20	131	210	18	0	138	104	72	121	12	10	48	32	181	1	194	24	6	150	68	132	72	176	0	
44	26	146	241	101	168	177	66	250	15	122	48	132	177	96	200	201	58	163	17	50	188	130	226	77	183	186	75	192	73	87	163	
19	133	99	141	150	162	235	119	125	65	91	214	121	38	188	228	118	143	22	173	151	152	37	223	60	46	186	192	37	132	177	124	
62	91	106	206	54	195	223	248	135	44	189	163	123	221	187	36	94	248	215	238	200	163	40	191	99	205	165	189	119	191	86	243	
210	90	6	158	42	176	188	176	172	90	210	231	236	238	167	207	102	101	253	199	229	197	143	237	144	50	202	131	14	117	41	93	
116	61	190	102	235	104	115	64	169	140	175	40	86	247	65	27	160	244	108	122	24	99	162	8	211	169	97	59	226	99	70	35	
90	143	110	190	155	208	63	239	191	21	220	163	108	238	38	192	230	187	175	129	82	11	42	253	187	103	158	203	53	6	165	251	
60	13	63	254	157	197	215	99	222	136	207	2	182	247	33	96	200	250	27	26	59	171	122	191	251	255	142	26	146	106	245	162	
2	171	81	187	242	128	188	239	30	25	88	227	173	174	228	64	231	27	151	145	82	24	140	247	44	52	190	227	21	128	135	137	
182	133	102	216	215	131	252	167	149	82	211	147	72	110	52	65	239	179	159	167	240	207	12	223	56	42	223	197	21	12	176	82	
15	133	33	153	151	247	171	238	31	105	94	151	204	124	186	228	127	3	155	189	183	152	125	255	173	86	143	198	150	79	153	244	
219	73	102	30	147	150	79	180	53	64	198	199	123	78	183	245	102	226	29	238	253	140	61	239	242	123	174	128	63	151	248	92	
24	133	98	237	214	146	238	55	4	65	94	2	57	43	176	96	126	130	23	168	218	184	37	221	102	239	170	192	55	134	240	136	
3	45	34	177	181	187	176	35	92	201	91	23	160	136	54	160	217	43	18	21	150	184	100	142	12	30	154	65	221	76	217	206	
143	145	164	139	125	215	187	216	134	253	21	163	220	223	251	228	222	88	187	255	134	65	107	177	79	81	175	239	22	175	53	245	
31	219	167	206	28	146	171	184	198	216	211	102	104	216	189	228	112	125	62	251	199	169	47	253	184	42	175	196	29	47	53	45	
61	223	71	78	180	70	199	249	213	78	253	230	115	237	175	213	93	224	134	238	249	163	40	191	114	239	229	132	123	254	96	249	
10	28	147	184	203	241	184	107	31	11	92	179	140	183	96	204	255	59	179	144	17	158	18	215	153	246	218	203	146	5	37	179	
87	105	3	138	30	213	138	228	134	104	153	202	112	220	181	160	220	233	95	231	207	3	172	255	176	12	171	187	29	31	57	140	
61	159	75	170	214	71	71	249	21	110	253	110	115	119	171	240	93	200	134	166	249	147	40	158	248	199	165	180	187	250	116	249	
142	24	146	184	195	244	176	91	62	11	112	50	28	159	96	236	255	57	179	145	51	31	146	211	29	119	27	111	155	5	41	163	
2	153	115	79	247	209	175	231	78	64	88	162	44	252	180	164	46	123	146	193	211	184	36	253	45	60	14	170	87	30	165	253	
160	224	248	81	77	77	245	206	94	63	52	24	146	153	78	59	137	90	98	88	74	116	250	17	79	153	85	61	195	88	198	170	
36	115	238	71	84	135	227	216	198	168	247	102	112	201	253	0	120	236	55	251	138	178	10	61	107	9	161	133	111	187	120	163	
143	168	146	185	101	188	184	67	190	27	117	16	140	218	114	204	251	41	179	25	18	252	130	211	4	119	90	202	194	5	123	129	
10	176	178	249	71	134	184	75	58	123	81	19	12	159	100	204	255	25	147	145	147	158	144	211	29	127	26	238	159	4	171	179	
185	219	106	46	84	151	250	240	84	196	245	135	105	201	183	80	124	232	130	238	205	182	28	175	114	105	161	137	127	175	120	216	
143	160	162	185	101	141	184	75	190	25	81	17	140	205	124	140	174	25	183	149	146	124	130	209	4	95	218	236	214	4	187	129	
11	176	241	185	67	228	185	75	30	83	81	23	156	158	110	168	239	25	147	145	150	28	146	211	13	30	26	238	213	4	39	247	
189	93	106	238	116	87	223	252	85	78	252	6	123	93	191	160	126	248	151	234	236	183	60	191	243	233	165	129	119	191	124	249	
18	133	64	137	212	131	238	103	13	1	218	2	40	10	60	64	120	163	23	225	90	184	64	221	180	172	138	192	53	10	240	136	
138	176	178	185	103	141	184	88	158	89	81	179	156	157	124	136	174	25	147	21	130	116	130	209	69	25	122	238	6	140	25	209	
56	33	82	229	79	19	120	113	101	160	254	2	27	19	160	116	106	188	30	40	72	187	225	136	215	237	161	1	39	170	112	162	
43	213	101	77	245	159	238	255	95	97	122	198	232	120	180	164	123	10	22	173	247	184	125	223	46	30	135	198	95	142	249	156	
131	222	199	159	34	22	172	182	188	218	210	247	108	110	183	207	102	101	187	231	229	221	31	239	32	34	254	130	45	244	57	221	
2	152	58	218	99	192	184	66	175	81	81	55	172	222	102	73	231	59	147	145	23	9	18	241	79	112	218	235	156	4	45	215	
60	4	110	65	212	50	235	84	100	33	254	18	81	43	184	0	120	132	6	184	184	177	33	78	122	143	161	68	231	138	224	160	
18	99	90	136	70	205	232	72	109	72	249	71	28	138	118	64	234	169	23	229	198	35	22	208	22	8	170	173	125	2	105	138	
130	153	59	218	115	229	184	87	190	73	80	118	188	150	164	232	230	59	151	144	179	152	18	247	13	49	186	202	152	0	165	187	
2	193	80	136	252	137	174	237	140	1	88	2	172	138	56	64	74	43	19	225	82	41	0	253	44	16	142	232	84	10	161	136	
219	203	2	170	61	128	106	240	166	72	194	231	236	195	122	196	224	106	191	223	206	9	138	229	184	117	174	203	14	7	57	75	
181	76	107	206	86	6	203	112	85	72	253	66	83	29	181	101	120	168	23	238	233	183	36	206	113	172	162	128	125	187	112	161	
61	83	83	237	86	66	67	80	37	40	251	98	123	19	177	244	122	188	22	233	9	178	97	140	209	237	162	128	39	139	114	161	
10	150	49	187	52	229	185	95	30	93	89	117	188	189	58	64	207	27	147	21	147	40	51	247	77	22	26	202	212	76	181	251	
53	79	106	174	52	135	75	120	197	140	253	207	99	200	187	20	94	168	22	111	200	163	76	157	240	237	33	184	117	175	114	101	
24	157	59	253	147	192	157	39	164	5	206	163	189	255	32	64	230	59	141	129	90	137	32	191	225	229	58	195	52	0	165	251	
11	133	80	251	151	183	104	55	29	33	78	150	253	35	8	228	119	27	26	152	51	152	85	223	141	223	154	64	190	192	137	40	
24	149	59	233	147	227	49	103	52	1	110	51	189	63	32	64	247	27	145	129	19	152	17	31	233	229	26	67	48	64	165	250	
190	243	9	170	126	197	159	232	150	124	145	239	125	206	59	1	222	177	31	227	111	7	10	253	248	129	171	188	28	27	52	211	
122	251	2	138	242	144	94	246	57	68	204	167	44	134	162	212	198	235	151	213	78	10	224	255	186	116	142	203	54	150	190	223	
34	249	32	200	95	197	182	237	143	24	152	11	44	156	36	0	204	59	147	193	194	43	82	253	61	16	142	251	85	30	151	219	
188	242	218	113	226	75	52	213	187	191	181	185	15	211	74	27	183	157	197	16	86	247	130	0	222	193	117	231	226	144	143	131	
40	204	185	254	157	229	87	230	223	75	204	0	182	245	33	96	201	122	26	74	59	43	114	191	227	255	22	59	144	89	244	106	
10	150	131	131	215	243	186	67	31	13	95	179	140	175	96	196	253	59	147	145	18	152	64	215	13	84	154	227	151	78	189	254	
35	173	115	65	244	219	239	247	95	233	122	66	120	52	180	164	127	42	18	56	243	184	101	255	46	30	167	196	95	136	210	189	
26	133	96	235	212	146	238	55	69	1	94	2	121	43	188	64	126	131	23	169	210	152	37	223	110	233	170	192	55	138	240	136	
215	18	199	157	162	54	173	25	188	203	211	247	220	230	151	238	119	101	127	175	149	213	183	202	148	54	251	128	141	245	177	117	
146	141	86	154	181	215	254	101	157	4	210	3	172	90	54	197	234	179	159	225	126	169	16	253	169	248	142	195	21	12	253	142	
112	225	125	68	110	73	245	236	235	63	52	40	31	157	204	55	35	212	102	104	66	123	168	81	119	201	117	63	99	144	71	171	
216	243	94	224	234	0	124	253	161	189	182	191	77	143	74	147	231	213	237	240	84	95	130	196	254	225	239	239	38	176	174	3	
170	91	234	174	100	65	183	244	77	110	212	167	40	140	183	66	206	252	183	71	196	191	230	169	119	113	250	187	23	63	116	255	
250	207	107	204	69	82	239	246	33	76	214	167	41	46	182	117	104	230	149	231	236	159	228	237	115	123	254	129	39	148	246	94	
255	219	86	94	111	144	246	252	205	26	117	230	104	200	191	229	110	241	166	202	197	39	46	253	50	121	66	139	127	191	105	157	
155	205	102	191	62	150	79	244	133	72	84	199	57	71	179	229	102	224	29	238	239	141	47	253	162	107	174	128	62	157	57	93	
190	222	99	78	54	147	219	240	149	204	245	230	123	205	181	37	94	248	87	238	232	167	108	191	114	201	161	152	119	175	116	249	
189	69	106	111	84	27	79	125	85	96	254	2	91	41	183	117	120	204	22	234	233	179	101	190	114	239	164	16	119	191	240	224	
120	201	125	76	106	73	215	172	235	124	188	40	59	29	205	55	38	213	124	106	67	43	169	125	119	249	112	183	119	147	71	107	
169	95	99	94	116	209	227	112	84	76	112	238	49	204	183	161	92	168	6	110	231	182	108	63	52	40	163	168	93	191	116	253	
189	69	98	108	20	19	198	124	85	226	255	10	83	73	181	97	120	228	22	238	232	183	109	158	114	237	161	20	119	191	112	100	
189	77	111	143	84	26	239	252	84	198	214	198	83	36	179	229	122	196	54	239	233	180	101	174	118	47	230	132	63	255	240	252	
10	133	49	187	183	229	185	47	31	73	92	19	188	61	40	228	199	59	155	21	19	136	83	247	141	86	26	202	150	12	165	251	
35	78	99	204	116	147	238	112	213	10	113	102	97	200	181	229	122	168	22	234	233	183	36	236	48	122	162	136	127	191	112	173	
182	65	66	236	76	3	206	232	195	160	185	10	99	200	53	0	88	224	95	99	72	39	74	156	176	136	129	60	117	187	112	128	
56	19	90	204	94	159	114	112	69	40	246	110	19	17	164	112	120	172	6	232	24	187	101	206	87	173	160	201	59	136	122	131	
10	160	178	185	101	149	184	67	31	29	85	19	140	159	114	140	175	25	147	149	134	156	2	209	7	81	154	207	150	13	41	151	
185	75	99	46	117	211	66	112	85	200	112	103	99	220	183	176	88	168	150	230	207	182	100	189	50	233	161	169	127	175	122	205	
35	209	99	139	215	209	190	109	92	65	88	227	40	220	190	224	222	27	147	209	247	170	100	223	46	21	142	235	93	14	185	221	
10	184	178	153	119	183	184	67	31	63	85	18	140	154	118	140	239	25	147	145	150	188	17	211	31	95	26	199	147	4	41	135	
38	59	99	76	124	129	131	120	196	140	244	110	98	216	181	36	92	184	95	107	203	35	110	159	48	60	163	186	95	174	118	181	
10	160	146	153	117	222	184	67	255	79	86	17	140	202	118	204	243	41	147	17	22	188	50	215	143	86	26	67	146	12	61	198	
45	219	215	222	124	147	67	248	151	204	245	230	113	197	175	36	94	112	166	126	201	163	110	189	106	139	101	148	127	175	112	241	
52	64	66	140	76	3	202	200	134	160	177	74	66	200	61	66	88	200	75	227	8	35	74	216	16	8	139	60	85	59	112	128	
59	251	2	170	116	129	90	228	21	72	208	239	47	216	51	128	218	233	23	231	206	138	76	189	240	81	172	187	60	31	58	143	
3	145	51	139	215	213	186	103	78	73	89	66	188	248	62	160	254	59	146	145	151	186	52	215	45	28	154	99	221	14	169	143	
2	193	64	139	212	129	238	231	13	0	248	2	172	10	56	64	122	163	23	225	82	40	64	221	180	180	142	192	21	10	241	136	
10	28	146	201	115	242	184	75	31	15	92	50	172	182	38	228	247	59	147	144	22	158	2	219	15	118	26	203	146	68	45	143	
203	219	34	170	62	144	154	244	199	64	212	231	172	200	243	228	70	104	190	199	207	43	142	255	184	112	175	234	62	159	56	93	
56	224	185	81	37	77	241	222	95	63	52	56	146	145	205	44	153	88	102	88	10	116	105	49	79	217	53	119	211	25	86	171	
19	77	226	189	197	36	174	207	28	66	72	131	45	46	49	64	127	107	19	143	97	152	21	251	53	46	222	0	61	124	49	216	
33	189	115	73	244	207	239	247	127	105	124	98	56	149	180	52	126	58	22	24	243	184	101	223	109	28	52	192	215	136	198	249	
7	140	32	153	149	247	58	175	31	101	94	147	204	126	190	228	247	3	155	181	183	152	61	223	47	22	159	199	150	76	189	84	
131	92	7	156	15	150	190	226	156	82	194	199	236	206	55	239	236	97	187	199	229	197	22	233	20	114	218	131	29	125	57	220	
11	151	35	171	181	255	160	103	76	77	91	103	172	248	54	228	152	43	146	21	151	184	36	223	44	20	154	66	220	78	221	223	
41	181	97	65	244	219	231	255	95	233	120	66	112	116	148	164	91	170	18	40	241	184	125	255	46	30	5	196	127	138	210	237	
2	30	146	201	179	243	56	75	31	15	76	162	172	182	38	196	215	59	147	144	22	156	2	223	15	54	154	203	146	68	45	143	
190	93	114	238	125	87	95	248	5	108	189	11	107	221	63	148	222	249	151	227	236	39	120	191	179	217	133	191	119	191	126	223	
178	223	110	159	126	131	183	228	140	72	208	231	48	204	182	65	206	107	151	231	231	175	86	189	96	0	170	152	93	31	113	219	
218	139	102	158	186	208	191	237	151	21	222	163	109	238	174	68	126	179	175	193	126	11	14	255	250	119	175	203	55	6	165	95	
48	73	66	156	84	130	238	102	141	0	250	2	40	136	53	64	106	232	31	195	72	171	2	237	48	44	138	8	85	56	113	136	
19	133	99	137	150	162	235	55	125	65	91	194	57	38	180	100	118	143	23	173	179	152	37	223	60	46	186	192	53	134	161	124	
218	157	118	190	187	208	55	231	191	20	204	163	108	254	42	87	162	243	255	192	114	75	170	255	243	243	94	139	51	6	167	127	
218	221	118	254	59	208	53	101	189	4	228	179	108	223	38	85	226	179	255	192	114	15	162	255	179	225	14	139	55	4	167	91	
83	141	110	204	144	214	111	55	229	68	206	2	121	55	182	117	98	182	61	232	249	153	53	237	119	171	226	128	39	160	244	108	
191	86	239	133	70	18	239	252	52	194	222	230	81	100	191	231	126	196	55	239	233	215	37	14	112	47	239	132	47	247	120	244	
50	73	98	236	84	130	238	102	165	128	250	2	43	138	53	64	106	237	23	195	200	187	0	236	178	236	142	128	101	185	112	136	
188	221	114	238	117	95	94	248	81	78	253	43	107	93	63	145	126	248	149	99	236	167	120	191	243	205	165	189	119	190	126	219	
138	184	162	177	85	213	112	80	23	77	87	19	140	159	98	236	232	57	162	144	22	188	113	209	7	215	154	67	166	12	45	214	
34	73	114	220	118	128	238	230	141	0	240	2	40	202	53	64	106	235	23	195	192	171	2	253	52	56	138	136	21	24	113	136	
189	84	110	125	116	119	239	120	85	206	119	34	121	93	183	33	126	172	23	174	233	180	61	159	103	239	225	128	119	171	116	241	
119	79	238	140	214	34	238	247	197	194	218	231	113	108	183	98	111	231	55	173	244	175	4	206	56	46	174	136	189	248	240	84	
147	31	102	156	22	150	174	246	204	72	218	199	41	174	183	229	110	227	159	239	237	153	52	239	48	98	234	130	61	116	57	93	
7	28	231	199	230	118	175	50	116	202	95	230	249	102	151	110	118	100	63	175	161	209	191	202	4	46	239	128	175	247	49	245	
25	49	91	168	70	197	233	64	108	76	241	102	61	158	122	240	234	137	158	195	199	19	53	208	85	193	170	136	21	7	109	209	
11	156	22	251	51	148	56	115	173	25	95	112	188	151	160	228	231	59	158	128	183	157	2	247	196	247	58	194	26	4	169	159	
11	154	18	251	179	180	184	51	190	25	86	240	188	151	160	228	231	59	151	144	179	156	2	247	206	255	186	202	154	128	169	137	
189	92	106	238	116	118	95	248	85	206	253	34	115	125	191	97	126	248	151	234	232	183	61	175	115	239	229	129	119	251	124	251	
27	151	22	169	147	146	52	247	45	93	90	231	44	50	162	196	38	139	142	144	119	153	1	221	184	228	62	199	58	4	169	221	
185	95	90	76	118	147	67	88	85	72	245	110	115	211	163	244	126	168	6	110	205	183	36	31	114	169	160	136	127	187	122	161	
25	132	88	217	23	183	104	39	95	5	79	18	173	34	58	100	113	139	34	156	54	152	117	215	143	255	154	65	178	136	41	204	
157	249	40	186	127	213	155	248	150	244	149	138	221	214	251	33	94	249	155	255	235	67	254	189	249	201	143	124	54	191	53	240	
155	223	6	190	58	133	143	246	140	68	84	231	173	71	178	197	70	97	159	239	227	141	22	253	224	35	190	152	30	156	57	249	
13	8	142	209	85	247	105	67	87	125	71	22	136	131	50	204	233	136	34	156	30	220	51	215	143	223	154	69	146	13	248	196	
191	68	106	109	70	50	207	248	85	226	222	134	89	109	183	101	126	236	151	239	237	151	37	142	114	239	237	132	39	255	112	240	
13	40	142	241	53	247	97	66	87	59	215	18	142	147	98	172	201	40	2	152	30	252	112	210	143	215	154	67	130	9	120	134	
63	76	239	199	84	50	239	248	116	198	222	134	81	37	155	111	126	204	55	239	233	208	125	170	118	47	239	132	39	247	112	248	
2	157	24	217	191	245	24	99	159	89	76	19	188	159	36	228	199	59	155	149	51	136	18	215	143	119	154	194	154	12	185	63	
57	94	103	175	46	211	203	112	196	72	220	230	251	76	179	228	94	96	151	239	205	163	110	189	224	103	171	144	127	191	56	253	
83	250	131	179	34	0	58	218	59	251	82	247	173	134	203	222	183	205	253	151	199	212	141	227	156	118	187	166	44	21	43	93	
218	206	118	188	59	208	61	111	189	6	244	179	109	254	166	213	110	179	239	160	110	15	166	255	242	243	222	139	55	4	175	95	
71	116	231	133	178	118	171	158	60	201	222	230	221	166	223	110	119	69	127	189	129	217	181	194	44	46	190	196	141	246	177	125	
154	133	96	239	212	146	238	55	85	1	95	2	105	11	188	64	122	139	23	233	250	152	37	223	102	237	170	192	55	138	240	136	
56	186	248	99	55	251	115	218	111	45	62	42	46	25	195	156	59	26	198	80	2	56	41	179	94	215	49	183	243	139	79	171	
61	18	107	236	116	34	235	112	85	128	127	230	81	13	177	225	126	184	23	234	137	178	36	204	86	173	226	128	127	251	112	177	
2	197	80	138	244	131	238	173	29	1	88	2	172	10	60	64	122	131	23	225	82	40	0	223	164	188	142	192	21	10	241	8	
59	90	99	108	118	155	194	120	69	192	240	238	35	200	181	180	222	184	150	103	205	178	100	157	176	104	33	138	125	175	114	253	
34	217	48	202	95	133	182	237	142	40	176	43	44	220	60	0	204	19	151	225	194	43	90	253	61	20	142	250	85	30	151	219	
189	77	98	111	85	27	78	252	85	34	254	10	83	105	189	117	120	204	22	106	236	183	61	190	115	239	165	5	119	190	240	168	
139	49	114	169	71	245	185	80	140	76	93	22	141	158	114	236	238	153	151	195	151	16	52	208	213	209	170	237	55	31	165	247	
40	205	185	251	189	201	85	142	78	25	252	8	182	181	32	112	193	90	46	64	74	42	107	181	239	255	52	123	144	90	196	107	
27	206	110	222	46	144	111	254	133	76	94	167	41	207	182	228	102	226	63	206	199	13	39	255	114	111	190	136	63	148	121	125	
218	201	118	254	199	212	124	53	221	4	82	3	105	127	54	197	234	179	191	194	252	159	18	255	179	251	218	139	55	140	252	78	
29	76	111	79	84	18	239	240	84	226	214	134	123	45	187	101	120	196	54	239	237	180	45	174	118	111	230	132	39	250	112	232	
42	218	107	190	102	192	191	244	141	70	212	199	43	140	54	64	110	251	147	71	196	191	182	225	119	105	218	10	63	159	244	248	
182	69	66	236	93	3	198	232	81	130	249	10	99	201	53	16	88	228	7	226	104	39	8	143	179	236	129	61	117	251	112	2	
123	219	111	206	100	210	255	246	129	76	254	231	105	158	182	112	108	247	183	195	205	159	36	237	114	127	254	131	47	148	246	255	
60	21	238	253	228	118	223	120	85	206	127	38	115	125	191	107	126	254	23	170	233	242	61	142	115	239	229	128	247	251	116	243	
24	254	210	35	115	187	50	218	63	191	58	237	175	15	75	152	183	155	199	16	6	220	9	243	158	215	53	167	234	215	15	155	
2	141	16	217	191	245	184	103	159	25	92	50	172	63	32	228	231	19	159	145	50	24	0	247	175	85	26	195	182	12	173	47	
2	128	59	249	21	245	105	67	119	93	70	23	137	130	54	108	225	9	34	156	22	156	115	213	79	223	154	69	147	12	237	214	
123	222	110	222	110	144	222	248	197	68	220	230	105	72	183	229	110	225	191	203	204	47	46	253	50	107	138	155	63	191	120	77	
24	123	248	255	106	9	184	216	43	60	53	233	47	139	195	26	46	217	231	194	66	80	138	113	86	193	113	169	103	179	15	139	
57	94	99	78	54	155	203	120	197	196	253	199	115	205	183	101	126	168	23	110	232	167	60	157	114	105	129	24	127	191	112	244	
3	128	58	217	53	255	113	3	95	125	94	18	136	146	38	76	225	11	38	144	54	156	113	215	207	222	154	71	144	8	236	198	
10	48	50	217	71	213	184	64	143	77	87	35	140	223	102	108	238	57	147	144	134	148	50	209	71	217	154	195	22	13	117	215	
2	112	186	185	119	245	184	66	31	29	85	19	140	158	118	76	231	25	147	149	22	156	50	208	23	84	154	231	150	13	173	199	
63	249	97	79	62	149	139	248	199	192	244	134	123	204	191	164	94	104	210	94	195	33	126	189	46	72	5	56	127	174	64	252	
62	92	103	222	31	151	202	120	133	192	181	142	123	77	189	133	94	224	223	238	233	39	124	189	51	201	129	152	127	175	80	48	
56	84	110	125	116	119	255	123	85	206	127	50	91	125	183	237	127	188	151	170	232	182	53	158	119	239	241	129	119	251	252	243	
51	94	79	204	102	147	238	114	204	74	216	230	33	136	181	96	106	96	22	239	205	171	36	237	50	46	170	130	125	187	120	141	
23	27	231	197	102	2	239	82	69	200	94	230	25	45	183	100	126	228	55	239	129	177	37	200	118	44	226	128	103	243	116	253	
11	191	32	137	215	183	187	235	15	13	88	55	140	8	54	132	255	11	147	149	150	186	24	215	45	28	154	231	159	14	185	215	
9	151	114	73	243	215	183	119	76	77	125	38	172	124	174	164	254	59	130	17	215	184	53	221	111	93	6	67	215	6	237	255	
115	219	98	138	95	144	30	252	79	68	196	143	45	204	54	68	118	235	155	215	199	11	126	253	186	32	142	122	62	158	185	92	
151	201	105	75	31	157	238	236	207	64	100	130	121	204	54	228	106	234	50	223	199	40	63	245	63	8	5	72	119	159	120	108	
2	22	154	137	242	227	186	66	30	5	89	179	164	190	38	64	223	59	147	144	22	152	65	222	15	54	186	227	144	64	45	159	
2	182	10	153	244	241	186	66	31	13	92	183	132	174	100	196	253	59	147	145	22	152	64	247	15	20	154	195	148	77	189	215	
11	181	50	169	247	245	178	99	94	73	88	103	140	184	58	196	254	11	147	149	151	184	52	215	44	20	138	231	159	14	185	199	
2	48	186	153	116	207	176	66	63	77	83	19	140	158	38	72	243	41	3	17	22	188	50	215	143	22	26	67	144	8	37	215	
2	247	33	203	247	209	174	237	78	73	88	226	168	140	188	164	254	27	146	209	215	58	44	223	45	20	142	239	85	14	189	188	
155	203	7	188	42	145	142	247	141	4	80	230	45	198	160	196	102	51	159	197	195	13	6	255	176	38	190	136	62	156	169	29	
56	109	242	236	118	187	250	86	127	129	124	2	43	235	181	48	122	235	23	152	138	186	36	238	246	253	166	160	231	218	114	137	
191	68	238	238	87	50	206	248	85	226	222	130	89	109	183	97	126	252	23	239	232	247	45	170	115	239	229	133	39	255	112	224	
43	157	103	83	245	219	238	247	95	97	122	66	232	92	180	164	122	42	18	25	247	184	117	255	44	94	135	66	95	140	241	189	
19	133	111	141	214	162	235	51	61	65	95	210	121	38	188	100	118	139	23	173	179	152	37	223	60	46	186	192	53	130	161	252	
3	156	30	217	176	180	56	35	189	17	76	148	172	222	38	101	199	59	187	144	150	136	51	245	143	254	154	74	152	128	169	13	
57	109	234	193	118	179	235	86	85	193	126	130	57	173	183	36	126	186	23	189	131	186	36	238	126	77	166	128	231	222	112	233	
139	189	115	89	245	223	174	119	127	73	122	98	168	156	180	164	126	42	22	24	243	184	37	255	46	94	150	194	95	140	209	189	
32	189	123	81	244	207	239	119	127	13	126	64	48	215	180	52	126	58	23	24	243	184	32	127	111	156	52	192	99	128	230	249	
153	17	58	169	39	215	121	81	101	77	223	55	157	159	186	100	126	153	159	241	143	151	49	208	213	193	170	129	55	135	173	243	
3	154	30	152	48	148	56	115	173	29	86	52	172	146	166	100	231	59	190	144	150	156	34	247	198	254	26	203	18	128	169	143	
57	82	91	77	84	207	97	80	101	76	247	102	19	13	164	80	108	172	6	168	137	191	96	142	86	173	160	192	107	138	114	217	
61	94	122	76	118	147	235	112	84	66	253	230	115	193	183	101	126	168	2	238	237	178	52	28	82	169	160	8	127	171	120	240	
180	92	122	238	100	103	95	248	21	206	253	11	115	125	63	49	254	248	23	227	236	167	56	191	243	207	161	157	125	251	126	219	
2	158	58	217	52	251	48	35	255	13	95	48	132	178	166	100	225	58	142	16	54	152	32	215	78	54	178	199	144	8	253	71	
2	73	82	156	94	128	174	230	140	0	208	2	40	138	53	64	110	235	23	195	64	171	2	253	52	56	154	136	85	24	113	136	
7	12	167	157	132	114	175	66	220	194	91	178	200	236	181	238	123	109	59	143	161	212	39	234	4	62	202	130	133	125	53	228	
2	201	82	155	126	129	190	230	158	0	80	2	172	202	32	0	238	107	19	195	66	58	2	253	36	20	154	170	20	25	49	137	
51	233	34	138	85	213	202	236	71	96	196	10	42	140	54	164	248	235	146	207	207	59	60	253	187	88	140	121	123	14	58	222	
60	84	238	109	244	118	255	254	85	207	126	34	89	61	190	96	127	220	183	170	168	180	53	174	103	239	244	129	247	255	252	243	
51	216	43	254	69	132	255	230	129	68	220	7	51	205	54	96	108	251	19	199	203	43	50	253	115	109	222	8	29	31	112	248	
87	58	129	131	50	38	43	80	47	235	219	231	189	70	223	236	119	205	31	157	135	144	189	201	148	20	187	166	172	39	35	117	
218	206	102	156	59	210	156	239	191	30	220	179	108	238	38	197	239	255	239	129	110	79	162	223	178	119	254	155	23	148	173	223	
123	223	107	220	118	208	255	247	245	72	94	231	57	156	182	100	110	251	183	197	207	155	36	255	114	111	190	138	63	148	244	253	
34	73	66	156	126	128	174	230	140	0	208	2	44	202	53	64	238	235	19	195	66	171	2	237	52	56	138	136	85	25	113	137	
43	205	43	216	221	213	223	231	197	93	180	11	58	204	54	33	201	226	147	205	127	43	58	245	123	91	150	124	91	28	244	254	
59	219	106	206	79	213	223	254	197	68	220	199	41	200	55	100	108	227	179	207	207	43	62	255	115	111	138	9	55	159	124	92	
87	188	239	131	50	118	171	154	62	237	223	230	220	38	223	102	119	207	127	157	131	217	189	236	252	46	174	196	142	199	49	125	
60	205	102	111	85	19	70	248	85	34	242	10	67	105	60	113	120	204	6	106	232	179	29	158	115	239	197	5	119	186	120	130	
29	65	239	197	84	26	239	48	100	192	95	130	121	109	187	98	122	204	63	239	205	176	125	205	118	43	227	132	39	190	112	224	
43	237	110	90	125	213	198	230	199	93	180	42	58	220	246	164	201	226	214	220	79	43	42	189	59	217	181	251	83	28	248	78	
60	21	255	252	228	102	127	122	85	238	255	35	115	125	63	105	126	244	55	234	168	242	49	142	115	239	229	128	119	251	116	243	
182	69	66	238	93	3	198	232	85	130	248	10	99	233	53	21	216	236	7	99	104	167	8	174	179	238	197	63	117	251	112	130	
59	204	102	94	29	215	202	224	197	72	252	10	58	205	53	164	104	224	159	238	203	163	62	189	51	205	129	144	127	159	120	60	
146	223	90	156	82	209	188	247	156	77	84	231	45	142	166	192	102	187	135	128	87	25	6	255	54	97	186	203	61	132	169	221	
31	58	210	163	115	187	58	216	47	233	123	237	47	14	195	148	183	137	207	148	135	144	13	253	158	212	9	166	239	135	43	221	
28	123	248	67	115	27	50	88	127	172	117	239	47	139	199	132	62	153	199	82	130	177	13	243	86	213	33	167	247	159	79	155	
187	90	99	156	62	147	143	118	212	64	220	199	49	204	179	228	110	224	151	207	205	171	6	191	48	37	170	136	127	189	56	253	
61	73	238	71	84	18	239	248	116	224	223	130	121	109	155	107	120	204	63	239	205	208	237	136	119	111	239	133	167	255	112	224	
0	156	63	185	244	234	177	39	124	93	90	49	180	58	164	64	227	35	31	0	54	152	33	87	77	38	58	195	144	0	165	75	
34	209	48	138	95	133	158	237	141	40	184	43	44	92	44	0	204	147	215	97	194	43	88	253	57	28	142	254	85	30	147	155	
2	159	94	220	122	208	156	103	156	5	92	163	36	190	164	65	230	51	147	129	118	11	6	255	50	39	186	203	20	12	189	143	
40	225	57	235	252	201	87	189	78	13	125	40	246	117	104	112	210	90	22	64	90	42	107	53	239	213	52	59	112	90	212	171	
3	136	57	217	24	229	57	7	143	93	64	17	188	142	38	72	231	27	59	156	22	12	51	215	143	60	154	202	144	0	37	207	
58	251	64	201	87	151	254	253	7	101	124	135	41	143	62	132	124	168	147	228	198	152	52	253	47	76	140	99	55	158	252	220	
2	190	10	137	244	163	186	198	30	13	88	183	148	14	54	64	255	59	19	149	22	152	0	215	76	21	186	195	148	72	53	211	
189	89	107	228	68	22	239	80	65	192	127	134	25	47	177	236	126	172	147	238	137	179	52	204	119	233	162	0	239	187	112	240	
8	148	51	153	118	231	177	66	30	9	82	115	156	22	32	200	247	57	3	17	19	188	17	215	13	7	58	64	144	9	33	179	
6	112	187	153	230	197	184	67	30	93	80	99	156	158	117	72	239	25	19	145	22	182	18	208	5	16	186	234	148	8	37	199	
2	186	170	155	116	225	184	71	30	29	85	179	140	142	119	8	255	59	147	145	38	156	8	210	15	20	186	239	149	12	61	223	
57	72	99	76	87	223	203	96	77	192	245	138	59	204	181	164	122	168	18	111	201	163	52	157	19	8	0	56	127	143	115	252	
0	208	51	153	52	175	168	66	62	9	82	67	156	158	36	72	226	25	27	17	19	152	16	212	5	20	58	192	156	9	161	163	
234	129	116	250	221	213	124	61	85	13	215	19	105	127	62	193	248	147	183	161	254	58	91	223	63	251	218	203	55	142	252	74	
134	17	114	160	229	213	248	80	141	76	220	2	141	159	115	108	238	25	23	211	212	131	48	194	199	209	138	239	22	223	37	247	
61	9	106	232	85	115	127	64	53	2	245	130	27	151	51	108	122	184	151	238	8	179	48	204	243	221	130	1	119	191	102	224	
137	18	91	233	119	252	105	82	45	93	116	214	29	143	170	245	106	137	134	188	131	180	52	213	71	217	162	200	63	140	109	241	
195	145	106	94	192	212	237	119	121	68	127	2	120	190	182	117	126	191	51	201	240	186	54	239	119	42	218	128	5	130	229	236	
90	10	246	252	51	210	184	70	189	5	246	163	45	191	39	223	238	183	239	128	12	207	162	201	210	243	90	139	39	36	47	95	
57	9	123	76	71	54	239	112	69	192	254	130	91	69	183	100	120	168	18	238	13	179	52	140	83	237	160	0	127	187	120	240	
3	133	108	203	210	178	171	55	60	65	95	146	249	38	182	100	118	3	23	173	243	152	37	255	108	47	170	192	53	130	177	236	
2	201	18	159	126	129	190	230	30	0	112	2	172	202	49	64	106	43	19	195	66	186	2	253	52	20	154	168	21	25	33	137	
139	221	119	89	245	219	172	119	223	65	122	86	168	152	180	229	239	42	146	13	247	188	53	223	44	94	158	194	95	140	249	157	
34	216	82	158	126	129	186	230	30	0	80	170	44	206	53	0	126	57	147	195	66	62	10	255	52	28	138	170	85	31	49	153	
0	159	126	185	242	170	177	119	252	93	122	247	52	174	166	65	231	27	6	1	182	153	32	87	124	167	58	195	20	0	165	219	
87	115	67	165	18	2	111	120	45	224	219	231	109	70	147	212	118	237	93	239	205	145	181	206	180	108	171	128	45	183	35	84	
7	15	163	147	180	34	175	67	222	207	219	178	192	236	245	110	123	111	59	159	177	209	175	226	44	62	143	198	133	127	181	228	
34	181	52	152	253	229	188	111	159	127	216	63	172	190	118	0	239	27	255	149	246	123	82	215	63	22	159	255	213	76	165	219	
223	12	135	188	135	244	170	2	222	194	202	19	172	250	53	238	225	111	186	149	53	205	150	234	145	118	218	10	132	117	57	6	
44	40	184	241	245	253	250	210	91	175	60	25	155	157	87	136	201	56	147	17	150	62	208	178	79	221	145	125	211	205	94	194	
163	157	99	92	197	214	237	119	121	68	126	2	40	188	182	101	104	174	51	205	241	187	180	205	53	58	218	138	71	228	246	236	
43	215	105	218	220	149	205	255	87	85	220	215	57	76	190	100	93	138	147	205	223	10	119	247	111	93	158	200	31	142	244	252	
2	72	18	158	86	129	186	230	156	0	80	2	172	202	49	64	110	107	19	195	66	186	2	253	53	32	154	8	21	25	33	136	
60	92	238	111	116	118	251	250	85	207	127	35	83	61	191	96	127	220	55	170	140	176	117	140	71	239	228	133	247	234	124	219	
52	193	102	109	85	3	70	104	85	32	242	10	67	105	60	81	120	204	38	106	72	179	25	156	179	238	193	7	119	186	124	130	
71	112	235	129	54	86	171	80	47	237	95	230	188	198	223	100	118	141	31	157	135	145	181	201	148	60	171	128	172	167	49	117	
89	65	110	205	20	18	239	120	100	192	223	2	89	137	187	100	122	204	63	239	200	179	117	204	119	105	163	132	39	174	120	224	
90	142	166	156	59	146	188	99	191	15	214	183	172	238	38	199	238	183	239	133	108	207	163	223	210	119	218	139	23	100	45	95	
60	21	247	237	244	102	239	126	85	237	122	102	83	125	189	106	126	246	55	234	153	242	177	142	119	238	229	128	231	251	116	241	
52	69	198	190	93	3	198	232	21	130	224	10	98	232	45	145	216	236	2	98	108	227	26	174	176	166	197	63	113	123	112	130	
71	189	235	199	118	118	171	216	108	201	223	230	216	188	255	100	118	206	63	189	131	209	189	204	95	45	175	196	141	199	117	253	
23	122	195	130	115	151	122	88	47	233	251	239	45	142	255	148	62	141	215	212	135	147	60	255	30	84	139	134	47	135	42	213	
28	115	122	64	118	27	250	208	127	172	116	238	11	141	239	20	62	217	135	226	194	179	44	216	114	201	33	167	111	191	110	189	
139	140	103	89	117	223	172	103	93	65	122	82	168	188	180	229	107	42	50	9	245	184	119	223	46	126	146	66	95	140	241	188	
56	175	121	233	246	203	119	255	95	33	125	42	55	245	168	112	59	90	6	106	115	56	40	55	125	141	37	117	116	138	196	163	
38	156	124	201	221	247	219	154	71	85	220	18	24	63	182	100	73	146	31	152	186	42	117	215	95	30	147	204	183	201	116	102	
19	157	46	171	182	195	186	103	12	77	216	167	181	30	58	64	254	43	147	165	214	153	5	255	232	5	170	195	29	14	185	219	
155	221	46	169	54	199	191	119	140	92	218	167	189	30	34	65	230	35	31	229	246	137	17	253	224	1	170	195	52	14	189	91	
39	182	225	75	213	245	170	75	91	109	125	158	136	204	222	164	221	27	147	149	151	50	252	211	15	28	139	239	223	79	222	244	
62	65	230	229	85	22	234	248	69	160	255	2	73	105	189	98	120	236	61	235	200	243	141	136	123	235	231	133	167	191	124	130	
2	133	58	235	150	215	186	109	78	5	123	131	189	222	62	96	254	27	19	213	150	184	53	255	43	77	42	193	213	10	173	219	
35	215	105	218	220	149	221	191	87	65	252	214	113	77	62	100	93	154	19	157	219	42	119	183	111	93	150	72	95	142	240	252	
2	73	18	156	78	128	174	230	140	0	208	2	44	138	49	64	106	235	19	195	64	139	2	237	52	52	154	136	21	25	113	136	
171	207	4	158	95	149	140	119	149	76	220	199	41	204	182	197	76	170	147	205	237	138	118	255	48	56	154	136	63	156	184	220	
18	207	98	142	23	128	187	101	173	4	218	167	44	206	54	68	110	51	155	197	70	153	6	253	184	36	138	195	53	14	181	206	
185	68	99	220	85	214	239	100	212	74	246	18	113	216	180	229	120	168	22	236	233	167	36	206	49	169	162	136	95	56	112	172	
155	95	103	158	85	134	238	113	213	194	210	199	41	232	55	199	108	234	27	207	237	175	20	239	48	42	202	128	63	188	120	220	
169	201	35	94	125	213	199	103	212	72	244	2	186	220	180	229	72	170	22	207	237	174	102	191	97	125	160	152	95	28	112	252	
184	75	106	236	85	83	86	64	69	12	252	66	43	147	49	84	120	168	135	234	8	179	0	174	243	205	160	139	115	187	124	171	
147	95	94	188	58	210	156	118	148	76	214	231	45	174	163	67	102	115	141	197	237	143	38	237	242	225	234	137	61	176	45	89	
171	233	104	90	61	213	199	247	87	72	220	42	186	89	182	164	200	170	23	73	239	42	114	191	102	93	176	251	127	156	216	255	
255	125	96	162	247	116	158	212	9	125	29	191	28	28	94	168	174	223	149	231	220	54	188	238	115	89	174	163	103	87	191	215	
9	128	22	185	119	183	168	19	62	9	86	114	141	19	160	204	102	25	186	24	19	152	1	213	196	247	58	64	154	140	41	161	
147	223	111	252	54	144	191	246	244	66	214	231	57	191	183	99	110	243	157	199	237	239	38	239	242	105	234	128	61	149	117	249	
35	149	33	202	221	133	205	61	71	65	249	30	240	77	60	96	220	155	19	157	219	42	114	247	111	94	156	120	89	10	208	186	
26	157	3	171	177	199	111	55	37	69	74	230	173	39	160	196	102	51	159	172	123	152	17	223	173	244	138	192	54	134	181	121	
2	180	52	153	253	229	188	103	30	127	88	63	172	190	118	1	239	59	243	17	178	122	83	215	61	22	222	235	148	76	165	219	
87	97	107	164	18	66	111	120	37	228	223	198	89	70	159	116	126	205	93	239	205	147	181	204	176	44	175	128	45	183	114	116	
2	188	178	218	253	253	184	231	187	95	124	53	172	252	126	148	175	59	147	17	182	107	178	247	63	22	30	235	210	12	239	223	
42	175	32	156	253	145	188	103	31	13	92	239	168	142	246	196	204	43	147	133	198	26	230	255	62	20	158	171	23	12	156	205	
139	220	183	159	247	244	188	71	221	75	91	118	172	190	180	236	231	59	179	129	183	156	54	231	37	118	154	194	158	76	185	221	
7	175	234	211	182	162	175	193	254	141	223	226	192	232	247	102	123	110	58	223	208	249	174	234	44	62	175	192	133	243	241	165	
216	201	62	189	54	206	125	53	140	4	82	3	247	29	48	65	102	53	29	97	108	137	17	157	225	161	238	209	52	24	189	10	
40	108	184	243	181	253	240	86	223	175	60	17	174	157	87	136	137	58	151	16	134	188	240	178	79	221	20	115	210	92	94	203	
146	11	110	188	34	146	188	114	180	142	210	231	41	174	179	195	110	247	157	199	236	205	6	237	178	227	250	129	37	36	61	89	
147	92	47	252	12	166	143	98	180	202	210	71	241	207	53	107	204	241	125	199	233	197	18	104	209	186	218	152	29	113	113	58	
56	65	98	237	29	26	230	120	69	128	255	2	83	201	53	96	120	236	59	234	200	179	53	140	115	237	130	5	119	174	120	130	
2	189	52	155	253	229	184	103	158	123	88	55	172	190	96	64	239	59	187	145	50	88	82	247	29	22	222	235	148	76	165	219	
95	112	235	197	118	86	251	80	110	204	223	166	152	156	247	100	126	140	31	205	203	183	181	192	87	45	171	132	39	171	117	245	
61	65	75	172	82	22	110	112	37	192	255	199	89	79	187	240	126	236	23	238	205	147	52	76	114	237	163	132	111	183	106	208	
52	73	214	238	77	67	70	232	199	128	233	11	99	233	45	194	216	236	34	99	76	227	26	168	179	250	197	31	113	59	120	134	
2	188	178	216	253	253	184	227	191	93	120	53	172	254	118	0	175	27	179	17	54	107	178	215	15	22	26	235	208	76	175	223	
27	95	115	204	118	147	174	118	77	192	90	226	40	136	181	228	126	123	150	67	197	186	36	253	54	44	42	130	127	159	121	205	
138	30	134	157	83	182	184	103	191	7	214	151	172	174	54	205	238	47	187	133	166	220	67	223	22	119	218	131	30	68	57	222	
53	21	247	239	116	102	235	120	21	200	123	98	115	253	189	100	126	254	55	234	153	178	57	142	61	238	165	128	245	235	116	241	
55	114	107	128	118	150	235	80	109	200	219	230	88	222	191	116	126	173	23	253	135	147	188	204	60	60	171	134	13	135	115	245	
43	93	115	196	118	211	183	244	205	192	124	162	56	220	183	164	110	120	151	111	197	187	36	237	54	28	134	138	119	191	117	253	
11	156	55	153	247	244	188	231	221	91	90	118	172	254	188	228	247	59	178	145	183	156	54	247	45	126	158	194	158	68	161	253	
30	148	35	171	55	231	139	121	15	65	89	231	236	71	56	196	127	27	159	189	19	128	25	223	137	86	138	198	182	143	181	241	
0	143	123	95	116	231	175	119	125	15	127	18	248	183	180	100	126	58	18	8	241	184	32	255	101	62	18	130	83	200	229	237	
52	239	123	208	214	207	115	242	95	37	108	10	27	149	36	52	63	248	2	120	114	186	56	255	125	140	5	100	115	137	229	168	
43	88	225	217	221	247	233	135	95	119	244	18	136	28	245	236	201	152	146	152	171	62	117	214	15	94	150	230	151	220	116	236	
92	173	10	34	145	197	95	231	166	141	238	13	30	227	98	80	177	239	201	212	90	139	154	54	251	197	133	109	136	3	170	18	
48	65	86	108	93	7	198	104	197	160	235	11	67	249	53	84	248	236	34	98	76	179	25	157	51	250	129	3	113	186	112	130	
179	213	109	223	61	149	205	173	222	88	212	23	240	92	62	97	204	2	31	237	239	15	119	191	99	121	250	152	31	28	212	254	
31	16	18	219	55	181	56	80	23	5	87	178	237	211	170	236	119	57	150	152	22	156	41	245	142	215	154	195	190	135	41	133	
170	223	124	95	126	217	213	127	95	76	84	178	42	29	182	37	74	58	150	75	230	44	103	191	102	89	48	155	119	156	92	239	
171	76	39	156	37	246	237	103	213	202	214	22	184	200	183	239	72	160	190	143	237	231	38	204	2	123	250	128	31	124	120	253	
82	135	99	168	151	193	158	239	13	5	216	163	44	206	44	196	250	155	159	225	90	139	4	255	185	100	138	219	53	14	181	94	
103	121	105	76	238	4	223	204	203	252	176	207	88	76	223	19	254	197	87	247	196	99	188	216	50	24	205	190	85	255	118	215	
35	153	68	73	213	159	230	255	94	81	120	70	160	56	182	229	216	74	18	109	215	184	93	189	46	95	134	70	95	12	216	132	
35	148	102	136	85	180	184	202	125	65	94	215	8	252	62	228	253	139	179	181	183	191	23	215	31	62	154	207	223	5	121	214	
138	133	55	138	149	199	105	61	133	5	219	66	238	117	56	197	114	146	159	233	123	137	19	221	189	48	130	194	54	142	180	44	
6	143	238	215	180	130	174	241	196	140	223	230	192	233	245	68	122	110	47	254	208	249	13	236	110	46	175	192	173	251	248	1	
94	173	143	176	155	208	22	231	166	201	202	35	14	250	98	208	225	231	253	211	94	139	130	164	187	229	143	91	128	119	191	7	
12	164	161	169	21	231	171	218	86	5	121	19	153	217	88	4	217	25	23	145	154	48	89	147	205	204	171	100	247	79	53	194	
42	175	34	152	243	209	184	103	31	101	92	179	168	174	102	132	207	59	147	145	86	154	70	215	46	86	158	235	23	12	189	222	
87	4	238	148	133	118	253	66	173	222	158	151	72	174	183	239	237	229	187	175	141	213	53	192	19	107	218	135	143	117	121	84	
15	72	26	154	103	129	171	192	12	17	85	2	156	146	248	205	238	9	146	219	2	22	8	240	20	65	186	232	30	31	41	161	
160	76	21	255	116	193	167	226	156	26	80	98	181	85	161	99	202	123	23	67	99	238	74	63	228	162	250	136	20	57	52	171	
181	95	71	14	244	14	79	253	84	202	123	230	83	96	187	117	94	236	22	111	253	178	108	46	184	174	229	128	253	251	240	245	
56	73	82	108	29	199	194	104	197	164	232	11	99	217	36	192	216	228	234	98	76	163	10	157	51	237	1	27	115	43	124	130	
56	73	106	204	21	214	195	96	68	0	238	2	83	217	53	96	120	188	27	106	72	163	52	140	243	237	131	25	119	171	124	34	
155	219	14	191	62	147	140	173	212	88	210	247	225	72	182	227	238	225	159	231	237	133	5	191	162	107	234	145	61	60	249	29	
61	73	99	236	85	214	75	112	133	192	239	130	83	223	51	240	120	232	19	238	205	147	52	140	115	237	131	0	55	191	114	224	
124	203	146	238	93	197	86	232	199	140	185	11	98	217	37	210	216	240	238	98	76	35	202	189	51	245	5	59	83	63	124	138	
2	167	34	155	215	209	184	103	31	5	92	131	44	174	54	196	255	59	147	133	86	152	2	215	47	20	154	235	23	12	189	223	
123	61	101	68	252	79	205	35	73	234	186	75	26	60	20	179	200	230	95	165	204	43	245	206	55	12	229	56	69	236	86	94	
90	93	165	164	139	96	149	15	142	227	138	167	207	60	67	202	193	87	253	129	89	9	211	128	185	103	223	63	132	124	149	122	
33	217	62	25	213	159	178	231	78	113	122	70	178	184	182	224	232	42	18	77	215	184	20	189	46	31	6	70	93	8	217	142	
124	173	26	170	155	208	22	231	167	136	200	35	46	251	98	208	240	235	157	211	94	139	130	47	250	229	175	203	160	6	174	75	
163	48	225	211	69	125	248	73	95	251	181	26	200	92	220	173	217	153	178	147	215	246	125	208	15	88	211	51	87	78	88	174	
0	233	19	88	213	223	163	230	95	32	96	66	40	148	36	164	172	58	130	88	211	187	48	253	59	152	6	98	83	136	229	172	
50	207	99	136	182	195	143	231	5	5	216	163	169	142	180	68	94	187	151	229	90	11	68	255	184	52	142	207	21	14	181	126	
21	235	70	206	180	130	238	240	196	136	219	231	225	233	181	192	126	108	46	255	213	169	15	236	56	44	167	200	13	170	121	129	
53	93	79	78	180	31	79	253	84	200	255	70	83	96	187	117	126	236	22	110	249	178	125	46	248	46	101	128	253	250	240	165	
0	143	122	93	244	166	191	247	252	15	126	18	56	243	174	100	127	58	2	136	178	184	32	255	101	62	50	192	83	200	229	169	
63	106	99	168	118	151	234	80	53	200	208	231	41	206	183	176	254	169	151	231	206	151	4	255	178	77	171	136	37	151	114	197	
2	157	51	217	215	230	169	111	30	69	92	162	188	190	180	100	119	59	19	145	211	152	53	223	61	46	154	194	149	68	181	253	
34	91	115	204	86	211	191	244	205	68	252	162	41	204	183	36	110	249	147	235	192	171	52	253	55	8	130	138	119	191	101	252	
37	57	243	205	116	198	234	88	70	200	250	102	113	217	181	224	126	252	54	248	131	178	148	204	62	44	163	200	111	171	112	177	
11	158	134	159	245	180	184	103	189	71	78	151	172	170	54	204	231	43	179	149	150	152	150	231	6	119	154	195	142	68	185	222	
