Ê¥ÂÞÀ¼Ó¨ÁÁ´¿÷È´½¸à	#12 ºì·ÛÅÉ¶Ô(ÈÈÂô)	http://www.yslbeautycn.com/on/demandware.static/-/Sites-ysl-master-catalog/default/dw455b5ad1/Makeup_Pro_img/00031YSL/L3321700U_12_COLORIMG.png	//www.yslbeautycn.com/dw/image/v2/AARM_PRD/on/demandware.static/-/Sites-ysl-master-catalog/default/dw099c6d82/Makeup_Pro_img/00031YSL/L3321700U_815.jpg?sw=336&sh=444&sm=fit
187	149	102	164	7	86	215	115	65	236	222	47	106	60	22	39	252	231	213	225	252	251	245	205	251	121	235	147	39	44	116	223	
156	180	44	177	133	95	113	250	19	254	182	63	159	29	74	59	169	212	172	50	127	124	123	148	223	195	117	119	107	8	220	87	
227	155	102	222	237	212	188	229	221	94	245	167	104	252	182	119	238	255	183	195	221	27	254	245	55	58	206	203	31	62	252	223	
57	2	53	169	124	139	72	64	79	48	114	64	63	8	48	240	234	169	14	93	142	184	69	157	148	203	32	80	112	142	64	32	
171	32	199	181	73	18	104	115	177	178	246	210	233	163	129	143	74	228	250	140	45	223	199	136	6	251	213	129	175	172	106	140	
233	0	199	189	109	2	232	17	160	17	242	209	249	9	144	223	74	36	255	13	33	255	195	197	70	123	242	192	71	164	114	136	
117	91	93	190	106	204	87	50	141	204	248	237	119	119	167	113	198	241	180	70	205	138	99	45	210	251	96	154	120	251	4	121	
70	201	144	158	236	128	190	141	158	155	80	2	236	234	121	74	247	75	51	211	82	82	138	240	44	54	223	172	148	123	161	129	
241	173	67	5	29	25	198	175	23	178	166	152	227	225	200	39	89	206	108	110	122	126	223	31	169	146	197	126	99	40	208	44	
134	123	246	150	231	193	190	69	175	200	210	175	44	220	119	2	174	249	255	215	192	231	130	232	54	24	143	171	69	62	183	219	
124	133	135	166	166	40	71	239	24	192	218	207	246	97	25	7	123	198	111	111	89	250	207	101	252	38	111	84	236	126	145	56	
0	160	218	16	54	130	65	70	126	161	226	1	150	195	100	80	83	108	74	28	19	251	129	76	24	60	23	116	128	128	99	8	
132	172	22	159	5	166	38	161	246	19	195	17	224	227	40	73	65	98	42	130	34	197	91	125	137	50	215	1	16	99	32	2	
102	135	213	206	219	48	70	175	139	163	121	250	96	226	44	214	221	246	162	48	53	90	202	238	62	254	84	122	185	122	200	12	
75	209	254	241	178	128	185	183	172	89	86	182	221	151	250	98	103	23	63	157	211	217	167	197	252	41	190	196	132	128	161	121	
47	25	230	217	229	191	188	83	91	91	85	183	140	188	183	44	255	59	151	21	148	250	32	192	79	95	254	226	215	236	213	215	
34	44	96	249	102	171	250	82	93	34	120	146	169	143	53	9	255	187	23	131	162	190	68	255	6	94	154	160	183	205	81	137	
2	216	182	153	79	197	184	206	159	123	80	19	172	158	100	73	237	27	179	17	146	89	27	241	13	18	223	239	144	28	165	219	
94	226	150	242	43	204	24	204	171	61	165	169	143	207	74	27	167	149	237	144	26	79	138	241	219	243	219	255	162	5	39	83	
101	177	177	65	240	79	165	31	106	233	59	108	146	180	204	48	149	30	84	16	147	56	249	18	45	156	53	246	200	66	195	243	
109	49	185	65	240	110	181	27	106	233	63	108	222	119	200	58	151	94	116	24	147	120	249	0	77	157	37	246	202	226	199	113	
34	123	166	158	239	20	188	101	185	206	112	167	44	222	55	11	238	123	247	199	192	239	162	233	53	58	222	138	5	52	183	223	
63	68	226	233	86	179	234	88	87	192	221	130	89	205	183	100	127	169	23	189	140	183	37	222	114	79	163	196	183	175	112	196	
122	218	99	222	127	151	222	101	15	76	220	175	106	205	54	212	222	168	167	5	200	171	97	253	51	127	132	219	87	142	244	125	
58	183	114	204	127	123	150	123	9	236	252	175	106	60	134	39	254	247	199	161	156	187	244	205	59	89	200	187	103	110	118	223	
28	189	49	161	144	207	67	123	54	173	169	25	151	19	64	0	25	155	93	57	90	168	89	22	233	212	5	116	240	0	135	226	
63	4	102	200	86	178	234	120	213	192	223	131	73	239	190	100	127	169	23	189	152	179	45	223	58	110	131	196	183	174	112	196	
126	242	252	250	43	221	88	220	171	61	181	169	143	207	79	27	166	153	253	208	10	71	234	241	219	209	91	255	146	151	7	83	
21	135	45	173	170	42	175	191	124	82	154	207	215	96	153	35	59	71	106	111	241	224	79	41	252	34	111	148	109	122	163	160	
2	248	182	152	207	197	184	207	159	123	80	51	140	158	100	11	173	27	179	145	178	90	18	213	29	18	95	239	144	12	165	211	
20	93	35	37	134	203	39	246	116	224	90	234	19	181	161	164	58	236	6	73	73	185	36	44	180	66	37	131	103	253	84	107	
40	75	126	94	108	213	183	244	204	92	117	9	120	203	175	19	236	98	166	78	198	35	42	249	119	57	98	169	83	155	103	203	
125	75	195	227	164	43	79	148	39	232	90	228	211	225	217	112	86	238	52	94	137	144	237	50	236	172	165	196	190	251	16	33	
130	140	182	156	252	129	190	231	222	130	88	18	172	234	49	64	199	107	59	129	242	217	3	255	44	54	222	136	148	120	33	137	
113	92	159	252	45	192	87	103	160	74	238	0	242	243	34	114	200	116	61	202	73	143	242	43	243	255	242	11	8	50	240	42	
0	157	61	251	191	233	17	239	95	53	28	42	190	29	32	33	175	19	138	17	50	41	107	189	237	151	16	115	208	8	133	43	
90	65	226	237	246	48	254	95	63	129	122	146	73	238	244	96	126	239	55	145	152	184	165	194	182	255	158	136	167	252	241	5	
152	56	120	233	102	217	185	66	108	68	116	171	31	156	214	56	238	153	151	209	142	62	180	209	214	201	58	235	117	9	39	211	
6	60	114	216	231	181	190	67	217	74	124	59	44	255	119	41	191	59	151	7	182	63	162	242	23	92	26	170	215	77	167	215	
19	213	105	137	254	27	239	255	79	97	94	230	89	46	190	100	127	133	63	237	209	24	109	223	60	44	175	244	61	158	145	253	
60	201	102	238	220	130	78	253	197	0	254	2	99	233	60	64	120	228	63	235	200	171	11	189	114	233	165	152	119	187	240	8	
134	172	150	147	244	169	168	131	190	19	83	16	236	194	104	73	163	43	10	16	50	220	75	245	12	18	222	192	148	73	129	128	
102	16	118	211	108	148	250	80	137	73	243	163	236	94	188	107	238	177	159	199	144	179	104	224	22	120	154	130	7	143	113	215	
188	165	85	97	209	95	100	115	48	179	35	88	91	17	72	145	57	148	194	184	120	252	89	22	127	203	117	101	99	128	202	162	
252	64	29	176	137	77	17	136	166	182	161	25	215	211	75	27	129	129	105	51	104	71	219	18	217	195	93	125	144	1	7	66	
250	220	231	255	135	118	78	190	21	30	79	19	97	111	56	101	81	118	177	227	252	220	63	191	99	239	254	129	55	117	252	30	
16	179	245	197	50	42	185	24	126	61	127	226	125	119	140	100	54	29	63	168	131	240	45	221	68	174	35	132	101	130	5	97	
54	44	98	200	92	163	202	75	87	160	249	10	75	200	53	0	121	169	23	176	170	163	72	223	58	204	139	184	245	234	112	128	
130	32	118	158	108	169	250	64	237	9	115	18	236	202	60	64	254	59	95	195	130	177	10	245	20	24	138	128	20	11	1	129	
139	72	39	141	108	20	235	82	4	200	84	70	61	146	179	239	78	105	62	223	133	150	103	248	150	121	234	136	30	181	57	253	
132	200	22	155	254	137	190	204	142	16	80	2	236	202	41	73	167	105	110	82	34	101	10	245	172	50	15	110	148	27	129	129	
3	191	123	65	114	155	187	246	47	109	126	228	189	30	142	36	63	91	215	220	195	184	37	247	110	29	62	228	109	148	163	253	
63	213	117	78	159	151	223	252	87	10	221	74	91	125	188	164	93	210	151	234	235	35	57	191	51	206	165	222	127	255	240	181	
129	48	117	47	58	249	120	24	109	200	83	96	253	86	153	245	182	33	126	125	167	0	103	221	132	249	42	146	60	135	9	45	
1	0	245	85	116	154	232	7	125	161	114	82	138	8	148	237	202	39	110	25	181	252	101	204	4	62	210	64	205	136	217	172	
160	204	36	217	109	173	168	206	94	59	112	26	168	200	117	9	201	10	51	3	226	126	74	243	13	26	219	126	84	93	81	137	
122	16	114	226	102	18	250	80	41	105	247	163	13	31	52	123	238	181	151	199	144	187	168	224	150	249	154	130	135	135	99	221	
27	245	226	225	246	146	122	215	59	193	126	162	25	175	214	116	119	223	151	157	214	216	164	192	126	253	190	228	167	148	227	249	
43	135	64	15	213	55	234	127	95	105	89	198	72	104	190	164	125	138	146	173	183	186	93	223	46	30	143	198	223	206	248	148	
6	120	214	145	254	131	188	196	158	176	82	162	236	206	101	74	239	125	191	209	0	215	10	232	172	26	223	170	132	57	33	137	
21	111	90	101	18	158	126	242	236	172	122	198	7	130	183	0	38	109	76	238	196	185	20	110	242	175	39	0	105	179	35	129	
54	141	66	158	92	131	206	225	149	0	249	10	96	232	56	65	120	234	23	227	120	171	10	255	178	38	130	136	21	171	240	128	
72	163	240	41	191	179	89	31	119	237	220	53	191	187	210	84	83	143	125	153	158	24	197	211	238	93	59	253	190	196	205	11	
166	232	114	200	236	1	250	200	43	24	240	10	12	207	125	24	254	201	87	243	130	39	138	245	54	88	139	238	87	159	227	129	
72	141	21	233	93	207	97	59	143	160	142	8	182	147	96	84	224	172	123	24	42	25	217	221	253	184	131	112	50	8	0	42	
187	16	125	201	40	183	73	114	29	32	230	80	153	23	164	241	204	181	95	168	169	143	113	222	147	251	146	16	16	128	96	184	
2	233	162	155	213	193	186	199	30	69	88	131	172	204	118	0	217	123	147	209	82	154	10	255	45	22	158	235	149	28	181	218	
114	1	194	237	196	34	238	79	29	3	251	2	107	234	53	64	122	175	63	129	24	179	1	203	180	254	202	128	245	122	240	136	
58	60	179	184	219	253	16	71	155	207	64	25	62	191	99	185	197	59	151	17	39	75	178	179	219	215	90	59	146	76	7	219	
90	99	98	160	43	129	56	73	175	172	179	235	13	207	108	82	254	181	239	242	74	3	194	216	154	208	139	191	39	134	39	19	
244	16	125	101	38	75	81	89	105	172	183	40	87	93	137	59	186	148	76	106	25	183	97	8	211	233	97	149	96	171	70	99	
126	57	58	234	153	213	27	65	171	4	165	9	14	223	99	80	236	185	223	211	90	11	186	240	219	209	139	123	18	7	39	242	
33	165	121	69	244	79	231	255	113	105	124	8	19	49	156	52	26	206	22	104	209	186	120	63	111	140	36	100	103	138	194	232	
217	56	183	241	166	126	177	23	124	235	242	82	159	28	193	235	166	183	124	17	177	252	241	192	157	251	118	66	192	72	37	57	
70	88	214	152	238	131	184	196	143	184	16	34	140	222	101	74	231	125	127	209	2	87	138	240	60	24	15	238	148	59	33	137	
212	96	251	196	68	70	111	80	51	134	231	16	25	183	101	94	121	220	49	170	104	215	176	66	81	174	211	4	35	241	118	226	
75	163	225	24	249	217	105	31	63	77	116	24	44	231	146	244	50	138	223	156	178	10	103	223	127	92	17	233	178	132	228	108	
15	47	98	152	246	147	174	119	220	196	93	231	137	232	183	132	63	43	151	189	244	153	4	222	60	22	175	202	175	196	185	221	
3	75	67	141	116	145	174	244	205	72	90	231	169	200	183	228	110	107	22	207	197	184	6	253	36	56	170	136	31	191	121	157	
228	98	208	62	126	233	176	200	30	184	112	235	105	200	205	9	63	121	102	113	34	118	143	221	28	6	43	173	117	187	71	137	
194	152	190	216	161	228	185	7	169	93	118	21	172	191	38	79	231	51	187	20	50	73	178	225	71	179	90	203	130	68	165	251	
86	203	226	156	219	144	190	238	187	20	152	167	44	238	39	198	255	241	239	229	198	75	134	255	190	119	207	223	21	52	191	199	
210	12	114	248	108	168	248	82	121	2	242	146	143	143	84	81	239	149	127	129	234	39	193	195	150	248	154	202	39	196	99	1	
149	183	192	5	210	39	106	248	18	160	88	199	241	99	217	16	63	204	6	254	161	210	95	126	172	142	175	172	189	227	3	144	
187	191	98	228	119	126	127	117	41	236	62	175	111	125	150	183	182	246	213	111	197	185	180	141	243	217	229	147	103	254	94	255	
0	204	2	158	20	131	166	230	22	1	88	2	96	232	49	64	89	106	2	209	98	186	8	255	32	38	134	8	21	27	176	136	
60	201	102	238	220	131	198	253	69	0	250	2	99	233	60	64	120	234	55	227	216	187	9	189	186	233	165	64	119	187	240	136	
242	44	114	240	116	168	248	83	121	2	250	154	175	143	84	89	255	159	23	145	170	54	196	195	150	252	154	170	103	196	99	137	
26	47	234	189	219	241	184	70	143	149	92	163	44	239	102	130	175	59	235	145	22	25	2	225	94	69	154	203	247	76	45	223	
52	141	98	218	92	163	194	232	215	0	249	10	98	232	61	0	120	170	6	227	170	35	10	255	184	46	131	120	85	43	112	128	
53	88	113	69	52	127	237	123	85	234	246	110	211	124	149	45	126	140	86	41	233	242	117	158	180	222	231	148	127	248	80	181	
105	252	137	185	244	173	120	158	59	123	116	93	191	31	80	57	133	138	87	156	191	92	209	19	207	223	180	228	152	192	90	219	
179	218	59	30	66	148	255	113	116	76	112	103	48	222	182	96	252	169	22	199	205	191	52	125	179	41	34	138	121	34	162	253	
183	239	168	179	148	53	190	207	86	123	217	215	209	104	127	0	253	203	18	215	255	182	93	163	254	79	175	229	221	127	249	148	
26	239	178	190	219	148	159	239	123	95	124	3	44	239	122	148	239	219	135	197	246	123	170	251	251	223	94	171	115	84	167	207	
46	102	227	138	253	251	202	200	23	172	157	139	203	205	187	132	93	232	207	127	138	39	76	190	186	86	143	255	247	255	126	244	
58	181	146	252	241	181	59	87	59	141	124	14	44	247	98	148	254	187	151	144	179	27	176	217	187	213	139	106	154	68	171	191	
70	224	82	136	126	169	250	200	175	17	241	18	204	202	120	64	250	201	127	115	18	99	138	245	156	48	11	236	85	11	243	129	
215	91	94	172	106	2	143	80	152	136	144	231	60	10	181	139	238	245	31	239	169	199	128	232	176	184	234	152	13	177	43	153	
18	162	223	252	75	66	184	106	170	149	240	131	13	238	100	10	255	157	227	145	18	203	130	193	153	231	219	239	133	32	39	130	
131	115	104	193	106	7	169	94	44	172	150	231	153	15	211	8	110	141	127	253	192	220	229	220	94	9	187	196	47	132	33	249	
3	91	3	140	119	150	174	244	205	72	216	230	44	168	183	228	238	97	150	239	197	171	4	237	48	60	174	138	95	190	57	157	
94	10	134	190	41	96	28	170	159	31	130	179	236	238	35	75	197	247	255	135	40	79	203	241	145	243	222	155	148	125	53	75	
219	167	66	252	60	211	74	104	215	234	145	242	233	200	191	229	91	228	254	227	237	71	239	159	182	251	171	191	62	173	120	13	
134	173	6	153	252	141	168	239	158	185	80	18	236	234	124	1	255	75	51	113	114	90	138	247	45	26	223	236	148	8	211	128	
80	147	252	71	114	10	251	185	120	173	118	230	119	101	155	81	55	215	47	104	160	248	13	111	108	174	119	132	109	162	5	185	
60	77	95	110	85	207	71	112	84	140	231	8	115	113	33	49	88	248	2	106	104	178	104	44	115	235	33	0	115	187	102	162	
200	34	135	245	109	188	232	19	184	27	118	247	189	141	208	207	38	4	255	157	161	252	131	195	70	123	114	192	79	132	123	153	
25	141	106	201	246	179	235	115	86	97	94	130	25	45	178	96	127	154	23	188	147	184	37	223	110	77	170	196	183	202	241	225	
59	22	106	165	118	50	122	81	113	236	255	167	91	9	190	80	126	173	149	173	172	182	4	206	210	253	162	129	47	142	120	81	
114	197	226	237	214	2	254	223	119	1	254	130	11	175	116	96	126	207	55	217	218	186	197	226	190	252	158	200	183	252	240	133	
110	140	182	22	201	225	55	230	187	55	161	29	108	238	102	158	129	99	234	134	54	79	154	243	29	86	93	59	210	117	198	222	
90	50	216	225	98	40	56	22	41	63	54	245	141	15	194	27	167	29	239	16	6	92	129	192	222	241	114	231	238	128	15	155	
2	140	150	159	60	129	190	102	30	139	88	18	172	170	32	64	231	107	51	129	50	220	3	255	44	54	158	130	148	72	33	137	
2	60	242	248	246	181	188	67	95	75	112	51	172	252	117	41	255	59	151	17	178	250	34	250	30	30	90	170	212	204	163	223	
5	53	177	65	240	175	43	19	106	233	123	108	150	180	197	188	151	63	84	28	147	184	252	2	12	28	37	228	200	195	131	181	
114	99	66	168	42	1	10	73	169	164	177	235	15	207	104	80	254	149	207	226	72	3	128	220	176	208	139	191	45	130	39	16	
222	98	114	232	43	221	90	200	171	60	180	137	15	207	75	26	174	145	237	210	74	7	170	209	219	209	11	255	50	151	7	83	
94	226	150	240	9	196	88	200	171	61	161	137	140	207	74	26	166	213	237	208	10	71	138	241	219	241	219	255	130	7	39	83	
126	57	58	234	25	213	83	64	171	4	173	9	174	223	109	16	220	185	221	210	74	3	186	253	251	213	10	123	18	7	46	58	
130	216	176	153	109	165	184	206	158	25	80	19	172	158	100	72	231	27	179	17	194	94	130	241	13	16	90	238	16	76	161	219	
19	213	107	133	54	155	175	254	95	97	222	238	249	44	190	100	126	207	31	237	225	153	37	255	188	12	175	228	53	158	145	253	
1	130	247	81	116	152	169	7	126	25	114	80	188	8	148	237	139	42	38	28	179	252	103	193	12	62	114	64	204	128	193	173	
6	25	246	249	244	139	188	71	31	89	80	179	140	190	52	73	239	59	151	149	178	248	0	192	14	94	222	194	148	236	241	209	
137	2	21	169	109	143	97	16	237	17	115	82	207	8	176	255	226	37	110	13	160	181	67	213	148	249	82	80	90	12	65	33	
75	241	126	241	62	144	185	182	174	89	86	179	157	159	250	98	103	23	191	220	194	89	167	213	222	233	190	196	38	132	161	121	
51	160	26	201	10	4	56	72	41	17	192	2	28	147	104	80	126	157	22	248	10	147	128	209	209	176	138	102	1	8	35	128	
65	160	18	168	90	130	40	73	126	129	227	0	93	194	40	80	114	141	106	252	2	195	149	77	217	164	18	76	128	0	33	40	
102	173	240	143	252	33	254	171	11	179	152	10	236	234	92	66	219	207	127	177	146	106	203	243	60	28	207	252	149	106	211	128	
114	168	5	29	72	11	64	232	211	48	128	10	226	224	4	39	217	196	104	96	44	250	222	29	143	242	209	126	96	40	18	140	
35	174	234	152	253	179	170	202	223	205	220	199	8	232	246	132	221	107	179	149	150	58	78	247	30	31	155	239	223	77	248	213	
37	173	115	65	244	203	227	247	121	105	125	98	82	53	148	52	58	174	22	56	177	186	44	95	44	30	37	196	231	138	214	165	
251	17	114	228	111	86	220	113	17	232	214	43	110	61	182	36	254	247	183	227	220	187	161	206	243	251	203	147	39	174	116	95	
152	221	60	172	61	207	87	230	143	37	190	9	182	29	34	0	136	19	79	65	106	41	17	191	225	213	16	51	80	24	5	42	
90	249	146	250	25	221	18	196	175	13	168	9	174	223	105	210	196	179	237	80	14	11	218	241	251	241	10	123	18	19	47	26	
113	95	125	172	106	72	95	190	5	76	124	237	119	119	163	112	86	243	53	100	201	2	103	61	224	235	96	152	116	185	4	121	
200	176	244	176	175	121	117	11	223	119	37	25	143	174	70	139	131	147	239	0	54	100	250	211	207	215	85	63	146	124	141	86	
63	73	226	203	212	147	238	212	85	225	223	130	73	141	181	96	126	232	23	251	204	179	44	238	118	79	135	192	183	191	240	196	
62	73	102	200	222	147	238	86	213	192	222	3	73	203	183	100	122	233	31	255	168	179	45	254	50	239	139	192	183	191	240	196	
227	155	102	158	237	212	188	97	143	92	240	167	104	252	182	113	238	187	183	199	212	58	226	245	55	56	206	171	21	44	245	223	
3	223	99	13	246	147	238	246	93	232	90	231	104	104	182	164	126	110	22	239	245	184	37	254	46	28	175	192	47	191	249	221	
111	167	214	62	219	176	183	239	155	151	169	25	104	234	110	210	217	111	226	176	54	99	202	227	124	118	71	123	211	110	203	134	
208	0	87	253	62	235	113	35	173	1	67	50	189	19	0	81	98	60	127	0	32	156	65	223	213	170	50	83	52	136	5	171	
130	42	59	185	48	169	184	67	189	29	81	241	141	142	178	73	206	57	159	145	166	140	98	213	196	209	58	201	212	128	5	195	
230	64	114	226	100	32	250	208	137	64	243	147	205	207	61	74	254	209	159	247	168	167	12	226	150	248	138	202	7	191	113	209	
224	93	21	204	124	76	71	62	133	16	232	72	51	55	33	247	64	242	42	106	105	42	115	189	183	186	80	24	18	153	84	40	
70	10	166	188	173	140	24	130	159	157	130	133	236	238	99	75	197	247	255	213	24	73	195	225	157	243	223	219	144	45	181	82	
234	146	148	112	169	189	148	167	187	59	164	61	142	191	68	159	133	19	245	17	48	111	82	144	139	211	92	251	202	68	143	31	
81	136	6	36	92	139	224	105	127	48	98	136	231	0	16	85	32	36	104	108	40	251	21	29	148	242	83	66	96	0	83	44	
192	156	187	113	161	236	49	23	253	139	114	16	190	183	68	104	165	55	124	24	51	252	241	98	205	254	118	66	200	64	133	59	
77	122	27	252	42	221	27	18	173	200	53	108	191	215	163	180	134	49	222	74	193	33	162	216	151	249	42	186	90	161	15	113	
254	88	114	226	102	128	250	208	185	65	243	179	77	95	124	81	254	241	151	231	184	183	136	226	150	217	138	194	39	151	115	209	
0	136	148	27	169	232	18	168	254	27	195	33	230	242	232	75	193	66	46	66	2	73	75	53	141	18	119	211	144	3	5	11	
3	38	207	245	36	42	104	3	63	179	114	208	163	42	212	106	201	175	110	148	29	220	199	128	140	222	242	192	204	232	96	140	
28	189	16	225	153	143	71	115	167	169	136	24	150	19	64	20	137	178	79	24	90	169	81	30	253	212	5	116	74	0	132	34	
18	143	98	152	246	179	190	103	156	134	218	231	41	238	183	197	127	171	155	133	180	155	4	255	58	6	159	195	183	204	185	220	
11	253	122	65	114	155	251	246	127	101	126	230	57	143	190	36	62	219	151	205	195	184	37	247	126	13	62	196	103	150	227	249	
192	24	159	117	160	236	185	7	188	11	242	16	188	23	4	123	192	55	127	8	49	252	241	66	197	186	114	130	200	64	131	59	
178	181	114	236	122	39	158	107	9	232	248	171	108	188	36	3	254	183	223	225	248	235	68	205	51	88	75	186	85	108	39	219	
130	20	31	253	32	232	49	7	173	27	114	48	188	183	160	91	226	55	127	8	49	157	1	193	197	186	122	194	0	64	133	171	
252	40	156	177	137	77	85	155	176	182	160	25	151	23	65	27	129	148	105	32	104	71	211	2	209	195	117	61	32	112	6	34	
112	76	187	236	60	64	86	38	224	0	238	32	55	247	33	114	208	244	189	194	72	131	162	41	243	229	162	11	32	114	100	43	
152	139	61	251	139	205	20	175	158	20	164	27	239	87	40	65	134	51	234	64	114	13	123	63	227	243	80	91	80	8	133	42	
18	177	184	201	191	217	49	79	15	125	189	59	142	158	78	64	167	31	239	17	22	56	235	209	207	92	31	247	150	12	133	87	
53	92	121	69	60	47	207	58	84	234	254	106	211	49	149	32	95	212	94	40	169	176	101	30	244	142	37	148	253	248	80	33	
58	200	104	206	93	217	218	101	143	68	236	139	107	205	54	212	186	169	179	69	86	59	42	253	59	125	8	123	87	142	252	222	
155	88	52	223	44	149	88	84	85	122	84	34	43	153	183	109	238	120	55	206	141	190	103	184	199	249	242	162	54	157	112	239	
11	251	121	65	114	145	187	246	63	101	124	230	57	14	151	52	63	91	151	204	199	152	37	255	126	29	190	228	127	149	39	253	
54	64	114	202	108	9	238	200	173	0	240	10	238	202	61	8	122	193	95	227	130	39	10	245	180	152	138	248	85	27	113	128	
238	121	246	16	239	208	148	198	203	158	184	43	44	252	231	159	170	123	231	83	84	107	138	224	58	80	79	187	199	117	239	199	
33	209	89	79	124	95	199	189	78	105	125	108	242	112	140	36	24	8	70	106	195	32	125	29	36	156	37	54	91	26	194	181	
67	34	135	213	44	188	232	19	175	27	122	80	140	137	212	107	169	46	127	156	23	248	131	193	134	251	242	192	194	192	235	141	
26	175	106	154	251	209	190	103	141	5	221	163	44	173	230	192	111	59	143	145	86	139	6	255	122	69	174	235	39	78	189	223	
71	41	142	140	12	131	233	72	206	224	218	130	244	200	51	98	106	164	122	205	141	35	199	217	20	32	139	56	93	47	121	196	
54	76	66	206	84	163	202	102	21	128	249	10	98	232	53	0	120	232	23	243	56	187	8	254	54	140	131	144	213	59	112	128	
181	80	107	69	102	66	235	112	84	192	119	162	81	29	181	96	126	188	23	234	225	180	37	74	86	41	163	128	101	171	116	240	
61	77	91	238	52	3	78	120	93	128	249	202	123	203	181	112	254	237	22	235	201	163	12	158	242	253	163	152	127	187	112	160	
49	88	249	69	52	15	237	95	125	234	246	110	147	60	149	44	126	172	94	40	169	248	117	142	164	207	247	148	109	184	80	61	
210	187	98	206	111	212	190	97	169	76	240	167	40	254	54	51	238	247	255	231	212	43	182	201	51	120	202	139	71	38	247	223	
248	205	98	238	156	130	206	252	197	0	254	2	115	233	188	64	120	228	31	234	200	171	12	191	122	237	167	216	55	186	240	8	
52	141	70	158	92	163	198	105	149	0	249	2	96	234	57	65	120	234	6	99	88	171	10	253	178	38	131	24	21	106	112	128	
122	161	98	72	221	147	184	75	127	1	164	42	40	90	158	52	249	154	223	176	158	11	7	223	123	94	155	255	207	4	250	142	
134	105	210	147	238	129	190	197	143	176	82	2	172	202	97	72	238	109	127	211	64	215	130	248	60	16	143	170	148	59	161	137	
174	174	165	179	133	165	233	232	23	183	209	151	104	237	122	143	125	202	179	159	186	222	203	245	158	82	223	230	183	239	116	228	
47	175	226	9	213	191	234	67	95	97	122	199	136	168	246	164	253	46	178	157	151	186	85	246	46	28	131	194	223	205	248	148	
221	89	127	37	2	78	111	112	48	232	179	88	89	22	147	59	54	245	124	238	237	213	61	12	209	235	107	132	97	49	35	97	
132	201	22	152	238	137	190	205	174	18	80	2	236	202	105	72	183	105	110	114	66	37	10	255	188	50	15	44	20	58	161	137	
38	105	112	200	236	131	254	204	207	48	176	10	140	138	117	8	254	205	95	243	194	39	8	240	54	24	143	190	85	187	227	129	
116	233	58	226	56	205	91	192	170	185	161	9	215	223	73	82	236	189	125	82	74	3	218	48	217	213	175	125	128	3	7	130	
4	128	148	153	228	169	168	139	62	19	82	16	172	226	105	73	243	43	42	16	50	216	3	245	12	18	95	64	148	73	129	128	
56	31	107	109	119	158	255	114	85	200	254	103	59	61	183	96	126	252	151	239	201	186	97	174	119	253	160	130	111	173	116	243	
246	158	175	255	151	102	95	190	19	95	95	55	96	255	47	205	253	254	181	163	189	212	187	175	35	239	223	135	179	119	244	91	
30	188	171	186	27	225	155	202	158	85	136	179	44	222	102	64	235	187	187	145	54	15	186	247	217	7	155	251	149	69	37	210	
0	215	126	205	118	2	189	252	52	4	124	230	121	79	188	64	126	218	7	232	226	178	39	93	118	47	162	140	127	146	229	185	
60	201	70	238	220	131	198	252	133	0	250	2	99	201	52	64	88	234	46	99	88	171	74	189	186	201	133	92	119	187	240	136	
130	169	50	152	237	133	190	239	30	186	80	18	172	222	116	1	255	43	51	211	242	126	138	247	61	30	223	238	16	8	243	137	
106	244	116	90	73	253	180	238	235	51	164	25	108	255	76	63	137	211	243	2	98	111	250	245	31	218	84	59	83	84	198	190	
144	54	64	173	22	43	168	122	22	162	80	230	197	96	145	9	62	45	6	188	160	244	197	30	140	134	59	164	253	168	1	136	
18	226	105	73	127	219	72	15	63	37	244	138	170	7	148	180	122	136	223	156	154	158	101	223	63	93	18	243	215	132	207	236	
102	169	150	30	56	200	2	136	235	25	129	105	230	210	96	86	128	106	104	82	30	75	202	113	136	176	3	123	80	3	35	6	
206	160	180	177	171	125	221	15	187	63	53	25	141	175	78	155	135	23	237	17	22	76	226	208	207	211	93	255	194	68	143	71	
110	186	178	26	217	249	146	194	139	93	188	13	46	236	111	222	137	235	239	17	22	107	154	241	27	119	95	123	211	95	207	86	
61	79	91	236	116	3	78	112	93	128	248	202	123	139	181	112	250	237	22	235	233	179	96	190	242	253	161	144	127	187	112	161	
54	73	98	218	212	147	238	212	213	192	222	2	105	201	181	96	120	234	23	219	200	187	44	238	50	109	134	128	55	191	112	204	
2	204	150	159	116	128	190	230	158	11	82	18	236	226	32	64	231	107	51	193	50	216	75	255	44	54	158	138	20	25	161	137	
3	182	221	185	186	168	57	19	174	93	91	245	189	6	194	218	167	51	255	149	151	8	243	81	140	149	58	194	140	192	131	209	
74	176	180	177	203	253	48	15	171	119	44	29	142	191	70	158	131	147	255	17	22	104	250	209	207	215	93	127	242	76	143	94	
122	17	114	236	126	19	218	121	17	104	254	171	111	189	182	100	254	189	183	229	152	187	101	205	114	253	160	202	119	142	112	223	
254	94	190	189	43	118	81	18	161	222	183	55	31	95	131	123	206	245	253	102	237	199	240	136	211	243	107	147	42	61	44	115	
232	72	155	253	106	200	84	7	154	138	112	113	54	215	161	219	194	124	173	0	96	197	194	10	198	179	112	155	18	120	76	171	
227	155	102	159	239	212	188	97	141	92	209	167	44	252	54	97	238	187	183	197	212	58	242	253	55	56	202	234	21	46	245	223	
118	172	192	143	220	1	202	235	11	179	184	10	232	106	92	18	91	207	127	177	26	107	203	223	188	156	143	252	149	42	83	128	
208	0	30	8	74	139	96	74	237	48	226	24	102	128	36	93	224	132	106	56	42	247	23	93	149	176	66	66	96	0	99	132	
144	96	22	168	9	135	64	72	231	24	224	16	134	195	32	84	248	141	74	232	10	135	146	84	145	240	3	127	16	0	35	134	
80	137	25	250	140	205	81	175	22	49	236	10	247	119	40	96	148	147	43	80	26	40	91	53	201	135	80	121	16	10	133	42	
107	129	64	202	93	181	72	141	95	105	237	2	72	194	188	252	217	138	154	28	151	42	124	213	31	94	146	127	154	142	248	44	
43	173	99	81	247	251	162	67	95	201	122	98	40	248	180	164	122	42	18	93	183	184	100	254	44	28	6	194	207	140	219	173	
74	136	118	241	44	128	120	150	175	17	214	130	173	143	120	70	102	159	191	216	130	88	131	213	206	249	186	198	38	132	33	25	
1	0	159	221	164	174	161	7	126	27	114	80	180	178	132	122	195	47	46	28	147	248	195	97	196	62	114	64	200	64	129	169	
2	200	246	249	180	139	248	103	159	17	82	146	141	142	52	72	239	59	55	145	146	248	3	196	142	218	222	194	148	140	177	137	
220	23	215	45	178	10	62	19	52	73	91	245	207	38	129	194	118	119	236	37	189	156	69	10	164	231	106	130	172	225	169	17	
252	54	190	244	41	126	81	88	161	255	183	61	223	63	75	187	237	213	253	51	169	199	179	128	219	211	119	134	202	101	46	115	
58	229	226	233	214	130	238	254	87	33	254	2	11	169	52	80	123	207	23	153	218	186	197	231	190	237	158	196	183	154	240	136	
9	138	179	91	116	184	169	22	126	93	118	16	189	130	182	108	3	42	34	28	146	188	34	247	76	63	50	64	198	128	69	237	
242	33	67	168	27	67	78	105	161	132	177	143	11	206	45	208	126	177	206	226	77	7	148	222	176	208	139	191	57	34	38	20	
10	157	151	240	147	228	49	71	173	21	106	17	172	183	32	214	163	51	235	16	18	137	18	231	233	247	30	75	130	68	165	171	
138	156	55	187	147	224	185	231	188	67	74	179	188	190	32	224	227	59	187	129	51	141	38	247	165	38	154	195	180	68	165	254	
19	205	107	165	54	155	239	246	125	96	94	198	125	12	182	100	126	207	23	237	233	152	37	255	180	236	170	132	53	159	49	253	
2	188	176	155	239	165	188	199	30	11	88	51	172	158	100	72	237	59	179	145	130	26	210	243	21	20	154	234	144	76	161	219	
9	46	195	1	242	188	234	82	123	233	120	236	189	160	213	188	55	110	22	29	135	184	132	106	12	28	52	160	239	213	75	157	
185	215	74	237	118	130	238	252	20	96	118	231	121	15	186	64	126	205	23	236	225	156	5	223	118	239	186	132	63	144	104	217	
65	33	46	141	29	217	227	72	198	228	223	10	178	200	51	226	72	160	122	201	140	35	231	216	213	48	139	57	85	46	93	206	
56	249	122	106	121	221	83	240	97	12	252	8	63	223	43	48	216	187	197	82	74	43	120	61	243	221	32	57	114	131	110	170	
66	88	166	188	45	140	56	198	175	149	130	13	172	142	99	74	224	101	251	85	6	77	146	224	157	114	223	91	144	61	53	90	
222	234	150	224	41	196	90	194	171	188	160	9	140	207	67	18	236	245	237	210	74	71	146	241	155	241	139	127	2	21	39	82	
51	205	103	190	28	145	206	244	196	64	216	198	49	200	176	225	110	226	23	207	237	171	38	189	48	40	170	136	61	158	120	92	
186	155	98	196	119	222	250	113	233	76	247	175	106	221	182	37	190	181	215	231	220	187	36	205	51	121	138	195	103	174	119	215	
60	6	110	101	86	114	235	80	36	132	127	130	89	15	179	104	126	188	151	186	136	176	37	140	87	239	162	133	103	235	116	240	
92	121	152	238	57	141	87	208	47	172	184	9	191	211	65	80	208	253	109	66	74	3	218	160	241	241	47	57	0	59	135	3	
166	122	242	150	106	145	188	193	155	190	21	255	12	206	231	143	175	249	231	211	198	71	142	192	28	16	223	171	79	124	47	213	
2	185	178	155	207	237	176	71	158	83	88	3	172	158	102	8	205	59	179	145	18	28	210	243	5	20	218	235	20	76	149	219	
134	105	114	128	238	131	254	101	143	160	176	10	172	138	117	3	238	245	95	227	192	51	8	248	52	24	143	170	85	58	163	137	
111	168	134	158	219	49	16	202	155	151	168	11	108	234	103	158	153	231	234	16	22	67	142	208	24	54	221	127	146	108	42	6	
189	66	107	79	70	34	235	80	84	198	119	134	81	77	187	104	126	172	23	238	200	182	37	138	71	41	226	128	103	187	116	240	
173	221	54	218	237	157	191	244	205	91	181	58	249	253	188	167	77	210	223	107	243	35	106	247	119	251	230	170	119	255	209	181	
67	163	131	177	245	137	104	7	127	41	114	209	174	139	84	204	160	175	110	149	147	248	199	225	12	92	146	224	202	140	192	12	
27	205	106	193	118	147	251	254	126	65	254	130	57	15	190	32	126	203	23	205	195	187	37	255	126	13	190	196	103	150	97	249	
59	95	115	238	117	158	223	114	21	136	254	103	59	189	53	112	238	249	151	199	201	187	32	238	243	253	160	130	127	191	112	187	
200	130	22	253	32	184	56	55	188	31	86	244	173	163	160	221	134	55	238	0	50	220	131	199	196	243	122	129	10	192	141	153	
37	249	113	73	190	91	135	185	79	104	60	108	210	120	150	36	30	72	86	110	215	56	125	29	44	28	37	246	95	190	211	245	
18	245	113	195	159	217	51	237	31	117	189	187	142	158	110	16	183	155	223	49	86	57	248	214	255	212	31	127	55	14	133	87	
75	188	22	250	147	244	50	242	191	25	108	16	188	246	36	244	165	59	250	16	55	11	26	247	187	247	26	75	138	4	171	31	
60	105	115	234	125	207	67	248	97	172	189	72	15	211	105	180	90	248	199	250	74	35	72	188	179	216	5	60	115	159	102	161	
54	77	70	172	28	131	206	102	149	0	248	2	99	232	53	64	120	232	55	227	8	171	10	255	176	238	139	152	53	59	112	128	
207	50	156	242	173	189	88	24	185	218	181	253	207	207	219	155	135	229	253	54	188	69	203	202	210	219	123	187	142	245	11	23	
11	249	104	201	114	147	251	246	63	97	124	166	57	15	151	32	126	155	151	204	195	152	101	255	118	13	186	160	119	132	99	253	
246	72	98	248	124	0	238	216	153	2	240	26	75	203	61	89	126	193	23	243	232	167	72	234	178	248	143	140	55	185	114	128	
41	15	5	101	180	46	101	55	117	170	106	64	247	33	145	229	19	110	100	44	249	248	65	14	236	254	101	0	234	232	210	41	
110	232	132	218	141	241	216	200	159	183	133	155	200	236	126	142	201	211	251	211	14	71	219	243	155	87	223	127	151	13	60	158	
162	153	102	218	253	249	184	97	223	84	117	163	232	252	54	37	238	187	179	209	150	58	62	253	31	26	66	203	87	14	245	254	
184	205	106	238	148	146	207	248	85	2	254	18	115	233	188	97	120	234	31	234	232	175	44	191	242	235	167	216	55	187	112	40	
106	248	148	18	169	189	148	135	171	27	164	189	174	190	70	158	133	83	253	17	22	79	218	241	155	83	94	251	218	84	143	95	
143	92	246	223	45	157	126	212	221	90	87	2	234	221	191	111	206	251	191	202	238	244	106	233	7	120	210	130	54	223	112	207	
2	56	178	216	244	165	188	71	31	11	112	50	172	190	100	8	255	59	151	145	178	122	2	243	12	30	154	170	148	76	163	155	
184	4	110	253	85	118	249	107	85	7	230	18	89	249	52	105	120	188	179	168	56	183	53	142	83	239	210	1	247	172	124	162	
26	142	160	184	155	225	153	206	150	21	216	163	173	239	114	64	207	59	175	149	30	11	78	255	248	84	155	251	181	76	53	219	
120	158	220	173	54	34	1	59	84	161	218	246	83	34	128	208	118	196	44	44	185	152	69	30	172	167	161	148	189	232	40	17	
126	57	170	252	201	116	223	66	163	198	173	13	171	239	87	158	204	255	249	211	12	67	242	226	211	253	143	59	131	119	46	86	
139	72	71	158	5	150	238	164	220	200	210	199	169	136	181	229	236	96	62	207	205	189	54	237	32	120	138	128	31	63	121	92	
72	189	59	248	181	221	54	119	253	75	44	24	190	183	32	244	161	51	220	8	113	41	48	255	235	255	22	122	154	64	143	59	
175	207	99	141	116	151	239	244	85	192	90	198	121	72	181	229	126	236	18	239	229	176	53	238	36	110	175	128	63	191	112	252	
134	105	18	147	238	129	190	69	142	128	82	2	172	202	113	65	238	105	51	211	64	215	130	232	52	16	143	170	20	26	161	137	
2	161	18	140	238	137	190	109	143	162	216	10	236	202	113	64	126	171	110	227	66	43	10	219	180	20	15	172	20	122	33	136	
120	249	58	174	189	205	86	244	139	44	184	9	63	191	99	80	232	247	93	67	72	43	216	187	251	245	44	187	112	27	38	11	
2	205	146	159	252	128	190	228	158	9	90	2	236	226	33	64	247	107	59	194	114	216	74	255	44	54	158	202	20	91	161	137	
38	45	114	234	252	165	218	200	143	128	248	43	108	255	109	48	223	219	23	114	134	35	10	253	58	220	3	190	215	251	99	135	
231	51	226	20	75	16	172	105	185	206	241	255	72	204	254	159	254	237	231	231	213	247	134	192	22	48	203	171	79	36	250	213	
161	229	113	75	244	221	235	253	93	105	120	66	176	17	188	164	90	10	18	126	243	186	124	247	45	28	4	108	95	138	208	236	
218	120	18	160	41	237	184	67	175	52	170	9	140	158	103	90	166	53	239	145	2	15	146	210	147	213	139	63	0	68	39	210	
66	88	182	156	111	200	176	70	175	221	194	35	172	154	99	74	226	125	251	81	6	205	130	224	156	50	94	203	140	12	45	79	
96	55	41	142	60	221	131	104	206	236	157	47	230	220	250	164	216	160	206	99	207	35	250	159	241	20	171	59	92	15	30	127	
56	237	98	233	86	146	234	254	101	1	254	2	25	11	180	96	126	142	23	232	202	187	37	255	126	205	166	196	103	146	112	136	
189	127	90	110	116	219	86	248	81	168	252	106	51	89	161	176	88	248	134	106	237	178	104	62	114	205	37	57	115	187	106	171	
9	158	31	117	52	142	105	55	252	9	126	80	191	51	128	112	134	54	94	8	177	184	81	111	231	255	50	128	72	128	195	41	
33	223	115	69	246	139	239	117	125	12	126	230	112	101	180	52	62	56	6	110	241	184	36	111	108	28	36	192	111	162	230	181	
32	233	121	107	116	207	103	245	112	13	124	40	51	21	160	48	88	154	6	104	203	186	104	63	103	141	36	96	113	154	198	171	
185	196	75	237	86	130	110	244	52	98	118	199	113	47	185	224	126	236	23	236	237	148	37	255	118	239	162	128	63	152	112	249	
64	218	220	213	98	10	53	183	62	63	54	100	180	51	128	91	39	86	110	136	66	88	11	113	100	167	119	133	170	208	143	187	
9	28	63	254	49	236	57	118	252	73	94	80	190	223	32	104	164	51	31	24	179	189	50	239	195	255	58	66	136	1	37	59	
27	156	18	248	19	244	48	123	191	17	109	18	44	251	38	228	247	59	146	144	54	139	50	223	91	255	26	75	186	4	45	151	
19	205	106	196	22	147	235	246	117	96	222	130	123	141	191	100	126	204	23	237	233	191	37	255	242	237	170	128	53	154	113	232	
162	217	114	212	110	128	190	97	153	136	243	186	44	222	52	3	238	241	215	227	224	175	132	207	54	24	202	138	5	44	115	155	
2	168	146	153	244	161	184	71	30	11	112	16	172	174	36	8	207	59	19	145	50	220	0	247	12	30	26	234	148	72	163	137	
27	140	106	201	22	147	251	254	116	64	254	130	57	15	182	32	126	139	23	237	202	186	37	223	242	13	170	132	119	142	113	249	
217	223	234	6	50	126	63	180	56	206	158	229	255	38	155	246	55	214	252	110	237	69	189	111	242	111	118	149	78	247	15	125	
58	237	98	233	86	138	234	247	103	33	254	2	41	9	180	64	127	139	23	153	202	186	69	215	62	205	158	192	39	142	112	136	
2	216	54	185	36	131	184	71	159	17	82	178	172	158	52	73	231	59	191	17	130	249	3	213	140	218	218	194	20	12	161	9	
253	212	60	236	236	95	95	185	19	126	181	93	219	127	26	115	221	213	253	46	249	102	249	151	247	251	229	252	82	234	198	115	
2	88	118	255	44	132	56	22	175	25	82	34	172	159	101	75	230	51	191	129	130	221	3	241	134	248	218	130	22	132	33	27	
70	54	247	149	171	122	185	19	189	255	211	247	204	190	239	239	231	21	255	49	177	213	160	194	142	118	126	199	142	101	37	119	
237	159	109	225	172	111	95	186	21	254	182	92	211	61	146	123	221	212	125	110	249	116	121	62	207	219	225	244	58	233	212	115	
236	223	69	110	205	127	199	190	81	254	188	30	75	105	31	135	89	198	228	106	125	102	253	175	43	251	229	125	255	253	222	244	
50	21	83	172	19	71	78	105	49	206	241	207	75	14	38	21	252	189	134	162	109	147	16	140	177	192	130	151	121	34	46	86	
104	116	185	238	77	116	93	156	19	206	252	13	123	127	91	58	221	223	245	160	141	98	250	139	243	253	244	57	251	246	102	251	
91	188	18	218	219	180	48	230	255	25	108	4	44	242	38	244	165	59	250	16	22	11	50	255	187	255	26	75	154	4	43	31	
96	164	192	133	92	139	234	105	11	177	185	10	238	106	64	2	123	237	95	176	10	122	201	221	188	22	143	116	149	42	83	128	
221	223	24	159	162	242	31	188	62	110	158	229	252	102	139	197	55	71	172	238	227	133	169	255	224	231	111	150	14	247	45	121	
59	95	123	238	116	135	95	124	29	8	252	102	123	29	189	48	254	187	23	239	201	186	97	191	243	253	176	138	119	154	112	171	
120	0	166	252	13	246	240	71	213	7	230	18	73	249	52	236	248	188	171	136	8	167	19	134	83	239	210	65	243	12	124	162	
155	223	110	190	143	134	158	247	149	78	222	231	105	234	55	69	126	227	191	231	236	143	23	239	242	110	206	130	63	246	184	95	
179	205	79	158	28	129	206	246	132	64	218	199	49	200	179	225	104	226	63	207	205	139	6	189	176	40	170	136	61	188	120	92	
218	157	150	222	147	240	52	231	173	17	78	21	44	247	36	214	167	51	235	144	83	201	18	229	187	242	94	75	10	68	173	30	
59	207	103	141	21	150	238	254	85	200	90	198	105	104	181	229	120	236	22	239	237	184	37	239	38	110	239	128	63	255	120	204	
58	68	114	204	126	147	250	121	89	0	252	130	105	207	180	112	126	173	23	168	200	179	36	223	114	253	130	234	119	142	112	141	
11	145	53	185	178	188	57	23	174	85	94	181	157	134	194	237	167	59	191	157	151	216	167	213	206	123	58	192	150	132	141	253	
163	153	98	219	111	133	186	97	141	72	241	163	172	252	54	97	238	187	183	199	214	59	218	253	29	56	202	234	21	15	113	215	
90	177	184	241	249	253	112	159	171	125	60	61	143	191	78	154	167	155	245	17	22	104	210	145	223	213	61	255	218	76	207	219	
189	79	95	236	52	138	79	112	85	232	246	202	123	9	177	113	254	237	23	239	233	191	97	174	242	251	160	144	127	187	96	161	
74	162	180	178	171	249	156	143	171	63	60	185	140	190	78	158	135	91	253	17	22	73	234	241	142	215	126	255	194	84	143	79	
62	245	59	224	213	223	94	193	191	225	173	31	15	223	110	16	189	185	215	51	91	179	56	214	251	213	5	127	203	15	166	246	
82	54	254	149	226	112	189	95	63	255	23	247	140	46	238	79	167	23	175	149	180	221	167	194	30	54	126	199	135	68	165	215	
41	219	123	69	114	223	191	117	111	228	126	172	27	157	150	52	54	60	214	104	197	184	52	93	127	13	37	37	119	186	207	253	
130	105	18	156	110	129	188	101	156	128	80	2	172	202	112	65	110	59	59	195	66	223	130	233	52	16	142	136	20	24	161	137	
190	205	98	254	20	131	238	240	213	128	218	2	105	201	181	96	120	235	23	195	232	187	12	239	178	237	175	128	55	190	112	140	
73	0	213	85	87	170	97	23	119	35	110	80	175	33	144	236	35	38	106	12	49	248	69	79	4	190	80	64	234	204	201	168	
31	72	35	158	37	210	234	64	220	202	90	198	249	216	181	228	242	104	62	207	197	133	36	236	16	126	170	136	31	63	113	124	
169	22	98	105	116	63	219	83	85	110	247	181	155	13	182	100	94	152	151	190	190	190	101	130	70	221	176	196	119	140	244	241	
9	8	213	121	114	170	33	3	124	11	114	112	189	35	128	252	99	47	46	8	49	248	69	71	68	175	114	192	194	192	129	161	
49	66	99	174	53	75	66	104	85	76	241	111	99	201	59	144	216	168	5	99	141	183	72	159	144	245	129	59	127	191	118	66	
48	161	66	156	92	129	110	105	31	128	249	10	110	234	104	80	122	169	6	224	88	43	10	223	184	132	139	40	53	42	97	136	
91	157	151	158	147	188	52	39	173	91	78	21	172	182	38	223	167	51	187	4	23	201	50	231	179	54	90	66	138	68	169	95	
105	192	248	77	69	94	109	55	113	103	127	16	219	33	158	124	81	140	52	12	216	180	245	131	71	255	242	69	98	236	212	96	
2	188	144	153	244	165	186	199	30	11	88	48	172	186	96	72	199	59	19	17	50	28	130	243	13	20	26	234	144	72	161	139	
10	143	38	185	189	161	185	71	159	173	216	167	172	239	50	68	205	43	175	149	26	155	70	255	236	86	159	251	150	76	53	203	
24	124	190	117	51	250	177	70	252	198	102	32	60	159	35	59	162	123	192	17	37	253	48	104	195	231	30	3	194	80	47	219	
52	77	70	174	156	131	198	228	133	128	248	2	99	234	33	64	120	232	46	98	72	171	10	191	176	230	134	24	53	59	240	8	
120	255	16	174	181	141	87	247	171	9	184	77	191	255	0	80	212	251	77	65	74	10	208	191	249	245	36	250	10	26	131	27	
10	143	34	157	247	135	189	103	159	5	94	135	44	168	50	196	238	43	187	5	150	152	22	255	124	54	154	195	22	12	189	222	
51	17	75	172	1	71	95	121	33	232	241	239	91	22	34	245	252	189	148	166	205	131	112	140	177	244	170	178	121	46	46	119	
203	137	114	217	179	144	56	167	191	81	70	177	173	159	246	108	167	59	189	157	150	13	167	247	203	125	154	203	22	132	169	125	
2	57	18	129	235	233	188	71	175	188	122	33	172	158	103	82	226	59	235	16	18	27	146	208	181	16	10	171	128	86	167	219	
58	164	98	227	84	139	234	117	103	33	251	2	43	9	188	64	122	139	23	129	138	186	69	223	62	205	154	196	55	138	112	136	
111	219	244	95	252	95	149	189	83	255	53	238	72	124	158	175	207	246	182	118	245	114	255	253	46	123	245	254	223	255	220	213	
95	31	246	204	187	82	63	185	233	238	158	167	109	254	175	246	118	245	253	230	229	1	173	207	242	127	175	151	46	247	45	117	
1	223	118	79	118	131	239	244	108	68	126	230	113	99	180	36	126	108	6	238	193	184	37	127	116	46	38	128	111	186	97	185	
11	246	238	147	226	48	189	215	63	127	94	247	140	46	222	202	103	79	191	149	151	216	175	226	94	55	254	198	175	212	173	221	
167	217	98	218	253	133	190	228	141	88	81	51	172	220	62	97	238	59	151	215	246	63	10	253	55	56	138	234	21	31	177	223	
170	36	96	105	116	187	122	86	93	98	127	155	139	141	180	52	94	184	23	62	184	180	100	154	102	221	176	208	119	205	82	209	
66	179	249	145	178	249	185	159	47	253	154	247	140	190	198	110	167	87	255	17	151	73	163	243	156	22	62	247	132	68	133	127	
170	152	231	83	21	255	241	22	125	109	118	181	170	29	150	237	204	190	255	16	187	252	113	231	79	127	144	195	230	140	212	127	
10	182	255	145	226	122	189	87	174	255	94	247	156	174	206	78	39	31	255	149	147	217	165	194	94	55	126	198	142	212	165	253	
45	119	248	237	252	62	95	223	3	219	253	72	219	127	219	58	93	218	215	46	139	98	251	129	103	221	229	188	218	250	198	243	
51	77	103	190	28	147	206	246	196	64	218	198	49	232	177	224	104	226	23	207	237	171	38	191	48	46	170	136	61	159	120	92	
51	205	79	188	28	129	206	246	196	64	218	199	49	232	179	225	104	226	31	207	237	139	6	191	176	46	170	136	61	189	120	92	
2	123	150	157	67	240	184	71	190	149	66	163	172	142	35	200	230	63	171	145	6	217	134	225	28	50	90	195	132	4	173	143	
45	55	249	234	252	53	95	220	71	200	252	72	123	93	217	56	220	218	215	248	154	170	122	168	123	221	37	248	243	219	226	251	
73	157	23	254	49	236	114	115	173	9	110	64	190	243	32	112	164	51	126	8	17	169	18	109	227	255	18	74	74	2	33	59	
32	183	121	65	240	139	99	253	114	45	124	40	19	3	200	52	126	152	6	120	210	186	96	30	111	141	37	100	115	138	198	161	
60	232	240	122	207	157	222	200	83	35	164	10	107	217	125	184	121	218	147	202	78	38	94	243	127	207	149	61	119	121	90	130	
153	12	111	253	86	34	233	114	52	66	118	214	121	47	177	105	127	175	23	172	173	220	37	207	118	239	242	128	47	232	112	249	
153	132	106	236	86	147	107	126	117	66	222	146	123	143	179	96	126	140	23	169	233	191	37	223	242	239	178	128	55	136	112	232	
130	105	82	158	110	129	190	101	188	2	81	146	172	142	48	1	110	57	23	195	96	159	2	239	52	48	202	136	21	40	33	137	
6	240	38	154	207	213	190	204	143	93	209	167	236	220	127	11	255	121	191	211	198	101	58	241	179	80	207	175	21	31	181	215	
184	197	98	233	84	131	234	126	101	1	254	2	59	139	180	64	122	140	31	168	200	187	65	159	242	237	162	196	119	138	112	136	
11	54	115	71	118	255	235	115	117	233	123	238	59	60	150	164	62	171	22	173	181	186	53	223	14	92	48	192	111	142	65	253	
155	156	54	216	19	245	48	90	255	93	100	23	44	154	38	204	229	59	147	16	182	141	50	247	91	255	18	75	146	5	45	207	
155	196	106	207	86	179	235	118	117	99	254	146	57	15	190	96	127	154	23	173	170	190	37	223	246	205	186	128	119	130	112	232	
61	217	123	192	214	223	255	245	70	232	254	110	27	221	246	32	127	216	151	234	209	186	60	245	127	205	165	229	119	186	244	243	
221	30	218	44	51	82	19	59	57	206	254	236	94	118	131	212	55	229	140	172	189	193	49	206	250	231	47	151	170	228	15	81	
59	207	103	141	52	82	238	246	85	202	218	198	99	108	181	228	120	228	190	239	205	185	101	175	50	110	174	128	63	254	120	92	
39	189	64	9	213	183	234	75	95	225	249	71	8	8	246	164	248	136	146	189	159	178	93	220	62	92	143	70	223	111	248	148	
90	128	134	249	149	246	208	67	229	29	234	19	10	185	52	204	233	150	171	144	30	249	3	128	155	246	210	67	163	76	124	14	
130	120	114	250	106	189	58	84	239	9	121	49	172	222	229	120	166	59	255	211	130	13	162	226	150	252	26	234	150	151	163	31	
218	203	214	158	227	208	60	231	191	94	214	179	44	246	166	215	102	251	175	192	102	207	162	253	58	115	254	203	3	4	173	223	
63	95	103	142	108	82	206	252	196	74	216	226	113	124	181	228	92	225	182	239	205	179	108	191	48	110	238	138	61	127	112	221	
59	211	123	239	117	15	95	252	29	9	253	102	123	93	60	96	254	217	23	99	203	178	105	189	247	253	162	134	119	155	224	171	
223	95	230	71	171	116	255	176	233	206	159	167	109	255	223	118	166	247	253	231	197	65	191	235	115	121	111	143	111	247	111	87	
57	79	95	238	52	14	79	112	69	200	255	98	123	9	177	112	254	229	22	111	201	187	97	172	242	255	160	144	111	187	96	169	
109	156	189	117	237	239	83	178	91	254	62	13	26	61	66	122	133	244	117	12	153	252	241	146	207	255	113	244	218	105	84	115	
218	207	102	158	255	148	95	247	149	14	222	215	104	239	182	197	127	235	191	143	248	143	6	255	50	126	222	138	55	244	180	93	
233	24	120	93	108	31	217	48	81	230	116	184	219	61	215	188	94	252	183	78	216	190	247	154	71	255	81	184	103	173	86	240	
110	127	102	12	123	176	154	104	137	204	248	239	104	204	183	150	238	241	199	231	140	35	134	204	50	112	139	155	95	191	126	215	
56	241	120	243	243	221	80	223	59	125	124	61	191	159	202	16	183	155	149	17	30	120	202	179	255	221	60	239	254	12	143	219	
10	190	50	88	121	189	240	71	255	93	124	21	44	219	38	212	165	59	199	20	182	47	50	247	27	126	18	107	210	4	239	207	
61	122	99	174	116	75	86	248	85	108	241	239	119	221	187	144	222	232	151	103	205	182	72	189	242	193	33	188	127	191	86	209	
18	143	46	186	26	225	155	235	134	21	217	163	109	239	42	64	111	187	143	131	26	11	14	253	248	101	170	235	181	7	165	219	
26	151	94	148	226	179	188	119	173	63	63	247	76	238	166	135	39	55	239	167	244	153	12	197	54	87	127	199	39	230	175	85	
237	26	51	80	229	220	97	48	253	206	119	124	218	151	247	253	96	164	166	90	145	188	50	230	95	251	240	192	74	173	84	117	
41	255	120	108	118	155	86	252	68	236	252	110	115	73	179	49	94	232	134	106	236	186	108	61	118	201	37	177	127	187	74	155	
45	189	185	109	253	191	95	83	11	233	124	72	158	191	80	50	205	124	87	12	144	56	240	18	111	253	37	180	218	232	194	243	
43	242	105	9	116	151	234	90	87	105	212	246	153	28	150	164	94	136	22	189	175	190	101	223	14	79	177	196	111	141	122	213	
37	39	249	73	252	47	223	221	70	233	253	104	211	109	221	48	94	154	23	62	155	34	109	30	110	157	165	252	253	250	210	161	
61	91	73	111	126	7	94	216	4	72	253	231	115	93	171	176	94	232	23	110	205	178	125	61	118	237	161	144	127	187	80	209	
17	223	107	79	118	131	239	244	100	64	126	230	113	97	183	36	126	228	22	238	193	177	37	109	114	44	34	128	111	187	97	249	
2	255	82	166	123	193	186	228	141	5	152	163	44	158	102	2	174	115	219	193	70	11	138	253	62	20	142	171	21	31	45	219	
183	145	110	129	245	159	248	97	93	241	219	87	72	40	182	161	250	137	22	53	181	186	21	220	62	89	143	199	221	14	249	150	
219	150	118	4	115	114	25	115	57	238	246	189	78	62	134	245	183	181	221	164	189	207	165	206	218	127	107	151	46	228	47	87	
102	169	181	90	253	213	215	227	203	217	180	40	2	248	116	174	201	114	242	83	86	107	234	245	63	30	213	123	211	15	246	230	
179	77	71	190	28	146	206	246	212	64	218	198	49	232	179	224	104	226	31	207	237	139	38	191	176	46	170	136	61	191	120	92	
2	91	134	155	193	148	188	71	174	21	74	135	172	206	34	200	228	59	171	149	214	216	146	225	5	48	222	75	128	84	173	222	
2	125	22	128	251	201	180	71	175	29	90	161	172	158	98	64	162	59	235	16	82	153	130	208	181	16	14	203	0	22	165	203	
160	247	123	65	242	139	239	247	117	173	124	230	17	5	132	52	62	152	6	120	242	184	32	94	110	140	37	228	103	136	198	185	
130	141	102	220	251	240	188	231	157	95	94	179	40	174	174	197	239	147	163	129	118	27	6	247	62	118	218	203	151	68	172	158	
152	196	106	239	22	179	234	119	117	3	255	18	123	11	188	97	123	142	23	168	170	191	45	223	242	239	178	128	119	200	240	136	
218	153	23	254	139	192	23	97	173	0	193	50	124	247	40	247	98	179	171	194	115	139	58	253	177	226	74	75	50	34	165	51	
111	155	237	79	110	21	187	184	203	253	61	239	248	60	215	174	15	85	247	95	213	122	239	241	14	91	109	238	223	175	89	245	
138	158	54	24	219	244	176	75	255	95	108	17	44	190	38	77	165	51	171	21	182	45	50	247	91	127	18	75	210	5	45	87	
218	31	102	204	235	86	188	123	169	236	158	167	72	238	183	119	230	245	191	231	196	67	183	202	51	121	207	143	7	228	45	95	
166	221	50	218	236	133	190	236	159	24	80	50	236	222	61	65	222	123	23	195	226	47	10	247	52	56	142	234	21	29	241	203	
98	123	102	140	95	149	190	76	137	68	248	207	44	204	55	150	238	161	211	229	196	35	150	221	50	48	138	171	95	190	63	220	
247	250	96	138	62	145	154	184	75	236	144	237	42	12	215	244	222	237	221	87	207	15	237	255	186	92	173	254	30	143	94	93	
51	222	66	159	116	210	206	255	85	74	90	231	96	236	182	228	93	238	183	173	237	190	69	255	54	62	190	131	63	222	248	29	
122	157	251	228	115	250	50	98	171	109	127	43	14	191	166	82	162	255	229	1	20	187	168	192	219	245	35	163	230	110	135	211	
3	223	66	143	102	144	238	252	93	72	88	231	112	248	183	228	122	234	23	207	199	178	14	255	52	44	170	136	63	255	248	141	
61	19	123	174	96	71	95	121	1	200	253	239	91	95	171	52	222	169	22	238	221	179	112	140	178	233	160	130	127	175	98	245	
184	228	98	227	84	163	234	253	85	35	255	18	75	73	60	64	123	139	23	171	186	183	77	223	62	205	170	196	55	139	240	128	
61	91	73	111	102	139	94	248	4	104	124	239	115	93	179	144	94	232	23	110	205	178	108	61	102	205	33	176	127	187	90	217	
223	63	242	196	235	80	190	123	169	206	158	167	108	254	247	119	182	245	253	231	228	67	190	202	115	121	207	175	103	246	103	87	
30	143	45	186	186	225	155	234	150	29	217	163	237	207	34	65	79	187	143	211	58	11	78	253	248	35	170	249	181	143	52	242	
235	89	103	92	100	221	237	21	77	192	118	174	184	156	183	255	78	160	50	93	133	186	118	236	54	56	194	10	79	157	88	252	
248	104	116	85	79	221	120	6	117	160	102	26	59	25	20	189	42	180	243	200	40	120	87	189	87	235	80	33	103	156	86	170	
74	185	246	158	235	208	180	231	175	85	76	163	44	254	166	246	163	123	251	129	86	75	182	245	26	114	94	203	23	4	175	223	
18	147	202	133	226	18	188	117	173	103	95	231	77	174	254	194	54	167	255	133	212	145	140	193	54	37	238	135	47	246	169	221	
134	89	246	158	110	128	190	228	189	18	208	163	236	254	53	75	238	251	183	199	224	215	138	233	20	58	222	138	5	125	161	145	
146	94	206	156	146	130	190	118	180	134	210	231	41	239	179	73	110	251	183	199	224	223	6	239	176	38	254	136	165	245	37	249	
30	187	249	131	178	145	187	222	63	109	156	231	172	206	198	128	183	219	223	213	135	9	175	243	252	21	47	250	133	135	7	127	
36	187	244	90	253	249	149	142	203	157	52	56	170	185	197	63	139	82	198	80	50	106	234	177	47	22	116	251	210	89	198	175	
15	251	238	131	246	48	189	222	47	125	94	167	25	46	222	110	111	207	183	157	151	216	175	224	126	111	190	196	175	214	185	221	
130	232	18	159	110	129	174	102	30	2	80	18	172	202	48	65	106	107	51	195	98	158	74	255	36	48	218	136	20	25	161	136	
90	187	249	131	178	217	187	214	46	109	30	231	172	174	206	224	167	83	255	213	147	9	173	247	254	69	46	194	142	135	165	121	
198	219	230	220	239	84	190	241	169	222	222	167	108	254	183	99	238	245	191	231	196	99	174	201	51	122	207	143	71	119	53	215	
66	157	182	158	205	252	188	103	233	95	78	17	172	190	38	79	161	55	251	5	182	201	178	225	59	122	90	75	130	68	175	223	
218	153	82	222	107	208	180	101	175	13	253	171	44	222	166	212	238	187	167	193	84	11	130	241	50	112	10	171	27	6	175	159	
2	188	50	153	117	245	176	71	191	93	120	17	172	158	38	0	167	59	147	17	22	62	34	215	15	54	26	107	208	4	167	223	
32	255	122	67	114	139	239	246	53	44	126	230	17	3	180	21	62	152	6	110	224	188	37	127	110	14	36	192	111	154	198	185	
49	75	107	79	86	130	239	240	100	64	254	198	113	229	181	100	126	236	23	238	201	179	36	109	114	44	162	128	127	187	96	249	
66	255	18	154	91	193	180	231	173	5	74	163	172	158	98	64	230	59	203	209	82	139	130	245	189	20	30	75	0	22	165	203	
66	163	160	154	217	165	152	79	143	21	137	17	172	238	106	64	205	155	203	145	22	11	210	243	157	52	154	123	144	78	173	206	
23	76	206	190	22	162	238	114	180	194	218	199	121	238	179	65	126	235	31	143	237	155	4	238	240	46	238	128	173	245	56	92	
98	173	32	216	253	217	210	174	75	217	184	41	170	152	87	164	201	202	255	81	31	107	226	247	31	92	28	251	214	12	94	79	
60	196	98	249	212	163	238	222	85	35	247	18	75	233	60	72	123	138	23	187	250	179	8	223	254	207	167	196	247	217	240	128	
15	249	237	207	110	17	187	248	15	244	29	231	249	140	214	34	110	93	255	223	199	184	239	241	78	93	175	228	127	175	81	245	
61	89	105	111	118	3	207	248	68	96	252	238	115	77	177	32	126	232	23	238	201	178	109	61	118	141	161	148	127	187	80	249	
19	147	202	133	210	18	172	119	47	65	90	231	13	174	182	196	126	173	183	133	213	153	133	193	54	44	174	132	45	164	185	221	
31	137	236	231	230	19	255	216	79	241	124	130	89	45	247	40	127	221	151	223	144	248	45	240	94	75	255	228	247	191	241	245	
3	194	119	131	231	219	172	229	76	120	91	98	200	24	188	165	255	41	150	65	213	188	45	253	44	91	254	194	93	14	217	141	
18	95	114	238	87	193	190	228	137	4	184	171	108	223	39	0	254	243	151	195	66	43	8	253	51	84	10	171	23	30	39	219	
94	157	86	216	219	244	18	234	173	16	236	34	44	247	36	245	226	179	178	240	51	11	18	253	59	250	2	75	187	37	45	55	
194	137	114	158	235	208	186	103	191	85	221	179	44	254	230	244	238	59	179	193	86	11	174	241	62	48	154	235	23	4	175	223	
191	139	14	185	172	135	221	121	134	52	210	135	197	201	50	64	204	36	59	109	252	157	87	158	248	35	203	212	28	44	185	210	
222	168	48	184	153	225	24	138	159	55	128	153	142	158	66	27	201	209	253	241	62	71	219	247	153	211	219	127	144	5	7	66	
102	165	176	131	239	121	176	207	207	123	57	58	206	248	78	174	187	19	234	49	23	97	138	209	31	22	87	127	214	78	159	135	
162	221	118	220	236	129	188	239	157	26	240	162	172	252	53	65	254	123	183	225	226	106	66	253	52	26	207	174	85	124	113	201	
120	73	98	238	28	130	78	248	197	128	247	2	123	201	177	64	120	228	127	234	200	163	201	189	242	233	163	152	119	187	112	8	
114	21	98	140	93	151	222	105	139	68	185	143	104	236	62	144	252	161	211	229	206	35	16	221	51	124	139	191	95	110	127	214	
2	143	98	156	215	145	190	103	159	5	90	167	44	172	182	196	238	43	147	133	86	154	4	255	62	52	154	203	23	12	189	223	
24	12	110	255	150	50	108	119	117	3	255	2	123	43	184	105	127	238	23	170	184	250	37	237	246	239	242	128	183	251	240	136	
57	255	105	109	118	11	239	252	68	224	124	238	115	69	145	48	62	200	23	238	201	178	109	61	102	141	37	160	125	186	82	249	
38	187	252	91	250	137	180	187	139	149	124	237	172	233	199	31	143	123	231	80	146	122	202	113	110	17	117	235	222	137	207	155	
123	26	114	84	115	210	57	82	57	237	118	175	12	31	166	253	54	189	183	196	132	219	37	204	86	123	112	195	111	133	46	215	
35	214	66	143	118	146	238	255	95	75	91	231	104	232	190	228	127	170	183	173	199	186	77	223	54	62	190	130	63	254	248	157	
210	30	98	196	123	86	184	115	169	238	222	183	40	174	182	118	238	183	191	165	180	31	180	206	23	126	154	171	7	228	53	95	
2	72	18	159	108	129	174	228	156	2	80	2	236	202	57	73	122	107	51	195	98	158	74	241	36	50	222	136	20	121	161	136	
194	157	114	158	251	209	186	97	175	85	253	179	44	222	166	213	238	187	151	195	118	11	166	247	50	112	138	235	23	4	175	215	
66	185	182	156	207	220	180	103	171	93	74	17	172	190	102	66	163	59	251	1	86	73	178	225	31	54	94	75	128	68	167	223	
95	217	238	231	238	146	251	180	164	65	94	162	253	111	154	98	102	231	63	220	147	152	175	225	78	239	238	192	167	131	225	249	
194	189	50	158	95	221	178	103	185	77	124	31	44	252	38	21	166	59	195	5	246	43	178	255	51	112	26	107	82	4	175	223	
119	126	105	128	54	185	155	114	89	236	156	239	174	12	215	52	246	169	157	103	197	22	228	255	178	28	171	186	29	175	27	85	
31	201	238	239	230	18	253	220	15	81	95	130	249	111	191	106	110	219	55	255	147	152	47	241	78	239	254	196	183	218	241	249	
115	56	226	220	118	146	248	118	121	201	84	163	44	191	182	120	254	189	151	133	148	251	164	204	18	126	154	138	39	164	103	223	
70	167	208	128	255	249	176	207	207	121	25	59	140	252	238	174	163	27	202	17	22	57	140	210	60	20	31	255	214	94	141	199	
102	189	176	184	253	189	82	203	27	55	169	29	142	190	102	24	201	27	155	21	54	11	218	211	159	84	143	127	144	77	221	86	
185	77	111	222	156	178	207	242	212	194	222	66	115	232	183	228	120	226	30	235	233	171	46	191	242	111	166	136	55	251	112	108	
18	165	18	170	211	201	20	111	45	5	233	9	174	222	44	16	250	187	203	16	90	43	210	255	185	244	26	123	80	6	167	202	
194	189	50	152	219	244	176	231	191	85	72	19	172	190	102	64	227	59	179	145	22	91	178	247	31	52	26	75	144	4	167	223	
17	255	115	163	114	139	111	112	49	64	121	238	127	70	153	53	54	169	20	239	233	146	44	189	176	200	33	128	45	163	34	245	
130	189	50	152	219	241	184	230	191	85	76	179	44	222	102	64	235	187	147	193	54	11	182	247	63	48	154	235	21	5	175	222	
1	159	94	79	118	171	239	240	44	64	126	230	113	103	191	4	62	106	23	238	193	176	45	125	102	15	32	128	125	187	104	185	
162	157	114	152	219	241	184	226	159	85	116	187	44	254	38	81	239	187	147	193	54	11	50	255	63	50	154	235	23	5	175	222	
2	141	22	157	238	137	188	239	30	18	120	2	172	170	48	64	251	43	51	129	66	58	66	221	36	18	223	174	20	120	49	137	
34	157	116	221	108	165	188	103	15	58	88	170	172	62	52	1	238	59	183	129	192	58	67	253	28	26	218	170	21	76	113	201	
2	201	134	157	236	129	172	239	142	2	88	2	172	234	49	64	250	107	51	193	66	154	66	241	20	54	222	168	20	120	49	136	
98	28	98	204	109	180	184	102	9	203	218	183	44	190	54	96	238	191	183	133	144	62	226	239	22	62	154	202	21	12	117	223	
213	201	107	239	62	128	235	184	230	64	223	130	241	207	218	98	118	229	127	254	195	1	175	103	126	173	174	200	37	131	113	121	
19	219	115	79	54	155	175	252	76	12	122	230	233	102	189	100	54	122	22	234	129	176	45	253	36	30	34	130	95	191	101	189	
49	73	107	76	86	130	239	112	68	192	246	198	113	197	181	96	126	236	22	238	201	179	36	109	114	45	162	128	125	187	112	248	
59	91	114	72	99	214	184	86	57	77	118	167	41	158	182	124	238	189	183	213	132	154	36	224	86	121	122	195	103	149	167	223	
21	201	238	239	70	18	235	248	103	81	127	2	113	107	185	98	126	196	55	250	152	184	47	245	222	239	230	196	181	171	112	168	
15	57	107	229	126	153	251	80	206	224	30	167	189	140	247	32	62	61	223	207	199	49	164	219	102	77	171	160	39	175	25	245	
34	189	50	213	117	173	184	103	189	89	120	29	172	190	36	1	142	59	211	5	178	250	210	253	47	24	26	234	64	12	131	219	
63	27	97	173	114	19	127	112	17	228	88	239	61	47	179	176	126	185	151	231	141	146	101	157	102	205	169	128	63	191	2	241	
66	157	182	157	233	236	176	103	175	95	74	17	172	190	36	74	165	59	187	1	18	73	146	225	13	54	90	75	128	68	165	219	
91	55	107	140	54	187	191	115	28	236	220	239	156	220	183	32	54	57	151	45	133	51	36	222	242	61	42	184	29	254	23	245	
20	201	238	231	22	10	107	176	100	145	115	2	115	107	152	114	126	229	53	202	200	248	109	40	222	235	231	128	229	162	96	8	
30	205	98	241	212	131	238	242	117	161	242	2	11	171	53	73	123	233	23	242	184	251	8	252	190	207	159	196	247	249	240	136	
2	45	210	156	198	128	190	227	142	130	88	2	172	234	113	64	127	235	55	129	66	190	130	235	52	52	142	136	5	122	33	136	
91	220	98	136	95	244	184	71	239	77	220	7	44	190	183	228	231	161	191	149	135	11	54	215	59	124	138	203	151	4	61	95	
2	156	54	152	203	228	176	103	191	87	72	19	172	190	38	73	231	59	179	145	54	93	18	245	13	50	90	75	144	68	165	218	
19	91	243	77	102	51	175	222	79	12	120	230	40	254	181	36	62	121	55	233	129	176	37	217	36	60	43	134	95	255	37	253	
66	189	182	149	237	236	184	7	174	27	90	16	172	190	64	66	133	63	251	1	18	216	210	195	13	52	94	75	128	64	133	139	
