Ê¥ÂÞÀ¼Ó¨ÁÁ´¿÷È´½¸à	#16 ÌÇ¹ûÅ®º¢	http://www.yslbeautycn.com/on/demandware.static/-/Sites-ysl-master-catalog/default/dw130919ab/Makeup_Pro_img/00031YSL/L0930800U_16_COLORIMG.jpg	//www.yslbeautycn.com/dw/image/v2/AARM_PRD/on/demandware.static/-/Sites-ysl-master-catalog/default/dw69179502/Makeup_Pro_img/00031YSL/L0930800U_16_01.jpg?sw=336&sh=444&sm=fit
52	109	15	165	246	203	38	226	20	224	202	42	22	181	225	48	104	236	6	105	73	184	64	46	180	5	37	34	101	121	84	251	
1	0	245	85	116	154	232	7	125	161	114	82	170	8	148	237	206	39	110	25	181	252	101	204	12	62	210	64	205	136	209	173	
110	224	114	200	109	29	250	216	107	89	244	26	12	222	124	60	255	217	87	123	130	39	186	245	115	121	171	238	87	159	227	225	
130	157	182	157	252	129	190	231	159	194	90	163	172	238	53	64	199	123	191	133	242	201	2	255	46	62	222	138	148	252	33	217	
94	185	50	250	153	212	24	193	171	21	165	9	174	223	101	210	228	185	255	209	26	11	250	241	219	209	10	123	146	7	47	210	
16	176	154	165	31	203	115	75	174	161	154	2	183	219	104	0	178	29	127	17	2	185	17	159	217	197	63	115	160	8	5	11	
16	210	247	69	54	106	187	152	110	61	123	226	125	245	156	228	54	29	126	42	131	176	173	213	20	172	35	132	37	131	69	101	
244	96	251	228	68	70	103	80	177	134	231	16	81	215	105	94	120	252	37	234	73	215	176	66	209	174	243	12	34	243	118	162	
60	61	57	33	180	239	147	123	54	165	184	9	151	21	65	8	157	27	71	49	26	250	81	22	201	197	37	124	240	1	135	227	
58	191	96	68	123	123	158	127	9	236	252	175	42	60	134	35	254	255	215	225	156	107	244	205	63	89	201	187	103	110	102	223	
224	73	127	94	108	201	239	228	204	84	116	136	56	204	183	103	234	98	2	79	195	35	62	253	117	57	66	9	85	155	117	252	
186	222	39	255	133	102	94	191	21	14	95	119	105	127	60	69	89	246	181	227	252	156	27	191	35	239	254	129	59	116	244	26	
105	241	185	65	241	79	181	191	106	249	63	108	146	53	204	48	149	30	116	16	147	56	249	20	109	157	53	118	200	2	198	243	
77	53	189	69	224	110	49	19	106	235	63	124	212	119	205	58	151	86	116	24	145	208	249	2	77	191	117	228	200	227	135	113	
209	173	69	95	29	11	231	171	119	178	230	200	227	225	24	133	25	110	104	42	121	121	141	63	232	178	197	116	70	236	80	44	
34	249	34	154	95	193	186	230	158	69	88	163	172	220	118	0	248	59	147	195	70	58	26	245	61	16	142	235	21	30	181	222	
37	183	128	1	244	175	226	91	83	121	57	125	146	48	222	176	157	10	70	60	159	58	72	22	14	28	37	236	216	206	218	149	
233	0	199	173	109	2	232	17	164	17	242	209	217	11	16	218	74	164	127	13	5	255	195	197	70	123	242	192	71	132	112	136	
94	242	252	250	43	221	89	220	171	61	181	169	142	207	78	27	166	153	253	208	10	67	234	241	219	209	91	255	146	135	7	123	
90	162	150	242	43	200	24	204	171	189	165	185	143	239	74	27	167	151	237	144	26	79	138	241	219	243	219	255	130	5	7	83	
82	204	171	236	1	70	111	103	160	74	206	2	120	183	50	114	232	245	61	138	73	135	176	235	243	239	218	129	19	114	180	122	
1	77	101	95	245	219	228	230	95	234	122	98	184	184	181	165	201	110	22	72	225	248	119	254	44	30	247	134	223	124	81	173	
227	155	102	158	237	212	189	237	221	94	245	175	104	252	182	245	238	255	183	195	220	59	238	245	55	122	222	203	31	44	244	223	
63	4	98	232	86	179	235	120	85	192	221	130	89	205	191	100	127	168	23	185	173	179	37	222	122	79	163	196	183	174	112	228	
2	208	182	153	233	133	184	207	158	27	82	19	172	254	108	73	231	27	179	17	146	88	26	209	13	18	95	238	144	12	161	219	
51	215	97	141	126	31	175	190	15	105	90	230	253	46	190	100	127	71	63	237	199	24	125	255	60	60	175	180	61	158	145	253	
220	180	28	177	133	127	113	208	49	254	182	63	15	29	75	63	41	212	204	114	125	125	57	132	219	195	117	119	227	45	95	115	
115	95	125	190	42	201	95	58	141	78	252	237	127	118	163	113	198	243	189	102	237	11	99	61	240	251	96	154	16	251	4	121	
27	231	226	225	246	150	253	246	121	197	124	134	25	143	222	48	127	223	151	253	246	218	164	236	126	237	190	196	167	148	227	249	
217	56	191	97	166	126	241	23	124	234	242	114	191	28	145	235	166	183	124	25	177	248	241	136	151	235	114	0	224	200	1	57	
6	122	246	208	238	135	188	69	143	188	82	175	172	222	117	74	239	125	255	213	192	215	10	232	188	88	159	171	132	60	165	155	
134	123	246	182	231	217	190	85	173	236	146	175	44	220	119	2	174	249	255	215	192	231	162	232	55	88	143	171	7	62	181	223	
6	60	50	216	231	189	190	83	217	74	125	59	44	220	119	40	191	59	151	3	182	55	162	242	23	92	26	170	215	205	39	223	
115	17	226	237	198	34	238	71	93	67	251	34	107	234	55	96	122	167	55	129	157	179	135	194	182	238	158	128	245	250	240	4	
40	248	112	213	71	221	177	246	6	56	116	42	185	157	64	165	76	184	151	200	201	188	114	177	71	201	240	161	119	156	84	251	
42	12	96	217	230	187	248	82	29	99	124	147	169	143	181	41	255	187	151	143	160	186	100	254	6	95	218	162	151	205	81	213	
47	27	230	221	229	255	188	83	219	223	93	183	156	188	246	46	239	59	151	21	149	250	34	192	78	95	254	195	215	236	245	215	
187	185	102	165	15	86	223	113	81	236	150	47	104	61	54	7	248	231	149	231	252	251	241	204	243	89	239	147	39	44	116	95	
56	213	49	237	60	79	87	190	23	45	184	3	247	29	40	64	88	146	31	104	106	41	81	159	225	212	48	20	112	152	84	106	
240	4	117	205	56	135	73	120	61	32	228	64	153	23	36	245	92	180	95	168	169	15	113	221	147	251	130	88	18	128	98	168	
96	172	7	80	124	139	163	234	126	161	162	200	243	97	20	21	25	38	106	56	51	123	25	127	188	150	7	116	192	128	115	8	
72	173	28	169	29	207	115	59	143	161	142	8	182	147	96	80	224	172	123	24	10	25	209	221	253	148	131	112	50	8	16	42	
185	56	122	168	119	205	249	82	105	68	116	43	31	29	50	49	110	153	23	85	138	190	116	213	215	201	42	235	117	13	55	243	
128	172	148	27	137	174	6	167	126	19	194	17	230	51	104	75	193	74	42	2	114	204	91	53	173	2	86	65	144	81	165	10	
128	157	29	251	63	233	17	175	94	49	108	56	190	53	32	97	130	19	138	64	50	40	107	63	239	211	16	115	80	8	141	43	
107	16	114	243	100	148	250	80	137	205	247	167	204	30	190	107	238	181	159	135	149	178	232	224	22	121	154	130	7	143	113	223	
65	168	219	20	114	130	35	202	126	161	162	1	52	227	64	80	211	110	106	92	23	219	129	123	28	174	23	96	128	128	99	8	
70	233	132	158	236	132	190	141	158	187	80	2	236	254	121	74	223	91	51	211	82	82	202	240	28	22	207	174	148	122	177	129	
41	2	84	173	125	139	72	8	207	24	242	66	111	72	48	240	240	165	46	105	12	176	71	157	132	235	96	80	114	140	64	32	
185	29	41	189	60	228	219	190	86	78	92	3	181	60	51	96	200	106	23	75	174	24	117	191	229	111	186	136	53	205	85	234	
26	188	234	158	91	241	184	198	142	5	156	179	44	175	102	130	175	59	203	145	6	13	130	243	90	69	26	187	247	68	45	219	
59	18	112	227	103	214	250	112	41	109	183	183	77	31	158	54	238	181	151	199	148	154	44	224	86	217	186	131	47	135	99	223	
162	236	32	219	109	173	232	206	95	59	112	26	168	200	124	9	201	10	23	1	226	126	74	247	15	26	219	254	84	92	81	201	
93	75	193	163	162	43	79	144	38	224	75	228	83	97	217	120	86	204	36	95	137	144	77	50	232	172	165	208	188	251	16	33	
16	184	155	249	50	132	48	72	54	161	194	98	52	147	64	88	246	189	186	144	3	218	147	209	156	164	154	98	44	128	34	137	
38	166	226	152	255	177	186	75	159	133	221	247	72	232	254	132	255	171	163	149	150	43	14	215	30	22	155	239	151	78	252	197	
20	134	133	173	154	42	135	235	56	115	152	223	87	96	25	3	59	199	109	39	120	231	77	79	248	38	111	84	253	123	163	0	
219	205	106	206	148	18	207	253	228	192	222	2	113	227	180	96	122	236	31	235	200	139	172	239	242	41	174	136	39	178	240	104	
3	91	3	14	119	150	174	244	205	200	216	230	40	232	181	228	238	97	150	239	197	171	4	237	48	60	174	138	95	63	57	157	
5	77	229	77	172	62	239	181	76	234	154	68	219	40	181	230	196	102	62	111	193	160	125	232	36	126	231	148	94	250	209	125	
15	47	98	152	246	147	174	119	156	196	92	231	136	232	183	132	63	43	151	189	180	153	4	222	60	22	175	202	175	228	185	221	
3	32	118	159	110	185	186	64	173	105	119	146	236	206	188	34	238	179	127	203	132	180	106	224	22	24	218	130	86	143	1	205	
134	248	22	154	126	141	190	204	143	24	80	34	236	220	57	73	183	57	127	83	98	37	10	245	44	16	15	238	20	27	129	129	
22	99	198	173	42	130	168	73	175	180	211	231	196	198	109	90	254	181	239	212	10	195	139	208	156	48	143	206	132	34	51	17	
63	89	114	232	238	21	223	220	201	88	180	175	95	221	191	253	254	209	151	255	199	39	46	245	243	249	39	222	247	191	227	213	
21	111	90	101	18	142	46	242	236	168	122	199	23	130	183	16	54	237	76	110	197	177	20	110	242	173	39	4	105	179	107	145	
59	253	240	254	27	149	159	239	219	150	236	143	44	254	102	37	255	251	147	195	238	74	254	249	251	219	15	59	127	118	171	222	
244	17	127	97	36	75	81	25	97	232	183	40	87	93	137	59	186	148	92	106	25	180	121	8	211	249	97	20	96	171	70	99	
70	88	150	233	254	227	184	204	143	184	48	34	140	158	101	74	231	125	255	209	2	85	138	208	60	120	15	239	148	59	37	129	
41	237	121	98	244	207	87	253	96	76	124	8	51	17	128	48	24	218	22	106	219	186	224	47	103	141	36	168	97	154	198	233	
73	32	5	175	57	61	106	24	110	73	83	69	252	90	153	241	182	9	94	109	135	144	221	221	134	121	42	144	14	135	11	157	
186	187	98	229	167	94	95	117	41	236	126	175	111	125	150	167	190	247	213	103	221	249	180	137	243	89	196	179	103	190	222	255	
60	69	123	110	85	79	71	112	85	132	231	8	83	113	41	49	88	236	6	106	104	178	104	12	115	235	33	0	115	187	102	162	
18	162	222	252	75	66	184	106	170	149	240	131	13	238	108	10	255	157	227	129	18	203	130	193	25	231	219	111	133	32	39	130	
122	210	98	156	127	151	91	119	205	68	254	175	110	233	54	212	222	172	199	5	200	171	116	221	54	126	128	218	127	174	116	95	
90	99	98	160	43	1	56	73	175	172	179	235	13	207	108	82	254	149	239	242	74	3	195	208	154	208	171	191	39	134	39	19	
3	75	67	141	116	145	174	244	205	72	88	230	169	136	183	228	110	105	22	207	197	184	4	253	36	56	170	136	31	191	121	157	
128	172	148	147	244	169	168	134	190	19	83	18	172	2	72	75	227	43	10	16	50	252	75	241	12	18	154	64	132	73	129	137	
59	88	107	12	67	214	223	117	116	76	222	167	57	220	182	224	124	168	151	199	205	183	52	223	115	109	162	138	95	190	112	127	
50	141	98	222	92	131	206	225	213	0	253	10	99	233	188	81	120	234	23	107	248	171	10	255	50	238	130	152	55	171	240	136	
10	148	247	221	171	243	188	107	143	210	92	162	236	246	236	238	199	123	191	145	83	201	46	217	139	215	95	139	150	110	45	255	
11	247	127	65	114	155	191	246	111	109	126	230	189	14	158	36	63	75	215	204	195	184	37	247	110	12	62	228	111	148	131	253	
226	9	114	173	110	41	248	67	173	64	241	131	141	142	53	98	110	189	127	133	128	59	199	208	148	248	138	172	53	46	113	221	
124	124	154	126	88	238	82	16	179	130	237	73	119	243	1	90	80	252	121	42	8	135	210	10	211	175	0	25	168	243	74	2	
34	235	162	155	213	193	186	231	30	69	80	131	172	204	118	0	249	123	147	213	86	186	10	247	45	20	158	235	85	30	181	218	
162	185	36	217	253	197	184	255	159	216	112	59	236	222	126	33	223	59	183	241	242	94	138	247	63	90	223	239	20	12	215	223	
34	204	0	155	124	161	168	206	30	27	80	18	160	202	60	72	217	10	51	129	34	62	75	247	4	62	154	232	20	76	112	136	
43	184	187	184	105	253	16	199	155	91	84	57	190	191	99	185	129	59	151	17	39	93	178	177	203	223	124	187	154	76	15	219	
41	89	5	46	29	205	199	240	196	72	192	76	179	208	49	225	72	232	90	111	203	42	126	61	161	41	161	56	91	63	82	248	
61	191	107	69	118	199	107	248	116	204	124	198	113	103	147	53	54	232	22	238	193	144	44	45	103	137	33	132	39	163	100	241	
98	165	229	92	221	249	106	27	179	129	174	40	104	247	220	244	57	146	251	152	50	75	171	223	127	127	133	203	167	196	246	46	
86	235	226	156	219	144	190	234	187	20	152	163	44	238	39	214	255	241	239	225	78	67	134	237	186	118	207	223	5	53	175	199	
53	84	113	69	36	95	239	123	85	234	252	110	211	92	149	36	62	156	86	40	233	182	117	158	52	158	39	148	127	248	114	189	
250	252	116	112	217	221	85	254	251	59	180	24	46	159	68	63	173	211	215	64	107	111	242	247	59	219	85	123	83	20	198	191	
29	141	106	233	246	179	251	115	86	97	127	134	25	45	178	96	127	154	151	188	147	184	37	159	110	205	162	196	183	207	240	241	
59	64	226	225	86	51	239	84	87	227	215	146	25	141	182	36	126	236	151	255	141	182	100	206	118	79	171	196	247	191	240	245	
62	45	66	232	92	163	202	123	23	128	249	10	75	201	53	0	120	168	23	176	8	163	72	222	58	205	131	188	247	234	112	128	
138	219	82	77	115	145	190	247	111	32	112	230	45	138	180	164	46	59	150	197	215	56	4	253	62	88	30	171	95	148	171	157	
73	123	89	253	56	141	122	50	111	72	112	108	191	27	129	176	134	51	92	70	195	40	66	125	132	217	32	184	92	161	67	57	
70	99	188	227	249	220	123	68	175	189	167	9	140	143	71	90	205	61	255	80	10	65	251	240	223	213	159	255	144	3	135	114	
134	189	182	147	244	173	190	239	190	57	80	48	236	250	124	73	245	91	183	81	178	88	138	247	44	18	207	238	144	89	209	145	
198	232	240	147	236	168	188	135	251	19	112	144	140	254	125	75	231	91	55	19	210	100	138	243	12	26	94	238	148	81	129	129	
43	175	242	218	245	253	122	83	251	205	125	172	175	238	179	180	222	186	198	28	182	123	172	253	238	221	7	235	210	198	111	213	
146	99	99	193	106	3	169	92	44	172	150	230	153	15	213	45	126	157	95	253	192	211	101	204	220	8	171	164	39	160	39	249	
11	90	167	141	39	151	188	54	77	74	218	230	232	156	183	236	238	33	190	133	133	181	53	217	20	127	250	130	95	30	57	93	
70	224	114	234	125	173	250	216	239	25	241	18	236	219	120	64	250	201	127	99	146	99	138	245	150	120	11	238	87	11	241	131	
222	10	166	190	169	98	24	162	191	159	131	147	236	238	35	75	229	247	255	129	56	77	203	224	155	115	223	155	148	117	53	82	
79	156	182	159	139	188	126	147	175	195	78	6	236	250	107	230	167	123	186	17	71	8	186	243	207	255	31	75	186	70	41	31	
41	188	9	177	244	47	104	159	51	123	118	93	179	51	147	57	205	142	85	156	191	94	209	23	238	255	176	228	168	208	218	219	
83	197	105	205	62	18	239	252	102	96	222	198	81	46	191	100	126	198	63	239	195	49	173	255	244	45	174	148	53	179	113	125	
88	178	216	225	34	40	49	90	43	63	54	253	143	31	202	26	167	29	239	16	2	92	129	64	214	209	114	231	230	129	15	155	
94	226	252	232	43	221	88	200	171	61	181	137	143	207	79	26	166	153	253	210	10	71	170	209	219	209	203	255	2	7	7	83	
83	213	107	141	54	27	239	254	79	96	222	230	121	46	190	100	126	207	31	237	193	153	45	255	180	44	175	180	53	154	17	253	
130	152	176	152	111	229	184	206	31	121	80	51	172	158	100	72	229	27	179	145	130	94	146	241	29	16	90	238	16	12	37	219	
10	25	246	249	246	171	252	83	29	83	88	179	173	191	53	73	239	59	151	149	176	184	4	252	6	223	218	194	151	205	241	217	
75	241	126	241	182	148	185	183	174	89	150	183	157	159	250	98	103	23	191	157	195	73	167	213	206	201	190	204	38	132	165	121	
136	141	61	251	153	237	16	239	158	53	164	27	238	85	40	65	134	51	203	81	50	41	123	191	239	211	16	123	80	8	133	106	
102	164	240	158	252	33	222	171	139	178	152	10	236	234	92	2	223	255	127	177	210	75	202	243	60	28	143	254	149	110	51	129	
148	36	222	81	144	110	105	82	52	177	175	16	25	51	73	63	41	148	75	184	50	213	17	70	223	139	151	69	195	193	103	162	
249	91	125	44	106	88	95	58	28	76	124	237	127	119	163	113	86	243	181	110	233	2	103	61	242	235	96	152	116	249	4	121	
63	77	102	201	212	147	239	212	85	224	222	2	89	137	181	96	126	232	23	251	140	183	108	254	114	79	163	192	183	191	240	228	
227	155	102	158	237	213	188	225	143	92	244	175	108	252	54	117	238	187	183	199	212	58	250	245	31	56	206	235	23	44	245	223	
130	58	59	185	96	169	184	83	175	29	113	177	141	142	182	73	206	57	159	145	150	172	98	212	198	209	58	235	212	129	7	195	
226	153	50	216	237	197	190	255	31	120	116	59	172	190	118	41	255	59	183	199	246	122	10	247	63	26	223	235	87	12	149	223	
28	189	49	161	145	143	67	115	55	173	168	24	150	23	64	0	137	59	79	24	90	184	80	62	233	212	21	112	192	8	135	162	
224	93	85	222	76	68	69	50	129	128	229	0	51	55	33	119	72	242	50	74	105	74	242	173	247	248	194	24	18	187	116	40	
1	138	247	89	116	156	169	7	126	25	114	80	188	8	180	237	135	42	54	28	147	252	35	197	12	62	114	194	204	128	193	173	
82	99	67	168	42	129	10	73	173	164	177	235	13	206	108	80	254	181	207	226	72	3	130	220	176	208	139	191	37	130	39	20	
160	149	53	237	28	207	71	190	71	44	156	10	183	61	40	68	72	210	31	104	107	41	113	191	231	254	144	20	18	153	84	106	
186	145	114	164	111	87	222	113	89	232	214	47	110	61	54	37	254	247	183	227	220	187	241	207	179	121	203	147	39	46	116	95	
34	140	128	153	108	169	168	206	30	59	120	2	164	234	56	72	217	10	51	129	2	56	75	241	4	54	155	228	148	91	81	136	
178	191	96	196	123	127	184	127	13	236	248	175	104	60	134	35	254	255	215	225	188	235	112	221	63	88	202	187	87	110	39	223	
136	217	103	222	109	221	183	244	204	84	117	138	249	221	63	167	78	114	147	75	227	36	62	249	103	121	106	137	87	31	85	250	
34	249	34	155	93	193	186	230	30	85	88	131	172	220	118	0	200	59	147	193	66	58	18	245	45	20	158	107	21	30	181	218	
25	141	106	233	246	179	251	115	85	97	126	130	89	45	178	96	126	186	23	252	146	184	37	191	110	205	162	196	183	142	240	225	
34	236	176	217	109	173	248	206	223	59	120	8	172	200	116	8	217	43	55	17	130	60	90	241	13	30	91	126	212	93	81	203	
103	140	158	158	203	177	86	234	155	179	137	24	108	226	111	26	129	227	234	2	52	71	138	243	62	22	221	123	152	119	138	4	
233	2	23	173	109	155	96	0	237	17	243	82	207	0	176	246	226	165	106	13	1	165	67	148	148	249	2	80	82	140	73	36	
114	168	4	28	24	155	0	232	215	176	192	8	226	224	4	7	25	228	104	96	108	123	206	61	157	178	65	126	112	40	18	140	
118	172	244	231	172	11	222	186	83	179	179	26	203	41	85	11	111	199	125	51	184	107	205	243	158	222	221	244	231	248	82	9	
65	160	151	20	82	130	32	72	126	161	227	0	117	194	40	80	114	13	106	188	2	219	129	77	217	166	19	64	128	0	35	40	
68	164	134	62	217	202	38	141	242	131	67	16	226	225	8	82	49	110	104	129	58	195	154	59	45	38	21	13	224	114	162	2	
68	137	132	30	137	196	38	161	246	19	131	0	228	226	72	90	193	98	106	3	18	73	203	49	13	38	215	9	144	99	165	2	
112	204	171	238	52	64	95	231	160	2	206	2	113	247	32	112	248	244	61	138	72	139	160	233	243	237	170	11	16	114	116	106	
130	251	166	158	239	212	188	109	171	90	80	167	172	254	54	2	238	123	247	199	198	235	162	225	54	56	206	139	5	54	183	223	
115	69	226	236	214	2	238	95	87	65	250	2	75	171	52	96	122	207	55	145	220	187	133	202	186	236	142	136	247	248	240	132	
187	91	66	142	87	150	190	117	221	72	218	231	104	202	182	228	254	169	150	231	237	163	20	253	50	104	138	138	31	30	57	157	
59	22	98	160	55	62	218	81	97	232	255	231	27	8	190	240	254	173	149	189	173	178	4	206	242	253	170	129	47	142	122	93	
2	60	242	216	247	181	188	83	91	75	112	59	172	252	183	41	191	59	151	21	182	250	34	234	31	94	90	170	215	204	167	223	
2	140	182	159	124	130	190	230	30	138	88	18	172	174	36	64	199	123	51	129	178	220	67	255	44	62	158	138	20	76	33	137	
126	57	58	234	25	213	90	64	175	4	173	9	46	223	101	80	236	185	221	210	90	3	154	209	251	209	10	123	82	6	47	82	
246	123	246	18	235	209	148	192	139	158	176	43	12	222	231	159	171	249	231	211	70	103	138	224	26	80	77	191	71	117	239	135	
254	249	246	84	207	89	212	232	203	254	180	43	74	252	95	151	168	245	245	99	204	99	142	192	51	88	69	191	103	127	78	199	
63	79	83	236	60	3	206	120	93	128	249	202	123	203	181	176	254	233	22	235	201	35	12	222	178	221	163	184	127	187	112	160	
208	0	85	253	62	203	113	35	45	32	227	58	54	19	0	81	98	60	127	8	32	157	65	223	213	160	50	82	48	8	65	171	
0	4	23	253	40	234	121	39	173	43	230	48	188	183	4	121	194	63	125	8	17	156	209	213	197	248	250	146	8	0	1	43	
26	175	106	154	219	209	190	103	141	5	220	163	44	173	166	192	111	59	143	145	22	171	6	255	122	69	174	203	183	206	189	223	
193	0	181	117	40	46	233	7	124	43	226	16	191	19	4	123	200	55	124	136	41	252	209	74	197	251	114	0	72	64	195	40	
130	152	187	184	235	228	185	71	188	95	68	17	188	191	98	75	227	59	187	145	50	77	146	227	207	55	90	203	144	64	165	219	
3	203	66	155	242	147	172	229	29	205	82	231	108	200	182	196	126	171	151	213	214	153	4	237	60	22	174	195	31	156	185	221	
59	31	115	237	118	7	223	114	21	168	254	107	59	29	181	48	254	253	151	231	201	186	97	190	243	253	161	146	127	189	114	187	
77	181	177	65	241	222	183	19	106	233	47	76	158	183	200	180	151	30	212	24	147	184	177	0	109	221	37	230	202	130	135	241	
3	223	99	5	118	151	238	246	85	200	90	230	121	40	180	164	126	110	22	239	229	184	37	238	46	12	174	128	111	191	249	221	
41	89	125	79	125	95	199	188	68	72	252	40	114	113	141	164	88	98	198	106	203	34	107	61	103	141	32	24	91	187	90	185	
193	24	179	241	164	236	49	23	124	139	114	16	191	31	64	121	165	63	126	24	187	252	241	66	205	255	118	66	200	64	133	57	
90	152	179	186	27	225	145	206	158	87	128	51	44	222	98	72	239	187	187	145	18	79	186	243	217	70	158	107	144	5	37	218	
18	177	184	193	191	217	49	79	15	125	157	59	142	158	78	64	167	31	255	17	22	56	235	209	207	92	31	247	150	12	141	215	
6	73	86	152	238	137	190	205	143	18	80	2	236	218	57	72	183	49	127	115	66	37	10	255	180	54	15	238	20	58	33	137	
160	192	118	88	52	155	192	190	95	17	246	2	107	200	180	112	219	136	38	104	234	172	47	223	34	222	21	4	119	152	64	12	
141	207	113	90	181	243	206	248	87	106	28	102	73	252	189	164	31	90	150	123	247	37	63	191	42	223	109	254	255	255	89	165	
38	64	114	218	108	153	250	200	141	65	240	10	239	202	189	40	254	193	95	227	130	35	46	241	182	216	138	248	85	159	113	133	
54	170	234	152	222	241	152	202	158	23	156	187	40	204	119	8	239	187	187	145	30	79	206	243	218	7	155	251	149	77	61	214	
22	51	254	129	131	123	184	73	47	181	95	147	204	190	78	14	183	31	251	145	22	209	175	192	159	84	91	231	167	199	175	214	
190	158	175	255	151	102	95	190	151	95	95	55	97	255	47	199	253	254	181	163	237	212	187	191	35	239	223	135	179	117	252	95	
239	80	114	226	100	176	250	208	137	73	247	183	205	207	191	106	254	241	151	231	164	183	108	226	150	248	138	194	7	191	115	213	
33	165	115	65	244	203	231	245	121	104	125	96	82	53	156	52	122	26	22	104	241	186	108	95	108	156	37	196	103	138	198	233	
14	121	112	232	254	19	254	221	207	56	180	42	140	158	245	40	238	217	223	243	194	39	40	208	182	88	15	254	215	191	227	143	
149	88	107	77	70	194	171	112	84	192	118	230	112	213	181	101	126	252	18	234	225	180	53	76	85	40	162	128	125	171	116	245	
49	32	90	137	66	2	56	72	46	17	224	2	20	147	104	80	126	157	34	240	10	147	131	81	144	160	138	100	0	0	35	128	
234	244	116	90	73	253	180	238	187	59	164	24	108	255	76	63	141	147	243	0	103	111	250	247	95	218	84	123	83	84	198	255	
184	201	98	238	156	131	206	252	197	128	254	2	123	201	48	64	120	228	63	234	216	171	9	191	114	237	167	152	119	186	240	8	
70	121	18	146	238	129	190	197	143	184	114	34	172	222	101	72	231	121	191	211	64	87	138	240	60	24	143	234	148	27	161	153	
41	189	25	249	244	239	121	183	127	75	120	64	191	63	0	121	129	43	23	28	179	216	112	63	207	223	50	192	152	64	67	251	
116	99	186	226	56	205	91	192	174	173	165	9	151	223	73	114	228	253	127	82	74	3	218	32	219	213	47	57	128	19	7	34	
3	41	206	141	12	131	169	72	206	240	218	130	212	200	55	226	106	172	122	205	141	163	199	217	20	40	139	56	93	47	121	196	
54	141	102	222	28	130	206	121	213	0	253	2	97	235	61	65	120	234	23	235	216	163	10	253	178	238	195	152	55	234	112	128	
6	160	148	153	236	169	184	139	190	17	82	16	172	234	121	73	231	11	51	17	50	216	3	245	12	18	95	192	148	73	129	129	
49	88	249	69	52	15	237	127	84	234	246	110	147	60	149	36	126	140	22	41	233	242	117	142	180	238	243	148	125	248	80	189	
78	10	166	188	173	196	24	130	175	157	130	129	236	238	99	75	197	245	255	213	26	75	194	224	155	115	223	219	144	45	181	82	
45	157	16	105	221	159	194	186	78	233	120	76	146	56	116	160	217	10	2	121	223	58	93	190	46	221	5	124	216	43	88	132	
208	146	253	69	54	42	169	58	118	45	119	246	217	35	148	100	54	221	46	172	163	240	165	95	76	174	163	132	109	160	101	49	
249	205	106	206	20	2	207	244	244	192	214	18	115	195	178	113	122	236	29	235	233	167	44	239	242	173	175	136	37	178	242	104	
3	48	85	169	34	107	104	24	109	72	82	224	189	22	153	125	50	13	94	61	135	144	69	93	132	40	42	194	60	129	75	149	
2	215	119	205	118	2	173	252	60	12	124	226	121	71	189	100	126	90	55	232	226	176	39	207	118	46	38	128	119	154	101	233	
53	95	107	71	118	23	239	240	84	232	127	198	113	93	189	36	126	224	22	238	233	178	61	191	118	13	161	132	111	187	112	241	
130	185	50	152	237	133	190	239	31	184	80	19	172	222	116	1	255	59	183	211	242	126	138	247	61	30	223	238	16	12	179	217	
56	29	99	109	119	190	255	114	117	200	126	103	59	61	183	96	126	252	151	239	201	184	53	174	119	253	160	130	111	189	116	251	
19	34	198	181	36	42	104	3	55	179	242	147	163	10	22	11	233	141	110	148	12	252	199	128	140	250	210	1	237	136	112	140	
191	89	112	232	239	23	223	221	75	200	180	163	79	31	247	36	254	209	151	255	205	35	45	216	179	217	175	190	119	190	225	253	
179	207	78	190	30	129	78	246	132	64	216	199	49	200	178	193	110	226	63	207	237	139	6	189	176	40	174	136	61	158	248	92	
83	205	107	204	54	2	239	252	101	96	222	194	113	46	183	100	126	204	29	239	201	155	45	255	240	173	174	148	53	179	112	125	
3	178	217	177	186	168	57	19	175	89	25	245	188	142	194	216	167	59	223	149	151	8	194	209	140	148	58	234	156	128	139	209	
222	106	50	224	41	253	88	202	171	60	172	9	143	143	71	26	238	177	237	210	74	7	162	208	211	209	139	255	2	21	39	210	
19	221	107	197	54	147	239	246	124	96	222	166	121	191	191	100	126	239	31	239	201	187	37	255	240	45	171	132	53	155	113	121	
2	152	246	249	180	139	248	87	159	153	82	179	173	255	52	72	239	59	151	149	146	248	2	196	142	218	222	194	150	140	177	217	
74	152	118	241	34	144	120	182	175	89	214	162	173	159	240	102	103	191	191	220	130	216	163	197	206	249	250	198	38	132	33	89	
102	172	208	135	252	9	202	233	11	179	185	10	232	106	92	2	91	207	127	177	58	110	203	211	188	158	143	252	149	106	82	128	
227	155	102	159	239	213	188	97	207	92	117	135	108	252	54	99	238	59	183	199	212	58	250	245	63	56	202	235	23	46	245	223	
18	156	55	187	147	224	177	103	158	67	74	179	188	158	34	224	227	59	147	129	55	141	50	247	133	38	154	195	181	4	165	254	
35	174	174	153	156	183	186	206	158	157	216	135	161	232	119	0	205	43	163	149	150	171	78	255	108	23	191	249	149	76	89	204	
34	249	34	138	93	213	150	231	143	77	216	43	40	220	54	0	204	187	147	193	194	43	114	253	51	20	142	251	85	30	245	223	
16	141	28	251	156	237	16	175	22	49	173	10	183	87	40	1	141	147	11	16	26	40	91	53	233	211	17	113	208	10	133	42	
112	137	56	238	140	196	86	173	70	1	100	10	247	211	40	112	208	186	38	64	90	10	82	55	243	167	178	89	48	10	132	42	
210	32	30	8	88	139	96	72	239	48	226	24	102	192	36	85	160	132	106	112	14	247	23	93	145	176	67	78	80	0	99	132	
59	197	226	233	246	146	238	254	87	97	254	2	11	169	54	96	127	207	23	153	222	186	229	197	254	253	158	196	183	158	240	204	
242	97	67	168	75	67	75	72	169	164	160	143	3	198	37	212	120	177	207	230	73	7	148	206	176	144	139	188	57	34	38	84	
204	31	158	165	178	58	178	18	52	15	210	247	149	34	161	200	230	119	174	17	180	152	69	42	196	167	42	128	156	249	45	17	
224	72	152	253	104	200	84	35	153	138	100	112	182	243	33	91	192	56	47	64	96	69	194	11	214	243	112	27	24	56	8	163	
51	205	103	190	30	147	206	246	196	64	218	198	49	200	178	225	110	226	23	207	207	171	6	189	48	40	170	136	61	158	248	220	
27	157	106	201	182	179	187	247	76	65	94	166	249	111	178	96	118	59	23	253	147	152	37	255	110	205	174	192	183	142	177	249	
123	17	114	236	127	23	218	124	89	104	252	171	106	61	182	96	254	189	183	229	156	187	97	223	51	125	138	210	119	142	116	223	
102	244	180	90	201	125	180	239	235	59	189	8	76	255	76	58	141	211	247	3	150	99	250	241	31	222	87	127	211	86	199	215	
25	197	106	225	118	147	255	246	100	65	254	130	121	143	190	32	126	218	159	236	194	187	37	255	126	77	166	196	103	146	244	249	
70	250	166	188	45	140	56	198	175	157	130	5	172	206	99	74	224	101	251	85	6	77	146	224	157	113	223	91	128	61	53	90	
60	6	106	229	86	50	123	80	21	132	127	131	89	15	186	96	126	188	151	174	168	176	37	140	87	239	160	129	103	175	116	240	
2	221	178	159	245	133	190	230	158	9	82	51	236	254	48	64	239	123	179	199	162	220	74	255	45	54	158	194	20	29	177	139	
37	191	115	65	246	219	227	115	121	193	120	226	88	49	148	164	62	58	2	120	177	184	36	254	44	30	5	66	199	138	226	165	
1	16	249	101	52	143	233	23	124	233	118	112	179	61	148	96	78	190	30	8	169	188	101	14	196	255	50	128	108	136	192	169	
252	90	188	253	42	30	93	50	137	206	246	53	31	63	131	123	198	245	253	71	236	207	241	168	211	251	107	147	42	61	14	83	
63	73	98	218	212	147	238	212	213	192	222	2	105	201	181	100	122	234	23	219	204	187	44	238	114	109	166	128	55	191	112	236	
74	176	180	176	201	253	20	143	171	119	44	25	142	191	78	158	131	19	235	17	22	104	250	209	207	215	95	127	146	76	143	86	
60	121	58	234	25	221	82	96	129	12	189	8	63	223	109	144	220	185	213	114	74	43	24	189	243	221	0	59	114	11	46	10	
63	79	91	236	116	3	78	114	93	168	248	234	59	139	181	240	254	237	23	235	233	179	96	158	178	253	161	152	127	187	112	161	
166	123	242	150	235	145	188	193	155	190	144	255	12	204	231	143	175	249	231	211	198	103	142	192	28	16	207	175	71	116	47	213	
61	66	106	239	70	18	235	80	84	198	119	135	89	77	187	72	126	172	23	238	200	182	101	142	70	237	160	128	103	175	116	224	
200	130	22	253	32	168	56	23	188	15	86	240	173	163	160	217	134	55	239	0	50	156	3	215	196	247	122	129	2	192	141	169	
13	61	251	67	240	190	235	19	122	233	127	108	159	180	211	180	54	110	20	28	147	184	180	106	44	93	37	224	206	227	75	181	
9	157	51	248	177	220	117	55	253	73	108	16	190	183	32	244	135	59	220	8	113	153	48	255	237	255	22	66	154	64	143	59	
11	223	99	77	118	23	239	246	84	64	90	198	113	40	181	229	126	236	22	239	229	184	53	255	36	44	174	128	111	191	112	253	
165	93	99	205	118	23	239	240	84	192	94	198	113	72	181	101	126	236	18	239	225	176	61	239	36	46	167	128	127	191	112	188	
59	29	115	238	117	143	223	114	21	200	254	99	59	189	53	112	238	251	151	199	201	187	48	238	243	253	160	130	127	191	112	187	
130	128	150	153	228	169	184	143	62	25	82	16	140	138	112	72	199	11	34	17	18	92	3	209	12	18	95	206	148	8	129	137	
82	241	113	195	159	217	49	205	15	117	187	187	142	158	110	80	183	153	223	17	86	57	185	214	191	84	31	119	150	14	133	119	
2	57	178	217	244	165	188	71	95	75	112	51	172	190	52	40	255	59	151	145	178	250	2	243	14	30	30	234	148	204	163	221	
204	31	222	45	178	42	50	19	52	75	83	245	215	35	161	203	246	119	238	49	181	157	133	10	196	227	106	192	172	225	173	17	
32	145	43	232	68	197	81	113	4	4	92	2	49	221	48	96	216	184	51	97	26	58	114	149	219	69	138	73	52	10	116	106	
146	219	70	185	118	145	188	247	157	12	90	231	45	202	182	193	254	171	135	197	214	153	6	221	62	81	174	203	29	140	185	221	
236	108	156	127	57	174	80	2	240	138	229	28	179	83	3	91	128	224	76	24	40	231	211	42	194	251	96	25	200	113	74	2	
200	158	147	245	177	236	48	23	189	11	126	112	188	183	0	244	165	51	255	16	50	157	130	227	237	247	58	195	130	64	165	43	
130	185	246	159	238	129	190	69	159	136	80	163	172	222	116	66	238	123	183	199	194	219	130	225	52	24	142	138	4	28	161	217	
56	4	110	253	21	118	233	107	84	135	230	18	89	185	54	105	120	172	51	168	56	181	53	142	87	239	210	1	231	236	124	162	
9	138	179	219	116	184	169	6	254	29	118	80	188	130	182	108	135	43	34	28	131	188	34	247	12	62	50	64	194	128	97	237	
175	213	54	222	239	221	191	244	133	88	125	58	249	253	188	167	222	82	215	107	227	50	122	183	119	217	102	170	119	223	215	255	
184	205	106	238	28	147	206	252	213	0	254	18	115	233	188	97	120	232	31	234	232	175	44	191	250	237	167	152	119	171	112	8	
17	157	107	169	178	163	171	183	44	65	94	230	213	38	178	96	118	47	31	253	145	152	37	127	236	173	170	192	61	130	177	121	
27	223	107	201	118	147	251	246	127	100	254	230	57	15	183	36	126	203	151	205	195	186	37	255	118	13	186	132	119	148	97	249	
118	168	244	247	62	11	248	162	123	177	179	10	239	40	85	10	175	197	125	17	136	125	205	232	158	254	85	244	229	168	83	1	
144	95	119	87	118	155	175	244	92	166	114	230	105	104	189	228	126	126	6	106	225	176	45	239	60	46	103	128	119	250	101	189	
2	1	82	140	238	137	190	237	143	130	216	10	236	202	113	64	254	185	63	99	66	35	10	219	180	20	15	172	20	58	33	137	
53	68	127	77	86	102	235	112	68	204	127	2	81	125	183	97	122	36	22	234	129	177	37	76	83	47	227	132	117	171	116	225	
233	0	133	93	4	11	161	43	126	163	226	216	243	32	148	217	49	44	106	44	33	252	69	15	4	42	241	16	72	40	81	40	
2	60	178	216	245	165	188	71	31	75	112	51	172	190	100	8	207	59	151	129	178	26	130	243	21	28	154	170	148	76	163	219	
144	215	74	77	118	2	239	252	52	64	118	231	113	39	191	69	126	204	55	236	225	184	37	95	102	175	166	128	125	144	104	185	
2	105	18	151	230	129	190	69	191	128	82	130	172	222	113	64	238	121	63	211	66	222	130	232	60	16	143	170	4	26	161	137	
126	51	170	224	217	116	254	65	171	197	173	27	137	238	119	158	252	253	251	147	158	67	186	194	251	213	143	63	195	119	175	214	
106	184	148	18	169	189	148	135	187	55	164	185	174	190	70	158	135	83	249	17	22	79	210	241	155	87	92	127	194	84	143	31	
27	141	107	207	214	146	239	119	124	65	94	198	185	46	182	100	126	171	23	141	211	152	37	255	102	45	186	192	55	134	241	253	
48	77	66	222	84	131	230	246	21	160	248	10	35	232	53	64	120	234	6	195	8	187	8	255	50	206	134	16	245	155	112	136	
134	121	114	202	238	131	254	85	207	168	240	42	172	154	117	99	238	253	223	243	192	55	8	248	54	24	143	170	23	190	163	141	
160	160	30	12	89	2	0	72	230	16	224	0	132	130	96	84	80	12	106	248	10	195	131	85	145	176	3	79	16	0	35	134	
124	107	18	234	57	141	67	208	163	168	161	72	175	211	73	20	216	248	77	122	74	3	200	188	249	212	5	121	114	147	70	34	
234	212	45	254	9	84	93	188	131	94	165	29	251	95	10	123	221	213	253	227	239	71	251	151	243	251	222	63	18	30	198	122	
182	72	114	248	118	0	254	220	157	66	244	155	75	207	61	89	126	217	31	255	234	167	12	234	182	248	143	140	55	189	112	209	
68	168	135	31	56	202	34	136	242	153	193	96	224	241	136	83	145	108	104	16	18	65	202	121	12	54	37	250	192	34	2	3	
130	221	146	159	252	132	190	228	158	11	90	34	236	254	41	64	255	123	179	195	98	216	74	255	37	54	158	202	20	91	177	139	
60	70	110	79	86	118	235	80	68	142	255	130	81	69	181	96	124	188	23	234	136	179	53	14	87	47	162	129	103	251	116	176	
54	6	67	172	21	103	74	104	17	204	249	15	99	78	51	149	216	168	21	167	45	131	80	142	177	244	136	187	61	47	118	86	
188	127	83	106	117	219	70	240	65	168	252	104	43	81	165	176	88	248	198	106	73	178	104	191	179	205	37	57	115	187	110	169	
129	28	63	247	52	236	113	22	252	73	118	80	191	159	160	96	132	59	30	24	163	188	48	111	197	191	58	192	136	128	65	57	
38	53	112	200	252	37	154	200	15	136	248	43	108	255	237	52	222	219	23	114	150	35	10	249	27	220	3	190	209	251	98	135	
185	79	95	236	52	142	94	112	21	200	246	106	59	169	177	113	254	237	23	239	233	187	96	174	242	249	160	144	127	187	96	169	
56	4	166	253	21	118	240	70	213	7	230	18	73	185	52	236	121	188	187	168	24	191	19	140	83	239	210	65	163	76	124	42	
59	87	123	238	117	135	95	124	29	9	252	102	123	29	189	48	254	251	151	231	203	186	97	191	243	253	176	138	119	155	112	171	
32	255	122	67	114	139	111	245	48	12	124	230	113	99	162	16	62	248	7	110	240	186	36	111	126	141	37	192	109	162	226	185	
70	22	254	149	226	48	189	83	189	255	23	247	140	174	239	79	231	23	175	149	180	213	167	194	86	50	122	135	133	100	165	215	
11	145	117	185	178	252	57	23	174	85	86	181	189	134	194	237	166	59	255	157	151	88	182	213	206	121	58	194	158	132	141	125	
41	251	122	69	114	223	191	245	111	236	126	172	27	157	150	48	54	60	214	104	197	184	53	93	127	13	37	36	99	178	207	253	
9	158	186	88	49	180	177	82	255	29	116	20	172	243	46	236	165	59	134	24	182	156	50	247	75	255	50	75	210	4	41	207	
63	205	98	254	20	147	238	240	213	192	223	2	105	201	181	96	122	235	31	203	236	187	44	239	178	237	174	128	55	190	112	204	
243	53	11	140	25	71	15	105	161	204	177	175	18	214	35	112	252	177	206	226	77	7	240	94	177	128	139	187	57	38	38	246	
30	245	59	224	213	223	94	225	191	237	173	31	14	223	110	16	189	185	215	179	91	179	56	214	251	213	5	127	203	15	166	118	
163	153	114	219	111	213	184	97	141	92	113	167	172	252	54	97	238	187	183	197	214	59	250	253	31	56	202	235	21	14	55	215	
104	116	185	238	77	116	93	156	19	78	252	13	123	127	91	58	221	223	245	162	141	98	250	131	243	253	244	57	243	246	102	251	
58	68	114	204	126	19	250	121	9	64	252	130	121	207	180	116	126	189	23	236	200	186	36	223	114	253	162	232	55	142	112	221	
221	223	88	135	179	114	31	188	62	110	158	230	252	102	139	196	119	71	172	238	231	197	173	255	240	231	111	151	46	247	45	125	
219	223	238	6	59	126	63	180	169	78	158	229	253	54	155	246	55	70	252	110	229	5	189	239	242	127	118	151	46	247	45	125	
72	254	220	87	224	40	101	190	58	63	126	100	245	115	137	95	35	70	110	72	34	88	139	113	102	167	118	133	170	208	207	187	
98	172	208	133	124	11	202	233	11	177	185	10	206	42	84	2	123	205	95	177	10	122	201	221	188	156	143	252	149	42	83	128	
188	214	225	222	205	117	215	254	83	222	189	127	106	125	255	167	89	202	134	98	253	102	122	187	127	219	229	191	123	253	220	215	
53	78	107	79	68	70	239	112	84	206	247	130	113	197	189	109	120	248	19	234	201	183	52	236	85	42	226	128	117	187	116	240	
114	54	43	142	60	221	195	104	207	108	157	46	230	220	186	228	216	168	206	99	207	35	232	159	176	20	139	59	85	15	126	118	
171	242	194	21	71	24	236	93	121	99	117	223	40	136	222	156	62	140	162	141	197	246	215	195	22	60	218	172	79	164	250	212	
66	152	118	217	44	148	120	150	175	88	82	33	172	159	181	107	230	63	191	132	130	221	35	241	134	248	218	130	22	132	33	95	
222	120	18	160	41	237	184	67	175	52	168	9	140	159	103	90	166	57	235	144	2	7	146	210	147	213	139	127	2	69	39	210	
51	205	103	190	30	146	206	246	196	64	216	198	49	200	178	224	110	226	31	207	237	171	6	191	176	44	170	136	61	158	120	92	
154	207	102	190	170	144	191	247	149	14	222	231	109	239	178	197	102	99	175	199	248	141	38	239	242	115	254	139	55	212	181	109	
90	141	119	158	179	208	61	231	189	85	86	179	44	246	162	229	103	51	191	129	113	137	38	255	176	55	254	139	54	68	173	127	
82	157	22	222	179	208	52	231	173	17	74	37	44	247	36	214	162	51	235	128	83	137	146	237	187	240	30	75	10	68	173	62	
187	205	103	205	85	151	238	246	85	200	90	198	105	104	181	229	120	236	22	239	237	184	53	175	38	122	138	128	127	191	112	236	
51	207	79	190	28	129	78	246	132	64	216	199	49	200	178	193	110	226	63	207	237	139	6	189	176	40	170	136	61	156	248	92	
66	120	150	188	111	216	176	198	175	221	194	35	172	154	99	74	226	125	251	81	6	205	130	224	156	112	94	203	140	12	45	79	
9	156	59	245	52	172	105	55	124	9	118	80	191	51	144	112	134	58	30	8	163	188	113	111	199	255	50	128	72	136	193	41	
56	253	120	106	112	221	83	244	97	12	124	40	63	219	34	16	24	186	135	106	74	58	104	63	251	205	32	105	114	154	78	171	
2	216	246	249	52	131	248	71	159	25	82	50	172	158	52	73	231	59	63	17	194	253	3	213	142	218	222	194	20	140	177	9	
185	92	75	173	118	147	107	246	52	98	114	230	121	47	187	224	126	236	23	236	237	156	37	255	118	239	170	128	63	149	112	249	
58	205	98	233	212	130	106	254	69	33	250	2	11	137	52	64	122	143	23	241	202	186	69	223	190	237	142	196	55	154	240	136	
147	220	107	236	118	147	235	246	117	96	222	230	121	14	183	100	126	239	23	237	233	158	37	255	240	239	170	128	53	155	112	253	
2	172	178	153	244	163	184	71	31	11	80	146	172	190	52	8	207	59	23	145	178	154	2	251	12	30	26	234	148	72	163	137	
11	92	103	207	87	150	239	246	84	72	90	198	249	56	181	229	126	104	18	239	229	184	53	255	36	46	170	128	127	158	113	252	
90	162	180	176	171	121	28	15	171	255	189	57	140	190	206	158	163	23	237	17	22	73	226	192	159	215	126	255	130	68	143	87	
253	214	60	232	236	95	95	185	19	126	181	93	219	127	26	115	221	212	253	46	249	102	249	23	255	219	229	252	90	170	198	115	
130	249	82	156	110	129	188	97	159	128	80	162	172	206	112	65	238	123	51	195	66	222	130	233	52	16	206	138	20	40	161	137	
122	177	176	240	185	253	48	143	171	125	188	61	142	191	78	154	165	155	253	17	30	106	210	208	223	213	29	255	218	68	143	91	
21	92	107	206	22	102	235	80	68	200	223	98	80	212	181	100	122	100	54	239	129	177	37	204	17	46	163	128	37	235	117	101	
2	188	178	153	247	165	184	199	31	11	80	59	172	190	100	8	207	59	151	17	178	26	210	243	13	28	26	234	144	76	163	155	
237	159	109	225	172	111	95	186	23	254	182	92	211	61	146	123	93	212	125	110	249	116	121	62	207	219	229	244	58	233	212	115	
9	185	106	64	209	159	125	119	161	228	110	4	57	135	18	176	36	186	211	156	209	155	48	92	111	205	5	64	3	128	238	248	
175	214	226	222	237	116	181	255	91	222	85	119	104	252	255	205	221	106	183	167	245	102	62	234	62	91	255	171	31	124	248	215	
24	124	190	117	115	250	177	70	252	198	102	32	60	158	35	59	162	121	194	16	37	253	48	104	71	231	18	3	195	80	47	219	
50	161	82	140	126	129	238	105	31	128	248	10	108	234	124	80	122	169	23	227	82	43	10	223	188	156	139	172	53	42	97	136	
27	204	106	205	118	147	235	246	124	64	254	130	57	15	182	32	126	155	151	173	203	187	37	223	118	109	186	128	119	138	112	249	
120	86	232	109	77	95	85	121	81	238	245	61	75	61	22	156	217	156	229	42	200	182	241	138	87	255	241	183	107	254	222	243	
10	142	39	184	187	225	153	207	135	21	152	163	172	239	98	196	79	187	171	145	26	11	102	255	188	86	159	251	151	76	53	250	
75	190	50	90	113	188	48	246	255	29	124	84	172	250	38	212	165	43	238	16	182	9	178	247	187	255	18	75	194	4	171	79	
56	204	102	254	148	51	206	251	85	2	247	2	123	105	176	97	121	238	31	170	232	247	45	191	242	235	247	144	55	248	240	8	
88	251	26	174	57	141	86	180	171	9	184	77	190	219	64	80	196	243	205	65	78	11	218	183	249	245	14	122	8	26	139	27	
89	157	30	124	181	220	116	103	237	73	110	8	190	187	38	246	160	51	220	0	117	169	50	255	251	255	20	91	74	4	203	15	
58	132	98	235	84	155	234	119	69	97	254	2	59	9	180	64	126	139	23	169	138	187	101	223	126	205	170	192	55	142	240	136	
60	236	240	124	207	89	222	202	83	162	236	10	107	249	93	180	123	216	147	138	74	38	94	243	127	223	133	61	247	255	74	130	
194	120	114	250	107	188	248	84	239	73	121	49	172	222	228	120	166	185	255	213	130	13	162	243	151	252	10	202	86	135	35	95	
26	128	166	249	149	246	240	67	117	17	234	18	43	169	52	204	233	134	171	144	30	249	17	197	155	254	210	67	163	76	252	14	
167	165	97	9	245	159	234	105	95	105	121	86	200	88	188	165	216	8	18	61	247	178	125	222	44	24	135	102	223	14	248	148	
177	205	71	190	28	144	206	246	196	64	216	198	51	232	179	225	104	226	31	207	237	171	38	189	176	40	170	152	61	190	120	92	
167	217	98	218	125	149	190	228	141	88	81	55	236	220	62	97	238	59	151	215	246	63	58	253	63	56	138	234	21	31	181	223	
57	211	127	239	117	6	95	252	21	8	244	98	123	93	189	97	254	219	23	234	203	178	105	189	247	249	162	128	119	155	112	171	
49	223	95	71	118	11	255	244	36	64	126	230	113	103	163	16	62	232	23	238	193	176	45	109	118	143	33	128	111	179	106	249	
9	157	115	7	118	255	235	115	125	232	127	238	59	60	150	164	62	171	22	173	181	184	53	223	14	92	32	224	111	142	65	253	
95	31	114	140	187	82	63	59	169	238	158	167	77	126	163	246	118	117	253	166	229	1	173	206	242	255	175	151	46	246	45	117	
93	62	220	61	179	90	95	185	57	206	119	237	127	102	131	213	183	237	228	38	253	208	57	78	234	247	101	131	170	228	14	113	
55	85	67	174	117	103	83	120	1	200	249	239	115	86	171	53	220	185	149	102	13	179	120	156	145	244	161	154	61	175	118	247	
45	51	249	234	253	53	95	221	71	200	252	72	123	253	217	56	220	218	215	252	155	170	114	168	123	221	37	248	251	223	226	251	
111	223	228	95	253	91	149	189	91	255	53	239	72	124	223	175	207	214	182	119	245	114	255	253	46	123	245	254	223	255	220	213	
45	119	249	239	252	62	95	221	3	203	253	76	219	127	219	58	221	218	215	46	139	98	251	137	103	253	229	188	218	250	198	241	
27	206	71	141	52	210	206	246	85	74	218	199	113	104	183	228	88	230	63	239	237	185	69	255	50	111	174	128	63	254	120	92	
202	153	214	158	235	208	52	231	189	81	78	177	44	246	166	247	162	115	187	128	119	201	178	237	50	115	94	203	14	4	175	95	
33	229	113	73	244	203	231	253	87	37	124	98	18	85	188	52	90	24	6	120	211	186	101	95	45	28	36	100	119	138	214	173	
73	157	22	119	49	172	112	54	237	9	126	68	191	179	160	240	132	51	124	8	177	185	16	47	231	255	50	64	74	128	73	41	
66	123	150	145	99	240	184	71	190	149	66	163	172	206	99	200	230	63	171	145	6	217	130	208	156	50	218	195	132	4	173	143	
51	207	78	190	30	129	78	246	132	64	216	199	49	232	178	192	110	226	31	207	237	139	6	191	240	46	170	136	61	158	120	92	
66	121	22	144	235	233	188	71	175	61	90	35	172	158	103	74	162	59	251	145	22	25	130	208	149	16	26	171	128	84	173	203	
134	149	146	157	252	133	190	239	158	27	88	34	236	254	61	64	255	123	179	225	98	82	10	255	44	62	207	138	20	88	177	139	
2	206	166	157	17	182	168	103	30	7	66	215	172	174	55	204	237	43	163	133	164	220	23	255	13	54	218	3	155	4	41	220	
30	159	126	144	162	187	188	99	173	175	191	183	76	174	166	151	167	55	239	162	244	137	5	198	186	87	127	199	39	230	173	71	
52	228	146	50	205	141	86	205	51	59	161	25	66	217	109	152	249	202	194	210	90	39	138	179	187	214	149	127	211	95	234	130	
155	4	107	237	118	50	107	126	117	66	118	214	121	15	179	101	126	173	23	173	169	190	37	223	242	239	186	128	53	136	113	249	
231	59	98	28	107	16	184	104	137	220	240	239	8	204	247	143	254	237	247	231	149	99	166	196	22	56	203	238	79	173	59	213	
66	179	187	145	186	249	185	23	174	253	158	247	156	190	198	238	167	23	255	17	147	73	163	208	140	22	63	247	140	70	133	119	
233	24	120	125	108	31	89	48	83	230	244	185	219	61	151	188	95	252	247	14	216	190	245	146	71	255	113	186	87	173	86	241	
109	152	189	117	236	111	83	178	211	254	62	29	18	61	67	122	133	244	125	14	153	124	113	18	207	255	241	244	218	233	84	115	
189	127	112	72	254	19	206	248	97	12	244	239	11	8	183	149	126	136	70	238	204	35	68	220	50	72	33	236	127	189	106	197	
138	138	190	88	49	252	49	210	255	93	116	17	172	223	38	204	167	11	143	28	182	173	34	247	75	127	18	75	210	133	45	207	
26	157	55	250	27	228	51	230	175	81	200	3	60	247	40	64	231	51	155	129	51	11	26	247	249	230	26	75	144	0	37	251	
41	223	122	110	116	203	215	244	68	76	252	110	115	89	179	49	94	248	6	106	232	186	100	61	118	139	36	161	127	187	74	155	
15	250	252	147	226	48	189	215	46	127	94	247	140	174	222	74	167	95	191	149	151	216	175	224	78	55	254	194	143	212	173	221	
154	133	118	222	251	240	28	103	149	23	223	179	105	110	174	229	111	147	143	128	126	139	7	247	58	118	218	195	55	132	172	31	
56	255	81	110	113	157	94	247	49	40	124	236	63	71	128	144	158	250	132	110	107	186	64	63	242	221	36	184	122	154	202	185	
61	78	123	238	36	10	95	112	69	200	251	98	127	41	177	112	250	229	21	239	201	179	97	172	242	255	160	128	111	187	96	33	
130	232	114	222	110	129	190	97	157	2	80	147	172	158	52	65	238	57	151	199	224	159	2	235	52	24	202	138	21	44	33	153	
122	126	114	222	127	209	154	228	137	204	188	175	44	220	39	4	174	241	215	67	134	43	42	255	115	85	8	187	119	31	127	95	
43	93	71	174	108	82	206	252	197	74	216	231	112	248	181	224	220	227	182	231	205	163	78	239	48	47	238	136	61	127	120	29	
10	174	50	88	125	253	248	199	251	93	116	49	174	205	54	148	161	43	199	28	166	45	162	247	15	127	18	75	210	140	239	223	
202	207	103	222	251	144	60	175	157	15	94	243	105	239	180	197	103	243	175	128	246	11	38	255	50	118	222	139	55	212	173	109	
26	157	55	250	155	228	179	99	141	5	201	35	124	255	32	64	226	179	155	144	18	139	50	255	249	231	10	75	179	3	165	114	
95	95	234	102	187	124	127	185	233	206	191	173	127	254	223	247	183	119	253	103	229	69	189	238	251	125	103	155	47	247	175	87	
186	44	98	233	116	187	122	82	125	104	118	155	143	141	150	52	190	185	215	28	186	188	100	210	198	221	32	224	119	141	82	209	
51	17	67	172	69	71	79	113	33	204	241	239	67	22	43	21	252	189	132	166	205	179	112	140	177	244	160	138	121	174	98	247	
205	26	59	80	229	220	97	48	253	238	119	20	218	147	246	252	96	44	166	90	241	188	178	230	95	251	242	192	66	137	84	117	
175	222	105	90	238	117	191	255	95	126	117	255	88	60	255	173	31	91	151	47	247	118	111	243	110	91	109	174	223	253	201	245	
25	219	125	239	116	22	255	252	68	72	220	98	249	93	191	96	126	216	23	239	203	178	109	237	103	237	166	128	127	155	112	249	
61	195	123	237	116	15	95	252	69	72	254	66	91	73	184	96	252	216	23	238	203	179	105	189	243	237	160	196	127	187	112	161	
218	145	119	254	139	192	23	97	189	0	195	178	92	255	40	229	114	183	187	226	113	139	186	229	243	226	74	75	55	2	165	51	
167	177	70	129	247	155	160	97	93	240	81	86	136	24	182	165	250	9	146	61	245	184	85	220	62	89	143	198	93	12	249	149	
194	204	86	250	58	128	56	167	191	17	66	145	172	138	52	81	166	51	121	133	98	77	131	253	160	58	26	74	20	128	161	12	
57	91	123	79	114	3	239	240	36	192	126	230	113	103	177	48	126	228	23	238	193	176	45	109	118	173	160	128	111	179	106	249	
61	91	65	174	118	111	91	88	5	72	249	239	115	93	171	176	94	248	23	102	141	178	124	157	242	237	161	144	127	191	82	241	
171	246	97	1	116	151	234	88	119	75	212	246	25	28	150	164	31	136	22	189	175	182	101	223	14	79	177	196	111	141	122	213	
45	189	249	109	252	47	95	147	75	233	60	72	147	63	212	50	205	252	87	12	145	58	241	26	103	253	165	180	210	232	210	243	
22	143	46	186	186	227	155	234	134	28	217	163	229	239	50	65	76	187	143	247	58	11	78	253	248	1	170	249	181	143	180	211	
235	89	99	84	108	220	233	20	253	208	118	172	184	156	183	253	78	40	178	92	165	122	246	232	38	56	192	10	78	157	80	253	
82	147	250	150	226	16	188	113	173	47	95	231	77	174	238	66	54	55	239	133	212	153	140	193	118	36	238	135	47	230	173	221	
100	187	180	90	253	249	215	135	203	159	60	56	162	249	197	62	201	114	198	80	18	106	234	176	111	22	117	123	210	89	198	167	
99	164	32	154	77	181	152	143	143	23	137	29	172	206	126	207	205	3	251	149	190	43	219	209	143	84	154	127	144	76	153	222	
49	77	103	190	28	144	206	246	212	64	216	198	49	232	177	224	108	226	31	207	237	171	38	191	176	46	170	136	61	191	112	92	
66	125	18	144	235	201	180	71	175	13	90	163	172	158	102	64	162	59	235	145	82	25	130	208	189	16	30	235	128	22	173	203	
2	91	150	153	195	180	184	71	190	21	74	199	172	206	98	200	230	59	171	145	150	216	150	241	5	48	222	67	128	20	173	222	
232	72	120	85	79	221	248	38	115	160	102	10	59	25	21	61	42	188	243	72	32	122	247	189	87	235	80	33	103	136	94	170	
201	157	22	94	33	156	52	119	237	8	110	68	190	243	32	247	164	115	250	74	83	137	146	237	179	248	82	10	74	4	171	15	
164	247	115	65	246	139	227	125	125	44	124	242	16	5	180	52	126	24	6	120	243	188	100	94	45	28	37	196	119	138	198	165	
185	196	106	239	22	179	234	119	117	67	247	18	123	11	188	96	123	142	23	168	168	191	37	223	242	239	178	128	55	200	240	200	
33	181	105	194	244	23	239	253	85	232	253	110	243	124	252	36	94	154	23	253	217	186	109	142	107	141	167	236	125	138	240	253	
47	219	237	215	238	17	187	188	75	253	85	239	248	60	215	174	79	85	183	95	213	122	239	241	14	91	111	238	223	191	221	245	
102	233	167	90	253	209	247	225	195	157	189	8	66	248	124	39	201	114	114	81	90	107	234	245	63	24	197	127	211	30	246	230	
166	221	50	218	237	133	190	236	159	88	80	51	236	222	61	65	254	251	151	199	226	55	10	247	53	56	142	234	21	29	241	219	
74	149	118	152	219	240	188	231	157	23	206	179	40	190	46	197	235	147	179	129	54	11	6	247	31	119	218	203	151	68	173	222	
51	222	99	143	52	210	206	127	85	74	90	230	112	108	180	224	90	238	54	173	237	184	101	255	54	62	174	128	127	254	120	93	
2	184	50	88	125	252	248	71	251	93	116	57	172	158	118	28	161	59	211	21	54	45	178	247	31	126	18	107	210	4	239	223	
103	250	96	138	60	145	154	184	143	236	157	237	168	204	214	244	198	229	253	87	199	7	239	247	186	28	169	250	30	143	94	93	
35	224	39	220	77	213	233	236	195	124	220	10	120	252	127	167	249	200	50	237	70	115	190	209	63	24	199	111	87	62	118	238	
2	255	114	142	123	209	186	228	137	4	156	171	44	222	103	2	174	243	223	195	6	11	138	253	62	84	142	171	23	31	47	223	
75	189	182	158	203	208	180	231	173	85	76	39	172	254	38	215	166	59	251	129	86	201	178	229	63	114	94	75	3	68	175	222	
218	23	102	196	171	86	189	123	169	236	158	167	72	174	183	231	230	245	253	165	236	67	183	200	50	121	207	159	39	228	61	95	
61	19	83	238	100	7	95	120	1	200	249	239	91	127	171	48	222	168	22	238	221	179	112	140	178	233	160	128	127	175	98	241	
184	196	98	235	84	187	234	117	85	35	251	18	75	73	188	64	123	139	23	161	186	183	109	223	62	205	170	196	119	139	240	128	
130	162	164	155	9	181	152	47	142	29	129	145	236	206	94	202	205	19	235	145	86	79	203	211	13	48	218	255	16	14	189	206	
99	91	98	140	123	144	154	76	137	196	248	207	40	204	55	150	238	161	211	245	132	35	214	220	54	120	138	187	95	190	63	221	
154	156	54	152	91	245	176	74	255	95	236	19	44	158	38	205	231	51	139	145	54	13	50	247	27	127	26	75	147	5	45	79	
153	4	110	255	86	50	109	119	117	66	246	146	123	47	177	97	127	174	23	172	184	254	37	239	242	239	242	128	183	200	112	232	
201	91	62	88	101	220	113	84	253	76	118	52	62	223	167	253	230	56	182	88	163	188	34	226	87	251	114	139	82	149	109	127	
138	152	38	89	53	252	241	150	191	93	118	149	174	221	62	77	135	19	255	17	166	252	50	215	79	127	18	195	210	4	93	127	
219	150	118	4	115	114	25	123	57	238	246	189	78	62	134	247	183	149	221	164	189	207	165	206	218	127	57	151	47	228	47	87	
130	232	82	159	110	129	190	102	30	2	80	18	172	202	48	65	111	107	51	195	98	158	74	255	36	50	218	136	20	25	161	137	
218	153	114	222	107	208	180	101	237	5	253	163	44	254	38	212	166	187	235	193	70	11	146	229	50	112	10	11	95	6	175	159	
223	55	114	100	251	84	191	123	249	206	156	191	108	255	151	119	183	245	253	167	228	71	180	206	123	123	111	175	103	228	47	87	
89	105	106	238	22	18	207	120	69	192	215	130	123	207	179	96	122	236	31	238	201	163	172	205	242	233	163	152	55	191	112	96	
56	189	251	228	119	223	115	114	171	233	124	42	30	191	32	48	166	127	151	80	145	185	176	174	127	253	37	226	226	42	71	243	
2	184	50	216	117	253	184	71	191	93	112	49	172	158	118	8	163	59	147	17	54	124	50	215	15	22	26	107	208	12	231	223	
61	91	107	111	86	2	111	112	100	192	255	230	113	111	177	48	126	228	22	238	201	179	45	109	114	237	160	128	111	179	96	249	
98	161	35	64	93	211	229	103	197	44	190	8	10	152	182	180	136	182	222	168	88	171	32	213	51	28	128	251	67	12	246	102	
115	137	103	76	223	92	236	103	205	64	110	10	56	28	54	246	104	130	82	77	213	187	53	205	55	56	128	2	119	140	216	252	
82	179	122	164	114	218	184	99	169	13	251	235	13	206	174	80	182	189	135	161	214	155	164	205	218	117	43	227	39	36	39	215	
36	187	252	91	234	137	183	159	139	181	60	237	172	41	199	30	135	91	230	80	210	106	202	241	110	18	116	251	215	201	207	143	
98	169	177	216	253	217	146	174	203	153	184	42	174	56	215	166	203	82	254	81	22	107	226	247	63	28	20	251	214	12	94	79	
115	21	98	140	95	149	222	105	139	68	153	143	104	204	63	132	252	177	211	229	204	35	20	221	51	124	139	191	95	126	127	222	
53	91	105	77	118	11	207	248	68	104	124	238	115	69	183	96	126	232	23	238	201	178	109	61	118	141	161	144	125	187	80	249	
23	94	238	190	18	162	111	118	180	194	218	231	121	239	179	65	110	239	63	143	233	219	6	238	176	46	254	128	173	245	57	217	
18	95	114	206	87	209	190	228	137	4	184	171	108	223	39	0	254	243	151	195	70	11	8	253	51	84	10	187	23	30	47	223	
33	223	105	77	118	11	239	252	68	104	124	238	115	101	147	32	62	234	23	238	201	186	109	61	102	141	37	160	125	186	66	249	
35	214	98	159	118	147	174	125	95	75	95	231	104	232	190	196	127	170	183	141	215	154	77	255	54	62	190	138	63	142	248	157	
202	153	114	158	219	208	186	103	175	85	237	179	44	254	38	212	238	187	187	193	86	11	174	245	51	112	26	235	23	4	175	223	
103	181	176	138	253	125	144	207	207	121	185	25	206	248	94	142	217	3	251	17	23	99	218	211	159	92	159	127	218	78	219	214	
102	134	160	170	205	53	216	143	27	21	137	29	206	238	94	88	221	147	219	21	158	3	218	211	159	84	154	127	146	78	158	214	
177	77	111	254	28	179	207	242	212	64	220	198	51	236	177	100	104	226	30	207	233	171	38	191	176	46	170	136	61	251	112	108	
134	205	18	155	236	137	190	236	158	18	80	146	236	206	56	73	255	107	51	195	98	54	74	247	36	18	222	234	20	25	177	137	
162	221	118	216	236	133	188	239	159	88	240	163	172	252	53	73	254	251	151	229	226	106	66	253	52	26	207	170	85	92	113	219	
66	163	128	154	217	165	152	79	143	5	136	17	172	238	110	64	205	155	203	145	22	11	210	243	149	52	154	123	144	76	175	206	
222	168	32	184	153	225	26	138	159	55	129	153	142	222	74	27	201	145	249	241	62	71	219	247	155	211	219	127	144	5	5	82	
134	200	18	159	108	129	190	228	158	2	80	2	236	202	57	73	255	107	51	195	98	222	74	249	36	50	218	136	20	89	161	137	
190	139	38	184	141	135	79	121	134	28	209	135	197	199	50	68	204	161	191	231	248	139	74	159	248	50	203	221	54	172	180	82	
161	214	119	73	118	139	175	247	93	44	126	226	64	5	180	36	127	24	6	104	225	188	37	223	44	30	36	196	119	154	196	173	
94	157	87	216	155	240	18	226	149	16	236	34	76	247	36	245	234	179	179	240	59	11	50	253	187	240	203	75	63	5	45	54	
3	214	119	67	103	219	172	229	92	107	114	98	232	24	180	165	255	24	150	107	213	184	45	253	44	90	254	198	87	30	241	173	
24	4	110	255	150	50	108	255	117	67	246	2	123	43	184	105	127	206	23	170	184	250	37	237	246	239	242	128	183	217	240	136	
15	251	233	135	110	153	187	144	139	236	29	231	253	220	214	38	110	117	247	223	199	48	239	241	78	93	171	238	31	175	21	245	
111	126	105	8	126	189	187	16	203	236	157	239	188	204	215	164	150	33	223	103	133	35	236	223	86	28	43	186	31	175	27	85	
123	26	226	84	115	242	57	114	57	239	118	191	12	30	134	253	182	181	183	133	181	222	165	204	94	127	120	195	239	132	46	87	
202	157	114	154	251	208	154	99	169	69	253	179	44	222	46	213	238	187	131	195	118	11	174	247	50	112	10	235	95	4	175	223	
61	81	121	238	126	83	75	120	69	232	253	238	123	87	187	48	94	169	23	238	137	178	108	157	242	205	161	188	127	187	98	241	
10	156	54	152	219	244	176	71	191	95	108	17	44	190	38	77	165	51	187	17	54	45	50	247	95	118	90	75	210	68	173	223	
60	196	98	249	212	179	238	255	85	3	247	18	75	233	188	72	123	138	23	171	250	183	45	223	246	207	163	196	247	217	240	128	
75	119	107	136	118	191	191	83	88	204	156	239	157	156	183	224	182	57	223	109	133	35	164	222	118	93	43	186	95	190	31	117	
58	156	114	250	119	213	126	246	23	13	124	163	41	255	62	0	255	251	151	193	94	186	32	255	115	223	154	203	119	142	228	219	
23	77	239	190	150	130	238	119	148	192	218	199	113	238	179	224	126	239	63	205	173	219	36	238	176	46	174	128	173	254	176	220	
102	167	240	130	255	249	176	207	207	57	57	59	140	248	238	172	163	27	203	17	22	41	136	210	60	20	31	255	214	94	143	135	
189	77	111	254	148	178	207	118	212	194	222	198	113	236	179	97	120	226	63	239	233	139	44	239	240	47	174	136	61	251	112	108	
194	189	50	152	219	244	176	231	191	93	72	19	172	190	102	66	167	59	179	17	22	75	178	247	31	52	26	75	144	4	167	223	
110	132	128	184	189	253	210	203	27	55	169	25	142	190	110	24	201	27	147	21	62	3	218	210	155	213	139	127	146	77	159	198	
130	189	50	152	219	240	176	230	191	85	68	179	44	222	38	85	239	187	179	193	54	11	178	247	63	48	154	107	23	4	175	222	
58	181	50	234	217	197	156	111	29	13	249	25	174	223	46	80	217	155	135	144	122	10	74	215	187	213	158	91	211	6	167	203	
162	157	114	152	219	241	176	230	159	85	228	179	44	254	38	213	239	187	147	193	54	43	50	255	63	114	26	107	19	5	47	222	
2	141	118	157	238	137	188	239	158	18	88	130	172	254	53	65	239	11	55	161	194	58	66	209	44	26	223	174	21	120	49	137	
2	201	198	157	236	129	172	239	142	2	88	2	172	234	49	64	255	107	51	193	66	154	66	243	52	54	206	168	21	120	49	137	
110	164	176	168	217	237	18	203	27	55	169	25	142	255	74	88	217	155	223	145	58	2	218	211	155	213	11	127	146	69	166	66	
254	104	176	176	137	237	80	134	147	182	160	25	143	159	67	27	201	181	253	209	42	78	210	178	219	211	219	127	146	29	6	90	
41	31	94	79	114	139	254	240	36	96	126	231	113	101	177	16	62	162	23	238	193	176	13	125	102	143	32	128	125	251	74	153	
23	255	115	162	114	139	79	240	57	64	121	238	119	70	145	53	54	169	21	239	233	146	44	125	176	200	41	160	45	179	35	125	
31	201	238	235	126	18	251	152	167	81	95	130	121	207	251	98	110	213	63	221	202	184	47	241	78	237	175	196	183	162	113	249	
15	57	106	229	126	153	251	80	207	236	31	167	189	205	247	32	46	61	255	205	135	49	172	209	102	93	171	160	47	175	17	241	
54	205	110	249	148	11	238	254	85	35	250	2	75	105	52	73	123	203	23	227	184	243	9	253	178	239	255	196	183	249	240	128	
2	156	54	152	219	244	176	103	191	87	72	19	172	190	38	73	163	59	179	145	54	79	50	245	15	54	90	75	144	68	165	222	
2	91	113	77	102	3	171	220	78	12	124	230	248	118	181	36	62	121	23	238	129	176	37	253	36	28	42	130	93	187	101	253	
20	201	239	231	54	10	105	176	100	145	119	2	115	107	152	122	126	253	53	200	216	248	109	40	222	235	231	128	229	162	96	41	
123	58	226	220	118	22	248	118	121	201	84	167	44	191	182	125	254	189	151	133	180	251	164	204	26	126	218	138	39	164	103	223	
66	157	182	220	225	252	176	39	175	95	74	17	172	190	38	74	165	51	251	1	18	217	178	225	15	54	90	75	128	68	165	219	
235	216	98	216	117	244	250	182	189	79	214	183	168	188	182	124	239	179	191	149	182	143	52	231	23	127	154	203	143	5	125	95	
98	28	98	220	125	180	184	118	9	203	220	183	44	190	182	96	238	191	183	133	148	63	163	239	23	62	154	170	23	12	117	223	
34	173	52	217	125	143	188	103	31	185	120	10	172	190	84	1	239	59	151	1	242	122	67	221	63	26	31	234	85	76	131	155	
64	45	144	157	236	47	188	15	62	187	88	0	172	170	81	74	195	47	123	17	82	120	195	192	44	52	95	110	128	72	131	137	
130	189	144	213	253	141	188	103	63	185	120	24	172	186	84	16	239	47	119	17	114	250	195	218	61	24	31	234	128	68	163	139	
66	189	182	149	237	236	184	39	171	27	90	24	172	190	68	66	199	63	251	1	18	88	210	195	13	54	94	130	128	64	133	27	
64	132	148	149	108	47	188	47	62	187	58	16	172	42	64	91	199	39	110	0	112	252	195	194	140	50	95	34	16	96	1	137	
