Ê¥ÂÞÀ¼Ó¨ÁÁ´¿÷È´½¸à	#41 ¸æ°×£¨ÐÂÉ«£©(ÈÈÂô)	http://www.yslbeautycn.com/on/demandware.static/-/Sites-ysl-master-catalog/default/dw89b412c9/Makeup_Pro_img/00031YSL/00031YSL/L9341700U_2.jpg	//www.yslbeautycn.com/dw/image/v2/AARM_PRD/on/demandware.static/-/Sites-ysl-master-catalog/default/dw3d7e468e/Makeup_Pro_img/00031YSL/L9341700U_815.jpg?sw=336&sh=444&sm=fit
37	77	101	95	164	111	237	149	76	242	127	64	243	48	149	111	75	102	126	110	193	176	125	120	37	186	103	20	93	250	80	236	
191	89	114	232	166	18	222	221	73	88	244	163	91	77	183	101	126	217	149	255	200	37	46	252	242	249	39	140	119	191	240	221	
2	140	128	159	92	163	42	206	22	3	88	2	232	226	33	72	89	43	51	128	2	186	75	255	4	54	154	136	148	75	48	136	
40	60	243	85	113	232	113	82	235	141	124	40	58	181	69	62	10	126	87	24	2	250	226	104	79	156	16	43	195	224	70	235	
32	204	0	155	124	161	168	206	30	51	80	18	160	200	56	72	217	10	51	129	34	62	75	183	4	22	155	108	20	72	16	136	
130	121	226	230	231	221	190	69	141	232	146	175	44	157	117	2	174	243	223	199	192	227	160	232	55	24	142	187	7	126	181	223	
2	140	150	156	252	131	190	238	158	130	80	2	172	234	49	65	207	107	59	129	96	201	2	255	44	54	222	136	148	104	33	137	
6	121	150	147	238	131	188	69	142	176	146	34	172	142	101	74	238	61	191	209	64	215	2	248	60	24	143	170	148	26	161	137	
39	185	105	1	244	223	229	115	94	236	16	14	146	24	246	33	137	42	22	29	213	184	117	252	76	8	37	228	213	137	208	196	
255	95	95	190	42	222	87	48	141	206	255	236	127	118	163	251	198	241	188	102	233	131	98	44	208	227	96	152	16	255	12	113	
90	193	226	229	246	16	254	23	123	129	90	146	9	175	244	96	118	207	55	209	218	152	165	194	190	253	158	200	167	188	240	5	
63	64	226	233	86	19	238	84	85	194	215	130	89	205	183	108	126	236	23	255	141	183	36	206	114	79	163	132	39	191	240	228	
187	153	102	164	7	86	214	119	81	232	222	39	106	61	54	7	252	247	151	231	252	251	113	205	243	123	235	147	39	44	116	223	
101	177	177	65	240	77	165	159	106	233	59	108	146	180	204	48	149	30	84	16	147	56	249	18	45	156	53	246	200	66	194	241	
187	25	240	229	239	87	222	117	9	232	188	175	107	63	215	53	222	247	151	230	204	58	97	232	119	217	237	178	119	254	196	127	
118	233	114	232	254	9	254	204	233	16	240	10	15	202	61	16	122	201	95	243	138	39	10	213	178	216	139	236	117	155	227	129	
54	170	234	154	207	241	152	202	159	23	148	187	40	204	119	140	235	187	163	149	30	71	142	243	26	85	155	251	181	77	61	214	
227	131	102	204	205	209	124	45	141	84	214	143	104	174	190	247	238	135	183	229	212	27	230	213	62	120	202	207	63	140	252	95	
134	64	114	206	108	137	250	64	205	1	249	26	236	202	60	2	254	97	95	99	130	165	10	225	20	56	10	184	85	27	83	129	
202	140	180	24	237	249	176	142	207	87	44	25	172	204	127	123	131	3	235	21	38	111	234	243	95	83	82	63	150	76	77	78	
90	178	148	242	43	201	56	204	187	61	181	185	140	239	76	27	167	159	253	144	18	75	202	241	219	211	91	255	130	5	7	91	
3	73	39	25	253	159	228	230	207	248	88	70	184	184	245	165	201	104	50	221	133	184	119	252	44	26	199	46	223	60	120	156	
69	53	185	65	240	110	49	27	106	233	59	124	214	119	205	58	151	126	124	24	147	112	249	2	77	158	53	246	200	227	195	113	
37	181	81	65	253	207	199	233	79	57	185	72	210	113	140	164	217	26	82	106	91	50	121	149	45	158	133	118	83	42	210	160	
226	155	98	158	239	84	188	237	219	94	245	175	104	252	182	113	254	191	183	199	212	59	234	241	63	58	218	235	23	44	245	215	
47	29	103	93	231	115	255	115	85	70	127	166	40	61	183	109	110	50	146	174	177	176	53	253	71	127	192	131	119	237	116	244	
83	209	123	193	50	136	57	181	172	81	23	242	157	151	248	96	39	23	63	157	211	153	165	197	252	168	190	196	4	130	161	121	
131	138	247	81	116	158	232	23	125	27	114	112	184	24	148	237	143	50	126	25	179	252	101	196	12	62	114	194	206	136	193	173	
90	99	98	160	43	129	56	73	175	172	179	235	13	207	108	82	254	181	239	242	74	3	195	208	186	208	139	191	39	134	39	19	
60	235	67	47	112	14	111	240	33	44	241	205	91	199	144	16	126	237	71	238	200	178	236	61	180	233	163	228	103	163	102	225	
19	141	107	205	86	146	237	119	116	64	94	194	49	44	182	100	126	175	23	141	209	184	37	207	52	44	186	128	37	136	241	252	
63	9	102	94	119	148	248	65	109	197	117	135	105	200	183	252	250	168	183	221	156	178	54	204	18	121	138	203	247	166	127	244	
34	249	34	154	95	193	186	230	158	68	88	163	172	220	54	0	232	59	147	195	66	186	30	253	61	20	142	235	21	30	53	218	
61	84	113	77	100	95	239	121	85	234	250	78	83	92	149	164	126	140	86	47	201	182	117	158	52	206	167	132	127	186	82	181	
168	73	127	94	108	217	239	228	204	68	116	173	184	204	183	103	234	98	130	79	195	39	62	249	117	57	82	9	85	155	117	252	
3	75	66	141	116	145	174	244	205	72	88	231	169	136	183	228	110	107	22	239	197	184	6	253	36	56	170	136	31	191	121	157	
210	221	15	188	45	194	125	103	148	74	198	51	120	247	34	97	200	183	57	202	121	143	50	239	243	255	218	203	22	32	188	106	
132	200	22	155	124	137	190	205	142	16	80	2	236	202	57	65	167	41	110	83	98	37	10	253	164	48	11	124	20	27	129	137	
4	128	23	191	13	167	100	169	246	146	131	16	225	226	40	89	241	96	42	170	48	197	27	93	5	130	211	4	144	115	96	0	
78	235	182	248	75	208	184	201	175	21	164	169	140	223	102	218	238	185	235	208	18	11	130	209	219	209	138	255	146	4	167	210	
25	133	106	233	214	179	235	115	86	97	95	130	25	45	178	96	127	154	23	188	146	184	37	159	126	205	162	196	183	202	240	225	
136	159	61	251	159	249	145	239	158	21	88	58	174	93	32	193	206	51	139	81	50	40	107	191	175	209	10	91	80	8	133	235	
120	93	125	236	60	68	71	58	133	12	220	3	55	25	49	66	72	194	31	111	104	43	115	175	241	254	162	24	54	153	116	107	
74	185	150	248	155	192	56	202	175	21	128	33	172	223	100	222	230	123	251	208	18	75	218	241	155	241	26	123	146	5	175	210	
220	96	227	212	64	70	237	80	49	134	243	82	89	135	253	254	120	253	53	234	105	215	176	194	83	232	251	132	35	241	103	176	
3	91	3	140	119	150	174	244	205	72	216	230	44	168	183	228	238	97	150	239	197	171	4	237	48	60	174	138	95	190	57	157	
87	81	74	162	118	142	122	240	173	232	87	79	94	214	187	112	246	229	63	239	197	147	28	252	248	169	43	198	45	51	59	83	
128	157	61	251	31	233	48	175	223	81	108	50	190	61	32	97	226	19	138	65	118	40	43	191	239	179	18	91	16	8	141	43	
60	69	83	108	85	78	71	120	113	166	231	8	91	17	41	53	120	204	4	106	104	183	49	12	243	235	64	5	99	187	102	34	
66	56	178	219	75	228	184	74	31	91	80	7	172	222	101	72	229	59	179	145	130	94	210	241	29	48	218	235	144	5	37	219	
34	204	32	155	108	173	168	206	94	59	112	18	172	200	112	9	201	42	51	1	226	126	74	247	5	22	218	188	84	93	81	136	
54	13	66	158	84	162	206	97	149	0	249	2	96	232	61	65	120	234	23	227	120	163	10	255	50	46	130	152	53	235	240	128	
252	89	99	252	76	196	101	112	145	142	243	3	81	247	33	91	72	236	55	78	72	199	242	136	209	170	226	8	51	185	116	242	
20	147	119	199	38	66	187	248	101	140	211	226	89	207	172	100	126	221	191	226	209	177	45	204	24	162	99	196	39	163	37	97	
58	57	231	184	87	209	176	71	135	85	96	35	44	221	99	136	232	59	179	17	23	248	50	160	95	65	144	75	227	12	126	218	
242	95	82	236	98	34	142	86	137	140	248	231	45	143	181	3	254	245	7	229	233	131	4	200	176	176	170	152	13	241	33	25	
18	162	223	188	75	66	184	106	170	149	240	131	13	238	100	10	255	157	227	129	18	203	130	193	153	231	219	239	133	32	39	130	
33	160	219	33	114	131	51	67	254	161	162	16	60	131	64	80	243	13	74	28	18	251	129	83	92	157	51	98	192	128	99	169	
162	169	54	218	253	165	184	239	31	121	80	27	236	222	116	9	223	59	247	119	178	90	74	255	31	26	223	238	20	12	147	219	
16	176	154	164	31	203	115	75	174	161	154	2	183	219	104	0	178	29	127	17	2	185	17	31	217	197	63	115	160	8	5	11	
185	56	122	169	119	201	241	82	109	68	116	171	31	157	50	40	238	153	23	81	138	190	52	209	213	201	42	235	117	13	55	243	
72	137	20	233	29	207	113	59	143	161	142	8	182	147	96	80	224	172	123	24	42	25	209	221	253	156	131	112	50	8	0	42	
241	0	121	205	56	151	73	121	60	32	228	64	153	23	36	241	92	180	95	168	169	15	113	221	147	251	162	88	16	128	98	168	
252	16	125	97	38	75	81	89	105	172	183	40	95	93	137	59	186	148	76	106	8	181	97	0	211	233	97	151	96	171	70	99	
34	251	182	222	239	68	188	77	169	90	209	167	172	222	118	2	238	121	183	199	210	255	130	225	53	56	222	138	85	54	183	223	
74	20	183	253	33	236	185	23	169	79	126	20	188	63	36	111	230	55	157	128	179	156	240	193	199	251	218	194	194	64	165	251	
22	115	99	172	50	82	207	89	37	192	216	227	89	206	191	164	126	189	159	227	205	147	37	204	176	68	175	133	37	182	37	117	
61	95	106	109	119	31	254	112	85	200	254	231	123	93	183	32	124	252	151	226	205	178	101	174	119	239	160	130	127	191	112	243	
72	172	5	81	60	139	225	107	126	33	182	8	178	1	148	5	169	32	74	60	51	59	9	93	252	154	19	116	82	128	83	168	
183	175	170	179	148	53	190	200	86	123	217	215	211	232	127	32	253	203	18	215	255	186	77	163	58	79	175	229	221	127	249	148	
89	52	59	229	38	62	112	23	125	232	122	114	159	28	209	233	166	191	126	25	157	248	181	200	215	233	114	0	236	200	33	41	
102	99	184	226	249	221	123	192	175	189	183	9	140	143	79	90	204	189	255	80	10	7	250	240	223	213	159	255	128	3	15	114	
114	65	194	205	196	34	236	71	29	3	251	2	104	170	53	72	122	175	63	129	24	186	67	194	180	190	222	128	181	122	240	128	
132	172	132	147	244	169	168	134	190	19	83	18	172	194	73	75	99	43	10	16	50	248	74	241	12	18	218	64	132	73	129	136	
55	79	90	174	60	3	207	248	93	160	249	206	127	203	185	16	254	225	23	239	201	35	8	223	242	220	171	188	93	187	97	161	
41	2	53	184	95	143	201	32	205	25	242	74	175	8	180	125	204	161	14	13	130	168	67	157	149	218	50	80	80	8	65	45	
27	43	98	152	246	147	170	67	29	197	208	231	40	232	183	132	126	171	151	213	182	155	4	255	60	6	175	195	191	132	59	221	
130	208	182	153	111	133	184	206	158	27	80	51	172	222	108	75	229	27	179	17	130	92	27	209	13	18	95	238	144	28	161	219	
50	159	98	204	119	251	242	119	73	76	252	175	42	44	134	33	252	187	199	161	188	187	116	221	63	116	128	219	103	14	118	255	
126	80	114	246	116	176	250	144	201	65	183	163	237	95	188	107	254	241	159	231	152	179	108	224	150	253	138	146	167	159	112	85	
6	233	144	154	252	132	190	205	26	153	80	2	204	234	121	72	247	79	51	209	82	82	138	241	12	54	159	172	148	122	177	137	
19	209	97	141	46	27	175	190	78	96	88	230	253	46	190	100	126	69	63	237	195	24	237	243	52	44	170	180	61	158	17	253	
60	245	49	161	148	143	87	121	23	61	185	25	151	81	72	0	25	145	79	51	90	171	89	23	233	212	37	116	112	138	132	98	
38	60	242	217	228	185	188	83	95	75	120	187	140	188	117	40	223	59	151	5	178	186	100	242	6	92	154	170	215	205	209	213	
29	57	122	232	50	242	91	112	21	236	94	166	31	151	179	33	126	252	149	234	157	152	52	60	250	233	161	192	62	163	46	115	
161	125	11	164	248	143	4	231	156	226	74	8	22	180	33	32	136	126	82	77	105	219	16	46	177	7	29	48	72	120	26	186	
34	235	162	155	213	193	186	231	30	69	88	131	172	204	118	0	217	123	147	213	86	186	14	255	45	22	159	107	85	30	181	222	
126	16	114	226	102	18	250	48	41	105	179	187	77	31	156	115	254	245	151	199	152	178	104	224	150	221	138	130	135	143	115	85	
26	252	186	220	27	241	177	199	158	7	204	187	44	191	102	4	175	59	203	145	34	15	178	243	123	21	26	187	151	68	45	218	
3	121	119	86	118	216	167	228	237	200	114	226	248	220	189	38	58	122	119	72	193	177	34	237	52	56	54	138	71	154	119	253	
98	0	114	226	108	2	250	65	41	160	179	2	141	10	53	75	238	165	31	163	128	59	200	192	148	248	154	136	5	139	113	137	
189	187	123	101	118	87	127	120	117	204	119	198	123	71	178	112	54	232	21	238	217	144	36	47	103	205	33	132	39	163	102	113	
69	25	181	69	172	30	239	149	206	234	158	68	210	52	181	110	196	102	62	95	193	176	125	232	37	62	111	144	220	251	209	125	
33	250	204	225	228	15	109	151	55	123	116	84	147	3	146	25	77	142	23	188	155	220	81	17	78	155	244	196	152	144	210	249	
226	44	114	241	244	169	248	67	121	34	121	26	175	10	84	25	127	139	23	145	170	246	192	194	150	220	154	224	101	200	115	137	
90	53	146	236	241	53	59	95	59	137	236	30	12	183	106	212	255	191	147	152	147	27	144	192	187	245	155	106	138	100	171	159	
165	120	251	101	112	15	107	84	61	224	118	200	179	159	213	56	62	185	23	92	129	180	116	74	103	137	32	128	229	177	66	248	
159	159	106	108	164	22	255	249	69	206	94	166	89	28	247	230	246	86	149	239	197	161	47	138	114	217	167	140	55	246	245	125	
11	177	188	217	175	125	49	75	79	125	29	25	142	254	78	110	135	27	255	16	22	88	251	209	207	223	81	119	146	76	141	199	
78	50	245	49	235	57	185	27	42	119	59	253	141	174	78	158	167	31	227	149	150	88	131	192	76	87	90	231	198	197	135	215	
59	25	246	132	55	243	219	96	205	204	222	167	44	189	55	134	238	251	223	193	140	171	22	237	218	88	138	155	79	15	52	223	
57	86	106	225	118	18	91	80	97	204	255	167	27	9	183	112	126	141	149	189	140	182	101	138	210	237	162	132	47	174	120	81	
254	89	242	248	230	144	126	209	177	130	246	162	107	207	189	124	126	249	183	250	200	183	46	234	242	255	166	136	39	254	96	1	
11	219	113	13	54	153	180	182	95	105	112	238	175	28	191	164	166	83	142	69	199	56	37	253	166	92	50	178	127	156	1	93	
16	169	155	184	210	225	51	199	190	5	72	161	52	247	96	0	179	59	3	145	18	153	2	113	249	133	62	107	176	64	167	234	
60	121	122	234	57	221	82	80	33	12	181	41	63	223	97	16	152	185	213	114	74	35	24	156	243	209	1	59	115	19	110	3	
51	205	103	190	22	147	238	244	196	64	218	199	49	200	182	225	110	234	22	239	239	171	4	189	48	45	174	136	61	158	248	156	
47	39	242	88	245	255	122	91	235	221	125	172	142	238	183	183	238	42	198	48	182	235	172	216	235	217	3	239	194	228	239	213	
61	25	121	101	100	91	251	248	65	232	124	174	123	93	155	32	30	216	23	234	201	178	116	189	103	201	161	164	127	187	86	241	
45	157	16	105	221	159	194	186	79	168	120	76	146	56	116	160	217	42	22	121	223	58	93	190	46	93	5	116	216	42	88	132	
41	89	125	79	124	95	199	188	70	72	252	40	242	113	141	180	88	66	70	106	203	34	123	61	103	157	32	24	91	155	88	185	
51	205	103	190	28	147	206	246	196	64	218	198	49	232	178	225	108	226	23	207	239	171	6	189	48	40	174	136	61	158	248	220	
2	140	150	157	124	130	190	102	158	131	82	18	172	170	48	64	199	107	59	129	32	216	3	239	44	54	222	136	148	8	33	137	
211	205	97	141	54	27	239	254	95	96	218	206	61	46	183	100	126	205	31	237	227	28	165	255	180	44	186	180	61	157	17	253	
194	184	176	152	111	165	184	206	30	59	80	51	140	158	100	72	229	27	179	145	130	94	147	241	29	18	91	238	16	12	33	219	
222	180	180	81	139	124	80	10	185	246	165	29	142	62	79	187	171	215	237	144	60	77	251	192	219	211	87	127	234	69	15	86	
141	207	49	216	189	183	158	250	86	234	92	114	121	252	251	164	31	90	182	127	247	100	47	191	42	79	239	252	158	255	25	165	
130	248	180	145	207	197	184	199	159	249	80	19	172	158	100	11	237	59	243	145	210	94	211	240	13	18	223	235	144	12	165	219	
240	67	89	94	72	28	68	236	210	30	224	72	99	227	173	217	88	218	100	74	74	7	234	49	147	233	112	56	113	144	70	168	
154	216	187	250	235	196	25	214	159	89	16	23	60	223	104	75	167	59	191	17	3	15	58	241	219	209	126	235	144	16	165	251	
139	217	123	77	114	153	191	246	127	96	118	230	57	15	183	36	46	211	215	206	227	185	45	255	118	15	58	128	119	149	99	253	
146	248	234	186	203	193	145	207	147	87	128	187	44	222	102	11	235	155	179	145	14	79	186	241	219	65	223	251	181	28	181	222	
11	147	59	217	240	220	188	55	237	89	94	116	188	158	182	244	167	59	151	141	215	24	52	213	102	61	58	194	30	132	137	221	
184	249	120	106	115	157	87	244	33	12	124	12	63	91	35	16	190	185	133	114	74	50	88	63	243	205	37	57	123	155	78	139	
50	157	112	205	123	167	184	103	13	104	248	175	40	60	52	1	254	187	215	161	184	171	64	221	63	24	202	250	85	12	39	219	
13	141	183	71	164	77	239	57	236	227	63	64	251	112	156	164	16	98	122	42	209	160	125	173	173	254	71	16	70	235	209	36	
70	10	166	189	173	140	24	130	191	159	130	133	236	238	99	75	197	117	251	213	24	75	211	225	157	114	223	219	144	61	181	82	
135	73	103	223	116	151	239	112	220	200	82	198	112	200	181	229	126	104	18	207	225	181	53	236	36	58	138	128	95	191	113	252	
182	158	175	255	151	102	95	190	23	79	95	55	97	255	47	205	253	254	181	162	189	212	187	175	35	239	223	135	179	115	244	95	
194	20	179	253	32	236	185	7	60	11	114	16	188	183	4	125	230	55	63	136	49	216	241	192	197	250	250	194	136	64	165	59	
22	35	254	129	195	123	184	65	47	181	79	147	204	190	78	14	175	159	251	145	150	209	191	192	159	84	219	103	167	199	175	214	
90	229	226	229	214	2	254	246	115	1	254	130	11	15	84	80	126	207	23	217	218	250	133	229	190	253	158	192	39	156	240	137	
183	88	107	77	70	66	235	112	84	192	119	162	81	213	181	101	126	188	19	234	225	182	52	76	84	40	163	128	109	171	116	240	
1	2	197	209	116	154	224	7	124	33	114	82	161	8	148	233	106	44	106	29	151	252	101	197	4	58	210	64	205	8	209	140	
18	83	113	172	42	197	25	222	143	76	80	239	189	159	167	80	166	147	151	193	131	11	34	253	208	240	58	186	60	132	5	123	
2	13	246	249	246	171	184	67	31	17	88	146	173	174	52	9	239	59	23	145	178	184	4	248	140	222	154	226	149	77	209	129	
59	22	106	161	118	50	122	81	113	236	255	167	91	9	191	80	126	141	149	173	172	182	4	206	242	253	162	129	47	142	120	87	
39	249	246	249	244	151	184	87	159	217	80	179	140	156	246	40	239	59	151	21	150	248	34	192	14	89	158	226	151	140	241	215	
202	46	180	186	233	253	144	207	223	127	168	57	172	190	102	78	197	59	235	21	54	107	202	243	79	86	94	123	146	77	141	207	
54	73	102	201	220	147	238	84	85	128	254	2	73	137	181	100	120	236	23	251	168	183	37	238	50	78	135	192	183	191	240	132	
78	226	150	242	105	205	56	200	171	61	161	169	140	207	76	90	166	221	255	208	2	67	202	241	159	209	219	255	130	7	39	67	
227	155	102	158	237	212	188	97	137	92	121	175	104	252	126	115	238	191	183	197	212	58	234	213	63	56	202	235	21	46	245	215	
90	50	216	225	98	40	56	22	45	63	54	245	141	15	194	27	167	29	239	16	6	92	129	192	214	241	122	199	238	128	15	155	
34	115	126	79	102	2	173	252	60	4	116	230	113	199	189	37	126	88	39	232	194	242	39	109	118	170	102	136	119	154	103	185	
52	141	70	158	92	162	198	105	149	0	249	2	96	234	61	65	120	232	6	99	88	163	10	221	176	46	195	24	21	107	112	128	
51	127	123	236	119	143	223	114	25	168	248	110	62	157	53	48	252	249	215	227	201	187	80	255	179	221	168	146	93	57	82	187	
54	76	66	236	92	163	206	98	21	128	249	10	34	200	53	0	120	232	23	243	40	187	72	254	50	142	131	176	245	187	240	128	
71	41	142	140	12	131	233	72	206	224	218	131	244	200	55	98	106	164	122	205	141	35	215	217	148	32	139	56	93	47	121	196	
34	244	116	90	73	253	180	238	235	51	164	24	44	255	76	59	141	211	243	2	98	111	250	241	23	90	84	59	211	88	199	158	
253	91	255	252	40	30	95	56	16	204	244	236	119	119	163	123	86	245	181	110	237	131	102	40	210	235	96	152	116	249	4	113	
72	209	126	241	54	144	121	182	164	17	214	163	221	159	184	98	103	23	191	204	194	153	39	197	206	233	186	196	38	132	161	121	
132	168	150	153	236	169	168	139	190	19	82	16	236	194	105	73	163	43	42	16	50	216	3	245	12	18	223	64	148	73	129	128	
2	121	150	150	238	129	188	69	142	128	82	34	172	202	97	64	238	59	123	211	66	213	2	224	52	16	142	170	4	26	161	137	
48	104	75	225	84	207	107	84	116	160	118	8	179	17	17	56	120	172	23	216	9	182	209	62	229	141	161	0	225	153	114	168	
78	51	242	163	203	60	184	221	171	245	47	159	141	175	79	158	167	223	243	149	150	80	158	192	31	85	31	111	131	199	175	212	
2	177	189	137	191	217	49	15	79	125	191	59	142	158	78	80	163	31	239	17	22	57	251	209	207	84	31	247	146	14	133	87	
162	141	52	250	157	143	145	239	159	21	208	19	166	77	38	5	205	19	3	49	50	173	90	191	107	210	24	91	81	12	149	154	
90	222	167	238	13	96	127	230	165	4	202	34	104	255	48	98	232	247	57	129	72	139	35	233	243	244	202	139	22	118	52	106	
68	200	148	27	137	204	2	168	238	27	131	1	230	242	105	91	193	66	106	82	2	73	203	53	141	18	87	91	144	19	45	10	
130	159	53	250	143	141	21	111	141	22	80	19	238	205	32	65	197	51	43	33	114	45	82	191	161	242	90	90	16	8	133	58	
130	42	58	249	48	169	184	83	172	29	81	241	141	142	182	73	206	57	159	21	162	156	98	209	196	209	58	235	212	128	5	241	
208	0	85	237	22	203	113	35	45	160	227	58	55	19	0	81	98	60	127	8	32	157	65	95	221	160	51	83	52	136	1	35	
40	220	57	241	21	207	229	183	215	111	86	26	147	29	48	37	73	56	23	9	232	188	112	151	231	223	21	116	119	152	212	226	
230	123	246	18	235	208	180	192	139	158	176	235	12	222	231	159	175	249	231	211	86	99	138	224	26	80	79	187	71	117	175	199	
17	160	147	129	90	2	56	72	110	145	163	0	29	194	104	88	118	13	74	188	2	195	133	65	89	168	19	124	0	128	35	136	
53	95	107	71	118	23	239	240	84	232	127	198	113	29	189	36	126	232	22	238	225	178	61	190	118	13	161	132	125	187	112	249	
59	31	123	109	119	31	254	114	85	200	254	103	59	29	181	96	254	253	151	231	201	186	97	174	119	253	160	130	127	189	112	219	
178	84	109	205	60	118	79	190	21	10	220	66	115	53	189	229	88	214	31	232	235	136	113	191	163	255	184	144	55	217	116	40	
193	25	187	245	164	172	105	23	124	139	114	88	191	63	16	121	166	191	126	24	185	248	241	64	133	251	114	0	200	192	129	40	
124	105	186	226	56	205	91	192	174	169	165	9	151	223	105	82	228	249	125	80	74	3	218	160	217	213	175	121	128	3	39	131	
69	55	241	65	240	175	43	19	122	233	123	236	150	52	213	188	151	47	84	28	147	184	252	2	12	28	37	228	204	195	195	181	
90	249	50	232	75	193	152	65	175	20	160	169	140	223	100	80	238	185	203	208	66	11	146	209	155	209	138	123	18	6	39	218	
186	145	114	172	39	86	222	115	89	72	222	35	110	61	54	97	254	183	183	225	220	187	97	207	179	120	202	211	39	46	116	95	
49	49	241	69	116	31	237	123	84	232	250	110	51	24	148	32	126	172	22	44	201	186	101	140	54	205	161	132	109	168	82	181	
3	223	99	13	118	147	238	246	93	232	90	231	121	40	182	164	126	108	22	239	229	184	37	254	46	28	175	192	47	190	121	221	
161	2	23	185	109	141	225	18	221	25	114	90	174	152	48	239	234	33	38	13	162	60	67	211	133	216	82	66	90	8	65	175	
102	173	128	155	204	33	174	203	10	147	152	2	236	234	88	66	123	203	63	145	82	106	203	241	60	20	143	236	149	106	177	128	
54	73	114	200	236	9	238	204	237	0	240	10	142	202	61	8	122	193	95	227	194	39	2	229	180	184	142	220	85	59	243	128	
63	79	82	236	60	3	79	120	93	128	249	206	123	203	181	16	250	233	22	239	201	35	12	254	178	253	163	184	127	187	112	160	
4	73	22	152	238	137	190	205	174	18	80	2	236	202	33	64	182	33	110	98	66	37	10	223	180	52	15	44	20	26	129	137	
246	64	98	226	118	34	234	212	57	160	242	18	75	75	61	80	126	229	23	227	168	183	72	230	182	216	138	192	39	191	112	128	
18	143	102	186	246	147	190	103	141	132	90	231	41	140	182	196	110	171	167	213	214	153	6	237	58	80	174	203	53	142	189	221	
184	220	49	233	52	207	199	51	87	40	182	90	147	29	48	4	73	152	23	41	249	188	113	158	235	221	33	116	119	136	212	161	
128	91	115	87	118	219	167	244	93	166	118	226	105	240	165	109	126	126	6	74	225	184	37	254	44	14	119	130	119	155	101	173	
188	47	89	225	156	239	65	250	23	168	188	10	147	21	193	164	9	152	70	120	58	186	65	30	203	221	33	116	243	137	68	168	
41	217	205	249	116	175	104	183	62	121	126	68	183	51	144	56	13	42	23	28	131	184	81	29	79	223	246	192	154	128	82	185	
18	56	250	152	83	209	177	103	159	5	196	171	44	254	38	8	238	187	131	145	50	139	50	255	219	71	26	203	181	12	39	254	
49	31	107	77	118	230	107	240	116	204	126	230	113	39	181	116	126	248	22	238	193	184	36	127	103	12	160	128	119	163	116	249	
97	47	101	69	116	26	238	55	97	236	190	204	163	40	150	183	10	230	108	108	205	186	229	204	38	121	101	144	111	236	218	76	
130	169	50	153	237	165	184	239	30	184	80	26	172	222	116	9	255	43	51	209	178	122	138	247	29	26	223	238	144	9	243	139	
78	217	190	174	139	220	182	224	175	84	154	1	172	254	103	66	206	241	251	195	84	43	210	225	211	113	78	27	86	55	47	94	
77	1	225	231	180	28	78	53	76	224	91	76	243	104	217	224	82	230	60	111	157	48	253	168	173	253	167	16	220	250	208	124	
42	9	242	204	100	18	126	113	121	130	124	130	105	239	181	112	94	235	23	234	200	178	38	202	54	253	167	136	103	246	96	141	
35	204	110	207	45	51	248	166	205	17	94	2	232	40	180	224	234	35	179	137	132	184	7	221	70	95	218	129	87	254	121	142	
190	222	46	190	149	247	215	238	23	95	223	55	98	252	46	193	221	250	167	99	253	254	59	191	59	231	213	215	243	127	252	127	
57	29	123	237	114	247	123	112	116	204	126	166	113	23	179	112	126	168	23	238	129	152	52	62	103	173	160	128	47	131	100	249	
77	137	201	167	180	156	106	184	66	65	91	206	247	232	154	224	86	238	52	207	157	176	221	33	236	109	163	192	172	171	216	16	
161	104	107	245	68	143	237	84	116	130	114	66	177	159	17	56	110	184	19	206	193	180	84	72	101	137	166	0	101	184	82	168	
138	217	102	223	69	221	183	244	133	24	117	42	185	221	57	37	76	122	151	202	195	180	122	177	103	217	208	171	87	159	84	251	
145	83	74	205	118	2	239	252	20	64	118	231	113	15	179	65	126	237	23	236	225	252	5	111	118	175	242	128	125	145	104	153	
82	193	214	253	38	130	104	182	173	17	242	2	75	43	36	82	98	167	61	128	72	153	131	197	150	250	210	192	39	128	224	8	
58	233	96	241	118	144	252	246	75	49	92	130	169	15	212	100	111	203	23	201	194	186	228	245	126	221	158	228	39	156	240	141	
25	237	98	225	86	147	238	246	101	65	254	2	57	139	181	32	126	202	23	202	204	185	37	255	118	205	166	132	103	151	112	136	
66	184	176	155	239	165	188	199	30	59	88	51	172	158	100	72	237	59	179	145	146	26	210	243	21	20	154	234	144	77	161	219	
254	52	183	240	169	116	152	88	169	251	183	125	206	191	79	159	197	213	253	55	173	71	211	192	219	251	126	159	202	101	43	87	
19	76	107	197	22	27	239	246	125	98	222	134	57	140	183	100	126	239	23	239	201	189	37	255	240	172	186	160	53	155	49	125	
182	77	98	218	148	131	238	208	213	128	222	2	73	137	181	96	120	238	23	251	248	187	4	238	50	238	143	128	39	191	240	140	
255	84	190	244	43	54	88	16	169	218	183	117	223	63	135	219	205	245	253	38	237	199	241	136	211	251	107	151	42	117	42	83	
130	233	18	158	238	129	188	101	140	128	81	2	172	202	112	67	238	59	59	195	82	219	130	225	52	16	142	170	4	26	161	137	
163	153	118	159	239	133	184	97	143	88	89	167	172	252	118	99	238	59	183	197	212	58	202	213	29	56	203	234	21	14	181	215	
58	78	162	184	63	225	153	78	150	23	152	163	173	204	115	8	207	187	155	145	14	15	70	243	216	68	155	251	181	92	53	219	
9	46	193	1	242	189	234	18	123	233	122	236	185	160	215	188	55	110	22	29	135	184	228	106	12	28	52	160	239	213	75	221	
73	33	46	140	29	217	227	72	206	236	223	10	178	200	51	226	72	164	122	205	12	35	231	216	213	33	171	57	85	46	125	204	
58	17	114	236	118	18	218	112	29	73	222	163	109	189	180	100	254	189	183	229	152	187	33	207	50	253	138	202	55	142	112	223	
174	122	226	146	234	145	188	192	155	190	84	255	12	206	231	142	191	121	135	211	230	87	174	194	30	22	255	175	207	124	47	213	
9	156	154	219	113	188	177	210	254	25	124	84	188	211	46	108	165	59	50	24	178	156	50	247	79	191	50	74	218	0	41	171	
113	204	93	236	124	66	69	166	212	43	242	10	19	49	164	113	72	148	46	40	104	43	65	157	119	171	224	21	17	184	208	8	
220	151	22	45	178	10	54	49	52	73	91	245	199	35	136	210	246	21	172	33	253	156	65	14	160	227	102	194	44	162	173	17	
138	91	42	186	107	213	185	85	141	76	149	175	188	159	51	74	238	51	223	197	134	15	50	249	215	81	186	187	30	15	29	251	
242	97	67	168	75	67	79	104	129	132	176	143	3	198	37	212	120	177	207	230	73	7	212	206	176	192	139	188	57	34	38	84	
222	234	150	224	9	205	26	202	171	61	160	9	142	207	69	26	236	181	237	210	10	71	130	209	155	241	139	127	2	5	39	82	
50	225	98	233	212	130	238	238	85	1	250	2	11	137	52	80	122	207	23	209	218	186	193	229	190	236	158	192	55	154	240	136	
254	72	102	240	102	2	238	220	25	146	242	2	75	75	53	89	122	193	23	243	232	247	0	200	178	251	207	132	103	185	112	128	
118	164	192	137	220	1	202	235	11	179	185	10	136	106	88	18	89	205	95	177	58	110	203	211	188	20	143	252	149	42	82	128	
131	219	102	157	118	146	174	119	92	64	82	231	232	8	182	228	126	41	23	205	229	188	5	223	52	62	190	128	29	156	185	221	
2	200	246	249	180	139	248	103	159	17	82	146	173	206	52	64	239	59	23	145	210	184	2	212	140	218	158	194	148	12	177	137	
60	70	110	101	86	50	235	80	20	198	127	130	89	13	179	96	126	188	151	174	136	182	37	140	87	239	160	129	103	171	116	240	
70	120	134	188	45	140	176	198	175	149	130	5	172	218	99	74	224	101	251	85	6	77	146	224	157	114	223	91	128	61	61	90	
112	137	58	238	70	128	91	61	71	1	76	2	53	211	32	112	80	186	55	200	90	26	66	247	213	173	178	72	52	138	244	43	
40	137	159	173	12	198	148	166	132	16	202	67	244	125	32	64	200	35	43	71	64	131	83	57	197	39	234	16	16	122	48	10	
124	105	51	226	57	205	75	80	161	168	189	8	47	211	97	20	248	184	79	122	74	3	72	188	241	220	5	56	114	155	102	34	
60	66	106	231	70	18	235	80	84	198	119	134	81	77	187	72	126	172	23	238	200	182	37	138	70	235	160	129	103	187	116	240	
3	178	217	185	178	168	57	19	174	81	91	245	189	6	194	218	167	59	255	149	151	28	183	209	140	20	58	194	156	196	131	213	
37	249	113	73	190	91	135	185	79	104	60	108	210	120	150	36	30	8	86	110	215	56	109	29	44	28	37	246	95	190	219	245	
122	249	18	232	27	197	26	65	175	4	160	9	174	223	100	208	236	177	223	209	78	11	146	213	179	208	10	123	18	6	47	154	
41	17	125	101	116	15	233	55	116	232	114	98	147	24	148	32	94	172	22	44	201	184	101	12	196	233	50	128	109	136	208	169	
26	156	63	187	147	224	185	231	188	71	74	179	188	190	32	224	99	59	155	129	51	136	54	247	165	39	154	195	181	4	165	254	
200	130	22	253	32	184	56	23	188	15	118	240	173	163	160	216	6	55	238	0	50	156	3	199	196	247	114	129	2	192	141	169	
82	245	121	195	159	217	48	205	15	117	185	187	142	158	110	80	183	155	223	17	86	57	249	215	255	84	31	127	54	14	133	87	
10	158	147	250	177	236	49	87	188	11	110	112	188	183	32	212	165	59	191	16	50	137	18	227	237	247	62	203	130	68	165	43	
74	136	118	253	36	144	120	182	175	17	214	130	173	143	176	70	103	183	191	200	138	152	163	213	206	249	154	198	54	132	33	25	
2	205	150	159	124	161	62	230	30	3	82	18	172	162	32	64	231	107	51	192	50	216	67	255	44	54	222	130	20	89	161	137	
189	77	106	77	116	23	239	112	84	224	255	66	83	89	181	33	122	232	22	238	233	178	125	62	119	137	161	132	127	187	120	176	
173	221	118	218	237	221	191	244	205	91	189	58	249	253	188	165	93	210	223	107	243	35	58	247	119	217	230	254	87	255	213	245	
250	212	44	254	13	84	93	188	131	94	165	29	251	95	10	123	221	213	253	226	239	71	251	147	243	251	222	63	18	62	206	122	
53	12	111	77	118	102	235	112	68	204	127	2	81	117	181	97	122	100	18	234	129	177	37	76	87	47	227	128	117	171	116	225	
2	184	178	147	207	237	176	195	158	83	90	19	172	158	100	8	205	59	179	147	18	92	210	241	13	18	222	235	148	77	133	219	
114	225	98	168	79	193	152	101	137	4	144	143	44	140	118	6	234	161	219	215	94	11	210	213	179	80	138	123	23	14	63	222	
126	51	170	226	217	116	222	65	171	197	173	27	137	239	87	158	252	255	219	211	158	67	186	194	251	213	143	127	195	119	175	214	
66	170	176	154	233	253	144	207	219	119	168	25	172	190	102	142	135	91	235	17	22	107	218	241	159	86	94	123	146	76	143	207	
184	4	110	253	85	118	248	107	213	134	230	18	89	249	52	101	120	188	179	168	40	183	53	142	83	239	210	1	247	168	124	162	
225	175	111	69	100	30	236	55	232	236	122	108	179	40	150	51	138	38	108	45	213	184	229	13	38	56	100	144	77	232	210	253	
92	105	154	172	25	205	50	192	174	169	128	9	190	211	65	82	224	125	111	83	74	11	210	160	241	245	15	59	8	19	35	27	
146	32	31	8	78	9	96	72	255	49	226	24	6	128	60	89	226	128	106	52	46	39	23	87	145	144	3	110	112	8	97	4	
32	247	122	97	114	143	119	245	112	44	124	44	19	3	138	16	62	152	6	106	226	186	48	31	102	141	36	228	97	154	198	185	
59	93	123	238	117	158	255	114	21	200	254	99	59	189	53	96	238	251	151	199	201	187	48	174	243	253	160	130	127	191	112	251	
11	177	34	154	111	213	184	84	206	93	149	191	172	220	62	40	174	59	223	197	135	35	62	241	87	89	186	187	95	31	191	223	
9	153	149	245	117	159	121	55	255	73	126	68	191	51	0	240	132	42	54	28	147	184	112	61	207	251	114	64	218	128	91	169	
52	77	70	156	28	131	198	234	149	128	248	2	99	232	53	64	88	232	46	227	24	171	10	255	176	238	131	28	21	59	112	128	
130	73	114	134	238	3	254	101	205	160	176	2	172	138	53	2	254	245	31	227	224	171	8	202	180	24	143	178	85	58	161	137	
128	128	148	153	228	169	168	143	62	19	82	16	140	130	96	73	195	11	34	16	18	92	3	209	12	18	95	68	148	72	129	137	
182	73	82	136	238	11	238	237	173	128	176	10	14	138	53	64	106	225	95	227	96	39	8	218	180	152	143	156	85	58	241	136	
189	79	123	236	116	2	79	120	81	128	253	198	91	235	181	113	122	236	23	238	233	179	108	142	242	253	161	132	119	187	112	160	
64	129	18	140	110	137	190	109	159	2	88	10	236	202	32	64	62	169	46	226	64	43	10	223	52	20	11	40	20	42	161	8	
38	160	177	163	213	173	178	200	10	181	57	9	140	221	76	136	153	27	195	17	18	98	218	241	79	213	31	127	193	79	199	210	
252	214	45	239	173	95	93	189	21	126	165	28	211	79	26	115	221	148	253	42	233	70	123	159	227	251	245	85	18	186	212	114	
82	217	26	174	9	204	150	228	174	8	136	9	174	219	99	66	236	243	255	193	78	11	146	241	179	245	10	59	24	26	47	11	
38	61	102	90	253	249	248	67	143	213	125	171	232	252	62	45	238	187	243	17	150	122	62	213	31	24	11	203	215	78	103	214	
29	150	181	93	60	119	156	123	87	234	84	102	73	252	243	164	31	24	190	45	165	229	63	159	202	223	229	254	190	236	25	221	
116	168	240	231	36	11	232	0	123	177	179	10	239	40	85	10	43	197	125	17	136	121	201	192	156	218	85	116	229	40	83	0	
201	4	213	125	116	170	161	51	126	35	98	80	181	33	144	105	51	46	106	12	33	252	69	31	68	170	114	0	72	200	65	168	
11	86	98	201	119	243	123	18	69	76	94	167	153	29	182	228	126	168	151	157	207	180	117	222	102	93	170	195	63	140	124	127	
58	201	42	168	13	197	223	47	71	69	222	3	163	152	50	64	216	136	191	193	222	43	87	149	243	85	138	91	55	14	244	74	
155	201	106	205	118	145	251	246	126	96	246	130	57	15	183	32	126	203	151	207	195	190	37	255	118	13	186	128	119	149	97	249	
135	59	234	150	106	145	188	65	155	206	85	255	108	206	247	143	254	121	179	215	196	87	174	192	30	16	207	171	79	174	47	213	
62	253	123	224	213	223	127	241	33	245	189	15	11	221	122	52	191	217	215	243	222	243	56	132	251	221	133	111	231	159	230	214	
40	93	123	106	84	215	251	120	84	12	125	2	49	93	163	32	124	184	23	234	75	178	48	63	103	141	160	1	115	139	116	251	
66	136	214	157	108	130	104	166	173	17	242	2	236	170	36	91	98	231	127	128	2	201	195	229	148	186	218	192	4	0	97	8	
98	160	192	129	124	139	232	9	11	161	176	10	142	10	84	16	123	173	95	145	10	114	201	223	156	158	155	244	133	10	83	128	
75	223	166	14	59	92	63	184	169	78	159	229	237	118	139	246	38	70	252	110	197	5	189	235	242	247	98	155	10	247	45	125	
237	159	109	225	172	111	95	186	23	254	182	92	211	61	146	123	221	212	125	110	249	116	121	62	207	219	225	244	56	233	212	115	
221	95	92	142	59	114	31	184	156	238	159	230	253	118	171	196	118	103	236	230	229	5	45	255	242	103	235	151	30	247	45	81	
50	68	114	204	126	147	218	121	29	0	252	130	105	207	180	96	126	137	23	232	138	190	102	223	50	253	130	200	55	142	112	141	
26	220	161	184	27	225	152	199	151	87	132	179	172	223	96	204	75	187	155	145	10	15	82	243	153	86	159	251	183	12	173	122	
91	120	118	218	43	180	24	80	173	88	245	32	172	159	228	127	166	49	253	128	132	11	162	224	147	249	90	170	18	135	35	87	
173	214	237	77	205	119	198	191	87	254	181	126	74	109	158	175	93	192	166	170	189	102	123	155	39	219	245	191	123	253	220	215	
104	116	168	110	205	116	93	156	83	207	252	13	123	127	91	58	221	222	245	168	137	98	250	139	243	253	244	57	251	246	102	251	
130	200	118	251	44	128	120	134	143	25	82	2	172	143	116	75	231	59	63	129	130	141	11	245	134	248	218	194	22	140	49	9	
222	106	18	168	41	237	184	67	175	52	168	9	140	142	103	90	166	53	239	144	2	7	146	210	151	213	11	127	0	69	39	210	
8	138	190	91	53	252	241	18	255	93	118	20	172	203	190	108	165	42	38	28	178	188	34	247	79	255	50	65	210	132	77	237	
118	53	3	172	83	71	79	105	49	206	241	143	67	198	35	213	252	185	143	162	109	131	80	142	177	192	138	187	57	34	46	86	
51	205	111	190	28	145	206	246	196	64	216	198	49	200	178	224	104	226	23	207	239	171	6	191	176	44	170	136	61	158	120	220	
182	77	98	254	20	131	238	96	213	128	218	2	105	232	53	64	120	235	31	195	232	175	4	238	178	239	142	128	37	190	112	136	
231	153	98	218	255	133	186	97	141	89	81	39	172	252	54	65	238	51	151	213	150	59	202	253	63	56	138	234	149	15	179	215	
66	120	182	156	111	200	176	198	175	221	194	35	172	154	99	74	226	109	251	81	6	205	130	224	156	50	90	203	140	4	61	223	
2	216	54	249	46	129	248	71	143	25	82	178	172	158	116	64	239	59	63	145	130	253	3	245	140	218	154	194	20	140	177	137	
62	245	59	224	213	223	95	225	63	245	173	31	15	223	110	16	189	185	215	243	91	179	56	214	251	221	5	111	195	31	166	246	
38	61	114	234	252	181	218	200	15	168	248	43	108	255	237	52	223	219	151	114	142	35	10	249	123	220	129	190	215	251	98	135	
60	66	110	79	68	118	235	80	68	142	255	130	81	77	189	104	124	252	23	234	136	182	53	10	71	47	162	129	103	251	116	240	
58	236	98	233	86	130	234	246	103	33	250	2	43	9	180	64	123	139	23	193	202	186	69	255	190	205	158	192	55	154	112	136	
171	114	195	5	71	16	236	93	115	235	119	223	9	136	222	156	127	140	146	141	197	246	245	195	22	44	186	164	111	164	250	212	
185	79	87	236	52	139	79	112	21	168	246	206	127	171	177	113	254	237	22	239	233	187	96	174	242	251	160	144	127	187	96	161	
41	251	122	69	114	223	191	245	111	228	126	172	27	157	150	32	62	60	214	104	197	184	53	93	127	13	37	37	103	178	207	253	
2	169	146	153	244	137	184	71	30	17	80	18	172	138	48	8	239	43	19	145	50	184	0	243	12	20	26	232	148	8	163	137	
27	204	106	205	86	147	235	246	116	66	254	130	57	15	183	32	126	202	23	205	202	191	37	255	242	109	186	128	119	158	113	232	
53	78	107	79	68	70	239	120	68	78	247	130	113	69	189	101	120	252	19	238	201	183	101	236	117	42	226	128	117	251	116	240	
114	118	43	142	61	217	195	72	207	108	157	47	230	216	63	4	216	168	206	99	207	39	232	159	177	20	137	187	93	15	22	119	
33	2	93	101	52	11	105	55	116	33	118	114	179	1	144	32	78	172	70	8	201	184	101	12	196	239	48	0	109	136	208	168	
58	185	18	234	25	197	82	97	171	12	168	9	47	219	96	144	216	185	197	226	78	11	16	189	243	213	8	123	50	6	46	10	
147	76	107	237	86	19	235	254	117	98	222	194	59	12	183	100	126	207	23	237	233	191	37	255	240	239	186	128	53	155	113	252	
154	207	102	190	186	144	191	247	149	14	222	231	109	239	178	197	102	115	175	197	248	137	38	239	242	119	254	139	55	148	181	109	
90	141	87	158	179	208	61	231	189	69	78	163	172	247	162	197	98	51	191	129	115	137	38	253	176	54	222	203	54	4	173	127	
27	79	103	141	21	22	238	246	85	194	218	198	105	40	181	228	124	100	54	239	237	184	53	239	38	126	202	128	63	191	120	236	
248	123	18	238	121	141	87	240	161	12	248	77	47	211	97	20	252	249	205	98	74	43	144	173	241	244	0	58	42	155	34	155	
126	55	102	4	123	177	146	104	233	204	187	235	74	236	190	151	174	245	231	227	156	35	134	204	18	112	65	155	103	47	110	215	
90	157	18	222	147	212	48	103	173	1	110	20	44	247	36	212	167	51	171	0	115	137	18	255	187	245	26	75	26	4	173	63	
178	123	82	202	57	141	70	240	41	140	188	108	47	211	229	148	220	184	206	122	75	35	192	252	179	208	5	58	122	147	110	189	
9	74	111	241	116	142	233	23	108	73	114	114	183	25	144	96	70	46	54	13	195	188	101	229	196	249	178	128	76	136	209	169	
155	92	203	253	86	2	234	246	20	226	118	247	121	143	179	105	126	236	23	238	229	220	37	239	118	47	178	128	63	185	120	217	
57	95	122	239	117	150	127	116	21	72	254	102	59	61	181	96	254	251	23	202	201	186	97	175	115	253	160	128	127	159	112	187	
56	4	230	253	21	118	240	70	213	7	230	18	73	185	52	236	121	188	187	152	24	189	17	132	83	239	210	65	163	76	124	42	
11	145	53	185	186	244	57	23	174	93	86	181	189	134	226	237	166	51	255	157	151	8	183	213	206	89	58	202	150	132	173	253	
178	72	82	156	110	10	236	101	157	130	240	18	108	138	53	75	122	229	31	227	96	103	0	202	180	186	223	140	117	56	113	136	
143	217	38	186	79	213	190	217	143	93	213	167	236	220	127	43	238	59	223	211	198	39	62	241	87	89	202	175	87	31	181	215	
24	124	190	117	19	250	177	70	252	198	102	48	60	191	35	187	162	127	193	16	36	253	48	234	67	199	26	3	227	81	47	203	
248	18	232	109	109	95	87	121	113	238	247	61	91	61	158	24	216	220	229	42	200	182	241	138	83	255	241	181	99	172	246	243	
21	12	107	76	54	102	235	80	204	200	95	98	80	252	181	100	122	100	62	239	129	177	37	206	17	46	163	128	21	235	117	101	
185	255	83	34	114	219	94	248	49	104	120	237	63	31	129	145	62	153	149	230	237	178	12	61	246	201	32	160	111	151	106	217	
38	49	102	218	253	253	186	72	143	89	121	139	236	252	126	32	236	187	243	209	150	59	58	245	31	24	139	235	215	15	119	215	
1	93	103	79	116	214	235	116	84	72	126	194	113	124	181	101	126	40	22	238	225	184	53	239	37	46	162	128	127	186	112	253	
16	129	64	140	92	129	234	105	31	0	248	10	108	234	40	80	122	139	6	224	90	43	74	223	188	4	139	44	21	42	97	136	
138	216	59	250	107	196	177	215	191	93	116	17	60	223	104	72	229	59	147	17	82	13	50	241	219	153	26	235	16	0	165	251	
130	169	22	156	110	129	190	97	172	0	81	2	172	202	112	65	110	43	19	195	82	218	2	249	52	16	142	168	21	10	161	137	
70	48	181	145	171	120	180	3	171	251	147	253	142	190	204	191	135	151	255	17	151	79	226	192	158	82	126	255	134	68	135	119	
237	128	126	85	69	94	109	49	117	110	119	20	219	33	18	125	81	132	44	42	216	180	113	134	71	251	112	69	98	168	204	96	
54	72	246	244	102	2	252	72	57	146	176	2	237	10	53	75	239	229	31	163	224	231	1	200	150	218	223	132	5	248	113	137	
187	20	99	217	118	50	189	83	61	78	86	246	88	30	183	236	127	153	151	173	165	150	37	206	22	127	186	130	31	212	121	245	
11	76	99	207	53	150	239	55	93	72	90	66	249	120	181	228	122	40	54	239	197	184	53	239	36	126	170	128	95	190	113	237	
2	122	150	151	87	240	184	71	190	149	66	227	172	142	35	200	230	63	171	145	6	217	134	228	12	50	218	195	132	4	173	143	
2	168	150	155	244	129	184	198	30	25	80	18	172	138	48	9	239	43	23	209	50	252	2	245	12	18	154	226	148	9	161	137	
137	202	90	243	52	140	105	55	124	9	118	80	191	19	176	112	198	42	30	12	163	188	96	103	198	255	50	128	74	136	193	41	
40	247	120	107	116	139	115	253	114	13	124	40	51	19	136	16	94	154	6	120	210	186	96	63	111	141	32	97	115	138	198	171	
2	57	22	129	235	233	188	71	175	60	122	33	140	158	103	66	162	59	235	16	18	25	146	208	181	16	10	235	128	86	165	219	
51	205	78	190	28	129	206	246	212	64	216	199	49	232	178	224	104	226	31	207	237	139	6	191	240	46	170	136	61	158	120	92	
39	181	64	9	245	55	234	105	95	97	121	86	200	88	190	164	248	136	146	255	151	178	92	212	62	28	139	102	223	15	249	148	
60	236	248	122	215	157	254	202	87	3	108	10	107	201	125	160	121	218	147	202	74	54	94	251	127	207	133	45	247	251	254	138	
58	196	98	227	84	139	234	116	103	33	251	2	43	9	60	64	122	139	23	129	202	186	77	223	54	205	154	128	55	138	112	136	
26	156	54	248	155	244	48	123	255	29	109	23	44	250	38	196	231	51	138	144	54	139	50	255	27	255	26	75	146	4	45	71	
2	200	54	155	108	129	184	194	143	25	83	146	172	222	48	75	231	59	63	211	130	205	11	245	140	18	218	194	20	9	161	137	
239	210	164	223	237	126	213	188	211	255	21	126	200	124	223	239	205	196	182	63	189	116	255	208	14	123	253	246	223	253	216	85	
57	79	127	239	52	6	95	112	5	136	254	102	123	73	181	112	254	229	23	111	201	187	97	172	242	255	160	144	111	187	112	169	
60	84	71	238	117	103	82	120	5	72	249	239	115	93	41	144	220	184	151	226	13	178	80	157	242	237	160	128	127	191	122	211	
126	91	98	78	123	211	154	64	137	204	188	175	104	204	183	148	254	241	223	243	140	163	4	238	114	125	1	155	119	183	126	87	
178	4	96	200	92	3	202	89	87	34	245	26	75	73	181	64	122	137	23	184	234	54	69	223	54	207	129	236	119	136	112	128	
231	59	98	12	106	16	184	104	137	220	208	239	8	204	247	135	254	237	247	231	149	99	166	192	18	56	203	239	79	173	123	213	
95	87	98	140	43	80	63	57	141	238	159	167	77	238	175	230	118	85	255	230	229	1	175	222	178	117	171	159	62	247	45	117	
90	128	166	249	149	246	240	67	229	29	234	19	74	185	52	206	233	150	171	144	30	185	3	192	155	239	210	67	163	76	124	6	
198	121	114	218	234	180	122	84	233	73	121	48	172	222	253	120	166	187	191	210	130	7	170	226	146	248	10	234	22	215	163	23	
55	19	67	172	33	71	95	121	33	204	249	111	67	86	35	21	220	185	132	230	77	147	80	140	179	253	168	154	121	47	98	215	
237	26	51	80	229	220	97	48	245	206	119	60	218	151	247	253	112	164	166	90	145	188	50	230	95	251	240	192	74	173	84	117	
57	211	127	239	117	6	95	252	21	8	244	102	123	93	189	97	254	219	23	234	203	178	105	189	247	249	162	132	127	155	112	187	
109	156	189	117	237	239	83	178	91	254	62	29	26	61	66	122	133	244	125	12	153	252	241	146	207	255	113	116	218	105	84	115	
45	117	249	237	236	62	95	223	3	219	253	76	219	127	219	58	93	218	215	46	139	98	251	129	103	253	229	188	210	250	198	241	
137	218	63	251	52	172	105	22	252	9	118	80	191	155	176	96	134	59	22	8	163	188	50	239	197	255	50	128	24	136	65	169	
45	55	249	234	252	53	95	220	71	200	252	72	123	125	217	56	220	218	215	252	155	170	122	168	123	221	37	248	251	219	226	251	
11	54	115	71	118	255	235	115	117	233	127	238	59	60	150	164	62	171	22	173	181	186	53	223	14	92	48	224	111	142	97	253	
202	157	86	158	123	208	60	103	189	81	206	163	44	246	166	245	226	51	170	128	119	203	178	253	50	115	90	203	30	4	173	95	
218	207	102	158	251	144	94	247	149	15	214	231	105	239	182	197	110	251	175	197	234	139	38	255	50	118	222	139	55	148	180	125	
203	137	114	217	163	144	56	135	191	81	70	177	173	158	246	100	167	59	189	157	214	13	166	247	203	253	154	203	22	132	169	125	
61	217	123	224	214	223	255	245	70	232	254	78	27	157	246	32	127	216	151	234	209	186	56	181	127	205	165	229	119	187	244	243	
155	78	74	188	21	146	238	119	21	74	222	199	233	232	178	196	124	236	191	237	237	158	21	255	242	127	186	129	63	188	248	28	
155	12	106	236	86	50	107	242	117	66	86	18	121	171	179	96	127	174	23	169	169	191	37	239	242	239	186	128	55	232	112	232	
56	127	123	110	116	219	86	244	69	12	124	110	59	73	163	177	222	184	134	98	237	178	96	61	118	201	32	129	123	186	110	153	
43	95	103	140	108	210	206	252	68	74	218	226	113	124	181	228	220	225	182	239	205	163	103	191	48	110	234	136	29	63	112	93	
26	156	51	186	91	225	155	206	151	85	200	163	44	223	40	64	239	187	147	145	34	11	26	247	209	197	154	107	181	5	37	250	
2	251	146	146	107	209	188	230	175	92	88	227	172	190	103	130	166	123	147	211	70	27	134	241	28	16	30	171	4	94	45	223	
103	243	132	138	9	21	72	156	139	253	149	239	200	222	222	254	200	197	255	213	143	67	239	209	30	48	237	255	31	22	58	95	
3	206	166	159	17	182	168	103	30	7	66	215	168	174	54	204	237	43	163	133	164	220	23	255	15	54	218	2	155	4	41	220	
10	143	34	153	223	167	185	103	159	5	90	135	172	171	50	68	236	43	187	149	150	153	6	255	252	22	154	203	22	12	189	94	
130	169	18	159	78	129	190	97	156	16	81	18	172	202	48	65	110	43	19	195	114	159	2	255	52	16	138	232	20	8	161	136	
176	132	66	136	92	3	194	105	23	32	249	10	106	200	60	16	121	136	6	224	42	39	75	223	58	140	129	108	117	138	114	128	
202	138	50	120	229	220	120	151	255	93	116	53	174	207	182	220	131	43	238	28	182	45	162	241	78	251	22	75	210	132	239	207	
57	95	91	111	114	11	126	248	36	104	126	231	121	15	163	145	62	248	23	238	197	178	13	61	102	205	32	128	127	187	106	217	
167	89	102	218	255	133	186	228	141	72	209	59	236	220	61	97	238	179	151	215	246	39	10	255	63	24	142	234	21	31	241	215	
177	205	71	188	28	129	206	246	196	64	216	199	51	232	179	225	72	226	63	207	205	139	6	189	176	40	174	152	61	188	120	92	
233	24	248	93	108	31	217	48	81	230	244	184	91	61	215	188	94	252	183	110	216	190	247	190	71	255	81	184	103	173	86	241	
26	151	86	144	226	179	188	103	173	63	191	247	76	238	166	150	167	183	239	167	244	137	12	196	54	87	127	199	39	198	175	87	
25	219	121	239	116	22	255	252	68	72	220	102	249	93	191	96	126	216	23	238	203	178	109	237	103	173	162	128	127	155	112	249	
6	217	38	186	207	213	190	192	143	94	153	167	204	220	127	11	254	113	223	231	214	39	58	241	51	80	207	191	87	127	181	215	
2	255	82	134	91	193	186	228	141	4	88	163	44	158	103	130	230	123	147	195	70	11	138	245	61	16	142	171	21	31	45	223	
171	242	97	73	116	151	234	90	87	107	212	254	153	28	150	164	95	136	22	189	175	190	101	223	14	79	177	196	111	141	122	245	
37	55	249	73	252	15	207	31	71	233	253	104	243	125	221	32	94	154	23	60	155	34	109	30	111	157	165	252	221	218	210	241	
56	255	88	162	114	137	90	212	51	105	124	237	31	159	194	144	182	185	149	116	78	154	8	191	254	205	36	229	58	130	10	155	
102	233	167	82	221	213	215	225	195	189	189	8	66	216	126	38	201	242	114	89	94	107	170	213	59	30	197	127	211	46	246	230	
167	185	64	1	247	155	160	105	93	224	88	102	136	24	183	165	250	8	146	125	181	186	84	220	62	89	143	230	221	46	121	149	
94	157	55	250	27	244	51	114	173	1	239	2	124	255	32	228	230	115	155	226	49	139	18	237	243	229	10	75	187	3	165	51	
61	95	75	237	126	107	94	88	5	104	125	239	123	93	163	176	94	248	151	102	141	178	120	157	114	237	161	144	127	191	82	209	
73	142	22	126	49	188	114	54	237	9	126	68	174	243	162	244	164	35	204	12	163	185	2	239	163	255	18	2	74	132	73	45	
99	73	104	77	79	93	233	110	67	244	252	10	57	28	87	53	104	148	114	201	68	122	247	221	55	8	193	61	119	156	86	238	
45	189	185	109	253	222	95	83	75	233	124	12	30	191	86	50	205	124	87	12	145	56	240	18	111	253	37	180	218	232	194	243	
179	205	71	190	28	129	78	246	148	64	216	199	49	232	179	224	104	226	31	207	237	139	6	191	176	46	170	136	61	221	120	92	
2	251	22	144	227	193	188	199	175	21	90	163	172	158	98	64	166	59	235	209	86	153	130	240	60	16	30	203	20	22	173	203	
167	189	66	9	247	155	162	200	94	96	88	102	136	216	190	165	250	8	146	127	183	178	92	254	46	89	11	102	221	15	217	149	
56	255	88	40	114	139	90	252	51	105	124	237	31	7	130	144	54	153	133	116	78	26	72	63	254	205	32	229	122	130	74	155	
47	218	237	215	238	29	189	144	207	255	87	231	217	60	222	111	207	85	183	95	149	112	111	240	78	123	255	230	223	191	217	245	
61	91	123	111	114	19	111	120	37	64	125	230	123	79	177	48	126	249	23	238	201	146	45	140	118	205	33	128	127	179	98	241	
222	23	98	204	175	86	94	123	137	238	158	175	72	254	247	103	246	213	253	167	236	7	165	202	51	121	143	191	55	244	61	87	
35	95	99	140	116	82	238	119	85	72	218	230	114	124	180	228	250	238	182	239	205	186	101	239	54	62	170	128	61	190	120	93	
230	166	32	186	157	61	216	137	31	63	145	29	206	76	94	137	221	129	219	55	190	103	219	215	139	82	155	127	208	15	220	70	
130	130	164	155	9	181	184	15	142	31	201	21	172	206	126	202	205	19	235	133	214	15	219	211	5	50	218	91	16	12	173	222	
146	79	207	188	18	130	63	246	180	134	210	231	41	167	161	73	102	251	183	197	224	223	6	239	240	34	254	137	37	245	37	249	
58	143	41	186	58	225	155	202	134	21	216	163	165	207	34	64	79	187	135	211	26	11	78	253	248	5	170	249	181	15	53	243	
170	143	66	222	241	208	188	239	159	31	84	243	40	238	174	197	237	155	167	129	126	26	6	247	54	118	218	203	23	12	172	204	
130	204	18	159	108	129	190	228	156	18	81	18	172	202	48	65	111	107	19	195	98	158	74	255	52	50	218	200	20	25	161	136	
90	157	251	244	115	251	51	99	171	237	127	43	14	189	102	114	162	255	247	1	20	187	160	224	219	245	37	231	230	110	135	211	
19	147	202	132	226	16	188	119	173	103	95	231	77	238	190	198	55	143	255	133	212	153	134	193	54	36	255	135	47	228	169	221	
61	19	91	238	116	7	90	120	5	200	255	231	91	125	171	144	94	176	22	238	157	178	113	140	114	237	160	128	127	171	96	209	
138	156	54	121	117	252	241	134	189	93	118	17	174	157	62	92	135	51	255	17	54	252	50	247	79	127	18	195	210	4	69	95	
47	244	180	67	173	125	208	137	75	123	173	29	206	88	94	175	153	0	219	55	31	103	91	146	159	94	85	127	218	78	218	86	
26	156	54	152	219	245	176	99	191	95	108	19	44	190	38	221	231	51	171	145	54	15	50	247	27	127	26	75	147	69	173	71	
235	91	119	92	100	220	101	21	237	212	118	236	184	148	183	255	70	32	178	92	133	122	118	232	38	56	198	10	78	156	80	125	
104	191	244	90	253	249	149	142	203	31	60	56	174	57	197	30	139	82	198	80	50	106	234	177	47	150	116	251	210	89	198	175	
98	91	98	140	123	144	158	76	137	196	248	239	108	204	55	148	254	177	211	229	196	35	22	221	50	116	138	187	127	190	63	223	
66	181	166	213	53	252	184	39	169	79	94	17	172	188	22	103	140	55	253	1	180	216	242	207	135	118	218	147	6	68	151	126	
75	157	54	30	91	212	176	103	233	93	108	21	44	254	38	247	166	51	251	5	214	203	178	229	51	122	90	75	67	4	175	223	
11	159	66	141	247	147	190	231	13	64	94	167	44	168	182	68	110	43	151	197	214	152	4	255	116	52	138	195	63	142	185	223	
41	95	123	111	100	219	246	116	68	72	124	231	115	77	179	17	94	248	134	110	205	178	100	61	102	205	32	128	127	186	110	217	
218	153	114	158	83	208	176	103	237	69	237	55	44	218	38	212	162	179	234	129	84	171	18	231	179	117	18	11	75	6	175	95	
251	146	254	117	99	82	89	56	49	254	119	181	74	63	142	191	55	149	228	164	173	247	37	204	90	251	113	135	239	164	110	87	
130	152	242	88	101	248	248	135	255	93	116	145	174	156	54	124	131	59	215	16	150	108	50	209	15	120	18	75	198	132	223	223	
184	196	98	235	84	171	234	121	85	35	251	18	107	73	60	64	121	137	23	163	170	183	73	223	182	205	138	196	119	138	240	128	
47	26	149	89	97	191	232	80	207	122	117	68	152	142	119	173	204	41	146	206	135	48	112	208	7	26	211	164	218	189	73	149	
202	143	102	222	123	144	188	239	159	31	84	215	104	238	182	197	231	187	167	133	246	14	46	255	54	118	218	203	55	132	188	205	
123	18	226	85	99	114	121	82	57	239	118	191	8	30	134	189	255	149	181	164	173	222	37	196	82	123	248	135	175	132	46	215	
2	152	50	216	101	252	184	71	191	93	112	17	172	158	118	56	163	59	179	17	150	108	50	209	15	62	26	75	214	4	103	223	
38	187	220	91	250	137	182	155	139	149	124	237	172	169	199	30	143	123	231	80	146	122	202	113	110	17	117	251	222	169	207	155	
61	91	107	111	86	18	111	112	68	192	127	230	121	79	179	48	126	236	23	238	201	178	45	12	118	237	160	128	127	187	96	241	
98	173	161	218	253	217	210	174	75	217	184	41	170	152	87	164	201	194	255	81	31	107	226	247	63	92	28	251	214	12	94	79	
66	156	54	152	125	252	176	70	191	95	126	17	172	191	38	73	165	51	251	17	54	45	50	247	15	118	90	75	210	68	37	223	
114	21	98	140	93	151	222	105	139	68	185	143	104	236	63	144	252	161	211	229	206	35	20	221	51	124	139	191	95	110	126	214	
19	147	194	133	210	18	188	115	47	65	90	231	13	174	182	192	126	173	183	133	213	153	133	193	54	45	174	132	45	164	185	221	
18	95	114	206	87	193	190	228	137	4	184	171	108	222	47	0	254	243	147	195	66	11	8	253	51	84	138	187	21	30	47	219	
61	17	121	238	122	19	79	120	65	200	253	238	127	86	187	52	94	169	21	239	201	162	108	156	242	249	161	184	117	179	66	241	
61	89	73	111	118	11	95	248	4	104	124	230	115	93	179	32	126	232	23	110	201	178	109	61	102	237	161	144	127	187	80	249	
19	76	206	190	22	162	238	119	148	194	218	199	121	238	179	65	126	235	63	143	237	155	4	238	240	46	238	128	45	245	56	216	
102	164	240	131	239	121	180	207	207	123	57	58	206	248	78	174	171	19	238	49	22	97	138	208	30	22	87	127	214	94	223	135	
66	181	182	212	101	220	184	39	169	93	90	17	172	190	54	34	164	51	251	1	22	217	178	229	7	54	90	203	0	4	151	223	
57	91	105	111	102	139	79	124	5	104	124	238	123	77	147	48	62	184	23	110	205	178	109	61	102	205	32	160	127	154	66	249	
66	153	54	158	75	212	176	231	175	85	76	19	44	254	38	84	163	51	251	129	22	11	178	245	31	54	90	75	19	4	175	223	
35	215	66	143	118	178	238	127	93	73	90	231	104	232	190	228	126	174	151	173	197	186	69	223	54	62	186	130	63	206	248	157	
194	153	114	158	107	208	184	99	175	85	253	179	44	222	166	244	238	187	187	129	22	11	166	247	18	48	154	203	23	4	175	223	
33	223	121	79	116	139	239	255	68	72	126	230	115	37	182	32	94	162	6	110	193	184	101	125	102	173	32	128	125	138	104	249	
179	77	71	190	28	162	206	246	148	66	218	198	49	232	179	224	104	226	31	207	237	139	38	191	176	46	170	136	61	253	120	92	
66	163	160	154	217	165	152	79	143	21	137	17	172	238	106	64	205	155	203	145	22	11	210	243	157	52	154	123	144	78	173	206	
2	251	18	152	91	197	188	231	172	5	74	131	172	206	98	64	230	59	235	209	66	155	130	245	189	52	14	75	0	22	173	202	
185	205	111	222	12	144	207	246	196	64	220	2	51	232	179	97	72	226	63	207	233	171	38	189	242	107	226	152	55	187	112	104	
73	206	118	91	117	152	104	183	253	29	118	16	175	201	190	244	130	34	206	12	190	188	34	247	166	255	18	67	66	132	203	77	
190	143	38	184	157	167	139	250	133	28	208	135	133	207	51	65	204	161	143	247	186	11	78	189	248	16	139	253	52	45	52	194	
40	255	92	75	114	139	123	244	52	40	124	229	19	7	130	16	62	136	7	110	224	184	73	31	102	143	32	196	125	138	74	185	
6	200	22	159	108	129	174	224	158	18	80	2	236	202	57	73	123	107	51	195	98	214	74	245	4	54	218	136	20	27	49	128	
137	94	54	248	127	180	126	222	253	11	124	84	44	219	39	252	229	115	158	88	167	47	50	255	115	255	18	202	154	213	169	47	
3	192	87	131	231	219	164	101	76	248	83	98	216	24	180	161	251	45	150	227	213	188	45	220	46	91	255	198	77	14	249	141	
15	152	236	199	110	25	185	144	207	253	95	167	221	221	223	234	110	125	183	223	133	240	239	192	78	121	239	228	143	174	17	245	
250	54	98	196	127	118	152	123	57	238	214	191	8	190	182	127	255	181	159	165	172	15	164	206	19	127	203	191	39	228	55	87	
166	201	118	220	108	129	252	234	141	152	240	139	172	204	53	73	254	121	55	231	194	99	66	221	20	26	207	174	85	60	113	153	
11	153	235	157	114	212	187	210	30	76	92	166	60	212	182	100	118	122	147	79	131	152	54	255	71	45	42	138	30	141	49	253	
194	29	50	158	117	252	176	103	185	77	116	29	46	220	38	85	164	59	215	5	182	171	178	253	51	120	18	203	66	12	111	223	
188	196	98	249	84	163	238	250	85	3	243	18	75	201	60	64	121	137	23	163	186	183	8	223	178	207	131	196	119	201	240	128	
61	91	107	77	118	3	207	120	68	200	125	230	115	101	179	96	126	232	22	238	201	178	109	61	118	173	33	128	127	187	96	241	
98	26	226	220	103	182	248	118	25	235	214	191	8	62	182	120	239	189	151	133	172	159	164	238	23	126	154	170	135	140	118	223	
70	165	176	130	255	249	176	207	207	121	25	59	140	248	110	174	163	19	206	17	22	57	136	210	62	20	31	255	148	94	157	135	
102	181	176	168	253	173	80	203	27	53	137	29	142	190	110	88	217	11	155	21	62	11	216	211	191	84	159	127	144	76	159	86	
66	157	182	156	237	236	176	39	175	93	74	17	172	190	38	74	165	51	251	1	18	217	146	229	13	54	90	75	128	4	165	219	
58	165	48	250	221	229	88	239	27	13	249	25	174	255	46	16	221	155	135	144	58	10	74	215	187	213	158	127	211	14	230	218	
189	77	111	222	156	178	207	246	212	66	222	66	115	232	179	224	120	226	31	207	233	171	46	175	48	47	174	136	55	251	112	108	
130	153	50	152	91	208	176	230	191	85	68	51	172	158	38	64	227	59	179	129	22	11	178	247	31	52	26	75	21	4	173	222	
43	202	66	141	118	147	186	111	31	73	88	231	40	200	182	196	127	41	151	133	151	154	4	223	54	62	138	198	31	142	249	213	
130	140	98	152	251	209	184	226	159	85	84	179	44	222	38	68	239	187	179	129	118	15	166	247	22	52	154	235	23	5	175	223	
50	165	18	170	211	193	150	103	173	5	233	41	174	214	40	16	250	187	135	144	90	11	18	255	185	212	30	123	80	2	167	138	
130	157	50	152	95	244	184	102	189	93	116	23	44	222	38	89	166	59	147	5	54	43	50	245	23	58	90	75	83	13	231	223	
238	40	160	176	137	237	80	130	159	191	128	25	142	158	67	24	201	221	233	17	58	79	210	242	153	215	219	127	144	13	7	66	
130	137	118	141	110	3	188	111	143	146	120	130	172	174	53	64	238	41	55	129	192	63	2	219	20	26	219	172	85	40	113	137	
31	201	10	169	231	131	254	99	69	96	94	167	4	136	50	64	122	168	59	39	212	153	21	220	244	38	139	199	62	46	185	86	
6	201	130	157	76	129	174	202	142	18	88	2	172	234	121	64	122	107	51	193	66	150	194	243	20	52	207	136	21	121	49	136	
45	23	95	107	114	171	126	112	36	104	123	231	121	79	169	144	62	169	23	238	197	176	13	61	102	207	32	128	127	155	66	153	
209	129	254	227	62	128	123	152	166	65	95	130	245	207	218	98	102	213	127	220	210	152	175	97	110	233	170	192	37	130	97	97	
2	143	98	140	215	145	190	231	13	5	90	231	40	168	182	196	110	43	147	197	214	154	4	253	54	36	154	195	63	12	185	221	
59	91	246	68	99	82	184	86	43	253	126	167	9	158	246	60	238	157	183	213	133	250	167	192	86	123	250	135	231	132	39	223	
15	49	254	193	110	153	187	80	207	248	94	167	221	220	255	102	46	61	255	221	134	176	166	192	78	93	171	166	103	175	81	245	
31	211	115	199	38	27	174	240	76	104	90	226	233	108	189	228	126	89	150	107	197	176	45	253	52	76	43	130	119	255	17	237	
43	215	66	137	119	177	190	254	11	73	92	231	44	248	254	196	126	107	151	205	135	26	132	241	54	28	174	174	159	222	217	221	
54	140	70	255	148	43	232	250	53	35	251	2	75	40	53	73	121	207	31	163	56	243	9	221	178	238	219	196	181	249	240	128	
52	129	238	255	148	10	108	125	116	17	251	2	115	107	60	73	122	199	55	225	152	248	73	237	210	239	254	192	165	170	240	0	
54	12	98	179	212	163	238	226	117	35	243	2	75	42	53	73	123	171	23	163	184	243	9	254	182	206	155	196	245	249	112	128	
166	44	210	156	110	160	254	74	159	130	216	146	172	238	117	64	127	233	23	129	66	55	130	203	52	60	139	136	21	120	113	129	
91	92	178	88	127	244	248	67	237	95	28	7	44	190	247	236	231	35	191	149	150	47	178	215	31	126	26	203	151	68	125	215	
80	136	254	247	54	10	125	181	56	179	242	2	247	107	24	91	118	229	61	224	216	216	1	44	218	235	255	128	165	162	97	9	
63	62	97	162	114	35	95	112	25	236	89	239	95	78	147	52	254	185	21	167	141	146	108	156	176	213	171	166	61	247	3	245	
162	61	118	213	111	173	184	103	141	105	120	59	172	190	22	33	206	187	215	133	162	254	82	253	23	26	218	130	69	12	71	223	
162	173	116	221	124	143	184	103	31	184	112	10	172	158	116	1	238	63	87	129	224	122	66	220	29	26	95	170	85	8	99	137	
