Ê¥ÂÞÀ¼Ó¨ÁÁ´¿÷È´½¸à	#49 ÁÃÉ§£¨ÐÂÉ«£©(ÈÈÂô)	http://www.yslbeautycn.com/on/demandware.static/-/Sites-ysl-master-catalog/default/dw42b65907/Makeup_Pro_img/00031YSL/00031YSL/L9344500U_2.jpg	//www.yslbeautycn.com/dw/image/v2/AARM_PRD/on/demandware.static/-/Sites-ysl-master-catalog/default/dwf68c09e3/Makeup_Pro_img/00031YSL/L9344500U_815.jpg?sw=336&sh=444&sm=fit
221	201	106	206	148	18	239	253	228	192	222	2	113	227	181	96	122	236	31	235	200	139	172	239	242	41	174	136	39	178	240	104	
65	160	218	228	114	130	123	94	123	161	162	0	28	131	102	80	210	109	74	28	19	203	129	66	94	189	55	112	128	128	99	169	
0	148	60	233	55	235	49	239	94	113	28	50	190	21	42	96	163	19	154	16	51	57	25	253	237	212	16	119	144	8	133	43	
68	132	23	254	13	166	102	169	246	130	131	16	225	226	45	89	113	98	42	174	96	197	27	223	37	190	215	0	16	114	96	0	
201	165	67	68	61	11	227	171	119	162	190	136	243	97	152	165	25	70	108	46	121	127	253	159	233	254	193	124	70	172	80	40	
70	169	148	158	236	5	188	141	158	176	24	10	236	234	121	74	223	95	51	211	82	66	202	240	28	18	207	172	148	122	177	129	
75	209	126	209	50	128	57	183	172	89	22	178	157	151	250	98	103	87	63	220	211	217	161	197	252	169	190	196	4	128	161	121	
166	173	36	216	253	133	184	239	159	249	80	27	236	222	52	1	175	19	247	117	178	91	11	255	63	26	143	254	20	12	211	217	
24	48	58	161	55	201	113	67	31	33	214	11	190	159	96	0	178	185	95	17	10	189	145	223	213	205	10	123	36	8	21	58	
130	140	150	156	252	131	190	239	158	130	80	18	172	234	33	64	207	107	59	128	112	201	2	255	44	54	222	136	148	104	33	137	
228	94	255	76	124	128	83	16	228	140	254	100	113	243	161	114	70	116	44	106	201	167	246	42	114	173	162	136	40	243	96	59	
38	60	114	217	228	185	190	67	93	75	121	179	140	188	117	41	223	59	151	7	178	186	100	242	6	94	154	170	215	205	209	213	
255	91	30	190	42	94	87	48	153	206	245	237	126	246	163	251	214	245	180	102	205	131	106	42	209	163	97	154	80	255	12	113	
206	212	224	25	15	249	113	142	255	119	32	185	142	220	78	91	161	147	239	16	102	101	254	211	207	87	21	127	146	92	85	94	
227	155	102	158	239	84	188	249	221	92	245	175	104	252	182	113	238	255	183	199	212	43	170	245	62	58	206	251	31	46	244	223	
130	208	182	153	109	133	184	207	159	59	80	51	140	222	108	75	231	27	191	17	146	92	138	209	13	26	95	238	144	28	161	147	
19	197	109	205	110	27	175	190	78	96	94	134	209	38	190	100	126	199	63	239	193	24	109	245	100	46	239	228	53	186	209	253	
58	191	98	231	117	127	127	119	9	236	126	175	123	125	150	39	62	254	213	103	221	184	180	173	255	249	229	147	111	238	222	223	
18	162	255	236	75	66	184	106	170	149	240	131	13	238	100	10	255	157	227	145	16	203	130	193	25	230	219	111	133	32	39	130	
4	40	132	147	212	169	168	134	190	19	83	18	172	138	73	75	99	11	42	144	50	252	75	224	12	18	218	64	132	89	161	136	
94	162	180	242	43	200	24	204	171	189	181	169	207	207	72	27	167	213	237	144	26	67	138	241	219	243	91	255	162	133	39	83	
186	56	120	232	102	201	249	66	109	68	116	171	31	28	215	48	110	153	151	209	142	58	244	209	215	201	42	235	117	129	39	219	
230	191	211	214	224	48	102	231	27	161	106	250	96	162	236	247	221	255	162	194	49	218	200	226	62	212	197	170	136	122	232	173	
118	225	114	232	254	1	254	204	239	16	176	10	15	202	125	80	254	201	95	243	138	39	138	213	178	216	139	236	117	155	227	129	
160	236	32	153	109	173	160	206	94	59	112	24	172	200	120	9	201	10	19	1	226	126	74	247	13	18	219	124	80	89	81	137	
194	42	120	89	106	217	184	2	47	101	244	171	173	142	215	120	238	185	151	209	134	58	230	241	22	89	58	251	87	133	15	221	
2	233	34	154	95	193	186	230	158	69	88	163	172	204	118	0	248	59	147	209	66	186	14	245	61	20	158	235	21	28	181	218	
240	20	113	205	120	135	73	112	61	32	228	64	153	23	36	245	92	180	95	168	169	15	113	221	147	251	130	88	18	128	98	168	
57	2	37	169	124	143	73	56	78	121	242	64	127	8	176	120	232	165	62	109	141	184	65	157	212	235	96	80	81	142	65	40	
166	96	114	202	108	137	250	200	169	0	241	26	236	202	60	0	254	201	87	99	130	39	10	245	20	56	138	170	85	27	115	129	
62	89	114	232	246	25	222	216	73	72	244	171	79	221	189	121	254	209	151	239	194	39	46	253	178	253	135	222	119	191	243	213	
5	135	189	173	170	42	175	191	124	82	154	237	215	100	152	35	63	71	110	111	241	224	79	43	236	34	111	148	108	122	161	49	
232	201	127	94	108	217	175	228	204	76	116	169	248	204	191	103	234	98	130	79	194	35	46	249	119	57	114	41	85	155	117	252	
254	16	112	227	102	18	250	112	41	105	183	179	77	31	156	50	238	149	151	199	144	54	41	224	150	217	218	130	135	135	99	213	
116	96	202	228	68	98	103	80	177	130	239	16	81	211	105	94	121	236	5	170	8	151	144	66	209	172	163	4	163	243	102	162	
233	2	199	189	109	6	233	49	161	89	242	209	221	15	16	219	200	164	63	13	165	254	67	205	68	123	242	192	71	172	112	201	
33	77	119	95	245	219	231	230	95	234	120	98	176	56	181	165	75	110	22	72	225	248	109	252	44	30	103	162	215	121	113	237	
129	0	245	85	116	186	232	7	125	35	114	82	168	40	148	237	202	7	110	25	183	252	101	204	4	62	82	64	205	200	193	173	
209	17	63	101	164	62	97	23	125	232	242	122	159	28	145	235	166	189	124	57	161	248	241	8	149	251	114	0	236	232	1	41	
98	0	114	234	110	2	250	65	137	162	241	2	141	10	53	75	238	165	31	163	208	59	200	200	150	248	154	168	21	139	113	137	
58	183	96	76	127	127	146	123	9	236	252	175	106	44	134	49	254	191	215	160	156	187	244	221	59	124	136	187	103	110	118	223	
211	217	47	252	33	198	77	37	176	74	198	0	249	247	36	112	200	231	61	234	121	143	178	239	241	255	250	136	8	48	241	122	
60	181	57	161	144	207	151	251	54	53	169	25	151	21	64	16	157	155	77	49	90	168	88	22	233	213	37	116	208	2	135	226	
104	241	185	65	241	77	53	159	106	253	46	8	158	53	72	48	149	30	224	16	19	56	249	17	109	157	53	118	194	18	198	123	
60	201	102	238	156	2	110	253	197	0	254	2	107	233	56	64	120	228	63	234	216	187	11	189	114	233	167	128	55	186	240	136	
56	205	28	172	28	77	87	190	133	92	156	11	183	17	35	67	200	210	79	99	106	43	83	189	241	178	0	25	112	152	20	106	
138	252	170	184	75	209	188	71	175	23	204	183	44	191	102	138	175	59	243	129	22	79	146	243	83	87	222	171	151	68	175	219	
187	149	102	164	37	87	214	123	81	232	222	39	122	60	54	35	252	255	149	231	252	251	49	140	251	249	239	179	103	108	116	223	
94	185	178	248	203	209	184	65	175	21	165	169	140	223	100	222	238	185	235	208	22	11	146	209	219	209	139	127	146	6	175	210	
72	189	30	233	29	207	115	59	143	161	142	10	190	147	96	80	224	172	123	24	42	25	209	221	253	156	131	112	50	8	0	42	
123	223	65	173	62	18	158	190	31	64	216	231	253	46	159	192	94	207	191	229	239	26	197	255	182	252	186	188	63	149	25	93	
48	109	35	133	150	203	39	230	116	224	218	106	22	53	161	164	42	236	4	105	73	185	4	46	176	4	37	146	103	248	84	105	
59	72	98	76	119	242	251	208	229	76	254	163	57	142	183	116	124	248	159	200	143	179	37	237	86	109	162	129	111	151	124	223	
16	176	155	164	31	203	51	75	174	161	154	34	191	219	104	0	178	29	127	17	2	185	145	159	217	197	59	115	36	8	37	11	
63	4	102	200	86	178	234	120	69	192	223	2	73	235	190	100	123	172	23	189	140	179	45	222	122	111	163	196	183	239	112	196	
63	68	226	229	84	51	234	90	87	226	223	2	89	201	180	96	127	236	23	187	188	183	37	206	122	79	163	196	183	175	240	196	
39	28	226	216	245	189	188	87	91	75	117	55	140	252	246	40	255	59	151	21	180	250	32	194	63	94	223	234	215	108	247	215	
114	65	194	205	196	34	236	79	29	3	251	2	105	170	53	72	122	167	63	129	24	186	67	194	182	254	222	128	181	122	240	8	
200	174	156	176	43	249	157	43	219	247	53	24	143	235	66	143	135	3	236	9	102	109	234	211	138	211	93	127	86	236	143	199	
6	121	214	146	238	131	188	197	143	176	146	42	172	158	117	74	238	121	127	211	64	215	130	232	60	24	143	170	148	58	161	137	
39	60	178	216	231	181	190	67	91	75	125	59	12	252	119	40	191	59	151	17	182	51	160	210	55	28	26	170	213	77	231	215	
130	123	242	166	231	221	190	69	169	232	146	175	44	221	246	2	174	255	223	199	192	227	160	232	51	88	142	171	71	254	183	223	
70	72	214	137	252	131	186	196	142	176	176	2	140	138	113	74	231	109	127	209	2	115	138	208	188	48	143	230	148	59	33	129	
91	229	226	229	246	18	126	214	121	193	94	147	13	175	212	116	119	223	21	221	222	218	164	226	254	253	190	200	167	212	243	221	
182	141	66	158	220	130	230	97	149	0	249	10	96	232	40	65	120	234	6	98	120	163	10	255	48	38	194	152	21	235	240	128	
74	175	224	56	251	151	89	31	63	77	94	13	172	231	210	212	51	138	223	28	146	11	225	223	127	124	20	233	178	132	229	107	
60	69	95	108	85	78	71	120	113	38	231	8	91	81	41	49	120	204	4	106	104	182	49	12	243	235	96	5	99	187	102	162	
3	17	230	141	108	11	168	105	206	240	211	231	240	232	62	106	254	173	126	231	149	243	87	201	20	56	235	132	93	43	121	149	
23	91	99	12	87	150	174	240	204	200	88	230	56	220	181	228	110	105	18	239	197	179	52	237	52	40	142	138	127	63	49	253	
90	50	219	227	102	64	48	88	51	1	213	234	60	159	72	88	126	153	151	145	11	26	144	209	214	160	186	235	46	128	63	155	
54	44	66	200	92	163	202	74	23	128	249	10	66	200	53	0	120	168	23	177	24	163	72	222	50	140	129	156	245	235	112	128	
107	220	98	156	127	159	211	182	223	69	254	175	106	249	54	213	222	165	255	37	236	43	84	221	118	126	0	218	127	156	120	95	
89	112	40	175	57	31	122	88	46	104	213	77	255	71	27	208	84	12	93	110	143	16	217	93	246	237	170	180	10	135	11	216	
20	194	247	197	54	10	187	248	101	173	123	226	89	79	188	100	55	221	47	234	208	240	45	197	124	174	39	196	103	163	165	241	
222	115	99	192	114	19	169	120	45	236	150	226	73	14	213	165	126	149	223	241	201	147	37	204	188	64	175	132	39	180	39	117	
62	110	227	136	253	219	206	200	23	174	221	139	202	205	187	132	93	232	207	127	202	167	76	222	184	86	141	191	247	191	118	244	
185	13	40	255	60	196	223	50	84	76	92	2	179	56	51	96	200	122	21	67	236	168	119	191	225	253	170	17	21	137	84	234	
29	133	106	201	246	179	235	123	86	97	94	130	25	45	178	96	127	154	23	188	146	184	37	223	126	77	162	196	183	203	240	225	
72	183	240	233	189	179	88	31	126	239	158	117	187	186	210	104	211	15	125	145	158	136	199	147	206	223	187	245	158	68	137	11	
244	17	127	97	36	79	81	25	97	232	247	40	87	93	137	59	154	148	92	106	89	182	121	8	211	233	97	20	96	171	70	99	
63	237	82	238	60	3	222	248	79	168	185	106	254	203	177	0	254	233	95	111	73	35	8	255	240	221	43	188	92	187	35	161	
191	221	116	204	166	22	223	253	69	200	252	166	91	95	183	117	126	211	151	238	201	35	45	248	114	217	165	140	119	254	244	253	
228	232	208	94	126	201	178	232	26	176	177	170	105	217	205	1	59	249	102	226	98	103	206	253	62	8	37	189	85	186	71	129	
132	200	22	155	252	137	190	204	142	16	80	2	236	202	41	65	167	105	110	82	98	37	10	253	164	16	11	120	20	27	145	129	
52	201	70	238	156	131	198	253	5	0	248	2	99	232	61	64	120	234	6	227	88	187	9	189	186	234	133	64	117	187	240	136	
0	91	127	94	118	194	255	252	60	140	126	226	121	223	189	48	62	122	23	232	226	186	34	109	102	47	54	137	103	146	103	233	
226	252	116	88	73	221	84	238	251	51	164	24	46	159	68	63	141	243	211	80	106	111	242	247	59	218	84	123	83	16	198	190	
74	185	182	250	137	212	24	194	175	21	160	9	172	223	101	218	197	59	251	209	18	75	218	241	219	241	26	123	146	5	47	210	
63	88	114	234	180	20	222	216	201	72	244	163	79	221	191	108	254	209	151	111	204	167	46	237	242	249	239	206	247	191	241	87	
61	86	113	77	100	95	239	121	85	234	250	230	115	124	149	164	126	204	86	47	237	178	117	156	52	206	231	132	127	248	80	181	
130	32	86	143	110	169	186	64	173	33	251	2	236	138	56	2	234	161	95	195	0	181	74	240	148	16	138	128	85	11	81	137	
3	91	99	143	100	147	174	244	205	64	82	230	184	200	181	229	126	104	18	207	197	177	38	237	36	56	170	128	31	191	121	157	
176	200	114	92	52	155	194	254	95	17	118	0	107	233	188	116	219	200	38	104	170	165	43	255	42	254	17	68	119	152	64	12	
82	99	66	224	43	129	56	73	175	172	179	235	77	207	108	82	254	181	239	240	72	3	195	208	154	208	139	191	39	134	39	19	
192	1	66	141	76	41	232	73	173	0	243	2	140	138	33	75	106	173	110	160	0	55	195	208	148	48	138	44	21	42	113	128	
102	99	186	227	249	221	27	196	175	189	183	9	140	143	73	90	236	53	255	208	26	15	250	240	223	213	159	255	128	7	15	243	
194	248	178	152	105	197	184	202	31	89	80	3	172	222	101	72	197	27	179	209	130	79	210	241	21	48	218	235	16	5	37	219	
11	248	157	184	105	236	48	87	139	123	116	61	188	159	98	58	135	59	183	20	7	92	210	209	71	219	120	187	154	92	139	219	
34	204	4	155	124	169	168	206	30	19	88	18	160	202	56	72	217	10	51	129	34	62	75	183	4	22	155	232	20	72	16	136	
45	126	204	121	112	45	105	158	54	123	116	213	177	7	155	25	93	142	23	156	187	220	81	29	78	159	240	196	217	192	66	217	
2	204	2	154	20	131	174	230	22	1	88	2	32	200	48	64	89	106	19	209	66	186	8	255	32	6	142	128	21	30	176	136	
40	165	121	100	244	79	103	253	96	44	124	40	19	179	200	48	50	222	4	104	90	186	232	31	127	141	37	236	97	130	198	235	
70	189	182	144	223	39	186	207	155	249	24	27	12	254	116	2	191	95	123	21	178	107	154	248	61	28	15	238	144	108	177	139	
21	91	63	99	162	47	71	156	100	232	218	228	247	97	137	104	22	116	60	127	137	176	109	40	224	143	101	144	228	251	128	97	
0	140	130	159	92	163	42	206	22	3	88	2	168	226	33	72	121	43	51	128	2	186	75	255	4	54	154	8	148	75	48	136	
13	126	73	205	114	134	171	252	0	236	92	230	113	71	177	52	126	236	22	238	129	146	108	127	116	46	163	132	55	179	34	249	
123	149	98	204	251	210	126	119	169	68	254	167	104	238	182	245	254	183	191	236	221	11	180	221	58	121	138	207	63	134	238	223	
102	226	80	77	106	139	254	121	31	180	177	235	105	203	220	17	62	189	111	166	194	103	207	89	54	40	37	188	117	178	70	1	
163	202	229	204	60	18	202	56	95	156	240	230	234	232	244	229	94	204	166	106	169	236	239	223	10	58	231	158	87	174	84	109	
184	201	98	238	156	131	206	253	197	0	254	2	115	201	184	64	120	230	63	234	216	171	9	191	114	233	167	216	119	186	240	8	
186	21	114	172	39	86	216	115	21	232	222	43	110	61	166	97	254	183	183	225	252	187	97	205	179	251	202	147	39	172	116	95	
230	64	114	162	110	168	250	64	141	0	243	18	205	202	60	74	126	229	31	227	144	183	200	226	148	248	138	136	21	27	113	129	
111	133	132	62	203	49	183	239	250	183	105	153	108	226	110	95	241	107	162	135	52	83	174	115	124	54	95	47	145	118	171	198	
190	76	114	226	102	34	250	208	57	35	183	146	77	15	61	19	126	221	23	235	184	183	8	226	150	217	138	196	39	191	99	129	
50	160	4	221	78	11	68	232	219	50	192	138	227	232	20	39	89	204	104	40	104	122	207	157	133	242	209	54	52	40	18	140	
54	77	102	202	212	179	238	212	85	161	254	2	73	201	181	96	120	236	23	251	136	183	108	254	58	78	135	196	183	191	240	132	
128	95	115	87	118	203	167	244	92	166	118	226	97	113	181	36	126	122	6	74	225	184	37	238	44	14	119	130	119	187	101	237	
2	140	150	157	124	131	190	230	158	131	82	18	172	170	48	65	199	107	59	129	50	216	3	255	44	54	222	128	148	8	161	137	
49	17	245	101	116	31	237	123	85	232	242	226	179	56	149	32	126	140	22	44	233	178	101	12	180	239	227	132	125	168	80	181	
126	241	50	232	73	209	24	65	171	4	160	9	142	223	100	208	236	177	207	209	90	11	146	208	219	209	138	123	18	6	39	18	
88	50	248	97	98	41	49	22	41	63	118	253	143	31	202	27	167	29	239	16	2	124	193	64	214	209	114	231	230	129	15	155	
3	38	199	245	44	42	232	3	189	243	242	212	163	42	212	43	233	37	126	148	13	252	199	128	142	250	242	128	200	136	96	140	
50	181	114	204	122	39	154	107	25	232	248	171	40	190	52	1	254	191	215	161	184	187	68	221	58	88	11	186	85	44	35	219	
102	165	208	143	252	33	238	235	11	176	152	10	236	234	88	66	91	235	127	145	82	74	203	243	60	20	143	252	149	106	243	128	
47	165	222	183	219	48	180	239	27	179	104	130	108	234	238	115	219	79	34	180	52	250	206	224	44	178	95	107	201	104	203	140	
55	111	90	236	124	131	206	248	95	168	184	106	127	203	181	16	254	233	70	107	72	35	8	255	242	221	171	188	93	187	34	137	
74	38	180	154	233	253	148	143	223	63	172	57	172	174	103	223	135	99	235	21	54	75	234	243	95	86	94	59	146	92	141	79	
130	248	180	153	235	133	184	71	143	249	16	51	140	158	100	11	237	59	255	145	210	79	211	240	29	18	94	238	144	12	165	219	
37	181	115	65	244	203	227	115	121	233	125	98	82	53	148	52	123	174	22	56	177	186	108	222	44	30	37	196	231	170	210	165	
19	160	91	193	50	3	57	72	47	49	228	2	60	147	140	80	254	153	23	248	10	147	1	209	210	137	26	70	1	128	35	137	
99	155	102	218	237	245	188	99	141	92	248	175	104	252	182	97	238	187	183	197	212	43	106	245	63	56	206	203	21	14	244	223	
81	160	82	160	82	2	56	72	126	161	227	0	125	131	40	80	118	13	74	188	34	219	149	77	89	174	18	64	0	128	35	40	
94	226	150	226	43	192	120	200	171	61	181	169	206	207	76	26	166	213	237	208	10	67	138	241	219	241	203	255	130	7	39	83	
210	159	98	140	251	244	190	113	233	76	253	167	40	254	182	51	254	247	223	231	220	43	178	205	51	120	138	203	71	102	231	223	
68	136	148	190	13	197	66	168	246	24	131	1	226	226	41	88	209	226	42	66	26	65	75	181	157	150	203	11	144	35	36	2	
7	223	99	71	118	151	238	244	85	104	90	230	113	8	181	164	126	234	22	239	197	184	45	253	36	8	174	128	109	191	112	253	
112	220	59	236	45	64	23	167	132	6	206	34	245	247	32	96	216	116	185	131	72	143	98	175	243	247	218	11	20	58	180	43	
130	248	182	153	109	133	184	206	143	59	80	49	140	158	100	75	167	27	183	17	194	92	131	209	13	24	95	238	16	12	161	155	
172	217	119	94	109	217	183	252	204	84	117	137	249	253	62	39	106	82	211	107	227	39	58	247	103	121	102	9	87	31	247	250	
128	143	61	251	157	237	144	111	158	21	156	26	238	93	40	65	142	51	139	17	50	41	123	189	235	211	24	91	144	8	133	42	
1	2	197	209	116	154	232	7	124	49	114	210	160	8	148	237	234	46	34	25	151	252	101	197	4	62	210	64	197	8	209	140	
82	99	67	168	42	129	42	73	173	164	145	239	13	206	108	208	254	181	207	230	72	3	194	204	176	144	139	190	45	130	39	16	
75	144	118	241	38	144	56	180	174	89	22	163	189	159	232	98	103	23	191	204	194	137	167	245	206	233	186	196	38	132	33	121	
83	221	105	141	54	27	175	190	95	96	222	238	189	44	183	100	126	207	31	237	199	24	101	255	180	44	186	180	61	155	17	125	
54	72	114	202	108	9	238	200	141	0	240	10	206	202	61	9	126	193	95	227	194	39	10	229	182	184	138	156	85	59	113	128	
86	232	186	226	56	205	58	192	174	185	163	9	158	223	104	82	228	185	127	80	74	3	218	240	219	213	175	121	128	3	39	2	
103	135	138	204	202	59	46	239	30	163	77	218	64	226	236	245	49	206	162	174	49	82	143	67	62	7	197	47	156	251	153	36	
193	25	179	245	160	140	105	23	124	171	114	80	191	31	0	121	228	191	126	24	185	252	241	66	133	251	114	0	200	64	161	57	
40	213	20	225	25	143	69	183	143	61	170	24	150	19	32	20	137	144	79	40	122	169	89	31	253	212	5	116	90	8	128	34	
134	105	214	146	238	129	190	69	143	128	210	2	172	202	117	66	238	107	127	211	64	195	130	232	60	24	143	170	4	58	161	137	
249	91	125	172	42	88	95	184	20	76	244	236	119	103	163	113	86	241	53	110	233	3	103	57	242	235	96	152	52	185	4	121	
192	0	183	125	32	238	169	7	60	11	242	16	190	55	132	123	194	55	127	136	49	216	209	64	197	250	122	2	8	64	129	59	
208	0	87	237	118	203	113	35	45	32	227	122	55	19	0	81	98	188	127	40	32	156	65	223	213	160	50	66	36	136	33	43	
3	41	142	141	14	131	233	72	206	240	210	131	212	200	51	98	106	164	122	205	141	163	215	217	148	32	139	56	93	47	121	196	
2	60	178	216	246	165	188	71	91	75	112	59	172	252	117	40	191	59	151	145	178	58	130	243	30	30	26	170	212	204	163	223	
201	2	53	173	109	159	96	17	237	25	243	82	207	8	176	246	226	165	110	13	161	165	67	215	212	249	98	80	90	140	65	33	
51	207	102	190	22	147	206	247	196	64	216	199	49	200	182	224	110	234	23	207	207	171	6	253	176	44	170	136	61	158	248	220	
130	42	58	185	112	173	184	83	188	29	81	245	141	142	182	73	198	57	159	21	166	12	2	209	198	209	186	235	212	4	5	211	
114	197	226	237	214	2	238	95	127	1	250	18	9	171	116	64	122	207	55	209	218	186	133	226	186	252	158	200	167	216	240	128	
224	89	85	222	76	4	69	58	1	16	224	72	51	51	37	247	72	242	34	74	73	42	243	173	183	248	194	24	18	185	116	168	
190	73	98	232	164	18	222	220	201	64	246	131	75	205	189	96	126	209	151	255	232	167	44	232	178	249	167	140	103	191	240	81	
6	13	242	217	244	171	188	67	31	3	80	146	172	174	53	73	255	59	23	145	178	184	0	254	172	94	158	194	148	76	209	129	
109	181	185	65	240	143	35	19	106	233	61	108	158	20	204	176	151	30	84	60	147	184	252	22	44	156	37	244	200	130	195	241	
81	8	23	113	52	139	177	112	125	33	114	72	254	3	128	85	162	37	78	44	32	248	1	93	212	218	83	66	64	128	99	41	
179	205	107	238	86	146	79	244	117	66	246	210	115	230	178	117	126	238	21	239	233	159	44	175	240	235	175	128	53	178	114	236	
138	217	102	223	69	221	183	244	133	88	117	168	185	221	56	39	76	122	151	203	195	180	122	177	103	217	208	171	87	159	86	251	
73	65	163	102	164	92	207	53	76	232	91	68	243	232	253	228	90	102	60	111	201	176	253	136	160	252	39	16	76	186	209	60	
41	209	125	79	124	95	199	188	70	104	252	40	242	113	173	180	88	64	70	106	203	34	123	61	103	189	32	56	91	155	88	185	
159	88	230	217	45	150	120	82	93	218	86	55	9	158	183	125	198	40	63	222	141	212	103	232	130	123	218	130	182	181	120	245	
166	105	114	200	236	131	238	204	239	48	176	2	12	138	53	80	250	237	95	243	194	39	8	252	54	24	143	172	85	59	227	128	
50	178	142	141	30	3	168	79	22	225	210	215	129	170	80	72	105	141	43	133	17	218	213	204	140	38	218	192	173	8	48	154	
27	141	106	193	246	179	235	211	94	97	94	130	153	47	182	96	127	59	23	157	147	152	37	255	110	13	170	192	183	202	177	249	
61	31	107	77	118	199	107	248	116	200	124	230	113	101	181	52	126	248	23	238	193	176	44	127	103	12	161	128	127	163	118	241	
26	175	106	154	243	241	182	103	140	5	220	179	44	173	38	0	111	187	143	145	22	139	6	255	122	69	158	203	183	76	189	223	
11	253	123	71	114	153	187	246	63	69	126	166	185	15	151	160	47	123	215	206	195	184	37	255	118	13	58	128	119	149	47	249	
190	222	47	190	149	247	215	238	23	95	223	55	98	124	46	193	221	250	167	99	253	255	59	191	123	231	213	215	243	127	252	127	
178	29	86	188	58	203	148	103	140	12	240	163	140	220	166	131	234	49	199	97	100	169	66	221	48	241	106	155	117	44	141	143	
122	223	250	116	183	120	212	183	249	143	188	57	42	61	23	150	163	247	221	1	252	107	128	234	251	255	84	155	227	116	222	95	
18	177	184	201	191	217	49	15	79	125	191	59	142	190	78	64	179	31	239	17	22	57	235	209	143	92	31	247	146	14	133	87	
141	157	49	216	191	183	158	250	86	234	92	114	121	252	251	164	31	90	182	127	247	244	47	191	42	79	237	236	158	253	25	181	
182	158	175	255	147	102	95	190	145	95	95	55	97	255	47	207	253	254	181	162	237	212	187	175	51	239	223	131	163	115	252	95	
68	201	22	154	238	137	190	237	174	18	80	10	236	202	41	65	183	97	106	98	66	37	10	255	52	18	15	40	20	58	129	129	
9	188	25	185	244	239	120	150	126	123	122	68	191	51	17	121	131	42	23	28	163	216	81	29	207	223	50	192	154	192	82	171	
52	76	66	204	84	163	194	64	23	128	251	10	66	168	53	0	120	232	6	243	56	187	8	254	50	14	139	16	245	123	112	128	
58	31	107	109	119	158	254	114	21	200	126	99	59	61	181	96	254	252	151	231	201	184	113	174	119	253	160	130	127	189	116	251	
59	157	98	196	119	31	254	113	9	232	127	175	123	125	182	37	190	247	149	230	221	185	36	205	115	249	169	146	103	174	84	127	
54	42	234	152	222	241	152	202	158	21	156	187	40	204	119	8	239	235	187	149	30	79	206	243	26	5	155	255	149	77	61	214	
0	115	126	77	118	2	191	252	52	4	118	230	113	71	189	5	126	90	7	232	192	250	39	77	102	174	102	128	103	146	101	185	
71	167	202	86	203	177	182	235	254	182	111	152	96	226	255	121	81	106	162	174	116	82	174	115	62	15	207	45	144	119	233	4	
52	141	66	158	220	162	198	105	149	0	249	2	96	234	44	65	120	232	6	98	120	163	10	255	176	46	195	8	21	106	112	128	
4	169	148	145	228	169	168	131	190	17	82	16	236	194	73	75	67	43	42	16	18	248	67	241	12	18	87	64	132	65	129	128	
3	203	70	152	246	147	172	245	29	197	82	231	45	200	182	132	126	171	151	213	214	153	4	237	60	22	174	194	31	156	185	221	
226	244	116	90	201	253	180	239	187	51	165	24	44	223	76	59	137	147	243	0	98	111	250	247	31	218	84	127	83	80	199	159	
67	38	135	245	109	188	232	19	173	27	246	80	172	139	212	207	237	6	127	28	135	237	195	193	7	251	242	194	74	196	123	141	
179	205	71	190	28	147	206	246	196	64	218	199	49	232	178	225	108	226	23	207	239	171	6	189	48	42	174	136	61	158	248	92	
58	27	98	108	53	242	251	80	101	76	254	163	43	141	183	228	254	184	157	225	140	179	36	236	242	253	130	131	127	135	124	223	
69	137	203	166	180	156	78	49	66	193	91	76	247	104	152	224	86	230	52	111	221	176	253	173	236	237	165	128	44	171	216	17	
181	64	107	69	118	66	235	112	84	194	119	162	81	29	181	96	126	188	23	234	233	180	37	78	86	43	163	128	103	171	116	240	
70	217	190	174	141	220	150	224	175	20	140	9	238	254	111	202	206	241	251	195	76	35	218	241	243	113	79	59	210	55	175	70	
51	205	103	158	28	147	206	246	196	64	218	198	49	232	178	225	104	226	23	207	239	171	6	189	48	40	174	136	61	158	248	92	
255	48	182	244	171	54	88	80	185	250	151	125	206	255	75	159	199	213	253	53	189	199	211	128	219	251	127	159	138	100	43	87	
222	106	146	224	41	196	90	192	171	188	180	137	143	207	69	18	238	245	237	210	74	7	130	241	155	213	139	255	2	21	39	82	
163	153	102	222	239	133	186	99	141	88	121	39	44	252	54	97	238	59	183	197	214	59	202	245	63	56	138	234	21	14	53	223	
70	75	134	188	45	204	24	134	171	157	130	1	174	134	99	90	196	117	235	85	10	75	210	225	153	114	223	123	128	53	53	90	
54	73	98	210	148	131	238	196	197	128	254	2	73	201	53	96	120	238	23	219	200	187	12	238	50	238	135	128	55	191	240	140	
74	174	180	184	185	249	152	135	155	125	168	25	174	174	102	158	135	83	239	17	22	75	218	241	139	86	94	123	146	76	141	95	
2	200	246	185	180	139	248	71	159	17	82	146	173	206	52	72	239	59	55	145	146	248	3	212	140	218	222	194	148	12	177	137	
13	47	195	1	240	191	235	18	123	233	122	236	185	160	215	188	54	110	22	29	151	184	164	106	12	28	37	160	239	231	75	221	
144	0	95	85	70	11	96	98	125	49	98	82	246	1	20	73	34	140	106	12	32	253	5	93	148	170	82	64	100	128	97	8	
90	185	18	170	25	197	18	196	175	12	168	9	174	223	108	212	192	187	201	80	14	11	154	241	187	213	10	123	18	7	47	10	
10	152	54	249	44	132	120	150	143	89	86	163	173	159	112	66	230	57	191	197	130	25	3	213	198	249	186	198	22	132	33	219	
107	132	81	202	221	205	99	159	79	1	108	2	40	147	44	244	81	130	50	28	19	26	123	247	63	60	146	74	146	142	240	44	
102	172	192	143	220	1	202	233	11	179	184	10	232	106	72	18	89	207	127	176	58	106	203	219	188	20	143	252	149	42	82	128	
16	137	61	251	156	237	16	175	30	49	137	74	247	93	40	65	141	19	139	16	26	40	91	53	233	211	8	113	144	10	141	42	
72	158	147	241	177	252	49	23	188	11	126	112	188	183	32	228	165	59	255	24	51	157	130	231	239	255	54	195	194	64	141	43	
232	72	155	253	110	200	84	7	152	138	112	115	22	215	161	219	194	60	175	0	96	133	194	130	214	179	114	139	54	56	36	171	
9	138	178	91	116	188	169	6	126	29	118	16	188	130	182	108	135	43	34	28	131	188	34	245	76	191	50	64	210	128	65	173	
242	97	67	168	75	67	75	72	169	228	160	143	3	198	37	212	120	181	207	230	73	7	212	206	176	128	139	188	57	34	46	84	
154	143	111	191	50	240	185	231	156	69	94	179	173	166	162	196	103	51	187	129	50	137	38	255	224	39	186	195	55	4	165	233	
58	17	114	236	118	18	90	121	29	72	254	171	111	189	180	96	254	189	183	229	152	187	33	205	18	253	136	202	55	174	112	223	
19	205	107	197	54	155	239	246	124	96	222	134	57	44	183	100	126	207	31	239	203	185	37	255	240	45	170	128	53	155	113	253	
73	12	133	149	180	42	232	55	116	163	202	208	194	35	144	206	73	166	106	157	57	248	69	78	140	54	223	0	206	228	19	44	
45	251	121	65	242	91	183	253	110	104	60	232	82	117	198	180	54	28	214	106	193	176	109	29	110	141	37	245	115	186	207	245	
0	129	18	140	238	137	190	233	158	130	216	10	236	234	97	64	58	171	110	98	64	35	10	223	180	22	15	44	21	58	33	137	
82	245	121	195	159	217	49	205	15	117	189	187	142	158	110	80	183	155	223	17	86	57	249	214	255	212	31	127	182	14	133	87	
254	72	98	240	102	2	206	220	25	146	242	130	75	207	61	89	126	193	23	243	232	231	8	200	242	251	239	148	103	189	112	128	
46	221	173	255	189	85	151	190	23	127	86	163	126	125	47	109	213	114	183	103	190	232	123	189	107	223	213	223	150	253	244	127	
82	128	214	253	36	130	104	182	189	17	242	18	75	43	44	83	102	231	63	192	72	216	195	229	158	250	210	192	39	128	224	8	
60	6	110	229	86	50	123	80	21	132	127	131	89	15	187	96	126	188	151	174	168	176	37	140	87	239	160	129	231	175	116	240	
2	184	178	216	244	161	188	79	91	27	112	48	172	174	116	8	223	59	151	145	178	122	130	243	4	28	26	170	148	76	163	153	
245	108	156	127	25	44	66	10	240	138	237	28	179	83	3	91	136	224	76	12	42	230	211	43	194	255	32	25	216	113	74	2	
182	73	114	136	238	11	238	237	205	128	176	10	78	138	53	64	122	225	95	227	224	39	8	218	180	152	143	156	117	58	241	136	
126	43	170	224	217	116	222	65	171	197	173	27	9	239	87	158	252	255	219	211	158	67	186	194	251	213	143	127	195	119	175	214	
58	31	122	238	117	158	254	114	21	200	254	103	59	189	53	96	238	251	151	199	201	187	48	174	243	253	160	130	127	191	112	251	
151	70	107	79	70	66	239	112	84	194	87	194	81	69	189	109	126	252	19	239	225	182	37	204	84	40	234	128	37	187	116	244	
201	4	213	117	100	42	160	35	124	163	98	208	245	33	144	217	51	44	106	44	33	252	69	15	68	46	115	0	76	232	81	40	
139	123	34	186	79	213	184	85	207	93	148	175	172	156	63	42	174	51	223	213	134	15	54	241	87	89	154	187	31	31	189	223	
130	188	176	153	239	165	188	199	31	59	88	59	172	158	100	72	231	59	183	17	130	94	194	243	13	28	26	234	144	76	161	155	
126	154	175	255	13	86	17	248	151	221	199	39	96	255	63	207	124	252	185	225	157	209	251	157	27	231	207	143	179	38	116	118	
136	130	22	253	32	184	56	23	188	15	86	240	173	131	160	220	134	63	238	0	50	156	3	199	196	247	122	129	2	192	141	169	
181	93	107	71	116	7	239	240	85	224	95	198	113	72	181	101	126	236	22	239	233	180	61	238	100	14	167	128	127	187	112	244	
2	205	150	159	244	129	190	230	30	11	82	18	172	162	32	64	231	107	51	192	50	216	67	255	44	54	158	130	20	89	161	137	
172	221	118	218	237	221	191	244	205	91	189	58	249	253	186	165	93	210	215	107	243	35	58	247	119	217	102	254	87	255	215	243	
124	105	50	226	121	205	91	208	161	168	181	8	47	211	105	20	248	184	79	122	74	3	88	188	249	216	1	122	114	155	102	34	
153	91	74	237	114	2	238	254	20	64	118	231	113	7	179	64	126	204	23	236	225	188	69	127	118	175	178	128	127	145	104	217	
27	217	104	205	114	145	251	246	62	64	126	162	57	31	151	32	62	219	151	205	195	184	37	255	118	13	186	128	119	149	97	249	
80	150	220	141	62	3	1	59	86	161	74	246	199	98	160	80	115	68	42	32	48	152	69	30	188	166	163	68	188	168	48	1	
204	31	222	45	178	42	50	18	52	8	86	245	215	35	161	73	86	119	238	96	177	145	133	14	196	167	32	128	172	225	45	17	
3	178	217	185	186	168	56	19	175	89	25	245	188	134	194	216	167	59	207	149	151	8	130	209	140	148	58	234	156	192	139	209	
130	184	178	211	203	229	176	199	158	27	88	19	172	158	100	8	205	59	179	145	146	92	210	241	13	16	218	235	0	76	133	219	
102	184	134	26	233	253	148	198	187	91	188	57	172	254	102	158	141	115	239	17	23	75	154	241	27	86	95	251	218	85	175	223	
25	182	181	93	62	119	156	123	87	234	84	102	105	252	247	164	31	24	182	45	165	253	55	159	42	223	237	255	191	236	89	221	
102	161	215	28	219	208	144	201	219	181	160	11	72	234	110	158	249	231	234	145	22	107	138	209	24	118	159	127	211	44	207	198	
52	77	70	140	156	131	198	104	149	128	248	2	66	234	37	64	120	224	46	98	24	171	10	253	184	174	131	88	85	59	112	128	
185	204	110	254	68	18	79	250	117	194	214	18	115	235	177	113	123	236	23	234	233	247	44	239	242	239	231	128	39	241	112	232	
131	222	99	157	118	150	174	246	92	72	82	231	232	8	183	228	126	105	22	237	229	188	5	255	36	62	174	130	29	156	57	221	
57	10	249	101	52	15	233	55	116	168	242	98	147	57	144	96	126	172	94	44	169	184	101	14	196	239	240	128	109	168	80	169	
109	212	128	35	212	47	71	191	71	99	254	78	83	57	26	36	89	206	54	61	157	178	93	183	124	62	133	68	239	219	216	20	
130	169	18	156	238	129	190	69	172	128	82	2	172	202	112	66	238	123	63	195	66	219	130	233	52	16	142	170	5	58	161	137	
37	47	115	65	246	251	227	115	125	193	122	226	24	52	148	164	62	58	2	24	177	184	36	238	44	30	5	194	231	141	226	165	
9	157	19	253	181	223	113	55	253	73	110	64	190	179	32	244	129	59	20	24	177	184	48	253	237	255	82	66	154	4	203	185	
189	79	123	236	116	3	79	120	85	128	252	238	91	107	181	80	250	237	6	239	232	179	68	190	242	253	161	144	119	187	112	160	
184	205	106	238	20	147	207	248	85	0	214	18	123	233	184	97	120	234	31	234	232	191	44	191	250	235	167	152	55	175	112	40	
52	77	70	206	220	131	230	196	149	128	248	2	98	200	53	0	120	234	6	211	72	187	8	238	48	14	134	16	245	187	240	136	
11	153	104	221	114	145	251	242	63	96	116	167	185	15	151	36	62	187	151	204	195	28	100	255	70	29	186	160	55	132	71	249	
50	229	226	237	214	130	234	246	85	1	250	2	11	11	52	80	122	207	23	209	218	186	193	229	190	236	158	192	183	154	240	136	
2	217	182	157	175	221	180	231	254	85	194	7	172	184	35	75	162	99	251	5	6	233	19	245	157	50	94	19	216	28	185	95	
144	32	31	40	26	6	168	74	228	17	226	16	7	131	32	80	120	141	106	184	10	215	19	77	145	184	3	68	1	0	35	0	
122	127	246	150	235	208	150	228	139	156	184	175	44	252	231	135	174	251	199	195	196	107	142	224	58	80	79	187	71	119	47	223	
147	104	85	233	66	7	184	66	45	49	226	18	157	19	4	93	110	153	91	144	42	156	81	211	213	216	154	68	49	0	33	168	
34	189	102	90	125	249	184	99	207	85	125	175	168	254	54	37	238	179	147	145	150	58	62	253	63	24	2	203	215	78	71	254	
1	2	159	221	100	172	113	7	252	27	83	84	180	146	132	123	131	47	62	28	145	216	195	65	133	186	114	192	128	64	193	171	
42	149	43	170	92	197	91	121	196	65	221	3	241	221	56	96	216	178	27	177	139	10	114	157	125	5	170	201	180	138	116	122	
128	168	150	153	236	169	168	15	190	19	82	16	172	194	97	75	163	11	42	16	18	220	131	209	12	18	95	68	148	0	129	136	
98	160	192	133	124	139	232	9	11	161	184	10	142	10	84	16	123	173	95	177	10	114	201	223	156	158	139	244	133	10	83	128	
40	249	121	106	116	197	91	244	82	12	124	8	51	213	160	48	88	184	23	74	74	186	120	63	103	141	32	32	115	154	70	171	
2	205	150	159	244	128	190	228	158	9	90	2	236	234	41	64	247	107	59	195	98	216	74	255	44	54	158	138	20	91	161	137	
189	79	95	236	52	138	79	112	21	168	246	238	127	139	177	81	254	237	23	239	232	187	96	174	242	251	160	144	119	187	96	169	
137	88	63	245	116	172	105	22	252	73	118	112	191	25	144	104	198	62	62	13	131	188	113	229	197	251	50	192	12	136	81	169	
109	37	224	100	197	46	207	191	97	162	236	72	91	57	21	166	25	198	113	47	201	50	213	138	51	127	133	28	111	246	218	44	
56	204	102	254	20	51	206	251	85	34	247	2	123	105	176	97	121	238	23	170	232	247	45	191	242	235	227	128	55	248	112	0	
11	145	53	185	178	244	57	23	174	93	86	181	157	134	194	237	166	19	191	157	151	24	183	213	206	249	58	200	150	132	173	253	
25	204	106	205	86	147	251	242	100	64	254	130	57	15	183	32	126	154	31	204	202	184	101	255	118	109	170	128	119	130	113	232	
41	251	122	69	114	223	191	245	111	236	126	172	27	157	150	48	62	60	214	104	197	184	53	93	127	13	37	53	99	178	207	253	
37	255	122	65	242	139	239	117	117	140	125	230	81	99	180	20	62	184	6	110	241	184	44	78	110	14	37	192	111	162	226	177	
56	205	98	225	84	130	234	246	101	0	254	2	43	139	52	64	122	202	23	201	202	187	5	255	126	205	166	192	103	154	112	136	
2	168	146	153	244	169	184	71	30	17	80	16	172	138	48	8	239	43	19	145	50	248	0	241	12	22	26	232	148	8	161	137	
184	127	83	238	117	141	95	240	1	140	252	74	43	83	33	148	252	248	133	106	104	187	72	175	179	221	165	184	115	191	102	171	
38	53	112	202	252	53	218	200	15	136	248	43	108	255	237	52	222	219	23	114	134	35	10	249	59	220	3	190	213	251	98	135	
66	180	183	145	171	120	180	23	47	251	155	245	142	190	204	255	231	151	255	17	159	95	227	192	158	86	126	247	142	68	135	119	
9	142	62	91	53	188	177	19	255	93	126	20	172	235	190	196	167	43	134	28	182	188	34	247	79	255	50	67	210	132	109	207	
118	53	3	172	19	71	79	105	49	206	241	143	67	198	35	213	252	185	143	162	109	131	80	142	177	192	138	187	57	34	46	86	
104	116	185	238	77	116	93	156	19	78	252	13	251	127	91	58	221	219	245	160	141	98	250	131	243	253	244	57	243	246	102	251	
60	70	110	111	86	118	235	80	68	142	255	130	81	77	177	96	120	188	23	234	136	176	53	12	71	175	160	129	103	251	116	178	
23	79	103	141	21	22	238	240	69	194	90	198	105	40	181	228	124	228	54	239	237	176	53	238	36	126	203	128	63	191	112	236	
74	182	252	147	234	56	189	151	255	127	22	247	140	62	198	75	167	87	239	145	182	92	175	227	78	55	126	227	142	84	141	223	
66	54	255	145	162	106	189	23	189	255	87	245	140	190	238	79	231	23	255	17	177	213	165	194	76	54	126	199	140	228	165	247	
182	77	98	254	20	131	238	224	213	128	251	2	107	200	53	64	120	235	31	195	232	187	12	238	186	236	143	128	53	190	112	136	
227	153	98	218	127	133	186	97	141	72	217	175	44	222	54	97	238	59	151	197	150	43	74	253	63	56	138	234	21	15	113	223	
126	62	98	14	123	240	146	96	233	204	189	171	106	236	175	150	174	241	205	227	140	35	142	236	50	117	1	187	103	167	110	87	
58	4	114	236	126	147	218	121	29	0	252	138	105	143	180	112	126	173	55	168	152	190	102	223	50	252	130	232	119	142	112	141	
223	223	90	135	34	242	31	188	62	110	158	231	252	102	171	197	119	71	172	238	231	133	45	255	224	167	111	150	30	119	45	89	
50	129	80	172	94	129	74	105	31	128	248	10	107	234	60	16	122	169	23	161	24	43	10	223	186	204	131	248	53	170	96	128	
218	110	18	224	105	237	120	66	171	188	168	9	140	143	101	90	228	189	239	144	2	15	146	210	151	209	139	59	2	85	39	202	
51	205	103	190	28	145	206	246	196	64	216	198	49	200	176	225	104	226	23	207	207	171	38	189	48	44	170	136	61	158	120	220	
51	205	79	190	28	129	78	246	132	64	216	199	49	200	178	193	104	226	63	207	237	139	6	189	176	40	170	136	61	156	248	92	
23	76	99	206	6	114	175	112	68	74	223	194	113	108	189	101	124	244	22	239	201	179	37	236	49	42	202	128	53	255	116	244	
114	118	43	142	61	221	195	104	207	108	157	47	166	220	190	4	216	168	206	99	207	35	248	159	176	20	11	59	84	15	86	127	
66	88	182	156	47	200	176	70	175	221	194	35	172	154	99	74	226	45	251	81	6	205	130	224	156	50	90	203	12	4	61	223	
38	189	102	218	125	253	186	64	207	89	125	15	236	252	62	32	238	187	179	209	150	59	58	253	63	24	138	235	215	15	117	223	
74	120	118	216	43	180	56	86	173	88	245	48	140	158	228	123	166	57	255	128	130	13	162	208	147	249	90	170	18	149	35	87	
172	215	225	238	205	119	199	188	83	254	181	30	75	109	255	135	89	194	134	234	253	102	122	187	39	219	229	191	123	253	220	245	
155	223	102	158	27	134	31	247	149	14	222	231	104	235	183	69	126	227	191	231	236	139	22	239	242	110	202	138	63	246	185	95	
218	143	103	158	178	208	61	231	189	76	214	163	44	231	162	197	102	115	175	193	114	139	38	239	176	39	254	203	54	148	173	125	
33	10	92	117	52	143	105	55	116	169	118	112	179	33	144	112	78	174	94	12	169	188	101	14	196	255	48	0	109	136	208	41	
120	255	24	234	49	221	82	212	163	13	172	9	47	219	104	144	208	185	197	80	74	11	216	181	251	213	32	123	114	2	14	11	
185	92	75	253	118	130	234	246	52	98	118	231	121	15	179	192	126	236	23	236	229	188	37	255	118	239	178	128	63	145	120	217	
82	157	22	220	179	208	52	103	173	1	206	39	44	247	36	214	162	51	171	128	83	137	18	239	187	240	30	75	26	68	173	63	
2	216	54	251	44	128	120	6	143	25	82	34	172	158	116	74	230	51	63	129	130	221	3	245	134	250	218	130	20	140	49	9	
147	76	107	237	86	155	235	242	125	64	94	130	59	14	183	100	126	203	23	237	235	188	37	255	240	175	170	128	53	138	113	253	
2	200	246	153	52	139	248	71	159	17	82	18	172	138	52	73	239	43	63	17	130	252	3	213	140	154	222	194	20	8	177	137	
50	237	98	233	212	130	234	230	101	33	250	2	43	136	52	80	122	207	23	209	202	186	65	245	190	236	134	192	53	154	112	136	
130	169	18	157	110	129	190	101	172	128	80	2	172	202	48	65	110	123	51	195	66	154	130	233	52	16	142	168	21	40	161	136	
75	190	50	122	113	188	112	214	255	29	124	84	172	218	38	212	165	43	206	20	182	41	50	247	187	255	18	75	194	4	107	207	
255	245	239	188	173	86	223	255	185	218	156	175	93	254	251	167	223	215	253	239	253	71	178	202	251	123	239	159	14	244	251	85	
142	113	38	187	207	213	190	217	143	93	213	183	172	220	127	11	238	59	223	211	198	39	62	241	7	81	218	171	23	31	181	215	
6	221	22	158	253	132	190	231	158	138	90	34	236	254	57	64	255	123	187	195	98	139	10	255	45	54	143	138	20	124	177	155	
21	20	111	77	54	102	235	112	68	204	223	98	80	241	181	100	122	100	54	234	129	177	37	204	81	46	163	128	101	235	117	225	
143	221	116	222	237	61	254	248	221	90	188	58	235	253	191	39	255	82	223	107	246	39	106	247	247	251	231	190	87	255	209	183	
254	63	252	228	191	95	150	251	139	252	188	175	143	125	71	150	221	213	253	113	220	99	243	146	251	209	205	191	255	252	158	87	
253	212	61	232	172	95	95	185	19	122	181	93	219	127	26	123	221	212	253	46	249	102	249	151	255	251	229	252	82	235	198	115	
237	159	109	225	172	111	95	186	21	254	182	92	211	61	146	123	205	212	125	110	249	116	121	62	207	219	225	244	58	233	212	115	
59	95	122	239	117	6	95	252	21	9	252	102	123	29	61	96	254	219	23	225	203	186	65	191	243	253	176	138	127	159	112	155	
187	20	99	201	246	50	253	87	125	74	214	246	89	158	182	236	127	157	151	173	181	150	37	206	86	127	186	130	63	212	240	245	
54	72	246	244	102	34	252	200	57	146	176	2	77	10	53	75	255	229	31	163	232	231	9	200	150	250	223	156	5	249	113	137	
61	76	238	255	134	50	111	122	113	194	247	2	123	107	177	121	123	238	53	170	232	243	45	204	242	239	247	128	231	241	114	96	
4	169	19	138	248	161	170	200	174	17	105	64	244	194	105	80	151	91	82	91	18	3	138	117	12	20	11	108	144	3	35	128	
57	127	122	110	116	219	86	240	69	12	252	109	59	73	163	177	94	248	134	98	237	186	108	61	118	201	32	185	123	155	110	155	
231	27	98	12	110	52	184	120	137	220	244	239	8	140	183	159	238	237	247	231	133	115	166	204	22	56	203	238	79	175	122	213	
2	133	150	157	252	129	190	239	158	27	88	2	236	234	41	64	247	107	59	129	98	216	10	255	44	54	159	202	20	88	161	137	
188	224	18	114	221	205	214	204	115	59	160	27	106	217	108	152	249	218	194	210	126	39	10	179	59	198	149	127	243	31	238	138	
32	243	121	73	244	203	227	253	86	45	124	32	19	17	204	52	126	24	6	120	210	186	100	95	111	140	36	100	119	138	198	233	
153	12	111	253	86	42	105	114	53	194	118	214	121	47	177	105	127	239	23	172	161	220	37	238	118	235	242	128	175	225	112	249	
153	12	106	205	22	179	235	114	117	66	222	146	59	47	181	96	127	174	23	173	169	191	37	255	242	239	162	128	55	136	112	232	
58	164	96	235	86	139	234	118	103	1	250	2	43	11	60	64	123	139	23	128	138	186	69	255	190	221	154	192	55	138	112	136	
1	223	118	71	118	139	239	245	108	68	126	230	81	99	180	36	62	104	6	110	193	184	37	239	100	14	37	128	111	186	225	181	
2	200	54	155	108	129	184	7	143	25	83	18	172	222	112	73	230	59	63	145	130	205	11	245	132	50	218	194	20	9	161	9	
175	222	237	95	236	127	221	189	83	255	53	255	74	124	223	175	221	214	182	46	253	114	127	189	110	91	245	254	223	253	216	213	
198	121	114	250	234	180	62	84	237	9	121	48	140	222	229	120	166	187	191	211	130	7	162	226	150	248	26	234	150	215	163	23	
155	156	118	216	219	244	48	107	191	21	237	23	44	254	38	244	231	179	154	144	54	139	50	215	27	119	26	75	187	4	173	87	
94	159	126	144	162	187	188	99	173	158	191	183	76	238	166	135	167	55	239	163	116	201	36	206	58	87	127	195	39	230	175	71	
2	168	150	155	116	129	184	198	30	25	80	18	172	138	32	9	239	43	23	17	50	220	2	245	12	18	26	226	148	8	161	137	
178	4	96	204	92	163	202	89	87	32	245	26	75	73	181	64	122	137	23	168	170	54	69	223	54	206	129	232	119	138	112	128	
223	31	118	140	187	114	63	184	173	238	158	167	237	254	171	230	118	117	253	230	229	1	173	223	242	127	175	151	62	247	45	117	
126	91	114	94	123	209	150	192	137	204	188	175	106	204	183	20	190	241	213	195	206	163	36	255	114	125	8	155	119	183	110	95	
45	249	123	64	213	215	255	253	69	232	252	14	27	29	246	32	124	250	151	252	217	186	113	228	127	205	165	232	239	187	244	243	
66	61	18	160	235	237	188	71	175	172	170	33	172	158	103	82	226	59	235	144	2	11	146	210	181	84	10	43	128	84	167	219	
3	218	166	157	17	148	168	103	158	7	66	215	168	174	54	205	237	43	163	133	166	220	55	255	13	54	222	3	145	4	169	220	
130	169	6	156	78	129	174	97	156	0	80	18	172	202	48	65	110	41	19	195	114	30	2	255	52	48	138	168	21	8	33	136	
61	217	123	193	246	95	255	253	70	108	126	102	25	157	246	32	126	216	151	234	195	187	60	253	127	205	167	229	127	187	244	243	
166	93	98	218	255	149	190	228	157	72	241	59	108	220	61	97	238	187	151	215	242	39	106	255	55	56	138	202	21	31	241	215	
45	117	248	237	236	60	95	95	3	203	253	76	219	127	219	58	221	218	215	42	139	98	251	129	103	253	229	188	218	250	198	241	
45	55	249	234	252	53	95	220	71	200	252	72	123	125	217	56	220	218	215	252	155	42	114	168	123	221	37	248	251	219	226	251	
9	188	115	71	118	255	235	115	125	232	127	238	59	60	150	164	62	171	22	173	181	184	53	223	14	92	32	192	111	142	67	253	
203	169	114	249	163	144	56	135	191	81	70	177	173	158	246	100	167	27	189	157	214	140	167	247	203	253	154	203	22	132	169	125	
2	90	150	159	67	240	184	71	190	149	66	163	172	142	35	200	230	63	171	145	6	217	6	225	20	48	90	195	132	4	45	207	
57	211	126	239	117	6	95	252	21	8	244	102	123	29	189	97	254	219	23	226	203	186	105	189	247	249	162	132	127	155	112	187	
218	201	86	158	227	208	60	103	189	70	86	179	44	246	166	245	230	251	167	192	119	207	166	237	50	115	94	139	22	132	173	223	
218	207	98	158	251	148	95	247	149	14	222	215	104	239	182	196	126	235	191	207	232	143	6	255	50	126	222	138	55	148	176	93	
177	205	71	190	12	144	206	246	196	64	216	198	51	200	177	225	72	226	62	207	205	171	38	189	176	42	234	152	61	190	112	92	
134	249	38	186	239	213	190	200	143	94	145	167	204	220	127	11	239	121	223	231	214	39	58	241	51	80	207	175	23	127	181	215	
27	204	74	172	21	146	238	246	21	74	222	199	249	236	183	196	120	230	63	239	237	159	7	255	178	111	174	129	63	190	120	28	
60	84	67	174	117	103	82	120	5	72	249	239	99	95	45	144	220	184	151	230	13	178	80	156	146	237	160	146	127	191	126	211	
88	0	182	232	29	246	240	67	197	29	235	19	74	185	52	206	233	150	171	144	30	187	3	128	147	255	210	67	179	76	124	2	
11	190	50	24	249	188	240	199	255	95	116	21	44	218	38	220	165	59	198	20	166	47	178	247	27	126	18	235	210	4	239	207	
109	156	189	245	237	255	87	178	219	254	62	13	158	61	67	123	133	244	253	14	153	124	112	178	207	223	113	244	210	233	86	115	
39	165	66	9	213	183	234	75	79	233	249	71	8	72	254	164	217	136	150	189	159	178	84	220	62	92	143	230	223	79	248	148	
9	156	59	255	53	172	123	22	252	9	126	84	190	219	160	96	164	59	62	8	179	188	50	239	199	255	50	64	138	1	33	41	
60	232	240	122	199	157	222	200	83	35	228	10	107	201	125	176	121	218	147	202	78	38	94	243	127	207	149	61	115	123	90	130	
55	19	67	172	33	71	79	121	33	204	241	111	67	86	35	21	252	185	132	230	77	131	112	140	177	244	168	154	121	47	98	87	
138	144	174	91	53	248	241	150	255	85	118	149	170	141	62	76	131	58	191	24	182	188	50	247	79	127	16	67	198	132	221	126	
57	79	127	239	52	6	95	112	5	136	255	102	123	73	181	80	254	229	23	111	201	187	97	172	242	255	160	144	103	187	112	169	
10	187	189	211	250	248	185	151	174	125	30	231	188	191	198	238	167	87	255	17	147	88	171	241	78	23	126	226	142	196	133	251	
103	243	164	10	9	213	74	152	143	253	149	111	200	200	222	246	200	196	255	221	207	67	239	241	30	56	237	255	31	6	122	93	
56	73	102	253	4	2	110	253	85	130	246	2	99	105	49	73	120	236	55	235	232	243	9	253	242	235	247	132	55	187	240	0	
233	24	233	93	108	95	217	48	81	238	117	188	219	189	151	188	94	252	183	78	217	190	229	138	71	255	113	184	71	173	86	241	
178	77	98	254	28	130	206	96	213	130	251	2	107	232	53	64	120	234	31	227	232	167	8	239	176	238	143	136	53	106	112	136	
48	164	66	140	92	3	194	105	23	32	249	10	106	202	124	16	121	136	6	224	10	39	10	223	186	140	129	124	117	170	114	128	
11	76	99	205	53	182	239	118	85	72	90	66	249	120	181	228	122	106	54	239	193	184	53	239	36	126	170	128	127	254	113	173	
40	255	90	162	114	139	122	244	51	104	124	237	63	151	226	16	54	185	151	94	78	154	8	63	126	205	37	229	127	146	202	155	
171	246	97	73	116	151	234	90	87	105	213	246	153	28	158	164	95	136	22	189	175	182	101	223	14	95	161	196	111	141	114	245	
167	189	66	9	247	155	162	233	92	96	88	102	136	216	182	165	250	40	146	125	183	184	84	222	46	89	11	102	221	13	217	149	
89	157	23	254	27	244	50	118	237	9	110	68	60	243	32	244	164	51	250	0	19	137	18	237	179	255	26	74	26	5	41	63	
2	170	178	24	125	253	184	71	255	93	116	17	172	158	118	20	167	59	131	21	182	45	162	247	31	30	18	107	210	12	239	223	
57	223	107	79	118	3	239	244	100	192	126	230	113	103	183	32	126	236	23	238	193	177	37	109	118	45	162	128	111	179	98	249	
160	247	113	65	242	139	231	247	119	45	124	226	17	5	164	52	62	24	6	120	243	184	36	94	110	140	37	228	119	136	198	161	
47	155	237	215	238	29	189	184	75	253	117	239	217	60	222	47	207	85	183	95	149	122	111	240	78	123	237	230	223	191	221	245	
130	204	6	159	108	129	174	228	156	2	81	18	172	202	48	65	238	107	19	195	112	222	74	255	52	50	218	232	21	25	161	136	
167	189	70	1	245	187	160	99	93	224	88	102	136	24	182	165	250	41	146	61	181	184	85	220	62	89	143	198	221	46	249	149	
2	123	150	155	195	148	188	71	174	21	74	135	172	206	98	200	230	59	171	145	86	217	150	225	5	48	158	75	132	20	173	222	
2	123	22	145	235	193	188	71	172	21	74	163	172	158	98	66	230	59	235	209	86	153	2	224	188	48	14	235	132	22	173	203	
179	77	79	190	28	129	206	246	212	64	216	199	49	232	179	224	104	226	31	207	237	139	6	191	176	46	170	136	61	189	120	92	
2	255	82	134	123	209	186	228	173	20	152	163	44	142	103	2	238	123	219	195	70	11	138	253	62	20	142	171	21	23	45	223	
184	4	98	239	20	179	234	118	117	2	255	18	123	43	188	97	123	170	31	168	168	191	45	255	242	239	178	128	55	200	112	136	
61	95	83	174	118	111	91	88	5	72	249	239	123	93	163	176	222	184	23	102	141	178	120	157	242	237	161	176	127	191	114	209	
45	191	248	109	252	47	223	27	75	233	60	72	147	63	212	50	221	254	87	60	155	58	225	18	103	253	165	180	218	232	210	243	
102	233	167	90	221	213	215	225	195	157	181	8	66	216	116	166	201	242	114	91	94	107	234	245	59	30	133	127	211	46	246	230	
134	245	38	184	239	213	190	232	143	218	152	39	108	252	127	3	255	113	223	231	208	35	186	240	187	16	207	191	23	127	181	215	
26	156	54	152	219	244	176	98	191	85	236	23	44	190	38	221	231	179	187	145	54	15	50	247	27	127	26	75	147	69	45	87	
232	72	124	85	79	221	121	6	117	36	102	154	59	29	21	61	42	180	243	72	40	248	119	189	87	235	80	33	103	156	78	170	
61	19	83	238	116	7	90	120	1	200	249	231	91	95	171	144	94	188	22	238	157	178	112	140	114	237	160	128	127	175	96	209	
166	221	118	218	252	133	190	236	157	88	240	163	236	220	61	65	254	243	151	247	242	35	10	253	60	26	143	234	85	29	241	217	
238	162	32	184	157	61	216	137	31	63	177	25	138	76	94	9	221	145	223	183	190	103	75	151	155	211	155	255	208	13	222	86	
235	91	119	92	124	220	109	21	237	208	118	236	184	148	183	247	70	32	178	92	165	250	118	232	38	56	198	10	78	156	84	125	
94	157	23	254	155	228	51	97	173	1	239	2	124	247	40	229	226	179	153	226	49	139	58	237	187	228	10	75	58	7	165	51	
11	159	98	141	215	131	190	103	31	5	94	167	44	168	182	196	106	43	179	197	212	152	4	255	60	52	154	195	63	12	185	223	
90	157	243	228	243	251	51	99	171	237	127	43	14	191	230	86	162	255	245	1	20	187	168	192	219	245	37	227	230	110	135	215	
194	166	36	155	9	181	152	47	142	31	153	145	236	206	126	194	205	19	235	145	214	15	203	211	141	48	218	255	16	14	189	222	
222	23	226	204	187	118	62	123	137	238	158	167	72	190	183	103	246	245	253	165	245	3	181	206	51	125	207	159	55	228	45	87	
138	156	54	89	117	252	241	134	189	93	118	17	174	221	62	93	131	51	255	17	54	252	50	247	79	127	18	195	210	4	69	95	
19	147	202	132	226	16	188	119	173	99	95	231	109	238	190	198	63	143	255	133	212	153	135	193	54	37	239	135	47	228	169	221	
2	72	22	159	110	128	190	100	156	2	83	18	172	202	48	73	110	123	19	195	96	214	2	237	52	50	218	136	21	121	177	136	
114	87	98	142	91	145	158	108	137	68	152	239	104	204	55	144	254	177	215	229	198	35	6	221	50	116	139	187	127	190	63	223	
2	140	150	157	252	128	188	239	158	27	88	2	172	226	32	64	247	107	51	129	50	88	3	255	44	54	159	142	20	72	161	137	
75	189	54	30	203	212	180	103	237	85	108	7	44	254	38	247	166	51	251	1	214	75	178	229	31	122	90	75	3	4	175	222	
146	78	207	188	18	130	62	246	180	134	210	231	41	175	161	73	110	251	191	197	224	223	6	239	240	38	254	136	37	245	37	249	
175	180	180	65	173	63	208	201	91	119	165	29	142	88	94	175	153	0	217	55	255	102	123	146	139	219	85	127	218	77	218	70	
96	63	244	89	253	249	149	142	203	63	60	56	174	61	197	62	139	82	198	16	50	106	226	241	47	150	116	251	210	89	198	175	
186	228	98	235	84	171	234	253	119	33	251	18	107	73	60	64	121	139	23	163	170	183	73	223	182	205	130	196	119	138	240	128	
123	50	254	116	115	82	81	58	57	236	118	189	78	63	134	189	182	149	228	36	173	215	33	204	90	251	113	199	239	164	110	87	
60	201	230	239	4	2	110	252	199	128	246	2	99	233	48	66	120	236	63	235	200	179	11	253	242	235	231	128	55	187	240	136	
91	252	121	206	58	221	155	248	142	232	157	170	255	223	223	32	22	249	221	111	203	3	236	253	242	29	41	188	22	175	7	113	
95	49	121	206	58	213	159	121	204	200	149	44	254	223	183	112	214	185	223	111	201	3	232	221	243	89	43	186	22	167	39	115	
166	221	118	220	236	129	252	239	141	24	248	163	172	252	53	65	254	243	55	229	192	107	66	221	52	26	207	174	85	124	113	153	
59	73	107	236	86	18	79	112	5	64	255	198	123	79	179	112	126	237	23	239	201	147	44	173	242	237	170	128	55	187	112	248	
89	73	106	238	20	146	111	112	69	192	247	2	123	203	181	96	120	236	95	234	200	163	172	237	242	233	163	152	39	187	112	104	
2	188	50	152	91	245	176	71	159	77	104	19	44	158	102	64	239	59	147	145	54	62	50	215	31	22	26	107	145	4	175	207	
17	219	107	78	86	130	239	244	100	64	254	230	113	197	181	100	126	236	22	238	201	177	37	109	114	44	162	128	111	179	96	249	
2	143	98	156	215	145	186	103	159	5	94	167	44	174	182	196	238	43	147	149	22	154	38	255	62	52	154	203	23	12	189	223	
3	213	86	131	230	219	164	101	76	112	83	98	216	24	182	161	250	41	150	99	213	188	5	252	46	91	254	199	77	14	249	141	
29	92	54	216	91	180	114	214	237	9	124	86	44	219	39	244	231	51	158	24	167	47	50	255	187	255	18	75	154	85	41	47	
32	223	126	67	114	139	255	244	116	44	124	230	17	3	166	17	62	24	7	110	224	184	13	127	102	143	32	196	127	154	66	185	
15	153	236	199	110	153	251	144	207	252	95	167	249	221	215	38	110	125	183	223	133	176	239	240	78	89	239	228	127	175	81	245	
190	143	38	184	157	167	203	250	133	52	208	135	197	207	51	65	204	163	155	247	186	139	70	188	248	18	139	221	180	45	52	194	
61	91	73	111	118	11	95	248	4	72	124	230	115	93	179	48	126	232	23	110	201	178	109	61	118	237	33	144	127	187	80	249	
60	201	102	238	92	130	102	248	197	128	254	2	99	201	57	66	120	228	63	235	200	179	11	189	242	233	167	152	55	186	112	8	
57	123	105	47	102	155	79	252	5	104	124	238	123	93	147	176	62	248	23	110	205	178	109	61	102	205	32	160	127	187	66	249	
38	187	220	91	250	137	183	219	11	181	60	237	172	41	199	30	135	91	231	80	146	106	202	113	110	18	117	251	223	137	207	155	
66	153	54	158	75	212	176	231	175	85	76	51	44	254	38	84	230	59	251	129	22	11	178	245	31	52	26	75	23	4	175	222	
73	206	54	94	53	188	112	167	253	13	126	24	174	232	190	244	129	34	206	12	182	189	34	231	166	255	16	67	66	132	202	77	
194	153	114	158	235	208	186	99	175	85	253	179	44	254	166	244	238	187	171	193	86	11	166	245	18	52	154	203	23	4	175	223	
86	164	48	184	153	225	24	138	15	55	129	153	142	222	74	73	203	145	251	179	58	71	219	215	153	83	155	127	144	5	165	82	
66	163	160	154	217	229	24	79	143	21	137	153	172	238	42	88	221	155	203	129	30	11	202	211	145	116	154	123	144	78	173	94	
107	173	160	152	253	217	208	174	91	89	188	41	174	24	86	164	201	202	255	81	30	106	226	243	59	92	20	251	222	12	218	79	
50	157	98	140	93	151	158	105	139	68	169	143	104	238	63	148	252	161	147	231	206	3	28	221	51	124	139	191	87	110	126	86	
179	77	71	190	28	130	206	246	212	66	218	198	49	232	177	224	104	226	31	207	237	143	38	191	176	46	170	136	61	253	112	92	
19	147	202	133	210	18	188	115	47	65	90	231	13	174	182	192	126	141	183	165	213	155	133	193	62	45	174	132	45	164	185	221	
23	78	238	190	18	162	238	115	180	198	218	199	121	239	179	64	110	239	63	143	233	219	6	238	240	46	254	128	173	245	57	217	
2	200	22	159	108	129	174	228	28	18	80	2	236	202	57	73	123	107	51	195	98	150	74	253	52	50	222	168	20	25	177	136	
18	223	114	238	115	193	190	229	137	4	185	171	44	222	39	0	254	243	151	195	66	11	8	253	179	84	14	139	21	94	39	219	
102	164	176	130	239	121	180	207	203	123	57	58	206	184	78	174	171	19	222	49	22	97	138	209	31	22	93	127	214	94	159	135	
61	91	123	111	118	3	207	120	68	200	125	230	115	77	177	96	126	232	23	238	137	178	109	60	118	173	33	128	127	187	96	241	
194	156	54	152	125	252	176	70	191	95	102	17	172	191	38	73	165	51	251	17	54	45	50	247	15	118	90	75	210	68	37	223	
218	30	98	204	127	118	184	115	57	206	214	191	8	190	182	119	230	181	159	165	188	15	180	206	19	127	219	171	7	164	53	87	
35	215	66	143	118	146	238	127	93	72	90	231	104	232	190	228	126	238	151	173	197	186	69	255	54	62	186	130	63	222	248	157	
63	81	121	238	122	19	95	120	65	200	253	238	127	86	187	52	94	185	21	239	201	163	108	156	242	249	33	184	55	179	66	241	
185	77	110	222	12	144	207	242	196	64	220	2	51	232	179	97	72	226	62	207	233	171	38	189	242	105	226	152	55	191	112	108	
123	18	226	84	115	82	56	114	57	239	118	191	12	62	182	125	182	181	181	165	180	223	164	206	91	127	122	131	111	164	47	223	
182	196	98	232	212	171	238	251	85	35	243	18	75	201	60	64	121	139	23	163	186	183	9	223	178	207	131	196	119	217	240	128	
2	143	98	140	215	145	190	103	13	5	90	231	40	136	182	196	110	43	147	197	214	154	4	253	62	36	154	195	63	12	185	221	
70	165	176	128	255	249	180	207	207	121	25	59	140	248	110	140	163	19	223	17	22	33	136	210	62	20	31	255	148	94	157	135	
62	133	160	184	221	173	210	203	27	53	161	29	142	190	110	24	201	27	147	21	62	26	218	210	155	213	143	127	144	77	159	214	
189	77	111	222	156	178	207	246	212	66	222	66	115	232	179	229	120	226	31	203	233	171	46	175	48	111	162	136	55	251	112	108	
18	181	18	170	211	201	22	103	45	5	233	41	174	222	44	16	250	187	203	16	90	43	18	255	187	212	30	123	80	2	167	138	
59	123	246	68	99	210	184	86	41	93	126	167	13	158	182	60	174	157	183	213	133	250	166	192	86	121	122	195	103	132	103	223	
57	73	107	76	86	130	239	240	68	192	254	198	113	207	181	96	126	236	23	238	201	179	36	109	114	173	162	128	109	187	112	248	
254	104	48	176	137	237	80	130	159	182	128	25	143	158	67	24	201	189	253	145	42	79	210	178	219	211	217	127	144	29	6	82	
194	189	50	152	219	244	176	231	191	93	72	19	44	190	102	64	167	59	243	1	22	11	178	247	31	52	26	75	144	4	167	223	
27	201	10	169	231	131	254	103	5	96	94	167	4	136	50	64	122	173	59	7	212	153	21	220	244	38	139	199	62	46	185	86	
130	141	98	152	251	209	186	227	159	85	84	179	44	206	38	68	239	187	179	209	118	15	166	247	30	52	154	235	23	5	175	223	
41	31	95	103	114	171	126	240	36	104	127	231	121	79	169	144	62	170	23	238	197	176	13	125	102	143	32	128	125	187	66	153	
130	157	50	152	95	245	184	230	189	93	116	23	44	254	38	65	174	59	147	5	54	43	50	245	23	58	90	75	83	12	103	223	
19	117	123	162	50	139	79	112	61	64	89	238	247	70	153	113	54	169	21	239	233	146	44	95	240	136	43	168	44	131	35	113	
6	91	122	79	118	11	175	240	76	12	126	230	113	101	191	36	62	120	6	238	129	176	45	253	100	14	34	128	127	187	97	189	
2	141	118	141	110	3	188	111	143	146	120	130	172	174	52	65	239	43	55	161	192	59	2	223	20	26	218	174	85	104	113	137	
226	28	116	220	110	181	184	103	77	235	250	179	172	60	52	98	238	183	183	133	176	62	99	223	23	62	218	138	85	76	113	223	
31	201	232	235	62	144	251	152	142	64	95	130	217	207	251	98	110	213	63	223	194	144	175	209	110	237	175	196	55	130	113	241	
2	201	130	157	236	128	172	238	142	18	88	2	236	234	57	64	122	107	51	193	66	146	194	243	20	54	207	136	21	120	49	136	
226	28	98	204	125	180	248	103	25	234	208	179	44	190	54	96	238	181	183	133	160	15	225	239	22	62	154	170	21	12	113	223	
11	57	250	229	110	153	187	80	207	232	94	167	93	221	246	38	46	53	247	205	134	176	166	192	78	93	171	164	103	175	81	245	
66	157	182	156	237	236	176	103	175	93	74	17	172	190	38	66	165	59	251	1	18	217	146	229	13	54	90	75	128	68	165	219	
43	48	242	252	102	146	248	122	121	201	116	163	44	190	182	56	254	189	151	165	164	251	164	204	22	126	218	138	39	164	39	221	
43	202	66	141	118	147	174	111	31	65	88	231	40	200	182	196	127	41	151	133	215	154	12	223	54	62	139	198	31	142	249	213	
213	201	254	231	62	128	251	152	230	65	95	130	241	207	218	98	102	213	127	220	194	144	175	97	110	169	170	192	37	130	113	105	
54	141	70	248	148	43	238	254	53	35	251	2	75	40	61	89	121	207	31	227	56	243	9	253	178	238	215	196	181	251	240	128	
34	189	118	213	127	173	184	103	141	121	120	59	172	190	54	33	206	187	151	133	178	250	82	253	7	26	218	130	85	12	7	223	
63	63	97	174	114	51	95	113	25	228	89	239	63	14	147	52	126	185	23	231	141	146	108	157	176	205	169	162	61	247	2	245	
84	137	254	247	54	10	125	176	48	177	242	2	247	107	24	91	126	229	61	224	216	248	9	44	218	235	255	128	229	162	97	9	
162	173	52	221	124	143	184	103	31	185	120	10	172	158	52	1	239	59	87	129	224	122	66	221	29	26	94	234	85	8	99	137	
43	223	98	137	119	177	238	247	95	105	92	231	40	136	182	196	126	171	151	141	199	26	12	209	54	124	170	174	63	222	249	221	
