Ê¥ÂÞÀ¼Ó¨ÁÁ´¿÷È´½¸à	#47 ÐÄÌø£¨ÐÂÉ«£©	http://www.yslbeautycn.com/on/demandware.static/-/Sites-ysl-master-catalog/default/dw33d2b4b0/Makeup_Pro_img/00031YSL/00031YSL/L9344300U_2.jpg	//www.yslbeautycn.com/dw/image/v2/AARM_PRD/on/demandware.static/-/Sites-ysl-master-catalog/default/dw8df6cb70/Makeup_Pro_img/00031YSL/L9344300U_815.jpg?sw=336&sh=444&sm=fit
56	213	57	225	180	207	213	127	86	125	57	27	147	25	56	0	153	25	7	33	90	184	89	23	233	221	33	117	113	10	196	226	
109	12	212	62	203	40	180	239	251	151	105	25	104	234	103	90	235	107	226	20	118	106	138	195	126	62	85	47	219	118	235	142	
59	80	226	76	113	208	251	68	101	76	254	163	57	156	183	228	122	184	159	193	207	179	52	219	82	109	170	137	127	150	124	95	
227	155	102	158	237	212	188	229	223	94	245	175	104	252	182	113	238	255	183	195	212	59	238	245	55	58	206	235	23	46	245	223	
63	4	102	200	86	147	234	88	213	192	223	3	73	203	191	100	123	168	23	189	156	183	45	222	90	111	163	196	183	175	112	196	
130	205	150	157	252	161	190	239	158	2	88	18	172	234	49	64	199	107	59	129	114	137	3	255	44	54	222	136	148	88	161	137	
25	112	0	143	57	31	74	88	46	104	213	205	255	3	155	176	62	12	93	239	207	148	221	125	246	125	170	180	14	151	11	24	
93	240	115	228	54	90	186	248	110	96	83	226	93	222	168	228	50	221	127	107	195	149	173	213	182	109	43	166	47	167	33	37	
222	220	224	19	143	221	85	143	191	127	167	57	138	28	78	123	161	147	255	18	126	109	251	179	223	83	85	127	178	92	212	86	
63	64	226	237	86	51	234	80	87	194	213	2	25	201	183	100	126	236	23	251	140	183	37	206	114	79	163	196	183	191	112	196	
91	229	226	225	246	146	126	214	123	193	94	131	25	175	212	116	119	223	23	157	214	218	164	194	126	253	190	192	167	148	243	217	
215	209	90	160	102	11	107	248	45	96	118	207	95	222	187	112	182	205	23	111	197	147	28	220	208	201	43	228	61	51	107	211	
230	175	219	214	202	52	38	231	27	187	106	250	96	226	108	247	221	255	162	192	49	90	202	226	62	146	87	42	201	120	234	173	
38	60	178	216	231	189	190	67	217	75	125	59	44	253	119	40	191	59	151	19	182	59	160	210	23	92	26	170	215	77	231	215	
109	177	185	65	240	111	181	27	106	233	59	108	214	53	204	48	149	30	116	24	147	120	249	2	109	156	53	246	200	66	195	113	
114	1	194	205	196	34	236	79	29	3	251	2	105	170	53	72	122	167	63	129	24	186	67	194	182	254	222	128	245	122	240	8	
160	203	127	94	108	217	239	228	204	84	116	173	248	204	191	103	234	98	130	79	195	35	46	249	116	57	82	9	85	155	117	252	
38	60	114	217	228	185	190	83	93	75	121	179	140	188	117	41	223	59	151	5	178	186	100	242	6	94	154	170	215	205	209	213	
255	91	63	190	106	254	87	48	153	206	245	237	127	118	163	251	198	245	180	102	205	131	98	40	208	227	97	154	80	255	12	113	
6	121	214	146	254	131	188	197	142	176	210	42	172	222	117	74	238	125	191	209	64	215	138	232	60	24	143	170	148	58	161	137	
130	123	226	134	231	93	190	69	169	200	146	175	44	220	118	2	174	251	255	199	192	227	162	232	51	24	142	171	69	62	183	223	
43	184	191	184	105	253	48	199	155	91	116	61	188	191	98	152	133	59	183	17	7	92	242	177	71	219	124	187	154	76	139	219	
130	208	182	153	111	133	184	206	158	27	80	51	172	222	108	73	229	27	179	17	178	92	27	209	13	50	90	238	144	28	161	219	
90	178	148	242	43	201	56	204	187	61	181	185	140	239	76	91	167	159	253	144	18	75	138	241	223	243	91	255	130	5	7	83	
34	249	34	154	95	193	186	228	158	69	88	163	172	220	54	0	232	59	147	195	66	58	30	253	61	20	142	235	21	30	53	218	
230	232	114	200	252	1	250	204	111	16	240	10	12	202	125	24	254	201	95	243	130	39	138	245	54	24	139	236	85	155	99	129	
217	16	179	97	166	62	240	23	124	234	242	122	159	28	209	235	166	183	124	25	185	252	241	10	149	251	114	0	232	200	1	41	
244	16	125	97	36	91	81	25	105	172	183	56	83	93	137	59	186	148	92	42	25	181	113	0	211	233	97	20	96	170	70	99	
19	197	109	205	110	27	175	252	78	113	94	198	217	46	190	100	127	207	63	237	193	24	109	215	36	46	239	244	53	154	145	253	
62	89	114	232	238	25	222	220	201	72	244	163	79	221	189	121	254	209	151	239	194	39	46	245	178	249	135	222	119	191	243	213	
207	71	129	222	203	37	47	159	31	170	75	120	232	243	233	252	23	102	186	206	113	22	79	250	52	22	221	186	186	247	145	44	
129	0	245	85	116	186	232	7	125	35	114	82	168	40	148	237	202	7	110	25	183	252	101	204	4	62	82	64	205	136	193	173	
187	157	102	164	15	87	214	115	81	232	158	47	106	60	54	39	252	247	151	231	252	235	113	204	243	121	239	147	39	44	116	223	
20	75	235	37	150	203	103	242	116	164	50	235	147	17	161	36	34	244	76	107	224	176	37	46	244	198	37	133	101	185	85	225	
204	172	124	176	175	121	148	171	219	246	53	24	143	9	82	143	131	3	236	27	118	108	250	212	139	211	87	127	86	236	143	70	
194	42	120	89	106	217	184	66	111	37	244	171	173	142	215	120	238	185	159	209	134	58	230	241	22	89	58	251	87	133	15	221	
56	213	53	172	60	79	87	190	135	29	188	11	183	17	40	64	72	146	15	105	106	43	81	191	241	244	16	20	114	152	84	106	
74	20	183	221	49	236	185	23	169	95	126	20	188	63	36	111	231	55	159	128	51	152	178	193	199	250	218	194	130	64	165	251	
244	96	227	196	68	70	103	80	177	134	231	16	81	211	105	94	120	252	5	170	73	151	176	66	211	172	227	12	34	243	118	162	
60	189	49	33	144	207	19	123	54	165	185	9	151	21	64	0	153	25	71	49	90	170	89	22	233	213	37	116	240	8	135	226	
50	191	96	76	123	123	210	119	9	236	252	175	42	44	134	17	254	191	215	165	188	59	244	221	63	124	128	251	103	110	118	223	
137	88	53	237	111	21	153	86	70	104	212	98	61	148	179	237	78	121	191	207	129	150	103	185	85	73	250	168	22	157	57	237	
75	209	126	193	50	128	57	183	172	89	22	178	157	151	250	98	103	23	63	156	211	217	161	197	252	41	62	196	4	128	161	121	
98	0	114	226	102	2	250	80	9	160	243	138	205	15	60	83	238	181	31	195	152	179	76	232	150	248	154	130	7	143	113	129	
240	16	125	205	56	151	73	112	61	32	228	64	153	23	36	245	92	180	95	168	169	15	113	221	147	251	130	88	18	128	98	168	
134	172	150	147	244	169	168	134	190	17	83	16	172	194	104	73	35	43	2	16	50	220	11	245	12	18	94	192	132	73	129	136	
211	216	47	252	37	70	111	103	180	74	198	3	121	183	48	112	232	245	61	206	121	143	176	239	241	239	250	201	24	48	176	122	
72	184	20	233	29	207	113	59	143	161	142	8	190	147	96	80	224	188	123	24	10	25	209	221	253	148	131	112	50	8	16	42	
134	96	114	202	108	137	250	200	173	1	241	26	236	202	60	0	190	201	87	99	130	39	10	241	20	56	10	170	85	27	115	129	
68	140	134	62	1	166	102	169	246	130	227	16	225	98	41	88	113	102	104	162	40	69	27	127	17	238	215	0	144	242	96	0	
128	157	61	251	63	233	49	175	94	49	92	58	190	61	40	97	163	19	138	16	50	41	43	191	237	147	16	115	16	8	141	43	
190	16	112	227	102	18	250	112	41	105	183	179	77	31	156	50	238	149	151	199	144	182	40	224	150	217	218	130	135	135	99	213	
186	187	98	228	229	95	223	117	9	236	62	175	107	125	150	39	190	246	213	103	221	185	180	141	243	217	229	147	103	238	222	255	
105	160	218	32	114	130	49	87	126	161	162	0	61	130	74	112	87	45	106	28	54	203	133	79	92	189	55	80	128	128	35	41	
185	56	120	169	103	201	249	82	109	68	116	43	31	29	50	57	238	153	23	85	138	190	52	213	215	201	42	235	117	13	55	243	
94	185	178	234	203	208	24	193	171	21	164	41	140	223	100	82	238	185	235	208	90	11	250	241	219	209	139	127	146	7	167	82	
24	176	154	164	31	203	51	75	174	161	154	35	191	219	104	0	178	29	127	17	2	185	145	159	217	197	59	115	36	8	37	11	
24	48	58	161	55	201	113	65	15	33	214	11	190	159	96	0	162	185	95	17	10	189	145	221	213	205	10	123	36	8	21	26	
70	169	148	158	236	5	188	143	158	184	24	10	236	234	121	74	223	95	51	211	82	66	202	240	28	18	207	172	148	122	177	129	
57	10	52	169	125	143	73	40	77	9	242	74	95	8	176	112	234	165	46	45	137	184	97	157	212	235	96	80	91	140	65	32	
3	152	178	152	105	253	184	83	143	89	81	85	140	158	102	204	167	41	179	21	151	28	18	209	15	28	26	235	154	12	41	215	
33	77	119	93	253	219	228	230	95	232	122	98	184	184	181	165	201	110	54	72	225	248	111	252	44	26	119	130	223	120	81	173	
18	162	255	236	75	66	184	106	170	149	240	131	13	238	100	10	255	157	227	145	18	203	130	193	25	231	219	239	133	32	39	130	
241	173	65	5	60	11	231	255	55	242	182	217	243	101	208	37	25	78	108	110	121	125	237	31	234	186	193	116	70	168	80	120	
53	84	113	77	100	95	239	121	85	234	252	106	211	88	149	36	62	204	86	41	233	178	117	158	52	222	37	148	127	248	80	189	
213	105	15	4	80	198	111	80	224	232	179	68	81	210	183	114	176	229	92	254	165	211	172	76	48	170	39	132	41	51	35	97	
11	251	121	65	114	155	187	246	47	109	124	228	189	30	135	52	47	91	215	204	199	184	36	255	102	29	58	162	93	149	7	253	
41	252	200	241	116	175	105	151	55	123	118	85	147	23	147	57	205	142	23	156	187	220	81	17	206	223	244	228	152	208	218	219	
54	141	66	158	92	130	198	225	149	0	249	2	96	232	61	65	120	234	6	99	120	163	10	255	178	46	130	152	53	43	112	128	
107	214	98	156	127	159	209	246	223	69	254	175	106	249	54	212	223	173	243	5	204	43	212	221	126	126	20	90	127	140	250	95	
82	184	186	186	139	209	152	198	143	87	132	187	44	222	102	75	239	251	187	145	14	79	186	241	155	81	223	123	149	4	189	94	
23	91	99	14	87	150	174	240	204	200	88	230	56	220	181	228	110	105	18	239	197	179	52	237	52	40	142	138	127	63	49	253	
15	188	105	193	246	179	171	210	94	97	94	230	153	46	182	32	127	10	23	157	147	184	37	223	108	13	187	228	181	203	241	241	
34	204	0	155	124	161	168	206	30	19	88	18	160	202	56	72	217	10	51	129	34	62	75	183	4	22	155	232	20	73	16	136	
55	239	90	174	60	3	222	248	79	168	185	74	254	203	177	0	254	233	95	107	201	35	8	255	176	221	171	188	92	187	35	161	
20	194	119	193	38	2	187	248	101	45	90	226	89	79	236	100	54	221	63	234	208	180	37	197	92	174	35	196	39	163	37	241	
192	9	66	141	76	11	232	75	173	0	243	2	140	138	33	75	106	173	110	160	0	183	195	208	148	48	138	44	21	42	113	128	
43	7	194	141	213	55	234	122	95	233	88	199	72	40	182	164	125	202	146	173	181	186	77	222	46	30	143	134	223	238	120	148	
3	91	99	141	116	147	174	244	205	64	82	230	168	200	181	228	238	104	18	207	197	177	38	237	36	56	138	128	31	191	121	157	
19	193	236	205	14	18	239	252	110	81	222	130	113	108	190	102	126	198	63	239	195	177	47	253	118	47	234	132	53	242	241	233	
19	141	107	205	214	146	237	119	116	64	94	194	49	172	182	100	126	175	23	141	209	184	37	207	52	46	186	128	37	128	241	252	
29	133	106	201	214	179	235	123	86	97	94	130	25	45	178	96	127	154	23	188	146	184	37	223	126	205	162	196	183	203	240	225	
19	207	106	190	22	147	238	246	196	64	216	199	49	200	182	224	110	235	23	207	207	171	4	253	48	45	170	128	61	158	248	221	
130	32	86	159	110	137	186	64	173	33	251	2	236	138	56	2	238	161	95	195	0	180	74	240	148	16	154	128	85	11	81	137	
183	20	47	24	210	35	135	234	120	162	128	251	82	122	53	57	185	229	84	183	189	199	12	94	184	38	207	244	221	113	51	150	
15	31	66	137	246	147	174	119	76	200	94	231	201	232	183	164	62	40	23	173	245	184	4	222	46	28	175	196	191	142	249	157	
132	200	22	155	126	137	190	204	142	16	80	2	236	202	41	65	167	41	110	82	98	37	10	245	164	48	11	124	20	27	129	129	
82	99	66	224	107	128	56	73	175	172	179	235	13	207	108	82	238	181	239	240	78	3	195	208	158	208	139	255	39	134	39	19	
74	185	182	250	203	244	24	192	175	21	128	1	172	223	96	90	197	115	251	208	22	11	218	241	219	241	26	123	146	7	39	82	
60	69	87	108	21	78	71	120	113	6	231	8	83	81	41	49	120	204	4	106	104	178	57	12	243	235	96	5	99	187	102	162	
160	236	36	153	109	173	160	206	94	59	112	26	168	200	124	9	201	10	19	1	226	126	74	247	13	26	219	124	80	89	81	137	
60	201	102	239	220	130	110	253	197	0	254	2	99	201	48	64	120	228	63	235	200	171	11	189	114	233	167	136	55	187	240	8	
43	175	242	88	245	255	122	91	251	77	125	172	174	238	183	181	238	43	198	28	182	235	168	221	171	217	7	235	210	228	239	213	
185	29	41	173	60	228	223	190	84	76	92	3	179	57	51	96	72	74	23	75	174	56	119	191	231	125	170	152	55	221	84	234	
2	184	178	217	75	228	184	74	159	89	80	3	172	222	101	72	229	59	179	145	130	94	146	241	5	48	218	235	144	5	37	219	
191	93	112	232	174	23	223	253	71	200	188	167	123	93	183	101	126	219	151	238	200	35	47	248	114	217	37	174	119	254	228	253	
176	200	114	88	52	155	192	190	95	17	118	0	107	233	188	116	91	200	38	104	170	164	47	223	42	254	17	68	119	152	96	12	
91	53	146	236	243	181	59	95	27	201	204	30	44	247	98	148	255	187	147	144	147	27	144	211	251	245	155	106	154	68	171	159	
70	200	150	153	252	131	184	204	142	48	112	2	140	138	97	74	231	109	63	209	2	53	138	208	28	48	143	238	148	59	33	129	
234	252	116	80	73	221	84	254	251	51	164	24	46	159	76	63	141	211	215	80	106	111	242	247	59	218	84	123	83	16	198	190	
70	99	185	226	249	221	123	192	175	189	183	9	140	143	79	90	204	189	255	80	10	5	250	240	223	213	159	255	128	3	7	114	
3	110	81	207	118	198	239	212	62	232	88	230	60	71	149	36	62	104	22	254	193	148	45	127	36	46	39	128	31	178	35	249	
59	253	240	254	155	149	158	239	155	23	172	135	172	254	102	37	255	251	147	129	118	75	222	249	251	213	143	59	123	124	171	158	
22	99	99	192	50	19	169	92	37	236	150	226	89	14	221	36	126	149	223	253	201	147	37	204	248	8	175	132	39	180	37	117	
13	223	99	77	118	219	235	240	108	72	124	230	113	102	149	36	62	104	22	238	161	152	45	255	44	12	163	192	47	179	97	245	
40	56	243	85	113	232	113	82	251	141	124	40	58	181	69	62	10	62	87	24	2	250	226	104	79	188	16	43	195	192	70	235	
63	88	114	232	164	20	222	220	201	72	244	163	79	221	191	108	254	209	151	111	206	167	46	229	242	249	175	206	119	191	241	87	
0	12	130	159	92	163	42	74	22	3	88	2	232	226	33	72	121	43	51	128	2	186	75	255	4	54	154	8	148	75	48	136	
219	201	106	206	148	18	239	245	228	192	222	2	121	203	176	96	122	236	29	235	200	139	172	239	242	45	174	136	39	179	240	104	
103	132	142	84	200	51	46	235	158	179	77	216	64	226	238	191	49	198	34	174	117	83	142	66	62	23	207	47	152	115	137	4	
54	72	114	202	108	9	238	204	205	0	240	10	206	202	61	8	126	193	95	227	130	39	10	225	182	184	138	152	85	59	241	128	
168	213	53	233	21	207	65	183	215	45	184	26	150	29	32	64	201	146	15	104	104	184	81	151	225	220	1	116	82	136	212	106	
130	140	150	159	188	129	190	231	30	11	88	18	172	162	32	64	199	107	51	129	114	152	3	255	44	54	158	138	148	88	161	137	
11	141	106	201	246	179	235	243	94	97	94	130	153	47	182	96	127	59	23	157	147	152	37	255	110	13	170	192	183	202	177	241	
5	53	241	65	240	175	171	19	122	233	123	236	150	52	212	188	151	47	84	28	147	184	252	2	12	28	37	228	204	227	195	181	
81	168	95	17	52	139	224	115	125	161	98	200	230	1	144	53	34	12	106	44	32	248	5	93	216	154	83	64	64	128	115	172	
224	77	85	204	76	28	71	190	193	16	232	72	51	19	37	243	72	214	34	106	107	42	115	189	55	251	208	24	16	153	116	168	
222	118	190	180	1	126	113	88	49	255	183	61	79	63	75	59	237	213	253	176	172	247	177	128	219	211	247	135	227	100	38	119	
48	189	17	225	145	143	71	115	23	41	185	24	151	17	64	132	137	184	79	24	90	169	81	30	233	212	5	116	82	136	132	34	
186	145	114	172	111	86	220	117	81	232	214	43	110	61	54	97	254	247	183	227	252	187	33	207	179	120	202	147	39	172	116	95	
254	72	114	226	102	160	250	208	137	0	243	146	79	206	61	64	126	241	23	227	168	183	76	226	182	249	138	194	37	191	113	129	
94	226	150	242	43	205	56	200	171	61	161	137	140	207	76	90	166	221	253	208	2	67	202	241	155	241	219	255	130	7	39	83	
51	207	102	190	22	147	206	247	196	64	216	199	49	200	182	224	110	234	23	207	207	171	6	253	176	44	170	136	61	158	248	220	
19	205	107	197	54	27	175	254	94	97	222	142	121	172	190	100	126	207	63	237	193	185	37	255	116	44	175	180	53	154	81	253	
26	175	106	154	251	241	190	103	141	5	220	163	44	173	166	64	111	187	139	145	54	139	6	254	122	69	158	203	183	76	189	219	
158	72	114	226	102	34	250	208	57	35	247	146	77	15	60	16	126	221	23	203	184	183	8	226	150	217	138	194	39	159	99	129	
111	140	164	62	203	161	183	235	251	55	105	25	108	234	111	95	225	107	226	135	54	71	142	243	124	118	95	47	210	119	167	198	
3	203	66	154	246	147	172	229	29	205	82	231	108	200	182	196	126	43	151	213	214	153	4	236	60	22	174	194	31	156	185	221	
179	168	76	93	12	11	64	168	83	50	192	152	226	232	148	51	89	204	104	38	108	122	207	29	132	58	209	54	116	40	82	140	
54	73	102	201	212	147	238	84	85	128	249	2	9	201	181	96	120	232	23	243	168	183	45	254	50	78	131	196	183	191	240	132	
74	38	180	184	173	249	148	143	223	119	164	25	174	174	102	143	135	3	235	17	54	109	170	211	223	87	95	63	146	92	141	95	
102	165	208	159	252	161	238	235	11	176	152	10	236	234	88	66	95	235	127	145	82	74	203	243	60	20	143	252	149	106	179	128	
1	2	197	209	100	154	232	7	124	49	114	82	161	8	148	233	106	46	34	25	151	252	101	197	4	62	210	64	197	8	209	140	
82	99	67	168	42	129	42	73	173	164	147	239	13	206	108	208	254	181	207	230	72	3	130	204	176	144	139	190	45	134	39	20	
126	249	50	234	27	213	26	65	171	4	164	9	46	223	101	212	236	185	223	208	74	11	146	209	251	209	10	123	18	6	47	218	
233	2	21	185	109	159	97	18	237	29	114	82	143	8	176	255	226	37	110	13	161	188	99	151	4	250	82	66	122	12	65	173	
3	223	99	5	118	151	238	246	93	232	90	230	121	40	180	164	126	110	22	239	245	184	37	238	44	12	175	128	109	191	121	221	
58	31	107	109	119	158	254	114	85	200	254	99	59	29	181	96	254	252	151	231	201	186	97	174	119	253	160	130	127	189	116	251	
55	111	90	236	124	131	207	248	95	168	184	206	127	203	181	16	254	233	70	111	73	35	8	255	240	221	171	188	93	187	34	137	
75	209	118	241	54	144	57	182	174	89	214	163	189	159	232	98	103	23	191	204	194	25	167	245	222	233	186	196	38	132	33	123	
130	248	176	153	111	165	184	206	30	27	80	51	172	158	100	72	229	27	179	17	130	94	147	241	13	18	91	238	16	12	33	219	
88	178	248	97	34	40	49	90	43	61	54	253	143	31	202	27	167	29	239	16	2	124	193	192	222	209	114	231	194	129	15	155	
6	13	242	217	244	171	188	67	31	3	80	146	172	174	53	73	255	59	23	145	178	184	0	252	172	94	154	194	148	76	209	129	
6	105	22	146	238	129	190	69	142	128	82	2	172	218	113	66	238	121	63	211	64	215	130	232	60	16	143	170	4	26	161	137	
130	152	187	184	203	228	185	71	190	95	84	17	188	191	98	75	231	59	187	17	54	77	18	227	207	51	90	203	144	64	165	219	
130	248	180	153	79	197	176	199	31	121	80	19	172	158	100	9	237	59	179	145	210	94	211	241	13	18	223	235	144	12	165	219	
41	209	125	79	124	95	199	188	70	104	252	40	242	113	173	180	88	66	70	106	203	34	127	61	101	188	32	56	91	27	88	185	
1	95	115	87	246	219	167	244	93	160	114	226	232	248	181	229	126	126	38	74	225	184	37	254	44	14	118	130	119	187	85	173	
193	25	187	241	160	236	121	23	125	11	114	80	191	23	64	121	230	63	126	24	187	252	241	66	141	255	114	64	200	64	129	59	
249	91	125	172	106	89	95	58	20	76	244	236	127	103	163	113	86	241	53	110	233	2	103	61	242	235	96	152	52	185	4	121	
136	147	61	249	159	141	144	111	156	21	144	27	238	109	32	65	204	51	139	113	114	41	114	191	235	211	88	91	80	8	133	106	
208	0	85	237	118	235	113	35	45	32	227	58	55	19	0	81	98	60	127	8	32	157	65	223	213	160	50	82	52	136	1	43	
112	222	59	238	37	80	30	231	132	6	206	34	119	255	32	96	200	244	189	131	72	139	32	169	243	247	154	11	20	122	52	107	
68	136	148	63	9	196	98	168	246	25	163	1	226	243	105	90	193	226	106	66	26	73	219	49	77	214	67	41	144	35	100	2	
114	197	226	237	214	2	238	95	119	1	250	18	11	171	116	64	122	207	55	209	218	186	133	234	190	252	158	200	183	248	240	128	
2	61	178	216	245	165	188	67	91	75	112	59	172	252	117	40	191	59	151	145	178	58	130	243	30	28	30	170	212	204	163	223	
65	160	83	33	82	2	56	73	126	161	226	0	61	130	8	112	114	13	74	60	34	219	133	77	93	172	18	68	32	128	35	168	
130	42	58	185	112	189	184	83	188	29	81	245	141	142	178	73	206	57	159	21	166	12	66	209	198	209	58	235	212	132	5	211	
2	60	178	218	233	165	188	79	27	75	88	59	172	254	101	8	255	59	151	145	146	26	130	243	55	28	154	170	144	84	167	219	
2	211	126	205	118	2	173	252	60	4	124	230	121	199	189	37	126	90	55	232	194	250	39	205	118	42	38	136	119	154	101	185	
4	168	148	155	169	233	2	232	190	59	163	1	230	243	105	75	193	98	108	82	10	73	11	53	140	146	119	211	144	27	36	11	
179	205	70	190	28	147	206	246	196	64	216	199	49	232	178	225	108	226	23	207	239	171	6	189	176	40	174	136	61	158	248	92	
18	177	184	201	191	217	49	15	79	125	191	59	142	158	78	64	163	31	239	17	22	56	235	209	207	28	31	247	146	12	133	87	
4	201	22	152	238	137	190	237	174	18	80	10	236	202	41	64	183	41	106	98	66	37	10	255	52	50	15	44	20	58	129	137	
210	179	98	204	235	84	190	97	233	76	248	167	40	254	54	51	238	183	223	231	212	43	180	205	51	120	202	139	71	38	167	223	
92	107	186	226	56	205	91	192	174	169	165	9	151	223	105	82	228	253	127	80	74	3	202	176	217	213	175	121	128	3	39	130	
3	41	142	141	12	131	169	72	206	240	218	131	212	200	51	98	106	164	122	205	141	163	215	217	148	32	139	56	93	47	121	196	
70	138	134	188	173	228	24	130	187	159	130	129	236	230	99	75	197	117	255	149	24	75	203	224	153	114	223	219	128	101	181	82	
49	81	249	69	52	31	237	127	85	232	246	106	147	56	149	32	126	140	86	40	201	178	101	140	180	206	161	148	125	168	82	189	
52	141	70	158	28	163	198	232	149	0	249	2	96	234	61	65	88	234	6	99	88	163	10	253	176	46	195	24	21	107	112	128	
52	76	66	204	92	163	194	66	23	160	248	10	34	200	53	0	120	232	6	243	8	187	8	254	50	142	131	16	245	59	112	128	
166	123	242	18	235	209	148	192	155	158	177	235	12	222	231	159	175	121	231	211	70	103	142	224	24	16	79	175	199	117	175	199	
35	167	222	181	219	48	172	239	27	177	120	234	104	234	78	179	221	79	98	176	55	250	203	197	44	178	215	111	201	104	234	140	
4	136	150	153	228	169	168	139	62	19	82	16	236	226	104	73	243	43	42	16	50	220	3	245	12	18	95	64	148	9	129	128	
67	6	134	249	108	188	232	19	191	27	246	80	169	139	212	203	233	5	127	156	167	109	195	193	6	251	242	195	198	196	107	141	
147	38	207	245	36	42	104	3	53	211	242	213	163	170	212	107	233	173	110	148	45	252	199	192	142	250	242	128	205	200	112	140	
141	159	49	218	191	183	158	250	86	234	92	114	121	252	251	164	31	90	178	63	247	100	47	191	42	79	239	236	158	253	25	165	
32	47	123	65	244	75	231	113	112	172	124	96	19	117	148	52	58	122	6	106	209	186	36	14	102	140	37	0	103	170	198	225	
178	95	84	252	59	219	148	103	141	28	240	163	14	222	166	131	170	49	199	97	100	169	2	221	178	241	106	155	117	44	141	135	
11	249	123	69	114	155	191	246	127	101	126	230	185	14	183	36	62	219	151	206	195	185	37	247	118	29	58	128	103	149	99	253	
6	105	114	200	238	3	254	205	239	48	176	2	140	138	117	8	234	205	95	243	192	39	136	208	52	24	15	236	85	59	227	137	
49	32	90	201	66	6	57	72	42	49	228	2	28	147	104	112	126	157	22	248	11	147	129	209	208	161	138	100	0	128	35	129	
9	189	29	249	244	239	112	182	127	123	120	68	191	63	0	57	131	43	23	24	179	216	112	61	207	223	114	192	152	192	83	235	
1	93	123	77	118	135	235	112	84	200	126	70	112	93	181	36	126	40	22	239	225	180	53	254	101	12	162	128	125	139	112	253	
3	222	99	5	118	151	174	246	124	72	82	230	56	28	181	228	126	104	22	238	229	188	53	255	36	30	174	128	79	150	121	189	
50	170	234	152	78	209	152	207	158	23	148	187	40	206	118	8	239	187	187	145	14	79	206	243	218	5	159	187	149	12	61	222	
226	244	116	82	201	253	180	239	187	51	165	24	108	223	76	59	141	147	243	0	118	111	250	247	31	218	84	123	67	80	199	159	
181	80	107	69	118	66	235	80	84	192	119	162	81	29	181	96	126	188	23	234	225	180	37	78	86	43	163	128	101	171	116	240	
90	152	179	186	139	197	145	207	159	87	128	19	44	223	96	74	231	123	187	145	2	79	186	243	217	69	158	107	144	4	165	90	
97	47	101	69	116	26	238	55	105	228	190	204	171	40	150	183	10	230	108	108	205	186	229	204	38	121	101	144	111	236	218	76	
174	9	242	252	228	0	126	121	153	130	240	130	105	239	53	80	222	249	23	226	200	178	10	202	50	255	143	138	55	254	96	137	
135	72	103	95	116	150	239	112	220	200	82	70	112	200	181	228	124	104	18	239	225	181	52	239	36	62	138	128	95	191	113	244	
48	104	75	225	84	207	107	86	118	160	246	8	179	17	17	56	120	172	22	216	9	182	81	62	245	141	161	0	225	153	114	168	
75	72	170	141	55	180	186	4	205	73	222	131	168	188	183	228	238	37	187	141	132	161	37	201	23	125	138	131	215	94	121	109	
182	158	175	255	151	102	95	190	17	79	95	55	96	255	47	205	253	254	181	162	173	212	187	175	35	239	223	131	163	115	244	95	
78	51	242	163	203	60	184	221	171	245	47	159	141	175	79	158	39	215	243	149	150	80	158	192	31	85	31	111	131	215	175	244	
45	157	8	105	253	191	194	186	95	168	120	76	146	56	116	160	217	42	22	121	159	58	93	190	46	93	165	116	217	43	88	132	
86	217	186	174	143	220	150	160	173	20	174	11	238	255	71	66	206	247	255	195	76	43	218	225	243	245	78	59	80	55	175	67	
159	88	230	217	44	150	120	82	85	202	214	53	9	158	183	125	230	104	63	222	141	212	103	232	194	123	218	130	182	181	120	213	
139	123	34	186	111	213	184	84	207	93	148	175	172	220	63	43	174	59	223	197	134	15	54	241	87	89	154	187	23	29	189	223	
51	205	110	158	28	145	206	246	196	64	216	198	49	232	178	225	104	226	23	207	207	171	6	189	176	40	174	136	61	158	248	92	
2	205	150	159	180	128	190	230	158	3	90	18	172	226	32	64	231	107	51	192	50	216	67	255	44	54	158	130	20	88	161	137	
151	68	111	79	70	66	175	112	84	198	87	226	113	68	181	109	126	236	18	239	225	182	37	236	20	40	234	128	37	187	116	244	
189	79	91	236	116	3	79	120	85	128	252	206	91	107	181	80	250	237	6	238	233	179	100	190	242	253	161	144	127	187	112	160	
1	0	159	223	228	174	161	7	126	27	115	84	180	178	148	123	195	47	42	28	179	252	67	97	196	62	114	64	200	64	129	171	
165	221	99	205	118	23	239	240	84	224	94	198	113	72	181	101	126	236	18	239	225	176	53	238	36	46	163	128	111	191	112	188	
33	191	115	69	246	203	231	118	121	136	124	226	48	101	180	52	126	122	6	104	241	184	36	111	45	30	36	192	103	170	198	237	
42	46	170	184	252	161	153	79	150	141	216	167	173	204	114	0	207	171	175	149	30	11	70	251	248	23	190	249	149	12	53	207	
58	31	123	238	117	158	254	114	21	200	126	99	59	189	53	96	238	251	151	199	201	187	48	174	243	253	160	130	127	191	112	251	
2	178	217	185	186	169	56	19	175	89	25	245	188	134	194	216	167	59	207	149	151	8	130	209	140	148	58	234	156	192	135	209	
82	245	121	195	159	217	49	237	15	117	189	187	142	158	110	80	183	155	223	17	86	57	249	215	255	212	31	127	150	14	133	87	
60	6	110	229	86	50	107	80	21	132	127	131	89	13	187	96	126	188	151	174	168	176	37	140	87	239	160	129	103	171	116	240	
52	77	66	222	212	131	198	196	149	128	250	2	98	200	53	0	120	234	6	211	72	187	2	254	48	14	134	16	245	155	240	136	
174	122	194	146	106	145	188	208	154	190	84	255	12	206	231	142	63	121	135	215	230	87	174	194	30	22	191	175	207	116	47	213	
9	138	179	219	116	184	169	6	254	29	118	16	188	130	182	108	135	43	34	28	131	188	34	245	76	191	50	64	194	128	97	237	
242	97	67	168	75	67	75	72	169	228	160	143	3	198	37	212	120	181	207	230	73	7	212	222	176	128	139	188	57	34	46	84	
18	139	46	190	147	194	188	231	158	13	218	163	45	238	34	64	230	187	191	209	86	155	6	253	248	102	190	195	53	4	173	219	
9	47	193	1	242	191	234	18	123	233	122	236	185	160	215	188	55	110	22	29	135	184	228	106	12	28	52	160	239	199	75	221	
222	234	150	224	9	205	26	202	171	61	160	9	142	207	69	26	236	245	237	208	10	71	130	241	155	241	139	127	2	5	39	82	
70	234	134	188	45	140	56	198	175	157	130	5	172	206	99	74	228	101	251	85	18	73	146	224	157	114	223	91	128	45	53	82	
33	18	253	101	52	15	233	23	124	233	118	114	147	29	148	96	78	188	54	12	201	184	101	12	196	239	50	128	109	136	192	169	
2	184	178	155	207	237	176	67	158	83	88	3	172	222	100	8	205	59	179	145	18	92	210	243	13	20	218	235	148	76	149	219	
145	211	74	205	118	130	239	252	22	64	118	231	113	143	187	64	126	236	55	236	225	188	5	95	118	47	178	128	125	144	104	153	
2	184	176	155	231	165	188	71	30	43	88	51	172	158	100	72	229	59	179	145	146	26	210	243	21	20	26	234	144	76	161	219	
19	204	107	133	54	155	239	246	125	96	222	198	57	12	183	100	126	239	23	237	233	185	37	255	240	172	170	164	53	155	49	252	
61	4	127	77	70	118	235	112	68	140	127	2	81	125	181	97	122	164	22	234	129	177	37	76	87	175	227	132	119	171	116	225	
220	23	222	45	178	42	54	51	52	73	83	245	215	35	161	202	246	119	236	32	181	157	133	14	228	227	32	192	172	161	169	17	
50	229	226	233	214	130	238	254	87	1	250	2	11	137	52	80	122	207	23	209	218	186	193	229	190	236	158	196	55	154	240	136	
173	221	116	218	237	221	191	244	204	91	189	58	249	253	184	165	93	210	215	107	243	35	58	247	119	217	238	254	87	255	213	241	
2	200	246	185	180	139	248	103	159	17	82	146	173	206	52	72	239	59	23	145	146	184	2	212	140	218	222	194	148	12	177	137	
163	153	118	159	239	132	188	97	143	88	89	135	44	252	54	97	238	187	183	197	212	58	202	245	61	56	202	234	21	46	245	223	
2	56	178	216	244	165	188	71	27	11	112	178	172	190	100	8	223	59	151	145	178	58	2	243	12	28	26	170	148	76	163	153	
2	216	150	157	175	217	180	230	254	87	66	39	172	248	39	75	163	99	251	1	38	237	19	253	12	50	94	3	220	28	41	223	
10	152	54	249	44	132	120	150	143	89	86	163	173	159	112	66	230	59	191	197	130	25	3	245	198	249	186	198	22	132	33	91	
240	195	29	125	8	73	69	173	98	60	160	8	163	128	64	19	136	140	108	104	78	103	235	17	225	225	97	61	80	176	198	232	
26	156	47	187	18	240	185	231	156	69	94	179	188	182	32	228	99	51	147	129	51	136	38	247	165	39	186	203	53	4	165	251	
200	146	22	253	32	188	56	23	188	15	86	244	173	163	160	220	134	55	174	0	50	156	3	199	196	247	122	128	2	192	141	169	
254	48	182	240	169	118	16	90	169	255	183	61	206	63	78	155	205	213	253	177	172	87	211	128	219	219	127	215	202	100	47	83	
72	156	147	241	177	236	49	23	189	11	126	80	188	183	32	228	165	59	255	24	50	137	2	231	239	247	62	203	130	64	173	43	
0	137	17	234	141	141	22	173	142	5	136	11	238	207	32	192	209	51	171	0	82	41	91	181	169	214	24	122	16	10	133	58	
107	141	113	202	221	132	97	191	71	17	109	2	60	211	44	116	64	138	50	24	18	26	122	245	61	60	130	74	178	142	240	174	
60	105	51	226	121	205	75	240	163	172	185	8	47	211	105	20	216	184	79	122	74	35	200	188	249	216	5	56	114	155	102	163	
144	160	31	40	24	6	0	74	231	17	226	16	2	131	32	84	112	141	106	248	10	199	147	85	145	184	3	76	64	0	35	6	
42	145	43	168	68	197	81	119	4	68	94	3	53	221	58	96	216	186	179	225	26	58	114	149	219	69	138	201	52	10	116	106	
144	0	95	81	76	11	96	106	124	49	98	88	54	0	20	89	34	140	106	12	40	253	23	93	149	42	80	64	64	128	115	8	
102	172	192	143	220	1	202	235	11	179	184	10	232	106	72	18	89	207	127	176	26	110	203	211	188	20	143	252	149	42	82	128	
201	14	197	117	116	42	225	39	116	163	98	88	245	33	144	121	51	44	74	12	33	252	193	15	68	174	112	0	108	232	81	168	
190	72	98	240	100	2	238	216	25	146	242	146	75	207	61	89	122	193	23	243	232	231	8	200	178	251	239	156	39	189	112	128	
54	73	98	202	148	131	238	196	213	128	222	2	73	201	181	96	120	238	23	219	200	187	4	238	50	238	143	128	55	191	240	140	
224	73	24	253	109	200	116	35	153	10	116	48	54	243	161	91	194	56	39	8	96	103	130	129	213	179	114	155	18	120	12	163	
0	129	18	140	238	137	190	233	158	130	216	10	236	202	33	64	62	171	110	226	64	35	10	219	180	20	15	44	20	58	33	137	
58	17	114	236	118	18	218	121	25	72	254	171	109	189	180	96	254	189	183	229	152	187	33	207	50	253	136	202	55	142	112	223	
131	223	66	157	118	146	174	247	92	64	82	231	232	8	182	228	126	105	23	237	229	188	5	255	52	62	190	128	29	156	249	221	
82	193	214	253	36	130	104	182	61	17	242	18	75	43	36	83	98	231	61	192	72	216	195	229	158	250	210	192	39	128	224	8	
9	157	51	252	181	223	113	55	253	73	108	0	190	183	32	244	132	59	150	8	49	153	48	255	239	255	18	66	154	0	203	187	
74	188	180	184	235	249	144	143	139	119	40	153	174	190	70	142	131	115	239	17	22	75	178	241	139	215	95	123	210	76	143	94	
254	24	254	189	43	222	18	18	153	202	215	247	94	63	167	251	230	245	253	103	237	199	240	168	211	251	107	147	62	45	13	87	
130	233	146	158	238	129	190	69	172	128	80	2	172	202	112	67	238	123	59	195	66	219	130	233	52	16	142	170	4	26	161	137	
34	185	102	218	253	249	248	99	159	93	125	171	232	252	54	37	238	187	243	81	150	122	62	245	31	26	74	203	215	14	103	214	
131	155	66	159	118	151	172	245	93	72	82	230	40	136	182	229	126	43	150	205	231	184	21	253	36	24	186	130	95	156	185	157	
126	154	175	255	13	86	81	184	151	221	199	39	96	255	63	207	88	252	185	224	157	209	251	157	11	231	207	143	179	38	124	246	
25	182	181	93	62	119	156	123	87	234	84	102	73	252	247	164	31	24	182	45	165	245	55	159	234	223	237	255	191	236	25	221	
52	77	70	156	28	131	198	234	149	128	248	2	98	234	53	64	88	224	46	99	24	171	10	255	176	174	131	24	21	59	112	128	
27	217	106	205	118	147	251	246	126	96	246	162	57	15	183	32	126	203	23	205	195	190	37	255	118	13	186	132	119	148	97	249	
225	175	111	69	100	30	237	55	232	236	122	108	179	40	150	51	138	38	108	45	213	184	229	13	38	56	96	144	77	232	210	253	
126	43	170	226	217	116	222	65	171	133	173	25	9	239	87	158	252	255	219	211	158	67	186	194	251	221	143	127	195	119	175	214	
184	4	110	253	85	118	248	99	213	134	231	18	81	249	52	109	120	188	179	168	40	183	53	142	83	239	210	1	247	168	124	162	
116	168	244	183	54	11	232	130	123	177	179	10	239	40	85	10	171	197	125	17	136	125	201	232	156	222	85	116	229	40	83	0	
32	106	27	245	100	207	103	87	116	170	118	64	179	145	145	48	72	168	6	200	75	190	97	43	101	141	176	128	105	152	114	169	
250	212	44	254	13	84	93	188	131	94	165	29	251	95	10	251	221	213	253	226	239	71	251	151	243	251	222	61	18	62	206	122	
128	128	150	153	228	169	168	143	62	19	82	16	172	130	96	73	195	43	34	16	18	220	3	209	12	18	95	68	148	8	129	137	
182	73	114	136	238	11	238	205	205	0	176	10	78	138	53	64	122	225	95	227	224	39	8	218	180	152	143	188	117	58	241	136	
109	212	128	35	212	47	71	191	71	99	222	78	83	121	26	36	89	206	54	29	157	178	93	183	252	46	133	68	239	219	248	16	
106	152	150	18	233	253	144	134	171	91	164	61	174	190	102	159	133	115	253	17	22	79	218	241	155	83	94	251	218	85	143	95	
41	251	122	69	114	223	191	245	111	228	126	172	27	157	150	48	62	60	214	104	197	184	53	93	127	13	37	37	103	178	207	253	
71	48	183	176	171	124	60	19	171	251	147	125	140	190	204	255	199	23	253	17	149	87	243	192	154	210	127	255	142	68	175	87	
227	153	98	218	127	133	186	97	141	72	81	35	172	252	54	97	238	187	151	197	150	59	202	253	63	56	138	234	21	14	183	215	
11	145	53	185	186	252	57	23	174	93	86	181	157	134	194	237	166	51	255	157	151	72	167	213	206	121	58	202	150	132	173	253	
64	242	213	85	224	10	37	183	106	63	62	100	146	51	140	127	35	86	110	8	192	216	33	81	36	174	118	132	74	208	231	169	
66	120	150	156	111	200	176	198	175	213	194	35	172	154	99	74	226	109	251	81	6	205	130	224	156	50	94	203	140	12	61	223	
2	184	146	153	244	133	184	71	30	25	112	178	172	158	36	8	239	59	23	145	50	254	2	243	12	30	30	234	148	8	163	137	
184	127	115	238	117	143	79	240	17	140	252	106	47	83	161	148	124	248	133	106	104	186	64	175	243	205	36	168	115	187	102	171	
147	204	107	237	86	147	235	246	117	66	222	194	57	12	183	100	126	239	23	237	235	190	37	255	240	239	186	128	53	154	113	252	
56	0	166	253	21	246	240	70	213	7	230	18	73	185	52	236	120	188	187	168	24	191	19	140	83	239	210	65	163	76	124	42	
51	205	78	188	28	129	206	246	132	64	216	199	49	200	178	193	104	226	63	207	205	139	6	189	176	40	170	136	61	156	248	92	
51	205	103	158	28	147	206	246	196	64	216	198	49	200	182	224	104	234	23	207	207	171	38	191	48	44	170	136	61	158	120	220	
9	138	190	91	53	188	241	18	255	93	118	20	172	203	190	196	165	42	134	28	178	188	34	247	79	255	50	67	210	132	109	237	
118	53	3	172	19	71	79	97	49	206	249	143	3	198	35	85	252	185	143	162	109	131	80	206	177	128	138	187	57	34	46	86	
126	51	102	4	107	48	178	96	233	140	185	239	72	236	190	151	174	245	231	227	156	35	134	204	18	112	201	187	103	47	110	215	
2	200	182	153	38	139	184	103	159	17	82	18	172	138	52	73	239	43	63	17	194	252	3	245	140	154	222	194	20	8	177	137	
210	120	18	168	41	237	184	67	175	60	168	9	140	142	103	90	166	61	235	144	2	7	146	210	151	213	139	127	0	5	39	210	
40	249	121	107	116	199	115	244	82	12	124	34	51	223	160	48	92	184	23	90	74	186	120	63	103	141	32	224	113	154	70	235	
58	4	114	236	126	147	218	121	31	0	252	138	105	207	180	112	126	173	23	168	136	191	38	223	50	252	130	232	119	142	112	141	
2	216	54	251	44	128	120	6	143	25	82	34	172	158	52	75	231	51	63	129	130	221	3	245	134	250	218	130	20	140	49	9	
56	237	98	233	84	130	238	254	101	1	254	2	57	139	180	64	122	206	23	232	200	187	5	255	126	205	166	196	103	154	112	136	
188	87	237	254	205	119	199	188	83	254	181	62	75	109	222	167	89	194	134	98	253	102	122	187	39	219	229	189	123	253	220	247	
75	120	114	218	43	180	56	82	173	88	245	32	172	159	228	127	166	57	255	128	134	13	162	240	147	249	90	170	18	133	35	87	
221	223	95	167	51	114	63	184	190	110	159	231	252	119	171	196	119	71	172	238	231	129	45	255	226	231	171	151	62	247	41	121	
188	127	83	106	117	155	86	240	65	136	252	104	43	83	161	180	88	248	132	106	73	179	72	190	179	217	37	57	115	187	110	169	
129	24	63	247	52	172	105	22	253	73	118	84	191	155	176	104	134	59	54	25	163	188	48	239	197	255	50	128	8	136	65	185	
55	92	103	206	77	82	175	248	68	74	219	226	113	92	189	229	124	224	54	239	201	179	36	236	49	42	202	138	55	127	112	244	
203	223	234	6	59	92	63	176	168	78	158	229	253	54	139	246	38	70	252	110	229	5	189	239	242	127	38	151	14	247	45	125	
82	157	22	222	187	208	52	103	173	17	202	39	44	247	36	214	163	51	171	128	83	137	18	255	187	242	30	75	26	68	173	63	
120	255	24	234	113	221	82	244	35	13	236	41	47	219	104	16	152	187	133	80	74	10	216	63	251	221	32	123	114	2	78	11	
1	152	123	117	52	142	105	55	124	9	118	84	183	19	144	112	198	58	30	8	163	188	65	47	198	255	50	128	76	136	193	41	
60	66	110	111	86	102	235	80	68	142	255	130	81	69	185	96	120	188	23	234	136	176	53	12	71	175	160	129	103	251	116	176	
154	207	102	158	186	150	31	247	149	14	222	231	105	239	182	69	110	227	175	199	232	139	6	239	242	114	206	139	55	244	181	93	
90	143	71	158	178	208	61	231	189	69	214	163	44	230	162	197	102	115	175	193	114	139	38	237	176	55	254	203	54	148	173	125	
185	79	95	236	52	138	79	112	21	136	246	206	127	139	177	81	254	237	22	239	233	187	96	174	242	251	160	144	127	187	96	169	
114	118	43	142	61	217	195	104	207	108	157	47	230	216	186	36	216	168	206	99	207	35	248	159	176	20	139	59	92	15	22	127	
50	133	80	172	94	129	74	105	31	128	249	10	110	234	60	16	122	169	23	161	24	43	10	223	186	140	131	232	53	170	96	128	
98	160	192	133	124	139	234	9	11	161	184	10	142	10	84	16	123	173	95	177	10	114	201	223	156	158	139	244	133	10	83	128	
237	159	109	225	172	111	95	186	23	254	182	92	211	61	146	123	205	212	125	110	249	116	121	62	207	219	225	244	56	233	212	115	
198	54	247	145	170	106	189	19	189	255	87	247	204	190	239	111	231	23	255	17	177	213	167	194	12	50	126	135	134	228	165	247	
182	77	98	254	20	131	238	224	213	128	218	2	107	200	53	64	120	235	31	195	232	171	12	238	178	239	142	128	53	190	112	136	
153	80	79	253	86	130	234	244	20	98	118	231	121	143	187	65	126	236	23	236	225	220	37	255	118	47	186	128	61	153	121	217	
194	22	254	149	226	120	189	87	189	255	22	247	140	174	238	79	231	23	175	21	180	221	167	194	94	50	126	199	132	68	165	245	
27	204	106	205	22	147	235	246	116	64	254	130	57	15	183	32	126	138	23	205	202	187	37	255	242	13	170	128	119	142	113	232	
30	245	59	224	213	223	95	225	191	225	173	31	30	223	110	16	189	185	215	179	91	179	56	214	187	213	5	127	203	15	166	118	
50	237	98	233	84	130	106	246	69	33	250	2	43	136	52	64	120	207	23	209	202	186	65	255	186	236	142	196	53	154	240	136	
32	127	122	99	114	139	127	112	112	140	124	231	113	115	162	16	62	232	7	110	224	186	0	110	102	141	36	128	111	178	98	185	
125	109	224	100	205	62	206	239	97	160	172	8	26	57	85	182	25	198	241	111	201	50	213	200	51	125	5	60	239	118	218	42	
10	143	38	184	29	133	185	103	159	13	216	135	172	140	50	68	205	43	171	149	158	139	6	255	252	22	154	217	23	12	181	206	
38	61	114	234	252	181	218	200	15	136	248	43	108	255	237	52	223	219	23	114	142	35	10	253	59	220	3	190	215	251	98	135	
130	233	22	156	110	129	190	97	172	128	80	2	172	202	112	65	238	41	51	195	82	223	130	233	52	16	142	168	21	40	161	137	
248	18	232	109	109	95	87	121	113	238	247	61	91	61	158	24	220	220	245	42	216	182	241	138	83	255	241	181	99	172	246	243	
104	116	233	110	205	116	93	158	83	207	252	13	123	127	91	58	221	222	245	168	137	98	251	139	243	253	244	57	243	246	110	250	
38	185	38	218	125	253	186	96	143	89	121	139	236	252	62	33	238	59	179	209	150	59	58	245	31	24	139	235	213	15	119	215	
21	20	107	76	22	102	235	80	196	200	223	98	80	241	181	100	122	100	54	235	129	177	37	204	81	44	163	128	101	235	116	229	
24	124	254	117	19	250	177	70	188	198	102	50	61	159	39	187	163	127	195	144	36	253	48	234	203	199	26	3	227	81	47	203	
253	212	61	232	172	95	95	185	19	126	181	93	219	127	26	123	221	212	253	46	249	102	249	151	255	251	229	252	82	234	198	115	
142	242	38	187	79	213	188	200	143	93	85	183	236	220	127	11	238	59	191	199	198	39	62	241	7	81	218	171	87	31	181	223	
135	51	234	150	106	145	188	65	155	206	85	255	108	206	247	142	254	121	179	215	198	87	174	224	30	16	223	171	15	62	47	213	
41	92	103	79	116	150	239	246	84	72	90	70	249	60	181	228	126	104	18	239	225	184	53	255	36	62	170	128	127	158	113	189	
2	184	144	155	245	165	184	199	30	11	80	50	172	190	96	8	239	59	147	17	50	26	194	243	13	20	154	234	144	72	163	139	
233	128	126	85	69	94	109	49	117	110	119	20	219	33	18	125	81	132	44	42	216	180	113	134	71	251	112	69	98	168	204	96	
171	22	98	193	246	50	255	119	85	78	215	182	25	29	182	228	127	154	151	175	255	190	101	206	118	93	178	132	55	204	252	253	
57	79	127	239	116	6	95	112	5	200	254	70	123	73	181	112	254	231	23	111	201	187	97	172	242	255	160	144	111	187	112	169	
2	168	150	155	244	131	184	199	158	25	80	18	172	138	32	73	207	43	19	145	50	220	2	245	12	18	158	194	148	8	161	137	
39	181	98	1	213	183	234	203	79	97	217	71	8	72	190	164	249	136	146	191	159	178	92	220	62	92	143	102	223	79	248	148	
203	169	114	217	163	144	56	135	191	81	70	177	173	158	246	100	167	59	189	157	214	141	167	247	203	253	154	203	22	132	169	125	
24	28	59	250	147	228	179	114	188	73	79	2	60	223	32	96	167	59	155	144	19	171	50	255	211	239	26	75	146	3	37	59	
45	53	249	234	252	53	95	220	71	200	252	72	123	125	217	56	220	218	215	252	155	170	114	168	127	221	37	248	251	219	226	251	
45	117	249	237	252	62	95	223	3	203	253	76	219	127	219	58	93	218	215	46	139	98	251	129	103	253	229	188	218	250	198	241	
198	121	114	250	234	180	58	84	237	9	121	48	172	222	101	120	166	187	191	211	130	15	162	226	146	248	26	234	150	215	163	23	
9	156	18	127	53	172	113	182	252	9	126	80	190	179	32	112	132	51	30	8	179	184	18	111	199	255	50	0	74	128	65	41	
231	59	98	12	108	22	168	120	153	204	244	239	8	140	247	159	254	237	183	231	149	115	166	192	22	56	203	238	79	173	122	213	
33	95	126	79	118	11	239	112	100	192	126	230	113	97	183	4	62	104	22	238	193	176	37	108	102	14	38	128	111	186	98	185	
126	95	98	76	123	209	154	64	137	204	188	175	104	204	183	148	254	241	223	243	140	35	6	236	50	117	137	155	119	191	126	87	
51	205	78	190	28	129	206	246	196	64	216	199	49	200	178	224	104	226	31	207	237	139	6	191	240	46	170	136	61	158	120	92	
2	57	22	129	235	233	180	71	175	53	90	33	140	158	99	66	162	59	235	16	18	153	130	208	181	16	26	235	128	86	165	219	
2	122	150	151	83	240	184	71	190	133	66	227	172	142	35	200	230	63	171	145	134	217	134	228	12	50	218	195	132	4	173	143	
45	249	123	64	244	215	255	253	69	204	252	78	27	29	246	32	124	250	151	252	217	186	115	236	127	205	165	232	239	187	244	241	
32	227	121	73	244	203	227	253	86	45	124	96	19	17	140	52	122	24	6	120	210	186	104	95	111	140	36	100	119	138	198	233	
60	232	240	122	207	157	222	200	83	163	228	10	107	217	125	176	121	218	147	202	78	38	94	243	127	207	149	61	115	123	82	130	
61	217	123	193	246	95	255	253	78	108	126	102	89	221	246	96	126	220	151	234	195	186	60	253	127	13	167	229	127	186	244	243	
2	216	54	155	108	133	184	198	159	25	83	50	172	222	48	73	231	59	63	147	130	221	11	245	4	50	218	194	20	9	161	9	
47	214	253	95	236	127	157	189	95	255	53	255	72	124	222	175	207	86	183	46	245	114	127	253	46	91	245	246	223	253	216	213	
155	206	74	156	21	146	206	119	21	74	222	199	233	232	178	228	124	228	191	237	237	159	21	255	242	127	190	129	63	188	248	28	
178	4	96	200	92	163	202	89	87	32	245	26	107	73	181	64	122	137	23	184	234	54	69	223	54	207	129	232	119	138	112	128	
95	95	230	140	187	82	63	57	141	238	158	167	109	238	167	230	118	245	253	230	197	1	173	222	178	127	175	151	62	247	45	85	
90	0	166	248	29	246	240	67	197	29	234	19	74	185	52	206	233	150	171	144	30	187	3	128	155	247	210	67	179	76	124	2	
60	86	71	238	117	103	82	120	5	104	249	239	115	95	41	144	220	184	151	230	13	178	88	157	210	237	160	146	127	191	126	211	
218	201	86	158	227	208	60	231	189	84	86	179	44	246	166	247	230	251	167	192	119	207	166	239	50	115	94	139	22	4	173	223	
233	24	233	93	108	95	217	48	81	238	116	188	91	189	151	188	92	252	183	78	217	190	245	174	71	255	113	184	103	173	86	241	
218	207	102	158	251	148	31	247	149	14	214	215	104	239	182	197	78	227	191	207	248	143	38	255	50	118	222	138	55	180	180	77	
57	211	127	239	117	6	95	252	21	8	244	102	123	93	189	97	254	219	23	238	203	178	105	189	119	249	162	132	127	155	112	187	
9	54	115	71	118	255	235	115	117	233	127	238	187	60	150	164	62	171	22	141	181	186	53	223	14	92	48	192	111	142	97	253	
130	233	18	158	110	129	190	101	156	0	80	18	172	202	48	65	110	43	51	195	98	158	130	255	52	48	202	136	20	8	33	136	
237	26	51	80	229	220	97	48	245	206	119	60	218	149	247	253	112	164	166	90	145	188	50	226	79	251	240	192	74	173	84	117	
109	156	189	245	237	127	87	178	211	254	62	29	158	61	67	123	133	244	253	14	153	124	112	50	207	223	113	244	210	233	86	115	
10	143	34	157	87	133	189	103	159	5	94	135	172	168	50	68	238	43	187	133	214	152	22	255	252	54	158	203	22	12	189	222	
50	196	98	235	84	131	234	246	69	1	250	2	43	137	52	64	120	139	23	161	202	187	65	223	190	237	142	192	119	138	112	136	
55	19	67	172	33	71	79	121	33	204	249	239	67	86	35	21	252	185	132	226	77	131	112	140	177	244	168	186	121	47	34	119	
27	156	54	248	219	244	48	107	255	21	109	23	44	250	38	212	231	51	154	144	54	143	50	215	27	247	26	75	179	4	173	71	
29	58	221	127	50	78	95	56	117	206	119	100	111	103	139	217	182	109	228	98	177	208	59	104	74	239	101	128	234	163	78	113	
188	224	146	114	205	213	214	204	115	59	160	27	106	217	108	152	249	218	194	210	126	103	10	179	59	198	149	127	243	95	238	138	
167	89	102	218	255	133	186	228	141	72	81	51	236	220	62	97	238	187	151	215	246	63	10	255	63	56	138	234	21	31	177	215	
94	159	126	144	163	187	188	99	173	142	191	183	76	238	166	135	167	183	239	131	116	201	36	238	186	87	127	195	39	228	175	71	
6	241	166	154	175	213	190	200	143	94	145	167	204	220	127	11	239	121	255	247	214	103	58	241	51	80	207	175	23	127	181	215	
177	205	67	190	28	129	206	246	196	64	216	198	51	232	179	225	72	226	63	207	205	139	38	189	176	40	174	152	61	190	120	92	
75	186	50	88	125	156	248	199	251	93	116	21	46	218	38	212	165	43	230	28	182	107	162	247	27	126	18	203	210	4	239	207	
26	156	123	186	27	225	155	234	134	21	217	163	45	223	34	64	239	187	147	145	26	11	10	255	249	69	154	235	181	7	37	250	
48	164	66	140	92	3	194	105	23	32	249	10	106	202	124	16	121	136	6	224	10	39	10	223	58	140	129	108	117	170	114	128	
153	12	111	253	86	34	233	114	52	194	118	214	121	47	177	233	127	236	23	172	165	220	37	239	86	171	242	128	63	225	112	249	
41	255	122	110	116	155	86	244	69	236	124	110	51	9	179	177	94	248	134	106	237	186	100	61	118	201	36	161	127	155	106	155	
178	77	98	190	20	130	206	96	213	128	251	2	107	232	53	64	120	232	31	227	232	163	8	239	176	238	134	128	53	106	112	8	
147	76	106	237	86	19	107	118	117	66	214	146	123	13	179	97	127	174	23	173	233	190	37	223	242	239	186	128	53	152	112	232	
25	211	121	207	116	22	255	252	68	72	220	102	249	93	191	96	126	216	23	239	203	178	109	237	103	173	162	128	127	155	112	249	
171	242	97	9	116	151	234	90	87	105	212	246	153	28	150	164	95	136	22	189	175	190	101	223	14	95	161	196	111	141	122	245	
89	29	22	126	49	188	118	115	237	8	111	68	190	243	32	245	164	51	236	8	177	169	18	237	163	249	66	10	74	6	107	47	
40	255	88	97	242	139	123	247	48	45	124	237	19	3	130	16	62	152	7	124	82	154	64	31	126	141	37	228	121	130	202	155	
47	219	237	215	238	19	189	152	75	253	85	239	217	60	215	175	79	85	183	95	149	122	239	240	14	123	255	230	223	191	213	245	
167	189	66	9	247	155	162	233	94	96	89	70	136	216	182	165	248	40	146	127	183	184	92	222	46	93	11	102	221	15	217	149	
2	91	134	155	195	148	184	71	190	21	74	199	172	206	34	200	228	59	171	145	150	217	22	225	5	48	222	75	128	20	173	222	
2	251	22	144	227	193	188	199	174	21	74	163	172	158	98	64	166	59	235	209	86	153	130	240	60	16	30	203	4	20	173	203	
179	205	71	190	28	129	78	246	148	64	216	199	49	232	179	224	104	226	31	207	237	139	6	191	176	46	170	136	61	156	120	92	
167	185	70	129	245	155	160	97	93	224	80	70	136	24	182	165	250	41	146	61	181	186	85	220	62	89	143	230	221	44	249	149	
102	233	167	82	221	213	215	225	195	189	189	8	66	248	126	38	201	242	114	89	90	107	234	245	59	30	197	127	211	46	246	230	
2	170	50	88	125	252	248	71	255	93	116	57	172	158	118	20	165	59	135	20	150	105	162	215	31	30	18	107	210	4	239	223	
184	132	98	239	20	179	234	127	117	3	247	18	123	11	188	96	121	142	23	168	170	191	45	223	242	239	178	128	119	200	112	136	
130	204	18	159	108	129	190	228	156	18	81	18	172	202	48	65	111	107	19	195	96	158	74	255	36	50	218	136	20	25	177	136	
222	23	98	204	171	86	124	123	137	238	158	167	72	238	183	119	230	245	253	165	252	3	181	202	51	121	207	191	55	228	61	87	
61	91	67	238	126	107	94	88	5	104	121	239	123	93	163	176	94	248	151	102	141	178	120	189	242	237	161	144	127	191	82	209	
45	189	249	109	252	47	223	27	67	233	60	72	147	61	212	50	221	252	87	60	155	58	224	18	103	189	165	180	218	232	210	241	
230	166	32	184	157	61	216	137	31	63	145	29	206	76	94	137	221	129	223	183	190	103	203	215	155	82	155	127	208	13	156	86	
234	143	66	158	209	144	188	239	31	31	92	215	40	238	190	197	253	155	163	133	254	30	46	247	54	118	218	203	23	76	188	204	
232	72	124	85	79	221	121	6	125	33	102	154	59	29	21	61	42	180	243	72	40	248	119	189	87	235	80	33	103	156	78	170	
235	91	119	92	100	220	101	21	237	212	118	236	184	148	183	255	70	32	178	92	133	122	118	232	38	56	194	10	78	156	84	125	
57	91	127	111	82	18	127	112	36	192	126	230	113	111	177	48	126	232	23	238	193	176	37	109	118	173	160	128	111	179	98	249	
2	255	82	134	91	129	186	228	141	20	88	163	44	222	103	130	230	123	147	199	70	11	138	249	61	16	142	171	21	31	45	223	
19	147	194	132	226	16	188	119	173	103	95	231	109	238	190	198	55	143	255	133	212	153	135	193	54	36	255	135	47	228	169	221	
40	255	90	227	114	139	122	244	50	44	124	237	23	23	226	16	54	184	7	92	82	154	8	63	110	141	36	229	127	130	202	155	
222	149	87	254	155	192	23	97	165	0	207	50	92	255	40	229	242	243	185	226	113	139	58	237	243	224	74	75	51	7	165	50	
35	223	99	141	116	210	206	127	85	74	218	230	112	124	181	228	222	238	182	239	205	186	101	255	54	62	174	128	63	254	120	93	
90	157	251	244	115	251	51	99	171	109	127	43	14	189	102	118	162	127	247	1	20	187	160	224	219	245	37	231	230	110	135	211	
134	245	166	152	239	85	190	232	143	218	152	39	204	220	127	3	255	113	255	231	194	99	186	208	179	16	207	191	21	127	181	215	
194	130	164	155	9	181	184	15	142	31	201	17	236	206	126	66	205	19	235	133	150	79	203	209	13	50	218	91	16	12	189	94	
11	159	66	141	119	147	190	103	13	69	94	167	44	168	182	68	106	43	183	197	196	152	4	255	116	52	142	131	63	140	185	223	
138	156	54	89	53	252	240	134	189	93	118	17	174	221	62	93	131	51	255	17	54	252	50	247	79	127	82	67	210	4	69	95	
251	18	254	52	115	82	81	120	57	239	118	189	79	63	134	189	54	149	228	164	173	211	37	204	90	251	113	135	111	164	46	215	
39	244	180	67	173	127	208	137	91	123	173	29	206	88	94	175	153	0	219	55	31	103	91	146	159	94	85	127	218	78	218	86	
98	91	98	140	123	144	190	108	137	196	248	239	108	204	55	150	254	177	211	229	196	35	150	220	54	112	139	187	127	190	63	223	
184	12	110	255	84	50	109	119	117	66	246	18	123	43	177	97	123	174	23	168	168	255	37	239	242	239	242	128	55	200	112	232	
154	156	54	152	219	244	176	98	191	85	236	23	44	190	38	221	231	179	187	145	54	15	50	247	27	127	26	75	147	69	45	71	
146	79	207	188	18	130	191	246	180	134	210	231	41	174	161	73	102	251	183	197	224	223	6	239	240	34	254	136	37	245	37	249	
61	19	83	238	116	7	90	120	5	200	249	231	91	125	171	144	94	184	22	238	157	178	112	140	114	237	160	128	127	171	96	209	
96	63	244	90	253	233	149	142	203	31	60	56	174	57	197	31	139	82	198	80	50	106	234	51	79	150	116	251	210	89	198	175	
166	221	38	218	253	133	190	236	157	88	112	43	236	222	61	65	254	251	151	247	226	39	10	255	52	24	143	234	21	29	241	219	
41	95	126	79	118	75	247	252	68	72	124	239	115	101	179	16	94	224	6	110	193	186	69	61	102	143	36	128	127	187	74	217	
184	196	98	235	84	163	234	125	85	35	251	18	75	73	60	64	121	139	23	163	170	183	73	223	190	205	138	196	119	138	240	128	
67	189	54	30	203	208	180	231	173	85	100	7	44	254	38	247	166	59	251	129	86	201	178	229	31	114	90	75	3	4	175	222	
2	72	22	159	108	128	190	228	188	2	81	18	172	234	48	73	238	105	51	195	96	214	10	233	20	54	218	136	21	121	161	137	
33	223	121	77	116	11	239	254	77	72	126	230	115	37	182	36	126	194	22	110	193	184	101	127	102	47	32	128	125	154	64	249	
15	153	237	199	110	153	187	144	207	252	95	167	221	220	215	38	110	117	183	223	197	176	239	240	78	93	239	228	111	175	89	245	
38	187	220	91	250	137	180	187	11	149	124	237	172	233	199	30	143	123	231	80	146	122	202	113	110	147	117	235	222	169	207	155	
123	18	226	84	115	114	120	114	57	239	118	191	12	62	182	125	246	181	183	165	180	223	164	206	90	127	122	131	175	164	47	215	
2	188	50	152	91	245	176	71	159	93	104	19	44	158	102	80	231	59	147	145	22	26	50	215	31	22	26	107	145	4	175	207	
17	91	107	79	86	2	239	112	100	192	126	230	113	71	181	96	126	236	23	238	193	177	37	109	114	45	162	128	111	187	96	249	
2	143	98	156	215	145	184	103	159	5	90	167	44	174	182	196	238	43	147	133	86	154	38	255	62	52	154	203	23	12	189	223	
66	156	54	152	121	252	176	103	191	95	106	17	172	191	38	73	165	51	251	17	54	109	50	247	15	118	90	75	210	68	165	223	
98	173	177	216	253	217	210	174	75	217	184	40	174	152	87	164	201	66	223	81	31	107	226	247	63	92	20	251	214	12	94	79	
24	4	102	255	214	50	236	127	117	3	255	2	123	107	185	105	127	206	23	170	184	240	37	237	246	239	242	128	183	217	240	136	
218	22	98	204	127	118	184	115	57	238	214	191	8	190	182	118	238	181	191	165	244	15	180	206	19	124	219	171	39	228	55	87	
19	147	194	133	210	18	172	119	47	65	90	231	13	174	182	192	126	173	183	133	213	153	133	193	54	45	174	132	45	164	185	221	
61	89	105	111	118	11	79	248	4	104	124	230	115	77	177	48	126	232	23	238	201	178	109	61	102	141	161	144	125	187	80	249	
19	78	238	190	18	162	111	115	180	198	218	199	105	239	179	65	110	239	63	143	233	219	6	238	240	46	254	128	173	245	57	217	
18	223	114	238	87	193	190	228	137	4	185	171	108	222	47	0	254	243	147	195	66	11	8	253	51	84	142	187	21	30	47	219	
41	249	105	111	102	11	111	252	4	96	124	238	115	77	145	48	30	202	23	238	201	186	109	61	102	205	37	160	125	154	66	249	
66	185	54	158	75	208	176	231	175	85	204	163	44	254	38	70	226	187	243	129	86	11	178	245	31	52	90	75	23	4	175	222	
35	214	66	142	118	146	238	127	93	75	90	231	104	248	190	228	127	238	183	165	197	186	77	223	54	62	170	130	63	222	248	157	
194	139	114	158	107	208	184	99	191	93	253	179	44	222	166	244	238	187	179	193	86	11	166	245	22	48	202	203	23	4	175	223	
3	209	126	131	230	219	172	101	76	112	83	98	216	24	182	161	250	45	150	103	213	188	5	220	46	91	254	199	77	14	249	141	
102	161	241	131	239	121	176	207	207	121	57	58	206	248	204	174	163	19	238	49	22	97	170	208	30	22	87	127	214	94	143	199	
95	156	22	248	219	180	18	242	237	25	236	70	44	251	39	244	231	115	154	208	179	43	50	255	59	255	2	75	187	85	41	47	
179	77	71	190	28	162	206	246	148	66	218	198	49	232	179	225	104	226	31	207	237	143	38	191	176	46	170	136	61	253	120	92	
66	163	160	154	217	165	152	79	143	21	137	17	172	238	106	64	205	155	203	149	22	11	210	243	157	52	154	123	144	78	173	206	
66	249	18	138	123	201	182	230	173	5	90	163	172	158	98	64	230	59	203	208	66	155	130	245	189	20	14	203	0	22	165	203	
185	205	111	222	12	144	207	246	196	64	220	2	51	232	183	97	72	226	63	207	233	171	38	189	242	107	226	152	55	185	112	104	
162	221	102	220	236	129	188	239	157	24	240	163	172	220	53	73	254	113	183	229	194	107	2	221	52	26	207	170	85	124	113	201	
70	164	48	152	169	101	24	139	143	55	137	153	140	222	74	91	217	145	251	179	26	71	219	211	157	214	155	127	144	5	167	66	
75	142	54	94	117	188	112	246	237	29	126	16	174	232	190	244	160	35	238	12	182	169	34	231	34	254	18	75	66	132	203	77	
6	200	18	159	108	129	174	228	158	2	80	2	236	202	56	73	123	107	51	195	98	214	74	253	36	50	218	136	20	25	49	136	
190	139	46	184	157	135	203	251	134	52	208	135	196	201	51	65	204	161	155	247	248	139	78	159	248	18	203	221	52	45	52	82	
32	255	126	65	114	139	239	246	116	44	126	230	17	7	182	20	62	24	7	110	224	188	45	95	110	142	36	196	111	154	194	185	
61	17	121	238	122	19	79	120	65	200	253	238	123	86	187	52	126	169	21	239	201	34	108	28	242	201	161	184	53	171	66	241	
194	157	50	158	95	252	178	103	249	77	116	31	44	220	38	213	166	59	211	5	182	43	178	247	51	116	18	107	82	4	175	223	
121	105	106	238	28	144	79	120	101	192	246	2	123	203	181	96	122	228	95	234	200	35	173	237	242	237	163	152	39	187	112	96	
61	91	107	79	118	3	207	120	68	200	125	230	115	101	179	96	126	232	23	238	201	178	109	61	118	173	33	128	127	187	96	241	
59	91	246	68	99	210	184	86	41	93	126	167	9	158	182	60	238	189	183	213	133	186	166	192	86	121	122	195	103	132	39	223	
70	183	144	130	255	249	176	207	207	121	25	59	140	248	238	174	163	27	206	17	22	57	136	210	60	20	31	255	148	94	141	199	
102	181	176	168	253	189	80	203	31	53	137	29	142	190	110	88	217	11	155	21	62	11	216	211	159	84	159	127	144	76	159	70	
58	167	16	250	221	229	216	239	27	13	249	25	174	239	46	16	221	155	135	144	58	10	74	215	187	213	158	127	211	14	230	218	
189	77	111	222	156	178	207	246	212	66	222	66	115	232	179	224	120	226	31	207	233	171	46	175	48	47	174	136	55	251	112	108	
114	165	18	170	219	193	150	103	173	5	233	41	174	214	40	16	250	187	143	144	90	11	2	255	185	212	30	123	80	2	167	138	
238	104	160	176	137	237	80	130	159	191	128	25	142	158	67	24	201	157	237	17	58	78	210	242	153	215	219	127	144	13	7	66	
130	143	98	152	251	208	186	227	159	69	92	179	44	206	102	196	239	59	179	193	118	31	166	247	62	52	154	235	23	5	175	223	
162	157	114	152	219	241	176	226	157	69	100	179	44	222	38	81	239	187	147	193	54	43	50	247	23	50	26	107	87	5	47	223	
27	201	10	169	231	131	254	103	5	96	94	167	4	136	50	64	122	172	59	7	212	153	21	220	244	38	139	199	62	46	185	86	
163	28	116	221	111	181	184	103	205	234	248	179	44	62	52	98	238	191	183	129	148	62	99	251	23	58	218	138	21	76	113	223	
41	31	94	67	118	171	255	240	36	96	127	230	113	103	169	0	62	170	23	238	193	176	13	125	102	15	33	128	125	219	106	185	
2	201	130	157	204	129	172	202	142	2	88	2	172	234	49	72	122	107	51	193	66	18	66	243	20	52	206	136	21	120	49	136	
3	211	115	71	54	11	175	240	76	12	126	230	249	102	189	36	62	90	6	234	193	176	45	253	36	14	35	128	95	187	97	189	
31	201	236	235	94	18	251	216	7	81	95	130	89	79	185	98	110	213	63	221	138	176	47	241	78	237	175	196	183	171	113	225	
15	121	234	197	110	153	187	80	207	224	94	167	157	221	246	38	174	61	247	221	134	176	166	192	78	93	171	160	39	174	81	245	
3	143	98	140	87	145	190	103	13	69	90	231	40	168	182	196	110	43	147	197	214	154	4	253	54	36	154	195	63	12	185	221	
35	56	226	220	118	18	248	114	121	203	84	163	44	191	182	56	254	189	151	133	132	251	164	204	22	126	154	170	7	164	39	221	
194	185	50	152	91	244	176	231	191	85	72	19	172	190	102	64	163	59	187	129	22	75	178	247	31	52	26	75	16	4	167	223	
213	193	122	231	62	128	251	152	238	64	159	130	113	207	218	98	118	213	127	222	195	137	175	97	126	173	171	192	37	131	113	105	
226	28	98	204	124	180	248	102	25	202	216	179	44	190	54	96	238	191	183	133	160	63	227	238	23	62	154	170	21	44	113	223	
43	215	66	137	103	177	174	247	77	105	92	231	44	232	190	196	126	43	151	173	135	26	4	213	54	28	170	174	31	222	217	221	
66	157	182	156	229	236	176	103	175	93	74	17	172	190	38	66	165	59	251	1	18	201	146	225	13	54	90	75	128	68	165	219	
11	223	98	139	119	177	174	247	95	104	92	231	40	136	182	196	126	171	151	141	199	26	12	209	54	92	170	175	31	222	249	221	
63	63	97	173	114	19	95	112	17	228	89	239	61	15	147	176	126	185	151	231	141	146	108	188	182	205	169	160	63	167	2	241	
54	140	98	177	212	163	238	226	117	35	242	2	11	170	53	73	123	233	23	162	184	187	8	252	190	206	159	196	245	249	240	128	
54	141	70	249	148	43	238	254	21	3	251	2	67	105	60	73	121	205	23	227	56	243	9	253	178	239	223	196	247	249	240	128	
64	169	148	157	236	143	60	15	62	185	88	0	172	162	65	66	227	47	98	16	82	120	195	194	44	20	95	110	144	64	163	137	
2	91	113	77	102	3	175	252	76	12	124	230	56	118	181	36	62	89	23	234	129	176	37	253	36	28	43	134	95	191	37	253	
75	156	114	200	127	244	184	199	237	77	92	7	12	188	54	228	231	51	191	149	150	43	182	213	27	124	154	203	151	68	125	87	
66	189	150	149	237	236	184	39	174	137	90	16	172	190	64	66	133	63	251	1	18	216	210	193	13	52	94	11	128	72	133	155	
