 •¬ﬁ¿º”®¡¡—§»æ¥Ω”Õ	#05 ”£Ã“«È»À (HOT)	http://www.yslbeautycn.com/on/demandware.static/-/Sites-ysl-master-catalog/default/dw7597a2b0/Makeup_Pro_img/00082YSL/L6101600U_05_COLORIMG.png	//www.yslbeautycn.com/dw/image/v2/AARM_PRD/on/demandware.static/-/Sites-ysl-master-catalog/default/dw5062be18/Makeup_Pro_img/00082YSL/00082YSL.jpg?sw=336&sh=444&sm=fit
143	215	66	163	240	150	110	180	49	104	86	247	89	7	154	213	54	237	149	238	253	156	21	238	110	105	174	196	47	150	170	213	
2	12	130	159	92	163	170	194	22	0	91	2	224	232	49	64	120	106	19	195	2	184	75	255	20	6	138	136	149	123	49	136	
205	217	255	117	228	14	125	180	121	90	118	48	223	93	157	57	150	84	116	106	225	244	171	96	199	187	118	196	64	177	195	177	
91	83	110	109	43	62	93	62	97	236	126	169	27	29	151	182	38	149	245	237	204	187	165	136	99	121	96	131	103	246	14	253	
45	13	105	203	244	43	79	25	87	32	253	10	83	33	149	116	91	142	23	186	217	186	109	156	110	175	165	244	247	234	210	161	
34	108	210	158	116	169	238	71	171	9	120	8	172	234	116	80	234	171	23	129	2	186	130	235	36	60	158	168	132	90	227	137	
2	25	178	140	91	228	186	198	139	9	216	3	44	254	101	64	254	251	147	193	2	11	146	233	49	52	138	171	149	87	37	155	
75	121	177	69	109	94	61	95	123	250	116	100	156	156	215	63	134	45	54	28	197	114	179	192	71	88	103	174	202	244	67	253	
115	63	154	148	177	190	22	215	185	239	180	125	142	162	230	93	205	239	204	20	61	203	208	234	184	54	190	187	136	125	170	95	
126	215	23	160	249	123	22	239	41	239	184	237	78	60	166	148	221	147	206	51	124	43	105	254	187	214	117	223	203	95	174	95	
122	223	17	170	233	121	22	239	9	63	184	111	14	60	44	149	233	211	206	99	28	43	104	245	179	82	109	191	211	127	158	223	
58	215	26	174	169	125	22	239	9	106	188	105	14	188	47	147	220	219	207	99	92	43	200	177	179	241	68	191	83	127	174	31	
73	121	177	76	172	92	125	59	107	250	60	108	158	157	215	119	135	125	124	12	193	122	179	192	231	248	103	174	90	240	67	253	
201	159	61	68	168	84	125	191	237	250	62	100	189	159	215	115	167	53	126	8	193	109	179	208	119	249	103	172	26	224	97	121	
34	139	162	159	79	225	190	234	30	70	88	163	168	236	51	72	91	123	147	199	66	154	78	253	4	38	154	171	21	95	53	218	
10	153	227	195	102	206	233	112	109	149	119	130	24	29	148	108	126	156	55	216	144	184	125	196	95	62	214	192	231	138	116	249	
99	57	185	213	67	92	53	87	121	250	100	8	188	182	67	63	204	63	210	128	197	218	240	192	215	25	94	35	10	116	15	255	
207	62	232	12	56	52	186	154	171	226	156	253	188	238	215	118	7	117	125	15	167	5	231	211	118	60	43	188	30	245	27	85	
207	47	113	146	186	185	155	8	171	212	153	189	236	206	207	135	135	115	255	181	147	69	238	246	190	88	15	254	134	135	7	117	
89	27	123	13	50	94	179	23	100	109	254	228	59	36	162	244	102	134	142	76	129	185	101	14	118	101	50	144	235	134	47	125	
123	113	98	192	119	150	234	84	109	232	222	198	8	156	246	228	126	141	151	253	207	187	181	196	62	92	139	206	47	134	120	93	
59	49	116	101	47	91	93	88	129	228	60	171	27	221	151	178	54	245	245	101	196	161	183	136	83	217	65	183	103	254	86	255	
130	184	182	211	79	245	176	192	143	117	159	23	108	220	110	70	230	59	251	145	134	57	186	241	31	88	26	99	23	14	45	87	
88	161	240	109	55	155	88	24	71	164	126	2	107	89	20	228	146	188	189	8	14	176	101	159	207	253	1	149	119	172	88	10	
58	125	98	204	83	208	122	86	19	196	124	167	40	223	55	116	126	251	147	208	142	154	180	234	115	125	128	171	183	151	126	222	
194	191	50	218	61	253	186	66	175	125	157	47	172	158	118	100	230	51	223	129	198	11	186	245	147	117	154	251	22	4	53	95	
138	63	119	93	243	178	170	98	253	192	122	230	40	238	181	173	110	123	130	193	161	186	38	236	4	58	202	130	79	229	111	253	
50	205	2	156	92	129	140	103	132	0	216	2	40	138	48	64	104	171	23	193	74	43	2	255	48	36	158	136	21	24	240	136	
63	193	99	72	212	19	238	253	85	65	253	198	73	104	188	164	126	138	22	255	223	186	109	223	54	124	134	204	255	254	248	244	
2	121	146	158	117	172	190	198	174	9	88	32	172	242	96	64	230	107	34	0	2	24	130	241	53	52	26	138	144	90	161	139	
39	69	99	78	212	147	238	125	85	64	255	206	106	232	190	164	120	234	22	239	221	179	45	255	50	14	134	200	127	190	248	244	
126	137	236	238	157	90	82	184	67	61	254	11	107	121	62	82	104	198	165	208	30	42	89	191	251	237	164	215	247	174	124	10	
56	29	122	171	212	238	127	119	53	71	238	23	23	63	3	88	125	191	23	144	56	190	81	14	247	231	182	65	161	218	246	218	
63	133	97	75	246	18	238	251	87	65	249	198	89	104	148	228	126	139	150	175	223	186	109	223	62	108	167	196	255	238	248	149	
6	204	2	154	212	163	170	198	150	1	88	2	96	202	49	64	89	42	19	145	34	186	8	255	56	38	142	192	149	25	176	136	
175	51	226	128	236	25	184	95	207	248	52	237	137	236	247	174	14	0	215	124	197	106	102	200	46	89	167	173	222	252	89	221	
62	121	178	178	197	149	215	196	145	140	181	15	10	219	103	157	232	249	135	211	88	227	26	232	187	208	204	59	235	127	254	223	
2	217	146	158	75	229	182	206	142	1	72	2	44	254	33	64	238	123	179	193	66	154	18	245	17	54	154	11	17	86	37	155	
158	74	214	116	179	178	126	222	117	14	118	183	73	231	163	204	55	229	142	236	172	145	37	207	178	239	39	135	167	245	173	69	
2	152	246	147	211	211	184	225	191	85	119	179	104	254	46	77	251	187	179	145	22	217	46	245	30	22	222	195	167	4	173	223	
159	80	126	225	54	155	187	112	13	232	87	166	93	95	190	161	54	181	151	111	225	181	45	222	242	203	43	196	119	175	33	241	
39	11	226	159	228	191	190	105	94	200	89	199	232	232	183	232	218	43	18	7	148	178	78	221	6	62	203	138	221	111	121	133	
60	198	238	245	133	126	230	238	84	127	246	23	75	108	63	9	121	206	134	167	252	246	125	168	247	239	254	5	241	121	252	210	
22	153	231	215	199	102	237	244	61	223	87	151	73	39	61	79	105	222	55	216	176	216	61	224	95	42	222	199	167	245	244	250	
60	5	110	108	84	2	111	121	85	128	255	2	91	235	185	112	120	236	6	234	248	179	36	14	114	239	160	128	119	250	114	160	
34	201	2	152	92	129	142	231	134	0	216	2	32	136	48	64	72	42	19	193	66	43	2	255	48	4	154	136	85	24	176	136	
130	200	146	153	100	141	184	134	190	25	82	16	172	138	112	72	199	43	51	17	18	252	66	241	5	18	26	202	148	8	129	137	
216	157	127	236	19	194	23	101	173	64	238	34	126	255	32	113	242	247	185	224	113	171	50	253	243	227	66	75	123	2	165	59	
60	5	106	236	212	50	74	112	21	128	255	2	91	235	184	80	120	172	23	234	216	179	32	142	114	237	160	132	55	234	112	128	
200	127	18	180	247	128	182	247	168	142	26	126	172	179	33	198	230	115	206	65	112	43	130	234	176	209	46	43	10	88	173	171	
50	193	66	158	92	129	204	237	5	0	240	2	107	72	60	64	120	163	23	193	72	171	67	255	176	250	154	136	53	26	240	136	
2	205	2	158	148	128	174	231	22	1	88	2	40	234	48	64	73	106	19	193	82	136	2	247	32	38	154	192	20	26	176	8	
158	115	107	64	114	211	191	81	189	196	247	183	89	207	191	49	62	189	151	247	229	149	44	206	114	73	175	133	103	182	167	245	
11	31	103	165	54	171	187	178	141	232	90	231	157	47	179	198	166	101	159	125	149	153	37	236	236	54	175	192	142	255	17	121	
28	168	252	97	23	217	242	242	71	189	118	2	59	25	80	160	41	220	181	216	74	188	39	177	207	205	37	69	231	138	76	138	
79	115	104	72	58	212	255	25	169	68	29	140	157	223	223	36	54	57	93	111	195	1	190	209	98	25	171	252	62	183	151	245	
146	193	118	254	46	128	220	55	141	0	80	130	173	207	52	65	238	179	63	129	240	136	6	221	162	250	218	138	55	156	241	9	
82	207	78	254	90	192	61	230	165	6	220	163	45	167	161	81	110	243	239	192	98	139	166	255	240	166	254	139	53	148	39	235	
162	217	34	156	87	133	190	231	30	9	80	51	44	220	52	64	252	59	147	193	226	58	16	255	61	16	138	234	85	28	177	155	
68	93	126	237	178	14	125	183	173	216	126	32	223	119	161	115	230	115	63	124	208	208	35	204	231	249	103	132	52	240	225	115	
79	233	236	133	110	0	251	154	171	181	30	131	253	234	219	42	39	87	123	223	134	64	239	225	78	61	207	165	167	247	25	204	
34	238	32	155	85	145	174	238	22	103	88	135	160	204	54	0	89	107	131	199	102	190	78	255	44	6	159	105	21	31	92	206	
2	56	46	145	100	221	185	6	141	93	86	23	172	156	86	79	236	57	91	17	22	252	242	225	7	80	218	195	196	9	149	223	
130	184	146	153	227	229	176	199	190	27	80	16	172	158	100	72	229	59	147	17	50	28	18	243	13	22	26	107	144	0	165	155	
66	153	182	145	125	205	184	39	175	89	154	179	140	254	102	98	199	55	255	145	210	105	194	209	47	60	159	223	148	12	133	95	
157	192	126	224	102	155	255	112	109	96	119	2	95	219	188	97	54	181	31	111	224	181	45	220	246	201	99	196	119	175	97	33	
191	243	106	68	242	18	255	113	49	236	119	231	73	207	182	21	126	173	151	238	236	151	36	206	114	73	175	132	47	166	238	213	
215	27	101	205	230	18	111	184	101	96	86	230	73	6	149	247	126	196	63	239	237	144	101	220	54	42	235	132	63	181	176	117	
180	20	238	255	214	102	117	86	21	207	215	55	80	61	43	77	125	222	151	163	184	242	113	238	119	39	246	135	185	121	244	251	
86	20	146	161	139	110	60	7	169	139	139	179	204	254	72	74	247	23	253	145	16	65	147	192	153	246	95	223	128	102	165	19	
167	54	115	92	240	166	239	122	121	202	127	116	88	247	165	125	215	127	22	42	161	215	32	206	1	186	50	130	67	225	103	245	
148	9	86	154	214	130	122	65	189	128	243	2	76	202	36	81	110	173	14	210	80	187	8	236	184	168	143	64	37	35	33	129	
163	173	117	75	245	219	162	231	95	97	120	66	168	120	156	164	120	42	146	120	247	184	109	223	44	24	6	98	95	142	208	173	
39	142	98	159	116	185	174	226	94	70	89	207	232	200	183	160	219	43	18	7	230	186	78	255	38	30	139	168	93	79	89	132	
178	129	116	137	182	131	254	109	13	1	113	2	172	10	60	65	126	131	23	225	242	184	73	221	172	152	138	196	21	10	241	137	
2	140	2	137	148	163	170	71	14	1	90	2	172	10	48	64	123	11	19	145	18	152	1	223	44	4	154	196	149	74	161	136	
62	210	114	248	165	247	210	196	221	95	244	59	14	190	46	157	249	153	143	98	60	231	32	228	147	211	210	95	211	29	254	199	
34	236	226	201	84	131	170	207	86	129	120	2	32	136	53	0	121	40	19	145	130	187	0	223	56	12	159	160	213	24	112	136	
219	211	99	164	117	22	110	117	113	232	87	247	25	14	178	245	126	204	149	239	253	158	164	206	186	121	174	196	47	134	250	85	
2	63	226	137	214	147	188	103	29	196	88	167	172	142	246	0	110	59	151	133	228	153	36	202	54	4	158	130	21	220	181	221	
120	12	58	186	213	252	214	71	60	111	251	27	47	62	34	217	233	191	151	147	60	187	121	170	243	231	186	19	209	94	254	218	
2	141	48	137	214	163	186	70	14	1	88	2	172	42	48	0	127	59	19	145	146	152	1	221	44	20	138	224	149	74	49	136	
130	217	38	157	62	134	188	103	156	88	208	179	172	158	52	65	206	59	159	225	226	139	2	253	32	56	222	130	21	28	177	219	
2	133	2	137	148	163	170	39	12	1	90	2	172	42	32	64	114	11	19	144	18	152	1	223	44	38	154	192	148	10	177	136	
188	86	42	56	133	119	214	115	84	78	244	63	66	252	175	41	217	186	134	34	252	247	96	190	243	195	241	187	89	125	254	215	
2	141	16	137	150	131	170	103	12	1	88	2	172	74	32	64	122	43	19	160	82	152	1	253	44	20	138	192	20	10	161	136	
34	76	2	156	76	128	174	230	132	2	240	2	40	200	49	64	104	234	19	195	64	43	2	237	48	36	202	136	21	57	112	136	
162	145	116	203	244	131	222	109	29	33	81	162	172	92	60	1	222	155	151	225	242	186	72	221	170	24	142	246	85	142	145	137	
40	63	88	28	253	123	85	127	81	78	252	108	34	61	135	157	217	170	198	32	237	226	96	159	50	243	96	155	218	252	222	223	
159	83	127	225	54	219	191	113	189	238	119	230	93	93	191	41	54	181	151	227	229	181	60	206	118	203	47	134	111	190	165	245	
209	217	63	108	36	158	119	117	232	72	126	4	118	185	50	113	180	118	125	110	225	185	176	109	243	249	98	0	72	162	227	107	
24	133	102	237	212	130	238	63	69	1	95	2	105	9	60	65	120	130	23	233	250	184	1	221	102	235	170	192	55	138	240	8	
62	64	244	248	111	83	216	8	27	180	52	139	77	95	119	175	254	241	181	243	132	98	122	216	159	218	203	255	247	165	77	198	
22	77	86	153	146	130	190	199	173	0	218	130	109	206	33	64	102	179	191	209	98	129	1	255	176	230	142	194	149	16	161	153	
248	84	58	236	120	167	91	90	149	74	213	63	116	223	171	65	222	185	23	163	168	7	34	31	243	173	40	156	28	217	36	83	
3	148	26	217	211	229	177	67	62	25	77	22	188	190	44	100	167	59	179	16	51	152	18	215	13	54	26	74	152	0	161	191	
60	5	66	236	84	163	74	120	5	128	253	10	91	203	53	80	120	168	23	234	8	179	0	142	242	237	163	136	55	171	112	128	
146	129	118	239	150	131	238	61	69	1	115	2	105	75	60	65	122	131	23	225	250	184	5	221	162	250	138	192	55	138	240	8	
3	134	19	155	116	188	56	3	126	25	91	81	172	138	160	200	195	43	162	21	54	156	2	215	12	54	26	67	144	12	137	141	
232	127	16	168	253	250	23	87	249	142	252	124	174	146	163	213	194	38	198	32	108	63	224	174	182	245	38	187	26	92	207	207	
48	205	66	156	92	128	204	103	133	0	248	2	42	136	52	64	104	227	6	193	72	171	2	255	176	172	154	8	117	24	240	136	
203	240	148	187	43	217	184	157	239	113	5	253	252	222	78	230	135	115	251	81	199	69	222	241	206	81	31	255	30	6	139	159	
130	185	22	153	221	133	184	237	158	17	64	18	172	154	48	65	236	59	19	81	114	191	16	255	173	16	158	106	16	8	161	136	
58	17	118	254	187	221	92	97	189	206	245	189	47	222	38	61	238	187	151	129	252	143	114	220	243	217	90	187	82	4	166	87	
32	245	121	97	240	205	113	255	55	61	124	12	20	151	72	48	29	26	83	88	211	58	120	87	111	157	53	236	80	136	198	251	
34	217	34	137	215	135	190	229	12	73	88	163	44	156	52	0	220	59	147	229	210	186	16	253	45	16	142	226	85	14	181	219	
207	83	109	205	166	26	255	185	29	106	87	230	221	31	187	105	118	84	63	111	225	148	45	220	230	43	239	132	62	187	209	113	
60	5	106	110	84	162	107	112	69	128	255	2	91	235	185	112	120	168	6	234	200	179	36	142	242	237	161	128	119	171	114	160	
32	201	66	158	92	129	142	230	132	0	248	2	32	136	53	64	72	226	23	195	72	43	2	189	48	40	138	24	85	25	112	136	
131	217	21	157	124	157	172	255	207	121	80	110	188	152	188	228	207	3	22	13	231	56	127	223	36	126	186	190	92	156	217	141	
15	155	98	89	243	150	175	243	61	204	126	231	8	226	182	196	126	107	151	222	209	154	36	230	44	62	174	194	79	164	249	245	
2	249	59	145	228	205	168	134	174	89	82	71	180	158	117	73	238	59	59	81	134	248	82	241	5	16	186	200	140	25	149	187	
120	157	96	237	93	214	82	57	65	172	255	35	107	89	23	208	120	180	181	177	138	50	225	157	95	237	161	209	119	142	124	3	
54	153	175	213	196	102	245	222	23	253	222	55	80	61	187	79	125	222	55	211	153	242	123	224	95	50	246	134	139	121	244	251	
130	76	22	159	15	231	184	226	140	18	194	2	236	126	33	75	233	113	251	131	96	133	19	253	129	178	218	19	16	121	53	138	
94	177	146	160	179	68	60	135	43	169	138	163	205	190	72	82	247	215	253	145	26	9	145	192	185	245	142	223	128	38	165	19	
34	201	0	156	92	129	132	230	134	0	216	2	32	136	48	64	72	42	2	193	66	43	2	189	48	36	154	136	85	24	176	136	
50	201	74	156	92	128	140	231	132	1	216	2	33	138	48	64	72	171	23	193	74	43	2	253	48	101	186	136	21	24	240	136	
3	148	27	155	241	173	185	67	126	25	89	84	188	210	44	108	181	27	18	17	179	156	50	215	13	62	26	66	152	0	161	167	
161	20	127	92	240	34	173	127	29	202	117	112	80	247	173	125	95	122	23	42	177	215	35	78	96	190	114	128	208	241	227	241	
39	84	62	252	232	167	95	94	21	74	213	185	84	255	171	105	223	123	23	43	168	242	104	30	242	63	121	140	148	249	176	243	
3	134	19	155	53	188	56	3	62	9	83	81	172	202	40	200	199	43	130	21	55	156	2	215	12	54	26	194	152	12	161	133	
73	57	177	85	111	68	189	23	123	250	124	100	188	191	214	127	166	63	55	8	193	120	179	192	87	216	114	170	74	196	135	255	
155	195	76	191	12	151	236	190	22	81	214	199	225	106	186	193	124	203	63	205	206	152	87	253	244	43	254	128	61	156	184	92	
107	81	99	72	117	214	234	84	205	200	252	102	8	156	252	228	126	252	150	251	207	163	180	228	59	124	130	206	111	143	248	189	
131	181	113	75	245	219	170	101	95	65	121	98	168	88	180	165	254	43	150	121	183	184	108	221	46	88	11	98	223	142	217	165	
130	208	187	152	228	204	185	199	190	95	112	81	180	158	100	73	167	59	51	17	22	124	50	113	13	48	126	234	144	16	167	219	
130	184	146	153	241	165	184	199	190	27	80	48	172	158	96	72	165	59	179	17	50	156	18	243	13	22	26	234	144	0	161	139	
2	237	226	217	212	147	172	71	86	1	122	18	40	136	52	0	120	43	19	145	226	186	37	239	36	12	158	128	85	8	241	136	
139	57	177	69	103	31	249	87	107	251	116	124	188	191	212	191	166	63	23	13	145	122	242	192	7	88	118	170	74	196	67	253	
99	216	246	212	117	150	248	39	249	201	82	35	40	60	148	112	230	247	191	129	132	249	163	237	62	62	222	130	135	4	113	95	
35	81	211	76	125	151	234	93	79	193	116	70	8	220	180	164	254	184	178	216	149	186	54	192	30	60	130	74	95	174	120	149	
163	173	69	11	221	159	162	237	94	97	209	70	168	24	182	165	248	11	146	117	183	186	93	255	60	92	143	70	221	14	249	140	
206	245	97	209	203	241	172	185	175	244	27	198	205	206	92	231	39	115	251	151	215	65	190	213	15	80	139	255	7	135	133	116	
60	5	110	110	84	2	111	112	197	128	255	2	83	233	177	112	120	236	6	234	216	179	36	12	114	239	161	0	119	250	112	160	
130	136	146	155	101	173	184	198	190	25	80	16	172	154	48	72	199	43	51	17	2	188	2	241	13	18	26	202	144	8	33	137	
60	69	110	236	84	178	110	112	5	128	255	2	91	233	184	80	120	236	23	234	216	179	36	142	114	239	160	128	55	171	112	128	
216	89	127	108	6	70	119	117	224	66	230	2	127	255	32	115	50	247	121	226	97	191	177	77	243	235	98	2	109	50	231	123	
35	241	113	81	241	205	173	247	207	61	124	24	152	151	236	36	143	26	83	24	243	58	56	215	45	28	23	110	83	136	199	253	
47	104	225	209	116	187	232	146	95	225	114	206	155	92	221	172	95	204	54	92	167	244	229	194	14	95	181	164	207	220	82	245	
163	139	46	170	221	151	186	237	220	69	212	135	236	200	54	65	216	131	155	245	246	43	85	255	252	49	138	219	29	14	185	222	
45	44	225	71	84	59	235	214	87	227	255	90	219	33	221	180	91	238	22	186	153	178	109	170	46	222	161	176	247	235	82	164	
39	133	226	136	220	51	238	251	87	65	221	199	72	232	190	164	121	202	22	189	159	187	111	223	62	44	135	204	255	238	248	212	
200	72	254	125	224	14	125	159	122	154	118	0	159	27	145	122	167	85	119	40	224	252	163	66	196	191	119	132	64	176	99	171	
2	205	2	142	148	131	142	230	6	0	88	2	96	232	48	64	89	106	19	193	82	168	8	191	40	36	158	200	20	90	176	136	
34	175	96	155	85	249	174	238	30	69	88	131	168	232	55	0	121	106	131	71	70	186	78	253	45	22	155	97	85	95	93	206	
2	9	130	159	92	129	170	200	22	0	209	2	96	234	57	64	120	234	59	195	2	179	75	251	52	36	138	136	148	11	48	136	
218	25	254	252	162	194	60	119	60	226	86	179	189	31	161	89	230	55	191	128	224	221	1	206	214	227	126	131	20	128	165	27	
39	11	226	15	245	157	190	97	94	192	121	7	232	232	55	160	250	43	18	69	150	186	78	253	38	30	11	43	221	47	123	140	
2	205	6	152	148	131	168	103	148	1	90	2	96	202	49	65	88	42	19	177	34	187	0	223	40	38	142	192	148	24	176	136	
42	17	243	204	69	71	107	85	13	73	117	8	24	183	36	124	92	184	19	72	17	186	112	204	23	60	144	74	211	142	102	248	
123	50	224	132	127	19	152	121	203	236	180	239	41	76	247	135	126	177	151	181	140	103	100	204	30	89	235	191	119	172	29	213	
218	25	252	245	98	214	61	55	63	234	118	51	188	31	198	123	230	63	191	128	80	220	113	200	215	243	254	131	4	64	165	123	
34	170	162	154	85	161	186	77	30	15	89	135	172	204	126	0	253	43	131	5	150	190	142	243	28	20	155	171	213	14	183	207	
44	153	251	234	117	77	115	208	5	77	245	11	122	157	58	92	248	216	23	218	24	186	121	224	95	188	240	193	243	139	118	251	
60	219	254	170	229	95	210	192	237	93	245	43	95	156	43	88	204	221	151	83	14	179	40	161	211	245	226	199	209	59	124	195	
126	155	215	164	184	91	82	250	15	109	184	237	78	60	166	148	206	213	198	113	156	187	73	190	186	215	101	215	211	172	110	95	
2	162	186	214	119	253	179	67	187	79	125	19	44	204	102	44	185	59	130	1	22	191	162	227	83	21	26	43	67	76	143	239	
82	79	79	158	74	192	61	102	165	140	210	163	45	231	169	83	110	243	239	192	104	139	166	237	176	32	254	139	53	148	37	107	
34	217	178	142	95	197	186	198	14	9	216	35	44	254	96	64	252	187	147	193	2	11	146	251	49	52	138	171	145	30	37	155	
37	165	113	81	212	207	233	255	127	181	109	16	144	209	212	52	89	26	2	24	211	248	120	86	109	156	5	100	195	136	198	160	
24	34	120	105	21	251	120	19	71	44	86	2	43	153	215	192	32	168	157	136	142	176	229	157	71	205	161	177	55	140	92	3	
62	91	254	230	77	212	250	208	199	188	190	3	107	221	127	178	236	213	183	195	206	51	58	249	219	201	135	167	115	190	124	203	
124	189	116	238	93	212	82	249	65	140	253	39	107	89	22	146	232	213	213	163	200	43	233	141	123	253	165	203	107	174	124	219	
120	154	248	228	53	219	82	210	71	173	182	39	43	29	230	192	232	212	165	80	142	187	65	159	218	237	161	215	115	140	124	91	
10	126	218	213	50	155	62	23	61	170	94	230	173	135	131	196	38	63	159	128	197	156	4	238	166	87	190	131	46	148	137	29	
122	249	98	228	77	85	254	112	193	172	190	2	107	221	87	162	104	181	253	235	204	35	176	141	115	205	161	165	103	190	124	98	
60	69	106	110	84	130	79	112	85	128	255	2	115	235	177	112	120	168	6	234	136	179	36	14	114	239	161	128	119	171	112	160	
66	9	30	140	123	219	184	103	137	165	190	10	12	58	38	148	166	53	202	1	20	171	17	221	152	22	26	83	88	12	139	15	
2	237	210	158	116	137	254	199	63	9	120	0	172	234	32	64	250	43	23	0	2	186	130	255	36	52	158	168	148	90	227	137	
130	168	150	155	101	165	184	198	158	27	80	16	172	218	113	73	199	43	51	17	2	188	2	241	5	16	90	138	16	8	33	139	
31	86	102	228	98	18	255	117	173	230	255	167	73	79	190	36	126	181	151	175	205	151	37	204	114	95	239	133	103	182	101	245	
30	212	114	230	38	59	250	240	109	32	255	34	93	219	188	100	54	253	63	238	192	177	44	220	210	237	43	134	119	191	97	129	
89	1	104	76	21	214	219	59	96	196	158	2	89	95	150	116	58	180	221	172	216	131	117	221	115	237	163	153	119	166	118	98	
60	69	74	236	84	163	74	112	21	128	255	2	91	203	49	80	120	168	23	234	8	179	0	142	242	237	160	128	119	171	112	128	
11	15	98	95	227	240	168	102	189	196	92	230	40	238	183	172	110	107	146	197	149	186	38	238	6	62	154	139	223	213	45	220	
30	86	122	228	98	91	191	244	45	226	95	167	93	95	191	228	54	149	183	163	193	177	45	202	242	239	175	135	103	254	37	115	
210	153	95	254	10	192	31	109	188	4	224	163	109	247	32	81	254	179	175	226	120	11	162	125	241	163	234	219	49	2	167	122	
210	75	79	190	58	192	61	102	165	140	208	163	45	239	167	82	110	243	143	192	104	139	38	239	176	230	254	139	37	148	37	105	
2	217	146	154	51	229	62	239	142	9	88	34	172	246	40	64	247	59	179	128	66	24	10	245	9	54	30	203	16	82	165	155	
45	90	227	205	102	18	239	241	120	98	118	230	89	15	181	100	126	236	55	238	193	180	173	202	118	47	175	132	47	191	240	241	
159	59	96	137	238	145	188	216	143	116	212	231	9	206	223	142	111	137	223	221	182	50	111	210	62	89	143	239	247	252	57	197	
130	177	118	154	79	241	186	192	143	85	82	183	44	222	110	66	234	59	251	211	22	17	190	243	23	48	139	207	53	13	37	215	
36	90	239	188	236	71	213	247	85	223	252	253	146	61	163	43	205	254	167	37	221	254	99	132	118	51	245	135	221	120	244	211	
67	89	230	93	35	212	124	23	191	77	86	165	40	158	183	124	166	63	255	197	198	153	183	241	55	126	158	131	6	148	165	127	
130	144	178	153	117	229	176	67	158	95	64	23	172	158	98	72	205	59	147	17	18	156	18	211	13	22	154	107	144	12	165	219	
65	150	127	125	48	174	107	55	124	75	123	244	253	35	176	112	183	39	44	12	179	156	37	79	236	190	50	192	136	128	161	57	
187	222	99	130	101	214	126	244	113	74	86	231	89	28	190	245	126	236	151	239	253	158	36	236	54	123	238	195	47	150	250	213	
203	109	236	253	79	188	252	7	239	170	94	18	189	184	87	98	167	119	123	141	134	252	183	251	103	125	186	161	5	244	89	204	
1	138	87	177	36	168	104	19	108	89	114	244	157	131	176	105	34	41	46	28	19	156	7	245	196	152	250	192	44	129	161	161	
35	175	66	11	215	187	170	199	78	97	124	230	40	168	182	164	254	42	146	189	151	186	4	255	62	28	138	226	223	78	249	141	
151	14	66	150	86	178	106	114	52	194	211	215	89	234	179	193	118	237	23	255	165	221	12	238	48	47	171	192	45	167	57	148	
23	216	183	211	211	222	168	177	111	249	83	118	72	126	220	238	237	223	190	209	215	252	187	225	31	122	255	198	235	38	161	253	
218	131	127	233	146	210	127	101	37	4	214	163	105	111	162	65	126	179	191	226	120	155	37	221	243	227	234	193	55	130	164	123	
161	197	117	81	85	223	229	255	95	113	114	82	219	92	156	165	89	26	18	104	243	184	125	215	45	30	21	68	87	136	208	236	
34	241	123	80	209	205	177	119	191	125	61	24	48	215	78	52	45	26	83	24	211	58	50	215	127	28	21	110	67	128	198	251	
27	89	226	157	163	208	126	214	191	204	86	167	44	150	167	236	230	123	191	222	199	153	38	233	178	116	158	131	54	181	45	127	
151	107	102	139	238	179	186	220	15	53	213	247	73	142	255	140	110	139	183	223	150	243	47	241	22	88	139	199	183	151	189	197	
86	94	102	222	62	178	218	242	253	196	222	231	104	108	183	68	102	225	159	231	172	169	45	255	50	126	138	195	191	247	124	87	
35	221	114	223	119	247	186	247	93	73	92	39	40	222	182	36	254	59	147	133	230	186	50	255	55	62	154	130	87	92	245	223	
88	204	28	188	13	197	212	230	134	18	128	0	183	250	32	75	201	179	121	129	74	47	83	181	209	243	218	27	16	88	53	10	
28	156	51	169	147	231	51	250	22	5	74	35	93	247	40	64	247	25	27	177	51	153	25	63	249	228	43	68	177	67	37	242	
178	201	14	188	28	128	140	230	148	0	208	18	49	138	48	65	72	170	31	193	106	47	2	191	176	225	186	152	21	24	240	136	
94	225	146	160	147	70	94	197	41	161	138	11	15	190	104	80	246	157	153	241	90	155	144	192	185	245	143	111	160	6	167	18	
3	150	19	155	49	173	185	71	126	9	75	84	172	178	40	228	247	27	18	21	179	156	18	215	13	54	26	66	152	4	161	175	
131	173	14	139	221	159	178	109	92	97	211	71	232	24	182	161	248	11	218	117	183	187	93	255	62	89	15	67	93	14	249	140	
167	162	224	26	207	49	186	200	91	7	117	191	72	200	126	8	219	201	131	215	150	54	206	243	30	30	139	239	213	111	254	198	
130	152	154	155	237	165	184	199	158	27	80	48	172	158	96	72	229	59	19	17	18	28	2	243	13	22	26	234	144	72	161	139	
60	69	106	236	212	146	111	112	69	128	255	2	91	233	185	64	120	236	23	234	232	179	37	142	114	237	160	128	119	187	112	128	
60	5	66	236	84	131	74	112	21	128	253	2	67	203	53	80	120	168	23	234	8	179	16	142	243	237	129	0	55	187	112	128	
130	136	146	155	109	165	184	199	158	27	80	18	172	218	33	72	231	43	19	17	2	188	2	241	5	16	26	138	144	72	33	137	
151	94	70	151	2	178	174	112	188	226	211	247	77	206	183	207	119	101	255	167	229	213	13	206	180	98	239	132	47	247	57	85	
146	94	78	191	10	128	63	254	180	6	214	231	169	231	163	83	110	251	239	196	234	207	199	233	244	225	250	137	53	149	37	217	
34	251	162	138	93	197	178	207	142	77	216	47	40	204	126	0	217	139	131	193	86	43	218	241	63	20	141	251	85	30	246	222	
166	234	226	154	79	225	186	200	30	7	81	187	44	204	126	8	251	107	131	199	150	118	142	243	23	20	155	171	85	93	183	214	
40	217	254	189	228	111	189	246	21	255	94	165	150	61	163	107	207	127	183	1	136	250	99	40	78	51	116	133	212	248	20	251	
226	215	108	190	104	128	237	254	141	4	220	231	173	207	190	65	110	227	175	197	234	15	70	255	246	115	186	137	21	148	53	217	
2	205	2	158	148	128	142	229	6	1	89	2	96	226	40	64	89	106	2	194	82	136	8	255	40	38	142	192	20	90	176	8	
39	164	224	138	220	51	202	234	87	227	249	159	64	236	247	32	89	200	23	181	190	59	111	223	62	14	135	236	213	239	120	196	
47	104	227	85	212	187	234	214	87	225	246	74	75	72	223	172	121	236	22	221	173	246	101	254	62	94	149	176	239	221	90	196	
90	94	210	181	50	160	60	7	173	131	90	163	173	190	36	64	231	63	191	129	0	152	128	206	164	247	190	130	164	212	165	89	
130	69	6	153	20	131	172	103	148	1	218	18	32	170	48	65	120	46	59	161	96	157	1	223	40	38	158	192	20	8	176	136	
171	50	100	132	110	59	184	91	9	236	148	255	136	12	214	135	110	161	215	165	132	110	102	204	22	88	219	191	71	140	31	221	
2	253	18	138	116	129	186	207	30	9	120	32	172	218	32	64	223	43	19	16	82	58	10	247	44	20	14	234	20	10	227	137	
187	195	108	191	4	151	236	191	86	113	214	215	97	104	186	193	121	206	63	205	239	154	95	181	244	107	254	132	61	156	184	28	
35	159	42	168	149	149	156	231	14	69	92	135	172	136	54	64	200	43	147	197	214	168	20	253	104	85	142	195	29	12	185	222	
23	4	71	149	214	178	238	242	180	194	91	215	93	234	185	233	119	229	31	175	181	213	13	206	52	46	255	196	173	247	57	213	
70	189	165	209	237	244	173	155	175	252	158	102	168	158	213	103	237	247	127	145	211	73	243	240	61	88	175	238	139	101	245	247	
178	139	111	239	166	194	95	117	5	12	214	163	105	111	186	65	126	179	175	230	248	159	101	253	243	227	234	193	53	138	244	122	
46	73	243	200	127	201	67	212	143	8	252	106	26	213	229	180	90	248	215	90	67	50	98	240	119	188	32	234	119	191	102	227	
216	74	255	255	34	66	63	148	176	6	246	163	125	47	1	91	110	245	237	226	104	197	161	105	243	227	234	129	37	241	39	107	
123	155	55	164	113	223	144	99	139	236	186	237	46	30	166	150	238	181	229	5	141	187	96	221	154	245	1	247	87	174	14	93	
35	79	98	78	213	149	222	111	81	68	252	143	43	200	183	228	94	234	151	239	222	58	100	255	54	124	128	43	119	159	248	204	
53	64	107	206	84	2	75	120	69	64	247	66	115	193	177	100	120	172	23	238	201	179	44	140	114	232	161	128	119	171	112	240	
2	148	186	153	243	225	176	67	30	79	80	51	172	158	34	72	231	59	147	17	50	156	2	215	13	22	26	203	144	76	165	211	
43	95	98	203	245	150	238	119	85	200	92	230	41	120	182	228	126	234	151	223	221	186	100	238	46	125	164	192	191	158	248	221	
59	221	99	198	117	214	110	244	81	192	92	70	123	92	180	244	124	232	151	239	205	186	60	238	63	93	133	128	47	190	120	252	
122	185	122	236	125	82	82	121	1	236	188	167	107	93	166	148	222	148	221	33	204	43	241	159	250	253	129	159	127	174	124	223	
163	173	117	75	213	223	170	77	95	65	249	66	168	88	188	165	248	171	150	241	183	184	125	253	46	89	142	99	221	14	249	132	
31	73	235	197	118	18	239	81	105	224	127	198	89	207	183	100	126	108	23	238	193	176	44	200	118	237	175	132	47	179	113	245	
189	77	106	206	84	130	239	112	84	192	247	2	81	201	181	96	120	236	23	234	232	183	36	206	114	175	163	128	119	187	112	160	
124	219	122	230	124	68	215	240	193	204	188	35	123	221	247	32	222	177	31	98	204	35	168	173	123	221	165	153	103	170	124	203	
3	3	98	142	243	144	184	101	205	197	92	231	168	238	182	228	126	43	146	149	151	154	38	237	62	52	158	203	159	134	185	220	
188	13	106	110	84	131	79	112	84	128	255	2	115	233	177	64	120	232	6	234	232	179	60	46	114	175	161	0	119	171	112	160	
67	45	42	144	249	205	189	230	173	237	28	137	172	173	22	71	134	103	91	93	208	73	182	236	111	28	30	251	134	196	151	237	
130	184	146	155	179	133	176	199	62	27	80	16	172	154	96	72	245	59	34	16	34	156	26	247	13	22	30	106	144	0	161	139	
2	222	162	158	114	160	188	71	173	79	90	167	172	174	38	64	166	59	191	133	134	153	2	237	164	118	158	138	140	76	181	219	
10	30	178	190	115	224	188	87	173	77	90	167	172	174	38	64	166	59	159	21	134	153	2	235	178	117	158	139	132	68	181	219	
54	110	234	184	90	225	155	198	150	133	216	163	49	206	227	72	91	185	147	145	14	143	6	186	120	7	191	233	181	89	52	218	
139	56	177	213	101	157	184	119	121	121	112	116	188	156	212	167	166	59	151	13	181	252	242	192	15	88	114	234	78	132	67	253	
74	147	54	140	117	223	177	103	137	109	62	15	174	140	38	69	162	39	238	1	21	171	176	197	21	112	90	91	74	12	143	95	
37	165	37	83	149	223	228	255	86	113	219	86	211	88	220	165	217	138	50	157	255	184	127	181	45	90	151	68	93	12	216	164	
34	205	98	142	85	209	202	206	15	69	216	139	42	204	126	0	248	235	147	197	78	43	60	255	55	20	138	171	85	30	116	222	
130	184	154	155	241	165	184	199	62	27	80	16	172	158	96	72	229	59	147	17	50	156	26	243	13	22	26	202	144	0	161	139	
10	30	250	245	114	224	56	23	175	171	126	161	189	191	33	80	231	63	183	144	128	156	128	202	230	247	62	131	166	196	165	155	
126	221	115	202	117	208	199	244	193	204	252	42	26	221	181	228	90	248	151	122	201	171	252	238	51	252	164	186	119	191	116	125	
188	77	106	110	84	130	207	112	212	128	255	2	83	225	176	112	120	228	6	234	232	179	36	14	114	237	161	0	119	187	112	160	
136	120	242	197	244	174	125	87	123	139	118	48	63	147	193	60	39	62	54	24	161	188	161	202	118	255	54	132	230	192	67	169	
166	217	118	250	105	205	122	244	173	72	112	47	108	223	44	16	238	185	215	195	210	63	2	245	55	120	138	203	23	151	167	215	
35	201	112	78	93	157	218	73	207	8	252	10	40	216	118	180	216	170	146	206	199	43	246	249	54	28	128	59	95	15	122	140	
227	155	14	170	221	135	190	237	158	68	214	135	228	200	50	65	252	131	187	101	246	43	95	255	252	51	138	223	29	14	185	222	
86	81	50	186	235	213	188	196	175	92	208	39	12	222	47	73	246	185	151	227	214	27	58	245	179	80	218	235	21	23	167	215	
44	91	62	170	232	141	95	208	143	140	252	41	255	205	99	18	206	249	167	83	204	163	106	176	251	209	44	217	80	187	38	219	
34	221	50	138	119	133	186	231	31	9	88	34	44	222	36	64	254	59	151	129	210	58	0	255	49	60	154	234	20	30	163	139	
55	104	226	152	220	51	202	220	87	229	244	159	72	200	183	44	121	204	23	253	175	242	109	254	30	14	151	228	255	173	120	212	
62	153	244	172	59	91	26	250	139	112	188	173	15	190	38	150	206	213	215	97	221	43	94	221	186	245	13	191	94	174	10	223	
210	203	15	190	10	66	31	109	180	14	192	163	229	231	34	81	254	245	173	230	104	15	226	61	241	227	234	153	20	50	165	107	
2	217	146	154	186	133	190	239	142	9	88	32	172	246	104	64	215	59	147	144	18	26	10	245	44	20	30	234	144	22	161	155	
43	15	98	223	247	146	255	231	85	68	92	135	40	236	183	228	126	234	147	205	246	186	100	255	38	127	146	137	183	158	254	220	
210	78	127	252	42	192	189	102	185	134	242	227	45	239	165	83	110	243	239	193	104	207	166	236	242	227	254	137	37	240	39	105	
22	143	110	168	146	194	155	233	132	5	217	163	81	238	170	64	126	147	29	227	94	139	13	29	248	165	171	205	53	3	165	83	
63	26	119	198	103	119	123	120	109	236	87	230	105	94	191	244	126	177	151	239	141	147	61	221	19	95	235	130	63	167	116	125	
199	249	183	211	236	148	175	251	239	249	211	118	100	222	220	230	237	95	126	211	215	125	175	225	28	58	223	198	201	1	161	245	
0	148	27	249	147	231	177	107	62	65	75	50	156	247	40	96	243	27	19	144	19	152	17	87	77	166	26	70	152	64	165	178	
2	181	16	139	242	129	190	207	30	1	88	160	172	198	104	64	215	27	19	144	18	24	74	247	44	20	15	234	148	2	129	137	
34	255	32	138	253	201	178	231	78	109	88	175	168	220	126	0	221	43	131	81	214	58	200	247	62	20	141	239	85	14	214	223	
11	185	58	149	99	221	177	103	172	205	86	163	188	159	118	99	166	59	251	5	212	217	162	193	87	25	90	163	6	4	189	219	
35	133	98	72	245	159	222	239	95	77	124	11	42	232	190	52	217	170	150	109	222	186	44	255	54	92	132	43	87	158	218	206	
34	189	112	216	246	133	186	239	31	9	120	50	44	222	124	0	223	27	147	145	242	58	74	247	46	28	158	238	213	12	227	155	
58	221	113	76	119	219	203	248	81	72	124	234	107	93	180	164	126	248	150	106	203	186	100	255	62	253	161	202	119	175	116	253	
2	173	80	155	246	129	190	239	30	1	120	18	172	202	40	64	255	43	19	17	114	184	10	255	44	20	30	234	20	8	161	137	
8	149	17	233	147	227	57	107	6	1	74	178	157	55	40	100	115	27	147	176	19	152	113	215	109	134	186	196	182	0	165	178	
43	137	98	205	213	151	255	237	95	69	124	134	40	232	190	228	88	170	147	205	214	186	124	253	46	125	134	195	87	142	248	204	
57	154	115	76	118	210	203	120	81	76	116	226	59	29	181	228	126	184	151	104	139	186	100	159	118	252	161	132	119	172	116	249	
134	4	134	156	140	34	168	98	148	146	211	18	64	234	57	75	105	36	59	163	32	213	1	200	0	34	218	132	132	105	48	128	
42	171	234	136	211	209	187	69	23	5	124	167	41	142	246	4	126	187	131	145	22	154	36	221	126	5	138	235	247	134	174	223	
2	141	118	223	116	161	188	103	222	1	88	146	172	238	52	64	239	43	19	129	242	184	6	255	36	30	154	192	21	72	241	137	
45	172	133	201	189	63	74	154	71	57	188	72	147	1	209	175	73	192	94	120	187	98	89	148	143	216	161	116	218	233	80	32	
63	19	99	204	71	86	251	89	77	236	215	166	72	158	183	228	126	181	151	239	133	147	52	200	19	125	139	131	63	167	116	117	
10	186	243	218	115	240	185	215	191	77	124	162	60	223	166	172	183	59	151	145	147	152	34	227	79	28	58	203	198	196	167	255	
0	141	6	157	20	131	164	103	20	1	90	18	40	42	32	65	104	42	42	0	96	184	1	255	36	38	214	0	21	8	176	136	
2	157	162	158	50	160	184	7	173	65	90	167	172	174	34	64	230	59	191	133	146	153	2	237	164	52	158	138	132	70	161	89	
10	159	178	190	114	160	58	87	173	77	90	167	172	255	34	64	166	59	151	145	146	153	2	239	182	245	186	202	166	198	165	219	
104	45	179	76	85	228	107	214	67	1	108	0	48	179	53	116	88	234	18	216	11	26	242	233	87	188	144	40	147	211	98	170	
2	135	41	169	180	225	185	99	14	13	88	163	164	175	50	64	205	27	19	149	18	24	96	215	109	5	186	233	148	72	181	226	
8	60	210	197	118	154	121	87	61	129	126	34	45	171	164	84	39	191	134	152	2	184	160	206	126	254	22	130	231	192	227	169	
163	40	226	213	100	155	232	87	127	227	118	214	40	136	246	172	122	168	22	29	135	252	101	202	14	28	146	128	79	140	88	204	
35	44	226	81	84	155	224	87	95	225	118	10	42	136	183	44	123	172	22	25	167	254	100	222	30	30	149	128	231	236	90	236	
128	144	155	155	176	165	179	199	62	11	81	16	244	218	40	72	245	59	2	16	50	156	26	119	77	22	58	202	144	1	161	139	
39	236	226	152	220	179	130	206	86	225	88	27	64	232	183	32	89	232	19	53	166	62	44	191	60	14	159	236	213	125	112	196	
166	232	224	152	207	209	156	206	27	118	208	171	8	140	119	9	235	217	243	211	2	126	238	241	31	16	223	239	213	61	119	222	
134	141	2	154	148	161	142	234	22	1	89	2	96	234	56	64	89	106	19	243	114	138	10	191	40	6	143	236	148	75	176	136	
80	106	142	191	10	38	89	84	164	134	198	133	229	103	3	90	110	245	109	198	8	213	195	106	212	167	250	129	32	243	38	90	
23	133	103	133	198	50	239	251	100	224	218	198	89	38	188	230	118	199	126	237	149	153	37	204	60	46	239	132	173	230	177	245	
188	77	106	126	92	130	70	112	213	130	253	2	115	233	177	81	120	228	6	234	232	167	8	14	114	235	225	8	119	251	112	128	
39	165	8	9	221	191	178	203	94	105	249	78	138	216	126	160	216	11	218	117	191	187	93	221	62	29	143	119	217	78	251	132	
130	152	155	155	116	165	187	198	30	27	81	80	180	218	104	72	245	59	19	17	50	156	10	115	77	22	58	234	144	1	161	139	
250	120	211	84	71	120	112	68	121	194	246	42	110	149	229	188	50	244	182	74	1	247	178	234	23	254	84	10	107	245	102	175	
162	249	96	152	207	193	180	206	27	118	80	171	44	220	119	9	233	91	179	209	66	111	218	241	61	16	223	239	213	93	183	218	
90	74	202	189	10	128	109	94	36	134	214	231	233	199	179	88	110	251	175	196	200	158	199	107	212	167	254	137	37	242	36	120	
37	181	37	3	253	255	224	201	78	249	249	92	210	88	92	168	217	10	90	61	183	250	95	150	15	93	7	118	201	15	218	132	
87	5	231	133	134	50	239	179	236	226	219	198	93	46	189	230	119	199	126	175	133	145	61	206	176	46	203	132	173	247	177	116	
130	184	146	155	241	165	50	198	62	11	80	16	172	210	104	64	245	59	2	16	50	156	10	247	13	22	26	226	144	1	161	139	
188	76	110	94	84	199	207	112	212	130	237	2	115	233	49	97	88	232	2	234	104	183	60	63	115	175	128	0	119	187	116	160	
4	55	241	195	246	106	49	88	59	189	125	50	28	183	205	62	55	94	7	56	18	216	169	194	78	156	35	230	166	195	71	163	
188	5	66	236	212	163	78	114	149	128	254	2	83	235	49	80	120	236	23	234	104	179	0	142	242	239	161	128	119	251	112	128	
210	202	110	189	44	6	93	181	140	22	214	151	229	107	50	67	238	229	61	231	236	133	83	253	242	227	234	145	61	184	185	91	
128	200	146	155	116	165	186	198	30	25	80	16	172	218	32	72	247	43	51	80	18	156	10	247	5	54	26	10	144	89	161	137	
66	74	234	190	106	128	189	118	173	142	220	231	173	175	179	74	238	243	175	197	200	143	198	234	212	183	250	137	37	210	37	121	
188	76	106	254	85	199	74	112	85	130	237	2	115	201	49	64	120	168	19	234	104	183	16	142	115	239	129	1	119	187	112	130	
163	214	44	190	108	133	252	255	221	83	212	87	173	136	62	67	206	131	63	141	231	15	82	213	246	123	218	186	28	156	153	157	
163	149	108	186	189	157	216	121	95	113	157	95	223	72	62	1	159	139	23	189	255	42	95	215	238	89	155	252	95	142	217	148	
39	165	108	169	213	191	250	203	95	97	249	70	138	88	62	161	248	139	150	245	191	186	93	221	46	89	143	103	221	14	248	132	
2	148	58	184	146	225	176	67	30	77	88	179	164	158	34	64	237	27	147	145	18	152	2	215	77	7	154	203	144	72	165	211	
128	176	159	145	48	173	177	82	62	25	82	80	180	146	96	72	165	27	51	16	19	220	3	85	77	22	58	194	128	0	33	171	
3	191	98	136	86	146	188	103	12	69	88	167	40	140	182	0	110	43	147	197	214	154	4	237	42	4	142	195	13	4	189	221	
2	141	2	140	20	160	170	230	4	0	90	2	32	170	48	64	72	42	19	193	2	136	0	253	32	36	138	192	20	8	48	8	
34	157	114	216	245	245	188	255	31	89	124	51	40	252	182	32	223	27	147	129	210	186	98	247	47	30	154	234	87	76	245	223	
71	24	167	135	172	54	168	16	237	202	155	100	220	126	149	238	196	101	124	143	149	129	231	192	128	62	235	146	140	103	49	85	
38	216	114	218	101	149	186	224	141	72	124	34	108	223	60	17	254	57	151	195	194	51	42	245	23	56	138	202	87	143	99	155	
50	34	96	128	102	115	248	71	9	229	212	191	9	12	150	12	110	137	151	165	156	58	100	192	22	88	154	163	39	140	188	213	
3	148	19	153	147	231	176	107	62	9	75	86	188	242	44	228	247	27	146	144	19	152	17	215	13	54	26	70	154	4	161	183	
2	150	250	153	87	241	176	67	30	71	88	179	172	172	38	72	171	59	131	145	22	188	38	215	14	22	26	203	213	76	189	215	
3	153	98	141	223	212	186	103	206	77	92	167	40	236	54	228	236	59	147	149	151	155	54	245	63	52	138	203	159	14	189	222	
47	53	113	67	249	253	216	217	91	249	57	120	154	92	221	188	159	27	214	48	159	114	121	214	15	221	5	246	207	79	206	245	
82	90	136	174	40	32	92	30	32	142	218	229	247	47	147	90	214	229	189	199	204	4	195	40	192	231	250	152	44	243	56	89	
39	53	113	67	253	249	200	201	123	249	57	120	158	92	221	188	159	27	214	56	151	114	121	214	15	220	11	246	207	71	203	181	
3	154	242	154	103	149	184	83	27	93	117	255	44	156	254	172	175	43	151	21	151	62	166	243	30	28	26	235	223	12	123	221	
6	140	132	151	132	34	172	135	60	19	82	18	200	42	0	75	99	71	51	144	48	216	9	226	12	38	222	192	132	112	177	8	
2	141	6	159	148	160	174	39	44	1	90	2	172	106	48	64	106	35	59	129	82	152	3	253	36	38	154	128	20	74	177	136	
2	141	114	168	114	160	58	119	173	65	88	135	173	238	36	64	246	187	151	149	146	154	2	255	190	116	154	202	180	198	161	217	
177	107	200	65	172	27	77	31	87	166	180	78	131	0	215	172	72	172	76	28	204	254	101	154	166	217	245	180	127	184	216	12	
2	172	82	207	114	160	122	87	61	1	126	130	44	175	36	84	126	187	151	144	18	152	0	239	62	188	146	192	167	194	163	137	
35	44	226	149	84	147	160	103	86	225	90	3	32	168	55	32	121	172	19	21	132	186	100	158	60	14	159	192	213	12	112	204	
6	140	0	154	148	163	142	234	22	2	88	2	96	234	48	64	89	106	19	179	50	42	10	191	40	6	143	236	148	123	176	128	
247	106	236	72	220	19	76	206	71	118	180	143	3	8	215	88	89	132	78	252	174	39	101	18	58	14	165	253	245	185	124	68	
2	201	34	136	148	129	142	103	4	0	88	2	32	136	48	64	72	43	19	193	210	168	0	253	32	36	138	192	21	8	176	136	
135	34	146	152	109	153	184	200	142	24	81	1	140	202	107	203	194	9	162	87	6	101	138	208	4	16	75	111	148	13	41	134	
131	203	98	156	86	145	188	103	20	68	80	135	40	140	182	1	110	43	147	197	247	138	36	253	32	8	142	192	29	12	185	220	
10	134	33	155	245	225	169	11	30	109	89	179	140	7	40	4	221	27	147	145	18	152	104	215	77	20	154	225	150	78	149	242	
131	147	110	140	210	145	188	103	132	69	216	167	40	44	182	65	110	43	131	133	246	171	36	221	34	32	142	195	93	12	185	221	
106	194	67	190	73	132	111	125	55	15	221	199	105	231	186	84	124	143	175	140	202	31	239	211	116	54	186	136	55	150	180	120	
133	181	119	67	182	219	160	105	126	249	115	114	218	92	140	165	59	30	198	48	247	248	45	212	12	90	39	199	229	10	197	165	
87	5	195	164	150	54	110	97	125	225	203	198	93	174	188	228	118	199	61	189	157	153	189	206	184	108	143	196	173	230	177	116	
162	233	224	159	205	217	188	231	31	231	112	171	168	172	86	1	201	59	179	129	66	122	230	249	45	16	222	171	85	92	215	218	
60	12	46	94	93	231	199	98	196	134	239	2	115	249	49	97	72	234	34	170	104	163	58	61	115	175	192	1	115	251	116	162	
134	34	18	153	109	133	184	72	158	25	81	19	140	202	106	201	247	9	163	21	6	116	10	208	4	16	91	239	144	13	41	135	
60	77	70	252	196	2	70	117	149	130	255	2	83	233	49	81	120	236	6	106	104	243	0	140	114	235	229	0	119	251	224	128	
2	249	146	153	237	133	188	206	158	27	80	18	172	218	104	73	255	123	51	81	66	122	2	241	45	16	94	234	144	88	161	139	
4	220	27	185	146	165	179	222	30	9	72	82	180	215	40	64	247	91	19	208	51	156	27	127	237	134	63	100	144	17	161	171	
162	235	232	151	236	201	188	231	26	246	80	171	160	140	87	9	203	251	243	213	66	126	238	241	63	16	223	171	85	92	215	222	
107	211	104	186	236	13	221	61	15	95	213	223	223	73	62	64	223	131	55	173	222	46	91	215	230	127	222	252	29	142	216	80	
56	0	66	236	12	11	64	88	5	128	242	10	3	137	61	80	120	132	76	160	8	163	65	140	146	233	160	28	103	170	114	128	
106	106	211	206	75	64	47	220	33	6	236	232	104	231	165	220	126	252	167	202	72	22	226	235	23	246	218	138	35	246	38	237	
147	169	14	185	189	219	180	237	220	120	211	114	199	216	188	161	232	33	222	119	247	253	125	157	172	91	47	87	93	12	217	135	
147	203	70	156	30	145	140	229	196	68	208	215	41	8	182	197	78	35	159	197	237	141	6	253	160	104	202	128	29	28	185	220	
87	129	235	197	150	2	239	245	228	192	222	66	89	226	188	100	126	230	126	237	217	153	173	206	184	44	175	196	165	178	241	100	
132	216	155	187	54	165	187	218	30	9	80	114	180	215	41	72	245	123	19	211	35	156	26	127	109	134	58	200	144	17	33	163	
60	5	70	236	212	163	110	127	21	130	250	2	67	235	57	65	120	238	23	226	120	179	1	140	242	239	230	128	119	251	240	128	
42	126	88	94	122	153	94	250	143	62	116	237	44	203	135	145	142	123	199	66	198	42	78	253	102	83	112	187	127	159	78	223	
51	191	34	168	215	245	154	199	15	77	216	167	44	158	54	64	236	187	151	213	159	11	54	253	186	84	138	235	157	14	189	223	
3	186	226	147	102	185	184	87	125	77	92	183	172	140	246	140	174	43	151	149	151	184	36	227	22	28	154	202	143	140	249	221	
77	27	200	172	96	36	90	26	50	203	94	197	247	163	211	90	214	239	61	205	141	18	193	42	214	165	170	136	172	243	56	89	
71	17	161	135	188	52	203	17	109	193	139	64	223	252	213	238	214	103	120	29	149	1	247	194	173	124	139	26	140	231	177	100	
189	4	106	100	20	50	75	88	69	224	255	26	91	9	189	100	120	140	21	170	168	183	37	142	210	233	161	132	103	174	112	96	
219	211	44	191	45	23	29	61	132	94	151	183	255	93	186	67	196	5	189	231	253	141	127	157	226	123	234	213	30	140	185	91	
112	0	98	232	12	3	64	88	69	160	179	10	11	137	52	80	120	132	78	160	136	163	65	200	146	204	128	20	103	170	112	0	
156	183	90	163	242	138	120	125	55	165	119	247	93	135	234	80	55	159	135	180	246	216	13	78	126	133	39	229	173	130	171	145	
210	203	30	188	42	194	29	37	164	30	130	163	45	15	34	67	226	117	237	193	108	205	2	109	241	227	126	147	32	48	165	75	
35	209	108	171	173	157	220	189	79	123	149	31	222	88	62	96	223	3	31	45	223	46	91	215	238	95	223	254	28	14	217	87	
34	247	119	67	251	219	189	125	31	125	49	250	76	28	236	165	191	27	215	49	243	125	40	213	61	88	63	246	87	12	135	229	
107	215	40	186	77	21	93	61	23	127	213	207	219	92	186	68	221	130	183	45	223	14	127	151	102	127	252	252	30	142	216	81	
227	123	242	94	77	157	244	101	249	142	116	15	104	216	55	61	184	105	162	79	228	119	178	232	55	56	84	43	75	124	234	142	
88	217	23	189	178	198	61	55	172	8	26	98	189	55	32	71	166	55	253	224	97	137	1	205	225	224	110	130	34	16	165	59	
170	254	122	185	114	155	186	252	25	100	112	255	45	14	182	145	62	153	151	231	230	190	4	255	118	65	42	161	127	156	47	217	
186	214	119	91	103	219	189	237	157	124	112	242	108	28	188	165	174	49	151	99	241	189	44	221	54	90	110	198	119	28	245	253	
91	151	86	76	51	182	122	51	237	73	126	230	110	98	174	245	54	39	254	44	149	169	53	253	58	127	66	194	111	132	171	21	
95	150	86	89	51	182	122	154	125	11	126	116	78	83	174	252	183	19	140	60	183	156	1	255	170	127	18	195	190	133	169	21	
219	151	86	76	103	190	254	115	233	72	127	70	108	106	158	247	166	167	254	238	245	169	181	237	54	121	64	194	111	134	235	93	
54	137	212	183	135	194	78	224	27	182	161	2	107	122	93	27	123	227	17	130	122	122	88	237	155	222	215	33	245	106	118	138	
146	76	6	156	12	130	172	230	148	2	210	2	33	10	49	65	72	96	63	195	104	141	2	255	160	226	218	128	21	24	48	8	
160	204	98	216	84	129	138	230	84	0	112	2	32	136	52	33	72	232	19	195	226	174	4	191	34	8	130	8	85	25	112	140	
86	30	170	182	130	34	58	18	176	198	219	183	93	239	51	74	103	245	189	135	172	197	143	234	208	231	235	129	172	247	45	81	
147	76	102	156	12	146	174	230	212	66	214	135	40	12	183	107	109	97	27	207	229	173	38	255	32	42	218	128	29	61	121	220	
183	76	103	158	12	178	174	226	212	194	212	199	40	76	183	239	109	96	50	207	229	165	38	239	2	42	218	128	95	125	121	252	
162	171	34	151	101	201	188	103	30	109	88	185	172	236	118	0	201	59	147	5	82	250	202	243	5	20	158	171	84	76	215	218	
38	139	83	216	235	209	62	235	31	9	244	186	8	230	164	244	95	187	167	162	95	26	238	215	30	54	139	239	23	133	174	164	
91	229	3	164	151	214	110	101	113	193	203	130	95	238	56	240	112	237	29	189	253	155	180	206	185	236	143	68	47	38	178	116	
188	4	98	108	84	51	66	120	85	130	253	10	67	201	189	53	120	168	23	106	168	167	36	142	82	233	161	24	119	235	112	0	
87	7	199	129	134	50	169	27	40	243	91	214	72	38	222	238	119	7	57	189	149	209	165	194	28	46	223	196	143	230	177	117	
2	157	146	153	237	133	188	239	30	27	88	34	172	186	97	65	239	59	51	1	66	120	2	211	45	22	30	174	16	88	161	139	
27	244	75	161	82	151	126	255	55	97	74	199	93	143	42	208	55	143	151	253	199	152	21	221	126	207	191	196	47	150	171	216	
36	13	190	222	157	231	231	99	196	141	253	2	112	249	53	96	200	114	42	136	24	171	42	175	115	175	130	25	209	107	244	162	
11	209	74	168	246	137	254	103	79	105	93	47	156	152	178	96	251	9	23	39	215	56	28	215	118	29	175	231	29	14	217	151	
188	5	98	236	4	34	66	91	85	162	253	26	67	9	189	80	120	172	4	170	168	183	0	142	242	233	160	20	103	232	114	128	
2	211	114	201	102	139	191	254	15	45	124	230	172	159	172	36	54	27	151	97	194	56	37	245	52	28	43	166	87	158	133	253	
25	4	238	229	196	50	237	87	112	227	126	18	89	43	180	105	123	134	23	168	185	244	37	138	118	239	242	132	167	248	240	224	
60	1	182	254	205	245	212	67	215	143	253	26	98	249	37	152	217	186	131	0	24	163	2	155	83	255	213	43	211	122	252	130	
47	27	124	13	106	153	190	112	143	76	125	239	109	236	167	144	14	57	135	71	135	48	78	253	102	93	33	171	127	175	75	213	
91	222	86	200	115	183	56	23	237	65	190	230	12	26	167	244	103	179	158	148	135	137	53	221	62	127	18	195	191	132	41	29	
91	86	234	172	38	112	222	214	77	72	94	231	108	188	191	224	246	253	183	67	205	48	164	211	242	117	170	139	63	254	61	95	
106	202	98	172	101	132	111	119	29	6	86	135	12	171	50	84	126	237	55	207	216	30	146	247	119	126	218	202	55	172	244	112	
60	129	102	236	212	2	110	253	197	128	254	2	91	235	48	64	120	230	55	234	216	187	1	172	122	239	166	192	119	186	240	136	
28	92	17	233	146	227	3	218	22	128	202	98	221	87	33	96	95	121	27	248	43	152	89	63	237	199	175	68	184	59	37	178	
211	197	99	164	22	130	107	244	117	192	218	198	91	198	188	244	118	237	20	255	237	155	44	239	184	236	175	196	45	134	177	124	
18	222	119	77	38	155	167	254	108	38	122	226	235	44	188	228	55	116	110	99	193	177	45	253	36	238	114	134	119	254	69	45	
226	139	83	92	107	208	62	235	27	10	244	250	40	246	164	244	222	185	162	194	83	30	230	243	55	54	202	171	19	164	174	181	
162	171	171	183	228	201	189	231	154	247	80	169	181	236	118	1	137	123	51	69	66	122	234	49	101	0	254	169	69	88	215	218	
254	69	112	228	135	98	222	200	89	134	184	11	107	109	61	16	248	241	133	227	104	38	24	202	179	217	143	63	119	127	118	66	
221	33	131	166	215	92	74	1	121	192	67	26	159	248	81	240	240	173	24	61	159	144	245	138	189	237	143	72	174	38	144	84	
113	200	10	180	4	132	78	51	196	66	206	15	243	185	50	96	201	228	56	143	205	55	211	49	241	47	197	24	24	186	248	16	
224	107	233	1	236	75	205	7	86	230	176	175	19	12	215	26	72	132	79	149	236	126	101	24	84	8	181	180	117	188	212	88	
161	171	232	87	36	27	77	55	81	172	191	156	163	40	214	35	8	174	78	14	220	248	229	0	6	24	244	176	100	200	218	76	
6	136	132	151	148	130	172	128	62	19	82	18	236	106	72	75	115	79	51	144	50	216	75	225	12	54	223	192	132	96	177	0	
221	25	155	172	214	60	90	25	122	192	75	207	63	190	115	250	246	239	153	85	149	146	149	170	255	109	10	8	172	231	57	80	
252	224	178	226	93	84	242	216	195	57	183	2	122	217	124	66	249	214	251	218	74	103	187	163	91	237	133	69	99	11	116	10	
22	13	6	158	12	34	174	96	132	130	219	2	104	234	49	74	104	101	59	163	0	129	10	232	128	38	203	128	20	107	48	0	
160	204	102	222	92	129	134	230	212	18	112	2	32	136	53	1	72	106	2	67	226	175	2	191	32	10	210	40	85	25	112	136	
223	13	162	166	146	50	126	1	180	199	219	151	93	238	243	74	119	231	189	183	188	211	172	202	184	101	175	204	173	103	177	85	
23	13	230	222	140	50	174	65	196	194	219	131	72	236	183	106	120	97	59	167	132	161	46	200	2	46	203	128	213	111	112	196	
160	76	102	94	92	177	194	226	213	2	124	2	32	201	181	33	72	234	19	75	226	174	46	191	50	10	208	40	87	217	114	140	
34	188	34	145	245	233	176	230	158	85	88	185	172	252	108	0	137	59	147	1	18	248	146	247	13	20	154	235	68	76	151	218	
34	157	114	152	251	241	184	230	31	1	124	163	40	190	38	176	207	187	130	209	22	58	70	247	30	22	155	235	221	5	47	158	
26	219	115	71	18	143	175	244	108	37	126	198	73	224	188	228	54	189	2	236	193	184	61	221	53	236	7	68	111	154	229	60	
61	237	35	190	213	214	110	101	241	201	203	2	83	255	48	240	248	172	22	185	93	155	56	174	187	239	175	65	32	2	242	226	
47	5	230	69	196	50	237	123	197	195	255	18	89	105	191	238	120	164	51	172	145	177	37	200	106	111	230	196	231	254	240	228	
2	157	144	157	109	167	184	103	30	27	88	18	172	186	96	64	239	59	51	129	82	88	2	251	13	22	30	138	16	72	161	139	
32	137	179	222	189	225	147	131	222	13	220	32	162	248	165	108	201	122	46	17	26	42	106	187	169	244	186	27	208	73	244	47	
11	221	114	160	246	203	190	115	79	97	94	231	28	152	182	100	62	171	23	3	215	186	4	255	116	28	47	235	63	142	185	135	
18	211	114	193	82	135	175	244	46	37	126	134	109	175	188	4	62	59	19	236	195	185	52	253	116	140	139	132	61	146	33	253	
60	133	230	227	212	50	110	247	117	99	126	18	27	41	144	109	123	206	21	186	184	248	37	224	126	239	246	192	167	216	240	40	
2	12	18	156	124	165	184	103	158	139	88	2	172	170	112	64	239	43	51	129	18	153	2	255	28	22	154	138	20	72	33	137	
44	27	186	124	237	209	148	71	214	13	252	121	34	249	100	136	200	58	167	16	26	43	66	179	91	247	37	251	210	120	254	131	
59	91	104	13	82	157	186	209	14	68	124	199	57	15	55	128	62	169	147	197	199	56	53	253	118	13	138	160	127	175	75	216	
43	155	99	220	99	148	190	247	157	76	94	231	40	142	182	244	230	57	179	204	213	154	52	247	22	124	154	202	23	140	181	253	
29	92	147	225	147	151	46	21	53	160	78	66	221	23	161	228	119	252	28	250	73	144	89	158	169	231	175	132	186	178	41	57	
34	222	99	204	119	150	239	119	25	4	122	135	40	143	180	212	122	239	147	140	80	154	176	247	54	124	154	226	55	140	244	253	
56	205	102	236	84	131	234	252	197	128	254	2	91	233	56	64	120	228	63	250	200	187	9	175	122	237	166	192	119	170	112	136	
28	77	7	225	177	227	79	180	133	168	154	226	223	39	161	229	84	244	29	234	89	129	105	188	233	242	163	212	50	187	52	56	
83	205	107	228	84	130	111	244	117	192	222	66	123	194	184	117	126	236	20	239	233	147	44	237	176	236	171	196	37	163	114	108	
19	155	114	79	18	139	175	244	108	4	126	230	105	230	189	100	126	247	46	238	129	177	37	253	48	172	34	128	127	191	97	61	
162	153	90	92	234	209	180	231	218	66	116	178	48	186	166	112	202	187	162	192	86	58	214	119	22	55	154	107	89	0	175	159	
24	238	163	189	52	207	167	87	30	142	88	67	183	205	49	0	184	107	3	7	66	188	0	63	225	133	46	32	80	122	181	235	
55	248	216	200	11	55	80	218	87	48	132	78	2	242	239	44	125	216	30	248	158	67	127	211	154	140	133	126	187	185	40	7	
62	92	240	247	133	102	214	244	81	142	244	35	107	125	45	25	249	244	149	226	232	242	24	170	179	223	229	131	231	255	116	19	
90	38	194	170	218	160	57	94	51	133	220	167	45	199	195	84	118	251	167	148	26	10	131	232	92	164	186	201	167	135	38	121	
16	246	118	201	170	203	181	253	141	62	180	162	110	7	173	95	39	17	207	112	114	173	40	221	120	130	112	215	115	138	133	171	
6	136	148	149	6	128	168	0	62	145	82	2	236	234	72	74	115	101	51	208	2	216	203	209	12	50	223	192	132	32	33	0	
214	1	130	190	156	34	78	1	149	130	211	18	75	234	49	75	120	229	61	179	56	199	138	202	176	224	207	136	180	123	176	0	
95	165	38	160	150	2	108	111	49	243	219	151	77	238	122	99	119	207	157	181	252	219	133	196	184	99	239	196	165	118	177	84	
182	5	230	222	140	50	142	65	212	194	219	18	64	232	53	106	120	34	63	163	184	161	46	202	48	46	207	152	213	111	240	4	
164	13	102	222	204	163	134	97	196	130	249	2	96	232	53	9	72	34	2	35	176	163	10	158	0	46	195	0	85	123	112	128	
34	189	48	153	211	241	176	103	94	5	120	167	172	190	102	0	203	59	131	145	22	58	86	247	45	20	26	107	213	76	47	206	
1	203	35	74	213	149	238	119	101	141	122	198	57	140	180	224	252	187	2	205	223	186	52	253	57	44	134	72	81	138	224	188	
35	185	2	90	209	132	239	119	38	73	252	4	176	211	54	84	200	170	23	220	91	138	82	125	105	156	150	202	203	6	240	186	
87	133	226	128	148	50	236	103	113	225	223	151	73	172	254	103	127	199	61	189	189	251	165	194	186	110	143	196	165	100	241	116	
167	5	230	76	212	50	236	127	213	195	255	18	72	232	188	110	121	230	51	185	180	179	37	194	58	46	198	196	231	252	240	164	
3	217	35	200	213	149	238	119	101	5	120	70	57	206	52	228	124	187	2	205	215	187	52	253	57	12	142	72	81	10	161	188	
32	159	184	254	190	137	151	151	95	13	124	168	167	225	167	68	199	58	142	16	26	40	106	189	236	247	54	251	212	8	197	43	
3	157	98	136	247	145	190	103	77	73	88	231	40	152	182	196	126	171	151	197	215	186	4	255	62	28	142	227	63	142	249	221	
29	205	228	227	214	50	239	183	115	113	126	18	25	43	212	102	111	198	55	216	186	248	237	230	110	239	182	196	167	215	240	168	
18	223	98	140	118	146	175	103	141	68	88	231	40	171	182	196	110	235	151	204	66	155	4	253	54	108	170	130	63	220	241	253	
26	77	7	204	53	215	78	119	133	136	222	66	110	103	161	228	112	244	220	106	73	137	1	236	179	246	133	144	34	254	52	56	
147	9	107	78	22	130	235	240	116	64	254	198	121	227	183	100	126	236	23	238	137	177	36	255	112	172	162	128	109	179	97	121	
48	207	74	237	18	211	190	103	174	0	120	163	53	142	54	96	236	59	130	193	198	153	4	63	224	229	170	129	49	16	175	138	
190	89	246	230	37	70	86	240	81	136	246	34	107	125	173	11	222	245	149	98	200	242	9	168	242	251	229	131	103	251	116	155	
217	153	54	50	247	201	49	99	237	104	118	42	62	145	34	37	162	35	126	81	51	61	18	126	248	130	16	67	107	9	129	11	
67	60	41	95	48	246	171	48	124	202	215	102	240	84	151	101	52	108	93	175	225	208	173	109	85	46	235	144	12	99	21	125	
28	202	127	240	170	211	150	115	196	44	178	226	159	156	160	160	47	179	142	130	92	47	38	53	250	199	54	193	117	136	165	33	
