Ê¥ÂÞÀ¼´¿¿Úºì	#11 Åº·ÛÔÆÂÞ	http://www.yslbeautycn.com/on/demandware.static/-/Sites-ysl-master-catalog/default/dw54d10856/Makeup_Pro_img/00030YSL/L1323200U_11_COLORIMG.jpg	//www.yslbeautycn.com/dw/image/v2/AARM_PRD/on/demandware.static/-/Sites-ysl-master-catalog/default/dw69186d04/Makeup_Pro_img/00030YSL/L1323200U_11_01.jpg?sw=336&sh=444&sm=fit
251	1	211	236	118	18	74	121	65	160	115	206	91	11	180	244	62	157	22	237	137	178	133	204	146	252	129	132	127	174	104	53	
21	207	39	95	149	24	167	173	252	10	86	98	121	104	189	229	121	98	62	235	241	249	44	239	33	46	118	128	125	123	241	45	
166	46	40	153	93	163	184	74	30	172	88	151	164	140	119	73	205	43	147	149	54	90	71	254	77	1	139	235	149	77	21	218	
63	73	98	228	86	18	254	112	101	192	254	131	105	15	181	100	126	237	23	239	204	179	37	236	242	233	175	128	39	191	112	216	
3	189	51	65	215	157	166	231	78	75	122	66	172	152	180	164	185	11	18	9	215	184	53	247	37	28	30	66	91	14	241	173	
182	85	94	186	90	131	30	105	149	8	209	171	125	222	41	17	254	177	151	227	106	3	10	253	243	129	235	187	53	43	36	147	
91	31	97	143	20	150	79	180	101	64	222	199	59	12	151	244	98	230	61	207	237	152	117	239	162	105	170	128	63	151	120	92	
61	205	107	204	86	147	239	252	196	192	222	198	113	237	183	100	126	232	23	239	201	179	44	255	114	173	167	128	55	187	240	249	
27	79	72	175	18	178	107	182	52	69	78	199	169	39	179	196	102	42	21	204	167	152	101	191	230	237	190	128	62	212	57	92	
172	73	118	254	106	192	221	112	157	10	113	18	125	219	36	85	246	49	54	234	96	39	10	221	115	250	98	138	83	178	101	163	
15	61	242	225	244	191	250	210	127	233	255	43	223	255	215	44	255	191	255	31	148	186	233	246	222	221	39	230	199	207	67	211	
18	150	211	141	194	98	188	111	62	51	90	242	12	187	168	64	127	159	3	129	83	152	4	215	156	166	154	198	61	64	165	129	
123	75	110	204	77	18	207	126	129	196	214	131	41	46	183	119	104	228	125	239	204	11	165	236	50	107	206	153	39	181	122	204	
139	157	47	157	166	150	189	55	156	86	86	182	188	38	162	97	103	51	186	205	241	157	38	255	224	35	250	192	52	140	177	125	
186	67	110	204	77	81	204	108	197	94	212	135	106	204	183	67	216	232	167	237	204	35	166	153	50	121	197	189	55	188	116	222	
50	73	98	204	92	131	206	100	205	128	240	2	42	136	53	64	120	233	23	227	200	171	0	236	176	168	138	152	117	59	112	136	
62	81	109	238	94	67	222	120	5	192	245	163	115	77	43	1	94	177	151	230	216	163	92	189	115	193	161	145	119	191	244	211	
62	73	98	228	86	2	238	240	229	128	246	2	75	203	53	80	126	237	23	235	200	179	4	204	242	237	167	132	103	191	112	128	
90	148	112	233	195	224	184	239	27	49	88	179	12	190	108	104	119	31	179	145	18	24	132	215	29	102	218	239	181	68	143	171	
6	64	130	153	20	131	170	64	22	131	83	18	8	202	41	72	121	40	19	144	2	148	0	218	0	6	155	132	148	25	48	128	
15	185	164	187	159	87	186	248	22	253	85	38	201	94	250	37	89	74	147	241	247	248	63	189	79	67	175	231	183	14	60	247	
153	222	103	156	6	147	252	246	213	70	86	247	41	140	178	101	111	32	134	175	229	189	36	191	98	235	242	128	63	252	60	92	
130	159	43	184	181	229	176	103	158	77	88	23	172	156	54	64	233	43	151	21	182	169	50	255	201	22	58	203	208	12	181	223	
134	96	162	145	68	1	172	64	30	227	81	147	8	140	121	8	127	73	19	199	226	246	142	194	4	4	155	164	5	61	49	208	
24	17	119	165	22	66	73	112	36	160	251	66	95	23	16	240	122	189	21	169	25	146	113	140	209	199	171	128	37	34	118	32	
60	249	114	238	117	95	95	252	65	236	181	10	107	93	190	180	122	248	215	234	204	35	124	253	243	217	165	189	119	190	230	206	
240	241	125	64	171	77	85	188	235	117	164	8	90	55	204	55	167	215	124	104	91	107	185	117	123	155	85	118	67	144	198	59	
73	189	58	246	181	221	119	55	237	72	126	8	190	185	32	112	164	123	124	8	66	185	178	127	227	253	54	2	66	0	195	43	
17	133	107	204	20	130	239	119	196	192	222	2	113	232	180	100	120	166	22	169	217	187	36	207	112	46	162	128	101	234	240	44	
185	65	116	101	36	27	79	52	101	96	247	2	91	9	148	116	122	140	20	234	201	176	101	141	102	249	32	0	103	187	96	36	
2	201	82	136	252	129	174	239	142	0	88	2	172	138	48	64	206	35	19	193	82	43	2	253	44	16	142	232	20	10	161	137	
82	36	130	128	148	34	170	71	20	129	218	2	2	138	120	64	120	140	31	177	24	179	129	194	176	164	142	204	132	74	176	0	
62	249	114	234	93	221	215	204	235	172	181	11	43	220	127	148	248	249	223	227	206	39	250	249	179	217	135	63	119	191	126	223	
116	37	255	102	145	110	83	17	105	164	175	8	94	119	65	123	48	244	93	58	57	225	177	76	219	253	5	84	226	227	102	34	
142	144	51	152	203	228	177	107	158	3	113	51	28	254	32	72	255	61	179	129	50	55	146	215	93	38	91	111	145	0	165	179	
232	120	248	126	109	77	213	152	203	126	52	24	62	221	71	59	139	91	119	74	66	110	250	49	87	153	117	59	83	121	71	171	
217	69	107	5	102	18	239	52	116	66	223	198	91	0	147	229	126	204	30	239	237	180	101	142	118	109	162	132	47	187	120	244	
191	78	99	108	116	22	207	120	85	72	240	198	81	12	180	164	126	168	23	239	233	183	52	142	49	236	170	128	117	191	112	244	
74	189	58	254	147	220	52	231	191	1	110	0	188	255	32	80	167	51	251	0	83	201	178	255	251	247	30	75	10	64	167	27	
19	141	107	139	146	178	171	55	44	65	94	134	189	38	182	100	119	155	23	141	147	152	37	255	44	46	186	192	53	194	161	125	
3	66	110	233	116	218	249	20	109	77	86	160	153	14	182	120	230	185	23	153	134	176	36	212	198	121	186	193	149	128	119	101	
27	133	67	141	22	178	42	119	60	65	90	214	125	46	184	228	118	175	23	141	181	153	37	207	60	110	186	192	47	196	177	92	
138	176	171	187	102	217	184	69	190	89	81	245	188	156	126	10	142	27	183	21	134	124	162	193	77	81	122	234	68	12	23	223	
152	191	30	184	178	192	16	231	190	29	194	177	175	223	34	65	166	59	205	209	118	137	2	127	251	225	62	195	48	0	173	75	
81	97	87	229	37	54	80	223	119	160	230	2	83	19	129	124	112	140	44	184	10	211	81	221	211	254	129	6	34	176	112	42	
38	65	72	137	76	3	162	72	6	48	209	2	64	200	113	73	120	136	19	243	2	55	75	208	20	0	203	172	213	59	112	128	
55	67	195	142	86	27	106	248	65	100	241	206	107	232	191	180	122	200	134	239	205	179	60	201	178	236	5	36	127	174	122	204	
55	91	99	14	212	27	238	200	105	100	249	207	107	204	191	244	254	200	134	231	207	179	60	249	178	76	132	52	93	191	114	220	
48	133	66	172	212	130	70	103	5	0	250	2	35	40	48	64	120	138	6	225	88	187	1	157	178	236	130	64	53	138	240	136	
198	144	115	152	207	228	184	75	59	115	113	19	28	158	108	88	247	159	179	145	178	30	146	211	93	62	90	111	149	68	167	211	
170	136	146	183	101	172	168	67	186	27	115	80	252	235	120	137	251	47	51	129	19	244	130	195	4	50	250	200	76	9	123	160	
42	219	234	76	114	131	183	213	6	4	124	167	16	173	166	0	126	248	131	194	192	186	44	61	118	45	165	161	119	186	246	243	
38	64	10	139	76	129	168	72	22	17	209	2	80	194	41	73	120	136	51	242	2	151	11	208	20	32	139	204	149	43	49	128	
168	104	184	115	109	237	241	222	90	55	36	24	191	153	65	40	137	90	67	24	34	124	250	51	79	221	17	61	210	217	78	170	
188	255	11	162	151	99	71	233	71	236	157	78	83	192	43	128	89	202	6	251	107	51	60	191	184	197	173	61	61	91	252	120	
56	173	200	239	84	11	202	121	22	162	241	139	115	105	57	1	121	220	23	171	56	250	77	159	126	207	165	165	119	170	80	138	
51	41	99	143	95	211	171	72	134	224	219	194	96	140	181	166	126	109	115	255	147	57	253	253	53	44	139	188	55	143	53	252	
34	203	122	76	114	195	191	215	6	4	124	163	56	255	164	36	94	123	147	202	194	186	40	125	103	12	32	169	87	250	166	243	
33	253	121	75	244	143	239	247	119	109	124	96	49	21	148	52	95	58	22	24	243	184	117	127	111	142	52	192	119	138	198	185	
34	249	96	154	95	193	182	228	142	68	80	171	44	204	54	1	200	187	147	195	66	58	90	253	61	16	142	43	85	28	183	218	
56	237	120	97	244	143	71	253	114	172	124	8	51	17	146	48	30	202	6	106	218	186	104	63	127	141	37	36	115	154	198	233	
56	79	67	238	116	195	74	240	1	76	249	235	99	205	177	208	94	232	149	230	77	163	76	189	242	237	161	185	119	191	126	216	
51	57	74	170	26	135	26	200	15	96	216	175	111	222	43	16	254	233	149	231	142	3	28	253	176	69	139	191	61	159	58	219	
188	223	95	238	214	71	239	253	84	10	252	70	113	107	41	81	121	194	6	234	121	163	9	255	114	175	167	197	123	251	232	138	
23	137	167	206	159	210	171	233	78	152	82	66	120	250	189	228	114	121	58	251	195	217	47	253	9	42	207	196	53	15	37	108	
2	0	134	128	148	34	168	78	148	131	210	18	0	138	56	72	121	12	10	177	48	181	0	194	8	6	158	196	133	88	176	128	
11	205	99	141	245	151	238	255	95	65	88	198	232	104	180	228	126	10	22	237	247	184	85	255	46	126	158	194	95	140	249	157	
11	133	32	139	183	211	191	189	12	69	95	130	221	68	186	228	86	19	155	239	215	136	125	247	111	125	142	196	22	142	149	117	
150	133	98	200	151	211	190	97	29	100	155	151	72	78	62	96	246	179	159	231	248	153	45	223	59	56	139	196	53	142	180	86	
2	156	58	217	83	241	177	71	30	69	78	179	44	159	38	64	235	27	147	145	18	152	49	247	95	7	26	67	181	72	165	254	
142	156	19	184	203	225	185	107	156	18	65	179	172	247	96	73	255	59	179	176	48	30	18	215	93	34	219	239	144	37	37	147	
18	239	90	170	114	129	91	244	41	4	72	143	45	199	42	16	182	187	135	246	74	10	8	253	251	197	11	233	48	146	39	200	
48	75	107	206	116	195	235	240	84	68	124	166	113	197	181	96	122	232	23	238	200	178	44	127	118	45	160	128	119	187	116	248	
163	165	42	145	245	187	176	99	92	227	91	23	128	136	118	160	217	42	146	21	149	188	84	198	12	30	155	67	205	12	217	132	
44	29	62	254	157	231	23	99	222	0	237	2	246	245	33	96	216	122	155	10	51	171	122	191	227	255	2	26	144	107	116	50	
18	159	198	157	179	178	186	231	190	13	218	167	172	238	166	196	231	59	191	149	150	137	6	255	168	103	190	195	150	68	173	95	
62	73	98	228	86	18	110	248	101	128	255	2	91	201	181	64	126	237	23	235	200	179	45	204	242	237	167	132	103	187	112	128	
185	221	107	111	118	87	239	252	85	76	126	198	115	109	190	32	122	232	23	238	233	178	61	191	118	233	165	128	119	186	112	249	
3	16	51	217	115	181	184	119	190	89	88	114	188	190	36	109	230	59	158	145	151	26	34	213	21	54	122	202	152	0	33	191	
35	65	82	168	71	153	120	76	237	64	112	3	14	202	54	80	250	169	182	85	70	161	22	208	30	89	130	75	127	6	107	134	
31	244	43	162	213	198	239	229	181	195	223	147	89	223	62	96	253	237	19	189	249	151	60	206	251	109	143	196	173	54	181	242	
131	144	187	217	116	237	185	87	126	75	82	84	180	158	44	104	245	59	51	21	183	156	50	87	77	62	58	194	152	8	161	251	
19	217	2	154	255	149	190	231	141	72	216	231	40	218	182	196	236	171	147	197	223	139	22	255	58	92	158	203	31	14	185	159	
130	176	187	216	82	229	185	67	190	11	69	17	148	223	44	104	181	59	19	144	50	157	50	87	79	151	26	75	144	0	165	243	
148	128	110	65	212	35	233	85	116	161	247	18	81	1	188	40	63	140	6	184	176	181	37	70	90	143	163	68	231	162	224	160	
57	205	106	236	86	147	207	252	69	192	254	130	123	237	183	32	126	232	23	238	201	187	45	191	114	237	167	128	119	187	240	232	
2	156	55	217	114	228	57	55	190	25	90	114	188	183	160	224	231	59	183	144	179	152	66	215	77	52	186	194	152	0	37	187	
74	157	158	254	145	236	52	103	189	91	110	16	188	255	32	82	165	51	249	16	115	201	146	231	239	247	30	75	138	64	167	27	
62	88	98	234	111	215	218	216	69	12	245	139	107	93	191	228	124	240	151	235	204	35	124	188	179	205	163	189	119	191	124	215	
18	143	102	190	218	145	188	111	159	13	216	167	45	238	62	64	126	171	175	133	94	11	14	253	178	102	186	203	55	142	189	223	
62	248	116	139	77	213	186	200	143	60	245	10	108	222	111	196	248	185	223	243	78	35	122	245	23	81	139	127	87	15	124	198	
90	157	23	190	155	224	52	231	191	21	200	179	44	255	34	64	231	59	171	129	82	11	138	247	187	247	30	75	18	68	165	91	
15	61	250	225	245	255	251	210	111	233	127	46	159	189	215	44	191	191	215	31	151	186	105	246	223	221	39	231	207	207	79	243	
24	141	106	201	148	247	251	119	84	5	94	2	185	57	178	96	120	58	151	153	146	184	53	255	111	109	170	193	183	138	252	234	
34	184	162	152	221	249	176	199	159	85	80	185	172	188	118	12	137	59	243	17	54	126	178	243	15	22	158	107	213	76	151	222	
34	238	178	154	223	245	177	199	223	93	124	23	44	204	118	4	233	43	131	21	182	111	42	247	63	30	30	235	211	28	255	207	
18	142	158	189	178	224	184	39	190	7	202	179	173	190	34	64	231	63	173	145	22	137	129	103	201	231	186	195	132	64	173	75	
25	157	103	237	20	198	111	119	116	72	206	194	113	119	176	100	112	166	28	173	249	153	53	15	241	239	170	128	38	162	176	120	
2	166	42	185	211	225	184	71	31	5	216	179	172	175	38	64	239	155	147	145	22	154	4	215	158	87	154	195	149	76	181	222	
110	160	240	112	233	184	120	71	171	183	45	153	15	171	86	158	131	155	241	24	22	78	130	194	94	221	20	111	230	196	202	134	
186	209	74	252	74	192	156	103	133	0	212	163	33	159	160	65	78	179	147	128	73	139	6	137	114	225	222	155	55	156	164	186	
34	207	98	158	253	147	190	231	222	76	88	163	104	236	54	64	251	107	131	197	214	186	46	255	62	62	143	203	85	94	253	207	
61	125	91	110	82	199	86	240	1	192	236	139	123	223	33	144	126	249	150	234	77	179	24	61	242	237	161	8	123	187	106	154	
27	214	127	225	50	39	187	222	63	107	94	231	93	31	168	96	55	223	159	161	227	144	61	223	246	207	63	132	61	210	33	249	
74	124	246	253	108	60	124	214	187	154	246	178	173	255	181	126	239	253	255	135	192	215	227	227	150	255	223	170	6	244	35	157	
92	8	158	182	147	230	114	64	188	206	231	3	92	211	35	88	224	109	249	210	0	129	26	106	211	231	11	3	168	115	41	66	
34	141	34	158	215	227	190	231	158	69	88	163	172	236	54	64	235	123	147	193	118	186	30	255	61	54	158	203	21	92	181	222	
24	157	59	254	211	212	55	103	189	65	238	2	62	255	34	112	242	187	147	0	81	187	50	237	243	253	22	11	114	2	165	251	
230	64	226	192	76	18	232	64	209	146	210	18	64	200	125	107	120	172	51	177	128	247	164	192	26	42	202	140	133	189	112	132	
10	143	40	185	179	241	185	103	158	13	92	179	173	175	54	64	239	59	131	149	22	8	34	247	238	197	186	203	149	76	189	203	
159	93	119	206	62	215	95	252	213	200	213	226	125	220	185	229	86	113	159	239	237	133	44	191	179	109	175	146	55	191	49	117	
235	77	102	158	117	148	78	180	233	72	214	199	105	72	183	247	98	224	61	239	237	13	62	239	54	121	170	144	63	183	120	124	
207	73	102	222	109	152	238	48	233	74	87	66	106	216	183	239	98	224	182	75	197	36	174	233	54	123	226	139	127	191	121	133	
57	77	106	238	86	147	207	244	69	192	254	2	123	201	183	96	126	234	23	238	201	187	44	189	114	237	166	128	119	186	240	232	
116	33	127	64	205	76	117	97	233	188	167	24	82	243	68	59	40	148	100	58	80	99	186	0	123	153	101	127	227	34	230	162	
57	205	107	206	86	147	239	244	196	192	222	198	113	237	183	96	126	238	23	239	201	187	36	255	114	173	167	128	55	186	240	248	
91	233	2	170	61	128	106	228	166	76	200	231	172	195	114	212	240	235	31	223	78	9	138	253	248	113	175	200	30	7	57	91	
50	73	66	156	92	131	238	102	141	0	240	2	40	138	53	64	104	233	23	227	72	187	0	237	52	40	138	128	85	57	112	136	
87	107	35	138	28	209	138	228	198	104	153	106	112	220	189	224	248	233	95	231	207	3	174	253	177	12	171	188	21	31	49	173	
26	143	102	190	186	128	189	239	151	29	220	167	109	238	186	64	126	171	175	133	94	11	14	253	184	103	190	203	55	142	189	223	
142	24	146	184	211	244	176	67	30	3	80	50	12	191	96	204	255	59	179	145	19	158	146	210	29	247	154	111	155	4	173	179	
134	64	130	155	20	131	42	64	22	131	83	18	72	194	97	72	121	41	19	210	34	148	8	210	0	6	155	128	148	25	48	128	
131	222	199	159	102	18	174	244	156	218	82	247	105	110	180	231	103	101	59	239	229	221	47	239	36	42	254	128	45	181	49	221	
43	213	101	77	245	155	238	255	95	97	120	198	232	120	180	164	123	10	18	173	247	184	125	223	46	94	135	198	95	142	249	189	
146	32	160	145	148	32	168	67	62	51	18	18	172	10	80	8	43	139	23	145	178	124	141	194	140	4	155	160	133	76	177	192	
12	158	146	224	245	168	176	67	190	15	91	49	140	235	96	72	177	63	131	17	18	188	128	195	204	247	58	71	128	72	255	131	
63	61	122	225	244	191	251	210	127	232	126	174	27	189	215	164	255	251	151	220	155	186	108	250	222	221	163	228	231	207	102	241	
185	69	96	77	4	27	79	52	101	96	255	2	91	9	151	116	120	204	20	234	201	178	101	142	118	233	160	128	119	191	112	100	
3	165	34	17	181	191	160	103	92	201	90	65	140	136	182	160	217	42	18	21	151	184	52	198	44	30	26	65	204	78	217	196	
185	220	111	95	116	215	239	240	84	74	118	246	113	125	182	97	126	236	23	238	233	180	61	191	118	47	163	128	127	171	116	249	
188	221	98	110	117	95	95	248	81	76	253	10	123	93	190	180	124	248	149	234	236	179	124	191	243	205	165	145	119	174	126	211	
26	141	82	233	151	215	254	103	13	4	122	3	41	27	54	192	234	187	151	193	94	184	16	253	171	221	138	195	119	142	252	142	
54	64	96	204	92	11	202	72	65	160	177	10	67	8	53	2	120	196	87	227	136	35	69	140	18	76	129	176	117	191	114	128	
160	205	106	78	86	195	207	244	20	64	124	138	49	213	51	80	122	248	19	234	105	190	60	63	119	173	160	1	125	155	120	186	
56	13	191	254	157	237	87	99	223	8	236	2	182	245	33	96	200	122	59	26	58	171	122	191	227	255	2	27	144	73	101	170	
170	91	231	140	109	83	212	108	77	110	212	167	42	140	183	75	200	236	167	71	204	111	230	137	82	121	250	187	23	60	116	223	
210	95	230	220	150	50	94	86	157	198	214	247	105	108	183	107	118	231	189	231	188	213	37	234	50	111	250	128	183	253	244	93	
54	0	73	140	76	3	202	72	135	162	241	74	80	200	117	2	120	200	87	227	8	35	75	216	20	8	139	188	85	43	112	128	
250	69	103	204	93	82	207	118	129	68	214	143	105	46	183	119	72	198	157	237	236	139	229	239	115	121	138	145	39	148	126	92	
158	90	83	222	103	24	238	120	253	10	117	98	108	219	173	205	58	121	166	234	225	39	10	251	18	250	66	138	119	183	105	165	
240	225	125	64	106	77	85	172	235	61	182	40	90	55	204	55	35	212	124	104	106	107	185	85	123	153	117	119	99	144	199	43	
114	36	2	128	148	34	74	70	17	129	218	2	3	138	104	64	120	140	14	176	56	179	128	196	184	196	142	196	132	74	176	0	
26	159	65	141	146	130	175	247	62	5	94	230	173	38	160	196	102	91	138	192	115	152	5	253	172	164	190	192	62	144	173	184	
116	45	254	100	178	106	83	65	225	140	175	40	91	247	7	122	50	244	125	58	24	227	168	76	219	237	37	83	227	227	230	35	
224	232	253	95	110	77	245	206	203	62	52	8	190	157	69	63	139	90	119	74	66	110	250	113	87	153	84	62	81	25	71	171	
33	173	113	75	244	207	239	255	87	105	124	66	115	37	148	52	127	26	22	40	243	186	109	127	45	30	37	196	87	138	210	237	
218	157	114	254	155	192	54	103	189	5	236	163	44	255	32	80	162	179	235	128	114	139	18	255	243	245	14	11	51	6	167	27	
90	189	30	254	155	192	54	231	175	69	238	35	44	255	34	112	166	115	251	128	82	11	186	255	251	247	30	11	18	68	175	26	
190	91	106	78	54	211	223	248	135	204	253	162	123	221	181	36	94	248	151	238	234	163	44	191	99	205	165	177	119	191	116	241	
19	133	99	205	150	162	235	119	109	65	94	194	57	46	188	100	118	135	23	173	147	153	37	207	52	44	186	192	53	130	161	124	
18	149	208	171	210	224	184	71	26	49	89	243	173	191	108	64	103	27	147	145	18	24	128	215	45	37	190	231	181	64	135	139	
143	177	164	139	61	215	187	216	134	252	149	166	220	220	251	166	222	88	187	127	135	97	123	177	111	81	175	239	23	175	53	245	
178	141	102	218	214	131	252	103	149	82	147	147	72	78	52	65	109	179	147	167	248	207	12	223	57	42	207	198	21	28	240	82	
7	133	32	155	151	247	171	175	31	101	95	147	204	118	186	228	119	3	155	189	183	152	61	255	173	22	143	199	150	79	157	116	
177	67	74	76	116	131	67	120	85	200	247	70	115	193	183	36	88	168	6	238	201	179	108	95	114	172	161	136	123	171	120	196	
29	219	183	222	36	146	230	176	213	73	214	102	234	232	189	230	124	118	172	203	223	169	46	237	184	126	246	194	143	62	120	61	
10	151	49	186	52	229	185	95	30	73	89	245	188	189	48	64	199	59	147	21	147	168	50	247	205	87	58	202	156	12	181	251	
210	90	6	190	42	48	188	162	172	94	210	231	237	238	167	207	230	229	253	199	236	69	143	233	144	114	202	139	44	117	41	31	
27	203	39	206	61	147	170	232	198	152	209	98	104	218	253	224	240	105	62	243	207	1	47	253	56	40	171	204	21	15	57	45	
61	159	71	94	180	71	199	249	85	78	245	102	113	101	175	197	93	192	134	234	249	171	40	191	122	175	229	132	123	186	96	249	
14	152	18	184	195	244	176	107	63	11	76	50	172	247	32	204	247	59	162	128	51	158	18	215	157	246	26	75	154	37	45	167	
56	133	98	237	212	130	110	119	69	1	250	2	107	43	52	64	120	130	23	161	218	186	1	221	54	233	138	192	55	138	240	136	
160	224	184	113	77	109	241	206	94	55	52	24	178	145	93	41	137	90	66	88	2	124	251	49	79	153	85	53	210	89	70	170	
188	93	98	238	117	87	94	248	69	76	252	15	123	93	191	128	126	248	151	235	237	183	60	191	243	201	161	145	127	191	124	219	
2	203	115	79	210	211	191	231	30	4	124	162	40	236	180	164	126	123	147	200	211	186	36	253	37	28	14	171	87	154	165	253	
61	150	75	174	86	71	71	249	23	238	245	110	115	101	171	144	93	200	134	226	249	179	121	158	250	199	165	180	59	170	116	249	
44	251	239	199	84	135	227	248	70	168	247	102	112	201	185	0	88	236	55	250	136	242	75	61	74	9	161	132	111	171	120	147	
55	105	106	174	85	151	94	224	21	72	240	207	99	204	55	144	252	233	151	231	205	187	12	191	178	93	141	169	125	191	122	222	
143	168	146	153	101	184	184	67	190	31	87	16	140	203	114	140	219	41	147	25	18	252	130	195	132	247	218	195	198	13	187	132	
10	176	241	185	211	230	184	67	58	115	81	51	28	159	100	204	255	27	147	145	19	158	144	211	29	103	154	231	151	4	167	179	
161	219	106	78	86	147	235	240	85	68	116	167	32	201	183	68	124	232	2	206	194	186	60	255	114	40	128	136	125	155	124	252	
34	249	96	200	95	197	182	228	140	64	208	139	40	156	54	1	204	187	147	195	194	43	18	253	53	16	142	251	85	30	182	218	
138	176	178	185	108	173	184	88	158	89	81	243	156	221	124	139	174	25	155	21	130	101	130	209	69	25	122	238	22	140	61	211	
56	35	82	228	79	18	80	113	101	160	254	66	3	147	160	116	120	188	46	40	72	187	225	136	211	237	161	5	39	170	112	11	
57	82	83	237	23	82	67	112	101	168	247	98	127	19	161	244	122	188	132	232	9	179	97	140	208	237	162	128	39	139	114	33	
2	152	58	250	35	196	184	98	173	93	81	55	172	159	38	73	231	59	147	145	151	9	18	245	199	120	90	202	156	0	37	147	
187	76	99	204	116	22	207	112	85	72	241	194	81	28	181	101	124	232	22	239	233	182	52	238	49	46	170	128	127	191	112	253	
50	97	122	232	70	137	248	72	45	76	249	7	30	139	118	64	234	137	23	231	70	51	2	208	210	137	34	173	125	138	107	202	
139	152	58	217	115	164	184	87	190	9	82	114	188	190	164	233	230	59	151	145	147	152	2	213	13	56	186	202	152	0	161	187	
189	71	107	5	86	18	239	116	116	198	223	198	81	36	155	229	126	204	23	239	237	180	101	142	118	111	230	132	47	255	120	252	
122	94	242	252	111	116	125	214	187	78	252	175	61	191	247	126	239	253	191	133	205	71	162	227	215	255	254	171	7	244	103	251	
130	36	134	129	148	34	168	74	22	179	218	18	0	138	120	72	121	4	59	177	34	181	1	194	24	6	158	196	132	72	48	8	
60	45	114	225	244	187	122	218	127	225	255	139	91	239	245	116	127	223	23	252	154	186	109	254	254	221	163	228	247	207	112	193	
126	249	114	238	125	221	87	232	129	172	181	11	107	221	126	148	252	249	223	226	74	35	248	253	179	217	133	63	119	191	110	223	
74	124	242	252	108	56	252	214	187	10	254	162	173	191	181	90	239	253	255	129	192	215	226	227	150	255	222	170	6	252	99	153	
61	79	106	174	116	131	75	112	69	12	253	207	99	204	179	20	126	168	7	111	200	163	108	159	178	237	161	152	117	175	118	229	
62	73	98	228	86	2	238	112	229	128	254	2	75	139	53	80	122	237	23	235	200	179	4	236	178	237	142	128	103	187	112	136	
33	229	113	65	244	203	239	255	85	232	124	74	115	101	148	52	90	218	6	106	241	186	109	127	111	12	37	100	119	154	214	237	
33	189	113	75	244	143	239	247	95	105	124	98	48	53	156	36	127	58	22	152	243	184	109	255	45	30	52	192	87	138	194	237	
41	40	138	176	77	164	225	66	82	155	240	18	144	152	113	171	201	44	50	153	9	126	210	224	69	184	218	104	201	9	122	162	
24	149	59	233	147	227	177	103	60	5	78	51	189	191	40	64	243	27	147	145	50	154	17	23	233	231	26	67	176	64	165	250	
139	158	22	251	114	177	56	55	63	9	94	246	189	51	160	228	71	59	55	152	147	152	65	215	140	255	186	194	30	128	169	169	
126	107	66	206	58	145	26	192	135	128	145	170	99	195	161	208	122	249	205	226	74	3	142	253	242	165	171	185	55	179	46	10	
89	141	111	205	20	86	111	55	101	76	206	2	123	55	176	116	116	230	28	236	249	153	53	205	179	238	162	128	39	226	244	124	
62	120	114	202	125	213	218	232	141	76	181	11	106	220	47	148	252	185	223	227	78	35	120	253	179	217	131	63	119	31	126	223	
230	108	102	198	76	162	238	64	129	194	147	131	72	206	119	11	108	181	87	167	136	231	142	200	18	40	207	136	5	119	114	208	
24	157	63	237	147	194	23	39	164	4	206	163	175	255	32	64	226	51	157	129	88	137	32	189	225	225	58	131	52	0	165	123	
189	220	107	79	116	215	235	248	84	76	119	18	121	93	183	33	126	232	23	238	233	182	61	191	119	239	161	192	119	171	116	249	
19	149	107	143	246	146	239	117	85	64	95	230	121	236	190	100	126	171	23	175	221	186	44	255	52	44	174	128	61	142	241	253	
38	51	99	76	124	129	163	120	198	200	244	110	112	200	189	36	92	56	95	107	203	35	236	159	48	60	163	184	95	170	114	181	
50	129	66	237	148	130	238	103	5	1	250	2	107	40	48	64	120	131	23	225	90	184	1	221	178	232	130	192	53	138	240	136	
56	224	249	113	101	73	241	204	95	63	52	56	146	149	204	63	185	88	102	88	74	116	234	17	95	201	117	55	99	24	198	171	
222	243	94	160	234	0	124	245	169	189	182	255	77	139	74	219	230	213	237	240	84	87	130	192	254	225	255	239	36	148	175	19	
31	30	239	223	102	118	175	50	116	202	95	230	113	100	183	111	127	228	55	175	161	208	61	202	68	46	235	128	175	247	113	245	
120	224	253	68	111	73	245	236	235	60	52	40	63	157	204	55	43	212	118	74	66	123	170	113	87	217	113	63	119	25	71	235	
2	193	16	138	244	137	174	229	140	1	112	2	172	10	48	64	106	35	23	97	82	40	0	221	44	16	142	200	21	10	241	136	
170	91	234	174	110	80	255	244	205	110	212	231	42	140	183	66	206	236	183	71	204	191	230	161	118	113	250	171	21	189	116	223	
143	219	86	94	111	145	254	248	253	82	117	230	104	202	175	253	126	249	166	234	197	39	62	249	50	123	67	138	127	191	105	149	
178	219	102	156	126	131	150	246	140	76	208	231	32	12	182	65	206	43	135	71	238	175	86	189	32	2	186	138	29	28	245	223	
223	223	118	222	63	147	78	252	205	72	214	98	121	88	183	229	102	225	159	235	237	45	46	255	178	107	174	152	63	191	120	109	
190	223	103	78	62	147	219	240	149	200	180	239	115	205	189	4	94	248	87	239	232	167	108	191	98	77	161	152	127	175	86	249	
35	78	103	204	116	147	238	112	197	10	240	102	96	200	181	229	122	232	22	239	233	183	36	236	54	58	162	128	127	191	120	173	
138	160	162	185	101	149	184	74	31	29	85	19	140	159	114	140	175	25	147	149	134	28	2	209	7	81	154	239	22	141	169	129	
177	90	99	44	116	211	66	104	81	200	112	230	99	220	183	180	216	168	150	231	205	178	108	189	50	249	161	138	117	175	122	197	
34	249	96	202	95	197	178	236	142	16	80	139	40	156	36	1	204	187	147	193	66	43	18	253	61	16	142	235	85	30	151	219	
26	133	96	233	212	146	238	55	69	1	94	2	121	11	180	64	126	131	23	169	242	152	37	223	110	233	170	192	55	142	240	8	
35	227	97	139	215	209	190	237	78	65	88	226	40	204	188	164	222	27	146	209	215	170	100	255	45	84	142	235	85	14	189	253	
52	64	67	140	76	3	202	72	133	160	177	74	80	200	49	2	88	200	74	227	8	35	74	216	20	0	139	60	21	59	112	128	
10	176	178	153	87	247	184	66	31	59	85	50	140	158	98	140	239	25	147	145	150	156	16	211	15	86	26	231	151	5	169	135	
3	145	49	203	215	209	190	109	78	65	88	162	168	220	188	164	250	27	146	209	215	186	52	247	45	20	142	235	93	14	169	188	
220	242	218	176	226	8	52	85	59	191	117	253	15	199	74	155	183	157	237	16	84	215	138	64	222	193	117	231	226	176	175	147	
45	219	87	207	60	147	131	248	198	232	245	230	113	197	175	164	94	104	166	126	201	163	111	189	106	216	165	208	95	175	112	241	
45	219	247	94	58	147	207	248	215	192	247	230	123	237	191	228	94	112	182	110	193	161	110	189	42	126	103	142	127	175	104	253	
87	18	135	157	162	50	172	17	190	203	211	247	204	230	151	238	119	101	127	133	181	213	183	202	148	38	255	130	140	247	161	85	
8	140	189	254	157	237	87	142	222	27	236	0	182	181	33	96	201	122	58	72	42	42	114	191	235	223	16	59	144	89	196	170	
11	183	34	139	181	255	178	103	76	77	91	103	174	248	54	228	152	43	146	21	151	184	52	214	44	20	26	67	220	78	249	223	
139	146	26	251	178	180	184	55	62	9	86	240	172	151	162	236	231	59	151	144	183	156	2	247	206	255	186	194	158	128	169	141	
63	45	122	225	246	187	251	210	85	225	126	138	27	189	247	48	126	250	23	252	146	186	36	238	126	221	161	224	231	207	112	249	
189	92	110	238	100	118	207	248	85	206	255	6	115	125	183	97	126	252	23	234	233	182	61	174	115	235	229	129	127	251	124	249	
106	124	242	252	100	188	254	214	43	75	252	163	173	191	245	116	255	255	183	133	130	59	226	227	246	253	190	170	135	254	99	219	
189	92	110	127	116	118	255	120	85	78	127	34	123	125	183	33	127	236	151	174	233	182	61	159	119	239	225	128	119	235	124	241	
152	23	123	239	70	46	235	81	109	14	121	199	27	13	57	64	126	137	23	175	168	182	16	138	212	205	34	128	125	139	117	241	
218	221	118	254	59	208	29	103	189	4	244	179	108	223	38	213	246	179	255	224	114	15	162	255	243	227	14	139	55	4	167	91	
119	76	238	156	222	34	238	247	128	198	218	231	113	108	183	66	111	231	55	189	252	143	4	238	56	46	190	136	165	248	241	220	
250	223	111	204	69	82	239	246	33	78	246	167	41	47	182	117	108	199	149	239	236	159	180	239	114	123	254	129	39	148	246	94	
2	30	146	137	251	243	184	75	31	15	92	179	172	182	39	204	223	59	147	144	22	158	2	223	15	52	154	203	146	68	45	159	
155	205	68	157	54	150	110	244	133	76	84	199	41	71	179	229	102	224	29	238	231	141	38	253	226	107	174	128	62	149	57	93	
24	183	22	169	179	130	48	119	45	77	90	247	12	35	34	196	166	11	142	144	119	153	1	213	184	228	54	199	42	4	169	31	
157	249	40	186	127	149	223	248	150	244	149	142	253	223	251	161	94	249	155	255	235	67	126	189	249	201	143	60	55	191	61	240	
154	223	6	190	58	133	143	246	140	4	80	231	173	198	176	197	102	115	159	239	227	141	2	253	160	34	174	152	28	156	41	185	
10	56	162	153	53	223	248	66	255	69	86	19	172	206	102	204	251	40	130	16	22	252	114	195	135	214	154	67	134	13	61	214	
10	157	49	185	155	193	147	111	143	5	88	51	188	127	40	196	207	27	147	145	82	40	82	255	237	86	26	195	22	12	133	251	
30	201	43	248	221	198	255	224	149	196	206	2	89	255	49	96	248	249	27	227	73	147	58	236	251	239	143	77	161	63	116	242	
2	45	242	237	116	170	250	214	47	129	250	2	175	171	85	80	254	255	31	209	130	186	192	234	190	253	142	138	199	251	99	137	
14	184	162	177	69	223	120	64	159	93	87	23	136	206	98	204	232	57	162	144	22	252	114	209	135	215	154	67	134	13	61	214	
169	94	107	78	116	145	195	120	84	76	116	238	115	196	183	100	94	168	6	110	203	182	108	63	116	41	161	168	127	175	118	253	
136	48	98	217	69	213	184	80	31	109	87	23	168	215	102	76	104	57	162	144	22	148	115	209	71	89	154	99	23	12	125	215	
56	19	91	204	94	151	98	112	69	168	244	110	19	1	164	80	120	172	6	232	152	187	229	140	86	173	160	9	59	138	122	147	
11	134	88	217	19	181	120	23	95	5	79	150	173	35	42	68	119	11	51	156	182	152	119	215	143	255	154	64	182	136	41	140	
19	133	103	137	146	162	107	55	61	65	90	210	61	46	180	100	118	135	23	173	179	152	37	223	60	46	186	192	53	134	161	124	
177	95	91	78	118	147	67	120	85	72	245	102	115	193	167	116	122	168	6	110	205	183	36	30	114	169	160	136	127	155	120	225	
154	137	118	191	151	215	252	101	141	4	210	3	237	58	54	197	234	179	159	225	124	169	19	253	171	250	202	195	55	140	253	78	
185	69	98	109	4	27	198	116	85	98	255	10	75	9	181	117	120	196	21	234	236	182	101	142	114	237	160	144	103	255	112	68	
218	157	118	254	187	208	63	229	191	20	196	179	108	254	34	84	230	179	255	192	118	11	170	255	243	227	30	139	51	4	175	95	
190	253	114	238	117	223	214	248	81	76	253	11	107	221	62	148	254	249	149	98	236	167	120	191	179	221	133	187	119	190	126	223	
25	17	91	171	71	197	233	81	108	76	241	103	157	142	122	64	250	137	151	199	135	177	49	208	212	193	186	128	125	14	109	219	
26	207	78	190	50	130	188	119	132	69	222	231	45	238	178	64	110	163	159	133	204	137	6	253	242	39	186	129	61	132	185	93	
7	196	160	153	151	247	186	143	31	101	94	147	204	126	191	236	255	3	155	181	183	156	61	223	47	86	159	199	150	92	185	116	
19	77	224	189	70	36	174	239	24	194	72	131	45	44	53	96	111	239	51	143	228	24	151	233	53	46	222	0	181	252	49	220	
67	219	234	158	62	144	182	180	207	84	86	231	236	204	190	230	70	96	191	71	215	169	239	229	46	56	142	202	62	143	185	93	
49	205	107	206	86	146	239	117	196	192	223	198	113	237	182	100	126	238	23	239	201	187	44	175	114	173	166	128	53	186	240	248	
41	189	115	65	244	219	239	255	95	233	122	66	88	52	148	164	95	42	18	56	241	184	125	255	46	30	165	68	95	138	210	253	
215	94	142	188	11	180	190	194	172	194	194	231	236	234	35	203	230	101	251	199	228	199	150	234	144	115	218	139	12	117	57	31	
188	221	114	238	117	87	95	248	85	78	253	11	107	221	55	148	252	248	151	235	236	167	120	191	179	221	165	187	119	191	126	219	
191	79	238	71	214	50	239	112	112	230	223	151	89	45	155	109	126	204	23	239	237	212	101	138	118	111	231	128	39	255	120	244	
131	220	39	159	79	151	172	230	220	82	192	214	168	220	53	239	236	97	186	199	229	175	54	255	37	50	218	10	31	28	57	220	
35	189	115	65	244	223	239	247	127	105	122	98	184	148	180	164	126	58	18	56	243	184	101	255	46	28	183	192	95	136	193	173	
11	157	103	137	245	159	174	239	95	105	90	198	232	104	182	164	127	10	150	237	247	184	93	223	46	94	159	198	95	142	249	157	
18	73	98	156	84	130	238	102	205	128	218	2	44	136	49	64	106	233	31	195	200	187	0	237	180	32	138	136	85	57	113	136	
13	40	138	177	21	247	224	66	87	63	214	18	138	147	98	172	201	40	2	152	30	254	113	210	143	215	146	67	130	13	120	134	
50	73	66	172	84	130	206	102	165	128	250	2	41	138	53	80	104	237	31	195	72	187	0	236	178	236	142	128	37	185	112	136	
194	202	14	190	43	128	188	167	156	22	194	151	172	202	50	67	230	35	251	197	100	205	2	255	224	115	218	139	28	20	185	91	
23	141	107	205	214	179	235	250	85	64	223	198	89	236	190	100	126	235	23	239	159	186	45	255	120	45	170	196	61	175	241	245	
83	157	111	76	214	214	109	55	229	68	238	2	121	55	182	117	102	166	61	236	249	155	53	237	51	42	226	192	39	128	228	108	
57	141	106	206	84	146	207	113	196	64	255	2	113	233	190	96	122	234	23	238	201	179	44	191	114	173	166	128	55	186	240	224	
50	109	210	236	116	171	106	222	63	129	248	10	43	235	53	80	126	235	23	144	10	186	192	235	182	252	134	168	247	218	98	136	
3	154	62	153	50	148	57	51	237	29	94	53	172	146	166	100	230	59	190	132	150	156	34	247	198	254	26	195	18	132	169	207	
6	190	138	145	245	241	184	66	31	13	88	179	132	174	100	196	221	59	147	145	22	152	64	215	15	20	154	227	149	77	189	215	
2	231	97	203	119	209	174	237	78	1	92	162	168	140	188	164	218	27	147	241	215	186	36	221	47	28	142	235	87	14	189	189	
251	157	110	92	196	86	237	119	241	68	118	2	121	62	182	117	106	182	55	232	249	187	180	237	119	43	242	128	39	160	246	236	
57	109	106	233	118	187	235	86	85	192	124	2	59	169	183	32	126	170	23	252	138	186	36	254	126	205	167	192	247	223	112	232	
59	90	103	190	46	211	142	112	196	72	220	231	123	204	179	228	94	96	151	239	205	163	102	189	240	103	170	128	63	191	56	253	
106	220	242	236	100	136	254	87	47	11	252	171	173	191	116	80	255	187	183	133	194	58	194	243	182	253	158	170	23	222	227	153	
79	21	239	197	230	118	239	51	84	207	223	150	89	125	159	110	126	100	63	173	177	209	181	202	111	47	239	128	175	255	244	241	
2	22	152	137	114	227	186	66	30	15	88	183	164	190	38	64	223	59	147	144	22	152	65	222	15	54	186	195	144	0	45	159	
180	77	98	111	20	11	70	112	117	34	250	10	67	41	181	113	120	196	6	234	232	183	69	174	178	238	128	16	103	251	114	4	
59	94	102	222	110	147	74	240	197	192	222	230	105	72	183	228	110	241	159	235	205	131	47	253	50	111	201	153	63	191	120	77	
188	77	98	108	68	26	198	240	85	34	250	26	67	41	53	113	120	204	21	235	232	183	5	142	242	239	196	20	103	255	112	128	
57	84	110	109	228	118	255	127	85	78	126	50	91	125	183	233	127	180	183	170	184	180	53	158	103	239	240	129	119	251	252	243	
11	179	114	73	243	215	182	119	108	77	124	38	172	60	174	164	254	59	130	16	151	184	52	221	111	93	6	195	211	6	237	255	
157	12	110	85	180	58	239	178	117	226	126	150	123	45	159	229	123	206	54	174	237	244	101	142	102	239	230	128	231	252	112	116	
184	92	114	238	117	127	86	120	85	206	253	43	107	125	55	149	254	249	151	35	236	167	120	159	179	223	161	155	119	238	126	211	
83	250	131	179	34	0	42	202	63	251	82	231	141	134	203	222	183	205	61	151	199	212	141	227	156	116	159	166	172	85	43	93	
177	15	235	180	198	2	239	247	80	192	90	231	49	168	181	99	110	239	55	205	225	187	164	42	124	41	238	128	45	248	113	216	
218	207	118	188	59	208	29	111	191	6	214	179	108	254	174	213	102	243	239	128	102	15	162	255	242	247	222	139	55	4	175	95	
19	133	110	205	214	178	235	55	124	65	94	18	121	34	182	101	118	131	55	173	243	152	37	223	124	46	170	192	53	128	161	108	
210	201	86	254	133	212	124	165	157	4	242	3	104	154	54	197	234	179	191	225	124	175	18	255	179	250	218	75	55	12	252	14	
71	116	239	133	178	118	171	158	60	201	222	246	217	166	159	110	119	68	127	189	145	208	181	226	44	46	190	196	173	247	177	117	
154	133	96	235	212	146	238	55	21	1	95	2	105	11	180	64	126	139	23	233	242	152	37	223	102	237	170	192	55	138	240	136	
182	69	66	140	76	35	206	72	133	130	185	10	66	200	53	64	88	224	14	227	72	39	72	202	176	128	139	60	117	123	112	128	
191	13	238	103	214	50	239	179	113	226	223	147	89	45	159	107	127	198	181	175	237	244	101	174	118	111	231	132	167	247	240	116	
50	133	66	175	212	130	238	103	21	1	122	2	107	10	36	64	120	139	23	224	88	184	1	223	182	232	138	192	53	138	240	8	
180	92	122	238	116	103	87	248	21	206	253	43	115	253	63	49	254	248	23	99	236	167	120	191	243	207	161	185	117	251	126	251	
42	218	107	190	102	192	191	244	141	70	220	199	41	140	55	64	110	251	147	71	197	191	166	233	118	105	218	10	61	191	116	248	
123	219	107	222	102	208	255	246	161	78	254	231	105	158	182	116	110	247	183	199	205	191	36	237	114	111	254	131	111	150	246	127	
187	217	106	30	79	157	255	228	205	86	228	135	41	204	55	96	110	233	162	199	198	63	62	245	119	121	66	10	127	159	104	220	
40	201	185	251	189	201	85	142	78	29	252	8	182	189	40	96	201	91	174	64	74	40	107	181	239	215	52	123	16	90	196	235	
60	28	110	254	100	118	223	120	85	206	255	6	115	125	183	97	126	254	23	170	236	242	57	142	115	239	225	129	119	251	124	211	
30	254	210	35	115	187	58	218	63	189	58	237	143	6	203	156	183	159	205	148	6	220	9	247	158	215	61	231	234	215	43	29	
11	191	50	137	247	245	178	195	94	73	89	102	140	152	62	164	254	11	147	145	151	184	52	215	44	20	138	239	223	14	185	199	
60	122	240	67	119	249	243	216	79	45	52	42	170	25	207	44	59	26	199	88	2	56	105	179	79	221	49	119	247	139	68	171	
63	233	97	79	62	153	139	248	199	192	116	130	121	205	191	164	126	104	178	206	195	33	126	189	46	72	5	56	119	190	64	252	
191	237	101	186	95	213	79	232	135	244	181	10	123	215	59	181	104	224	147	238	106	99	126	253	59	217	133	57	55	63	114	234	
2	160	186	153	116	231	184	66	63	77	83	19	140	158	38	72	243	41	3	17	22	188	50	214	143	22	26	67	144	8	37	199	
3	189	32	137	215	183	186	235	15	77	88	7	12	152	54	4	255	11	147	149	150	186	20	223	44	28	138	231	159	14	185	215	
2	240	186	153	103	245	184	66	31	29	84	51	140	158	102	12	239	25	19	145	150	180	50	240	23	84	154	227	148	13	173	199	
30	57	50	249	69	213	185	64	238	76	87	39	136	158	102	236	238	185	151	208	134	146	114	208	215	217	138	235	23	13	37	247	
169	82	91	225	84	204	105	84	101	76	118	102	25	3	166	208	104	168	6	152	147	188	52	132	86	233	178	192	47	138	116	219	
62	94	103	222	31	151	203	120	133	192	245	206	123	77	181	133	94	224	223	238	233	167	124	189	51	73	129	152	127	175	112	112	
27	83	227	197	102	82	239	80	197	200	94	230	89	172	181	100	126	228	55	237	193	177	37	200	118	44	170	128	167	255	112	253	
156	19	58	169	7	245	249	81	109	77	223	55	157	159	58	228	126	137	159	241	159	151	49	209	213	193	170	129	55	135	173	243	
43	157	103	81	245	223	238	247	95	225	122	66	248	92	148	164	126	42	18	41	247	184	109	255	44	30	135	66	95	140	240	188	
3	158	62	217	176	180	56	51	175	21	78	148	172	222	38	100	199	59	155	128	150	136	50	245	206	254	154	67	148	128	169	77	
34	249	48	202	95	197	182	237	142	8	240	11	40	220	60	0	204	147	211	225	210	43	90	253	61	16	142	250	85	30	151	219	
61	94	122	76	118	147	235	112	68	66	253	230	113	193	183	101	126	168	2	238	205	178	52	28	86	169	160	0	127	171	120	240	
2	128	43	153	21	245	105	83	119	125	102	23	136	134	54	76	233	136	162	156	30	156	113	215	199	223	154	71	146	12	228	214	
57	94	99	77	54	147	203	120	68	196	253	198	115	205	183	101	126	168	23	110	201	179	60	157	66	233	161	24	127	191	112	244	
138	219	82	156	250	129	156	231	157	1	80	227	44	255	160	197	70	51	159	193	114	9	6	253	176	50	154	203	63	140	173	25	
7	14	231	223	166	34	175	66	220	206	95	242	208	236	181	110	123	108	51	175	177	244	39	234	4	62	235	128	133	237	117	228	
154	219	71	188	122	145	44	247	141	4	80	230	45	198	160	196	102	179	159	193	71	9	6	255	180	38	158	202	62	156	169	29	
2	151	30	201	246	251	48	103	237	29	94	118	12	34	166	196	163	19	142	16	22	153	1	215	62	183	50	199	144	0	173	15	
3	173	44	177	157	189	176	135	206	125	152	21	172	168	118	0	201	43	155	21	182	40	80	245	204	21	154	123	216	76	217	142	
195	76	142	188	13	180	188	134	158	82	194	87	172	234	51	203	229	99	187	199	164	197	151	235	144	115	218	11	24	117	57	30	
155	219	87	152	211	208	61	119	189	77	86	231	44	6	174	245	102	163	142	132	247	153	36	255	62	38	62	194	59	132	169	93	
61	73	43	234	213	198	111	244	132	200	254	2	113	223	49	96	248	232	23	222	75	139	58	253	251	237	175	8	57	179	240	242	
63	141	107	201	214	179	235	250	85	64	222	198	81	237	183	100	126	234	23	237	153	187	45	255	122	45	171	196	183	171	112	244	
134	72	130	154	20	131	170	64	22	130	81	18	32	202	49	72	88	40	2	211	98	180	8	250	0	6	155	128	20	59	48	128	
120	91	115	76	114	90	255	120	105	44	124	234	121	29	173	116	54	221	150	226	192	51	45	237	118	237	32	181	119	179	71	105	
60	84	238	109	244	118	255	126	85	207	126	34	91	61	191	96	127	252	183	170	168	180	53	174	103	239	244	133	247	251	252	211	
87	58	131	131	50	38	43	80	47	235	91	230	188	70	215	100	119	141	31	157	135	208	189	233	148	52	187	160	140	231	51	117	
19	133	106	207	214	178	235	55	116	65	94	2	121	35	182	100	118	131	55	169	179	152	37	255	124	47	170	192	53	130	161	232	
90	206	102	156	107	146	61	111	191	15	212	179	44	238	166	213	239	191	239	129	110	143	227	255	182	119	218	139	55	148	173	207	
79	188	239	199	182	118	171	146	124	205	222	230	216	166	223	102	119	78	127	157	131	217	189	236	124	46	174	196	143	199	49	125	
31	58	195	163	115	187	58	216	47	233	251	237	47	14	195	148	183	141	207	148	135	145	29	253	158	84	11	166	239	135	11	221	
28	122	218	99	115	27	50	88	47	172	117	239	47	11	199	148	62	153	199	80	130	176	13	251	86	213	33	167	255	143	79	155	
180	77	98	236	213	35	198	106	85	162	250	26	67	41	53	145	120	206	6	227	104	183	69	142	179	238	197	16	103	250	114	136	
9	1	236	213	52	26	233	48	117	193	86	130	217	45	151	237	126	236	55	236	149	248	101	204	78	239	243	128	167	164	112	228	
60	21	231	237	228	102	255	122	85	206	127	38	121	253	189	111	126	246	55	234	184	242	119	138	119	239	229	128	231	251	116	243	
34	213	48	202	255	135	158	237	13	8	184	42	44	92	60	0	222	19	151	97	210	43	72	255	57	28	140	250	85	14	209	155	
171	221	119	81	245	223	175	247	125	225	122	82	232	156	180	165	126	42	18	24	241	184	117	255	47	30	150	66	79	140	209	252	
180	69	67	140	220	35	198	104	21	162	249	74	66	232	53	1	120	228	78	227	104	167	72	138	176	164	143	60	117	123	112	128	
7	15	234	223	180	34	175	83	92	143	95	242	208	232	183	108	123	110	34	159	176	176	45	234	108	46	231	128	149	251	245	229	
40	195	57	235	190	201	87	173	78	13	124	40	247	117	104	112	211	90	142	64	66	56	107	53	239	213	52	59	48	90	196	171	
63	5	230	245	148	18	238	49	113	226	214	131	91	45	157	111	127	222	53	175	248	240	109	142	126	239	215	133	167	252	240	100	
44	120	184	113	229	253	240	210	82	175	52	25	155	157	87	136	201	24	151	24	158	62	240	178	79	221	177	117	210	205	94	194	
250	129	98	254	197	212	124	61	85	4	119	19	105	127	62	193	120	147	183	224	254	26	83	223	119	251	218	203	55	142	252	74	
51	216	43	254	68	133	191	230	133	66	220	135	49	189	52	96	108	251	19	207	203	187	178	169	115	108	158	8	29	27	117	248	
123	223	107	78	118	208	255	247	245	72	94	231	56	158	182	100	110	187	183	197	207	155	36	255	114	45	190	138	63	148	240	253	
43	205	43	90	93	213	207	230	197	92	252	15	58	204	54	97	200	226	19	207	79	43	58	253	123	91	150	120	91	28	244	254	
11	157	114	73	243	215	186	103	77	69	126	163	140	28	182	228	254	59	147	145	214	184	53	223	47	28	10	195	87	14	173	223	
8	159	51	169	243	227	187	115	60	5	74	231	189	55	32	192	247	59	19	145	50	152	81	95	237	229	170	192	146	6	165	241	
58	251	66	137	87	151	254	244	7	69	108	135	41	143	62	132	124	136	147	228	198	154	52	253	43	76	140	99	63	158	252	220	
59	233	34	136	85	213	202	236	71	97	132	11	42	156	54	164	248	235	146	237	207	43	60	253	187	92	140	121	91	14	184	206	
8	20	51	153	118	231	177	66	30	9	82	115	156	150	32	200	247	57	3	17	19	188	17	215	13	6	58	192	144	9	33	179	
2	46	170	155	116	225	184	71	30	77	81	179	140	140	119	8	255	59	147	145	134	156	8	211	15	20	154	227	149	76	61	223	
59	72	99	76	87	223	139	104	205	64	229	138	59	204	53	164	122	168	18	111	73	35	116	221	51	8	1	56	119	143	115	252	
2	208	51	153	52	175	168	66	62	9	82	67	156	158	36	72	226	25	27	17	19	148	16	212	5	20	58	192	156	9	161	179	
2	80	55	201	52	135	168	64	174	25	82	67	156	154	36	72	230	25	27	145	18	144	16	213	133	48	186	196	148	9	177	131	
123	219	106	206	79	213	223	254	197	68	220	199	41	200	55	100	110	227	183	207	207	43	62	255	115	111	138	137	63	159	124	92	
153	16	91	233	103	252	105	83	45	93	116	182	31	151	174	245	110	137	134	24	135	188	54	213	199	249	178	201	63	140	109	249	
61	73	106	234	69	83	95	64	21	2	245	130	27	159	51	109	122	184	151	238	24	179	48	204	243	221	130	1	119	191	100	224	
58	143	98	156	127	144	141	103	149	12	216	231	40	238	182	196	110	171	183	133	206	139	6	255	50	102	186	139	55	140	180	255	
2	136	59	153	24	228	121	7	143	93	64	21	188	142	54	72	231	11	59	156	22	156	51	215	143	60	154	65	144	0	165	94	
61	9	123	205	71	86	239	112	69	192	254	130	91	5	183	100	122	168	18	238	141	179	52	140	83	237	160	0	127	187	120	240	
59	237	110	90	93	213	194	230	199	89	180	10	58	221	182	164	201	226	214	202	79	43	42	189	59	217	165	251	83	30	122	206	
2	141	60	219	246	224	185	39	156	29	90	51	180	58	38	64	227	51	23	129	54	152	34	215	79	38	58	195	144	0	165	75	
64	159	63	185	244	235	177	39	124	77	122	119	180	58	164	64	227	51	6	17	54	184	33	87	108	38	58	195	16	0	229	203	
59	73	103	94	29	215	202	96	197	72	252	10	123	205	53	164	120	160	159	239	203	163	62	189	51	111	129	144	127	191	120	124	
95	44	142	180	145	166	58	3	186	195	206	21	140	226	51	218	225	111	249	151	52	205	146	234	219	119	219	3	136	101	57	18	
19	219	107	156	98	208	61	247	189	76	86	231	41	134	182	244	110	171	150	197	215	25	38	255	54	111	190	130	61	148	173	253	
35	79	106	17	242	179	168	230	85	236	94	231	33	172	183	228	78	175	151	157	141	154	100	254	46	31	190	193	157	156	120	221	
195	115	73	129	122	136	43	16	172	228	94	231	157	134	211	246	38	5	126	255	199	144	165	192	164	40	170	196	44	134	9	117	
24	141	34	161	148	231	187	55	22	37	90	3	245	62	48	64	240	63	23	177	148	152	81	159	237	135	170	192	52	74	149	202	
139	156	22	157	119	181	184	103	221	75	82	119	172	188	182	228	239	43	158	133	167	189	6	223	6	126	218	130	30	12	57	157	
145	95	239	229	54	2	239	246	180	232	146	230	181	175	177	99	110	245	93	239	233	193	37	44	240	137	239	144	45	249	33	121	
34	216	82	159	118	129	186	228	158	0	80	162	172	222	53	64	126	59	147	195	66	186	10	253	52	28	138	170	85	25	33	153	
18	73	82	156	86	128	238	102	141	128	250	2	44	138	53	64	106	233	31	195	64	171	2	236	48	44	138	136	5	57	113	136	
195	145	107	94	192	212	237	119	121	68	126	2	120	190	182	117	126	175	55	201	245	186	182	237	55	58	218	192	103	198	231	236	
163	121	227	222	205	149	174	231	223	194	80	66	40	216	245	229	200	123	146	203	199	234	86	249	52	24	207	42	29	124	249	188	
2	72	18	159	86	129	186	230	30	0	80	2	44	202	49	64	126	123	19	195	66	186	18	253	53	36	154	40	21	25	33	136	
52	92	254	239	116	127	251	250	85	207	127	39	83	61	191	64	127	220	55	170	140	176	117	142	71	239	228	133	247	250	124	219	
218	2	246	253	51	240	184	67	189	141	254	179	173	174	38	222	238	191	239	145	20	223	162	205	150	243	218	131	135	196	47	207	
48	4	71	253	85	2	102	96	117	2	242	66	67	41	52	89	121	204	38	162	40	242	17	140	179	238	208	0	229	232	112	128	
57	65	230	101	5	18	232	16	103	145	118	2	75	41	149	108	122	236	55	200	136	240	101	204	79	235	194	1	103	174	112	4	
71	112	235	131	54	214	171	80	111	237	95	230	188	70	223	100	118	141	31	157	131	145	189	201	212	60	171	128	142	135	49	117	
90	142	166	157	59	146	184	99	189	15	214	183	172	174	54	199	238	167	239	133	236	207	163	223	150	119	218	131	23	68	61	223	
52	21	247	237	244	102	239	126	81	206	122	102	83	125	189	106	126	246	55	234	185	242	49	142	119	238	229	128	247	251	244	241	
180	5	194	140	212	35	198	235	17	130	250	10	66	96	37	73	249	238	6	163	104	227	25	142	176	166	207	28	249	121	240	128	
71	185	235	194	118	246	171	208	109	201	223	230	88	190	255	116	118	205	63	189	131	147	189	236	28	44	175	196	141	135	55	253	
23	122	195	130	115	151	106	88	47	233	251	231	108	142	255	180	190	141	87	245	135	147	60	223	62	92	139	134	175	135	42	221	
139	28	151	159	119	180	184	103	221	75	83	119	172	190	180	228	230	43	183	133	183	156	52	231	6	126	154	194	158	12	185	221	
62	161	230	229	21	18	232	48	49	161	242	130	75	41	20	79	120	204	53	233	152	248	197	140	31	234	215	133	167	174	112	2	
163	141	119	89	116	203	237	119	125	69	126	18	184	149	180	37	123	58	18	8	243	184	53	223	45	30	22	64	87	136	229	236	
4	15	238	223	182	178	238	209	212	143	223	231	65	233	181	72	123	110	43	222	176	249	13	234	110	47	167	192	199	251	248	129	
2	161	122	235	150	215	186	109	78	5	95	131	189	222	62	96	254	27	19	149	150	184	53	125	43	141	42	193	213	10	237	219	
26	157	7	171	179	199	107	55	165	69	74	231	237	39	160	196	118	51	159	236	89	152	17	255	237	244	138	192	54	134	181	121	
155	223	62	169	54	199	191	117	140	76	218	167	189	30	34	65	230	35	31	229	246	137	21	253	232	1	170	195	52	14	189	91	
39	178	232	75	213	117	186	73	91	109	121	158	8	204	222	172	221	153	147	149	151	50	252	211	15	28	139	239	221	79	222	245	
19	151	42	171	182	195	186	103	12	77	89	167	188	94	58	64	254	43	147	165	214	152	28	255	232	5	170	195	29	14	185	219	
9	136	22	185	119	183	168	83	60	9	86	114	141	147	160	236	102	27	154	24	19	152	1	213	140	231	58	66	154	140	41	161	
39	182	232	27	86	177	186	73	94	65	121	255	0	220	222	40	255	25	147	145	151	182	76	211	14	29	155	239	221	15	250	215	
56	191	121	235	246	201	119	253	95	37	125	42	55	245	104	112	51	90	6	114	82	56	40	55	127	133	37	125	112	138	196	171	
184	72	106	236	85	86	235	112	65	12	252	2	59	27	51	100	120	168	151	234	104	182	0	174	115	237	162	129	119	191	124	170	
36	140	252	201	220	247	219	154	71	55	252	18	18	29	246	108	73	152	31	152	186	46	113	215	79	31	145	85	183	201	124	98	
185	77	99	220	85	214	239	97	84	74	242	18	113	248	181	229	88	168	22	207	237	175	52	175	49	41	170	136	93	56	112	252	
169	73	35	222	125	213	199	103	212	72	244	2	186	220	183	229	88	170	22	207	237	175	118	191	97	105	162	136	95	28	112	252	
155	95	70	156	62	146	140	118	148	134	210	231	41	142	183	199	110	225	159	199	233	143	6	239	176	99	250	130	47	180	56	221	
147	91	94	188	42	146	156	102	180	206	214	231	45	206	167	203	102	113	140	231	237	207	38	236	178	227	238	131	61	177	41	93	
171	201	104	90	61	213	199	247	87	72	220	42	186	89	182	164	200	170	23	201	239	42	114	191	102	93	176	187	127	156	216	255	
42	251	120	90	124	217	211	246	207	12	188	104	42	88	166	36	202	242	199	66	198	42	106	253	126	85	36	251	87	156	94	239	
43	215	105	202	93	149	205	255	87	85	220	199	57	76	190	100	93	138	147	205	223	10	119	255	111	93	158	200	31	156	244	252	
179	219	111	220	22	148	255	246	213	64	214	231	57	141	183	99	110	251	147	199	239	175	38	255	115	105	202	128	63	148	116	249	
35	149	33	250	221	133	205	125	71	73	249	94	240	77	60	96	220	155	19	141	219	42	114	183	111	94	156	120	89	10	240	184	
40	104	184	241	181	253	240	214	223	175	60	17	158	157	83	136	201	58	151	24	138	188	240	178	207	223	20	113	210	220	94	203	
131	149	99	95	85	244	175	103	121	69	123	18	104	252	188	229	248	63	179	173	241	186	182	239	53	56	218	202	87	70	247	252	
63	121	96	162	247	116	158	212	9	125	157	175	72	92	95	15	174	219	149	215	204	114	188	224	115	89	206	171	103	95	255	215	
91	97	105	129	114	152	235	16	44	100	159	134	153	134	215	244	54	133	95	239	199	1	229	220	246	45	170	136	38	135	43	244	
57	83	115	68	118	210	255	240	101	104	126	226	89	220	189	244	62	253	150	235	193	177	44	205	50	45	33	132	119	179	100	237	
2	73	18	156	70	128	174	230	140	0	208	2	172	202	49	64	106	235	19	193	64	139	2	237	52	52	138	136	21	25	113	136	
82	207	35	142	23	192	186	101	141	4	218	163	44	142	38	68	246	187	155	193	70	137	0	255	184	36	142	203	21	14	181	94	
216	201	62	189	54	142	189	53	140	4	82	19	247	29	48	65	102	55	29	97	124	169	17	157	225	161	238	193	52	8	189	10	
41	165	97	75	245	159	206	255	95	73	121	84	242	112	188	228	89	10	18	60	251	186	125	191	45	28	148	100	91	14	210	188	
95	45	142	176	153	246	30	67	190	203	202	1	44	250	99	218	225	103	249	149	28	203	146	238	251	247	223	75	136	101	185	70	
150	92	175	252	12	230	207	98	164	202	210	71	113	239	53	107	236	245	125	199	233	199	18	104	209	170	235	152	13	113	117	114	
56	1	102	229	69	18	232	16	101	0	250	2	75	11	52	96	122	140	47	216	200	176	69	128	23	233	130	65	103	138	112	134	
23	112	235	132	118	86	107	88	111	236	213	230	24	158	247	116	126	141	31	239	203	151	164	202	148	60	171	174	45	167	54	245	
138	14	134	157	83	182	184	103	191	7	86	151	172	170	54	205	238	47	187	133	180	220	7	223	22	119	218	131	14	68	57	222	
52	1	150	156	92	3	198	104	20	130	224	10	66	224	33	89	216	228	2	98	124	227	73	12	176	38	199	29	209	122	120	130	
37	21	243	237	116	102	235	248	85	201	123	102	81	253	189	96	126	252	55	248	145	186	191	140	63	238	167	128	239	235	112	241	
103	112	107	128	118	214	235	88	109	201	223	230	88	222	191	116	126	173	55	253	135	147	188	204	60	60	171	142	13	135	115	245	
114	225	230	229	69	2	234	64	103	160	250	2	67	11	20	194	120	204	117	243	200	241	133	140	27	232	131	69	39	171	112	130	
35	91	115	198	118	211	183	244	205	196	124	226	56	220	183	36	46	248	150	107	197	187	36	236	54	12	38	139	119	191	117	253	
28	165	33	171	149	231	171	89	70	5	217	3	223	121	56	0	121	27	31	177	154	160	89	151	237	212	138	68	247	79	181	162	
11	156	51	217	215	244	185	231	223	91	90	114	172	254	188	228	247	59	179	145	183	156	54	247	61	118	158	194	159	76	161	253	
175	104	225	136	204	69	191	200	74	252	112	143	24	204	127	10	255	201	51	247	196	118	158	208	124	8	239	172	213	63	118	210	
26	149	7	138	183	215	107	125	13	69	91	194	236	71	56	196	118	146	159	189	83	137	25	221	185	116	138	194	54	142	181	125	
30	150	35	171	55	231	171	89	31	69	89	231	205	79	56	196	127	9	151	189	19	128	25	215	137	214	139	198	182	143	181	241	
1	141	115	95	116	235	173	119	125	79	127	16	184	181	180	100	123	58	34	8	241	184	37	223	37	62	18	2	87	200	229	237	
82	135	99	136	159	193	158	239	13	5	216	163	44	206	44	196	250	155	159	225	94	139	4	255	185	100	138	219	53	14	181	126	
16	251	123	208	86	207	115	242	87	37	100	10	31	229	32	48	63	248	2	90	114	186	56	127	127	132	5	100	115	139	197	160	
43	204	225	201	221	247	201	135	95	119	240	18	136	28	245	236	201	152	146	153	171	62	117	214	15	94	146	230	151	28	116	236	
162	201	125	223	126	217	213	255	95	90	84	58	50	92	190	37	202	10	151	73	231	44	103	191	102	89	48	187	119	156	220	239	
163	213	109	219	124	197	220	173	223	89	240	19	240	93	60	97	200	10	23	109	235	46	91	159	103	88	182	222	93	24	208	186	
48	1	198	237	84	2	64	104	85	1	227	3	67	40	36	80	120	204	38	224	8	178	81	204	145	170	192	2	113	42	112	2	
35	148	102	136	85	180	186	234	93	73	90	83	72	252	62	228	249	139	179	181	183	190	23	215	31	62	154	207	223	13	121	214	
42	116	242	122	89	241	144	79	203	7	236	49	172	253	110	156	139	59	195	145	6	107	242	195	75	213	22	43	195	84	175	202	
27	91	99	76	118	210	175	112	101	200	126	226	41	204	181	228	126	249	150	235	193	187	36	237	50	44	162	130	103	182	108	237	
160	76	21	254	124	193	167	226	156	10	208	98	180	85	161	99	202	121	23	67	99	230	74	63	228	162	234	136	20	57	52	171	
94	173	151	178	155	242	22	231	162	201	138	35	78	250	98	210	225	231	253	209	92	203	138	236	187	103	143	219	128	119	191	71	
87	12	238	133	133	118	188	67	173	254	222	151	73	46	183	239	97	229	251	173	149	209	181	192	19	127	218	134	143	117	57	212	
35	153	65	89	245	159	230	239	94	97	112	70	144	120	188	228	216	10	18	109	215	184	125	189	46	94	135	70	95	12	216	148	
91	33	107	132	22	82	107	112	44	64	215	142	25	6	151	116	118	137	31	239	201	146	53	204	244	13	170	128	37	167	35	244	
178	69	82	224	197	226	238	67	141	138	251	87	9	75	53	196	232	169	7	162	104	151	16	202	179	216	138	131	61	121	240	134	
54	245	103	162	238	5	158	216	137	88	153	239	92	93	125	11	254	211	23	243	194	99	26	226	49	24	207	230	5	127	183	215	
74	133	87	202	149	215	108	53	165	1	79	66	104	119	184	197	96	178	190	232	123	153	49	221	59	120	128	66	54	142	180	44	
118	115	107	200	238	64	158	200	138	212	152	235	88	204	125	43	190	209	215	247	194	99	174	248	49	8	239	190	69	127	247	215	
132	222	188	183	168	110	159	183	158	127	23	181	247	127	43	75	135	87	125	7	244	205	41	46	233	247	127	145	148	121	141	91	
3	165	34	159	125	181	182	107	92	13	93	3	236	248	62	229	216	43	146	1	246	186	110	239	36	54	218	11	28	78	185	206	
247	89	236	68	204	87	222	236	201	254	176	10	66	28	215	51	200	197	126	230	204	99	247	200	55	24	197	190	117	248	86	70	
48	1	70	172	77	2	194	72	69	32	226	2	67	136	36	208	248	172	34	96	72	179	1	156	145	224	130	19	113	42	112	130	
120	1	98	229	85	2	226	96	101	0	230	2	11	9	53	192	120	140	11	232	72	179	21	140	23	233	130	1	103	139	112	134	
55	65	107	228	84	86	75	112	101	192	231	130	83	22	183	116	120	140	23	239	201	147	53	204	241	237	138	4	39	167	118	228	
199	22	231	213	46	54	169	18	220	202	223	246	208	124	189	111	127	100	58	175	161	197	39	202	4	62	203	132	143	253	113	245	
48	65	134	172	93	3	194	104	7	128	226	10	66	200	37	214	248	236	34	98	76	163	19	140	145	176	129	27	113	43	112	130	
2	176	178	154	91	245	184	67	159	93	85	23	172	158	102	140	239	59	147	145	22	94	50	215	31	22	154	235	147	12	45	223	
123	61	101	68	252	111	205	35	73	234	186	75	58	60	20	179	200	230	95	37	252	43	245	206	55	12	229	48	101	236	86	94	
90	29	165	164	139	98	149	15	142	227	138	167	206	60	69	194	193	87	253	129	89	75	211	128	185	231	223	63	128	124	149	90	
33	217	30	89	213	159	164	231	78	113	122	70	178	152	182	160	232	42	18	77	215	184	20	189	46	91	7	70	93	12	217	140	
92	175	26	162	187	208	22	231	167	140	202	35	46	251	98	208	242	251	141	209	94	139	130	47	250	229	175	203	162	7	190	75	
163	48	225	211	77	247	248	73	95	251	181	26	200	92	92	237	217	153	179	145	215	246	125	208	15	88	155	55	87	78	216	174	
50	141	67	168	147	195	30	239	21	1	216	163	47	14	32	196	123	187	151	161	95	138	64	255	185	228	138	203	53	12	181	126	
40	201	51	216	85	215	171	230	223	0	104	66	40	133	37	164	172	58	130	216	195	186	50	253	57	24	7	98	83	152	101	172	
21	139	70	143	188	130	238	240	196	136	219	231	225	233	181	192	126	100	46	255	213	169	15	236	62	44	167	200	45	170	121	129	
53	93	111	78	180	31	79	253	84	200	255	70	83	96	187	113	126	236	22	110	233	178	125	46	248	47	101	148	125	251	240	229	
2	143	115	95	244	231	175	119	125	15	126	16	232	225	180	100	123	58	2	8	178	184	32	255	101	62	18	64	83	200	229	173	
63	106	98	168	117	151	234	80	181	200	208	231	41	202	183	176	254	169	23	247	207	151	4	255	176	76	171	136	39	151	114	197	
2	157	115	217	215	226	185	103	30	69	94	162	188	190	180	100	103	59	19	129	147	152	55	223	109	38	158	194	151	76	181	252	
34	91	115	78	86	145	191	244	197	196	252	166	41	205	181	36	110	249	147	235	192	187	52	237	119	8	130	136	119	191	101	252	
37	57	211	237	116	198	234	120	70	200	123	102	81	217	181	224	126	124	54	248	129	178	157	140	62	172	163	192	125	171	112	177	
