Ê¥ÂÞÀ¼Ó¨ÁÁ²Ó½ð´½²Ê	#203 ÐÄÌø (HOT)	http://www.yslbeautycn.com/on/demandware.static/-/Sites-ysl-master-catalog/default/dw400f50b5/Makeup_Pro_img/00028YSL/L4972200U_203_COLORIMG.jpg	//www.yslbeautycn.com/dw/image/v2/AARM_PRD/on/demandware.static/-/Sites-ysl-master-catalog/default/dw3502f033/Makeup_Pro_img/00028YSL/L4972200U_203_01.jpg?sw=336&sh=444&sm=fit
134	144	178	155	123	165	176	66	62	89	81	18	172	222	44	72	229	57	147	145	178	156	18	215	5	30	26	202	144	5	33	147	
0	36	130	131	84	163	162	70	22	131	89	2	0	138	105	0	121	8	2	16	2	180	1	194	12	4	146	68	149	74	48	128	
135	22	231	193	182	34	169	27	126	123	83	246	208	44	252	109	119	13	31	189	179	212	45	198	12	30	187	198	172	193	177	245	
162	220	54	218	111	197	188	231	141	88	144	19	44	222	52	65	239	51	151	195	242	47	26	255	57	26	158	202	21	30	241	219	
191	78	102	158	15	115	218	232	213	70	213	163	105	236	191	229	126	224	191	239	172	167	46	251	18	123	201	155	119	255	124	222	
19	133	107	205	20	146	239	119	100	65	222	66	113	42	182	100	120	166	23	173	217	153	37	207	112	46	170	128	37	130	240	236	
6	4	2	137	20	163	170	202	22	1	91	2	72	202	56	64	121	9	19	177	18	148	9	223	40	6	155	196	148	11	48	128	
166	8	130	158	76	160	138	64	148	130	81	2	32	200	49	73	72	104	19	195	32	166	2	170	16	32	138	136	149	107	48	128	
113	115	3	168	108	5	232	84	133	232	184	207	151	131	177	84	110	164	78	236	201	3	212	200	176	176	170	184	61	154	50	153	
34	249	34	154	95	209	190	230	142	68	88	139	172	220	54	1	234	59	147	195	70	58	58	253	53	16	138	43	85	30	127	222	
2	249	34	138	95	197	186	229	142	113	88	139	172	222	112	0	238	59	147	209	82	58	18	245	61	16	142	235	21	14	181	218	
134	32	130	145	20	163	168	64	22	35	83	18	8	138	121	72	121	9	19	145	2	148	1	210	12	6	154	196	149	72	49	128	
33	96	245	69	108	71	225	78	79	185	242	72	16	145	212	54	72	12	114	24	65	254	243	220	5	184	83	38	81	136	98	172	
159	22	231	145	182	50	168	16	125	219	83	246	205	78	188	237	119	13	158	181	181	212	37	206	140	110	251	196	172	197	49	85	
54	14	38	158	13	241	150	97	221	134	193	131	236	236	55	73	200	33	171	7	44	163	74	253	145	118	202	27	20	111	53	198	
166	32	230	146	196	162	168	65	144	194	209	147	72	206	53	75	120	173	19	183	176	199	134	202	16	42	203	136	133	111	114	192	
55	88	115	232	55	237	83	64	45	65	249	8	30	156	37	180	250	185	30	112	11	39	48	222	147	220	2	122	208	11	103	246	
2	132	34	153	215	241	184	74	31	85	89	179	140	142	110	72	251	27	147	145	54	156	34	215	15	22	154	207	149	12	53	214	
111	19	96	128	110	189	248	81	141	72	213	239	140	8	150	198	238	161	223	189	149	178	68	192	150	89	170	218	15	142	121	213	
98	50	38	153	123	131	184	66	47	53	240	173	140	142	70	88	238	157	235	145	2	223	195	213	149	48	154	251	1	4	39	219	
9	33	126	77	100	27	232	80	109	96	118	70	187	8	151	228	106	140	126	205	133	176	229	200	6	233	34	128	111	140	121	133	
185	85	99	237	118	18	111	113	85	64	127	230	89	109	177	101	126	236	22	238	233	176	37	143	102	239	160	128	127	250	112	241	
151	30	103	159	182	50	175	50	124	66	83	246	225	108	181	229	119	111	62	167	165	212	37	206	164	46	186	128	173	229	49	245	
41	193	97	79	85	95	230	237	65	64	120	74	114	88	156	164	120	136	18	236	197	186	117	253	39	28	128	0	127	158	242	172	
146	248	32	154	203	245	152	206	159	85	132	155	44	222	110	8	237	155	147	145	22	79	58	243	27	18	158	251	151	28	189	222	
142	178	240	243	166	244	184	147	175	89	29	183	141	31	222	106	167	19	159	149	150	76	42	243	206	217	186	235	150	197	165	83	
18	160	172	169	30	3	152	74	22	161	208	163	23	29	32	0	248	157	91	177	14	159	65	159	217	198	187	117	53	8	53	138	
1	145	115	85	114	206	113	55	125	65	114	112	159	29	132	112	38	31	22	8	145	184	117	69	71	172	50	66	109	128	163	185	
151	95	111	199	38	34	175	49	124	194	223	246	241	96	183	101	118	102	60	239	225	181	37	206	160	46	238	128	45	242	49	117	
3	151	32	137	245	191	176	107	94	109	89	151	140	136	62	0	217	11	147	21	150	184	85	215	12	20	154	231	221	14	153	214	
86	120	51	200	59	205	19	64	171	69	160	8	190	151	37	60	250	185	95	80	10	39	178	210	145	148	10	59	144	19	39	98	
6	166	160	155	117	225	184	74	30	45	89	179	140	204	126	8	217	11	131	149	18	152	74	215	13	20	155	239	148	77	21	211	
63	84	238	192	38	58	223	112	105	202	247	174	91	60	191	63	126	212	151	239	137	182	36	200	210	75	235	148	231	255	114	117	
139	159	47	94	168	244	159	183	150	95	92	245	252	245	186	97	215	115	187	15	247	14	62	63	99	63	126	138	30	244	189	123	
80	0	15	173	26	3	88	107	22	161	202	227	119	63	32	64	126	149	63	161	8	139	81	31	209	166	187	84	52	8	52	42	
178	98	104	169	6	203	248	71	6	100	208	179	163	12	18	8	104	169	151	149	142	188	101	144	198	65	186	161	117	12	85	218	
3	197	113	75	245	213	166	229	78	73	121	66	168	216	188	164	216	26	130	1	215	184	124	245	45	28	158	98	87	14	209	172	
82	49	54	172	107	135	88	73	171	184	192	173	143	223	96	82	246	189	253	181	78	83	194	209	211	240	139	191	52	4	39	19	
34	201	106	206	87	197	135	252	68	4	116	2	48	217	181	100	88	58	19	202	194	170	116	253	115	12	128	8	119	155	116	232	
211	14	142	191	50	162	60	50	52	203	82	247	253	107	179	201	119	103	63	167	165	221	5	239	212	39	250	129	172	229	57	89	
130	32	224	147	70	129	168	64	30	99	81	147	140	142	93	8	63	9	19	149	130	212	12	210	4	14	154	164	133	12	49	216	
2	217	18	154	125	133	188	231	142	24	88	35	172	222	32	65	236	59	147	193	66	26	2	253	53	16	158	234	16	28	165	219	
2	144	178	155	83	229	176	74	30	17	65	51	140	222	44	72	223	25	147	145	50	156	90	215	13	22	154	111	144	13	37	146	
40	115	122	104	106	79	121	93	165	44	252	169	24	159	102	16	238	149	207	160	64	163	160	80	87	137	32	185	115	130	102	251	
11	56	51	193	79	189	184	83	109	104	210	78	184	24	149	174	238	185	90	157	135	186	245	192	23	120	138	162	79	13	25	157	
97	0	180	205	76	141	225	72	206	16	65	2	240	217	61	102	88	44	58	73	2	32	207	145	69	56	131	28	85	43	80	160	
183	16	67	168	109	23	202	72	13	72	209	207	11	142	55	244	252	137	31	239	205	135	84	204	144	88	138	190	29	47	122	212	
36	228	213	93	124	139	225	239	122	178	96	8	82	241	205	189	25	108	34	56	114	242	202	30	44	142	69	108	209	232	82	160	
65	97	45	173	108	205	169	13	206	224	192	8	183	148	80	98	200	44	122	77	203	43	247	21	133	56	138	56	16	138	19	232	
82	153	123	252	202	192	29	39	160	70	70	163	53	191	32	80	230	191	181	192	88	27	162	117	243	227	250	203	52	0	165	123	
130	217	18	154	219	197	176	229	158	25	64	18	172	222	96	65	239	59	147	209	82	11	26	245	61	16	158	107	16	10	165	155	
2	144	54	153	113	229	184	67	30	25	80	19	172	158	32	72	197	59	179	17	50	156	82	215	5	54	26	235	144	12	37	219	
134	32	130	145	70	3	168	72	30	49	81	146	12	142	121	72	127	25	19	145	34	212	9	210	4	6	155	164	149	8	49	128	
18	48	4	173	11	231	176	75	47	249	218	229	172	158	6	88	228	29	255	129	7	217	83	213	149	114	154	195	25	4	59	159	
187	213	114	237	182	23	92	119	117	75	254	179	27	31	178	113	126	155	151	173	232	186	101	143	242	249	186	128	55	140	246	249	
35	201	97	206	87	213	135	236	69	68	220	2	32	92	188	36	88	138	19	233	195	42	126	253	53	28	130	42	87	158	244	236	
130	217	50	154	255	133	188	231	143	25	80	18	44	158	36	65	238	59	147	209	242	47	26	247	61	24	30	202	16	12	161	139	
176	95	83	200	102	3	206	80	5	168	184	238	11	3	165	148	110	156	206	234	201	163	64	200	178	144	162	188	127	187	102	185	
99	50	167	12	76	23	81	88	199	248	246	239	82	156	150	114	92	172	127	36	140	243	231	29	91	58	193	188	98	172	86	215	
27	141	107	221	246	144	237	119	117	64	94	194	57	46	182	228	102	171	23	141	213	152	36	207	118	109	186	128	39	132	241	236	
141	183	109	227	246	115	249	23	22	125	127	246	25	61	222	40	127	30	23	189	179	188	45	214	110	77	183	196	239	200	244	241	
40	233	104	110	93	201	194	232	71	4	232	139	51	201	51	144	88	168	130	74	78	58	94	61	115	205	128	57	115	155	94	136	
252	100	98	104	110	59	254	112	229	66	181	138	27	77	181	125	126	176	223	238	232	39	100	206	118	233	162	152	119	191	114	209	
211	216	54	254	39	148	30	246	189	74	86	167	44	191	183	97	230	115	189	199	228	13	34	249	179	122	218	138	22	214	37	95	
33	1	151	89	4	142	97	7	119	17	98	16	147	17	21	108	72	168	42	24	10	248	113	21	197	186	144	64	81	8	80	40	
166	72	130	158	76	160	170	64	148	130	81	18	40	202	113	75	104	105	51	195	32	151	130	200	16	32	202	136	21	107	48	128	
90	0	246	225	38	34	248	83	45	1	247	146	13	15	52	72	110	149	63	153	152	183	69	192	150	249	154	194	167	205	112	1	
135	50	235	81	230	114	173	219	122	251	23	246	144	45	223	47	63	78	23	159	179	244	173	194	78	14	255	228	205	241	211	245	
67	242	146	177	109	157	184	6	239	89	80	247	172	154	86	235	230	41	191	149	135	92	198	209	134	80	154	235	30	12	41	159	
130	16	54	219	116	172	184	64	190	25	83	49	140	206	52	73	230	57	179	21	146	156	2	213	4	58	26	194	144	5	33	209	
38	100	226	129	84	35	170	202	86	163	121	2	8	136	125	8	121	8	19	145	130	182	73	194	12	12	159	164	213	95	114	128	
32	137	132	95	93	139	226	172	214	17	96	2	224	233	61	207	89	106	34	72	26	120	91	61	13	166	213	1	209	58	88	138	
2	144	18	155	113	165	184	66	62	25	113	16	172	218	40	72	231	41	19	17	50	188	2	247	13	54	26	202	144	1	33	131	
97	81	3	172	108	205	236	85	237	72	185	77	182	26	48	112	204	161	94	165	205	35	80	204	180	176	138	24	88	10	178	88	
73	105	5	172	108	133	73	76	230	224	194	141	183	134	211	226	66	172	122	205	139	3	247	17	148	168	139	56	60	138	49	120	
34	24	117	219	101	237	233	18	173	88	119	0	184	151	149	108	96	56	83	8	3	56	114	241	7	56	146	42	83	141	71	248	
210	94	198	156	50	130	110	103	189	14	66	247	44	163	163	215	102	103	189	142	96	221	1	239	178	34	254	130	46	244	177	93	
187	149	112	225	182	31	124	119	93	109	255	183	31	29	190	112	126	155	151	173	254	186	101	199	254	221	178	198	39	140	244	211	
185	69	106	204	54	19	95	120	85	64	253	138	123	79	179	49	126	168	23	238	232	179	36	222	242	201	163	176	119	191	114	112	
80	16	123	233	18	226	121	19	53	1	231	178	149	23	0	120	102	159	63	144	27	154	113	69	213	164	186	192	165	128	36	122	
67	18	134	153	47	153	184	67	111	121	210	246	172	136	214	238	238	133	254	149	151	253	231	193	150	112	218	195	76	12	57	29	
82	233	58	248	11	193	17	69	175	28	132	9	188	159	98	90	224	49	251	209	66	11	130	209	217	144	26	123	16	2	167	10	
65	141	27	101	100	44	105	51	104	8	106	0	183	59	16	115	160	38	48	8	145	184	144	13	69	170	98	64	72	224	243	128	
26	53	98	233	182	59	248	91	45	97	255	179	15	31	254	96	254	159	223	181	152	187	33	198	158	221	138	242	247	206	241	213	
99	49	19	200	125	237	227	96	237	65	169	8	158	150	44	116	232	185	90	105	19	43	48	213	145	60	8	122	80	11	67	116	
146	50	39	141	15	87	176	75	15	249	210	127	10	156	84	239	236	157	255	145	143	247	195	209	23	112	27	255	27	12	61	215	
140	255	137	154	221	116	103	190	82	95	13	86	247	226	75	136	89	202	130	218	123	102	250	51	237	135	183	109	184	123	188	240	
130	137	18	153	244	137	172	103	140	9	112	18	172	138	48	65	234	43	6	17	114	170	0	245	36	48	154	202	84	8	161	137	
132	236	222	218	222	224	175	236	154	23	105	146	229	226	45	137	51	107	2	186	115	69	30	127	44	6	223	108	157	123	169	128	
1	162	166	189	60	147	144	41	22	177	66	171	231	204	130	68	158	44	235	37	140	248	199	157	206	114	89	55	118	172	20	206	
66	97	124	109	15	209	184	72	142	164	11	139	41	218	68	2	162	53	249	225	70	1	151	29	87	233	9	59	37	35	13	130	
34	150	148	24	235	187	148	7	159	219	113	253	142	236	196	159	135	59	230	21	181	236	66	192	14	50	90	218	216	76	139	149	
60	69	102	228	20	18	79	248	229	160	255	2	83	235	185	100	120	196	29	234	200	163	45	174	242	237	165	148	39	187	112	32	
88	50	46	140	61	211	17	72	134	212	196	169	172	199	226	70	80	60	235	208	10	67	227	149	209	225	139	59	18	6	54	242	
122	35	107	201	42	19	233	89	37	228	247	231	131	143	214	212	126	156	207	245	200	147	229	204	214	225	170	245	55	134	62	245	
127	88	242	226	102	48	250	82	41	106	247	183	31	30	183	124	238	149	223	31	141	183	37	226	210	223	250	146	231	253	114	245	
194	212	20	184	155	197	16	175	159	49	130	16	172	158	104	65	133	19	251	145	114	77	19	247	169	211	30	127	16	16	133	26	
130	136	18	155	116	169	168	2	62	1	83	16	172	202	52	72	227	41	51	17	50	156	2	247	4	62	26	192	148	9	33	137	
67	156	63	104	114	172	49	55	236	89	110	68	20	54	36	113	167	55	48	60	147	136	50	93	45	172	58	202	152	0	35	187	
214	158	157	151	144	108	39	167	57	95	122	116	102	50	143	27	169	103	100	2	121	124	155	98	180	182	118	2	200	81	163	93	
162	220	102	154	79	209	154	236	141	84	144	171	104	220	62	1	234	241	147	195	102	39	62	253	51	18	138	187	21	31	116	222	
6	143	135	159	223	232	166	165	254	55	67	87	228	234	60	203	177	99	42	131	116	120	30	119	44	38	223	105	152	115	153	142	
102	173	214	118	156	137	78	168	219	179	2	72	102	232	93	3	147	103	105	66	118	105	154	111	41	158	85	53	192	122	83	10	
242	97	114	236	46	10	92	127	205	32	184	138	15	142	52	80	254	157	95	160	200	171	197	223	178	252	154	186	117	136	227	25	
212	222	13	147	150	230	39	238	28	127	26	119	84	98	11	201	249	195	140	163	127	220	57	127	184	6	255	198	153	83	165	127	
91	49	34	169	47	221	152	67	109	108	210	175	143	156	86	230	238	157	223	149	156	57	245	192	151	241	154	211	14	12	61	95	
64	170	190	95	41	200	49	13	174	189	166	8	230	243	68	126	129	118	233	16	18	105	195	97	77	182	23	123	128	2	199	43	
160	97	122	72	108	221	177	72	206	32	252	10	146	153	245	102	106	56	122	104	129	35	226	216	87	56	3	62	85	139	117	162	
244	140	205	92	156	34	78	170	83	162	170	90	83	97	29	211	89	198	104	42	56	103	223	63	56	174	197	92	189	249	120	32	
251	5	3	140	68	13	79	69	13	96	169	139	186	7	49	148	92	160	90	174	73	3	80	202	176	184	130	56	91	158	122	188	
133	226	122	187	100	152	184	196	232	87	113	151	141	202	255	11	239	9	23	87	198	36	174	225	70	217	122	237	84	153	73	205	
0	66	107	187	36	169	232	6	236	23	83	243	183	136	56	72	171	43	15	149	134	188	69	224	196	148	186	192	212	137	85	202	
206	190	240	240	237	245	186	154	155	95	28	181	140	255	223	43	135	83	159	215	182	76	170	243	207	93	191	239	150	197	133	215	
207	191	176	178	249	245	154	218	155	255	157	189	12	254	231	47	143	83	213	215	183	75	250	242	91	95	237	255	158	119	143	247	
8	158	51	125	112	204	57	183	188	25	114	112	189	151	160	112	166	59	7	8	3	56	34	103	197	180	50	136	80	128	167	185	
50	156	122	186	91	224	153	99	150	85	205	183	44	223	34	64	238	187	147	128	26	11	26	245	83	225	154	75	57	0	165	218	
72	131	7	189	52	140	109	55	188	9	90	117	183	163	184	64	196	39	61	13	209	152	1	7	196	182	122	192	0	0	145	41	
120	237	51	232	121	193	87	97	129	12	185	40	47	215	32	180	218	185	213	98	90	11	34	157	179	209	32	123	50	14	38	107	
64	131	19	189	48	140	105	55	188	25	90	241	189	135	48	80	198	59	61	13	82	152	130	71	197	180	186	192	0	128	181	57	
9	33	103	73	102	27	232	81	109	96	242	70	155	8	148	100	106	140	126	173	133	176	229	192	22	104	162	128	111	140	113	132	
134	112	160	155	71	225	184	200	31	119	81	179	140	222	111	8	217	25	147	147	2	86	90	242	13	20	155	239	148	31	23	210	
34	98	38	137	107	201	184	68	47	53	240	167	172	142	70	88	238	185	235	209	2	159	195	208	149	16	154	227	17	13	39	219	
161	77	106	77	84	15	239	113	68	4	124	14	49	65	183	32	120	168	18	110	224	178	116	95	103	13	160	32	125	186	114	248	
41	205	122	78	84	207	239	112	64	72	124	14	51	113	50	48	88	168	18	110	193	58	48	63	119	141	32	40	123	186	122	184	
221	86	111	213	166	50	239	55	84	194	94	246	89	45	155	227	119	198	61	238	225	244	165	206	118	235	231	132	47	240	240	121	
182	0	242	225	6	42	248	82	45	3	251	146	15	14	60	72	110	133	31	145	152	183	69	194	150	248	154	196	181	201	113	129	
250	233	0	170	29	213	66	232	135	12	128	11	34	218	103	212	216	169	205	195	78	3	202	189	177	240	139	59	49	31	62	14	
134	120	176	219	75	197	176	200	30	25	81	18	140	222	109	72	237	25	147	209	130	84	26	241	5	16	26	238	144	1	33	147	
82	35	66	136	106	1	168	65	173	32	209	211	141	138	180	84	110	157	75	165	68	3	197	192	150	112	138	252	21	142	163	132	
139	222	251	254	249	244	255	191	148	79	93	245	253	255	186	225	151	123	181	46	243	204	58	191	103	255	252	139	150	244	189	127	
137	222	124	255	246	116	127	183	85	79	126	183	249	63	154	97	39	83	183	142	231	124	109	183	103	239	246	128	55	212	213	249	
63	64	66	172	69	23	74	104	5	128	224	11	75	203	63	213	216	169	151	239	76	135	80	140	147	249	138	25	55	191	122	196	
118	67	166	188	141	194	20	69	141	133	202	131	204	238	38	74	216	181	171	165	24	131	2	204	145	115	206	27	148	62	181	66	
123	35	106	137	44	27	233	81	45	228	214	207	139	9	151	212	110	132	95	189	220	179	229	204	214	105	170	208	47	140	122	244	
166	98	160	147	245	61	186	200	91	191	85	159	136	204	127	8	221	73	131	23	134	118	206	242	14	20	159	239	215	95	223	199	
98	35	22	168	106	7	120	73	175	160	192	233	7	139	96	82	230	157	127	165	72	155	194	208	148	240	138	170	56	8	34	131	
137	150	108	243	246	252	253	191	22	127	87	182	249	61	154	97	119	19	151	174	247	252	109	183	110	239	250	196	63	204	212	249	
247	105	34	174	29	217	194	104	205	32	193	10	46	216	53	228	216	168	26	99	78	35	90	189	177	88	137	59	53	47	94	38	
134	112	178	155	199	229	184	76	30	83	65	179	140	222	109	104	255	25	147	145	50	86	26	210	13	22	154	111	148	13	181	214	
166	98	160	147	245	241	186	200	31	63	81	147	140	204	127	8	221	11	147	151	166	54	106	242	15	22	159	239	149	95	149	199	
130	144	30	153	113	229	184	71	30	25	80	17	188	158	32	72	197	59	51	17	50	156	83	215	13	54	26	194	144	8	165	219	
49	73	107	238	20	131	75	112	69	64	247	194	115	205	177	96	120	168	23	238	201	179	44	189	114	237	161	136	119	171	112	240	
3	57	55	217	100	237	168	67	236	88	115	66	180	158	213	110	234	57	82	153	151	184	118	192	5	56	26	66	69	8	65	164	
143	182	124	123	249	255	191	191	31	255	29	253	221	125	222	169	151	91	151	63	183	124	127	183	111	95	61	231	222	221	205	251	
134	112	176	155	199	229	184	204	30	83	65	179	140	222	111	72	255	27	147	145	54	86	26	242	13	22	154	239	148	93	165	214	
112	99	122	72	122	3	208	105	237	0	181	42	26	155	164	52	122	176	75	232	72	35	128	220	115	152	3	63	83	168	102	162	
218	249	242	228	19	66	122	226	165	165	174	163	15	159	100	82	186	213	237	242	10	223	153	227	219	229	134	71	35	5	39	26	
166	226	160	147	229	241	186	200	31	127	17	179	140	204	127	8	217	27	147	151	166	86	110	242	15	22	159	239	149	95	21	214	
134	16	50	155	229	165	184	65	30	25	81	19	140	222	108	73	231	25	51	21	146	212	10	209	5	58	26	206	144	5	161	211	
54	37	98	224	182	35	250	83	45	33	251	154	15	15	52	72	254	141	95	177	152	187	5	198	146	220	138	252	231	207	242	65	
210	92	166	222	15	244	154	200	157	94	144	183	104	254	63	107	246	241	189	231	170	71	58	251	147	58	202	155	23	127	53	95	
67	158	141	183	162	42	45	191	60	251	82	244	245	38	130	127	167	71	124	141	177	220	175	109	140	50	127	196	140	228	129	125	
121	79	196	229	36	26	76	55	101	170	222	228	235	35	145	247	70	228	108	172	233	152	69	142	166	255	228	144	46	252	88	44	
179	71	90	236	22	23	78	101	1	130	248	206	3	8	181	149	126	188	134	166	109	179	84	142	178	252	130	16	127	250	106	156	
160	75	111	77	84	151	235	80	68	0	118	130	113	5	181	96	126	184	18	234	224	182	117	30	103	41	160	0	119	155	116	160	
210	128	86	163	246	168	120	71	45	17	251	18	141	10	28	90	239	151	127	145	26	158	129	193	158	248	154	194	165	128	161	1	
137	156	5	181	22	170	168	55	60	33	82	240	181	50	128	229	66	55	122	137	177	220	85	15	140	39	250	192	140	0	145	185	
57	4	67	172	21	143	74	96	21	64	225	9	19	9	48	148	216	168	21	111	41	178	80	159	147	253	128	88	115	143	82	0	
189	69	110	237	230	18	79	125	85	194	118	150	91	45	191	103	126	244	23	238	233	180	101	142	102	235	228	128	103	251	240	241	
221	156	141	158	219	119	7	251	146	254	140	159	93	102	171	231	49	198	170	160	117	65	60	158	251	71	239	61	187	118	29	118	
221	221	47	94	227	116	55	254	176	94	141	181	120	119	171	119	245	82	187	102	247	71	186	35	127	111	103	175	146	247	164	247	
66	178	213	92	27	194	0	40	171	148	224	68	228	203	77	82	144	61	105	64	2	67	155	93	9	178	65	63	120	34	39	10	
122	99	106	200	26	83	73	81	37	100	191	235	11	15	182	244	126	157	223	165	204	163	229	204	242	225	170	189	55	142	46	245	
100	162	159	180	93	75	129	232	250	188	32	76	118	224	107	131	17	101	96	33	33	97	154	93	25	134	109	61	200	40	79	0	
242	32	34	72	77	131	136	72	143	160	160	137	2	136	116	118	200	188	123	45	8	39	199	208	19	120	128	62	83	140	114	164	
130	8	22	155	100	168	168	0	62	17	83	16	172	202	56	73	226	41	51	17	34	156	2	245	4	50	26	192	148	1	1	128	
157	150	111	213	182	50	175	191	116	194	86	246	217	36	188	225	119	70	61	175	241	220	37	110	102	47	254	196	173	224	241	113	
166	12	130	158	76	160	168	64	148	130	209	18	64	202	49	75	121	40	51	131	32	215	138	202	16	34	202	136	149	109	112	128	
5	186	141	159	205	197	167	232	222	223	112	102	224	226	111	143	121	106	162	210	119	72	58	113	12	6	255	46	153	32	101	253	
3	10	187	155	100	236	233	7	254	87	115	85	180	138	116	73	163	43	35	28	150	252	54	113	69	58	18	64	152	1	197	210	
67	226	34	145	109	157	184	5	239	89	210	191	172	138	86	203	238	137	251	149	134	60	199	209	150	48	154	227	12	12	185	223	
189	72	98	104	85	143	74	80	85	64	116	11	51	9	49	16	88	168	23	110	15	182	80	157	115	201	160	32	123	155	90	130	
242	69	114	232	54	3	92	127	109	35	250	154	15	15	60	81	126	157	95	161	232	175	65	222	178	252	154	156	119	152	226	9	
218	226	226	160	19	66	122	226	37	53	158	131	13	143	98	82	251	215	189	210	10	159	129	231	251	229	142	199	39	7	37	74	
173	222	46	83	224	246	183	246	116	95	95	245	112	117	175	109	221	122	147	78	243	220	45	63	110	79	116	194	202	215	180	253	
128	192	146	155	116	173	184	200	190	25	113	16	172	202	104	73	231	9	2	17	34	244	10	245	4	48	26	74	144	1	33	129	
166	96	226	154	68	163	170	64	86	131	81	18	72	200	125	72	121	105	19	211	128	182	10	226	16	12	139	140	149	59	112	128	
119	105	102	198	206	16	238	224	201	192	152	139	72	204	247	35	110	229	215	231	204	67	174	232	50	40	207	172	37	247	242	212	
167	226	224	18	237	25	190	200	91	254	21	159	72	204	95	15	157	201	243	215	198	118	238	240	30	24	207	191	199	127	95	199	
255	95	172	119	171	118	23	181	149	222	159	53	106	124	143	255	197	247	253	227	253	197	107	174	243	123	253	147	170	255	156	119	
190	212	102	142	15	83	222	252	215	86	148	175	75	220	63	37	124	192	191	231	237	39	63	191	243	75	205	191	119	63	124	126	
114	51	35	168	124	189	120	65	173	105	210	239	135	28	16	80	238	157	223	149	156	186	193	196	151	240	154	251	60	12	186	23	
51	0	197	141	92	11	200	121	23	224	210	207	83	8	148	73	124	172	55	173	141	240	69	156	28	46	249	148	61	168	80	152	
63	80	238	196	38	50	223	80	73	194	255	170	91	45	183	126	126	212	151	239	136	179	37	232	210	223	231	148	231	255	114	117	
88	196	28	184	9	197	20	175	175	51	136	24	190	151	104	81	129	19	249	0	106	77	146	245	251	211	94	127	16	16	133	10	
64	234	154	72	57	201	18	68	235	13	160	40	166	210	68	52	128	188	236	80	10	47	194	115	153	180	19	123	64	2	7	47	
191	60	232	243	246	62	251	147	115	239	127	183	27	61	223	168	127	223	149	157	191	244	45	226	110	205	191	196	239	245	252	241	
56	201	106	238	28	131	66	120	197	160	245	10	115	201	48	80	120	228	95	106	200	163	8	157	242	233	161	24	119	171	114	8	
48	111	42	170	22	227	195	206	6	173	216	131	99	232	51	0	120	170	135	181	10	171	12	191	248	5	173	145	245	95	116	202	
173	222	169	27	240	180	55	223	86	95	93	245	220	117	202	253	215	90	151	30	243	222	125	35	110	87	116	238	154	223	164	253	
7	150	196	129	162	58	188	187	174	115	27	247	204	46	206	207	39	7	239	181	181	221	13	212	140	18	95	198	140	196	137	149	
3	203	66	140	86	147	174	247	5	64	88	231	40	138	182	196	110	171	151	205	199	154	4	253	48	40	174	130	63	156	249	157	
247	194	100	12	79	16	222	236	195	22	180	191	74	200	223	159	123	196	230	231	236	103	238	241	50	104	197	191	119	253	122	196	
157	159	175	31	147	254	183	183	246	95	95	119	242	116	171	239	117	122	170	38	245	252	63	63	111	103	119	195	251	127	189	247	
223	95	244	118	171	118	31	183	25	254	159	181	108	61	151	239	135	119	253	103	253	77	251	162	227	127	125	147	142	245	172	127	
126	247	224	10	159	81	151	232	19	119	173	143	74	236	110	148	89	208	233	227	126	99	126	183	123	71	133	127	243	127	222	86	
166	244	118	218	95	197	158	236	143	84	177	171	104	220	126	1	253	209	147	243	106	39	26	247	59	18	143	255	85	31	180	214	
50	34	206	165	50	11	72	40	22	161	195	203	103	0	4	200	82	45	105	37	8	216	69	29	132	34	217	20	36	136	24	8	
141	150	111	213	182	50	175	191	92	67	86	246	217	45	180	105	119	70	31	173	177	252	37	238	110	47	190	196	175	232	241	241	
48	31	46	170	28	163	195	126	68	140	218	231	99	233	179	64	120	170	15	245	172	187	13	60	248	5	173	209	253	74	116	91	
210	114	3	168	11	193	2	88	135	44	129	111	0	195	97	68	48	169	79	226	75	7	146	29	144	192	169	187	57	43	7	19	
18	135	45	251	178	195	185	239	22	21	89	179	245	71	168	65	95	27	135	144	58	152	104	183	237	135	186	193	180	2	165	251	
122	67	98	232	2	19	216	81	37	32	243	235	11	11	180	212	126	157	223	173	204	147	69	204	242	233	170	181	55	140	114	4	
173	96	225	97	108	15	203	152	66	250	177	92	211	81	217	58	29	220	116	254	201	102	249	2	69	152	229	188	239	187	82	160	
254	73	166	190	157	196	16	68	141	132	200	19	110	239	34	66	200	241	171	81	88	15	210	170	179	245	138	91	146	46	189	66	
134	4	134	153	148	34	168	67	52	147	83	18	64	170	56	73	121	14	27	177	48	213	1	206	8	34	218	196	132	104	176	128	
35	107	98	129	109	153	184	69	173	21	240	131	172	138	86	202	238	137	219	213	70	57	198	192	148	16	154	107	21	12	187	206	
38	170	233	145	238	97	185	202	139	119	20	187	0	173	87	10	75	218	195	21	18	103	238	192	31	20	221	255	197	253	86	246	
125	79	69	108	220	2	79	188	65	160	184	78	83	33	149	50	88	196	76	238	233	35	205	14	112	239	165	180	125	251	82	32	
218	228	146	228	17	66	114	226	181	132	230	19	15	159	104	82	249	221	249	242	104	207	144	198	251	245	138	79	35	5	38	90	
50	96	18	137	75	201	184	68	173	53	226	139	140	142	102	88	234	153	235	209	10	19	195	208	149	16	154	123	17	15	39	202	
105	143	68	69	33	26	76	55	101	166	238	236	235	32	150	247	70	166	236	12	252	152	229	143	166	255	240	145	46	236	216	12	
1	33	103	73	100	139	233	19	109	96	114	66	147	8	148	104	106	172	126	13	129	184	101	64	4	184	178	128	109	136	80	173	
114	0	66	136	72	1	168	65	172	37	193	147	129	2	52	80	106	129	75	165	88	3	85	192	148	16	138	120	21	8	163	128	
15	158	252	255	233	116	95	190	25	95	84	181	253	127	186	105	215	123	181	135	245	200	107	175	111	255	254	139	182	245	133	251	
95	76	134	180	139	50	60	98	173	194	138	199	77	46	51	203	231	229	249	167	77	197	23	200	146	115	222	131	174	119	57	22	
134	133	112	243	228	168	254	135	175	19	59	18	172	10	92	72	231	155	31	147	178	60	202	243	142	216	154	194	132	193	161	129	
94	19	142	164	130	38	62	176	32	166	142	167	77	47	67	74	246	213	237	198	12	209	147	64	218	231	255	133	173	243	45	19	
102	125	180	198	207	117	158	252	137	250	185	43	76	252	127	43	220	211	215	227	200	99	250	224	51	16	207	191	215	127	182	215	
161	98	31	169	104	139	104	69	44	32	96	192	21	131	0	208	106	141	98	133	65	158	193	80	148	160	186	32	24	8	171	136	
154	212	116	251	181	62	126	191	31	91	127	183	253	127	158	101	183	219	149	175	250	124	105	247	239	255	254	198	183	220	213	123	
134	72	22	155	100	169	184	0	190	25	81	16	140	202	121	73	226	41	51	83	2	148	10	241	4	48	90	200	148	1	33	129	
134	113	178	218	207	133	190	204	143	154	81	19	140	222	109	11	237	89	147	211	210	67	154	240	21	24	207	174	144	127	161	211	
160	255	89	106	118	203	83	252	80	9	124	42	51	23	160	48	122	184	6	120	106	186	32	127	119	143	32	225	113	138	78	171	
190	133	112	243	182	59	126	247	125	115	127	147	79	47	156	113	127	159	23	189	248	188	109	231	254	223	190	198	119	204	240	209	
91	94	206	165	14	50	188	32	164	214	158	167	233	42	23	203	102	101	253	231	140	193	151	204	194	99	234	129	45	247	57	22	
33	145	40	11	221	181	192	255	87	81	121	70	144	88	126	164	217	10	18	189	159	58	95	149	46	29	150	108	223	14	248	156	
6	113	182	218	239	133	190	204	143	219	17	35	140	222	109	11	239	89	179	211	210	67	154	240	29	24	207	238	144	127	161	211	
118	249	164	198	207	85	158	252	139	248	157	47	76	254	127	34	252	209	215	243	212	99	186	224	59	24	207	255	135	63	183	215	
66	250	17	10	56	201	130	200	142	120	144	109	164	208	228	198	196	113	234	83	195	47	202	117	56	52	43	250	88	11	1	31	
184	236	122	110	85	217	82	224	85	12	252	10	51	217	51	176	248	184	134	98	110	175	8	63	115	205	32	57	115	11	126	138	
137	2	22	217	101	157	161	7	252	25	119	80	156	145	180	237	98	57	50	25	147	188	66	192	4	185	58	64	198	8	201	161	
14	254	124	115	183	255	159	191	31	127	20	189	253	125	255	45	151	91	149	23	183	120	61	191	111	223	125	231	222	221	141	255	
39	170	40	9	221	181	139	202	94	125	156	159	128	136	246	12	221	138	130	157	158	42	127	215	30	28	155	254	221	13	249	212	
221	92	235	247	166	50	127	183	113	194	126	182	123	45	159	231	127	214	53	174	237	244	173	170	118	239	245	132	103	252	240	121	
189	76	110	239	166	50	95	191	85	194	254	146	91	45	183	103	127	214	53	238	232	180	45	174	242	239	228	132	103	252	240	121	
15	254	252	115	243	255	191	191	27	255	52	189	221	125	223	61	151	91	213	55	183	216	61	254	111	223	125	231	206	245	143	255	
2	151	42	136	215	241	184	103	14	5	88	163	44	174	38	64	235	59	131	145	22	152	16	215	41	37	154	195	149	12	189	222	
163	203	67	140	86	147	238	244	84	64	80	198	49	200	180	228	110	232	22	239	237	186	36	255	48	40	170	136	63	158	120	188	
53	72	107	206	84	131	75	112	69	64	245	66	115	193	177	100	120	168	23	238	201	179	44	189	114	233	161	136	119	187	112	224	
50	135	42	168	154	226	154	111	134	77	216	163	37	206	58	64	252	171	159	133	158	139	38	159	240	37	170	217	53	14	189	195	
111	127	180	242	249	213	159	212	155	254	156	173	108	255	215	62	135	115	245	87	231	75	234	250	235	95	125	251	150	247	7	127	
73	158	237	87	162	118	61	191	120	251	94	228	249	103	154	239	55	126	189	140	149	216	173	233	78	111	255	128	174	228	145	121	
40	161	113	73	253	221	193	207	95	61	120	8	178	21	220	164	216	26	18	24	19	58	120	149	45	156	149	126	211	8	214	236	
163	145	44	153	221	149	140	255	86	81	216	70	176	88	54	228	200	138	18	221	223	42	95	245	46	25	154	104	95	12	248	156	
82	90	46	165	2	18	159	34	164	6	142	167	237	46	147	66	102	229	253	199	204	133	21	104	224	103	234	145	44	55	61	90	
150	76	224	241	228	32	248	150	45	51	186	146	141	47	85	75	111	147	31	145	186	180	65	226	158	220	158	196	167	217	225	129	
206	124	240	242	236	176	254	158	155	219	28	179	140	191	213	43	135	83	159	215	178	72	170	242	174	95	159	238	150	213	129	221	
6	64	150	155	228	168	184	1	190	25	83	16	140	202	120	73	230	9	51	145	18	212	2	241	4	48	90	200	148	25	161	129	
47	190	248	87	243	246	31	247	59	255	116	189	108	255	223	189	151	127	213	23	247	218	184	170	107	95	125	231	206	244	142	255	
190	13	114	227	182	35	250	211	125	35	255	146	15	47	61	24	127	143	23	185	184	190	5	230	186	221	142	198	231	205	240	129	
126	253	224	70	159	86	222	185	1	236	156	175	74	124	95	54	253	215	245	243	221	99	248	238	59	125	141	247	111	119	254	119	
73	50	159	140	78	223	161	56	234	220	116	108	244	212	194	130	180	44	230	97	131	97	178	93	76	33	97	174	72	40	7	241	
184	126	40	110	52	145	82	112	81	44	245	40	35	88	163	17	216	185	197	227	110	39	72	63	242	193	161	187	112	43	94	11	
188	69	102	236	6	19	78	125	69	130	254	154	91	111	181	113	122	224	23	234	232	167	37	238	242	235	230	144	119	255	242	0	
38	170	233	16	252	121	184	206	138	117	144	187	0	204	246	10	201	74	195	149	22	111	238	209	26	20	159	255	213	125	215	246	
120	0	78	133	91	83	137	8	6	229	231	142	117	3	2	220	82	140	232	140	1	219	117	29	212	35	250	17	43	4	14	88	
9	12	82	85	55	153	96	55	253	136	126	104	175	16	133	244	38	42	206	8	229	184	4	238	166	255	48	2	110	140	73	13	
126	255	180	88	155	215	151	248	147	252	156	47	74	253	111	164	221	249	245	115	239	99	250	151	123	87	101	255	251	61	30	119	
195	129	19	163	100	140	168	5	172	25	83	242	148	154	84	98	230	27	95	149	211	24	194	80	132	48	186	200	12	8	161	169	
31	4	199	161	0	54	106	80	160	194	203	199	89	106	25	238	126	133	59	175	141	209	29	192	144	110	203	132	175	231	57	212	
95	156	175	118	251	86	63	249	179	254	148	165	121	255	235	247	245	118	189	174	245	67	186	191	123	127	101	175	186	230	44	255	
175	158	254	91	177	247	159	184	181	95	94	245	121	125	159	239	151	83	221	47	247	196	127	191	106	127	117	195	206	245	188	247	
63	190	168	122	179	245	23	251	151	222	28	181	74	252	239	52	149	122	149	55	255	70	58	186	107	95	37	191	187	244	252	87	
126	159	38	90	155	247	23	187	151	222	156	37	74	253	47	247	213	82	253	51	255	65	58	191	123	95	197	223	243	116	124	87	
218	221	119	188	19	194	21	103	165	66	222	162	61	119	160	103	34	179	157	161	104	139	38	205	240	226	110	139	55	116	165	59	
25	132	228	5	25	114	105	47	87	231	230	150	137	34	146	231	65	6	232	140	61	216	117	158	142	231	210	85	170	140	45	92	
8	50	143	141	13	83	161	75	206	253	198	68	132	130	98	142	72	44	234	152	3	231	247	84	5	35	251	61	24	8	45	244	
217	142	84	85	19	186	105	39	117	39	198	54	171	34	130	228	103	166	236	140	60	220	101	143	142	239	210	65	166	132	137	12	
31	13	99	206	150	178	79	115	117	192	223	198	123	103	179	244	126	230	28	238	217	153	45	239	186	239	167	128	47	230	184	116	
124	65	74	238	76	3	66	120	129	128	245	10	115	201	185	80	120	236	68	234	72	163	138	157	210	233	161	24	119	171	114	0	
67	219	149	31	120	201	131	184	142	121	24	229	228	212	238	70	198	101	106	87	195	9	235	113	12	52	47	250	88	11	1	93	
201	138	146	183	83	190	104	22	53	41	70	116	175	3	130	212	102	174	132	140	46	220	197	47	134	247	48	192	42	132	10	9	
17	123	107	69	118	11	235	120	100	224	116	238	113	13	181	32	62	168	23	238	193	176	36	29	102	9	161	164	125	162	82	249	
113	79	108	101	188	18	206	63	65	160	190	206	83	41	149	54	88	196	92	239	233	162	197	14	50	239	165	148	111	250	122	40	
35	190	40	17	220	191	176	198	206	125	60	15	176	152	118	0	201	42	83	21	150	56	84	55	110	13	185	117	221	12	88	206	
95	9	138	164	4	20	94	32	32	192	207	199	253	42	83	194	116	229	189	199	12	145	151	128	210	231	238	129	173	119	57	18	
70	109	240	243	244	168	254	148	155	147	25	146	173	239	93	11	167	115	31	211	162	72	138	226	174	222	222	234	134	215	129	137	
35	141	110	89	221	191	178	199	206	97	126	6	144	152	182	160	200	42	146	21	151	185	84	189	46	29	2	115	221	12	217	142	
111	253	182	214	249	149	158	249	155	248	28	45	108	255	255	54	151	115	245	119	230	67	170	251	123	95	109	186	150	244	7	127	
87	1	167	129	135	118	175	129	237	209	139	194	200	38	221	238	98	71	120	213	149	129	189	192	156	60	207	134	140	119	177	100	
90	74	35	174	2	64	79	117	53	6	202	167	109	199	50	80	118	253	61	199	72	158	165	235	241	166	186	137	38	182	180	106	
83	74	42	175	12	6	94	36	196	70	142	135	241	74	50	64	216	165	61	231	204	141	85	175	224	111	186	145	28	62	57	90	
9	142	82	87	53	184	112	39	253	5	118	56	171	136	182	244	34	170	206	12	182	188	6	239	6	255	16	3	78	140	201	13	
98	114	18	136	75	197	16	72	173	13	208	41	140	150	96	80	236	157	255	208	2	3	210	208	145	48	138	251	16	6	39	19	
1	64	123	217	100	136	233	23	108	25	114	80	157	131	144	104	102	43	54	24	147	188	103	65	68	168	50	192	76	128	193	169	
34	64	11	129	73	193	233	69	172	5	129	151	128	2	50	208	104	129	74	133	25	11	80	192	149	0	154	89	17	10	175	192	
3	72	87	145	100	136	233	23	236	89	82	244	181	130	244	232	166	11	22	29	195	152	6	64	4	56	58	192	12	128	193	185	
166	106	233	145	236	73	141	198	18	246	144	187	131	140	215	11	75	200	183	213	14	118	230	144	92	0	255	189	213	253	86	216	
232	141	57	250	29	197	81	143	151	25	164	24	178	151	104	113	201	154	91	8	42	47	114	55	195	217	16	121	80	24	196	106	
230	221	240	206	252	53	158	253	137	234	188	42	108	125	189	2	159	243	223	227	248	35	168	235	59	28	207	190	215	255	227	83	
41	177	113	65	245	219	160	111	94	113	57	122	144	28	220	164	152	26	146	57	23	56	125	149	47	24	1	118	223	10	217	183	
137	106	28	171	96	153	41	85	44	17	71	148	189	2	130	248	106	8	34	204	67	156	99	33	196	161	186	64	46	128	171	168	
163	203	102	156	84	147	239	244	213	64	80	198	48	8	182	229	76	232	18	207	229	175	36	255	32	40	170	136	63	156	120	156	
6	105	22	154	236	129	190	204	142	24	89	0	140	202	121	74	206	75	51	83	82	2	10	240	36	16	206	174	148	91	161	129	
198	93	176	206	252	5	158	236	137	154	185	42	236	254	125	2	207	115	95	227	208	3	138	234	58	24	207	190	148	127	163	129	
13	130	150	219	53	188	40	144	127	27	87	112	236	210	184	236	179	11	182	24	182	180	42	243	134	255	18	67	154	133	169	173	
26	149	87	222	211	192	52	109	173	0	201	162	108	247	168	213	114	179	139	160	115	137	18	221	48	240	74	203	55	6	165	63	
39	188	168	161	213	191	202	219	78	105	25	79	144	8	86	0	221	11	19	21	158	184	92	146	12	29	153	116	221	77	216	214	
9	216	18	251	37	156	169	148	190	25	87	112	189	211	232	236	230	56	186	88	131	156	50	241	196	241	58	200	154	133	169	161	
8	156	19	253	19	238	49	55	60	9	74	80	188	51	32	96	167	59	26	8	51	152	17	95	205	167	58	64	152	0	129	59	
124	72	106	238	92	19	67	120	197	128	245	10	115	193	185	48	88	172	70	234	200	163	44	141	210	233	161	24	119	171	114	160	
230	237	242	194	252	0	158	236	201	218	185	138	76	254	125	2	207	115	95	243	208	35	138	234	58	24	143	254	148	127	163	209	
255	190	98	116	183	22	94	248	81	234	156	175	106	124	159	52	223	247	213	167	252	195	237	206	251	127	141	214	231	228	118	87	
75	187	237	119	50	30	121	188	107	253	86	230	249	127	150	239	54	119	189	204	149	216	173	237	78	251	253	128	166	166	86	125	
15	187	252	119	123	223	185	185	31	253	22	173	253	125	223	41	151	123	247	21	135	248	47	189	79	223	125	231	214	164	5	255	
122	132	100	23	27	251	80	35	117	101	239	159	107	36	22	212	72	166	232	140	60	154	117	143	86	119	208	83	39	140	92	94	
9	114	62	13	107	223	177	94	230	253	118	45	186	156	198	166	140	60	238	17	135	248	243	21	71	65	49	175	91	12	13	255	
14	157	245	255	166	30	126	190	31	123	84	243	253	127	156	109	183	219	181	206	242	88	43	255	238	255	255	230	183	252	133	123	
3	66	64	129	100	137	232	23	44	33	82	198	145	2	212	202	110	137	126	141	131	152	69	64	132	40	186	128	45	136	89	136	
66	51	34	136	13	221	176	73	238	109	218	47	140	140	102	66	232	5	239	209	22	163	163	208	145	48	154	251	88	14	61	95	
126	140	230	247	182	50	222	183	89	194	254	146	123	111	157	119	127	215	53	174	248	240	45	238	242	255	247	128	231	252	240	124	
32	222	122	91	118	139	115	252	81	12	116	226	112	3	164	49	126	184	6	106	224	190	33	127	102	143	32	193	117	136	102	169	
134	205	112	243	228	168	254	166	191	19	57	18	141	106	92	73	239	195	95	211	178	40	74	243	174	220	158	236	148	211	161	129	
134	140	4	147	148	34	174	167	60	19	90	18	200	42	24	73	123	79	51	147	48	220	73	238	44	38	222	192	133	88	177	8	
50	64	114	224	87	65	90	68	9	4	176	11	10	31	37	80	234	145	159	242	72	35	80	192	179	216	130	59	119	27	102	154	
73	50	31	13	106	222	177	88	142	236	222	228	244	212	163	98	86	52	238	108	135	33	231	29	84	33	33	184	88	47	13	241	
150	205	113	243	180	43	126	167	61	51	186	146	207	47	28	89	255	211	23	163	248	124	89	255	190	222	223	198	183	249	128	8	
14	157	245	255	166	28	94	190	27	91	116	243	253	127	157	111	151	251	181	206	250	88	107	239	238	255	254	130	183	244	197	123	
114	33	34	161	13	73	184	65	173	4	144	11	14	138	118	80	232	129	207	193	78	43	144	192	149	80	138	123	21	14	191	206	
15	155	252	255	41	212	25	184	159	221	84	165	253	255	158	111	151	123	181	76	131	200	235	169	79	251	255	203	150	164	5	251	
248	36	62	240	25	246	80	98	177	6	230	25	15	223	41	89	249	189	217	162	40	231	144	142	211	243	210	15	35	65	110	10	
121	15	65	101	148	11	78	59	81	162	190	202	83	33	149	244	88	196	68	172	233	186	69	14	122	239	165	20	127	232	82	40	
2	150	122	153	242	241	176	71	124	77	92	179	44	172	166	0	239	59	131	145	22	184	38	215	78	5	58	195	213	68	173	223	
13	179	173	95	42	214	25	56	198	220	87	228	253	213	219	230	22	124	253	76	195	192	255	9	78	107	97	128	14	166	5	117	
104	51	46	141	125	221	177	90	206	252	214	45	188	212	226	102	196	52	255	21	131	3	243	149	87	97	41	187	26	12	21	251	
16	77	10	172	20	163	170	102	132	0	218	2	49	170	49	64	104	43	23	193	10	137	0	189	224	165	170	128	53	24	48	136	
182	13	114	243	244	171	238	231	61	163	171	146	143	43	29	89	251	195	19	179	56	190	73	238	190	222	158	64	165	217	241	128	
122	150	38	92	59	215	24	59	159	222	156	45	72	252	102	119	149	53	253	33	172	75	59	223	91	95	205	223	147	164	116	95	
43	114	166	77	75	223	49	95	39	253	116	165	42	148	198	180	172	60	246	20	135	216	179	29	71	113	113	227	107	4	14	255	
91	146	183	124	59	86	89	120	19	252	148	37	122	255	190	247	247	149	181	164	173	71	187	157	219	255	233	175	63	164	46	119	
159	252	240	243	246	186	254	191	59	211	56	179	205	127	213	41	191	251	149	183	182	248	44	238	174	223	223	230	167	245	195	221	
110	154	254	124	63	87	91	184	151	222	20	165	121	253	255	231	151	113	181	37	173	67	107	189	75	223	237	223	190	164	60	119	
123	178	174	92	115	94	49	123	51	253	84	173	40	158	198	253	180	157	181	20	159	222	179	157	91	123	241	239	42	4	14	255	
19	187	106	140	210	144	188	103	44	69	88	167	45	142	182	0	110	43	147	133	214	154	36	237	58	37	190	131	13	4	189	223	
38	174	44	185	188	167	185	206	158	189	156	135	129	136	86	0	201	11	3	21	150	56	79	55	76	7	191	245	213	12	85	203	
38	106	233	177	196	105	189	199	26	247	80	155	0	173	87	10	137	239	67	149	4	126	230	64	93	4	253	173	197	124	86	250	
14	137	228	247	39	216	120	168	255	145	70	130	233	239	92	111	51	123	177	216	2	216	175	241	79	251	223	69	167	166	69	74	
144	73	14	188	28	131	142	228	148	0	210	2	51	10	49	65	104	227	31	225	104	141	2	175	240	227	234	128	52	24	48	8	
182	105	66	142	84	129	202	96	129	128	241	10	96	200	53	16	88	168	23	211	74	187	10	175	48	12	130	168	117	43	114	136	
147	221	102	156	22	146	172	228	220	68	212	231	41	140	182	161	110	171	151	205	231	143	38	253	34	105	174	128	31	20	249	220	
95	26	134	182	33	52	186	66	169	202	219	247	204	234	247	202	236	229	253	151	133	199	158	232	144	119	235	139	141	119	57	151	
225	106	157	85	100	14	236	148	232	234	54	76	179	25	213	59	140	100	116	78	233	252	240	8	103	153	245	176	72	248	82	169	
179	222	71	28	94	146	174	246	149	64	212	231	41	142	183	229	110	233	150	207	229	143	38	255	34	106	222	138	63	148	121	221	
116	1	98	236	92	3	194	72	195	128	249	10	66	201	61	16	120	160	6	225	136	35	10	220	18	172	129	60	119	171	114	128	
6	140	132	151	148	138	174	166	62	19	82	18	236	106	8	75	99	71	51	130	50	216	73	229	44	38	223	196	132	121	177	8	
250	95	11	138	129	119	39	86	44	77	159	127	152	150	162	228	232	128	206	198	217	143	112	226	241	1	170	219	24	31	188	119	
75	185	244	253	41	148	88	56	143	216	84	228	253	223	222	102	150	125	189	76	130	80	231	217	79	249	233	138	54	164	5	113	
188	0	106	108	28	19	203	88	197	128	247	10	83	201	189	36	120	172	86	234	200	167	36	142	210	237	161	152	119	171	114	160	
230	141	242	204	252	1	222	235	219	170	184	10	236	238	125	2	223	211	95	163	240	35	138	239	58	30	143	190	148	250	3	129	
236	95	10	130	197	252	231	196	172	79	157	31	140	2	42	200	104	226	206	211	89	39	120	226	245	1	174	217	137	95	253	243	
22	137	245	255	102	139	120	168	27	177	112	163	237	127	28	75	183	247	53	133	130	248	27	253	142	254	223	102	183	172	65	8	
230	141	242	206	252	0	222	233	217	138	184	10	236	234	125	2	223	243	95	163	240	35	136	238	58	30	143	254	149	254	3	129	
188	68	106	108	92	179	67	120	213	128	253	10	115	201	177	112	120	160	22	106	232	167	36	30	82	233	161	152	119	171	114	160	
137	79	24	139	197	249	173	150	172	87	126	134	189	3	139	206	106	10	138	222	67	52	116	225	100	193	50	1	90	223	169	216	
161	160	61	107	141	109	65	45	70	123	165	24	210	17	72	57	217	18	122	56	59	46	123	21	207	219	80	124	208	10	192	34	
123	176	102	116	55	23	88	122	83	232	246	175	107	124	150	53	158	189	181	165	172	218	101	221	219	255	249	150	39	164	114	95	
11	178	247	117	59	215	216	59	159	249	86	237	237	221	214	36	150	61	245	21	134	248	35	221	75	219	121	198	70	164	5	95	
12	75	82	219	207	217	167	196	236	20	125	134	173	194	107	206	106	106	202	218	86	32	126	241	102	209	6	41	210	95	237	196	
27	58	46	107	11	253	177	86	103	125	119	165	42	156	134	172	172	61	255	69	135	184	119	177	71	121	48	131	123	15	14	223	
147	202	70	156	12	144	140	230	148	70	210	231	41	138	182	197	110	225	191	207	237	141	6	255	176	106	250	136	63	28	57	92	
176	86	27	128	134	107	133	71	92	78	250	126	6	34	167	89	248	142	14	33	41	179	1	74	176	4	186	146	217	88	177	29	
43	114	38	73	107	215	185	95	167	253	116	165	8	159	198	182	134	29	247	20	135	159	179	145	71	121	56	235	78	132	46	255	
66	49	22	140	104	133	184	73	142	216	80	173	140	222	98	66	134	61	251	85	2	67	130	209	4	48	11	254	20	6	39	211	
178	83	34	160	101	69	86	101	9	108	184	47	14	30	38	16	236	145	207	227	92	175	0	198	179	208	138	187	81	30	246	211	
217	81	31	118	67	204	53	53	232	136	98	72	126	183	32	115	164	55	120	72	97	233	178	77	241	249	84	2	72	48	227	43	
60	86	86	172	100	35	84	81	21	138	249	237	71	235	161	217	222	184	135	34	13	179	64	136	130	247	96	154	123	254	104	147	
104	236	61	124	13	229	85	230	194	31	164	8	178	183	33	59	201	242	104	8	74	111	226	53	195	251	80	57	82	72	102	170	
229	106	137	97	60	47	67	154	90	250	32	92	147	1	209	58	137	76	76	126	137	118	249	48	205	157	33	116	200	249	82	33	
114	115	18	136	43	197	176	73	173	44	176	45	140	150	97	80	236	157	223	112	64	3	194	208	145	176	10	187	16	6	39	155	
210	74	222	190	42	192	61	101	164	6	198	163	45	135	163	91	102	243	237	192	104	207	162	105	240	227	250	139	37	144	37	123	
10	136	114	19	37	248	112	135	253	85	102	149	171	200	62	220	162	170	162	12	22	188	38	225	6	121	16	67	103	132	221	78	
6	205	208	147	244	136	254	164	191	19	56	2	236	106	93	73	239	227	95	211	114	104	74	247	172	158	223	236	148	83	225	137	
79	178	252	124	110	148	121	56	227	220	84	160	249	223	254	231	22	125	181	204	195	64	174	221	78	249	225	174	54	165	86	245	
122	141	230	247	215	18	236	167	113	163	226	130	107	107	28	123	123	199	49	168	56	250	29	236	251	239	215	1	231	252	240	12	
75	186	252	237	126	146	89	184	131	212	20	162	249	223	211	230	6	117	253	220	135	64	239	157	78	249	169	236	55	166	93	113	
122	203	34	172	5	132	79	55	5	14	206	135	167	133	50	68	92	172	63	207	216	158	81	191	245	54	154	200	54	142	180	122	
11	138	18	88	185	180	120	223	255	29	116	84	44	194	174	252	231	11	142	140	182	13	34	247	18	255	18	207	154	132	169	13	
107	48	182	204	121	23	152	123	155	232	148	45	44	254	246	35	150	57	245	37	230	75	162	221	27	95	25	190	6	36	7	95	
95	149	84	88	219	246	16	175	207	81	238	50	72	114	172	245	103	147	186	176	55	9	31	245	59	254	82	79	186	5	168	22	
107	176	54	108	123	119	152	58	155	248	148	45	76	254	246	118	151	53	253	49	164	79	170	221	27	95	91	255	22	164	39	95	
70	237	240	243	244	136	254	129	187	147	24	130	237	238	93	11	167	243	31	211	226	96	138	227	174	222	207	170	132	254	129	137	
203	190	105	5	58	153	171	120	234	228	157	254	189	196	214	48	54	61	95	111	227	7	237	95	244	13	41	184	108	131	7	125	
11	249	236	101	62	27	249	56	99	244	23	167	249	93	214	38	38	125	245	221	199	248	255	153	78	217	41	228	103	166	81	249	
44	30	94	127	102	59	244	112	68	30	125	231	121	105	163	27	126	120	134	34	196	176	69	12	102	203	112	129	127	251	72	145	
203	126	107	67	122	153	171	112	232	100	159	236	189	198	215	116	54	61	94	238	227	5	165	95	118	13	43	248	108	135	11	125	
75	156	22	216	219	180	16	255	255	25	236	86	44	210	174	244	231	3	154	24	151	15	18	247	59	127	18	78	154	4	169	7	
54	1	98	206	92	129	194	72	193	128	241	10	98	200	61	0	120	168	23	227	200	35	138	207	18	44	131	188	117	171	114	128	
249	119	47	9	203	125	181	86	164	124	255	190	24	151	131	254	108	156	238	238	149	151	245	0	87	97	50	155	107	87	175	247	
114	22	147	184	41	163	16	75	157	31	240	109	6	226	164	221	205	185	206	17	29	235	2	128	152	242	90	255	216	76	42	23	
90	160	228	253	31	216	248	8	231	148	39	2	233	219	92	102	34	181	249	216	2	112	175	209	79	249	139	105	39	38	117	2	
160	204	66	158	84	129	138	230	148	0	112	2	32	200	53	1	72	234	19	195	98	174	8	255	48	8	130	40	85	25	114	136	
23	76	102	158	14	178	170	224	197	194	223	135	104	236	183	111	110	97	191	239	173	165	46	236	18	42	203	128	23	255	113	244	
86	76	134	190	4	162	46	226	164	130	218	2	105	170	49	75	96	229	63	227	104	149	3	232	144	231	234	128	52	123	49	8	
55	76	103	158	76	178	239	112	197	198	223	134	104	236	183	239	110	96	191	239	173	167	46	236	18	42	203	136	31	255	120	244	
188	76	98	126	92	145	194	88	213	130	245	10	99	201	181	53	88	232	23	106	232	39	46	191	50	201	129	56	119	171	114	132	
136	174	236	83	150	214	255	183	118	127	94	18	249	45	154	41	39	94	183	156	242	216	45	247	111	79	246	197	167	196	221	233	
63	95	43	130	161	84	151	244	24	79	245	126	30	22	162	245	236	210	150	87	237	155	112	228	243	21	190	210	219	95	166	245	
203	97	119	237	42	149	248	11	143	128	68	161	157	159	244	230	134	53	249	76	130	5	215	213	6	249	11	10	22	132	9	0	
189	12	98	126	84	179	66	112	213	194	245	10	115	201	181	61	88	168	23	106	232	167	44	142	82	233	161	184	119	251	114	160	
2	129	212	245	7	200	104	168	175	176	98	130	233	203	92	70	186	189	49	200	10	120	139	213	143	248	203	103	53	160	65	12	
98	164	240	220	124	2	216	235	91	160	176	10	238	106	52	1	223	245	23	177	160	107	128	223	184	158	207	254	213	40	51	9	
143	95	43	139	235	221	55	212	165	78	223	191	188	29	171	108	236	18	223	87	215	15	112	162	119	113	34	251	26	223	181	247	
141	21	96	57	197	252	117	151	229	94	126	151	169	199	235	230	105	42	142	156	199	56	118	131	103	217	34	129	186	220	109	255	
141	31	98	49	197	252	117	151	228	94	94	151	171	135	235	239	98	42	142	156	247	60	118	130	103	217	38	129	186	220	109	255	
173	223	56	155	225	221	183	212	228	78	188	175	184	124	171	228	237	210	206	199	247	35	120	227	119	69	38	187	219	95	175	255	
3	97	119	237	42	167	216	14	175	177	83	161	157	159	212	32	134	29	117	213	134	216	131	213	67	248	24	234	68	133	3	143	
53	4	239	205	196	34	237	81	84	194	223	82	81	105	189	107	120	164	54	174	185	179	37	136	82	43	227	128	165	235	112	224	
59	49	102	77	35	55	88	30	71	232	214	175	43	28	150	120	142	189	181	197	140	222	101	220	147	251	216	146	119	133	80	95	
3	190	21	154	42	169	144	142	159	83	16	237	172	198	108	141	135	35	234	7	167	73	94	245	140	22	91	250	28	76	9	29	
54	137	198	247	79	132	224	224	195	53	227	3	107	249	92	66	104	205	33	209	10	250	155	161	155	232	215	71	227	42	116	138	
141	158	42	145	193	216	37	243	228	79	94	182	153	39	202	230	109	34	206	12	245	156	244	162	231	69	166	193	170	252	189	245	
104	154	220	250	43	169	16	158	143	29	184	237	174	235	96	218	135	51	239	0	14	10	74	177	194	215	112	187	146	205	14	11	
6	137	132	151	4	138	168	168	62	145	82	2	236	234	88	75	115	109	59	209	2	216	203	241	12	50	223	196	132	32	49	8	
195	220	165	147	130	205	173	191	62	123	18	214	180	38	214	103	39	71	122	157	247	92	191	119	44	6	254	196	140	4	129	125	
104	171	184	126	173	225	83	199	195	13	188	40	162	241	33	50	200	114	236	64	26	43	226	49	195	245	48	59	210	73	70	43	
104	190	252	121	42	233	17	159	43	31	60	185	175	51	194	26	135	19	236	0	2	106	195	49	198	231	112	251	112	192	143	43	
242	84	82	168	40	7	30	77	45	10	184	185	14	158	36	16	222	153	223	98	104	39	0	206	178	208	10	186	80	26	167	19	
195	221	173	21	134	86	173	191	126	123	22	214	240	54	222	103	39	71	123	141	241	220	181	99	45	42	254	196	141	80	145	125	
14	0	226	24	165	249	112	143	255	87	36	149	139	196	247	220	227	10	138	156	22	37	54	208	138	81	22	15	210	220	109	94	
248	201	170	110	29	212	211	204	198	141	174	2	98	217	118	98	200	244	235	216	26	43	138	163	123	237	133	89	83	10	252	42	
203	100	107	72	126	184	127	24	252	66	132	146	153	207	147	113	54	184	219	174	231	5	180	223	119	77	138	56	55	213	99	96	
217	100	106	97	31	249	251	8	240	160	143	154	185	205	83	32	50	188	89	239	98	37	189	223	119	77	131	121	103	135	83	232	
42	143	35	156	245	132	111	119	29	4	74	199	40	133	180	196	116	170	147	76	80	154	48	255	52	60	152	202	54	140	180	252	
78	138	226	24	173	248	120	203	255	85	36	149	138	138	246	221	227	10	138	20	22	13	54	208	10	89	22	79	150	196	237	78	
66	160	244	244	126	136	248	43	187	144	16	2	237	234	92	3	183	225	127	161	226	96	138	217	142	222	207	172	4	160	1	137	
66	48	54	236	124	55	152	123	155	232	145	57	172	158	180	34	134	61	245	37	144	75	162	221	18	90	27	190	22	132	35	223	
55	18	223	173	98	27	93	112	61	70	116	228	95	38	167	61	126	217	22	110	221	146	36	76	128	218	122	134	253	243	35	245	
10	128	114	24	165	216	112	139	255	85	100	149	139	206	118	221	227	11	162	20	22	45	54	209	74	113	18	79	214	132	237	222	
252	169	170	78	157	196	195	197	210	141	180	18	114	249	116	98	216	240	105	216	26	47	170	34	123	189	165	121	195	42	244	42	
62	232	196	247	71	136	232	160	195	177	99	3	105	75	93	194	105	236	163	208	14	248	219	233	15	211	207	67	103	46	124	142	
45	159	40	19	225	221	183	244	164	95	188	175	184	118	239	244	237	210	222	198	247	3	120	243	119	69	166	251	219	95	175	255	
62	27	150	186	173	145	148	77	207	29	184	109	46	248	37	138	200	115	238	1	30	43	74	177	154	210	85	187	218	126	252	135	
81	154	143	145	76	212	161	83	174	93	150	102	148	182	226	73	232	170	238	145	159	91	33	65	220	3	250	194	136	8	37	125	
90	32	96	232	31	245	242	73	231	36	133	10	105	219	93	64	120	177	235	161	10	39	242	221	87	193	139	59	51	38	116	2	
164	76	102	158	76	163	170	224	212	2	241	2	32	200	53	65	72	98	19	195	226	167	10	255	0	10	194	8	85	91	112	136	
214	13	134	158	4	34	170	64	180	130	211	18	105	234	49	75	122	229	63	131	40	199	10	202	144	230	203	128	148	107	49	0	
151	9	230	222	140	178	142	64	212	194	215	147	73	236	183	107	110	225	63	175	172	231	46	234	18	110	203	136	149	111	113	212	
183	9	230	222	140	178	206	81	213	194	223	147	104	236	183	111	126	228	63	175	173	231	46	202	18	46	203	136	151	239	112	244	
98	219	151	186	40	129	18	204	143	73	208	237	230	194	40	214	206	97	238	85	95	11	202	177	152	244	14	250	24	14	33	29	
63	217	255	174	54	94	91	240	13	68	247	174	127	28	175	244	206	221	151	95	205	187	57	172	250	249	204	194	119	143	52	125	
120	252	26	226	29	213	210	224	199	12	188	43	34	153	108	192	217	208	237	210	78	43	136	183	251	221	166	127	67	11	124	11	
98	192	242	220	124	2	216	111	91	160	176	10	236	10	52	1	250	133	95	161	160	107	0	221	152	30	219	188	85	40	115	137	
139	148	102	121	5	252	112	51	237	95	118	181	171	159	246	103	199	56	151	148	159	60	54	193	199	217	18	143	246	204	92	255	
179	25	102	105	38	183	216	87	109	105	250	187	43	28	151	120	206	159	245	133	158	190	97	208	146	248	152	146	103	148	242	95	
74	101	114	106	171	137	222	76	173	33	137	139	141	159	52	33	138	19	91	239	80	11	196	244	119	252	154	121	54	151	195	142	
189	1	239	197	196	50	237	87	84	195	118	18	81	41	190	110	120	132	55	184	185	181	37	202	114	239	246	132	167	248	240	224	
11	150	102	89	33	220	112	23	237	94	92	181	171	159	246	102	231	56	159	20	159	60	54	192	207	89	18	203	254	196	124	223	
120	244	58	250	61	192	81	198	211	140	180	40	146	217	100	117	217	248	140	80	90	111	226	164	249	241	180	251	80	24	246	43	
66	129	132	149	12	136	40	8	174	176	82	2	236	194	72	66	114	45	42	208	2	208	203	209	12	48	203	196	4	34	33	0	
201	158	236	95	110	252	191	191	254	222	95	178	249	119	159	99	39	118	251	142	227	92	239	127	111	43	255	129	54	240	21	121	
104	251	146	250	57	129	82	212	131	136	184	237	46	203	96	208	204	113	236	80	94	43	130	161	250	245	4	123	90	14	46	27	
88	101	96	108	15	113	222	73	225	162	141	10	41	217	85	13	120	161	89	171	104	35	220	223	243	205	131	61	119	247	126	2	
73	252	237	95	174	252	191	179	254	222	95	162	249	119	159	107	39	118	249	159	227	220	255	107	111	43	255	128	166	240	21	121	
97	161	129	219	253	109	65	143	75	121	45	24	178	49	90	52	217	10	18	24	27	42	219	17	111	28	148	126	154	74	210	170	
10	144	98	24	65	220	240	11	239	85	52	149	138	156	102	93	233	153	183	17	158	44	54	209	15	81	146	111	215	12	116	222	
66	160	214	148	124	41	232	43	187	144	49	2	172	234	116	2	191	169	127	161	50	105	138	221	12	30	219	172	20	32	65	128	
57	97	110	72	7	87	77	96	101	6	197	10	59	91	55	57	120	168	17	235	72	179	52	93	211	139	203	1	55	114	118	98	
229	170	200	65	236	63	74	154	26	187	180	220	145	4	213	250	205	204	102	126	159	86	237	18	14	157	225	253	152	233	90	4	
34	223	99	220	119	144	47	103	15	5	88	231	40	133	180	196	98	170	147	76	82	154	32	255	54	124	154	194	23	140	244	253	
10	152	226	24	65	220	112	11	239	93	52	181	138	158	102	93	233	153	159	17	158	44	54	208	15	81	146	111	211	12	124	95	
178	84	82	172	42	43	30	78	61	10	248	184	14	30	33	17	222	153	159	98	104	167	0	206	176	212	10	186	80	89	163	25	
248	232	18	230	93	148	242	64	199	172	191	11	42	201	71	66	232	224	235	210	78	39	139	187	91	193	131	59	99	15	124	10	
63	89	122	194	32	23	27	244	13	64	245	168	31	30	183	245	206	149	151	79	204	187	116	236	210	249	78	18	86	159	42	124	
63	1	239	13	178	27	89	96	13	197	238	136	223	37	187	252	62	148	145	109	153	178	117	200	211	171	76	80	246	174	23	96	
104	129	249	99	254	121	81	143	90	57	57	56	214	61	200	48	147	30	228	49	18	120	235	19	253	133	53	119	244	74	196	43	
140	158	236	115	183	246	255	191	118	127	94	54	249	125	154	97	55	122	181	158	230	220	63	191	111	79	245	197	167	132	220	251	
170	178	226	88	9	221	112	27	239	95	52	181	170	188	118	94	197	152	223	17	143	44	54	192	199	81	82	175	210	76	84	95	
127	137	250	66	176	20	159	240	65	99	148	168	223	60	186	253	222	211	159	109	220	155	100	224	218	95	126	144	198	174	47	253	
182	12	198	158	12	161	142	64	148	130	209	18	96	232	53	73	72	96	38	195	40	167	10	255	16	42	203	152	213	123	112	128	
40	137	107	76	116	195	199	240	196	72	252	32	115	245	185	48	88	168	23	234	9	179	40	61	99	141	160	137	83	139	118	234	
35	147	98	138	229	145	168	125	85	77	89	239	104	200	254	196	95	139	151	149	214	58	78	215	30	30	154	234	31	142	248	221	
98	33	116	196	100	35	216	79	75	160	242	26	174	10	52	8	234	133	55	129	128	255	65	221	16	58	218	144	85	8	115	9	
104	191	26	234	61	177	146	248	205	12	189	109	174	217	231	144	220	58	204	98	142	43	200	189	250	213	33	255	90	15	126	27	
50	16	118	233	100	129	216	19	109	121	242	179	46	28	20	120	238	159	183	149	218	184	65	192	22	248	152	130	71	140	112	77	
138	48	230	91	45	212	120	84	237	95	117	181	172	159	118	111	198	57	159	21	150	45	50	241	11	88	82	235	150	5	101	95	
35	177	97	75	237	21	204	189	71	73	248	76	224	72	220	164	217	138	18	189	223	42	119	213	15	30	150	104	95	14	218	188	
217	132	230	193	212	50	237	182	113	243	222	18	25	43	244	239	107	198	63	184	241	253	165	226	94	111	246	196	167	221	240	232	
120	187	18	234	61	225	146	248	195	12	185	109	170	217	233	144	220	186	204	98	14	35	138	189	146	213	35	187	90	15	126	27	
11	178	98	81	33	252	120	18	173	93	55	181	170	156	118	123	166	185	159	149	134	124	178	192	15	88	218	139	71	132	85	223	
114	48	118	241	38	145	184	82	109	123	210	171	12	30	85	105	166	157	255	145	194	251	225	192	22	120	154	210	7	132	3	95	
254	248	198	216	207	81	150	200	131	22	132	190	8	221	111	175	57	208	243	243	46	103	186	241	146	83	201	127	191	61	62	214	
41	241	33	75	173	93	197	175	79	73	120	44	242	80	156	164	217	2	22	60	91	40	115	181	45	222	180	218	90	14	210	255	
34	176	224	89	99	221	184	18	175	89	149	173	138	157	214	127	238	185	223	21	142	8	114	209	7	88	88	175	215	12	20	95	
40	251	126	234	108	211	87	240	193	140	188	40	166	217	160	48	200	48	196	67	72	162	106	189	226	213	33	187	82	155	118	171	
190	104	224	8	207	115	216	202	19	114	148	171	10	141	215	175	107	216	231	245	15	103	143	208	27	81	205	255	255	189	126	212	
2	32	84	140	124	131	248	75	187	161	48	18	172	138	52	8	166	13	127	1	18	109	130	213	4	26	154	234	20	0	99	137	
34	48	54	248	110	133	152	66	13	121	210	41	140	30	28	8	206	25	255	17	146	155	67	209	146	120	26	242	132	132	35	219	
134	162	50	154	111	245	186	196	223	93	181	23	108	206	126	25	225	43	131	215	22	103	58	241	31	16	90	123	147	15	45	215	
77	57	236	95	191	214	255	188	246	220	86	161	249	253	223	107	23	116	253	223	179	200	255	169	79	107	127	137	166	244	85	243	
99	51	31	142	40	197	3	72	172	76	245	237	246	198	227	118	206	37	238	118	143	3	178	65	144	48	43	154	8	2	39	245	
194	101	18	136	42	169	62	78	173	34	152	152	140	134	33	80	110	133	95	226	96	7	192	214	180	52	138	184	20	83	163	1	
72	159	236	127	183	212	127	188	215	222	86	167	249	125	223	99	55	118	181	138	242	216	239	189	111	235	245	129	55	244	212	251	
194	97	4	141	12	137	40	77	174	144	219	2	172	202	64	66	98	45	123	208	66	20	195	209	4	48	139	252	20	2	49	128	
99	27	27	136	56	197	3	72	142	76	145	237	246	198	231	80	222	33	110	87	207	3	242	89	144	48	43	186	24	11	35	245	
12	159	236	127	191	215	127	188	215	254	86	167	249	125	222	99	55	122	183	174	182	208	127	189	111	207	245	197	191	180	220	211	
247	221	114	162	182	33	158	231	25	99	185	187	142	62	62	49	255	219	159	119	252	11	4	238	184	94	14	250	213	95	179	85	
