Ê¥ÂÞÀ¼Ó¨ÁÁ´¿÷ÈÃÀ´½¸à	#2 ·ÛÉ«æÒÏ·	http://www.yslbeautycn.com/on/demandware.static/-/Sites-ysl-master-catalog/default/dwc24544ef/Makeup_Pro_img/00199YSL/L6341400U_4.png	//www.yslbeautycn.com/dw/image/v2/AARM_PRD/on/demandware.static/-/Sites-ysl-master-catalog/default/dw61ba2a30/Makeup_Pro_img/00199YSL/L6341400U_1.jpg?sw=336&sh=444&sm=fit
49	19	127	77	54	86	233	120	68	72	246	102	81	21	182	96	126	4	62	236	137	161	37	76	66	171	162	144	125	170	112	241	
56	141	106	237	214	146	238	119	117	0	254	2	121	171	180	100	126	174	23	232	216	187	37	255	114	237	162	192	55	138	240	136	
6	133	80	139	252	171	186	107	14	49	89	146	140	78	124	64	223	11	23	49	18	56	73	213	12	28	139	230	212	10	209	129	
2	133	116	139	254	128	188	107	15	17	89	18	236	74	60	65	126	139	23	161	242	10	75	213	44	60	154	204	21	10	161	129	
59	141	107	174	84	211	202	97	196	64	218	66	113	218	52	224	88	170	146	235	221	171	52	255	51	109	170	137	53	138	120	204	
135	60	242	242	172	182	254	83	221	202	223	179	76	255	247	104	255	59	159	151	180	165	42	202	178	92	143	130	134	255	177	215	
87	125	235	36	226	98	111	51	48	194	94	229	113	247	211	114	55	247	53	239	201	218	183	106	116	47	237	128	173	242	34	121	
3	201	38	31	85	156	238	167	236	16	74	0	160	168	54	228	200	106	18	79	198	152	22	237	44	62	222	65	8	4	250	140	
114	169	238	84	203	113	213	71	171	181	174	137	10	190	71	26	169	247	249	145	28	75	162	192	123	87	221	127	193	116	198	78	
46	112	196	219	253	241	154	200	159	211	213	187	232	206	255	236	91	185	187	147	15	86	126	243	30	87	159	187	159	223	28	214	
1	236	127	93	116	142	229	118	104	136	118	64	179	145	164	49	34	56	6	72	225	248	48	77	101	184	98	0	64	160	103	169	
59	105	66	229	77	157	238	231	133	160	204	10	35	141	80	167	104	238	211	207	73	122	214	168	183	201	141	57	107	60	218	188	
67	9	113	197	106	75	185	103	169	232	180	40	188	55	132	55	162	53	95	168	49	11	224	204	92	24	122	186	66	128	3	171	
74	97	58	168	111	217	185	73	175	29	148	171	172	223	102	66	226	57	251	81	70	11	162	209	215	113	139	251	18	14	61	207	
2	33	80	129	108	9	184	97	140	16	48	10	140	138	80	3	174	9	87	193	80	58	194	192	20	16	74	168	4	8	19	137	
98	129	112	238	124	9	222	184	137	32	185	138	239	79	28	18	222	211	95	227	200	35	72	253	182	248	138	188	22	139	66	9	
98	49	112	196	108	8	248	97	201	8	176	170	140	156	84	2	238	145	223	195	192	43	192	193	22	24	138	186	5	14	83	155	
31	248	242	224	50	147	90	208	59	232	116	163	31	159	215	52	182	253	149	222	206	156	160	234	250	221	47	230	39	183	99	215	
134	12	118	250	252	162	250	67	157	130	219	146	205	206	53	72	239	179	63	147	176	165	6	206	150	254	138	192	149	239	49	1	
218	235	190	210	143	216	181	197	239	21	134	162	172	220	111	102	162	123	235	83	70	109	174	241	123	209	31	107	38	18	165	111	
40	38	106	37	100	120	248	71	104	100	253	173	43	12	150	144	174	143	197	5	156	186	228	1	86	125	48	177	103	142	223	223	
122	91	99	198	86	155	207	244	1	224	254	239	59	13	151	164	110	244	215	231	201	187	101	173	118	105	168	144	111	191	126	124	
165	208	66	31	85	159	226	244	93	65	115	86	250	88	158	164	216	104	18	111	167	180	93	255	38	62	18	64	79	31	217	132	
2	200	116	157	108	139	252	231	157	178	210	2	172	42	53	75	239	227	63	131	224	237	67	255	180	30	222	128	21	120	241	137	
100	9	173	253	141	108	81	138	195	249	164	8	210	117	73	122	201	70	120	24	26	105	251	33	201	255	213	29	208	105	84	98	
66	41	82	128	108	136	184	103	169	16	184	138	172	142	84	3	174	33	95	193	16	43	130	193	20	24	202	234	68	8	99	137	
11	168	176	189	27	159	88	43	159	161	164	8	255	255	82	52	151	253	249	157	6	73	214	219	207	223	29	125	178	164	11	46	
43	181	240	217	244	188	248	159	59	123	124	185	12	63	214	61	167	155	151	20	182	120	160	215	110	221	16	230	215	196	211	223	
56	50	42	243	53	221	177	85	53	109	247	45	186	157	2	128	252	186	151	17	139	186	240	177	215	213	144	99	74	142	94	219	
174	99	225	44	237	25	204	216	87	222	212	219	139	205	223	143	24	200	239	111	234	103	239	147	20	89	229	189	87	253	94	229	
57	19	127	232	116	211	73	90	86	108	116	100	19	149	177	112	94	184	22	232	139	186	37	29	82	201	161	128	62	136	96	241	
121	173	122	124	61	153	91	168	243	64	172	137	251	253	62	113	95	250	220	108	238	43	252	191	251	253	5	125	119	174	70	104	
174	98	227	152	237	25	238	200	151	255	213	219	138	205	251	142	125	200	223	95	202	103	206	130	22	86	159	173	247	189	124	245	
57	18	107	229	54	30	233	80	101	96	246	230	19	31	181	224	126	140	22	172	137	182	101	140	214	237	162	132	111	136	112	49	
62	201	106	236	55	83	95	232	1	228	188	171	107	77	191	180	122	240	149	227	76	35	108	141	242	205	165	191	55	190	118	103	
2	189	166	154	219	245	188	71	171	85	141	191	44	188	118	142	175	35	251	149	150	75	178	241	31	84	158	251	135	70	191	222	
246	100	99	244	44	143	214	200	209	130	176	235	99	221	245	57	222	249	93	99	236	103	138	158	179	218	197	62	101	185	82	7	
191	84	118	234	119	191	250	80	169	89	117	187	77	93	190	61	190	145	215	247	182	183	44	205	87	249	42	226	119	143	71	215	
1	73	23	77	116	206	233	119	236	72	114	64	180	16	180	38	42	36	86	76	193	185	36	77	36	56	34	0	76	136	99	173	
190	112	242	218	203	149	154	200	159	23	197	31	8	222	111	236	255	185	155	208	46	7	122	242	27	86	159	111	183	29	175	215	
146	133	84	153	206	11	236	111	29	178	240	18	172	10	52	67	107	139	95	161	112	239	67	221	188	154	222	228	117	8	225	136	
194	20	246	229	118	42	248	86	93	163	250	178	237	63	29	74	255	181	63	177	160	245	65	206	30	254	154	130	135	204	113	137	
74	75	82	92	99	146	52	37	189	10	114	229	41	130	164	213	102	237	166	192	68	188	4	105	54	242	114	131	123	148	169	13	
106	177	32	200	73	213	184	73	143	61	180	141	136	142	126	198	200	29	251	213	6	11	210	209	31	121	138	255	83	14	127	214	
246	237	112	254	31	137	94	172	147	0	168	139	227	217	93	21	90	251	89	110	110	103	222	175	251	216	5	57	119	186	66	10	
105	123	90	84	127	157	112	101	235	140	116	45	42	152	199	148	166	172	238	68	198	43	162	221	22	253	0	59	74	140	74	15	
146	63	238	182	42	4	153	115	137	140	149	135	45	235	119	67	230	235	189	133	228	75	146	202	218	89	239	171	13	228	41	91	
146	192	246	244	102	11	248	107	253	3	243	146	77	206	60	64	126	157	23	161	240	183	4	207	150	126	154	128	37	172	161	129	
6	40	148	137	110	33	184	74	30	176	80	130	140	142	113	75	111	25	55	209	2	118	67	208	20	16	219	236	149	13	49	129	
39	197	23	138	237	81	172	237	206	90	249	98	232	220	188	229	217	11	150	35	199	35	46	209	38	89	206	175	92	94	249	157	
139	248	50	144	79	245	176	119	223	95	20	23	12	156	118	140	165	43	183	5	151	111	50	211	27	95	88	235	155	76	189	223	
203	158	174	222	161	182	181	247	188	31	78	117	252	243	162	105	229	102	187	143	240	221	179	239	115	47	254	131	10	116	185	123	
227	58	230	144	109	253	184	66	201	253	48	191	172	140	215	43	142	49	247	21	132	126	230	192	6	24	218	171	197	13	87	223	
114	113	59	232	41	213	155	64	173	76	180	9	174	159	99	112	238	185	223	195	74	35	242	216	211	209	138	59	16	2	39	251	
147	200	12	191	29	133	24	108	158	73	213	23	181	136	50	65	224	43	123	5	174	13	95	191	224	103	186	153	28	12	25	26	
187	112	224	229	118	59	248	82	29	225	214	191	11	13	150	37	110	185	151	141	174	250	101	192	150	89	152	146	103	204	80	221	
136	220	38	223	149	246	182	255	212	75	222	119	120	249	162	225	245	122	187	131	245	223	27	255	118	103	254	131	27	93	189	27	
35	19	119	77	109	95	233	83	109	105	250	102	8	28	148	230	110	156	126	140	145	186	245	192	22	120	146	194	79	140	112	245	
230	58	228	144	109	253	184	66	139	125	17	191	140	140	86	11	207	41	247	21	150	118	242	208	7	88	218	239	213	13	87	215	
86	152	158	156	75	194	184	105	190	149	192	3	108	246	104	91	246	253	251	208	18	75	146	213	153	34	203	75	145	32	39	130	
230	202	105	158	28	201	139	200	150	100	145	171	225	204	127	0	88	240	219	211	110	39	77	191	125	4	153	249	117	159	84	90	
75	137	212	187	245	152	104	141	171	17	73	0	173	202	104	212	226	171	166	81	86	8	138	245	172	240	14	78	54	6	169	140	
107	51	96	136	109	149	216	64	201	4	180	143	172	142	118	180	206	145	223	197	206	43	246	213	147	89	138	251	87	14	95	223	
31	129	102	193	247	147	190	105	13	17	95	131	73	238	254	228	126	153	147	255	212	146	44	212	126	89	143	197	55	174	185	196	
169	152	32	91	69	221	113	19	23	109	103	28	186	149	34	180	204	42	162	28	142	188	115	151	79	93	144	65	82	140	92	218	
15	187	106	129	246	19	251	113	13	224	85	231	25	44	246	164	110	141	151	253	149	186	45	196	94	77	175	228	175	175	185	245	
147	16	114	201	102	18	248	123	125	66	246	179	13	29	182	105	255	157	183	133	244	191	37	194	18	123	218	198	103	164	113	213	
26	223	99	188	118	129	63	246	132	12	92	167	45	207	179	64	110	187	151	197	194	155	36	255	112	100	170	137	55	158	53	251	
39	120	193	147	205	233	166	204	94	243	49	215	192	204	111	12	89	72	34	151	39	118	126	242	13	22	151	46	221	127	84	252	
187	17	100	201	102	178	248	80	29	224	244	179	9	31	183	105	238	189	183	181	172	222	101	204	30	122	218	194	183	141	112	221	
227	1	125	204	108	31	232	99	73	232	176	14	158	44	20	179	174	181	94	45	129	107	112	204	159	56	96	184	68	168	67	188	
62	67	122	232	59	83	91	105	165	140	253	171	79	223	43	48	254	185	151	226	72	131	32	220	243	197	41	191	119	166	102	99	
75	19	113	193	101	92	232	19	109	73	250	102	136	24	212	230	110	133	222	141	149	56	245	192	22	120	130	194	79	140	113	245	
51	6	72	137	54	187	72	30	77	105	188	238	158	16	158	180	126	128	94	189	175	168	69	223	156	13	50	212	253	140	89	29	
226	17	119	212	115	204	153	35	169	105	182	185	190	31	132	55	206	181	223	5	17	171	112	205	87	56	122	210	78	12	7	127	
194	142	44	219	182	172	169	191	94	23	86	214	164	37	150	77	39	2	43	29	178	124	119	247	76	50	218	192	148	200	149	61	
61	21	123	108	86	211	251	112	84	192	125	34	91	221	185	48	126	184	151	234	201	178	52	14	115	205	161	129	127	171	116	243	
11	26	178	216	101	188	249	87	235	95	124	53	174	157	246	190	174	57	151	13	135	56	162	209	71	253	50	202	214	132	103	253	
43	112	226	193	100	184	248	19	105	67	126	162	171	141	150	44	238	185	215	141	140	184	228	193	198	253	146	194	103	140	82	253	
75	152	50	216	107	244	184	87	171	95	60	61	44	159	102	124	229	59	183	128	135	15	178	209	83	93	90	235	146	4	167	255	
183	249	112	200	44	23	220	253	207	216	180	163	11	157	247	39	206	249	255	207	204	43	227	216	178	216	199	190	87	188	112	221	
10	58	6	188	105	149	176	82	172	92	210	229	172	142	35	207	204	33	239	133	132	199	18	193	144	114	250	138	8	5	41	223	
106	155	102	140	105	24	173	97	136	14	245	175	173	36	150	151	78	177	198	167	212	42	246	201	116	113	234	137	87	44	175	252	
226	160	114	198	116	128	250	96	169	9	241	26	236	206	92	2	254	189	87	131	146	51	136	193	22	60	138	234	5	143	115	129	
23	73	74	174	22	130	110	112	132	192	219	199	117	206	179	96	126	233	31	239	205	131	4	236	242	45	170	136	61	187	56	80	
4	253	17	163	242	205	175	247	40	73	120	235	180	215	72	16	127	219	19	211	67	26	88	119	125	132	46	232	29	90	167	185	
249	219	77	109	42	90	70	181	165	76	230	229	99	39	162	213	70	246	172	110	109	139	101	61	242	235	96	145	58	188	236	89	
33	188	97	71	85	255	226	96	93	226	123	90	242	120	156	164	153	106	18	43	245	184	125	191	44	30	1	32	95	79	88	140	
33	16	127	69	100	206	105	19	108	73	118	116	147	23	148	121	46	188	31	8	129	188	117	64	69	168	114	128	108	136	64	185	
203	50	242	241	51	253	121	22	63	205	22	181	188	30	215	124	135	59	255	149	166	204	103	210	207	95	186	195	134	132	5	127	
105	75	99	78	116	154	239	176	233	68	246	207	123	72	183	244	174	224	87	111	197	185	44	237	114	125	0	0	111	191	114	92	
90	184	179	119	131	252	48	23	187	95	103	49	172	191	70	252	167	63	233	16	151	216	178	227	139	245	18	75	194	4	175	127	
122	241	107	206	127	83	210	100	1	228	149	171	74	92	190	164	252	181	215	227	204	163	108	140	51	125	137	251	119	46	126	87	
122	16	178	196	111	217	49	64	141	172	183	43	14	151	103	222	232	181	239	0	8	3	128	192	147	241	106	155	2	45	37	43	
255	80	114	232	119	181	122	216	121	72	245	175	73	223	191	124	190	217	151	247	142	7	44	242	83	89	171	238	119	183	102	87	
94	19	246	224	190	34	187	8	174	189	147	227	93	79	105	75	246	213	127	243	152	195	9	192	216	161	239	212	165	115	165	3	
35	160	230	93	93	27	224	107	95	178	240	138	32	232	214	165	121	172	98	41	228	254	199	221	30	30	211	39	85	44	90	140	
241	66	207	236	4	66	71	121	224	142	247	98	83	243	184	115	120	228	60	234	233	183	161	8	241	235	226	132	37	186	244	33	
3	243	185	219	60	213	179	156	206	93	148	100	188	158	206	228	198	91	255	93	215	105	235	241	110	29	62	250	156	144	1	253	
2	33	150	129	76	9	168	97	174	48	112	2	140	130	64	11	106	41	66	192	80	120	195	192	4	16	74	168	5	8	35	136	
33	222	232	197	118	10	171	63	90	175	222	254	241	40	148	36	127	228	22	13	225	254	109	79	108	46	191	176	109	184	81	173	
9	149	252	91	246	62	253	159	127	93	126	180	253	63	158	110	39	91	183	29	151	248	39	245	110	127	118	196	214	220	205	249	
119	120	118	232	45	20	218	216	207	72	178	163	78	222	255	106	254	209	255	247	142	39	43	208	146	92	139	222	151	191	113	87	
154	54	180	215	161	244	152	23	155	251	151	183	172	191	70	111	239	191	189	145	190	220	242	194	139	127	222	179	134	68	165	95	
216	81	154	172	42	96	84	7	161	6	142	169	247	183	11	90	166	215	237	129	76	3	131	1	208	225	106	153	36	114	172	91	
187	187	114	101	45	87	220	119	201	236	190	47	43	157	246	39	206	181	247	195	205	59	224	200	115	217	229	179	103	172	118	223	
126	251	120	96	40	89	91	176	105	236	191	168	155	29	214	182	134	213	213	122	200	114	232	228	250	217	37	247	70	151	206	119	
50	27	14	222	21	228	178	98	133	12	249	103	32	223	36	192	232	187	131	193	30	171	18	253	83	176	138	75	25	11	124	155	
185	207	18	233	180	59	238	230	20	40	122	98	143	2	177	161	110	202	22	238	109	184	65	191	180	201	190	132	124	217	169	141	
215	4	143	183	160	98	108	50	176	219	195	213	245	114	26	91	97	231	125	167	189	213	197	46	132	35	250	128	172	117	187	80	
90	251	54	210	11	148	188	205	175	20	128	7	108	203	109	194	164	123	235	211	66	101	154	241	251	209	15	43	67	22	173	10	
123	75	98	206	87	150	207	244	1	100	246	139	41	13	55	164	108	244	215	239	205	187	117	237	115	105	136	145	103	159	122	124	
218	14	10	188	19	228	59	66	188	4	206	147	173	135	34	65	230	179	139	133	32	139	16	239	241	229	170	137	48	69	37	122	
130	20	244	223	110	40	248	3	159	59	179	50	172	58	60	74	239	35	63	129	176	173	67	194	132	62	218	146	148	72	65	137	
123	225	34	238	93	215	207	111	1	229	188	10	35	45	54	180	216	162	211	237	92	171	112	157	251	221	148	121	83	14	254	206	
39	123	99	75	86	151	235	248	77	72	125	230	112	196	181	36	126	168	22	255	195	178	60	253	60	28	163	228	95	175	114	245	
146	4	246	140	118	34	248	75	125	3	242	146	12	174	52	74	127	133	127	161	160	183	1	203	148	62	154	132	133	104	161	128	
34	165	118	209	244	170	248	199	59	49	122	26	140	42	84	25	239	143	23	145	178	250	128	213	62	154	154	228	197	200	195	129	
35	242	117	9	110	217	152	30	207	121	180	238	156	28	214	37	142	137	222	85	199	42	102	213	4	24	56	250	94	140	9	221	
38	58	162	146	109	253	184	64	139	127	17	63	140	156	126	11	141	41	247	21	150	119	186	208	15	24	218	235	196	15	87	215	
6	148	178	214	165	164	184	19	155	91	147	51	172	190	124	106	207	19	191	145	178	205	202	227	135	126	218	146	134	205	133	87	
18	201	208	157	238	9	236	111	15	35	154	2	172	42	48	64	107	131	127	129	64	41	67	243	180	182	222	144	21	88	241	136	
98	97	112	134	108	8	254	100	137	0	185	10	140	8	52	2	238	177	95	227	192	43	192	197	52	24	138	184	5	11	147	137	
3	152	178	152	207	245	184	87	159	95	20	55	44	156	102	12	165	59	179	21	151	111	50	243	31	94	90	235	154	76	173	223	
177	6	77	237	92	2	104	123	20	162	240	194	81	35	145	97	122	140	54	172	233	254	69	30	116	175	167	148	53	168	112	168	
146	144	230	233	102	34	248	67	63	99	242	179	12	14	52	72	239	157	183	133	176	191	5	194	22	126	218	198	245	132	113	209	
75	251	125	203	58	221	187	152	206	125	20	166	188	223	207	230	166	81	255	93	131	41	239	245	78	89	42	250	30	135	5	249	
114	161	58	234	121	209	19	104	174	12	157	43	47	223	106	112	250	185	223	227	74	3	162	221	243	213	10	187	16	10	39	98	
108	233	188	248	189	200	81	7	202	189	166	40	134	145	66	90	193	116	236	16	18	105	195	0	217	241	55	127	128	8	221	35	
6	12	242	154	252	161	254	67	157	130	219	146	236	238	53	64	255	171	63	147	176	167	2	234	180	62	142	136	148	123	161	129	
150	36	82	146	118	161	250	64	189	17	241	18	140	202	60	1	254	169	95	227	42	247	136	229	148	152	138	232	5	11	115	129	
244	19	127	236	164	70	69	121	196	142	247	102	83	209	184	97	120	148	46	170	249	183	33	140	208	235	227	132	61	170	244	49	
26	79	119	220	210	210	174	103	189	192	90	226	41	174	181	228	110	251	147	192	241	155	36	236	50	46	222	130	167	244	165	188	
165	249	46	59	196	159	230	209	94	120	82	79	243	200	63	8	216	42	50	95	199	240	95	181	36	121	5	64	93	30	217	132	
126	245	100	140	207	91	214	235	3	244	156	171	74	252	127	183	89	208	255	227	76	99	255	157	187	81	205	191	119	126	94	214	
53	77	74	174	212	130	110	244	132	192	218	199	113	202	179	96	126	233	23	239	205	147	4	174	240	45	174	136	61	187	56	144	
55	132	140	168	44	91	158	233	206	123	153	114	223	248	250	162	251	73	150	35	245	39	14	211	186	85	239	255	221	47	249	149	
241	91	63	188	45	148	77	54	129	78	230	69	38	135	35	83	196	228	44	78	237	143	50	173	179	251	240	152	26	188	100	125	
189	84	105	101	38	118	127	144	81	230	126	166	89	61	147	41	126	220	149	238	233	180	53	174	103	239	164	132	111	255	116	113	
57	81	123	236	124	199	91	112	129	68	244	10	63	223	35	48	254	185	23	226	73	163	48	157	243	201	0	56	113	186	102	242	
106	62	158	190	235	32	148	103	139	159	152	175	44	255	103	26	175	247	237	1	20	75	130	224	216	247	94	187	129	116	175	155	
130	56	178	218	75	240	176	66	187	87	101	51	44	222	103	120	231	59	179	145	6	95	186	227	23	54	218	107	145	5	39	222	
121	57	235	101	242	66	111	55	48	192	94	162	49	183	209	112	118	254	53	140	193	154	180	42	124	173	175	128	175	240	118	249	
211	92	140	191	44	162	76	38	148	74	210	247	245	248	26	75	194	103	61	199	173	204	199	45	196	34	250	144	60	89	185	27	
185	26	126	235	116	215	121	80	68	100	247	34	51	31	178	112	78	188	154	72	141	189	117	156	67	233	176	16	119	138	108	248	
33	201	123	78	84	215	235	244	68	64	108	2	112	221	52	32	120	104	19	238	195	184	56	125	111	45	132	72	81	154	112	232	
162	32	100	241	100	185	248	87	29	81	118	147	139	13	150	43	110	185	151	157	170	252	100	192	6	88	218	128	71	140	80	221	
34	160	198	29	77	139	160	107	222	180	224	11	32	200	118	9	248	172	98	33	6	251	199	93	28	2	83	63	81	44	126	142	
139	16	178	216	101	188	248	87	251	89	116	49	172	157	246	47	166	59	151	29	166	125	162	209	7	120	90	202	214	132	99	223	
95	157	182	255	181	54	182	247	180	219	199	119	104	251	175	203	245	103	185	199	245	217	139	175	62	111	254	130	138	245	184	27	
2	40	224	145	110	169	184	66	15	177	208	138	140	142	85	11	78	185	23	145	128	126	194	192	4	24	218	168	149	13	17	153	
186	19	122	236	59	83	90	105	37	132	253	170	75	207	33	144	126	185	135	226	72	131	4	220	242	197	137	63	119	166	110	34	
34	188	162	154	219	241	184	71	139	95	88	179	44	158	102	8	235	59	147	145	22	15	162	243	31	20	154	235	151	76	165	223	
99	19	115	193	108	124	169	81	109	73	251	70	152	28	180	230	236	156	90	156	145	186	245	192	21	56	130	66	77	138	113	245	
106	235	194	52	243	153	188	231	171	165	32	239	172	168	86	146	162	111	225	149	70	91	134	224	62	84	158	235	69	4	155	142	
33	217	115	79	116	151	239	244	69	72	112	70	48	220	181	164	126	104	18	206	195	184	52	253	37	24	128	0	95	155	112	252	
31	159	135	255	189	246	54	246	215	91	211	119	96	253	175	237	253	246	187	195	189	249	27	191	62	119	255	131	154	125	184	95	
59	201	98	107	21	158	207	244	101	65	254	7	59	13	62	228	120	170	149	205	203	184	117	189	115	125	128	64	127	158	248	124	
57	141	115	236	21	211	194	97	196	4	218	66	115	216	180	224	216	186	6	97	221	171	52	159	179	237	162	73	53	10	116	172	
175	245	49	170	251	181	158	223	27	233	157	185	124	253	88	160	151	91	215	119	182	11	200	191	123	93	45	255	150	223	155	211	
120	233	122	72	115	217	83	101	105	69	124	169	43	140	166	48	170	184	198	64	70	59	164	61	115	77	32	121	99	142	70	222	
82	160	151	189	27	194	56	104	190	145	194	3	204	214	32	74	248	189	235	176	8	203	147	93	153	162	219	79	128	32	37	130	
138	186	250	245	98	136	56	87	60	7	86	245	189	159	224	73	166	59	183	1	242	220	146	195	70	241	122	130	14	128	13	187	
82	152	178	218	19	244	144	135	187	85	134	177	44	254	110	220	167	63	249	145	22	77	178	227	155	119	26	203	130	4	175	126	
82	33	134	172	75	193	184	73	142	145	194	131	36	222	96	74	232	189	251	145	10	195	147	208	153	32	203	91	17	12	53	2	
118	137	112	230	118	11	218	232	41	32	185	10	79	107	28	16	250	193	87	99	200	51	72	253	182	216	139	188	119	171	83	129	
75	75	194	29	98	144	188	103	57	64	114	229	41	138	182	212	46	175	162	197	196	154	134	105	38	118	26	139	111	148	171	157	
142	143	80	179	213	216	110	173	175	85	45	7	172	202	110	212	227	171	134	208	87	24	170	247	174	209	135	111	58	6	205	222	
134	16	246	211	45	61	248	24	157	91	83	179	204	254	188	43	255	19	191	7	176	229	98	227	135	122	218	218	150	205	81	215	
158	80	118	248	102	27	252	216	169	90	244	171	77	95	189	43	190	209	215	247	162	231	46	212	210	251	235	198	247	189	99	215	
26	120	114	224	50	147	90	208	45	232	188	163	47	31	149	52	190	249	149	223	202	147	33	236	242	221	171	146	39	167	35	93	
126	171	56	170	29	149	155	72	139	172	173	9	174	206	71	0	204	185	207	83	14	3	250	245	219	213	139	123	82	15	15	70	
121	8	106	108	22	222	91	112	101	228	246	138	91	141	151	112	126	252	245	238	200	183	245	142	211	237	129	17	103	175	118	96	
11	209	244	251	254	26	249	188	111	121	118	163	253	63	190	99	39	87	191	221	150	248	47	245	110	251	126	198	247	148	161	249	
118	35	58	168	29	213	91	72	137	4	189	11	15	221	62	16	220	185	221	227	78	35	104	220	243	213	137	127	83	15	38	102	
35	169	128	150	238	5	150	238	139	250	152	239	164	252	79	131	205	75	243	71	214	106	202	225	28	16	223	58	93	127	27	159	
242	121	114	232	110	19	222	95	207	192	176	171	11	157	245	96	238	177	223	231	200	35	230	216	178	216	143	190	119	188	112	93	
45	113	123	104	94	205	251	80	128	68	109	136	95	221	58	48	92	185	83	110	211	178	114	21	119	201	0	120	115	139	226	240	
127	176	224	24	155	241	144	206	219	85	132	191	10	252	78	156	221	139	221	149	158	75	254	209	155	85	153	255	247	5	190	86	
17	10	205	229	118	34	233	123	52	162	242	226	145	35	145	106	126	157	62	173	137	218	69	76	212	174	251	132	109	160	97	168	
195	17	142	190	236	4	252	105	158	218	149	87	253	203	122	75	238	99	63	215	228	79	155	232	218	83	255	137	28	100	57	27	
88	169	56	250	93	221	75	72	226	180	165	8	59	211	82	48	40	168	81	218	10	122	186	53	219	205	129	105	115	3	70	226	
161	210	232	197	118	11	171	31	94	235	214	254	241	0	148	100	127	140	54	141	225	252	101	79	36	46	191	144	109	152	209	61	
9	16	125	237	100	108	233	18	108	89	114	102	191	31	144	107	110	145	62	136	129	184	117	192	197	233	114	128	124	136	101	249	
104	233	40	226	93	205	75	132	163	61	172	8	178	151	83	48	200	206	125	218	10	11	250	53	243	221	137	125	16	19	86	106	
3	185	116	249	255	157	248	119	239	121	60	33	172	30	150	50	167	51	215	21	150	40	34	213	15	90	30	226	215	4	195	223	
37	167	145	225	244	15	174	255	26	43	120	82	157	51	216	180	127	219	22	185	115	186	73	215	172	158	175	228	205	72	163	161	
107	56	229	117	119	95	120	23	99	253	54	159	137	13	214	62	38	60	117	28	150	248	241	128	79	89	181	229	166	132	86	251	
49	32	65	109	92	15	225	107	118	160	242	74	147	40	144	32	88	172	110	173	169	250	197	30	156	142	161	20	109	168	114	168	
226	203	108	124	108	137	77	181	169	60	146	201	163	8	148	115	134	246	125	111	232	15	198	61	178	249	252	184	20	144	214	41	
35	204	27	184	121	237	146	206	143	85	72	9	164	222	108	128	205	59	147	5	7	11	58	117	33	20	24	122	16	28	133	222	
9	152	18	245	53	188	96	23	189	11	118	84	191	147	160	252	134	59	52	8	51	188	16	199	135	255	50	194	202	128	203	185	
50	16	247	245	36	6	92	115	113	170	242	107	83	61	21	59	252	245	125	1	140	254	193	136	147	250	245	130	225	232	116	27	
198	243	176	154	203	213	158	200	159	126	149	43	108	222	111	15	255	219	219	243	198	67	250	241	27	88	207	191	19	95	175	215	
56	20	106	109	71	123	221	91	97	103	252	191	27	13	30	60	126	156	149	165	152	182	116	134	83	111	48	133	231	198	246	242	
0	33	2	129	76	137	168	97	172	16	176	2	140	130	64	3	106	41	74	192	82	57	194	192	20	16	138	40	4	8	35	136	
3	130	102	209	100	135	232	115	95	57	82	66	152	24	188	161	254	29	23	173	195	248	5	213	12	26	251	228	29	140	89	173	
11	206	55	253	119	134	252	119	253	13	90	71	172	171	36	192	230	43	23	141	228	184	0	239	39	255	30	130	22	196	169	137	
21	207	90	175	244	155	110	228	85	2	122	70	231	34	171	197	122	234	6	78	236	184	13	191	180	254	6	0	56	219	168	140	
191	92	99	77	70	23	239	112	84	194	94	198	113	68	181	229	126	236	18	239	225	182	53	206	48	46	139	128	127	255	112	244	
67	243	121	66	98	221	249	21	169	77	53	236	190	151	222	180	38	8	95	94	211	8	180	97	39	25	32	234	78	134	199	245	
159	7	226	129	214	50	236	65	45	192	94	163	9	14	247	236	126	173	147	189	133	145	37	202	62	76	143	133	167	246	57	196	
139	254	84	243	243	184	184	183	58	59	30	247	173	11	194	221	39	11	133	156	182	220	13	247	110	203	62	229	174	196	139	153	
70	16	242	208	228	60	248	154	11	91	150	179	140	255	253	106	255	217	191	149	146	101	162	192	158	126	218	254	134	237	81	85	
33	225	121	75	116	199	235	252	86	72	124	66	48	213	188	52	88	136	22	110	195	178	124	127	103	140	165	224	91	154	114	185	
254	123	198	196	255	18	95	212	129	132	182	174	11	135	243	215	110	228	205	252	201	75	164	200	186	217	143	155	47	189	60	117	
26	127	99	101	51	138	111	119	33	236	190	229	63	15	144	149	38	183	221	236	232	153	37	142	242	237	36	128	103	132	6	121	
182	72	118	232	110	2	252	216	185	146	176	130	141	15	53	11	238	145	87	241	232	103	6	216	146	218	207	142	247	188	115	129	
60	205	106	228	84	11	106	240	65	32	254	10	75	9	53	16	122	236	23	234	200	179	8	189	114	237	161	196	119	187	114	128	
61	127	226	69	181	246	79	214	117	204	126	102	107	105	183	180	124	234	132	252	173	184	37	174	42	223	165	131	239	255	124	253	
238	143	70	154	249	241	142	234	135	30	220	171	40	239	236	197	73	187	223	131	122	11	110	255	62	112	222	251	151	206	188	252	
122	171	170	164	91	128	152	101	171	13	248	171	47	139	66	16	168	187	197	209	30	11	130	197	251	213	138	235	103	6	191	139	
47	167	32	43	253	61	227	252	79	63	217	207	234	232	95	133	217	10	79	63	190	43	95	183	124	88	5	252	215	78	89	204	
169	94	236	213	118	158	169	23	86	107	86	246	177	1	150	108	127	140	22	141	163	252	101	15	100	47	178	128	111	136	89	185	
3	187	131	149	169	144	172	71	142	205	152	231	172	174	226	142	239	111	255	149	151	203	134	192	172	22	190	170	140	92	189	221	
122	52	224	236	95	127	80	123	19	238	188	175	11	61	87	148	221	149	221	161	172	99	241	158	219	223	129	191	119	108	94	95	
33	184	249	65	245	93	227	23	91	233	124	12	178	176	215	52	217	74	18	24	147	58	240	66	79	157	52	104	200	74	82	236	
114	104	112	236	116	130	90	66	41	128	184	130	45	14	21	80	238	177	95	193	202	139	64	237	178	252	138	144	37	130	34	9	
26	206	218	188	114	128	63	246	181	15	94	167	45	167	163	80	103	251	175	129	70	159	6	235	242	38	186	139	55	212	45	75	
61	69	110	101	71	86	255	244	81	230	118	2	89	61	179	33	126	220	149	238	232	176	53	172	103	239	228	133	103	251	116	106	
61	133	66	141	244	58	234	115	117	0	122	194	17	8	180	228	122	140	22	236	157	184	69	222	54	44	162	196	63	169	248	132	
75	94	230	159	50	178	168	150	191	83	90	247	237	14	181	238	103	119	191	133	167	212	39	235	4	126	250	130	174	213	57	93	
90	110	210	177	163	184	60	198	175	31	78	165	172	167	199	222	167	63	237	148	6	209	131	224	150	247	126	131	130	212	173	91	
134	208	178	218	75	212	176	204	187	91	97	19	44	222	108	123	231	89	179	195	2	71	186	241	23	56	90	107	17	23	39	223	
45	55	105	73	244	247	203	91	70	105	221	110	145	237	190	32	92	138	23	189	155	58	117	30	110	77	161	236	223	203	208	241	
151	214	189	173	62	115	184	254	222	122	152	118	212	60	240	227	239	85	62	99	181	117	109	215	188	3	235	246	53	121	25	133	
130	112	178	154	109	172	184	196	234	91	113	17	172	220	125	11	174	59	179	87	130	118	138	225	5	24	90	170	192	23	35	203	
199	84	141	191	172	116	60	13	206	219	147	115	244	126	88	235	199	7	127	135	245	69	207	224	132	50	255	154	156	112	185	71	
79	153	190	191	165	212	63	244	183	221	71	37	108	255	175	207	215	103	185	87	246	217	171	233	74	255	223	131	142	247	41	95	
254	81	116	78	75	84	22	248	139	86	165	14	104	222	111	255	254	209	217	226	207	7	186	241	51	120	197	191	63	63	124	119	
57	177	96	233	253	247	91	89	71	77	253	12	123	125	158	180	220	154	151	60	155	42	123	157	235	221	129	125	211	142	220	240	
50	33	6	9	77	107	160	75	206	53	224	11	2	136	118	10	232	140	106	129	28	187	215	80	21	32	146	123	81	8	119	134	
188	31	90	238	83	215	82	112	21	140	253	107	107	219	33	144	126	185	135	226	104	167	8	159	243	201	33	171	123	171	110	147	
2	40	128	145	108	169	168	6	14	177	82	18	172	138	113	72	78	41	31	145	2	188	67	208	132	16	154	160	148	9	17	137	
2	161	118	147	244	139	248	103	175	49	115	18	140	42	84	11	239	139	87	145	146	248	2	212	12	26	222	196	197	8	227	137	
47	155	190	191	189	214	54	248	151	95	215	35	120	252	175	239	213	127	187	195	191	251	43	189	46	127	223	135	151	63	60	87	
248	104	106	108	21	215	83	104	101	132	236	10	59	153	51	48	120	252	145	234	72	183	176	191	243	237	129	17	99	187	126	42	
49	4	77	229	84	10	105	127	116	162	226	66	147	33	144	113	120	172	42	172	40	252	69	30	196	175	242	16	101	168	80	168	
43	141	83	156	93	209	82	99	197	64	220	67	106	217	48	228	88	170	134	41	142	171	70	223	50	118	130	91	55	142	120	14	
18	96	7	169	15	195	160	79	134	177	194	3	132	130	96	74	232	157	107	145	10	143	211	208	145	160	154	91	17	8	53	138	
181	77	107	174	212	130	111	244	84	192	218	198	115	201	177	97	120	232	23	239	237	179	4	46	240	173	174	136	61	187	112	136	
190	182	254	211	245	54	242	223	115	127	127	247	74	127	238	221	253	218	135	188	191	246	57	231	250	223	183	231	175	213	254	215	
9	142	199	165	114	114	43	250	52	198	78	226	253	102	131	228	115	108	146	173	181	216	45	79	236	103	235	133	38	229	53	228	
2	0	212	217	86	162	248	67	29	51	242	146	140	14	20	74	111	173	63	145	16	158	65	194	20	62	154	192	149	8	113	137	
82	96	150	172	27	194	0	78	166	145	194	2	132	146	32	218	232	181	106	144	10	207	211	85	145	160	154	95	48	0	37	10	
35	235	66	139	246	145	190	230	79	65	88	231	40	200	182	164	126	235	146	213	215	186	68	253	46	28	142	235	95	158	251	157	
14	237	228	219	223	249	223	159	27	247	85	24	205	123	222	189	23	91	213	159	178	88	127	243	111	95	221	229	191	213	143	177	
51	73	42	190	93	133	207	119	149	64	200	71	48	205	51	65	108	171	19	207	207	171	18	253	241	56	138	8	29	156	176	218	
3	66	199	157	106	226	169	78	62	225	66	231	244	2	161	200	122	45	34	149	1	209	7	92	156	38	219	128	141	16	33	216	
2	190	162	154	219	245	184	71	155	95	89	179	44	206	110	8	237	59	147	145	18	14	58	243	31	20	154	235	149	76	181	223	
191	92	99	142	70	151	238	248	213	66	222	198	121	204	183	228	126	232	146	239	237	151	60	255	50	110	139	128	63	191	120	252	
35	235	66	139	215	147	174	228	79	65	88	199	40	200	182	164	126	171	146	213	215	186	68	253	46	28	142	234	29	158	249	220	
221	30	190	245	164	62	245	178	244	222	214	118	211	120	147	107	101	86	44	43	189	245	167	174	194	235	242	132	238	249	245	51	
154	223	110	152	242	209	189	231	188	92	222	183	44	142	166	193	102	179	135	213	246	141	6	255	56	1	190	195	53	20	173	223	
162	0	98	209	100	169	248	7	157	83	114	147	172	140	116	73	238	187	55	149	178	252	70	194	6	26	218	192	196	140	81	201	
6	12	242	216	244	128	254	103	221	139	216	18	172	234	53	64	255	251	31	145	242	235	0	238	190	30	158	202	148	248	177	129	
51	167	98	138	215	177	186	207	95	69	217	135	40	200	118	128	251	139	147	149	150	59	14	247	62	84	154	235	221	78	249	222	
75	148	188	87	131	126	61	191	124	251	7	16	221	127	30	111	55	87	253	169	176	200	255	104	239	127	95	7	130	116	175	111	
33	32	15	237	92	15	224	107	116	161	242	88	179	1	16	17	88	172	106	44	8	250	65	28	148	138	241	48	97	136	82	168	
10	30	147	179	50	232	56	23	189	75	90	245	188	191	160	192	167	59	159	16	183	157	0	207	174	246	58	194	138	196	161	217	
35	26	45	153	108	221	185	16	207	92	85	236	180	156	247	111	206	57	254	69	135	36	118	241	5	16	122	251	84	13	21	245	
47	177	240	192	233	245	122	216	171	93	61	173	12	223	222	62	175	27	215	212	151	3	186	209	75	93	173	239	150	151	166	247	
124	169	186	226	253	112	83	138	131	189	190	41	11	189	111	26	137	215	245	210	26	43	170	161	91	221	133	127	227	123	108	106	
147	79	71	92	211	146	174	103	245	130	250	194	41	226	181	229	110	251	130	202	229	187	4	238	48	110	158	130	111	244	233	140	
57	77	123	110	85	207	67	120	85	72	253	74	51	93	177	176	120	168	22	110	73	178	104	63	115	205	32	136	115	139	98	225	
88	251	146	178	59	153	50	132	235	189	42	169	174	155	64	210	166	119	237	80	70	107	138	177	250	241	54	123	2	30	143	11	
60	44	106	108	93	87	83	104	65	164	236	10	83	217	51	48	120	252	17	234	72	163	56	158	243	205	129	61	115	171	126	34	
189	64	126	233	5	31	90	64	196	32	231	2	123	31	56	104	88	144	123	110	76	165	113	156	195	233	130	17	115	139	64	34	
118	35	234	140	255	80	154	72	139	204	221	171	8	204	254	134	254	233	151	247	158	99	174	192	26	93	143	239	199	46	126	199	
33	241	113	73	116	199	239	253	70	72	124	66	48	213	188	36	124	24	18	236	195	58	120	95	117	12	165	236	95	154	242	241	
42	201	54	168	25	229	145	206	142	21	136	9	52	148	39	96	200	51	219	81	2	11	34	61	241	21	10	59	208	30	37	234	
46	155	182	158	233	196	149	49	223	31	117	49	236	245	34	239	197	51	174	17	178	107	106	241	73	50	82	219	210	76	165	103	
249	82	255	229	36	70	101	95	100	111	246	118	83	53	170	115	124	132	44	172	233	183	161	8	242	235	242	132	45	248	244	121	
41	133	81	201	199	249	97	127	71	33	109	74	24	177	232	244	123	154	18	8	19	58	60	215	31	28	16	110	247	206	212	164	
168	173	49	94	93	197	199	103	209	4	236	24	50	213	52	53	72	58	18	74	122	46	114	63	97	153	128	121	83	8	214	234	
62	241	228	168	141	91	82	200	3	244	149	171	75	205	95	158	91	216	245	243	94	99	255	145	186	209	205	255	247	63	94	246	
102	57	240	224	238	40	248	218	11	25	184	162	13	159	117	90	239	221	191	209	146	35	130	192	158	220	143	238	167	253	99	145	
160	218	119	95	118	143	163	244	220	12	116	98	112	81	181	37	110	120	2	106	227	188	46	125	101	10	32	128	117	155	100	173	
9	140	23	245	52	174	96	55	124	9	106	80	183	33	144	240	0	46	44	12	57	184	81	47	196	255	50	0	8	136	65	40	
155	93	6	158	77	183	238	246	213	66	198	199	121	236	55	229	124	234	18	207	237	135	54	255	50	122	202	8	31	252	120	220	
171	194	32	216	77	213	208	204	159	53	84	19	40	140	126	228	200	8	147	65	70	47	110	247	23	89	154	255	23	12	124	206	
71	31	231	221	246	182	172	183	125	65	90	230	249	110	149	236	119	111	59	221	149	216	183	236	44	62	222	192	173	245	177	117	
3	251	175	149	54	147	185	183	94	205	86	231	176	172	246	100	102	106	191	221	199	216	39	237	108	20	190	130	142	140	53	253	
250	48	96	69	95	95	81	103	19	237	182	191	42	28	22	188	204	181	255	129	172	255	241	158	151	95	144	179	103	12	94	95	
252	107	96	237	45	81	206	232	71	116	180	171	11	13	215	135	74	204	239	239	200	99	239	177	114	217	193	189	119	191	126	244	
7	9	35	206	149	214	239	33	196	200	219	2	240	252	181	228	120	100	58	239	217	161	61	237	33	60	138	128	21	63	112	100	
91	31	74	172	80	182	46	118	37	192	202	199	41	234	51	192	116	235	147	205	141	154	20	237	178	45	138	136	61	247	57	28	
6	27	154	187	178	161	186	200	158	5	89	231	173	206	43	72	254	59	131	213	22	129	10	241	236	5	186	201	157	27	45	155	
181	76	75	174	84	2	111	112	84	194	215	198	113	225	185	97	120	236	22	239	233	183	12	46	240	171	230	128	61	251	112	168	
30	159	22	187	178	130	186	113	188	5	75	231	237	238	42	64	230	59	175	213	182	153	11	253	232	231	42	192	188	7	169	19	
62	9	226	252	70	131	234	120	71	128	253	2	107	233	181	64	122	233	55	235	136	178	14	217	146	239	139	132	119	171	112	128	
66	216	182	154	123	213	144	236	251	93	117	27	108	222	46	28	167	35	163	21	182	79	58	247	27	30	94	235	210	6	175	223	
198	240	178	218	109	140	190	196	235	26	49	17	236	218	125	11	174	73	87	71	194	39	138	225	53	24	78	170	80	31	35	131	
149	78	79	199	66	34	111	240	52	226	119	214	81	99	177	123	127	228	22	238	225	212	45	78	116	170	231	132	45	241	96	160	
79	251	190	190	59	208	57	184	175	220	215	165	236	223	111	194	198	117	249	220	198	75	187	241	75	121	239	203	6	166	45	83	
62	13	98	136	215	242	234	65	165	196	207	131	73	142	55	204	120	173	147	177	12	147	52	206	51	101	142	1	167	110	124	198	
157	221	126	122	180	150	95	189	209	222	60	36	123	127	191	113	151	67	149	238	253	1	44	191	106	223	37	252	62	247	232	117	
139	190	68	179	242	180	120	182	59	127	86	247	173	46	214	173	39	203	150	149	183	88	141	247	14	94	255	230	175	197	171	221	
14	219	254	190	175	84	95	188	223	93	86	7	237	238	63	111	215	119	181	195	150	200	63	245	203	255	127	203	150	183	45	95	
134	104	150	147	100	173	184	192	143	25	83	144	172	206	121	11	206	43	23	83	2	116	10	224	132	16	26	202	148	15	17	137	
59	63	110	85	247	214	255	119	85	204	126	167	107	108	183	164	126	234	150	188	237	184	37	238	106	95	181	131	239	172	124	253	
63	183	188	243	245	119	253	223	127	127	63	119	201	126	222	173	253	219	151	180	191	248	123	245	238	223	247	199	207	213	252	215	
184	76	106	68	84	131	234	244	85	128	254	2	115	73	181	16	120	168	23	232	232	183	36	222	114	205	161	128	117	187	114	136	
155	94	70	158	66	182	190	246	149	70	222	231	109	238	179	205	102	235	179	199	228	199	6	251	178	99	222	137	63	245	57	221	
9	14	65	101	52	190	104	55	85	235	126	230	179	41	150	96	79	174	20	172	173	184	101	143	102	239	176	128	239	204	80	205	
99	59	227	5	116	28	232	83	75	233	112	78	0	136	214	182	204	108	18	29	151	186	228	192	14	60	132	238	207	172	210	213	
14	249	236	211	205	223	252	191	11	253	20	4	200	127	94	175	141	75	247	217	147	216	251	240	111	219	253	231	142	86	223	247	
80	8	19	185	66	163	32	2	38	49	226	210	149	18	0	88	96	189	106	144	10	158	209	113	149	160	154	1	40	1	33	8	
166	162	226	154	223	241	184	200	155	85	213	187	72	236	126	12	253	155	147	145	54	99	174	241	27	20	155	239	215	79	191	214	
134	178	176	218	233	229	184	200	159	27	17	51	140	222	108	43	207	27	151	147	178	70	26	243	15	18	218	239	148	79	165	215	
130	176	176	218	103	164	184	69	191	27	113	50	172	154	108	73	231	27	151	17	178	94	10	243	7	26	90	234	148	4	161	139	
155	77	99	156	69	119	238	118	85	194	206	70	121	236	53	229	120	238	18	239	237	183	53	206	49	110	202	0	127	252	120	252	
38	176	160	154	203	245	186	200	155	95	17	187	108	222	110	10	221	91	179	147	22	71	186	241	31	22	219	239	151	95	183	215	
71	27	198	147	242	176	60	151	175	193	74	231	173	174	199	222	166	103	255	149	150	153	135	224	190	52	190	195	142	214	171	221	
57	1	66	137	212	146	232	71	85	128	246	130	1	8	183	196	122	172	2	189	28	186	5	206	54	46	130	65	191	156	120	140	
2	128	182	219	101	172	184	71	190	27	81	16	172	158	116	72	167	59	19	17	146	252	2	241	13	30	90	202	148	76	161	201	
41	67	67	77	84	30	231	55	101	32	123	76	3	0	148	244	120	172	6	110	201	184	101	13	36	172	32	0	107	170	210	164	
128	0	94	241	84	174	96	7	108	1	99	80	151	1	0	73	42	46	74	8	18	188	81	5	196	170	50	64	96	8	195	168	
2	200	246	152	124	130	248	110	95	153	208	2	172	170	52	65	238	249	63	209	178	235	2	236	156	62	222	202	148	8	49	137	
50	121	107	92	91	212	159	200	155	196	124	167	56	220	55	32	254	121	147	231	198	35	182	255	115	13	143	171	117	55	118	255	
79	177	189	119	139	92	57	157	235	253	6	0	252	246	74	122	166	87	253	217	150	73	187	97	207	127	127	199	130	6	143	111	
2	0	212	145	116	168	184	7	172	19	82	18	172	10	16	74	111	171	63	145	18	188	65	192	4	54	154	192	132	8	177	136	
42	135	0	203	253	181	200	127	23	25	221	215	233	108	60	228	221	154	147	189	190	42	75	151	47	93	154	253	151	206	248	156	
200	218	252	253	6	108	121	150	40	95	86	54	189	39	147	106	35	67	61	200	131	28	247	225	199	235	250	129	175	208	85	123	
227	119	122	36	232	172	254	84	169	200	60	253	28	159	151	27	134	241	213	231	229	7	144	232	114	121	42	184	76	247	139	209	
243	111	106	196	111	146	92	119	137	196	156	175	42	143	247	215	110	164	223	252	204	203	166	204	58	88	134	155	39	188	126	93	
2	72	246	145	238	2	188	71	173	178	144	130	140	14	117	11	239	181	127	145	192	239	66	192	148	26	222	134	213	124	49	137	
11	249	99	147	118	213	190	244	173	73	92	231	188	220	151	164	166	123	151	207	199	152	62	229	39	24	190	138	15	150	145	253	
140	214	253	215	166	59	189	61	158	255	87	246	221	103	174	75	55	20	191	44	225	244	111	196	70	235	127	132	158	248	137	241	
45	165	104	105	244	183	203	218	87	105	125	194	91	109	223	32	95	138	23	188	154	50	109	159	111	205	161	229	247	203	80	225	
45	60	233	73	244	63	235	91	86	237	125	78	145	173	215	40	93	8	23	28	131	50	124	26	103	13	165	164	223	251	210	241	
66	200	80	143	124	136	234	100	175	1	186	2	172	10	48	64	106	161	95	193	66	41	193	253	180	52	154	184	20	10	81	136	
10	179	114	1	242	153	184	87	47	69	94	231	141	12	206	132	38	27	151	21	150	152	37	212	46	85	62	199	239	134	143	213	
2	200	246	212	102	130	248	224	255	17	242	2	236	202	52	73	255	229	63	209	130	253	3	253	156	186	219	198	5	1	97	137	
10	150	242	144	211	50	188	71	189	23	95	183	12	190	110	206	167	31	179	145	54	217	36	194	30	87	222	199	143	68	173	215	
63	13	106	236	247	55	222	246	85	194	92	131	125	61	51	160	126	243	151	255	252	186	52	190	251	207	142	193	247	255	253	232	
102	187	183	154	187	213	147	192	207	29	157	104	172	220	231	230	198	115	238	83	146	43	234	241	25	52	15	251	146	15	173	103	
89	221	23	126	3	220	54	55	237	2	110	64	126	243	32	247	162	118	232	106	81	169	19	237	179	251	86	2	10	114	169	43	
191	151	108	162	253	213	209	249	213	124	181	63	10	28	190	165	204	153	151	247	255	111	120	156	123	217	171	255	119	13	220	247	
58	12	162	156	93	241	146	66	213	70	220	3	40	252	55	196	216	186	131	129	14	163	50	171	19	117	138	27	147	108	124	222	
26	161	106	129	210	146	186	71	47	69	94	167	9	142	246	128	54	155	147	149	150	152	37	198	126	77	142	197	167	134	173	212	
50	121	107	76	126	195	155	106	27	204	84	163	48	221	183	32	126	185	23	229	194	43	54	223	113	12	171	170	117	36	119	251	
75	249	67	137	211	148	172	181	174	193	66	199	173	142	118	196	38	47	179	213	215	152	150	236	60	104	142	194	174	132	169	156	
37	187	233	73	244	179	171	218	86	233	92	102	16	136	247	36	95	42	18	157	131	186	108	251	76	12	167	228	221	249	81	253	
176	68	107	204	84	163	239	126	85	2	254	18	115	73	181	97	120	168	23	170	232	183	36	222	114	239	162	128	117	184	112	168	
189	4	111	237	4	34	111	120	84	194	215	82	83	99	185	105	120	236	20	170	233	246	37	142	240	235	227	128	47	249	112	32	
126	181	96	232	219	87	87	251	3	236	188	47	11	253	71	182	125	213	221	241	206	35	249	158	251	221	133	191	119	252	94	215	
35	59	200	141	126	153	168	70	10	232	216	239	128	140	247	128	206	41	147	213	135	58	212	232	12	28	171	186	93	44	91	221	
2	200	214	153	124	131	248	230	31	145	210	2	172	138	48	73	238	169	63	209	2	251	3	253	28	50	218	200	20	8	33	137	
134	240	240	219	238	160	184	204	159	27	113	50	204	218	124	74	239	27	19	147	146	116	10	241	12	26	90	238	148	83	161	129	
43	220	36	159	77	149	205	191	149	86	196	23	168	236	54	197	205	163	187	141	238	78	119	255	39	123	218	8	30	12	248	220	
89	149	23	251	147	182	59	55	60	9	78	84	252	51	40	244	183	19	184	140	179	153	17	255	161	239	18	66	26	4	169	41	
216	221	23	254	35	194	53	165	165	26	194	161	125	247	40	215	102	247	173	226	121	137	3	237	241	226	106	131	50	52	165	59	
33	23	64	9	93	191	192	119	85	104	248	204	163	0	150	244	88	168	134	44	141	186	117	31	38	60	128	16	91	140	122	156	
31	211	7	168	58	131	26	184	164	80	219	231	205	71	58	193	118	129	191	231	221	129	15	221	184	226	171	212	60	6	41	81	
134	104	18	147	108	169	234	196	141	17	83	18	236	202	121	75	202	105	31	211	2	100	74	225	4	16	154	168	132	27	17	128	
98	167	106	196	110	208	253	103	137	196	252	175	32	142	182	51	238	179	23	164	196	139	164	205	118	56	138	139	37	142	246	222	
56	77	110	237	215	214	239	231	84	132	110	2	121	59	51	96	121	226	19	168	48	184	53	254	127	239	150	1	183	248	252	170	
2	160	182	155	228	172	184	196	174	25	89	18	172	222	124	72	231	27	51	17	146	120	10	241	12	24	26	202	148	15	161	137	
41	43	235	85	116	159	233	83	122	233	124	72	176	189	247	36	28	42	18	28	145	186	164	106	71	29	49	168	199	232	82	233	
2	128	148	155	230	172	184	196	190	27	81	18	172	218	124	72	231	11	51	17	18	252	10	241	12	28	90	202	148	11	161	129	
191	157	118	120	188	55	94	191	217	202	60	40	123	127	191	113	151	211	21	190	252	99	40	223	122	223	37	252	247	244	96	81	
134	241	244	218	238	37	190	204	139	123	49	186	204	222	125	43	223	91	183	211	210	103	138	240	14	24	207	238	149	119	129	215	
25	150	22	189	179	190	35	51	125	13	79	84	220	243	34	196	183	34	60	28	179	153	49	223	201	255	50	66	186	132	169	33	
8	152	239	51	21	219	97	23	116	101	70	148	251	5	146	236	72	174	170	28	59	188	117	47	199	231	48	65	238	140	220	120	
27	29	134	156	133	54	236	102	149	195	206	135	105	238	55	206	124	239	179	141	157	219	148	232	154	127	218	0	143	124	57	220	
135	122	26	178	232	165	191	210	168	90	20	125	156	158	227	43	173	91	87	87	151	71	146	96	243	25	110	170	136	81	171	147	
178	229	66	170	84	137	202	101	45	32	249	10	43	10	60	80	122	139	23	195	74	187	64	255	180	236	138	240	117	10	242	136	
43	189	97	12	127	145	154	250	83	224	156	239	104	236	214	164	30	235	211	109	207	43	255	191	58	28	141	250	95	142	26	221	
15	27	253	247	174	122	189	159	15	253	94	231	253	63	135	202	167	87	255	20	149	216	107	232	206	255	126	130	142	254	133	121	
75	251	172	99	125	221	251	188	238	253	30	109	248	221	222	162	132	85	255	93	199	105	251	241	111	93	175	245	78	134	95	251	
38	241	114	218	109	221	190	204	143	93	113	45	108	220	126	48	222	123	183	83	214	99	186	241	31	24	14	235	86	31	229	215	
79	251	185	66	184	220	123	148	235	249	158	108	156	215	206	246	134	245	253	216	211	11	235	113	126	57	39	254	10	134	231	117	
221	68	237	119	162	42	111	191	113	242	119	212	91	35	145	57	55	199	21	190	185	212	45	74	238	239	245	132	175	241	194	33	
62	241	180	192	251	85	94	200	139	252	188	47	78	255	111	54	255	209	255	243	222	67	250	209	251	217	141	255	179	127	174	215	
183	62	123	174	58	197	91	120	61	78	209	237	127	198	163	53	222	185	21	231	233	7	108	159	176	212	169	186	56	39	38	117	
6	183	242	146	211	240	188	199	187	117	23	183	12	190	110	204	167	27	179	145	182	217	174	226	63	86	158	231	135	68	173	215	
255	253	240	88	235	85	158	248	155	222	156	175	76	252	255	63	159	211	253	247	239	71	250	243	59	90	205	191	223	127	150	87	
27	30	166	156	1	182	188	86	149	198	206	135	41	238	55	207	108	239	187	141	140	203	22	233	147	119	222	136	159	244	57	220	
79	187	253	247	236	90	253	157	235	219	119	228	221	127	214	254	7	87	245	12	145	248	235	224	78	255	119	198	206	246	205	117	
186	5	226	204	84	131	238	89	77	128	254	2	107	233	181	64	122	173	55	169	200	179	4	202	54	236	139	128	119	170	112	128	
147	12	239	189	198	34	237	119	116	194	82	210	81	44	181	107	127	231	55	175	161	244	37	206	116	43	250	128	165	241	112	248	
255	213	100	204	223	119	215	255	195	238	156	46	74	189	183	180	125	208	215	226	237	35	118	159	115	93	133	191	119	252	254	119	
15	190	109	147	244	240	249	182	123	127	86	247	184	110	222	237	255	203	151	159	183	88	109	247	14	95	254	198	175	213	169	253	
120	61	96	69	93	123	199	127	81	230	188	174	11	45	150	180	72	148	223	41	233	187	117	158	123	95	133	55	119	236	94	126	
191	69	98	205	150	146	238	113	85	194	255	18	105	202	181	100	126	173	31	169	236	183	37	206	50	237	167	128	55	174	240	132	
154	133	124	250	159	240	153	105	23	21	221	179	109	127	190	197	123	147	155	177	58	10	111	215	251	235	138	207	183	198	165	226	
60	30	95	126	98	227	90	120	21	74	117	231	123	95	161	153	94	184	135	226	173	182	24	61	66	203	97	129	123	171	110	147	
206	251	107	206	58	212	155	57	174	204	157	173	253	223	251	98	86	49	255	223	195	7	238	223	115	121	171	185	22	166	47	115	
130	201	86	155	108	129	184	196	142	16	211	2	172	138	49	72	238	43	63	209	66	255	75	245	148	48	218	194	20	27	33	137	
157	68	207	245	132	42	79	55	117	226	215	82	83	35	145	105	123	198	28	170	249	212	101	142	242	239	247	132	175	249	240	32	
83	211	45	140	46	18	77	185	229	88	214	230	89	102	178	231	102	133	63	239	217	137	103	221	148	43	234	204	62	166	48	117	
250	54	240	196	127	87	93	123	19	238	188	47	10	61	71	180	189	149	221	164	236	111	241	158	123	221	133	191	103	236	94	223	
41	63	109	81	180	223	235	87	86	233	126	102	177	13	183	36	76	42	23	28	179	184	101	188	110	221	165	160	223	136	80	249	
9	57	191	81	117	223	241	87	252	205	118	70	56	153	182	32	172	40	19	28	147	184	48	204	111	25	48	192	75	136	81	251	
42	16	170	172	125	244	145	74	135	77	220	39	36	252	39	72	216	184	151	129	14	35	114	153	83	117	154	155	211	78	124	223	
218	185	2	160	81	148	186	117	175	5	204	135	40	138	118	212	236	171	155	213	214	139	148	223	59	85	142	72	11	134	171	220	
246	205	82	248	236	8	238	239	169	18	184	10	207	232	61	3	251	195	95	227	120	39	10	239	184	216	199	188	85	250	211	128	
3	219	47	209	52	159	169	86	204	232	86	70	148	28	182	37	236	32	30	93	129	185	52	220	141	25	186	192	76	140	81	253	
6	224	208	155	238	168	190	204	174	19	89	18	204	202	124	74	227	75	23	211	18	116	138	241	12	28	142	236	148	91	161	129	
27	219	5	169	60	131	73	50	133	232	146	231	149	14	178	228	78	165	31	237	205	137	101	220	160	80	170	212	60	12	49	93	
250	148	244	236	61	23	220	127	91	234	188	59	111	61	182	115	151	215	149	45	248	235	33	222	251	255	221	182	215	228	99	79	
35	137	163	218	29	245	193	67	207	73	217	2	176	252	116	228	200	58	58	153	27	43	242	241	9	28	154	123	210	14	244	110	
43	173	96	9	91	191	152	75	31	101	92	141	168	140	150	148	15	171	211	5	199	58	118	223	14	92	25	255	95	12	26	220	
131	90	43	152	102	145	173	86	156	70	80	183	172	142	183	45	110	41	19	207	231	150	54	247	4	48	218	138	28	149	49	253	
230	237	198	146	236	169	238	196	137	18	184	10	236	202	125	27	251	227	95	227	98	99	74	225	182	152	207	172	213	123	209	128	
89	142	54	216	177	182	121	55	253	77	110	20	78	162	166	244	167	38	172	28	182	137	33	215	139	255	18	195	146	132	233	101	
166	245	114	250	253	221	190	232	143	88	56	47	236	223	127	18	255	91	247	119	210	35	170	245	63	88	143	239	87	127	231	215	
55	22	105	236	98	119	91	120	29	206	253	236	127	86	163	53	222	185	149	175	169	130	108	221	209	223	235	184	60	227	38	245	
248	191	81	170	58	201	18	248	43	104	184	237	175	151	192	144	150	251	205	66	239	10	200	191	178	212	33	186	122	135	7	123	
79	251	249	139	122	157	187	152	174	124	28	231	237	206	223	198	38	97	255	215	199	9	175	241	78	93	43	248	31	135	9	221	
132	72	150	155	238	169	190	192	190	19	113	18	204	202	121	74	107	235	34	211	18	116	74	240	4	16	202	100	148	91	225	129	
166	109	246	210	236	33	254	204	139	146	56	2	204	234	125	11	255	243	55	243	210	103	138	240	62	24	207	172	213	251	227	129	
91	157	86	94	155	180	50	183	173	21	238	20	110	51	42	245	167	151	248	168	55	137	51	253	179	251	82	67	58	4	169	31	
15	249	237	211	246	182	249	156	95	125	86	166	249	108	223	237	127	223	183	221	151	216	45	245	78	91	255	196	167	223	121	253	
230	253	242	192	236	49	222	255	139	250	188	171	204	254	125	43	159	81	255	243	242	103	174	210	62	88	207	190	215	252	131	151	
254	183	240	232	253	85	94	219	139	254	188	47	110	255	127	54	191	209	223	117	238	67	186	218	59	92	141	191	215	252	103	215	
136	138	55	25	53	250	113	134	127	93	118	53	175	129	178	204	161	34	174	28	166	173	39	247	194	255	18	65	210	132	109	108	
83	211	203	12	106	16	46	120	168	72	66	229	125	230	158	242	54	229	125	238	197	195	166	65	18	43	234	136	45	182	43	93	
91	157	86	220	43	208	20	175	165	17	238	160	108	247	168	247	98	243	232	224	113	11	51	237	178	243	66	75	58	6	169	62	
213	236	249	119	160	42	111	191	121	227	63	220	91	35	157	57	55	199	84	190	249	212	109	106	254	223	245	132	173	241	194	33	
229	255	189	236	236	37	215	252	202	218	184	110	118	253	249	35	221	210	94	111	249	99	122	58	251	153	101	190	216	123	210	115	
163	99	106	159	102	128	189	117	120	76	80	231	49	142	182	1	254	43	23	133	196	186	166	97	116	40	250	136	5	152	247	217	
58	216	230	113	19	222	112	23	53	101	70	181	251	29	30	236	77	182	253	16	191	188	117	167	199	255	144	195	231	140	220	126	
250	156	116	228	60	55	216	127	89	234	188	56	111	63	180	49	151	215	149	33	248	107	33	222	187	223	253	190	215	228	98	15	
178	68	98	236	212	50	238	127	85	130	255	18	107	233	52	97	122	173	31	169	248	183	37	206	178	239	143	128	55	248	240	132	
14	209	118	88	229	248	124	155	239	84	60	5	142	206	127	254	131	9	143	84	214	33	54	209	75	89	71	79	214	212	109	87	
29	12	239	247	166	34	237	183	116	243	86	210	221	45	145	107	119	247	53	173	177	248	37	172	236	235	254	128	165	240	177	233	
79	153	237	183	162	10	253	149	174	249	86	231	221	63	210	106	39	119	127	221	145	216	175	224	78	107	255	196	164	242	129	121	
243	255	121	96	50	217	91	252	107	232	188	236	191	150	214	116	22	157	93	124	235	10	236	255	186	217	47	250	44	134	67	125	
102	217	96	83	197	252	244	132	169	93	246	63	10	93	30	61	236	187	255	87	158	176	240	225	23	120	208	211	199	29	214	87	
75	219	252	231	42	154	57	149	175	253	94	167	253	47	198	230	38	119	255	93	151	216	239	225	78	255	110	192	174	150	133	121	
45	18	119	237	98	103	91	88	133	200	127	231	91	127	163	152	94	177	151	174	141	178	99	140	70	239	224	128	255	239	100	209	
95	217	255	247	166	10	105	176	55	241	86	226	253	127	152	107	55	245	53	221	145	216	47	228	206	235	255	192	166	162	49	121	
67	91	35	133	44	148	105	20	141	108	86	70	189	134	178	228	196	36	63	77	133	24	165	213	149	49	170	128	30	140	17	125	
181	247	88	72	238	23	222	255	67	250	60	102	81	250	255	97	127	72	22	254	197	99	46	216	58	73	229	173	63	250	248	149	
83	211	235	44	106	16	107	120	32	72	222	231	57	198	146	114	118	205	125	239	205	3	167	65	112	45	170	140	45	166	35	213	
213	12	235	247	180	42	111	183	117	162	255	82	211	35	145	121	123	230	28	170	185	244	109	174	246	239	247	144	165	249	240	32	
114	132	246	228	124	39	216	111	91	171	184	26	78	59	52	19	191	149	87	33	184	239	1	222	154	222	219	190	215	168	227	9	
108	144	121	232	234	113	91	216	7	117	181	174	25	95	202	120	95	217	183	242	27	2	255	145	94	201	161	252	191	139	6	240	
114	148	116	229	61	183	216	119	89	235	182	59	110	63	20	50	207	183	253	129	184	255	97	207	155	254	216	210	199	132	98	79	
187	156	127	241	55	223	241	119	221	110	118	55	62	29	38	229	175	49	151	32	241	189	48	255	91	219	112	195	91	12	92	255	
91	143	54	88	155	244	112	183	237	93	238	21	44	174	38	245	167	3	236	132	182	9	35	247	59	127	82	79	146	4	239	79	
186	182	123	122	82	208	153	93	53	77	245	181	41	223	174	145	94	155	135	144	63	206	100	205	107	209	186	203	103	134	46	251	
83	157	118	88	155	182	16	167	237	85	174	55	8	186	38	245	227	183	186	144	54	139	55	245	59	122	82	91	179	4	172	78	
107	188	102	84	49	248	112	55	249	69	238	157	170	124	22	119	134	182	253	129	188	233	244	207	7	127	208	67	206	132	214	86	
122	50	112	68	127	119	216	119	17	239	180	63	10	60	22	52	236	149	215	133	188	251	113	222	91	95	144	179	103	12	222	95	
45	27	233	239	110	107	255	88	4	74	125	231	113	109	179	40	94	96	55	46	129	176	109	24	70	47	161	144	127	251	80	241	
213	172	249	119	180	42	111	191	120	226	190	88	215	99	217	59	55	199	84	190	249	240	237	110	236	143	119	180	237	240	195	33	
104	106	168	229	36	15	79	20	65	238	182	77	179	13	211	6	8	228	69	77	200	188	224	170	231	157	165	176	102	254	86	121	
203	249	121	193	58	140	59	17	174	232	31	236	189	215	193	114	38	53	125	94	195	5	174	81	238	25	43	248	12	130	3	113	
253	189	189	228	172	69	149	255	192	250	188	76	151	61	65	35	205	85	124	107	201	99	243	8	249	201	101	188	88	122	67	251	
210	127	17	136	50	141	31	113	57	104	185	236	191	198	129	53	150	185	76	103	233	7	96	95	176	144	43	186	24	162	7	117	
41	94	109	239	100	107	127	120	4	110	125	231	123	109	179	169	30	160	23	110	197	176	109	61	70	207	97	128	127	255	86	249	
99	182	240	196	125	87	88	123	27	238	188	47	12	255	119	50	223	149	223	176	166	75	178	223	59	94	141	191	87	236	102	223	
23	123	235	33	50	139	107	80	38	232	30	239	121	207	209	48	54	237	93	253	129	209	165	72	248	77	175	128	173	167	35	121	
57	254	105	224	102	155	79	248	113	110	116	238	63	29	147	49	62	137	23	111	233	182	108	189	242	201	161	164	111	187	86	249	
55	19	109	237	96	119	91	120	5	200	125	238	95	119	179	56	94	185	23	174	153	178	100	156	194	255	225	128	253	235	70	241	
6	237	208	152	238	161	190	207	143	146	24	2	204	234	125	10	255	235	31	243	114	97	138	210	60	24	143	174	149	120	161	129	
15	249	228	195	102	154	251	152	111	113	95	166	249	204	223	238	110	93	183	221	135	184	175	241	78	89	175	196	167	142	113	253	
164	109	198	155	204	169	174	196	174	18	240	2	200	202	105	75	105	235	106	210	82	118	74	240	52	16	206	40	213	121	161	128	
139	222	54	90	113	188	250	246	237	93	124	21	108	218	62	213	165	35	198	84	182	45	50	247	59	127	18	75	210	5	233	79	
10	216	230	89	21	254	112	23	191	85	118	177	171	29	54	124	197	178	253	17	174	188	119	151	199	255	144	195	231	140	212	127	
58	31	82	174	50	163	27	112	57	76	249	237	111	79	171	16	158	185	133	103	143	18	8	157	176	212	41	186	62	199	38	83	
45	106	174	33	45	31	77	150	235	236	190	77	143	141	83	10	140	100	221	93	204	117	240	40	239	217	13	48	202	125	82	91	
176	140	74	185	212	43	238	255	53	34	240	18	19	40	48	81	123	139	23	163	120	191	0	255	246	207	178	196	245	248	242	136	
185	254	121	104	114	155	95	252	113	110	116	236	63	31	147	49	62	153	22	111	237	182	108	191	246	201	32	160	111	148	66	249	
155	155	44	185	172	143	93	185	143	124	22	167	221	136	50	65	230	5	63	231	220	29	31	149	238	35	235	213	60	140	153	83	
134	173	114	210	246	169	254	231	57	3	249	26	172	234	93	0	255	235	23	147	242	190	72	239	188	156	158	232	133	91	227	137	
87	27	241	207	54	248	171	32	77	108	90	230	173	44	181	228	118	127	22	67	129	56	101	232	52	116	42	146	245	175	21	125	
125	121	185	232	205	71	85	221	67	248	164	78	18	23	65	122	73	148	127	248	203	71	251	16	127	201	165	60	187	56	116	123	
64	132	150	132	124	43	200	111	153	163	184	24	142	42	48	19	235	133	78	33	48	111	1	222	156	22	219	60	212	40	163	136	
98	156	180	245	127	166	216	39	25	43	178	58	44	58	4	16	239	183	127	129	184	255	65	207	31	254	90	210	193	8	195	11	
121	61	185	229	141	79	85	55	65	234	188	12	182	61	64	34	204	247	253	3	201	107	241	8	251	201	101	58	104	106	134	123	
162	173	208	140	108	43	236	111	155	178	56	26	172	170	117	3	235	103	119	33	112	107	130	202	28	30	223	172	84	104	115	136	
66	157	118	24	219	244	176	231	237	85	238	55	40	190	38	85	231	183	171	145	182	11	50	247	63	126	90	75	151	4	165	78	
132	165	130	153	204	41	164	207	174	146	120	2	168	226	97	75	121	235	106	176	82	114	194	210	44	16	207	44	213	120	161	136	
67	156	118	88	219	244	48	231	255	85	238	23	44	190	38	84	231	163	170	148	182	15	54	247	63	126	26	75	147	4	173	79	
134	165	212	148	236	3	172	239	142	178	24	2	140	234	113	3	111	233	27	177	98	109	138	218	60	18	207	172	149	120	33	137	
205	180	185	101	184	47	127	59	248	234	61	120	255	119	209	51	151	85	92	40	241	77	233	14	236	223	111	188	200	224	67	41	
83	115	27	204	50	15	31	116	56	74	180	236	150	214	161	49	54	185	94	110	193	3	36	92	240	156	42	184	28	178	131	121	
138	202	182	88	253	212	240	207	255	93	52	17	44	158	54	220	167	3	135	20	182	47	34	247	27	95	18	207	210	148	239	207	
234	90	226	89	21	252	240	151	255	77	246	189	170	156	54	124	233	170	223	21	175	172	118	241	7	126	144	219	239	28	222	95	
85	140	251	247	180	10	111	176	120	130	246	66	211	99	153	123	115	230	28	170	249	248	237	110	252	175	247	132	165	240	97	32	
203	113	125	237	46	128	251	25	174	208	95	226	253	223	216	98	38	53	127	223	195	16	239	209	230	249	171	200	38	130	49	113	
75	53	107	168	58	145	191	121	172	76	156	239	157	222	178	96	214	49	223	231	151	3	228	223	230	13	171	184	28	135	133	113	
34	240	242	252	126	179	216	126	27	217	112	171	12	254	53	57	223	185	151	181	130	107	38	221	154	94	219	238	215	164	115	223	
220	105	253	115	164	42	71	156	114	177	182	0	211	65	217	59	82	196	108	122	219	240	237	32	238	235	101	84	228	251	194	32	
6	172	210	147	246	169	238	224	61	3	112	18	237	106	61	1	123	235	23	147	50	250	72	239	188	222	158	232	133	89	115	136	
10	144	254	253	102	179	248	122	143	209	124	163	125	223	188	32	190	185	183	149	130	240	38	221	78	91	235	194	247	174	81	213	
45	27	253	239	98	26	255	56	4	204	127	231	121	127	167	176	126	49	151	230	133	176	45	205	102	239	97	128	127	255	72	241	
59	155	241	151	119	208	185	240	121	77	118	231	42	14	135	244	110	187	132	196	207	184	37	237	150	95	242	130	111	140	108	125	
226	60	240	204	126	3	152	111	27	235	176	187	172	190	116	0	207	53	255	133	160	79	195	222	58	30	159	190	149	140	35	219	
2	137	252	253	110	154	249	144	143	208	126	131	249	239	188	98	238	121	55	205	130	176	47	213	78	249	171	192	53	171	81	209	
106	139	99	144	231	130	111	243	31	44	86	231	12	135	180	212	110	174	183	204	80	158	0	247	30	54	155	194	55	140	180	245	
115	120	242	220	126	23	152	94	91	233	244	171	44	156	182	56	222	189	183	133	172	111	165	222	26	94	218	186	23	140	55	95	
11	83	243	173	118	88	166	222	79	73	88	230	189	184	181	228	246	75	22	65	135	184	36	249	36	108	42	170	60	94	89	141	
27	63	42	65	255	213	179	215	77	109	158	167	8	28	247	228	108	50	223	213	151	43	181	226	119	93	174	187	207	220	61	255	
11	217	98	24	229	248	121	151	239	84	92	133	169	206	247	245	198	43	183	213	199	8	54	209	71	121	202	139	30	148	93	222	
52	140	74	187	212	131	239	247	52	35	243	18	115	43	32	81	121	234	6	130	120	186	73	254	252	207	190	64	181	216	242	136	
