Ê¥ÂÞÀ¼Ó¨ÁÁ²Ó½ð´½²Ê	#204 ÒâÍâ	http://www.yslbeautycn.com/on/demandware.static/-/Sites-ysl-master-catalog/default/dwb8c40324/Makeup_Pro_img/00028YSL/L4972300U_204_COLORIMG.jpg	//www.yslbeautycn.com/dw/image/v2/AARM_PRD/on/demandware.static/-/Sites-ysl-master-catalog/default/dw8ef788e2/Makeup_Pro_img/00028YSL/L4972300U_204_01.jpg?sw=336&sh=444&sm=fit
135	50	235	81	230	114	173	219	122	251	23	246	144	45	223	43	63	78	23	159	179	244	173	194	78	14	255	228	205	241	211	245	
38	100	226	129	84	35	170	202	86	163	121	18	8	136	125	8	121	12	19	145	130	182	77	194	12	12	159	164	213	95	114	128	
187	213	114	237	182	23	92	119	117	75	254	178	27	31	182	113	126	155	151	172	232	186	37	143	242	249	186	128	55	140	246	123	
33	96	245	69	108	71	225	78	79	185	240	72	16	145	212	54	72	12	114	24	65	254	243	220	5	184	83	38	81	136	98	172	
2	249	34	136	95	197	186	229	142	113	88	139	172	222	112	0	238	59	147	209	82	58	18	245	61	16	142	235	21	14	181	218	
134	32	130	145	20	163	168	64	22	35	83	18	8	138	121	72	121	9	19	145	2	148	1	210	12	6	154	196	149	72	49	128	
6	132	18	137	22	163	170	202	22	1	91	2	72	202	56	64	123	9	19	177	18	148	9	223	40	6	155	196	148	11	49	128	
166	8	130	158	76	160	138	64	148	130	81	2	32	200	49	73	72	104	19	195	32	166	2	170	16	32	138	136	149	105	48	128	
27	141	107	221	246	144	237	119	117	64	94	194	57	46	182	228	102	171	23	141	213	152	36	207	118	109	186	128	39	132	241	236	
34	249	34	154	95	193	190	230	142	68	88	171	172	220	54	1	234	59	147	195	70	58	26	253	53	16	138	43	85	30	119	222	
6	15	38	158	141	179	148	97	221	6	209	7	236	232	55	73	216	41	171	39	52	163	2	222	179	118	202	27	148	125	61	198	
162	220	54	218	111	197	188	229	141	88	144	19	44	222	52	65	239	51	151	195	242	47	26	255	57	26	158	202	21	30	241	219	
166	72	162	158	76	160	170	64	148	130	81	18	40	202	113	75	104	105	51	195	160	151	130	200	16	32	202	136	21	59	48	128	
4	36	130	131	212	163	162	66	22	3	89	2	0	138	104	0	121	8	2	16	2	180	1	194	12	4	146	68	149	74	48	128	
65	97	45	173	108	205	233	77	206	224	192	8	183	148	81	98	72	44	122	77	203	43	247	29	133	56	138	56	16	138	19	232	
191	78	102	158	15	115	218	232	213	70	213	167	105	236	191	229	122	224	191	239	236	39	46	185	18	123	200	155	119	255	124	94	
98	50	38	153	123	131	184	66	47	53	240	173	140	142	70	88	238	157	235	144	2	95	195	213	149	48	154	251	1	4	39	219	
9	33	126	77	100	27	232	80	109	96	118	70	187	8	151	228	106	140	126	205	133	176	229	200	6	233	34	128	111	136	121	132	
189	93	107	207	118	18	239	112	84	64	127	230	113	109	177	225	126	236	22	238	225	176	45	111	102	47	161	128	127	251	112	241	
151	30	71	191	54	178	174	114	124	66	82	247	109	106	181	225	119	111	63	167	165	221	37	239	180	102	186	128	173	245	57	221	
166	32	230	146	196	162	170	65	208	194	209	147	72	206	53	75	120	173	19	183	176	199	134	200	16	42	203	136	133	111	114	192	
43	133	98	75	213	23	230	109	69	73	121	70	74	88	190	164	120	138	18	237	223	186	93	223	54	28	128	70	95	142	250	132	
38	174	98	154	223	241	154	194	151	69	221	187	40	204	54	132	217	187	147	151	30	10	110	247	26	20	155	235	151	15	60	222	
73	105	5	172	108	133	73	76	198	224	194	141	183	134	211	226	66	172	122	205	139	3	247	17	148	168	139	56	60	142	51	248	
64	152	123	113	114	200	49	55	236	77	126	176	189	23	132	112	38	59	6	0	83	184	32	69	69	188	50	192	64	128	135	251	
57	121	51	232	69	221	86	84	43	64	224	8	47	159	97	180	248	185	148	74	75	39	48	145	179	217	0	58	114	23	102	126	
63	84	111	237	102	26	79	112	69	194	247	230	91	108	191	127	126	212	20	239	201	182	37	140	210	235	225	132	103	255	112	117	
180	91	83	200	102	3	206	80	5	168	184	238	11	3	165	148	110	156	206	234	201	163	64	200	178	144	162	188	127	187	102	185	
80	20	47	173	30	99	88	19	20	33	202	243	151	31	32	64	110	149	63	161	24	157	81	31	209	166	186	209	53	8	52	26	
146	98	107	169	6	219	248	71	44	101	210	147	163	12	18	8	106	137	159	149	142	188	101	144	198	193	186	129	101	8	85	218	
113	115	3	168	108	5	104	84	5	224	184	207	151	131	177	84	110	164	78	236	201	3	212	200	176	176	170	184	63	154	50	153	
33	1	159	89	20	142	97	7	119	17	98	16	147	17	21	104	72	168	42	24	10	184	113	21	197	186	144	64	80	8	80	40	
34	24	117	219	101	237	233	18	173	88	119	0	184	151	149	108	96	56	83	8	3	56	114	241	7	56	146	42	83	141	71	248	
139	159	47	94	184	244	159	183	150	95	92	245	252	245	186	97	215	115	187	15	247	14	62	63	99	63	126	138	30	244	189	123	
18	160	39	173	30	3	152	106	22	161	210	163	23	28	32	0	248	157	91	177	10	223	65	159	153	134	187	84	53	8	53	10	
67	32	39	140	76	132	169	72	206	192	193	2	176	206	245	102	72	44	123	253	131	135	231	221	21	56	139	88	20	15	112	164	
32	137	132	95	93	139	226	172	214	17	96	2	224	233	61	207	89	106	34	72	26	120	91	61	13	166	213	1	209	58	88	138	
183	16	67	168	109	23	202	72	13	72	209	207	11	142	55	244	252	137	31	239	205	135	84	204	144	88	138	190	29	47	122	212	
130	152	52	153	105	237	184	67	158	89	80	21	172	158	96	72	207	59	179	17	146	220	82	209	13	18	26	235	144	12	37	219	
11	56	51	193	79	189	184	82	109	104	210	78	184	24	149	174	238	185	90	141	135	187	245	192	23	120	138	162	79	13	25	157	
40	115	122	104	106	79	121	93	165	44	252	169	24	159	102	16	238	149	207	160	64	163	160	80	87	137	32	185	115	130	102	251	
3	151	32	137	213	191	176	107	94	109	89	151	140	136	62	0	217	11	147	21	150	184	85	215	12	20	154	231	221	14	153	214	
35	201	97	206	87	213	135	236	69	68	92	2	32	92	188	36	88	138	19	233	195	42	126	253	53	28	130	42	87	158	244	236	
97	81	3	174	108	205	236	117	173	72	185	77	183	26	48	80	204	161	94	165	205	35	80	204	180	184	138	24	89	10	114	216	
106	35	98	136	104	19	184	81	141	36	213	231	141	142	182	198	110	141	223	173	132	3	199	208	214	113	170	248	22	142	61	213	
6	166	160	155	117	225	184	74	30	45	89	179	140	204	126	8	217	11	131	149	18	152	74	215	13	20	155	239	148	77	21	211	
2	144	18	155	113	165	184	66	62	25	113	16	172	218	40	72	231	41	19	17	50	188	2	247	13	54	26	202	144	1	33	131	
159	22	231	145	182	50	168	16	125	219	83	246	205	78	188	237	119	13	158	181	181	212	37	206	140	102	251	196	172	197	49	85	
97	0	164	205	76	141	225	72	206	16	65	2	240	216	61	102	88	44	58	73	2	32	207	145	69	56	131	28	85	43	80	164	
218	95	198	156	163	146	46	119	189	6	66	247	44	167	167	215	102	103	173	142	96	157	3	239	178	102	254	130	54	244	161	121	
35	197	113	203	117	213	167	237	78	13	120	66	168	220	188	228	216	58	146	72	195	56	62	253	37	28	138	74	87	30	245	172	
134	32	130	145	70	3	168	72	30	49	81	146	12	142	120	72	127	25	19	145	34	212	9	210	12	6	159	164	149	8	49	128	
2	217	18	154	125	133	188	231	142	24	88	35	172	222	32	65	236	59	147	193	66	26	2	253	53	16	158	234	16	28	165	155	
6	4	130	137	148	163	170	66	22	3	91	18	0	138	105	72	121	8	2	144	2	148	1	222	8	6	154	196	148	74	48	128	
111	19	96	128	110	61	248	81	13	72	213	239	140	8	150	198	238	161	223	189	149	178	69	192	150	89	170	218	15	142	249	213	
134	144	178	155	123	165	176	66	62	89	81	18	172	222	44	72	229	57	147	145	178	156	18	215	5	30	26	202	144	5	33	147	
82	49	54	172	107	135	88	73	175	184	192	173	143	223	96	82	246	189	253	181	78	83	194	209	211	240	139	191	52	4	39	19	
135	22	231	193	182	34	169	27	126	123	83	246	208	44	252	109	119	13	31	189	179	212	45	198	12	30	187	198	172	193	177	245	
147	95	103	175	54	50	175	114	84	194	218	246	101	104	177	229	118	231	60	175	237	149	45	239	176	102	238	128	45	255	49	125	
130	32	224	147	70	129	168	68	30	99	81	147	140	142	92	8	63	9	19	149	130	212	12	210	12	14	154	164	133	12	49	208	
211	216	54	254	39	148	30	246	173	74	86	167	44	191	183	97	230	115	189	199	228	13	34	249	179	122	218	138	22	214	37	95	
2	176	178	154	237	245	184	207	143	93	21	53	172	222	110	75	199	27	191	149	150	73	58	209	15	80	158	235	150	4	165	223	
58	138	66	190	75	144	152	103	157	13	208	183	45	206	54	196	254	171	135	133	94	139	6	231	146	117	154	203	55	12	188	222	
130	217	50	154	255	133	188	231	143	25	81	18	44	158	36	65	238	59	147	209	242	47	26	247	61	24	30	202	16	12	161	139	
2	132	34	153	215	241	184	74	31	85	89	179	140	142	110	72	251	27	147	145	54	156	34	215	15	22	154	207	149	12	53	214	
219	78	142	191	50	162	60	246	52	218	82	247	237	227	179	73	119	111	191	135	36	221	5	237	208	34	250	129	44	245	57	27	
141	183	109	227	246	115	249	23	22	125	127	246	25	61	218	40	63	30	23	189	179	188	109	214	110	77	183	196	239	201	244	241	
160	97	122	72	108	221	177	72	206	32	252	10	146	157	245	102	106	56	122	104	129	35	226	216	87	56	3	62	85	139	101	162	
127	88	242	226	102	48	250	82	41	106	247	183	31	30	183	124	238	149	223	31	141	183	37	226	210	223	250	146	231	253	114	245	
40	233	104	110	93	201	194	232	71	4	232	11	51	201	51	144	88	168	130	74	78	58	94	61	99	205	128	57	115	155	94	136	
60	69	102	228	20	18	79	248	229	160	255	2	83	235	185	228	120	196	29	234	201	163	45	174	242	237	165	148	39	187	112	32	
26	53	98	233	182	59	248	91	45	97	255	179	15	31	254	96	254	159	223	181	152	187	33	198	158	221	138	242	247	206	241	213	
34	150	149	24	235	187	148	7	159	219	113	253	142	172	132	143	135	59	230	21	183	236	82	192	12	50	94	218	216	76	139	157	
132	236	222	218	222	225	175	236	154	23	105	146	229	226	45	137	51	107	2	186	115	69	30	127	44	6	223	108	157	123	169	128	
130	217	18	154	219	197	176	229	158	25	65	18	172	222	96	65	239	59	147	209	82	11	26	245	61	16	158	107	16	10	165	155	
54	78	107	170	23	227	139	206	150	197	216	131	97	205	51	0	121	232	147	181	10	179	12	191	249	7	143	65	181	95	52	202	
146	50	39	141	15	87	176	75	15	249	210	127	10	156	84	239	236	157	255	145	143	247	195	209	23	112	27	255	27	12	61	215	
140	255	137	154	221	116	103	190	82	95	13	86	247	226	75	136	89	202	130	218	123	102	250	51	237	135	183	109	184	123	188	240	
88	50	46	140	61	211	17	72	134	212	196	169	172	199	226	70	84	60	235	208	10	67	227	149	209	225	139	59	18	6	54	242	
6	143	135	159	223	232	166	165	254	55	67	87	228	234	60	203	177	99	42	131	116	120	30	119	44	38	223	105	152	115	153	142	
122	99	105	201	106	19	233	89	37	164	247	231	129	15	214	212	126	156	223	245	200	147	229	204	214	225	170	245	55	142	62	245	
18	48	4	173	11	231	176	75	47	249	218	229	172	158	6	88	228	29	255	129	7	217	83	213	149	114	154	195	25	4	59	159	
67	16	134	153	47	153	184	67	111	113	210	246	172	136	214	238	238	133	254	149	151	253	231	193	150	112	218	195	76	12	57	29	
185	77	106	238	22	19	79	120	117	96	253	138	123	71	183	48	126	232	23	238	233	178	44	143	242	205	161	128	119	186	114	241	
88	233	51	234	25	205	19	65	169	28	168	8	174	215	96	118	192	177	221	82	90	11	242	241	185	208	10	123	18	2	167	107	
194	220	20	185	27	197	144	174	159	49	130	17	172	190	32	67	133	83	251	193	98	77	83	247	169	243	222	123	16	20	133	26	
162	220	102	154	79	209	154	236	141	84	145	171	104	220	62	1	250	241	147	195	102	39	62	253	51	18	138	187	21	31	116	222	
2	16	246	179	246	184	248	3	45	81	83	179	140	30	20	104	238	159	191	145	146	152	97	192	142	248	154	194	132	140	161	213	
130	136	18	155	116	169	168	2	62	1	83	16	172	202	52	72	227	41	51	17	50	188	2	247	4	62	26	192	148	9	33	137	
65	141	27	117	100	44	105	51	120	8	106	0	183	59	16	115	160	38	48	8	209	184	144	13	69	170	98	64	72	224	243	160	
51	52	19	232	53	237	66	64	237	73	233	72	150	156	53	240	220	185	92	97	159	35	112	223	145	220	0	122	88	11	66	20	
82	16	123	249	50	226	121	51	36	5	207	177	149	23	128	88	102	183	61	144	26	152	225	71	197	165	186	193	164	128	164	122	
36	228	213	93	124	139	225	239	122	178	96	8	82	241	205	189	25	108	34	56	114	242	202	30	44	142	69	108	209	232	82	160	
1	162	166	189	60	155	144	41	22	177	66	171	231	204	130	68	158	44	235	37	140	248	199	157	206	114	89	55	118	172	21	206	
102	173	214	86	156	137	78	168	219	179	2	72	102	232	93	3	147	103	105	66	118	105	154	111	41	158	85	53	192	122	83	10	
99	50	167	12	76	23	81	88	199	248	246	237	82	156	150	50	92	172	127	36	140	243	231	29	91	58	193	188	106	172	86	215	
65	156	63	104	114	164	49	55	236	89	110	68	20	54	38	113	167	55	48	60	147	138	50	93	45	172	58	202	152	0	35	187	
66	97	120	109	15	209	176	72	142	164	139	139	105	218	68	2	178	53	249	224	70	1	151	29	87	233	9	59	37	35	13	130	
67	242	146	177	109	157	184	6	239	89	80	247	172	154	86	235	230	9	191	149	135	92	198	209	134	80	154	235	30	12	41	159	
82	137	123	252	194	192	29	39	160	70	70	163	53	191	32	80	230	191	181	192	88	31	162	117	243	227	250	203	52	0	165	123	
130	137	18	153	244	137	172	103	140	9	112	18	172	138	48	65	234	43	6	17	114	171	0	245	36	48	154	202	84	8	161	137	
127	22	240	227	245	60	250	82	41	239	191	191	9	63	223	188	239	153	151	157	157	178	224	194	95	221	178	226	167	239	118	247	
210	182	188	181	10	41	49	142	174	63	18	191	143	47	75	11	167	23	237	33	38	69	131	81	199	195	121	183	176	81	13	91	
212	222	13	147	150	230	39	238	28	127	26	119	84	98	11	201	249	195	140	163	127	220	41	127	184	6	255	198	153	83	165	127	
64	169	181	86	41	200	1	141	171	189	162	40	174	243	68	126	128	116	236	16	18	105	235	97	153	182	85	123	194	0	199	47	
214	158	157	151	144	108	39	167	57	95	122	116	102	50	143	27	169	71	100	2	121	252	155	98	180	182	118	2	200	81	163	93	
91	49	34	169	47	221	184	67	109	108	210	175	143	156	86	230	238	157	223	149	156	57	245	192	151	241	154	211	14	12	61	95	
242	97	114	236	46	10	92	127	205	32	248	138	15	142	52	80	254	149	95	160	200	171	197	223	178	252	154	186	117	136	195	25	
57	65	106	236	20	19	74	120	69	192	247	2	123	201	191	112	120	164	30	235	204	179	45	157	242	237	161	144	119	171	112	96	
182	244	118	218	223	197	158	236	143	88	145	31	104	220	126	1	253	217	147	243	246	39	26	247	59	26	143	255	85	31	180	215	
57	72	64	236	85	143	74	120	21	32	245	11	123	9	49	144	88	168	7	238	40	182	80	157	83	205	160	32	123	143	114	146	
163	75	99	77	94	211	175	120	93	64	244	194	112	220	181	100	124	56	18	234	193	179	125	223	53	24	130	8	119	187	116	172	
0	10	63	187	52	169	232	2	238	17	83	213	183	136	60	72	195	43	15	21	134	188	70	113	196	148	186	192	212	137	17	137	
105	79	133	197	36	62	76	54	37	170	158	204	251	35	145	255	68	228	124	108	233	216	69	136	166	250	228	144	42	252	88	61	
166	104	194	154	76	129	170	192	150	130	81	18	72	200	125	8	120	232	19	211	0	247	138	224	16	8	139	172	149	59	112	128	
3	127	226	20	242	176	190	86	57	196	92	231	40	174	247	132	46	235	151	213	134	154	164	232	54	20	158	131	239	212	43	221	
134	183	176	154	233	245	158	219	143	95	29	61	140	222	110	42	199	27	215	147	150	75	186	241	27	88	159	255	150	71	135	215	
135	226	122	251	100	185	184	192	206	95	49	117	172	202	255	41	175	9	23	23	134	36	38	225	70	217	122	232	212	153	97	205	
119	77	102	198	206	18	206	244	129	192	156	139	72	236	247	51	110	245	215	239	204	3	172	232	50	40	207	152	39	247	242	84	
243	5	67	140	92	15	78	97	5	64	233	138	51	3	48	148	124	160	30	174	73	163	84	206	176	188	130	56	83	142	106	204	
191	208	102	170	15	85	159	252	215	94	149	175	105	220	191	37	125	208	191	231	237	39	62	189	243	75	205	191	119	63	124	87	
73	223	151	189	52	140	173	55	188	75	74	85	188	179	32	66	164	39	61	13	241	153	145	47	229	167	122	128	8	0	161	59	
34	107	226	0	243	178	190	71	59	197	88	231	40	168	247	140	62	235	151	149	134	186	132	234	62	20	158	163	239	212	59	223	
134	112	160	155	71	225	184	200	31	119	81	179	140	222	111	8	219	25	147	147	2	86	90	242	13	20	155	239	148	31	23	210	
169	105	104	107	84	143	239	80	68	44	124	10	51	73	49	16	88	168	3	238	200	178	112	61	103	137	160	32	123	155	82	184	
114	51	35	168	124	189	120	65	173	105	210	239	135	28	16	80	238	157	223	149	156	186	193	196	151	240	154	251	60	12	186	23	
89	221	59	188	48	132	57	55	188	77	74	85	188	183	32	80	164	59	61	5	82	137	146	103	225	166	58	200	8	0	161	123	
128	192	146	155	116	173	184	200	62	25	113	16	172	202	104	73	231	9	2	17	34	244	10	245	4	48	26	74	144	1	33	129	
82	35	66	136	106	1	168	65	173	32	209	211	141	138	180	84	110	157	75	165	68	3	197	192	148	112	138	252	21	142	163	132	
50	110	43	170	29	227	195	238	150	141	216	163	99	205	51	0	121	170	135	181	10	163	12	191	249	4	173	185	245	95	116	234	
137	222	124	255	246	116	127	183	85	79	126	182	249	63	154	97	39	83	183	142	231	124	109	183	103	235	246	128	55	212	213	249	
242	69	114	232	54	3	92	127	109	35	250	154	15	15	60	81	126	141	95	161	216	175	65	222	178	252	154	156	119	152	226	9	
161	79	97	79	84	15	239	117	85	68	252	74	114	100	180	36	92	168	2	238	233	186	116	255	53	28	128	0	87	250	116	236	
16	26	59	190	19	132	57	119	188	13	104	21	60	223	32	80	166	59	17	128	66	139	18	111	209	166	26	10	0	0	39	251	
166	98	160	147	245	61	186	200	91	191	85	159	136	204	127	8	221	73	131	23	134	118	206	242	14	20	159	239	213	95	223	199	
98	35	22	168	106	7	120	73	175	160	192	233	7	139	96	82	230	157	127	165	72	155	194	208	148	240	138	170	56	8	34	131	
130	8	22	155	100	168	168	0	62	17	83	16	172	202	56	73	226	41	51	17	34	148	2	245	4	50	26	192	148	1	1	128	
134	112	178	155	199	229	184	76	30	83	65	147	140	222	109	72	255	25	147	145	50	86	26	210	13	22	154	111	148	13	181	210	
243	101	74	12	25	17	78	73	1	128	168	138	3	194	55	212	120	168	78	238	76	3	212	94	179	136	128	56	113	186	106	140	
186	17	115	76	55	82	205	113	69	44	246	42	11	29	180	245	126	156	148	232	217	186	37	140	179	249	128	198	103	138	228	101	
179	71	82	236	22	23	78	101	1	130	249	206	3	8	181	149	126	188	132	166	109	179	84	142	178	252	130	16	127	250	106	156	
189	64	238	237	102	26	79	120	69	194	255	130	91	109	183	126	126	244	21	239	201	182	101	138	242	239	225	132	103	255	112	113	
247	194	100	12	79	16	222	236	195	22	180	191	74	200	223	159	123	196	230	231	236	103	238	241	50	104	197	191	119	253	122	196	
134	16	50	155	229	165	184	65	30	25	81	18	140	222	108	73	231	25	51	17	146	212	10	209	5	58	26	206	144	5	161	211	
134	112	176	155	199	229	184	204	30	83	65	179	140	222	111	72	255	27	147	145	54	86	26	242	13	22	154	239	148	93	165	214	
166	226	160	147	229	241	186	200	31	127	17	179	140	204	127	8	221	27	147	151	166	86	110	242	15	22	159	239	149	95	21	214	
167	226	224	18	237	25	190	200	91	254	21	159	72	204	95	15	157	201	243	215	198	118	238	240	30	24	207	191	199	127	95	199	
112	99	122	72	122	3	216	105	237	0	181	42	26	155	164	52	122	176	75	232	72	35	128	220	115	152	3	63	83	168	102	162	
143	182	124	123	249	255	191	191	31	255	29	253	221	125	222	169	151	91	151	63	183	124	127	183	111	95	61	231	222	221	205	251	
54	37	114	224	182	35	250	83	45	33	251	154	15	15	52	72	254	141	95	177	152	187	5	198	146	220	138	244	231	207	242	1	
112	251	48	98	53	217	82	77	107	44	184	40	167	216	68	176	144	189	204	82	78	43	226	49	185	241	33	123	64	2	198	47	
3	57	53	217	100	237	168	67	237	88	115	66	180	158	213	110	232	57	82	153	151	184	118	192	5	56	154	66	69	8	65	165	
189	69	111	237	246	18	111	113	85	194	255	214	89	109	177	97	126	228	23	238	233	180	45	142	102	235	229	128	103	251	240	241	
191	60	232	243	246	62	251	147	115	239	127	183	25	61	223	168	127	223	151	157	191	244	45	226	110	205	191	196	239	245	252	241	
189	69	110	236	22	19	79	120	69	194	247	138	123	77	183	117	126	228	21	238	232	183	44	140	242	235	225	128	119	187	114	96	
50	134	74	186	90	208	154	103	149	77	217	163	37	206	46	64	250	187	135	133	30	139	6	231	178	101	186	203	53	6	188	223	
57	173	88	106	116	207	83	244	113	73	252	8	55	87	32	48	88	186	22	120	59	186	112	63	243	141	32	113	113	138	74	171	
2	168	157	153	124	173	56	11	62	25	82	80	188	130	96	72	199	9	59	145	50	220	195	213	12	50	218	194	144	0	1	137	
151	22	111	221	182	34	175	55	124	194	87	246	209	102	189	109	119	103	62	175	177	212	37	206	172	42	255	132	173	241	177	117	
61	64	106	236	28	18	75	120	197	64	255	2	115	201	185	112	120	164	23	234	200	179	100	157	210	237	161	144	119	171	112	32	
221	156	141	158	219	87	7	251	146	254	140	159	93	102	171	231	49	198	170	160	117	65	60	190	251	71	239	61	187	118	29	118	
221	221	47	94	227	116	55	254	176	94	141	181	120	119	171	119	245	82	187	102	247	71	186	35	127	111	103	143	146	247	164	247	
66	178	213	92	27	194	0	40	171	148	224	68	228	203	77	82	144	61	105	64	2	67	155	93	9	178	65	63	120	34	39	10	
2	144	30	153	105	173	184	67	158	25	80	17	172	158	96	72	199	57	179	17	18	156	83	209	5	18	26	226	144	8	37	219	
25	166	148	149	58	34	169	111	126	162	194	50	165	34	128	231	99	4	104	173	48	217	197	30	140	167	251	20	0	96	41	8	
122	99	106	200	26	83	73	81	37	100	191	235	11	15	182	244	126	157	223	165	204	163	229	204	242	225	170	189	55	142	46	245	
26	228	60	184	137	205	148	239	143	55	136	25	142	159	106	1	137	19	217	17	122	79	210	149	251	211	222	127	144	12	133	74	
137	156	5	181	22	170	168	55	60	33	82	240	181	50	128	229	66	55	122	137	177	220	85	15	132	39	250	192	140	0	145	185	
86	66	166	188	141	194	148	102	141	133	194	147	204	238	38	74	248	229	171	117	92	139	18	200	185	118	222	91	148	61	181	66	
123	35	106	137	108	27	233	81	45	228	214	207	139	9	151	212	110	132	95	189	156	179	229	204	214	105	170	208	47	140	122	244	
63	64	66	172	69	23	74	104	5	128	224	11	75	203	63	213	216	169	151	239	76	135	80	140	147	249	138	25	55	191	122	196	
134	12	134	158	76	160	168	64	148	146	209	18	32	202	49	75	72	104	51	147	32	215	138	234	16	34	202	136	149	105	48	128	
67	224	34	145	109	153	184	69	239	81	210	191	172	138	86	203	238	137	255	149	134	56	199	209	148	48	154	227	12	12	185	223	
7	150	196	129	162	58	188	187	174	115	27	247	204	46	206	207	39	7	239	181	181	221	13	212	140	18	95	198	140	196	137	149	
161	141	97	74	84	143	239	117	85	4	124	14	114	97	180	52	88	170	2	110	233	186	116	255	53	30	128	0	83	138	82	236	
250	233	0	170	29	213	66	232	135	12	128	11	34	218	103	212	216	169	205	195	78	7	202	189	177	240	139	59	49	31	62	14	
100	162	159	180	93	75	129	232	250	188	32	76	102	224	107	131	17	101	96	33	1	97	154	93	25	130	109	61	200	40	79	0	
173	222	169	27	240	180	55	223	86	95	93	245	220	117	202	253	215	90	151	30	243	222	109	35	110	87	116	238	154	223	164	253	
242	32	34	72	77	3	152	72	143	160	160	137	2	136	117	119	204	188	123	45	8	39	199	208	19	120	128	62	83	140	114	164	
126	231	100	12	93	81	198	232	67	118	172	143	99	108	94	151	89	194	195	231	78	99	239	159	58	85	197	63	119	255	222	214	
4	186	141	159	205	197	167	232	222	223	112	102	224	226	111	143	121	106	162	210	119	72	58	113	12	6	255	46	153	32	101	253	
3	10	187	155	100	236	233	7	254	87	115	85	180	138	116	73	131	43	35	28	150	252	54	113	69	58	18	64	152	1	197	210	
51	2	197	141	92	11	200	121	23	224	210	207	83	8	148	73	124	172	55	173	137	240	69	156	28	46	249	148	61	168	80	152	
139	222	251	254	249	244	255	191	148	79	93	245	253	255	186	225	151	123	181	46	243	204	58	191	103	255	252	139	150	244	189	127	
71	146	199	183	226	42	44	191	188	251	82	229	221	38	136	219	167	71	127	165	181	216	143	104	140	50	127	196	172	228	129	89	
126	181	160	154	207	245	150	201	139	255	157	191	76	252	94	143	221	219	211	243	222	67	250	241	59	80	205	255	215	111	158	215	
134	0	244	211	230	168	248	2	45	17	91	146	140	14	124	74	239	155	63	145	146	188	69	224	142	184	154	192	148	205	161	145	
255	95	172	119	171	118	23	181	149	222	159	53	106	124	143	255	197	247	253	227	253	197	107	174	243	123	253	147	170	255	156	119	
90	204	20	188	9	229	20	174	191	23	136	25	172	183	32	83	129	243	249	128	106	75	211	245	209	243	90	123	18	84	133	10	
214	88	166	222	15	244	154	248	157	94	209	183	108	254	63	99	246	241	189	231	234	71	58	251	147	58	202	155	23	127	53	95	
218	168	182	230	19	64	122	200	175	180	167	163	111	15	73	82	163	215	237	194	10	219	137	227	219	245	143	71	35	7	39	90	
34	98	6	137	107	201	184	68	47	53	240	167	140	142	70	88	238	189	235	209	2	159	195	208	149	16	154	235	17	13	39	218	
9	33	103	73	102	27	232	81	109	96	242	70	155	8	148	100	106	140	126	173	133	176	229	192	22	104	34	128	111	140	121	132	
220	184	182	231	19	72	114	200	47	176	167	42	111	31	73	18	163	215	237	210	10	221	153	227	219	245	7	103	99	2	39	26	
173	222	46	83	224	246	183	246	116	95	95	245	112	117	175	109	221	122	147	70	247	220	45	63	110	79	116	194	202	247	188	253	
157	159	175	31	147	254	183	183	246	95	95	119	242	116	171	239	117	122	170	38	245	252	63	63	111	103	119	195	251	127	189	247	
213	22	111	213	166	50	239	55	116	194	87	246	209	101	159	103	119	230	61	239	233	244	37	78	244	43	239	128	45	240	249	113	
56	65	98	236	28	11	194	120	197	160	249	10	115	201	61	80	120	164	95	99	200	163	0	157	242	233	161	24	119	170	114	0	
50	34	204	165	50	11	72	40	22	161	195	203	103	0	4	200	82	45	105	37	8	216	69	29	132	34	217	20	52	136	24	8	
31	4	199	161	0	54	106	80	160	194	203	199	89	106	57	238	126	133	59	175	141	209	29	192	144	110	203	132	175	231	57	212	
48	111	42	170	28	163	195	127	132	173	216	231	99	233	179	0	120	170	15	245	136	187	12	63	248	5	173	145	245	90	116	219	
58	67	98	232	2	19	216	81	37	32	251	235	11	11	180	212	126	157	223	173	204	147	69	204	242	233	170	181	55	140	114	4	
172	176	189	243	153	109	81	11	18	241	165	24	150	87	72	59	153	18	89	24	59	102	251	18	205	219	21	124	192	73	198	226	
242	200	166	188	13	197	18	238	143	133	194	19	78	238	34	66	200	241	235	87	76	143	18	226	153	119	158	91	144	44	53	74	
134	4	134	153	148	34	168	67	52	147	83	18	64	170	56	73	121	14	27	177	48	213	1	206	8	34	218	196	132	104	176	128	
34	105	98	129	109	153	184	69	173	21	240	131	172	138	86	219	234	169	219	213	70	59	198	192	150	16	154	107	21	12	187	206	
33	0	197	133	84	11	233	19	116	225	210	198	147	0	148	232	122	140	54	141	137	248	69	68	4	42	248	128	45	136	112	168	
125	75	69	109	108	14	79	184	64	184	184	76	83	33	209	51	88	196	100	110	201	98	205	8	244	232	229	188	109	187	82	32	
17	123	107	65	118	11	235	120	100	224	116	230	113	77	183	32	62	136	23	238	193	176	36	93	102	8	161	164	109	163	82	249	
218	172	146	230	17	98	122	192	191	148	163	1	111	159	101	82	233	215	235	130	42	215	136	231	155	241	139	7	35	7	38	66	
50	96	18	137	75	201	184	68	173	53	226	139	140	142	102	88	234	153	235	209	10	19	195	208	149	16	154	123	17	15	39	202	
1	33	103	73	100	139	233	19	109	96	114	66	147	8	148	104	106	172	126	13	129	184	101	64	4	184	178	128	109	136	80	173	
126	244	228	76	223	87	213	250	147	126	180	175	74	252	111	148	221	212	245	225	238	99	122	159	123	87	133	255	115	60	94	87	
195	129	19	163	100	140	169	5	236	25	83	242	148	154	84	98	230	27	31	145	211	24	194	80	132	48	186	200	12	8	161	169	
130	213	52	155	224	168	188	135	175	25	89	48	172	222	124	72	167	27	191	147	210	56	10	241	44	24	30	234	148	70	161	129	
114	0	66	136	72	1	168	65	172	37	193	147	133	2	52	80	106	129	75	165	88	3	85	192	148	16	138	120	21	8	163	128	
14	158	252	126	249	214	31	188	151	223	84	165	253	255	187	99	215	123	181	71	247	202	123	173	111	255	253	139	150	245	188	251	
161	161	115	73	246	203	99	221	95	41	124	34	50	81	172	52	122	26	22	88	19	184	40	223	47	156	36	70	119	138	198	169	
189	68	111	237	134	50	111	191	85	194	254	146	91	109	191	97	127	214	55	174	249	244	37	174	114	235	229	132	103	248	240	241	
102	125	180	198	207	117	158	252	137	250	185	43	76	252	127	43	220	211	215	227	200	99	250	224	51	16	207	191	215	127	182	215	
18	135	46	170	158	150	154	111	142	5	216	135	165	204	58	64	236	171	155	165	158	139	102	189	176	101	170	217	53	14	189	204	
161	98	31	169	104	139	104	69	44	32	96	200	21	131	0	208	106	141	98	133	65	158	193	80	148	160	186	32	24	8	171	136	
154	212	112	251	181	62	126	191	31	91	127	183	253	127	158	101	183	219	149	175	250	124	105	247	239	255	254	198	183	220	213	123	
134	72	22	155	100	169	184	0	190	25	81	16	140	202	121	73	226	41	51	83	2	148	10	241	4	48	90	200	148	1	33	129	
6	113	178	218	207	133	190	204	143	154	81	3	140	222	109	11	237	89	147	211	210	67	154	240	21	24	207	174	144	127	161	211	
82	90	46	181	2	2	31	52	164	6	130	167	229	14	50	65	246	245	237	231	204	141	7	109	240	227	250	129	36	54	37	90	
254	253	160	146	251	245	150	248	155	254	156	47	78	252	111	46	157	241	215	119	190	67	250	242	123	95	141	255	147	127	31	215	
75	154	237	215	162	26	61	191	124	251	86	228	253	118	154	123	55	87	61	173	149	216	175	108	204	47	255	132	174	226	177	121	
6	113	182	218	239	133	190	204	143	219	17	35	140	222	109	11	239	89	179	211	210	67	154	240	29	24	207	238	144	127	161	211	
126	253	224	70	159	86	222	185	1	236	156	175	74	124	95	54	253	215	245	243	221	99	248	238	59	125	141	247	111	119	254	119	
184	236	122	110	85	219	82	224	85	12	252	10	51	217	51	176	248	184	134	98	110	175	8	63	115	205	32	57	115	11	126	138	
137	2	22	217	101	157	161	7	252	25	119	80	156	144	180	237	96	57	34	25	147	188	66	192	4	185	58	64	198	8	201	161	
14	254	124	115	183	255	159	191	31	127	20	189	253	125	255	45	151	91	151	23	183	120	61	191	111	223	125	231	222	221	141	255	
190	13	114	227	182	35	250	211	125	35	255	146	15	47	61	24	127	143	23	185	184	190	5	230	186	221	142	198	231	205	240	129	
134	189	176	210	237	165	190	216	139	251	24	49	140	190	119	42	135	123	159	215	182	73	138	242	15	92	159	254	150	215	133	215	
134	140	240	211	228	168	248	134	175	19	26	146	140	142	117	74	239	219	31	145	146	124	198	226	14	24	154	196	148	221	225	129	
47	254	188	83	243	223	181	249	119	255	116	173	106	124	207	173	151	123	213	20	183	248	123	189	111	95	117	231	203	244	14	255	
15	254	252	115	243	255	191	191	27	255	52	189	221	125	223	61	151	91	213	55	183	216	60	254	111	223	125	231	206	245	143	255	
2	150	58	152	215	241	184	71	30	5	88	179	172	190	38	64	239	59	147	145	22	152	2	215	13	23	154	75	149	76	173	206	
179	73	107	206	86	147	238	240	84	64	86	198	113	196	181	228	126	232	22	239	233	182	36	191	48	40	170	128	61	187	120	188	
61	64	107	236	84	3	75	120	69	192	247	2	83	201	185	96	120	172	23	234	201	179	36	140	242	169	163	128	119	171	112	96	
56	1	106	236	28	11	66	120	69	128	247	10	83	201	57	80	120	164	31	235	136	163	1	157	210	233	161	156	119	170	114	0	
93	84	239	247	166	50	111	191	117	226	126	246	89	45	155	233	127	214	61	174	233	244	173	170	118	235	247	132	103	244	240	121	
35	188	104	9	221	181	146	203	95	97	156	143	128	200	246	36	73	42	210	157	150	42	95	247	78	28	155	255	223	12	216	150	
90	94	238	165	14	34	190	34	164	134	158	167	237	107	19	66	102	101	253	231	204	193	149	236	210	231	238	145	45	119	57	82	
40	161	113	73	253	221	193	207	95	61	120	8	178	21	220	164	216	26	18	24	19	58	120	149	45	156	149	126	211	8	214	236	
163	145	44	153	221	149	140	255	86	81	216	70	176	88	54	228	200	138	18	221	223	42	95	245	46	25	154	104	95	12	248	156	
94	90	206	164	10	54	60	48	164	134	142	135	205	43	3	74	102	229	237	231	76	193	147	204	218	231	255	129	173	119	41	18	
38	170	236	25	252	177	185	206	159	61	180	159	0	200	222	10	137	74	195	29	150	110	238	243	78	28	157	255	213	77	214	199	
95	78	142	188	139	54	28	96	164	198	198	135	77	106	51	203	230	229	189	231	108	197	19	200	210	99	222	131	44	119	57	22	
107	79	198	85	37	30	76	55	233	170	126	76	234	34	151	247	4	230	252	12	237	248	197	136	38	123	244	144	10	252	216	13	
38	170	233	145	236	105	185	202	27	55	20	191	0	236	95	10	205	74	131	21	150	118	238	224	78	20	157	239	213	253	214	215	
18	135	44	187	176	195	157	239	20	31	220	179	225	103	42	65	93	51	135	129	122	136	104	191	233	135	250	193	52	136	181	251	
66	250	17	10	56	137	130	200	142	120	144	109	164	208	228	198	196	113	234	83	195	47	202	117	40	52	43	250	88	11	1	95	
33	145	40	11	221	181	192	255	87	81	121	70	144	88	126	164	217	10	18	189	159	58	95	149	46	29	150	108	223	14	248	156	
210	114	3	168	11	193	2	88	135	44	129	111	0	195	97	68	48	169	79	226	75	7	146	29	144	192	137	187	57	43	7	19	
120	1	66	236	12	3	64	120	133	160	247	10	115	201	41	80	120	172	76	234	72	163	192	136	210	233	161	28	119	171	114	0	
77	63	237	87	230	58	253	191	122	254	22	230	217	111	219	59	55	86	245	190	177	208	237	232	110	79	247	164	175	245	211	113	
47	190	248	87	243	246	31	247	59	255	116	189	108	255	223	189	151	127	213	22	247	218	184	170	107	95	125	231	206	244	142	255	
254	159	102	88	155	215	87	187	151	222	156	47	74	253	47	247	253	215	253	241	254	67	58	191	123	123	197	223	243	116	124	87	
3	59	226	140	242	144	190	71	41	197	92	231	44	174	182	132	174	43	147	149	198	154	164	237	54	52	158	139	207	68	175	223	
6	64	150	155	228	168	184	1	190	25	83	16	140	202	120	73	230	9	51	145	18	212	2	241	4	48	90	200	148	25	161	129	
29	13	99	175	150	178	111	115	117	192	223	198	123	102	179	228	118	238	28	174	185	153	45	239	178	239	174	128	175	231	184	116	
123	110	100	5	87	91	212	103	115	230	174	143	11	40	215	148	41	164	236	12	108	187	101	158	62	95	21	51	103	156	94	78	
95	156	175	118	251	86	63	249	179	222	148	165	121	255	235	247	245	118	189	174	245	67	190	191	123	127	101	175	186	230	44	255	
120	0	78	133	91	83	137	8	6	229	231	142	117	3	2	220	82	140	232	140	1	219	117	29	212	35	250	17	43	4	14	88	
73	50	159	140	78	223	161	56	234	252	117	108	244	212	194	134	180	44	230	97	131	97	178	93	76	33	97	174	72	40	7	241	
184	126	104	110	116	145	82	112	81	44	245	41	35	88	163	49	216	184	197	227	110	39	72	63	242	193	161	187	112	43	94	15	
2	205	2	156	20	163	170	230	4	1	90	2	32	234	32	64	104	43	19	192	2	184	0	255	32	36	138	128	21	24	48	136	
175	158	254	91	177	247	159	184	181	95	94	181	121	125	159	239	151	83	221	47	247	196	127	191	106	127	117	195	206	245	188	247	
8	50	143	141	13	87	161	75	206	253	198	68	132	130	98	142	72	44	234	152	7	231	247	84	5	35	251	61	24	8	45	244	
217	142	84	85	19	186	105	39	117	39	198	150	171	34	130	228	103	166	236	140	60	156	101	143	142	239	210	65	166	132	137	12	
188	69	110	236	132	27	79	125	85	194	247	26	91	105	189	117	122	228	23	234	232	183	61	142	242	235	197	0	119	251	240	0	
25	132	228	5	25	114	105	47	87	231	230	150	137	34	146	231	65	6	232	140	61	216	117	158	142	231	210	85	170	140	45	92	
31	141	99	207	150	178	111	247	117	193	222	198	121	231	178	228	126	238	30	188	153	153	45	239	186	239	174	192	183	198	184	116	
34	13	34	140	84	163	170	230	84	1	88	2	32	200	49	64	72	42	19	193	130	170	0	253	32	36	138	136	21	24	112	136	
16	77	10	172	20	163	170	102	132	0	218	2	49	170	49	64	104	43	23	193	10	137	0	189	224	165	186	128	53	24	48	136	
66	51	34	136	13	221	176	73	238	109	218	47	140	140	102	66	232	5	239	209	22	163	163	208	145	48	154	251	88	14	61	95	
3	74	69	129	100	137	232	6	44	17	82	196	145	2	208	202	102	9	62	157	131	152	69	64	4	40	186	128	12	128	113	152	
229	107	77	69	44	14	205	180	97	250	180	76	147	1	209	63	76	196	116	110	233	118	229	8	164	152	229	180	77	185	82	41	
134	140	4	147	148	34	174	167	60	19	90	18	232	42	16	73	123	79	51	147	48	220	73	238	44	38	222	192	133	88	177	8	
250	204	26	190	25	197	80	230	151	30	132	25	46	223	34	81	201	251	237	16	106	15	202	191	243	243	158	59	18	76	60	10	
114	33	34	160	15	73	184	65	173	12	144	11	14	138	118	80	232	129	207	193	94	35	144	192	145	80	138	123	21	14	191	78	
1	72	17	153	100	140	169	22	236	89	82	100	188	146	240	232	230	43	54	29	131	156	6	97	4	56	58	192	28	128	1	185	
2	150	58	153	246	241	177	67	94	79	92	179	44	188	38	0	175	59	131	17	150	188	38	215	78	7	58	203	213	68	173	223	
113	79	69	101	188	10	79	55	97	160	186	204	147	33	145	182	74	228	76	110	233	184	197	14	36	236	165	144	109	250	210	40	
218	44	18	246	129	226	84	67	181	146	167	27	111	223	33	89	249	191	233	130	56	199	152	207	211	243	219	15	227	117	174	2	
184	85	106	229	87	82	127	117	81	100	118	146	91	29	54	32	122	156	149	234	232	182	53	142	115	233	160	129	103	190	244	242	
98	64	11	129	73	193	233	69	172	5	129	151	128	2	50	208	104	129	74	133	25	11	80	192	149	0	154	89	17	10	175	192	
15	155	252	255	41	212	25	184	159	221	84	165	253	255	158	111	151	123	181	76	131	200	235	169	79	251	255	203	150	164	5	251	
98	114	18	136	75	197	16	72	173	12	208	41	140	150	96	80	236	157	255	208	2	3	210	208	145	48	138	251	16	6	39	19	
230	221	242	206	252	53	158	253	137	234	188	42	108	125	189	2	159	243	223	227	248	35	168	235	59	28	207	190	215	255	227	83	
50	80	114	224	87	65	90	68	9	4	176	11	10	31	37	80	234	145	159	242	72	35	80	200	179	216	130	59	119	27	102	154	
137	106	28	171	96	153	41	85	44	17	71	148	189	2	130	248	98	8	34	204	67	156	99	33	196	161	186	64	46	128	171	168	
14	157	245	255	166	30	126	190	31	123	84	243	253	127	156	109	183	219	181	206	242	88	43	255	238	255	255	198	183	252	133	123	
6	105	22	154	236	129	190	204	142	24	89	0	140	202	121	74	206	75	51	83	82	2	10	240	36	16	206	174	148	91	161	129	
198	93	176	206	252	5	158	236	137	154	185	42	236	254	125	2	207	115	95	227	208	3	138	234	58	24	207	190	148	127	163	129	
13	130	150	219	53	188	40	144	127	27	87	80	236	210	184	236	179	11	182	24	150	180	42	243	134	255	26	67	154	133	169	141	
75	30	22	86	117	188	178	119	237	9	126	108	46	248	166	244	166	35	222	8	151	169	2	239	54	127	16	203	74	140	233	13	
150	205	113	243	180	43	126	167	61	51	186	210	207	47	28	89	255	211	23	163	248	124	89	255	190	222	223	198	181	249	128	8	
134	173	112	219	236	168	254	136	175	19	57	16	172	234	124	66	167	91	95	83	242	40	10	243	44	28	30	238	148	83	225	129	
39	190	168	161	245	191	202	219	78	105	25	79	144	8	86	0	221	11	19	21	158	184	92	146	12	29	153	116	221	77	216	214	
160	203	115	91	246	203	227	245	93	44	116	98	104	209	164	53	122	56	6	120	243	188	45	255	44	24	36	198	119	136	196	173	
230	237	242	194	252	0	158	236	201	218	185	138	76	254	125	2	207	115	95	243	208	35	138	234	58	24	143	254	148	127	163	209	
255	190	98	116	183	22	94	248	81	234	156	175	106	124	159	52	223	247	213	167	252	195	237	206	251	127	141	214	231	228	118	87	
26	149	87	222	211	192	52	109	173	0	201	162	108	247	168	213	114	179	139	160	115	137	18	253	48	240	74	203	55	6	165	63	
15	187	252	119	123	223	185	185	31	253	22	173	253	125	223	41	151	123	247	21	135	248	47	189	79	223	125	231	214	164	5	255	
125	140	238	247	166	50	127	191	117	226	254	130	91	109	157	111	127	214	53	174	248	240	45	238	242	239	215	132	231	252	240	104	
161	78	111	222	84	147	238	244	84	64	84	198	113	200	181	101	124	232	18	239	229	182	36	255	48	42	170	128	63	187	120	188	
90	74	170	174	2	0	95	116	37	6	206	167	101	199	50	80	118	253	61	199	200	146	165	107	241	36	170	137	36	182	52	122	
110	117	178	208	251	213	156	123	155	254	148	45	108	252	119	62	159	49	213	49	238	67	178	222	59	95	205	255	150	124	23	223	
41	177	113	65	245	219	160	109	94	113	121	122	144	28	220	164	152	26	146	57	23	56	125	149	47	24	1	118	223	10	217	183	
75	153	237	103	54	26	121	188	106	253	94	230	249	111	154	242	54	125	189	220	149	216	239	232	78	107	255	196	175	166	35	121	
163	141	110	89	253	255	162	199	222	105	126	66	160	152	182	161	200	42	146	93	183	184	85	189	46	25	3	99	221	12	217	142	
134	125	240	178	236	168	190	132	139	219	25	163	236	254	125	10	135	115	159	87	178	105	138	242	174	92	159	250	148	223	129	201	
35	189	76	25	253	191	178	199	206	241	124	7	176	152	118	32	201	42	82	21	151	248	87	189	46	93	21	119	221	12	216	142	
73	50	31	13	106	222	177	88	142	236	222	228	244	212	163	98	86	52	238	108	135	33	231	29	84	33	35	184	88	47	13	241	
90	73	138	166	6	36	94	48	32	196	206	135	117	235	19	66	116	229	189	199	12	131	151	40	242	231	238	129	45	247	56	90	
166	106	233	145	236	73	141	198	18	246	144	187	131	140	215	11	75	200	183	213	14	118	230	144	92	0	255	189	213	253	86	216	
107	135	230	23	117	152	104	39	237	103	239	189	235	40	150	214	66	166	236	12	252	248	229	207	6	127	208	17	71	140	220	76	
87	1	131	164	131	118	46	128	108	193	139	199	205	62	127	238	240	199	249	215	157	129	181	192	152	116	207	134	140	119	185	84	
130	182	123	153	114	224	185	71	62	79	80	183	188	158	38	8	167	59	147	17	182	156	50	199	69	38	58	203	133	4	39	219	
182	13	82	243	244	171	238	231	61	163	171	146	135	43	29	89	251	195	19	179	56	190	73	238	190	158	158	64	165	217	241	128	
13	179	173	95	42	214	25	56	198	220	87	228	253	213	219	230	22	124	253	76	195	192	255	9	78	107	97	128	14	166	5	117	
19	191	106	140	210	144	188	103	44	69	88	167	45	142	182	0	110	43	147	149	214	155	36	205	56	101	190	139	13	4	189	221	
9	208	18	251	37	156	169	148	190	25	87	80	189	211	232	236	247	56	186	88	131	156	34	241	197	241	58	192	154	133	169	169	
1	144	155	249	48	175	41	19	62	9	82	80	180	19	32	104	183	59	54	24	51	156	1	87	205	166	58	192	152	0	1	169	
104	51	46	141	125	221	177	90	206	252	214	45	188	212	226	102	196	52	255	21	131	3	243	149	87	97	43	187	26	12	21	251	
221	82	156	181	44	46	92	184	172	250	146	101	255	122	155	75	167	69	125	111	236	197	139	10	192	235	250	148	12	241	25	9	
91	146	183	124	59	86	89	120	51	252	148	37	122	255	190	247	247	149	181	164	173	71	187	157	219	255	233	175	63	164	46	119	
56	1	98	236	76	19	64	88	65	160	245	10	83	201	181	80	120	172	4	234	136	179	96	140	210	233	161	16	119	170	114	128	
159	252	240	243	246	186	254	191	59	211	56	179	205	127	213	41	191	251	149	183	182	248	44	238	238	223	223	230	167	245	195	221	
56	0	102	100	4	19	64	88	101	160	247	10	11	9	181	24	120	140	4	184	136	179	37	140	210	233	161	20	103	168	114	128	
122	158	164	76	75	86	144	127	147	254	158	47	74	252	102	119	221	213	253	161	252	107	187	223	91	127	221	255	115	100	118	127	
123	178	174	92	115	94	49	123	51	253	84	173	40	158	198	253	180	157	181	20	159	222	179	157	91	123	241	239	42	4	14	255	
110	154	252	124	126	86	89	184	151	222	20	165	249	253	255	99	151	113	189	37	165	74	110	189	74	223	237	223	190	164	60	115	
43	114	166	77	75	223	49	95	39	253	116	165	42	148	198	180	172	60	246	20	135	216	179	29	71	113	113	227	107	4	14	255	
43	114	38	73	107	215	185	95	167	253	116	165	8	159	198	182	134	29	247	20	135	159	179	145	71	121	56	235	78	132	46	255	
114	52	178	196	123	87	152	127	155	236	144	63	44	188	102	34	172	53	247	33	236	75	178	222	27	94	157	187	2	44	151	223	
6	253	240	146	252	136	188	137	155	154	24	34	236	254	125	11	151	115	223	17	226	97	138	243	172	30	79	254	148	124	1	137	
32	31	126	79	102	11	183	248	204	14	126	230	240	97	167	47	62	112	6	106	192	176	101	109	70	10	96	128	127	251	69	185	
211	126	107	2	50	155	11	120	61	224	148	254	187	198	215	52	54	173	92	255	239	7	188	127	176	44	43	248	45	151	3	125	
75	157	80	220	219	240	16	175	151	81	236	178	44	246	172	245	103	155	186	128	63	11	158	245	62	120	146	75	62	132	168	30	
179	94	103	28	86	146	174	246	213	64	212	231	40	142	183	229	110	232	150	207	229	143	38	255	34	42	206	136	31	149	120	221	
75	157	86	216	91	244	24	255	175	17	236	70	44	242	38	244	103	179	146	128	23	11	18	245	51	126	26	75	187	4	171	159	
232	183	28	185	187	137	16	143	159	63	52	185	175	11	74	25	135	19	237	17	50	108	203	55	238	209	124	255	208	12	143	11	
250	95	11	138	129	119	39	86	44	77	159	127	152	150	162	196	232	128	206	198	217	143	112	226	241	1	170	219	24	31	188	115	
75	185	244	253	41	148	88	56	143	216	84	224	253	223	222	102	150	125	189	76	130	80	231	217	79	249	233	138	54	164	5	113	
90	203	34	172	133	132	79	55	21	14	202	135	167	129	50	68	88	172	63	207	216	154	209	191	245	54	154	200	54	174	180	106	
230	141	242	204	252	1	222	235	219	170	184	10	236	238	125	2	223	211	95	163	240	35	138	239	58	30	143	190	148	250	3	129	
73	201	239	199	126	146	107	152	230	225	78	130	249	207	210	114	38	244	121	220	195	148	191	225	110	109	171	192	39	134	113	120	
236	95	10	130	197	252	231	196	172	79	157	31	140	2	42	200	104	226	206	211	89	39	120	226	245	1	174	217	137	95	253	243	
22	136	245	255	38	139	120	168	27	177	112	227	237	127	28	75	183	247	53	133	162	248	27	253	142	254	223	102	183	168	65	8	
230	141	242	206	252	0	222	233	217	138	184	10	236	234	125	2	223	243	95	163	240	35	136	238	58	30	143	254	149	254	3	129	
184	0	98	108	68	18	72	88	69	128	255	10	83	137	177	112	120	172	23	168	200	183	36	142	210	233	160	156	119	171	114	160	
137	79	24	139	197	249	173	150	172	87	126	134	189	3	171	206	106	10	138	222	67	52	116	225	100	193	50	1	90	223	169	216	
88	149	23	252	179	192	21	39	173	1	74	0	190	55	32	245	166	55	169	0	113	137	48	93	225	176	10	67	18	64	165	59	
232	222	60	250	41	233	80	166	151	31	180	57	174	219	98	91	201	187	237	0	106	111	74	183	203	211	112	251	82	72	142	11	
123	176	102	116	55	23	88	122	83	232	246	175	107	124	150	53	158	189	181	165	172	218	101	221	219	255	249	150	39	164	114	95	
3	178	247	117	59	151	216	59	159	249	86	237	237	221	214	36	150	61	245	21	134	248	35	221	75	219	121	198	70	164	5	95	
140	75	82	219	207	217	167	196	236	20	125	134	173	194	107	206	106	106	202	218	86	32	126	241	102	209	6	41	210	95	237	196	
27	58	46	107	11	253	177	86	103	125	119	165	42	156	134	172	172	61	255	69	135	184	119	177	71	121	48	131	123	15	14	255	
147	74	102	156	14	144	174	246	212	66	210	199	41	136	183	229	110	97	63	207	237	141	6	253	48	106	218	128	31	188	121	92	
176	86	27	128	134	107	133	71	92	79	250	126	6	32	167	89	248	143	14	33	41	179	1	74	176	4	186	146	217	88	177	29	
201	169	237	71	62	155	251	184	234	244	31	134	249	205	210	34	38	221	121	223	195	56	255	208	78	73	175	244	103	134	83	248	
6	140	132	151	148	138	174	166	62	19	82	18	236	106	8	75	99	71	51	130	50	216	73	229	44	38	223	196	132	121	177	8	
202	149	85	220	203	208	12	175	183	83	230	242	104	119	172	245	103	147	186	192	115	11	107	247	55	118	210	207	51	196	172	60	
178	83	34	160	229	69	86	101	9	108	184	47	14	30	38	16	236	145	207	227	92	175	16	198	179	208	138	187	81	30	246	211	
60	86	86	172	100	35	84	81	21	138	249	237	71	235	169	217	222	184	135	34	13	179	64	136	130	247	96	154	123	254	104	147	
94	54	158	160	178	42	56	81	170	191	159	255	205	235	74	90	183	149	237	181	54	209	137	66	218	199	63	247	168	102	141	19	
120	44	190	122	137	228	84	67	147	159	229	9	42	251	33	91	201	179	237	128	8	107	130	177	211	227	80	27	242	105	238	2	
232	164	61	120	168	201	81	143	250	31	52	56	182	49	72	59	129	18	236	16	122	110	226	19	207	211	116	127	80	8	198	43	
242	115	18	136	43	197	176	73	173	44	176	45	142	150	97	80	204	29	207	112	72	3	194	208	145	176	10	187	16	6	39	155	
95	22	134	183	162	50	56	17	188	251	155	247	205	238	187	203	183	37	253	181	180	209	141	192	152	115	235	199	140	231	41	21	
144	73	14	188	156	131	204	102	148	0	210	2	51	10	49	65	104	163	31	225	120	137	2	189	240	227	234	128	52	24	48	8	
60	136	238	239	215	90	108	236	85	147	238	2	123	105	60	107	121	196	51	232	24	248	29	172	91	239	213	5	231	190	252	42	
120	44	190	122	137	241	84	67	227	159	164	8	42	243	97	27	201	242	236	0	10	107	130	33	219	219	117	59	194	105	110	2	
75	142	50	88	125	188	248	199	253	13	124	52	46	200	182	212	167	35	206	28	182	45	34	255	50	127	18	203	210	132	233	77	
79	248	252	237	126	16	89	152	199	212	20	162	249	223	219	226	22	80	253	220	195	68	239	149	78	201	171	236	55	167	81	121	
184	84	114	236	101	87	86	117	81	10	246	58	27	29	37	17	252	157	149	226	232	183	49	142	243	253	160	131	115	250	228	147	
182	105	98	142	84	129	202	224	193	0	241	10	32	200	53	16	88	232	23	211	202	171	10	239	48	12	134	168	117	43	114	136	
66	49	22	140	104	133	184	73	142	216	80	173	140	222	98	66	134	61	251	85	2	67	130	209	4	48	11	254	20	6	39	211	
147	221	102	156	86	146	188	228	220	68	212	247	41	140	182	161	110	43	147	197	231	175	38	255	34	105	174	128	31	20	249	220	
131	165	237	81	210	122	173	191	118	119	94	146	153	39	154	109	39	78	51	157	179	216	53	102	109	15	254	196	165	192	213	248	
72	157	23	237	145	238	49	55	172	9	78	64	191	55	32	244	164	51	157	128	19	152	17	95	233	247	58	64	26	64	165	59	
184	0	98	228	12	19	72	88	101	160	247	10	11	9	181	52	120	132	87	168	136	183	37	138	210	233	160	148	103	170	112	128	
112	1	226	204	92	3	192	104	199	160	249	10	66	200	60	16	120	132	102	225	136	35	2	220	18	44	129	60	117	170	114	128	
99	148	182	204	123	119	152	122	155	239	156	63	12	188	102	55	143	53	253	161	188	79	179	223	27	126	89	191	87	36	55	95	
160	105	66	142	84	129	194	196	21	0	248	10	32	200	53	0	88	234	6	211	74	171	8	255	48	12	134	40	85	27	114	136	
140	206	236	115	151	214	255	183	118	127	94	18	249	109	154	33	55	74	149	158	246	220	63	191	111	207	245	193	167	212	220	235	
92	169	228	243	31	216	240	8	231	148	167	2	105	219	92	98	40	241	251	217	10	97	171	209	95	205	139	107	39	38	117	2	
160	204	98	158	84	129	138	230	212	0	112	2	32	200	53	1	72	234	19	195	226	174	0	255	48	8	130	40	85	25	114	136	
55	76	102	222	14	178	170	240	196	194	222	135	104	204	183	109	110	97	183	207	173	167	46	237	18	42	202	128	23	255	113	252	
90	76	6	188	12	130	110	226	148	130	218	2	107	170	49	75	104	229	63	195	72	133	3	236	144	227	234	128	52	121	49	8	
94	94	243	244	98	224	59	210	185	206	94	231	61	183	161	94	38	245	189	198	0	213	162	232	210	231	122	138	166	241	37	123	
182	76	98	222	92	145	202	240	209	0	245	10	35	201	181	17	88	232	23	202	234	39	46	191	50	104	129	168	119	171	114	136	
55	12	103	30	78	178	239	112	197	194	221	134	104	236	183	239	110	224	183	239	173	167	46	236	18	42	203	128	31	255	120	244	
188	76	98	110	92	131	194	88	213	128	245	10	99	201	189	48	88	168	23	107	232	39	12	158	18	200	129	56	119	171	114	132	
135	158	31	158	168	173	165	255	158	94	137	252	244	230	162	108	135	43	106	7	231	77	122	127	172	22	123	186	24	88	129	245	
63	95	43	130	161	84	151	244	24	79	245	126	30	22	162	245	236	210	150	87	237	155	112	228	243	21	190	210	219	95	166	245	
203	97	119	237	42	149	216	11	143	128	66	161	157	159	244	230	134	53	249	77	130	5	215	209	6	249	11	10	22	133	9	0	
188	4	98	108	28	51	66	89	85	130	245	26	67	201	189	53	120	172	23	170	232	167	36	142	242	233	161	152	119	171	112	32	
2	129	212	245	7	138	104	40	143	177	98	130	237	203	92	198	186	189	49	200	10	120	147	221	141	248	203	98	53	160	65	12	
98	164	240	220	124	2	216	235	91	160	176	10	238	106	52	1	223	245	23	177	160	107	128	223	184	158	207	254	213	40	51	9	
143	95	35	139	235	221	55	212	165	78	223	191	188	29	171	108	236	18	223	87	215	15	112	162	119	113	34	251	26	223	181	247	
141	21	96	57	197	252	117	151	229	94	126	151	169	199	235	230	105	42	142	156	199	56	118	131	103	217	34	129	186	220	109	255	
184	68	98	236	4	35	64	89	69	2	255	26	19	137	189	84	120	140	6	168	232	167	0	142	242	233	160	28	119	249	114	128	
141	31	98	49	197	252	117	151	228	94	94	151	171	135	235	239	98	42	142	156	247	60	118	130	103	217	38	129	186	220	109	255	
173	223	56	155	225	221	183	212	228	78	188	175	184	124	171	228	237	210	206	199	247	35	120	227	119	69	38	187	219	95	175	255	
3	97	119	237	42	167	216	14	175	177	83	161	157	159	212	32	134	29	117	213	134	216	131	213	2	248	24	234	68	133	3	143	
61	5	239	197	196	50	237	95	84	194	247	82	81	41	191	105	122	132	23	168	185	176	37	138	82	239	242	132	231	248	240	96	
59	49	102	77	35	55	88	30	71	232	214	175	43	28	150	120	142	189	181	197	140	222	101	220	147	251	216	146	119	133	80	95	
118	26	151	190	173	161	132	79	159	27	209	109	230	234	33	207	201	227	238	1	31	75	202	241	176	50	94	186	152	124	169	23	
54	137	196	247	79	128	224	224	227	49	227	2	99	249	92	66	104	197	33	209	10	250	155	225	157	226	199	71	225	10	116	138	
141	158	42	145	129	216	53	243	228	79	30	182	153	39	202	230	109	34	206	12	245	156	244	130	231	69	166	193	170	252	189	245	
6	137	132	151	4	138	168	168	62	145	82	2	236	234	88	75	115	109	59	209	2	216	203	241	12	50	223	196	132	32	49	8	
203	204	237	95	170	217	173	182	254	87	78	144	253	230	214	99	7	102	123	143	227	92	255	119	109	43	127	192	148	240	133	125	
126	163	150	254	137	129	84	205	167	157	176	105	110	251	96	218	232	243	237	208	28	171	130	160	155	243	214	91	210	22	238	3	
242	84	82	168	40	7	30	77	45	10	184	185	14	158	36	16	222	153	223	98	104	39	0	206	178	208	10	186	80	26	167	19	
203	220	237	87	194	126	173	182	126	123	94	146	249	55	150	107	39	86	123	207	225	220	191	99	111	43	254	128	143	240	149	249	
110	59	150	190	169	161	20	71	175	155	160	237	238	234	97	155	197	115	236	16	30	75	202	185	154	246	95	59	202	119	171	31	
124	171	150	250	173	129	84	197	167	157	184	105	78	251	96	154	200	243	237	80	28	107	130	160	219	209	101	123	195	18	238	3	
199	10	182	24	253	181	112	207	255	29	180	21	12	138	247	220	231	3	174	28	182	13	35	214	27	94	18	79	210	68	233	71	
219	101	107	200	18	87	111	97	124	98	199	138	57	71	151	113	118	172	25	238	233	151	60	95	243	41	139	56	39	243	115	100	
42	223	35	140	117	132	111	247	5	12	76	135	44	133	176	212	112	174	147	77	208	154	48	255	52	52	152	194	54	142	244	252	
217	108	107	66	23	215	203	104	112	162	135	138	51	205	87	33	56	236	89	239	232	23	188	127	243	13	139	60	37	147	115	104	
195	138	48	24	249	180	184	79	255	31	180	21	44	138	246	212	231	3	134	28	182	15	34	215	30	126	18	239	210	4	235	207	
67	142	54	24	255	180	56	207	255	29	36	21	12	138	102	220	231	3	174	28	182	15	34	215	26	126	22	111	146	4	233	79	
66	165	178	148	124	9	184	107	155	154	16	24	172	234	116	2	135	57	95	177	162	105	130	219	12	30	95	174	148	96	1	137	
98	48	178	204	123	39	152	107	155	233	145	59	44	188	68	2	174	55	247	1	176	79	130	223	19	30	26	186	4	12	163	219	
45	83	215	45	98	27	126	120	5	192	123	231	95	111	163	146	62	225	6	238	213	176	53	12	102	239	96	0	127	190	106	209	
240	137	163	94	157	196	199	197	211	141	188	8	178	252	117	100	200	250	60	89	26	107	234	163	249	252	134	59	210	56	244	110	
60	233	196	179	79	136	224	160	195	181	163	3	107	201	95	194	105	236	227	209	14	248	155	225	15	243	199	67	99	47	124	138	
140	158	236	119	183	246	127	190	87	255	95	183	249	125	222	99	55	122	181	142	230	220	127	191	111	203	245	193	191	246	220	251	
88	40	40	232	31	209	210	72	231	164	133	10	104	219	73	64	248	184	235	161	74	35	170	221	211	193	139	63	51	35	118	34	
164	76	102	158	76	163	170	226	212	2	241	2	32	200	53	65	72	104	19	195	226	167	10	255	16	10	194	8	85	27	112	136	
248	234	58	226	29	213	211	200	195	172	182	11	42	153	103	66	232	244	237	210	74	47	138	181	251	209	135	123	67	15	124	11	
151	8	230	222	12	178	142	64	212	194	215	147	105	236	183	107	110	225	63	207	172	167	46	234	18	110	203	136	149	111	113	68	
223	246	238	176	226	50	60	93	185	247	147	183	93	238	250	91	55	141	253	181	245	215	165	192	218	99	255	197	172	228	173	85	
183	9	230	222	140	178	206	81	213	194	223	147	104	236	183	111	126	228	63	175	173	167	46	202	18	46	203	136	151	239	112	244	
54	12	102	94	76	179	202	112	213	130	125	10	97	201	181	61	88	168	23	171	168	167	46	189	18	106	193	136	119	235	114	132	
63	73	122	202	32	23	27	244	13	64	245	169	31	30	167	116	206	213	151	79	204	187	116	236	210	249	78	16	86	159	42	124	
63	217	255	170	54	94	91	240	13	68	247	174	127	28	175	244	206	221	151	95	205	187	57	172	250	249	204	194	119	143	52	125	
120	254	26	194	29	213	210	230	195	141	188	40	34	153	108	68	217	216	237	82	74	43	136	181	251	221	166	255	67	11	124	11	
98	192	242	220	124	2	216	111	91	160	176	10	236	10	52	1	250	133	95	161	160	107	0	221	152	30	219	188	85	40	115	137	
139	148	102	121	5	252	112	51	237	95	118	181	171	159	246	103	231	56	151	148	159	60	54	193	199	217	18	143	246	204	92	255	
74	97	114	106	235	137	254	76	173	1	193	153	141	159	52	100	130	27	91	239	80	11	132	244	55	252	154	123	54	151	195	136	
11	158	102	89	33	220	112	23	237	94	92	181	171	159	246	102	231	56	159	20	159	60	54	192	207	89	146	203	254	196	124	223	
185	5	238	229	196	50	237	247	113	243	126	18	91	41	184	107	123	198	55	184	184	252	37	162	126	239	246	196	231	248	240	168	
232	61	57	250	252	217	81	27	211	25	240	40	178	217	65	123	201	250	20	80	62	110	226	57	239	249	52	123	208	8	214	235	
214	8	134	190	12	162	170	64	148	130	211	18	107	234	49	75	106	231	63	195	40	135	10	234	144	230	202	136	180	123	49	0	
103	155	151	142	40	195	1	232	142	221	208	237	230	198	168	70	220	229	110	81	9	75	138	96	152	48	239	186	152	42	49	93	
124	37	42	206	5	113	199	105	113	174	141	10	123	217	63	57	120	136	93	171	10	35	172	221	211	207	195	61	51	115	126	34	
66	129	132	149	12	136	40	8	174	176	82	2	236	194	72	66	114	45	42	208	2	208	203	209	12	48	203	196	4	34	33	0	
205	158	236	95	191	246	127	191	214	95	86	178	249	255	155	107	39	118	255	142	226	220	255	191	111	111	253	129	55	245	149	249	
118	187	151	170	89	133	2	192	175	153	177	109	70	194	104	214	232	229	110	82	79	139	138	224	152	148	15	94	72	6	34	31	
178	84	18	136	58	43	30	70	61	10	248	184	14	158	33	17	222	153	159	98	104	167	0	202	176	212	10	186	80	89	163	25	
205	188	236	95	174	246	191	187	254	222	87	178	249	255	219	107	39	126	253	143	179	220	191	43	111	111	255	129	167	245	21	249	
103	180	129	75	221	45	65	25	91	121	41	28	194	113	92	220	217	14	49	60	147	114	251	147	15	92	149	126	154	78	210	244	
120	151	249	105	190	121	21	175	90	61	56	56	167	52	200	176	147	26	164	16	18	56	227	19	172	197	52	255	244	72	197	43	
194	138	162	24	253	241	184	71	255	93	36	149	44	142	118	88	227	43	163	21	54	47	34	211	31	22	26	111	210	4	239	222	
42	223	99	140	119	146	47	103	29	5	92	231	40	161	180	196	114	170	147	76	66	154	36	255	54	124	154	130	55	140	244	253	
66	160	146	156	124	169	184	107	159	147	17	16	172	234	112	2	135	43	127	145	50	105	130	223	12	22	91	172	20	0	129	137	
114	176	52	209	251	165	184	71	153	89	210	63	12	156	14	8	237	187	247	17	146	219	192	229	23	58	26	210	133	12	167	211	
130	138	160	24	125	240	184	71	255	93	52	17	44	142	118	88	227	43	131	21	54	47	34	215	31	22	26	111	210	4	239	222	
57	105	39	110	69	87	111	96	229	72	237	2	115	118	49	52	120	168	22	239	72	147	56	189	177	207	193	1	35	51	118	238	
194	8	166	24	237	249	240	71	255	87	36	181	44	140	119	92	227	35	235	21	150	109	50	208	31	22	22	107	210	68	101	94	
61	65	239	173	66	95	111	72	37	224	103	138	95	36	59	62	62	229	115	239	153	176	117	136	133	233	68	0	245	191	64	244	
75	146	226	81	51	220	112	51	229	95	86	181	139	157	246	102	101	48	223	148	174	24	244	194	79	93	178	207	247	164	116	223	
86	68	166	180	132	34	236	111	189	147	211	18	77	234	56	75	127	197	61	177	184	215	129	192	152	226	223	196	165	112	177	0	
182	12	230	158	12	163	142	64	212	130	209	18	96	232	53	73	72	98	63	195	168	231	10	255	16	42	203	152	85	123	112	128	
87	68	230	148	132	50	236	79	213	211	211	147	73	236	254	107	127	205	63	181	188	247	164	192	154	106	223	196	165	124	177	84	
83	173	228	147	134	48	188	175	127	115	30	135	169	46	222	107	39	207	189	151	151	216	173	245	158	74	222	228	165	213	145	93	
33	201	97	74	117	197	195	230	70	73	252	0	50	84	180	36	88	42	22	206	203	170	112	189	37	28	160	200	91	154	112	252	
38	166	228	138	223	177	218	75	31	21	221	187	104	204	190	133	127	131	131	183	182	67	15	245	30	20	137	239	183	207	252	197	
98	33	116	204	100	35	216	79	75	160	242	26	174	10	52	8	234	133	55	129	128	255	65	221	16	58	218	144	85	8	115	9	
104	191	26	234	61	177	146	248	197	12	189	109	174	217	231	144	220	58	204	98	206	43	200	189	250	213	33	255	74	15	126	27	
50	16	118	233	100	129	216	19	109	121	242	179	46	28	20	120	238	159	183	149	218	184	65	192	22	120	152	130	71	140	112	77	
138	48	230	91	45	212	120	84	237	95	117	181	172	159	118	111	198	57	159	21	150	45	58	241	11	88	210	235	150	133	101	95	
47	167	36	9	125	55	200	89	87	121	157	223	200	104	158	173	93	130	214	191	191	98	79	213	14	90	129	236	223	206	248	148	
124	187	18	234	61	225	146	248	195	12	185	109	42	217	233	144	220	186	204	98	14	35	138	189	146	213	35	187	90	15	126	27	
130	178	102	91	33	252	184	23	189	95	55	181	170	156	118	91	231	57	191	21	134	124	178	209	15	88	218	131	86	4	85	95	
226	48	116	209	110	141	184	3	253	123	146	187	44	28	85	27	175	149	255	145	210	253	195	192	22	56	218	210	133	4	3	91	
158	170	196	152	79	113	218	202	31	87	148	179	8	237	222	142	123	216	239	247	62	103	143	243	26	86	193	255	247	237	62	213	
41	181	33	75	189	93	197	175	78	73	120	12	242	80	156	164	217	2	22	60	219	40	123	149	45	222	180	126	218	14	210	124	
66	48	230	26	109	253	176	7	191	95	53	189	172	156	118	90	135	57	255	17	150	109	186	208	15	16	90	235	214	4	117	95	
40	251	125	123	108	201	87	182	194	140	60	40	178	85	128	48	202	114	198	82	66	42	106	61	111	151	36	251	84	154	86	235	
2	40	180	157	252	161	184	67	158	57	16	24	140	174	80	10	135	63	127	17	178	107	131	213	12	22	90	250	148	0	163	129	
162	184	52	217	123	165	184	71	159	89	208	59	140	158	68	9	239	185	255	145	146	90	194	213	29	58	26	250	149	12	7	219	
34	148	114	154	251	241	184	73	159	21	109	179	104	222	110	228	251	27	147	145	22	26	62	247	30	22	154	107	159	14	173	214	
47	166	160	9	253	49	203	219	87	125	249	253	136	73	222	140	93	138	151	191	154	50	207	215	14	20	129	254	223	205	210	197	
79	184	238	127	175	214	255	188	247	205	86	161	249	253	159	107	23	127	253	222	240	208	191	169	79	255	119	137	166	246	85	115	
83	51	11	136	104	213	33	88	174	204	215	236	118	214	234	118	236	45	238	69	203	131	178	65	216	32	43	154	8	34	39	117	
77	249	175	94	106	212	185	248	174	221	198	172	252	214	186	114	86	124	251	93	193	203	191	64	75	43	111	152	6	166	39	121	
130	101	18	136	170	169	62	78	173	34	152	152	140	134	33	81	110	133	95	226	96	7	192	214	180	52	10	184	20	81	163	9	
78	158	228	127	175	214	127	188	215	222	87	167	105	253	159	107	55	119	181	130	178	208	239	189	111	255	245	131	183	245	212	251	
194	97	4	141	12	137	40	77	174	144	91	2	172	202	64	66	98	45	123	208	66	20	195	209	4	48	139	236	20	2	49	128	
99	19	11	136	56	213	129	88	142	204	213	172	246	198	234	114	204	37	238	101	139	3	243	81	144	48	171	190	24	11	41	117	
14	190	228	127	255	215	127	188	215	255	87	167	105	253	159	105	55	123	181	166	166	208	127	189	111	255	245	199	191	245	220	223	
246	221	114	162	182	35	158	231	25	99	185	187	142	62	62	49	255	219	159	119	248	15	8	238	184	94	222	250	213	95	179	213	
