Ê¥ÂÞÀ¼Ó¨ÁÁ²Ó½ð´½²Ê	#205 ³å¶¯	http://www.yslbeautycn.com/on/demandware.static/-/Sites-ysl-master-catalog/default/dw2f6aa1e5/Makeup_Pro_img/00028YSL/L4971800U_205_COLORIMG.jpg	//www.yslbeautycn.com/dw/image/v2/AARM_PRD/on/demandware.static/-/Sites-ysl-master-catalog/default/dw9d5a25ee/Makeup_Pro_img/00028YSL/L4971800U_205_01.jpg?sw=336&sh=444&sm=fit
6	132	2	137	20	163	170	202	22	1	91	2	72	74	56	64	121	9	19	177	18	176	9	223	44	4	139	196	148	75	48	128	
67	34	166	156	127	131	184	75	31	245	210	191	140	136	82	74	238	173	251	149	134	95	199	208	156	50	219	251	28	12	57	95	
56	133	106	236	84	18	239	119	69	0	254	2	113	41	176	97	120	174	23	232	248	187	37	141	114	237	162	128	103	138	240	168	
6	96	162	137	150	163	170	202	30	35	89	18	12	202	121	72	127	9	19	145	130	148	9	210	12	4	155	196	149	29	49	128	
38	96	160	131	86	35	170	200	94	227	81	147	136	140	125	40	127	9	19	151	162	182	77	210	12	12	159	164	213	93	51	196	
147	158	103	223	86	178	175	246	124	66	90	246	113	104	181	228	127	238	54	175	225	189	45	239	52	46	170	128	45	239	113	253	
34	249	34	154	95	193	190	230	142	68	80	139	172	220	54	1	234	59	147	195	66	58	18	253	53	16	142	107	85	28	53	218	
58	11	66	188	91	208	26	103	157	69	216	163	45	206	38	196	254	171	135	133	78	139	6	199	178	117	154	139	55	6	189	222	
87	98	3	136	58	151	234	72	173	64	155	199	140	142	191	212	254	137	95	175	205	135	132	220	144	52	138	188	13	7	43	84	
183	0	67	168	45	23	202	72	45	72	209	207	11	142	55	181	252	137	31	231	205	135	20	204	144	88	138	188	29	47	58	212	
130	32	226	147	68	1	168	72	30	243	81	147	12	142	124	8	127	9	19	149	130	212	140	194	20	12	155	164	133	12	49	208	
11	56	51	193	79	189	168	82	109	104	242	78	184	24	149	174	238	185	90	157	135	187	245	192	23	120	138	34	79	13	89	189	
120	113	122	72	122	71	249	93	173	12	180	170	26	23	36	52	110	144	207	168	72	35	96	204	119	153	34	191	83	136	230	163	
80	6	13	181	36	234	105	35	60	37	218	243	183	47	16	67	226	183	125	129	56	152	69	13	196	230	250	192	4	136	181	122	
56	73	74	238	87	195	66	112	5	4	100	131	51	201	51	128	88	184	131	227	76	162	92	189	115	193	128	9	119	187	124	138	
3	197	115	75	117	213	167	237	78	9	120	66	168	216	188	228	216	58	130	73	211	184	60	253	45	28	158	74	87	14	213	172	
6	166	160	155	117	227	184	74	30	45	89	179	140	204	126	8	221	11	131	149	18	152	74	215	13	20	155	239	148	77	21	211	
147	222	199	189	54	178	174	246	212	194	90	247	245	236	178	225	119	103	62	167	237	157	5	175	184	39	174	128	45	252	57	93	
33	157	122	72	116	15	111	113	97	0	124	76	115	113	176	48	94	162	18	110	249	186	116	63	119	141	32	0	125	186	66	184	
19	133	107	204	20	130	239	119	100	64	222	66	113	162	182	100	120	166	22	173	217	187	37	207	112	46	170	128	37	130	240	108	
16	63	58	254	91	196	49	119	188	12	108	37	44	223	35	80	166	59	195	0	66	11	146	111	243	229	26	11	64	0	39	219	
47	133	98	11	213	151	226	105	87	105	253	71	64	200	190	164	88	138	18	63	223	178	92	223	62	28	129	102	95	142	248	132	
134	32	130	145	20	131	168	64	22	131	83	18	0	138	104	72	121	40	19	144	34	182	1	194	8	6	154	196	149	24	48	128	
9	33	110	77	36	27	232	80	109	96	246	70	155	8	151	224	106	172	126	205	133	176	229	200	6	105	34	128	111	142	121	132	
122	99	107	201	42	19	233	89	37	228	247	227	137	143	214	212	126	157	207	180	200	131	229	204	214	225	170	181	39	134	62	245	
118	123	83	136	106	7	106	80	133	168	240	238	1	131	161	212	110	148	206	254	137	3	212	216	148	16	162	184	59	171	98	149	
51	78	234	172	86	131	239	79	86	198	248	135	97	200	55	0	122	232	19	245	204	179	4	190	112	15	143	1	117	254	112	204	
130	137	22	153	244	136	252	103	141	1	240	18	172	10	48	65	234	163	6	1	114	173	0	253	36	48	154	192	84	8	241	136	
98	50	6	153	123	131	184	66	63	53	240	173	140	142	70	88	238	157	235	149	2	95	195	213	149	48	154	251	0	4	39	219	
75	126	226	20	99	176	190	214	185	206	94	239	44	174	215	158	166	239	183	197	196	222	164	234	54	118	94	163	239	245	43	221	
67	32	166	205	92	128	232	72	198	144	195	2	240	200	116	102	88	44	59	221	2	195	199	221	13	56	139	72	20	170	112	164	
71	169	230	158	29	146	168	104	230	144	203	130	225	202	116	230	104	100	123	221	66	195	158	205	29	40	139	73	5	166	112	132	
219	94	166	190	11	212	31	244	133	78	215	167	105	254	171	197	126	241	189	199	237	135	62	169	243	99	202	155	63	127	61	95	
57	141	99	239	86	2	111	240	85	64	127	198	115	111	178	116	126	238	22	238	233	178	44	191	114	239	161	128	119	187	112	248	
2	132	32	155	215	241	184	206	30	85	89	179	140	158	110	72	255	27	147	145	22	28	42	247	13	22	154	231	149	13	165	214	
147	158	79	191	54	178	186	246	60	67	82	247	109	234	183	201	119	111	191	133	167	221	7	255	148	39	250	128	61	213	57	157	
123	35	104	137	124	27	233	81	109	228	215	207	131	9	147	198	110	172	127	253	140	179	229	200	214	105	170	192	47	142	122	212	
249	85	67	172	116	15	204	117	1	72	249	207	55	9	160	16	126	133	15	173	201	163	80	142	240	248	160	184	125	138	114	25	
6	32	162	131	68	34	170	75	86	163	81	18	0	138	120	8	121	8	19	145	130	182	128	194	20	4	154	132	133	74	113	128	
90	171	246	231	3	72	122	224	47	53	182	131	111	47	64	82	167	215	239	208	10	217	139	225	223	243	95	67	35	135	39	74	
135	7	6	156	157	183	180	111	221	6	211	23	236	232	54	73	248	33	170	37	180	163	22	223	48	54	219	27	221	124	185	134	
225	97	122	200	108	221	161	72	206	64	244	10	146	152	245	100	234	60	122	121	193	35	226	216	85	56	3	62	85	11	117	164	
210	72	246	253	38	144	124	55	249	2	82	130	47	47	52	115	230	183	61	193	232	156	37	235	178	250	222	130	39	244	177	13	
234	157	102	84	203	240	181	103	233	214	174	189	40	62	6	183	166	183	249	128	244	75	182	207	51	123	80	155	79	68	175	95	
121	169	145	100	61	92	82	141	227	249	170	8	179	153	64	178	128	246	124	88	31	43	202	33	187	249	165	123	98	42	218	10	
166	8	194	158	76	160	138	64	148	130	81	2	32	200	53	73	72	168	19	147	32	166	10	234	16	40	138	136	149	107	112	128	
90	203	230	167	3	66	120	230	175	53	210	131	77	175	118	90	235	199	239	213	88	217	137	224	155	243	222	199	167	4	165	78	
34	249	98	136	95	197	190	228	142	68	80	175	44	220	118	0	238	59	147	193	194	43	18	253	61	16	142	235	85	30	183	219	
43	77	110	141	118	147	234	118	84	65	94	230	105	104	182	228	122	110	178	237	133	184	21	255	38	47	162	129	127	142	120	156	
66	139	58	188	176	140	121	55	184	29	90	21	173	175	34	82	167	63	125	133	86	136	130	103	231	245	250	201	0	0	165	91	
3	151	32	139	245	191	176	107	94	109	89	151	140	136	54	64	217	11	147	21	150	184	84	215	44	20	154	231	221	14	153	214	
167	0	230	146	196	178	234	65	209	194	209	147	72	204	181	107	120	173	19	183	180	215	166	202	18	42	203	136	133	239	114	196	
33	79	104	77	100	15	239	121	68	36	124	206	51	65	183	32	94	168	2	238	201	178	100	29	118	9	161	32	117	187	82	232	
162	220	102	154	79	193	186	228	141	84	145	171	104	220	62	1	254	243	147	195	102	39	30	255	51	18	138	171	21	30	116	222	
27	141	106	221	118	144	237	119	125	64	94	130	57	47	182	100	110	174	23	141	209	184	36	207	118	109	186	128	39	132	241	236	
67	242	146	177	101	157	184	4	239	89	82	247	172	154	86	233	230	9	190	149	135	124	198	209	134	16	218	235	28	12	169	157	
106	35	98	136	106	19	184	89	173	36	213	231	141	142	182	212	110	141	223	165	132	3	199	208	150	113	170	249	22	142	45	213	
143	22	231	145	182	50	168	16	125	219	83	246	205	78	188	237	119	13	30	189	181	212	37	198	140	106	187	196	173	197	49	245	
242	97	114	232	46	10	92	127	13	32	250	138	15	142	52	80	126	157	95	160	200	171	197	214	178	252	154	184	117	136	227	25	
65	141	31	101	116	172	105	54	104	9	106	0	183	49	48	113	160	38	48	40	17	184	17	13	101	168	98	64	72	192	81	128	
130	136	18	155	116	169	168	2	62	25	83	16	172	202	48	72	227	41	19	17	50	188	2	247	4	54	26	192	144	9	33	137	
134	72	130	158	76	160	170	64	148	130	81	18	40	202	49	73	104	105	51	195	32	150	130	232	16	32	202	136	21	107	48	128	
189	77	111	111	6	18	238	248	68	226	246	199	81	109	179	225	126	228	55	238	237	177	45	44	114	235	229	128	127	251	120	209	
54	204	107	186	31	227	143	206	150	196	200	131	97	237	51	0	121	235	131	213	10	171	30	191	249	6	143	57	181	127	52	250	
210	223	198	156	162	162	46	247	189	142	90	247	108	163	163	215	103	103	189	142	112	221	3	239	178	102	254	130	62	244	161	121	
135	150	239	193	246	34	169	27	126	123	87	246	208	28	220	109	119	15	31	189	179	244	45	198	12	30	186	196	141	193	177	245	
97	32	164	205	76	132	233	72	206	16	65	2	240	216	61	102	88	44	58	93	2	32	207	145	69	56	131	92	84	171	112	160	
130	217	18	154	253	133	188	231	142	25	112	50	172	158	36	65	238	59	151	81	114	47	18	247	61	24	30	202	16	12	161	155	
219	216	102	254	32	148	124	182	253	90	86	163	173	255	182	101	230	115	189	207	228	141	38	255	163	251	218	138	54	212	33	95	
34	201	97	206	87	213	135	236	69	68	92	2	32	92	188	36	88	42	19	235	195	42	124	253	53	12	130	10	87	158	116	236	
221	95	103	142	46	18	207	176	84	194	218	230	121	108	177	231	118	244	60	239	237	161	45	174	176	98	239	128	61	255	52	117	
191	220	102	158	15	209	159	236	149	86	213	167	105	204	191	229	120	224	187	231	237	39	62	191	50	99	203	155	127	191	60	86	
66	97	120	109	15	145	176	72	206	164	139	11	109	218	68	2	146	53	249	225	70	1	151	29	71	233	9	63	53	35	21	130	
121	21	1	172	60	15	74	105	1	64	249	205	55	8	48	16	220	169	95	47	221	35	80	159	176	220	0	56	125	138	90	16	
40	233	104	106	92	205	194	252	71	4	108	9	51	201	49	144	88	170	2	110	78	58	90	61	103	205	128	57	115	155	94	136	
99	50	167	13	76	7	81	88	199	248	246	239	18	157	214	118	92	188	127	164	140	211	231	157	91	58	193	190	35	172	118	247	
135	54	235	81	230	114	173	219	122	251	23	246	144	13	223	45	63	78	23	159	179	244	173	194	76	14	191	228	141	241	211	245	
26	37	98	233	188	51	248	83	45	97	255	147	15	143	254	96	254	159	95	189	152	187	37	194	150	221	138	242	215	206	243	213	
216	207	5	173	10	3	77	63	20	162	130	226	213	35	129	195	119	84	124	170	105	220	69	31	224	163	239	148	60	248	33	40	
255	88	242	226	102	48	248	82	33	106	183	178	31	30	183	124	238	149	223	15	140	183	101	226	210	223	250	146	231	253	114	245	
65	97	1	172	76	205	201	109	198	224	137	8	183	148	80	50	72	160	122	109	205	3	247	29	181	24	139	56	20	138	83	232	
146	32	45	173	30	3	136	107	22	161	210	243	151	28	16	0	234	157	95	177	40	255	69	31	153	134	187	212	53	8	53	138	
131	16	134	217	47	153	184	65	111	121	210	246	172	152	214	238	238	133	254	149	151	249	231	193	150	56	218	195	77	12	185	157	
37	228	135	89	84	143	224	238	94	176	96	66	210	224	189	173	89	104	34	57	41	240	79	29	12	14	197	68	217	40	88	164	
132	236	210	218	222	224	239	236	154	23	105	146	101	227	41	136	51	106	2	186	115	86	30	127	44	134	223	108	157	123	169	128	
8	162	230	189	60	147	16	41	134	177	195	161	228	205	162	66	222	44	235	5	140	241	199	157	206	114	217	55	22	174	20	202	
214	223	157	191	147	100	7	175	190	31	75	87	100	98	12	219	177	195	44	131	119	76	25	119	169	166	255	134	185	115	133	11	
88	34	46	140	61	211	17	72	134	244	196	169	172	199	226	70	84	44	235	209	10	67	227	157	209	225	139	127	18	14	54	242	
97	105	3	172	108	5	73	92	132	224	192	205	151	134	177	86	78	172	94	108	137	3	214	24	148	184	170	56	60	154	50	216	
32	96	247	69	108	71	225	94	107	185	242	72	16	147	196	54	72	28	98	24	64	254	243	220	5	184	81	102	67	136	98	172	
146	48	39	141	15	87	176	75	143	249	210	127	10	156	100	239	236	157	255	145	143	247	147	209	19	112	27	191	25	12	61	215	
194	158	149	151	160	104	39	167	59	95	123	117	102	52	4	31	173	103	100	2	121	252	139	106	172	182	118	2	200	81	194	223	
121	1	106	237	22	26	202	120	101	224	247	131	91	77	183	112	126	164	31	239	140	179	37	140	210	233	163	128	119	175	112	112	
242	72	230	196	4	2	76	38	121	130	242	2	42	42	20	83	106	229	61	193	232	191	129	202	178	186	218	144	37	248	112	8	
127	20	242	227	231	60	250	82	41	203	191	191	27	62	215	188	255	153	151	159	157	182	33	194	215	221	186	194	231	239	114	245	
102	172	214	87	156	137	206	168	219	179	2	72	230	232	93	27	147	103	105	67	118	105	154	63	41	158	85	52	196	122	82	10	
33	33	21	121	5	143	97	3	103	21	106	0	147	129	21	108	200	172	34	28	74	184	115	17	133	248	144	0	80	136	80	172	
121	48	30	12	27	223	81	88	238	236	230	12	22	148	34	118	64	164	238	44	141	163	243	20	211	233	1	25	107	12	111	118	
6	143	132	159	157	232	166	167	254	55	75	82	228	234	61	203	177	103	42	131	117	88	14	127	44	38	223	105	152	115	153	140	
63	20	240	227	246	60	250	83	57	105	191	183	9	63	222	56	255	155	151	157	159	178	96	194	223	221	170	230	167	207	227	247	
0	173	47	229	100	200	165	55	172	136	90	225	183	165	144	32	8	58	7	72	81	184	32	45	229	160	160	128	64	200	213	184	
140	255	137	154	205	116	71	190	82	95	13	86	246	226	75	136	89	202	130	218	123	102	250	51	237	135	191	109	184	123	188	240	
71	136	150	159	158	130	168	168	218	179	66	0	228	234	61	207	211	103	122	21	54	201	142	253	140	54	95	86	148	32	41	132	
88	48	183	12	27	223	16	88	230	240	230	40	94	215	162	246	48	180	232	32	133	243	179	29	211	225	65	23	66	38	7	126	
57	120	104	105	116	143	90	88	87	96	245	15	51	9	51	16	92	168	23	110	143	178	92	29	210	205	33	48	127	155	90	144	
118	96	134	172	12	3	74	72	133	160	211	10	107	202	57	66	120	229	127	227	72	227	201	136	144	224	203	148	53	59	112	0	
194	156	148	158	11	224	22	162	158	22	194	161	236	246	33	67	193	115	251	194	98	77	219	255	161	178	219	27	16	117	37	26	
66	160	20	153	120	137	184	11	190	25	82	144	172	142	96	72	231	27	123	145	18	92	195	213	12	18	90	238	148	0	33	137	
148	222	13	155	150	230	135	239	28	126	158	118	84	98	171	73	185	195	140	163	127	93	57	127	184	6	255	198	153	91	181	127	
121	1	106	236	86	26	200	88	101	224	247	3	91	9	179	112	122	164	23	237	140	179	101	140	210	233	162	132	103	170	112	112	
221	93	151	247	133	110	103	54	233	226	2	4	222	51	1	127	161	102	120	94	105	221	177	42	225	186	85	18	138	113	1	58	
160	73	124	79	86	135	235	120	68	0	117	130	113	65	181	32	124	184	18	234	193	178	61	61	103	8	161	4	119	187	116	160	
56	172	64	110	81	215	74	232	17	40	245	10	115	67	56	145	120	168	132	238	106	50	88	31	243	205	161	57	115	175	106	138	
191	217	38	186	143	213	159	252	198	92	149	175	121	220	187	37	221	209	159	231	239	7	62	189	123	75	237	255	63	63	188	119	
3	127	226	20	243	176	190	214	41	204	94	231	40	174	247	132	174	235	151	197	134	154	132	234	54	60	158	131	239	244	43	221	
1	150	63	185	180	172	177	87	252	89	90	85	188	250	40	105	165	51	59	21	183	169	19	87	205	62	122	192	216	64	161	131	
191	149	108	227	246	58	127	119	85	115	127	182	91	45	158	97	127	155	151	189	190	188	109	151	238	207	178	196	103	205	240	241	
50	237	43	186	29	195	199	239	150	204	216	163	99	205	51	0	121	234	131	149	74	171	10	191	249	6	141	185	117	94	180	250	
89	221	151	191	3	204	53	183	236	67	74	0	252	179	32	99	162	119	57	65	97	201	19	105	225	227	94	2	168	80	161	59	
135	50	186	219	108	181	184	218	223	91	113	116	188	218	111	106	167	27	23	17	135	101	26	209	7	24	122	238	152	64	41	135	
134	120	144	155	75	197	176	200	30	25	81	18	140	222	105	8	237	25	147	209	2	84	26	241	5	16	26	238	144	1	33	147	
82	221	190	190	27	192	179	231	174	65	200	35	188	254	34	66	227	115	57	129	71	9	154	127	241	39	154	11	28	0	165	90	
215	31	103	151	182	50	111	115	116	194	91	246	113	108	177	103	119	230	60	239	237	213	37	238	180	42	239	128	45	245	48	125	
35	63	226	0	243	179	186	199	59	201	120	231	40	168	247	132	62	235	151	213	150	186	132	234	62	28	143	163	239	212	59	221	
41	131	103	73	85	223	234	127	85	97	122	194	107	40	180	164	92	170	2	236	157	186	117	191	39	94	128	64	127	142	240	236	
153	13	111	207	150	50	239	123	84	66	255	214	113	109	177	225	126	238	22	238	225	185	45	255	118	47	162	128	127	234	112	240	
134	112	160	147	79	193	176	200	30	119	65	187	140	222	109	8	217	25	147	147	2	86	218	242	13	20	155	111	148	31	23	210	
153	13	111	79	150	50	239	113	84	194	255	214	113	109	181	97	126	230	30	238	233	177	45	111	114	47	167	128	111	251	112	240	
3	4	166	156	205	147	180	239	222	7	194	23	204	232	54	73	216	97	170	37	52	171	23	220	176	50	222	91	157	124	185	206	
166	98	160	155	101	233	184	72	30	255	81	179	140	204	127	8	217	25	131	21	38	118	74	210	15	22	155	239	213	95	23	214	
87	30	199	183	182	50	108	51	189	210	219	231	125	102	144	203	55	231	125	175	245	217	5	236	180	34	255	128	172	228	177	85	
128	192	146	155	116	141	184	200	190	25	113	16	172	202	104	72	199	9	2	17	34	244	10	245	4	50	26	78	144	1	33	129	
162	224	224	154	205	209	150	204	31	117	149	187	104	204	127	140	217	203	211	215	110	102	238	241	63	16	157	255	215	31	222	222	
18	125	30	190	26	194	19	103	172	196	200	163	117	223	34	80	230	179	205	129	78	139	18	111	241	165	42	11	48	2	47	90	
166	98	160	147	245	61	186	200	91	191	81	159	140	204	127	8	217	73	131	23	134	118	206	242	14	20	159	239	213	95	223	199	
137	150	124	255	246	116	127	183	85	95	126	182	249	127	154	97	103	83	183	142	243	124	109	183	103	239	246	192	55	212	212	249	
3	199	34	139	95	146	170	111	13	69	216	199	168	200	182	196	254	171	155	197	198	155	85	255	52	52	138	202	31	14	185	220	
242	232	0	170	29	213	66	232	135	12	129	11	34	218	35	212	216	169	205	195	78	7	202	189	177	240	139	59	49	15	126	14	
122	51	98	168	111	13	120	113	37	40	176	239	15	31	32	80	238	149	223	229	92	139	81	196	215	241	162	251	63	140	182	147	
23	30	103	191	182	50	46	115	124	195	83	230	125	106	177	225	119	103	63	173	181	220	37	237	188	102	250	192	173	228	177	117	
166	98	224	147	229	49	186	200	91	255	81	159	200	204	127	8	217	73	131	215	134	118	238	242	14	30	159	239	213	95	215	199	
185	205	110	239	84	18	111	241	85	64	255	130	115	111	179	117	122	236	22	238	233	179	45	175	242	239	161	128	119	186	112	232	
141	150	108	243	246	191	249	191	85	127	31	182	217	61	222	41	63	26	151	189	179	252	109	247	110	207	191	196	175	205	213	241	
122	99	106	200	10	19	73	81	37	36	247	239	11	14	182	212	126	157	223	172	204	147	229	204	210	233	170	181	39	142	126	245	
166	226	160	147	229	241	186	200	31	127	81	179	140	204	127	8	217	91	147	215	166	118	110	242	15	22	159	239	149	95	149	215	
178	67	122	76	122	3	221	105	77	4	180	170	26	159	164	52	126	144	207	232	200	163	32	204	115	184	128	63	83	136	230	163	
63	64	66	172	69	23	74	104	5	130	224	139	75	203	63	145	216	169	151	231	76	135	84	140	147	249	138	25	55	183	122	196	
114	251	16	154	29	153	146	236	207	61	128	41	162	216	100	196	201	242	234	81	78	43	202	177	185	16	7	127	82	30	220	15	
9	33	119	73	100	27	232	80	109	96	242	70	155	8	148	228	106	140	126	173	133	176	229	192	22	232	162	128	111	136	97	132	
134	80	50	155	229	165	184	65	30	25	81	18	140	222	108	73	231	25	51	145	146	212	10	209	5	58	26	206	144	5	161	147	
167	226	224	18	237	25	190	200	91	254	21	159	104	204	95	15	157	201	243	215	230	118	238	240	30	24	205	191	199	125	95	199	
3	40	53	217	76	173	168	67	108	56	211	66	176	152	213	234	232	41	122	157	151	186	199	192	5	56	154	2	77	9	81	164	
143	182	120	115	246	255	255	159	95	127	29	247	221	125	223	169	23	91	151	189	183	124	109	247	111	223	61	230	255	213	221	247	
2	141	38	158	141	233	180	227	158	22	195	147	236	236	39	73	193	35	235	7	54	73	90	253	129	50	91	27	144	108	157	78	
247	105	34	174	29	209	194	104	205	32	129	10	38	216	53	165	216	168	27	99	76	39	90	189	177	208	137	59	49	63	94	6	
66	32	22	136	107	195	184	72	175	53	224	169	140	142	96	88	238	157	235	144	2	75	195	213	149	48	154	123	16	4	39	218	
3	114	38	129	111	153	184	69	175	85	210	167	172	138	70	74	238	137	255	149	134	27	195	209	148	16	154	163	12	12	41	223	
82	204	148	186	9	229	20	174	159	23	138	25	172	190	96	67	193	115	249	129	98	77	219	245	153	242	94	123	16	84	133	10	
2	48	52	153	109	141	184	66	142	25	80	48	172	158	96	72	198	57	255	145	130	24	66	209	5	16	218	234	16	12	1	155	
218	170	182	183	3	192	122	192	47	180	179	131	111	207	66	82	239	247	239	208	10	95	139	225	155	241	139	131	35	7	39	74	
50	43	235	188	214	131	239	103	84	198	218	131	33	236	54	64	120	235	147	197	236	191	4	239	113	38	158	9	53	190	244	234	
242	32	34	72	73	139	136	72	143	160	160	137	2	136	116	118	200	60	123	44	8	39	195	152	19	120	128	62	83	140	114	164	
53	64	107	236	86	2	107	112	69	192	247	198	83	77	187	96	126	172	23	238	201	179	37	140	82	169	162	128	47	171	112	112	
112	1	102	236	12	11	192	104	69	160	240	10	99	200	53	81	120	164	110	225	200	163	65	157	144	233	131	28	117	170	114	128	
218	138	230	182	11	128	120	192	175	180	147	135	109	203	127	82	231	231	255	213	14	87	139	245	159	241	139	131	39	7	45	206	
163	48	96	145	77	173	225	87	237	85	247	23	130	12	86	79	104	8	74	12	132	188	247	192	71	56	146	2	73	8	215	254	
54	37	114	224	182	35	250	83	109	33	251	154	143	15	53	8	126	141	95	177	152	179	5	198	146	220	138	252	231	207	242	129	
130	0	22	155	100	168	168	0	62	17	83	16	172	138	48	73	230	41	51	17	18	156	2	213	4	50	26	192	148	9	33	128	
232	93	55	228	101	78	119	112	237	168	98	72	94	181	33	119	176	116	111	106	97	185	49	140	117	186	64	18	66	58	68	35	
175	99	224	28	237	21	206	232	211	206	245	15	98	200	255	143	216	200	230	239	206	98	238	217	54	88	197	59	87	255	122	196	
118	32	194	172	12	11	72	73	21	160	210	10	67	202	33	88	120	164	127	160	8	167	193	138	144	228	139	148	53	40	112	0	
173	222	169	27	248	180	55	191	86	95	93	245	212	116	202	253	215	90	150	30	179	222	125	35	110	15	116	238	154	223	160	245	
5	186	141	159	205	197	167	248	222	223	112	102	224	226	111	143	121	106	162	210	115	74	58	113	12	6	255	46	153	32	103	253	
166	12	130	158	76	160	168	64	148	130	209	18	96	202	113	75	105	40	19	131	32	215	138	202	16	34	202	136	149	105	48	128	
248	205	106	238	20	19	78	249	85	128	253	10	123	201	184	112	120	232	31	234	232	163	44	191	242	237	165	152	119	186	114	8	
3	32	166	153	111	153	184	65	111	113	210	131	140	136	214	234	238	141	250	149	150	185	231	209	150	48	154	211	69	12	185	142	
182	212	118	218	79	213	158	236	143	88	177	35	104	220	60	33	255	209	147	227	234	39	58	247	59	26	143	255	21	31	245	215	
130	136	22	155	116	169	168	0	62	17	83	16	172	194	40	73	194	41	51	16	50	244	2	245	4	50	26	192	148	1	1	128	
166	104	194	154	76	129	170	192	150	130	81	18	64	200	121	9	120	104	19	211	0	246	138	224	16	0	203	168	21	59	112	128	
242	69	114	232	54	11	92	125	109	33	251	154	15	15	52	81	126	141	95	161	216	175	65	223	178	252	154	156	119	136	226	9	
214	92	166	158	43	244	26	208	153	90	213	55	108	254	63	123	230	243	189	199	170	199	186	235	147	122	202	155	55	119	37	95	
247	194	228	28	79	16	222	232	83	54	180	191	72	232	223	159	123	196	228	231	236	103	238	225	18	122	197	191	119	253	122	196	
246	235	8	138	61	145	66	233	135	44	140	40	226	208	78	180	216	192	204	114	78	11	202	191	187	148	141	127	18	14	126	14	
186	212	112	231	54	26	92	119	125	3	254	179	59	63	156	113	126	159	149	140	232	190	101	143	242	253	246	128	119	220	240	89	
179	69	90	236	18	19	78	73	1	128	232	138	3	138	39	148	126	169	6	230	76	163	84	142	178	204	0	56	117	186	106	140	
3	8	239	155	100	236	232	7	254	87	99	85	148	138	116	73	195	11	35	28	150	252	118	113	69	56	210	64	216	9	197	214	
255	95	172	119	171	118	23	181	145	254	159	53	106	124	143	255	197	246	253	227	253	197	107	174	251	123	253	147	171	247	156	87	
161	237	97	73	92	135	239	252	70	32	252	10	48	197	189	36	88	152	2	234	195	51	124	253	37	8	129	44	119	154	118	172	
141	222	175	83	240	180	183	246	116	95	95	245	112	117	175	237	215	122	147	30	243	220	45	55	110	95	116	194	202	215	181	253	
221	221	47	94	227	116	55	254	176	94	141	181	120	119	171	103	245	82	155	102	247	87	184	179	127	111	103	143	146	247	164	119	
25	13	67	191	150	162	111	242	116	66	90	198	121	230	177	224	119	238	22	175	161	153	45	255	176	47	170	128	189	247	49	249	
100	162	159	180	77	203	193	168	218	188	48	76	230	224	75	131	145	101	96	33	1	113	138	29	9	130	109	61	200	40	95	9	
50	237	235	188	86	131	239	111	86	198	216	131	97	204	54	0	120	234	3	133	74	187	4	191	112	6	142	41	117	126	244	234	
34	141	34	140	20	131	170	230	68	0	88	2	32	232	48	64	120	106	19	193	194	186	0	255	32	36	138	136	21	10	48	136	
66	178	213	92	27	194	0	40	171	148	224	68	228	235	76	86	144	61	104	64	2	65	219	93	9	178	65	63	56	34	39	10	
59	221	110	159	87	147	238	239	85	96	88	231	105	120	182	161	250	235	146	231	229	186	29	191	54	79	201	135	127	110	120	156	
2	18	165	145	86	170	168	7	62	33	83	241	148	16	20	233	78	63	59	145	147	248	197	69	5	54	250	192	141	8	145	185	
25	166	148	189	58	34	169	111	94	162	194	50	181	34	128	199	115	4	106	173	48	217	197	31	136	167	251	20	4	224	41	136	
157	159	175	31	147	254	183	183	246	95	95	119	240	116	171	237	125	122	170	38	245	252	63	63	111	103	119	195	251	127	189	247	
2	205	2	156	20	163	170	230	4	1	90	2	32	234	48	64	104	43	19	193	2	152	0	255	32	38	154	128	21	24	48	136	
86	78	174	164	10	2	31	48	164	134	142	167	109	111	35	75	118	245	237	231	72	193	131	108	243	231	239	129	36	243	45	82	
93	68	239	85	134	50	239	55	112	226	86	198	113	109	183	99	127	238	61	174	233	244	165	238	118	43	247	128	47	240	240	113	
35	189	104	9	221	183	178	75	70	65	252	71	128	200	246	164	89	42	146	157	151	58	95	215	46	28	131	127	223	142	248	148	
189	77	110	110	4	18	79	121	85	194	255	18	115	105	177	113	122	228	22	234	233	183	61	174	242	235	197	0	103	251	240	224	
48	207	42	174	84	131	199	127	214	140	216	231	99	201	50	0	120	234	7	229	206	187	12	63	240	5	175	129	117	26	244	203	
146	207	46	191	156	135	159	253	148	30	212	151	229	111	58	65	205	99	159	231	232	137	10	191	226	103	254	145	20	88	189	218	
22	78	142	190	136	6	30	120	132	142	206	135	109	107	51	75	246	225	173	231	108	197	19	236	242	227	238	145	56	119	45	82	
235	89	151	84	229	28	100	54	249	202	102	76	110	176	5	255	132	102	120	78	225	253	146	234	63	126	84	2	138	117	90	60	
29	13	106	239	148	179	239	123	84	64	223	2	121	225	179	228	124	238	23	174	185	177	45	191	242	239	163	128	183	251	112	224	
49	113	105	101	118	11	235	120	100	100	116	230	113	13	183	32	62	152	23	238	193	176	37	29	118	9	33	164	125	186	82	241	
134	185	176	154	239	245	158	201	143	121	25	63	204	222	110	11	205	27	183	211	210	67	186	241	61	16	207	255	144	79	165	215	
210	74	46	173	10	2	63	116	164	6	194	167	229	142	51	65	246	245	237	231	204	141	167	111	240	227	234	129	36	50	37	91	
217	5	111	255	150	50	239	119	116	194	247	214	121	111	178	225	127	230	62	238	249	245	45	238	114	235	230	128	103	248	240	112	
195	1	19	161	100	141	40	5	172	25	83	123	148	26	20	74	230	153	95	209	211	62	64	81	132	48	186	192	12	8	161	169	
166	245	100	136	207	85	150	234	139	119	156	155	10	252	126	3	217	219	211	241	94	99	250	209	59	80	205	255	87	124	222	214	
134	113	48	218	207	165	190	200	143	58	17	10	140	222	109	11	236	91	147	211	194	71	154	240	21	16	203	174	16	127	161	147	
114	0	2	136	72	1	232	65	172	36	193	147	129	2	52	80	104	129	75	141	88	3	85	192	148	16	138	120	21	8	177	128	
154	220	244	255	180	52	126	191	25	91	127	183	253	127	158	101	247	219	149	174	250	252	107	255	230	255	254	134	183	212	196	123	
51	135	46	168	30	150	139	111	140	4	218	135	165	204	58	65	252	139	159	229	254	139	101	157	176	97	170	217	21	14	189	204	
67	147	239	157	166	18	45	181	124	209	94	230	221	102	154	111	118	231	63	237	145	216	37	236	156	42	254	196	173	162	161	125	
122	237	100	12	93	91	214	238	75	116	188	143	10	44	87	135	201	196	227	101	110	107	247	159	63	80	197	63	119	125	94	222	
248	89	83	196	71	78	53	117	249	130	102	42	110	183	33	213	54	244	162	106	97	187	176	236	49	242	64	2	99	56	39	59	
102	121	180	198	207	85	158	252	137	250	153	43	76	252	127	43	220	211	215	227	216	99	250	224	51	16	207	191	215	127	182	215	
2	136	166	158	205	147	144	238	207	21	192	19	204	232	54	74	200	99	235	85	84	235	26	245	153	50	95	91	144	12	181	14	
190	133	112	227	182	51	126	247	125	115	255	147	79	47	156	113	127	159	23	175	248	190	109	247	250	223	254	198	119	204	240	81	
255	188	224	101	149	94	87	186	115	238	158	133	107	124	223	246	49	230	253	180	253	225	253	142	251	127	133	215	239	246	124	118	
67	40	10	137	108	169	232	67	236	49	83	18	132	136	116	202	232	41	90	157	22	184	69	192	20	8	138	96	12	8	249	132	
6	113	178	218	239	133	190	204	143	155	17	35	140	222	109	11	239	89	179	211	210	67	154	240	61	24	207	238	144	127	161	211	
161	200	106	90	84	207	227	244	84	72	116	2	50	217	55	36	88	232	19	74	106	190	48	63	115	13	32	1	115	153	112	234	
1	33	119	105	100	139	233	19	109	96	114	66	147	8	148	104	106	172	126	9	147	184	101	64	4	56	50	128	109	136	81	173	
50	96	2	137	75	201	184	68	173	53	226	139	140	142	102	88	234	153	235	209	10	19	195	208	149	16	154	123	17	14	39	202	
210	168	150	190	9	194	18	236	175	145	130	17	206	246	96	210	225	247	235	208	72	75	154	224	153	246	223	95	128	38	175	10	
210	170	150	182	27	192	120	192	175	180	171	131	110	206	103	82	233	255	235	145	10	71	139	227	155	240	139	27	1	6	39	66	
137	2	22	217	101	157	160	23	254	25	119	80	156	145	160	237	98	56	50	24	147	252	2	208	4	185	114	64	198	8	201	161	
15	254	124	115	179	255	159	191	31	255	20	189	221	125	223	45	151	91	149	55	183	120	61	191	111	223	125	231	222	213	141	255	
45	149	40	11	221	181	192	223	70	89	125	70	240	120	126	164	221	10	18	61	151	58	95	149	14	28	147	108	223	206	248	148	
98	250	17	154	57	137	130	136	142	120	145	237	230	208	228	196	196	97	238	83	199	47	202	117	24	52	43	250	88	15	1	31	
3	3	99	161	100	9	232	87	109	64	210	215	131	9	148	68	110	140	95	141	213	184	197	192	150	120	170	192	47	140	241	149	
34	105	66	129	109	137	184	69	173	20	240	139	140	138	86	91	234	137	219	197	70	55	194	192	150	16	154	107	21	12	187	206	
210	138	38	182	15	160	120	192	175	52	131	131	108	202	103	66	233	239	251	133	14	71	155	247	153	240	139	3	5	6	47	66	
130	48	190	153	109	237	184	66	143	89	80	19	188	158	100	75	238	57	179	17	2	92	146	209	5	16	90	235	144	8	37	219	
41	161	241	73	253	255	193	207	91	121	56	8	146	20	220	164	217	26	18	24	19	58	121	149	15	220	149	126	211	10	214	188	
210	137	166	158	77	130	178	234	175	21	194	131	76	238	34	194	233	231	235	213	12	207	154	224	153	114	222	91	144	14	53	74	
39	166	232	185	244	189	176	207	90	119	93	191	132	232	94	9	223	75	131	21	182	122	78	243	108	23	191	239	221	77	219	199	
39	175	236	27	253	183	242	239	95	125	124	31	96	200	126	0	217	75	19	21	150	106	94	247	78	31	189	239	221	13	216	207	
185	13	110	238	212	18	79	121	85	194	255	18	123	105	181	113	120	230	22	234	233	183	61	175	242	235	193	0	119	186	240	224	
122	67	98	232	82	19	216	81	37	32	247	235	11	11	180	244	126	157	223	169	204	163	69	204	242	233	170	189	119	140	238	132	
181	0	107	204	86	2	107	112	69	192	215	198	83	69	189	100	126	172	23	238	233	183	37	142	82	168	162	128	55	187	112	240	
90	169	148	184	137	229	20	175	175	63	136	25	174	178	96	90	129	243	233	0	26	75	194	181	153	247	94	123	144	80	143	10	
134	4	134	153	148	34	168	67	20	147	83	18	64	170	56	73	121	14	19	177	48	245	1	206	0	34	218	196	132	104	176	128	
178	197	115	232	150	11	76	111	117	35	251	90	15	11	60	80	122	143	31	160	120	191	65	207	178	252	146	20	119	218	242	0	
25	13	99	207	150	178	111	115	117	192	222	198	121	230	179	228	118	238	28	172	189	153	45	239	178	239	170	128	191	231	184	124	
190	13	114	227	182	35	250	211	125	163	251	146	15	47	61	56	127	143	23	177	184	190	5	230	186	221	142	196	231	205	240	133	
186	196	112	247	182	56	222	183	57	3	126	146	111	47	156	113	255	219	21	138	234	188	97	239	242	255	254	130	103	220	240	25	
126	253	224	70	159	86	222	185	1	236	156	175	74	124	95	54	253	215	253	243	221	99	248	238	123	125	141	255	111	119	254	119	
120	0	98	236	12	11	72	120	69	160	242	10	11	9	53	81	120	133	95	225	136	179	65	204	146	233	162	20	119	168	114	128	
255	159	174	126	171	116	31	191	179	206	222	189	106	252	159	255	213	247	253	167	253	85	251	170	251	127	237	151	142	244	156	87	
6	64	150	155	228	168	184	1	190	25	83	16	140	202	120	73	230	9	51	147	18	148	2	241	4	48	90	200	148	17	161	129	
120	32	66	172	4	11	72	73	53	160	243	10	11	138	32	88	120	172	127	160	8	183	193	136	144	229	130	148	37	168	112	0	
214	115	3	232	11	197	2	88	132	12	128	111	32	195	97	68	176	169	79	226	74	7	130	157	146	192	169	187	57	43	47	147	
134	72	22	155	100	169	184	0	190	25	81	16	140	202	105	73	226	9	51	82	2	212	10	241	4	16	90	200	144	1	33	129	
2	32	29	153	108	137	168	2	174	25	82	64	156	138	112	73	198	9	123	17	3	56	195	209	4	48	186	224	28	0	1	137	
35	32	14	145	68	169	169	71	44	49	99	18	128	1	84	205	104	12	99	29	3	252	209	64	4	40	218	0	73	9	217	168	
184	141	110	238	212	19	79	121	85	0	237	2	123	105	48	113	120	234	23	234	232	179	60	191	243	237	129	0	119	186	240	128	
15	254	254	115	243	247	191	191	59	255	52	189	221	127	223	189	151	95	213	55	183	216	60	238	111	223	125	231	206	245	143	255	
49	207	106	79	212	147	230	111	86	4	248	2	99	232	182	96	120	170	6	173	222	186	4	191	114	45	162	97	125	10	250	140	
38	1	194	136	196	35	236	203	45	130	248	2	8	170	117	72	122	137	23	177	16	179	2	192	20	12	207	140	213	121	115	128	
34	5	98	140	76	35	236	107	69	130	240	10	8	170	53	91	120	168	23	163	200	50	67	200	20	58	206	168	21	120	114	136	
66	50	143	140	13	213	129	73	206	253	210	76	128	194	230	138	216	37	106	144	5	71	227	84	4	32	235	189	24	40	13	244	
56	32	114	224	86	3	72	89	117	161	246	10	27	11	52	88	126	141	23	184	136	179	1	204	210	201	161	196	103	136	98	128	
73	50	159	140	78	223	161	56	234	220	117	108	244	212	194	130	180	44	230	97	131	97	178	93	76	33	97	172	72	40	7	113	
34	72	114	192	109	201	248	64	173	20	176	171	140	159	101	90	238	177	207	211	2	35	66	192	23	208	138	43	87	15	101	139	
120	48	93	173	91	83	129	8	6	228	231	142	61	3	2	216	82	173	232	128	1	223	117	29	84	163	122	17	59	0	15	120	
175	222	124	123	179	247	223	182	93	95	95	181	249	109	159	173	23	83	213	15	247	204	109	175	106	255	124	193	239	215	223	253	
95	146	255	124	59	86	25	120	147	252	149	229	121	255	190	247	214	117	181	165	141	67	186	157	91	251	233	175	62	164	44	247	
34	141	2	140	20	131	170	230	6	1	88	2	32	168	48	64	72	42	19	193	2	170	0	253	32	36	138	136	21	24	48	136	
29	13	98	207	148	179	111	127	85	64	223	2	121	233	176	228	120	234	31	172	153	185	44	191	250	239	167	192	183	254	240	224	
135	4	231	133	198	102	173	91	124	243	91	214	208	38	157	109	119	14	18	189	177	212	53	194	12	46	250	132	141	225	177	244	
194	187	148	186	169	137	148	199	143	29	144	121	174	248	96	138	129	51	239	17	22	79	202	243	152	82	94	251	144	28	157	15	
242	140	134	186	29	161	144	202	159	150	203	19	110	200	109	194	233	227	235	145	110	111	154	243	153	114	139	91	16	12	57	142	
19	191	106	140	210	144	188	103	44	69	88	167	45	142	182	0	110	43	147	133	214	154	36	205	62	101	190	139	13	4	189	221	
38	41	194	138	84	129	234	72	133	128	248	10	72	200	117	64	120	232	23	211	26	179	2	200	56	12	143	168	213	58	114	128	
50	1	194	140	76	3	232	72	5	128	248	2	8	202	117	64	120	168	23	241	72	179	194	200	20	12	143	140	213	42	114	136	
2	182	122	153	114	241	177	67	254	79	88	183	172	188	38	8	167	59	131	145	150	188	38	215	78	23	58	203	213	68	175	223	
48	1	194	140	76	3	232	107	5	160	240	10	0	170	53	90	120	140	55	161	8	59	195	200	20	40	218	40	85	40	114	136	
9	216	146	251	37	140	169	148	190	25	87	112	189	211	232	236	70	56	190	88	131	156	18	241	196	241	58	200	154	133	41	169	
114	58	11	136	73	71	65	67	164	76	209	79	0	134	34	80	200	129	206	161	25	11	112	68	145	32	170	251	24	8	180	114	
48	0	70	225	84	11	200	83	37	161	242	10	11	11	20	25	122	141	78	176	8	187	65	204	146	202	146	84	103	136	98	136	
134	140	4	147	132	34	174	167	60	19	90	18	232	42	24	73	115	71	51	147	48	220	73	238	44	38	222	192	132	80	177	8	
247	157	240	196	189	22	222	251	219	234	188	43	110	125	191	54	223	247	245	231	252	35	168	238	187	126	141	158	199	254	242	95	
104	51	46	141	125	221	177	90	142	220	214	45	188	212	226	102	196	52	255	69	131	3	243	149	87	97	171	187	26	12	20	123	
15	157	245	255	166	31	126	190	27	123	84	243	253	127	156	109	183	219	181	199	242	120	43	255	238	255	255	230	183	253	129	123	
230	93	176	206	252	5	190	236	137	154	185	42	236	254	125	2	207	115	95	243	208	3	138	234	58	24	207	190	148	127	163	129	
127	182	226	100	55	86	91	59	115	238	150	175	106	125	151	116	253	252	149	53	173	203	245	143	251	127	165	215	231	164	126	127	
182	197	81	243	244	171	110	231	61	51	170	18	135	43	28	81	255	195	27	179	120	190	89	246	188	158	158	68	165	217	224	0	
56	32	66	172	68	3	72	89	33	161	243	10	11	11	32	88	120	140	31	160	8	179	65	200	146	233	128	20	39	168	114	0	
39	190	168	161	244	191	202	210	94	109	88	95	128	8	86	8	221	139	23	21	158	56	84	146	12	29	185	244	221	77	218	197	
1	32	159	177	100	137	168	3	46	57	66	80	149	131	224	72	130	13	42	24	3	220	3	81	4	176	122	64	152	128	1	169	
255	190	98	116	183	150	94	248	81	234	156	175	106	124	159	52	159	247	213	167	252	195	236	206	251	95	141	214	167	228	118	87	
218	145	87	158	242	192	61	109	181	4	81	178	109	247	168	213	102	179	135	224	113	139	38	253	176	240	202	203	54	132	165	121	
15	186	252	119	123	215	185	185	31	253	22	173	253	253	223	41	151	121	247	21	135	248	47	189	79	223	125	231	214	164	5	255	
181	4	99	204	84	34	235	112	85	194	247	194	83	77	189	101	126	172	22	238	169	183	37	142	82	232	163	128	119	235	112	244	
120	0	66	233	4	10	72	80	5	32	242	10	11	11	49	89	104	140	23	160	8	179	65	140	210	233	162	144	119	136	114	128	
114	97	34	160	15	65	120	65	173	12	176	11	14	142	102	80	232	137	207	195	78	11	128	192	177	80	138	187	17	14	182	70	
0	156	59	250	51	228	49	82	190	73	79	16	188	215	32	104	167	59	19	16	179	156	50	119	201	175	58	66	144	1	37	179	
45	177	49	65	245	255	160	207	78	249	57	90	144	24	220	164	153	10	18	25	151	56	125	148	47	28	5	118	219	10	217	134	
218	36	2	180	155	160	124	71	191	2	162	19	46	203	101	219	233	191	235	161	58	71	146	223	179	244	139	27	35	85	175	130	
98	114	18	136	75	197	16	72	173	13	208	41	140	150	96	80	236	157	239	208	2	3	210	208	145	48	138	251	16	6	39	19	
73	50	29	13	122	221	179	88	142	236	222	228	244	212	163	98	84	52	238	109	135	1	231	29	84	33	35	184	88	47	5	241	
166	106	232	145	236	73	141	198	18	246	144	187	131	140	215	11	75	204	183	213	14	118	198	144	92	0	255	189	245	253	86	216	
128	152	27	249	48	172	57	22	252	9	114	112	189	151	32	104	167	59	23	24	179	156	16	119	197	191	50	192	152	128	161	169	
184	141	110	254	149	243	71	231	213	6	239	18	123	249	60	113	121	226	19	234	120	187	56	191	243	239	133	1	115	120	244	170	
127	146	242	84	241	84	89	187	27	223	86	173	108	253	223	124	151	95	181	5	183	90	190	203	91	127	125	255	142	164	22	119	
203	25	87	92	83	148	180	117	249	0	110	78	108	246	36	245	182	187	162	106	97	187	50	237	51	250	66	10	75	36	235	191	
114	189	100	140	95	95	148	239	11	246	156	139	8	188	119	2	201	247	243	129	236	59	243	223	59	86	221	191	87	92	86	222	
107	15	118	22	117	157	246	39	233	140	126	44	170	232	182	183	138	98	230	4	228	184	166	253	38	126	80	187	71	204	202	205	
25	141	110	253	150	18	111	189	117	194	230	130	89	111	190	107	126	230	49	174	249	248	61	172	119	235	214	0	103	254	240	104	
147	201	46	169	28	151	174	101	68	68	214	135	243	8	50	65	216	167	63	231	252	157	85	159	224	99	234	209	28	14	185	90	
34	253	36	128	223	85	148	239	139	254	152	15	12	188	102	3	205	145	211	177	246	107	178	214	59	22	221	255	215	124	150	223	
189	76	110	126	197	86	79	239	85	130	238	2	123	105	53	113	121	230	51	234	104	247	61	175	243	235	197	1	119	248	240	162	
83	217	239	199	162	26	111	181	238	193	86	230	249	102	146	102	54	229	125	205	209	153	173	225	124	45	175	128	44	162	161	125	
168	255	90	97	114	138	122	245	112	12	124	239	127	67	160	16	54	190	134	104	240	154	4	127	126	175	36	193	109	130	142	153	
232	114	31	9	75	119	161	80	100	108	247	126	28	150	130	223	96	12	234	128	1	183	247	80	85	33	48	129	107	5	47	243	
169	169	119	89	247	219	226	71	127	105	122	98	40	152	180	164	186	42	130	88	243	184	37	253	47	88	33	194	87	140	214	173	
90	74	35	172	2	66	95	117	53	6	202	163	109	199	51	80	118	253	61	231	72	159	165	107	241	166	170	137	38	182	52	106	
16	205	10	172	20	163	170	230	132	0	218	2	49	170	33	64	104	43	23	192	10	137	0	189	224	229	186	128	53	24	48	136	
134	189	180	154	237	165	190	202	143	59	24	49	204	254	108	11	135	123	183	83	146	67	138	243	61	16	15	238	144	93	161	147	
179	157	12	189	28	135	158	175	214	124	222	7	241	104	50	65	216	99	59	101	252	169	95	189	234	75	235	213	93	44	216	202	
83	251	193	4	50	27	74	220	43	224	146	239	95	134	214	180	54	237	92	255	207	17	173	110	186	236	45	188	108	182	139	93	
90	78	243	238	74	64	95	60	161	142	206	163	109	231	161	86	118	245	173	226	72	3	162	234	241	166	175	137	34	242	36	105	
227	75	150	86	229	156	116	55	249	203	102	92	42	168	150	255	164	102	226	12	244	249	178	225	54	58	84	11	202	84	219	13	
95	75	138	174	136	38	94	200	32	194	206	135	77	234	51	90	244	229	189	231	76	131	147	40	242	231	238	137	168	119	56	82	
49	143	74	201	212	179	234	247	86	9	252	70	49	232	182	224	121	170	6	136	159	186	4	255	62	45	162	193	125	138	248	140	
242	148	228	4	203	82	148	111	131	246	172	159	72	60	86	19	233	247	249	161	108	111	243	218	27	118	221	191	119	108	118	94	
150	253	241	243	246	178	254	191	59	211	56	243	205	127	213	41	191	251	149	183	178	248	12	238	238	223	223	230	167	245	227	223	
13	187	175	95	40	214	25	56	198	220	87	228	253	213	219	230	22	124	253	76	195	192	255	9	78	107	97	136	14	166	5	113	
1	32	159	185	104	137	168	1	174	17	83	64	148	130	224	75	162	41	106	24	3	244	130	81	4	48	122	72	12	0	33	160	
181	4	107	205	68	34	205	89	85	194	247	82	83	41	189	109	122	140	23	174	185	182	37	142	82	175	224	132	103	248	112	224	
202	137	81	220	107	208	14	239	19	64	196	226	40	247	164	244	87	251	183	194	91	10	234	255	55	118	154	235	22	132	172	45	
211	251	99	38	18	150	79	244	57	224	194	206	123	198	150	116	54	237	92	239	239	151	189	110	176	232	143	32	45	182	35	124	
134	181	182	144	237	165	188	207	142	154	24	33	172	254	97	11	135	59	151	49	242	73	138	210	45	20	31	238	144	124	161	155	
34	181	182	144	255	85	148	111	139	251	152	63	44	190	102	2	173	59	215	145	240	75	178	222	61	22	159	255	129	76	167	223	
106	203	193	222	235	80	78	175	55	7	238	224	104	231	172	246	87	210	167	202	83	10	235	247	55	118	214	139	18	246	164	60	
16	222	118	79	118	139	167	244	109	12	126	230	104	97	164	36	62	116	6	106	192	176	37	253	36	62	98	130	87	154	101	173	
234	157	83	220	91	208	28	111	151	64	236	162	40	247	164	245	122	187	178	224	115	11	50	253	51	114	202	203	27	132	174	189	
211	253	67	142	18	146	111	252	61	64	206	198	125	198	146	116	118	237	24	238	233	153	189	239	176	104	142	0	47	134	33	124	
162	188	32	156	95	215	156	103	155	255	152	63	44	188	38	2	205	183	215	129	232	107	240	255	63	22	158	187	21	12	182	223	
250	87	11	138	201	119	7	86	4	76	189	127	28	22	162	244	204	177	206	227	217	143	112	198	177	1	170	219	26	31	166	247	
114	36	22	240	201	161	84	71	191	147	162	25	46	251	96	217	233	191	235	128	62	99	130	221	147	210	87	59	227	84	170	2	
195	220	237	23	162	122	173	183	126	115	94	244	245	54	150	111	39	71	59	143	241	220	255	99	108	42	254	132	140	244	145	125	
13	201	16	251	101	248	109	148	236	87	68	0	173	194	235	236	66	42	130	78	71	20	38	177	134	217	178	65	18	220	137	236	
236	95	10	130	197	248	167	196	172	79	157	31	140	2	43	200	104	226	206	83	85	39	112	226	245	1	174	217	137	95	253	243	
75	51	46	137	111	253	49	83	132	108	215	37	188	157	162	228	196	60	255	5	135	155	243	144	87	113	56	187	26	13	28	255	
114	115	18	136	43	197	176	73	173	44	176	45	140	150	96	80	236	157	223	112	64	3	194	208	145	176	10	187	16	6	39	219	
230	140	240	238	252	0	222	233	217	138	184	10	236	234	125	2	223	243	95	163	240	35	136	238	58	30	143	254	213	254	35	129	
59	112	102	109	53	87	88	63	119	233	86	175	123	28	150	117	212	188	181	165	141	218	101	157	211	251	241	135	39	132	118	95	
137	75	0	187	101	249	109	150	164	86	126	134	189	130	171	238	106	42	138	206	67	176	118	225	100	193	50	1	58	223	169	232	
242	174	150	190	153	160	0	75	191	154	129	125	238	210	96	219	201	243	238	16	46	79	138	243	152	242	95	123	24	69	47	15	
114	36	18	184	137	160	84	71	191	147	160	27	46	235	96	217	233	255	235	129	62	67	130	219	147	246	223	27	129	84	170	130	
60	86	86	252	108	35	84	81	149	138	121	229	71	235	161	217	220	184	134	34	141	179	64	136	66	247	96	139	123	254	104	147	
140	75	18	219	207	217	183	196	236	84	125	134	173	200	107	206	106	106	202	218	86	32	126	225	102	209	6	41	214	95	173	214	
242	14	7	190	141	165	128	75	159	26	193	91	230	200	97	207	201	171	107	17	46	103	138	211	145	54	155	27	24	72	57	142	
3	178	247	117	59	215	152	59	159	249	86	229	253	223	214	36	150	61	245	21	134	216	35	221	75	219	121	198	70	164	5	223	
161	94	27	128	198	110	167	86	124	79	218	118	148	2	163	200	104	130	14	163	161	191	101	98	180	4	186	144	8	88	165	121	
144	77	14	188	28	131	142	231	148	0	216	2	51	136	49	65	72	34	31	193	104	169	2	189	160	225	170	128	52	24	48	136	
11	58	62	43	11	253	177	86	101	125	87	165	42	156	134	172	172	61	255	69	135	184	119	177	71	113	48	163	123	15	12	255	
207	251	105	75	58	145	107	152	238	64	149	238	249	214	219	114	22	80	127	255	195	5	255	95	110	9	171	252	63	131	19	121	
178	87	34	160	229	69	86	101	9	108	184	47	14	30	38	16	236	145	207	227	92	175	0	198	179	208	138	187	81	30	246	211	
123	176	102	116	55	23	88	122	83	232	246	175	107	124	150	53	158	189	181	165	172	218	101	221	219	255	249	150	39	164	114	95	
160	105	66	142	84	129	202	196	21	0	248	10	32	200	53	0	88	234	6	211	74	170	8	255	48	12	134	40	85	27	114	136	
182	105	66	206	84	129	202	224	129	128	241	10	96	200	53	16	88	232	23	211	74	171	10	239	50	12	130	168	117	171	114	136	
56	0	66	225	4	2	104	80	37	33	242	2	11	11	52	88	106	141	23	144	8	183	1	192	146	233	130	196	103	136	114	128	
137	146	159	249	48	175	40	18	126	25	82	112	188	19	128	232	167	29	38	28	51	220	1	85	196	191	50	192	152	128	41	169	
22	136	245	255	54	139	248	168	27	179	112	227	237	127	29	75	183	253	53	133	162	120	27	221	140	254	223	102	181	168	65	41	
50	0	102	225	68	11	232	80	109	33	243	10	11	11	20	88	106	133	95	144	136	186	65	192	150	248	146	208	103	136	114	136	
215	233	233	67	22	30	235	184	98	224	134	142	81	204	215	38	62	196	121	255	201	21	189	106	249	13	143	116	45	163	83	124	
141	194	18	251	165	152	121	149	238	85	70	48	141	195	234	237	66	10	134	94	66	148	38	241	198	217	114	73	50	156	137	237	
189	255	67	34	82	139	78	252	49	224	96	207	123	78	211	145	62	237	21	255	237	214	28	62	248	201	173	228	45	182	10	216	
56	141	46	254	221	247	87	231	213	29	239	2	98	249	32	65	216	242	162	8	24	171	26	189	123	239	213	89	243	106	244	170	
6	140	132	151	148	138	174	166	62	19	82	18	236	106	8	75	99	71	51	130	50	216	73	229	44	38	223	196	132	121	177	8	
114	1	98	204	76	3	232	72	65	32	242	10	10	8	52	80	104	132	55	160	152	187	65	196	22	168	130	220	117	136	112	136	
179	95	103	28	86	146	174	246	221	64	212	231	41	142	183	229	110	233	150	207	229	143	38	255	50	104	202	138	63	149	121	221	
147	219	102	156	22	144	190	228	220	68	212	231	41	140	182	165	110	43	151	205	231	143	38	255	34	105	190	128	29	20	249	221	
99	144	245	252	118	22	216	57	27	217	80	235	237	255	220	127	151	189	53	181	150	122	166	201	75	126	223	238	135	164	85	87	
66	113	22	140	104	133	56	73	174	216	208	173	140	222	98	66	198	61	251	85	2	67	130	209	4	48	11	254	16	6	39	211	
143	205	108	115	183	178	127	183	85	87	94	145	249	125	158	37	23	90	149	254	242	220	125	191	110	223	117	193	167	215	217	217	
54	1	98	204	92	129	202	105	195	128	241	10	98	200	60	0	120	168	23	225	200	35	130	217	18	44	131	184	117	42	114	128	
9	32	159	185	96	136	168	2	110	17	66	64	149	131	192	203	34	41	42	28	3	216	195	80	132	161	122	72	148	128	41	160	
114	180	164	148	75	116	148	99	139	255	153	63	40	60	70	2	237	183	243	129	60	91	243	195	31	54	219	187	199	108	183	223	
59	17	102	77	35	55	88	26	71	232	214	175	11	28	150	120	134	189	181	197	140	222	101	220	147	251	216	146	119	133	80	95	
35	157	80	88	91	181	184	103	223	17	108	6	40	186	38	245	239	171	178	128	22	10	118	255	62	62	26	107	27	4	171	143	
146	76	102	254	12	146	174	230	196	66	210	131	41	140	53	97	108	225	63	199	232	173	38	237	144	107	218	128	21	61	113	76	
34	188	36	147	223	205	176	231	155	87	216	187	168	188	78	0	205	187	211	129	54	250	210	247	47	22	158	235	69	12	151	223	
17	27	126	79	54	11	175	112	108	68	254	198	113	97	183	68	62	100	42	238	129	177	53	109	102	46	34	0	111	187	105	185	
144	76	14	188	12	130	110	246	132	2	210	2	113	138	49	65	104	225	63	195	104	143	2	239	240	227	250	136	53	56	48	8	
34	180	180	151	219	229	176	103	155	251	217	59	44	190	68	2	237	191	243	145	178	90	210	199	61	22	158	235	129	76	167	219	
67	157	80	88	219	177	48	239	91	81	108	38	40	186	102	244	231	187	178	144	55	26	214	247	62	60	150	111	155	4	169	158	
19	205	99	174	83	86	111	224	53	64	74	130	123	102	51	117	118	237	16	239	109	146	60	253	177	232	138	0	45	167	34	252	
34	188	48	159	95	197	184	103	159	107	216	59	44	190	100	0	237	59	215	129	178	95	210	247	61	22	158	251	17	12	151	219	
83	205	43	206	21	214	203	236	84	0	206	2	113	215	54	100	120	236	27	255	104	139	60	255	249	44	143	73	51	10	116	110	
239	95	59	202	233	85	31	84	12	78	157	252	156	23	162	245	206	50	223	94	241	15	112	230	243	117	58	218	154	223	183	253	
203	115	115	105	43	183	186	94	141	96	219	241	156	159	180	224	198	53	255	71	148	141	199	144	71	121	24	154	22	151	161	55	
67	157	212	88	203	180	180	167	255	17	238	54	8	186	102	252	227	151	178	144	55	90	118	247	62	62	86	79	155	68	168	14	
118	171	150	186	201	137	0	228	175	57	178	75	70	234	100	219	232	237	110	208	30	235	138	224	153	146	223	123	201	18	43	14	
141	220	237	87	247	242	191	182	118	223	86	146	249	127	155	107	39	118	181	142	225	220	191	171	111	111	253	129	167	245	149	249	
141	149	100	57	197	252	125	147	229	94	126	149	169	199	235	230	97	42	142	140	199	16	118	129	103	217	34	137	186	220	108	255	
60	223	42	154	167	221	183	240	100	78	157	47	190	84	171	229	236	242	159	83	247	35	120	226	247	69	38	219	154	95	189	247	
141	156	236	95	186	242	63	190	214	214	78	176	249	245	155	99	7	114	187	15	226	220	255	63	111	111	125	129	150	244	133	121	
3	97	119	237	42	167	216	14	143	177	83	225	157	159	212	32	134	29	119	197	134	152	131	213	2	248	24	234	68	129	1	143	
141	30	98	49	197	252	117	151	228	94	94	151	187	133	235	239	98	42	142	156	247	60	116	130	103	217	38	129	186	220	109	255	
140	206	236	119	247	242	127	183	87	95	94	146	249	109	154	99	55	118	181	142	240	220	61	191	111	239	245	193	167	244	212	123	
66	22	143	158	204	229	165	207	158	95	211	126	228	226	32	75	249	111	106	3	51	227	139	115	176	38	255	154	152	89	177	145	
137	214	143	31	248	247	165	255	222	255	223	244	244	244	170	97	85	110	234	13	163	197	127	63	108	39	123	152	24	105	173	249	
141	158	40	145	129	216	117	211	228	94	30	180	153	39	202	230	109	2	206	12	247	28	244	130	103	69	166	193	170	252	189	245	
51	76	102	220	14	178	170	242	196	66	222	135	41	204	183	109	110	97	183	239	237	167	38	237	18	106	202	128	23	253	121	252	
130	165	146	152	236	169	188	79	158	155	24	16	172	234	96	10	135	27	51	17	114	72	138	210	12	22	31	238	148	72	161	137	
55	12	103	158	78	178	239	112	197	194	221	198	104	236	183	239	110	224	179	239	165	167	46	236	18	42	202	128	63	255	120	244	
98	180	226	151	223	232	176	39	187	87	73	191	168	188	78	10	205	191	243	145	54	122	210	227	15	54	218	235	197	76	150	214	
63	4	231	205	198	50	237	81	197	194	223	214	88	100	191	239	126	164	50	174	181	179	36	200	18	46	235	132	175	239	120	244	
194	113	18	136	58	129	30	76	173	8	184	169	140	158	96	16	206	153	223	98	64	7	128	210	176	176	10	186	16	18	35	19	
98	164	240	220	124	2	216	235	91	160	176	10	238	106	52	1	223	245	23	177	160	107	128	223	184	30	207	254	213	40	51	9	
2	128	213	253	118	139	232	42	27	177	98	130	237	203	52	68	178	189	49	141	2	248	3	221	140	186	219	68	20	160	65	40	
182	76	98	222	92	129	202	112	81	0	241	10	99	200	181	49	88	232	23	195	234	39	14	191	50	104	129	184	119	171	114	132	
176	65	66	161	68	34	104	86	37	33	250	18	11	11	36	88	106	133	78	208	8	183	65	192	146	232	130	84	103	155	242	128	
180	68	98	236	92	131	194	88	209	128	253	10	67	201	61	16	88	168	23	168	168	39	4	158	18	236	129	60	119	171	114	128	
188	69	104	227	246	58	255	247	117	35	254	18	27	41	145	105	127	198	23	186	248	184	37	226	118	239	246	196	231	220	240	168	
251	109	35	38	85	214	79	228	113	226	192	10	115	220	49	181	120	236	16	239	105	215	188	172	177	233	141	40	39	54	114	108	
6	136	132	151	4	138	40	168	62	145	82	2	236	234	72	75	115	109	59	208	2	216	203	241	12	50	223	196	132	32	49	8	
176	68	98	224	68	35	192	83	69	32	255	26	11	9	52	80	120	132	31	168	136	183	69	194	146	232	128	20	103	137	242	0	
160	204	98	222	84	129	202	224	85	0	112	10	32	200	53	1	72	232	23	195	234	174	12	255	50	8	130	40	117	153	114	136	
220	169	228	243	31	220	242	136	231	52	135	2	105	219	93	66	104	241	251	211	10	97	171	241	95	201	139	111	35	6	116	10	
210	90	223	220	98	192	61	54	169	202	86	230	61	183	161	255	38	245	189	194	97	157	162	235	242	227	126	130	36	176	165	121	
54	137	196	247	87	128	232	192	75	177	99	2	99	107	92	66	105	239	33	209	26	250	219	225	157	162	207	69	229	42	112	138	
237	138	73	65	204	63	74	152	83	250	52	92	17	36	213	189	221	204	50	126	189	86	237	18	15	219	225	252	155	169	90	164	
40	201	35	250	125	211	67	230	199	12	216	40	50	216	176	112	200	186	22	75	74	170	106	189	251	253	164	235	18	10	116	234	
222	28	238	182	210	162	123	82	176	210	215	183	93	239	51	75	102	253	61	247	176	199	140	234	210	107	235	136	165	229	33	81	
162	76	102	222	76	129	170	226	212	2	240	2	32	200	53	65	72	232	19	195	226	175	10	255	16	10	194	136	85	27	112	136	
96	159	120	90	186	137	151	183	222	13	188	40	166	241	134	64	135	122	236	80	26	40	202	63	234	181	52	251	84	136	205	43	
151	12	230	158	12	176	174	64	212	194	223	147	105	236	183	107	110	225	63	207	172	167	46	234	18	110	202	136	149	255	113	212	
95	54	238	178	226	50	60	81	177	247	151	183	93	238	250	91	55	181	253	181	180	215	172	192	218	99	239	197	173	230	173	81	
183	13	230	222	140	178	238	81	213	194	223	151	104	236	183	111	126	224	55	175	173	167	46	202	18	46	203	136	183	239	112	244	
54	12	98	94	84	179	206	112	213	130	253	10	98	201	181	57	88	168	23	171	168	167	46	156	18	42	129	168	119	235	114	132	
17	73	75	78	22	134	239	240	44	64	238	134	113	207	55	68	124	228	58	238	201	177	53	109	115	44	130	0	107	179	104	248	
90	97	96	204	31	217	252	77	235	0	132	10	171	201	21	197	48	161	219	233	74	35	214	221	243	205	139	57	55	52	91	2	
60	5	98	236	196	50	204	95	85	130	255	18	75	41	189	125	120	172	23	168	184	179	36	140	114	235	192	132	247	252	240	164	
63	217	255	174	54	30	91	240	13	68	247	174	127	28	175	244	206	221	151	95	205	187	61	172	250	249	204	194	119	175	52	125	
124	238	58	250	61	209	83	196	211	141	188	40	130	217	228	116	217	184	140	80	90	111	226	132	251	209	165	251	82	10	246	35	
35	157	112	26	91	181	176	103	223	21	104	23	44	186	38	68	239	43	130	133	150	58	54	215	31	30	26	107	209	4	171	207	
139	148	102	121	5	252	112	51	237	95	118	181	171	159	246	103	231	56	151	148	159	60	54	193	199	217	82	143	246	204	92	255	
179	25	102	105	38	183	216	87	109	105	250	187	43	28	151	120	206	159	245	133	156	190	97	208	146	248	152	146	103	148	242	95	
11	150	102	81	33	220	112	51	237	94	118	181	171	159	246	102	231	56	159	20	159	60	54	192	207	89	82	203	254	204	124	223	
66	97	98	234	234	137	254	204	173	1	193	137	141	155	53	100	134	27	91	255	82	11	148	244	55	252	154	126	54	151	129	136	
216	12	134	190	12	160	78	98	148	130	210	18	107	170	49	65	104	229	63	195	104	135	2	175	144	231	234	136	53	121	49	8	
34	188	38	153	223	237	176	231	191	93	80	191	172	252	78	0	205	155	243	145	50	126	210	215	13	22	154	235	197	12	151	219	
21	186	143	158	60	198	161	248	142	125	211	102	212	194	234	79	108	172	110	209	139	203	187	81	152	34	251	158	152	42	61	241	
2	164	148	152	253	165	188	111	158	187	89	16	172	190	96	0	167	59	51	17	50	95	2	215	13	22	31	234	144	72	161	137	
142	158	228	127	247	254	127	190	215	223	94	183	105	109	159	107	55	119	181	138	246	220	127	191	111	255	245	129	183	244	212	123	
82	178	151	136	8	197	32	96	174	61	242	110	228	194	108	82	232	173	110	208	11	235	131	81	152	32	235	122	9	2	43	157	
34	143	66	217	241	209	184	103	159	73	124	162	40	174	166	244	201	59	146	128	87	26	134	255	62	52	154	235	19	4	175	157	
34	188	50	157	127	133	184	103	159	57	208	59	172	190	44	0	237	59	183	129	178	158	66	247	29	22	154	251	16	12	165	155	
207	188	236	127	255	246	191	191	246	222	94	176	249	253	155	107	23	119	245	159	176	220	191	175	111	127	119	137	166	244	213	123	
92	236	42	234	29	213	211	200	226	44	133	10	42	219	97	97	248	176	203	226	74	35	170	253	211	193	131	59	51	3	118	98	
33	173	141	253	253	196	69	175	195	216	60	8	178	17	83	55	201	106	82	92	123	106	210	61	111	24	180	56	26	88	242	154	
63	73	122	202	32	23	27	244	13	64	245	169	30	30	167	244	206	213	151	111	204	187	116	236	242	249	78	16	86	159	42	108	
98	192	242	220	124	2	216	111	91	160	176	10	236	10	52	1	250	133	95	161	160	107	0	221	152	30	219	188	85	40	115	137	
97	181	136	159	253	108	65	175	83	121	124	24	182	113	90	116	217	10	18	24	51	106	211	55	109	60	180	124	218	72	218	138	
104	159	241	125	190	201	23	191	94	61	60	40	167	53	204	36	147	90	172	0	18	40	227	51	237	245	52	251	214	72	197	43	
61	236	39	162	77	215	71	224	193	90	253	8	83	221	56	177	217	232	84	235	77	163	42	61	251	207	229	109	35	59	118	226	
66	129	132	149	12	136	40	8	174	176	82	2	236	194	72	66	114	45	42	208	2	208	203	209	12	48	203	196	4	34	33	0	
86	4	134	180	132	34	108	65	177	146	211	18	73	234	56	75	115	165	61	177	56	213	129	200	152	227	223	196	164	98	177	0	
180	12	6	158	12	163	142	96	148	2	209	18	96	232	49	73	72	226	63	195	40	167	10	255	144	162	202	24	85	105	112	136	
83	169	166	177	134	34	188	175	59	115	26	135	141	46	94	107	39	215	189	149	150	216	141	228	156	102	222	198	165	85	177	93	
120	251	58	232	57	201	19	228	203	12	188	41	166	221	234	16	214	248	197	98	74	42	234	189	251	213	33	251	82	11	22	123	
87	4	230	148	132	50	236	69	213	211	211	147	73	236	190	107	127	237	63	181	188	247	164	192	154	106	223	196	165	124	177	84	
175	166	228	9	253	49	202	89	87	121	153	255	200	72	222	173	93	136	150	191	191	98	79	209	14	24	169	252	223	205	216	149	
190	176	226	216	15	241	146	200	159	87	132	179	8	223	110	173	251	217	147	211	62	71	190	241	27	80	201	127	183	29	60	214	
120	191	26	106	60	145	18	248	201	12	188	109	166	217	230	144	220	58	140	114	206	43	202	189	250	213	33	255	90	15	126	11	
98	33	116	196	100	35	216	79	75	160	242	26	172	10	52	8	234	133	119	129	128	255	65	221	16	58	218	144	85	8	115	9	
178	16	118	233	100	129	216	19	109	121	242	179	46	28	20	121	238	159	247	149	218	184	65	192	22	120	152	130	71	140	112	93	
138	48	102	91	45	212	120	80	237	95	117	181	174	159	118	111	198	57	159	21	166	109	58	241	11	88	82	235	150	133	101	95	
190	234	224	153	143	113	216	202	19	118	148	187	10	173	215	141	123	200	229	223	190	103	239	211	154	81	193	255	247	253	126	229	
191	204	228	247	214	58	239	183	115	115	127	18	121	41	220	103	111	206	55	154	234	252	45	227	110	239	246	196	167	252	240	168	
108	179	18	234	61	161	146	248	193	12	185	109	238	217	233	144	220	122	204	98	142	35	136	189	146	213	35	191	74	15	126	27	
194	144	182	90	105	252	184	3	191	95	51	181	172	156	118	91	167	51	251	21	182	109	58	242	15	58	90	203	208	68	37	95	
194	152	180	145	239	236	184	3	187	91	82	185	140	158	68	11	143	51	255	17	162	92	210	211	5	54	218	195	196	68	23	219	
41	245	33	75	189	93	196	175	78	73	120	76	242	112	156	164	217	2	22	60	91	40	123	181	45	222	180	126	218	94	210	124	
66	150	178	27	219	244	176	71	255	95	89	17	172	188	118	72	229	59	163	21	54	122	170	243	15	54	26	107	208	68	167	223	
32	237	125	239	252	201	87	191	73	200	188	104	178	17	128	48	74	114	86	64	66	40	99	61	110	157	36	187	84	154	214	235	
2	181	50	155	243	241	184	103	95	5	109	179	172	250	110	64	251	59	147	145	22	154	62	247	14	20	154	107	17	6	173	222	
2	188	34	155	125	233	184	103	191	93	89	177	172	188	118	0	235	59	147	17	54	124	154	215	13	22	26	235	212	12	183	222	
43	135	32	138	253	133	201	127	71	73	93	205	168	201	62	196	93	138	147	157	218	58	78	215	44	28	150	110	95	142	248	140	
40	219	121	235	124	209	83	244	199	12	124	96	182	217	160	112	202	58	134	66	66	170	106	61	103	149	160	251	20	154	84	235	
78	186	238	127	251	214	127	184	247	255	86	161	249	253	158	106	23	127	253	44	146	217	191	191	79	255	117	141	166	230	85	123	
150	77	82	138	170	41	158	230	61	34	184	152	142	166	33	25	255	211	95	98	120	7	0	238	176	148	30	186	208	89	163	9	
89	50	47	141	106	212	161	88	166	108	199	36	180	150	226	246	108	172	238	213	139	147	183	81	212	33	43	250	8	6	39	245	
73	178	175	93	123	214	57	88	230	253	199	164	252	245	186	106	86	124	251	76	131	203	191	29	79	107	107	253	6	166	39	241	
14	190	228	127	191	214	126	188	159	223	87	167	105	253	159	107	151	127	181	162	182	248	251	191	111	255	245	135	183	244	212	115	
194	97	4	141	76	169	40	79	174	144	91	2	172	202	64	66	98	45	123	210	66	20	195	209	36	48	139	236	20	2	177	128	
14	190	228	127	191	223	94	188	223	255	86	167	105	253	158	43	151	127	245	166	190	248	63	191	111	255	245	135	191	245	220	87	
230	221	50	146	244	35	158	231	25	75	185	187	204	62	62	113	255	211	223	119	240	15	72	238	184	30	30	218	149	95	163	213	
