Ê¥ÂÞÀ¼´¿¿Úºì	#13 ÕýéÙÉ« (HOT)	http://www.yslbeautycn.com/on/demandware.static/-/Sites-ysl-master-catalog/default/dw71ef9e83/Makeup_Pro_img/00030YSL/L1555200U_13_COLORIMG.jpg	//www.yslbeautycn.com/dw/image/v2/AARM_PRD/on/demandware.static/-/Sites-ysl-master-catalog/default/dwbf35f0ae/Makeup_Pro_img/00030YSL/L1555200U_13_01.jpg?sw=336&sh=444&sm=fit
57	1	195	228	81	15	75	121	37	160	247	66	91	35	160	180	120	132	54	232	73	179	17	140	144	237	161	4	107	166	106	160	
182	0	98	200	76	3	206	73	5	130	217	131	72	204	125	66	124	149	23	247	200	35	78	200	22	8	139	188	117	239	112	144	
142	128	146	188	100	172	168	83	186	25	113	80	220	232	120	136	241	43	51	9	51	116	154	195	69	59	122	206	72	40	115	161	
86	121	231	204	207	84	255	244	225	204	212	135	104	222	119	35	108	241	215	231	205	67	182	200	51	72	207	139	47	55	102	254	
10	215	201	173	50	160	175	87	30	5	90	231	189	39	168	192	103	27	135	133	195	152	5	117	100	37	190	128	60	208	169	185	
182	89	94	254	90	199	94	105	133	8	213	171	125	95	45	17	254	177	151	226	106	3	10	253	243	137	169	187	53	171	44	131	
3	173	34	129	229	189	172	231	94	107	90	86	172	184	254	164	185	11	18	5	215	184	5	215	12	30	154	227	76	12	217	141	
3	169	3	136	30	213	186	232	142	192	152	194	252	218	121	226	126	65	59	247	199	11	159	253	184	1	139	222	28	7	57	77	
24	239	90	234	114	193	122	246	37	5	125	163	45	199	32	16	54	187	135	194	66	154	8	253	255	197	34	169	54	146	39	139	
23	137	183	222	159	210	171	169	94	88	82	66	120	250	189	228	114	107	50	219	211	233	47	253	41	46	254	196	181	34	37	108	
48	133	106	76	148	130	239	119	196	128	222	2	113	225	180	100	120	166	6	168	248	187	36	79	112	44	162	0	117	234	240	40	
119	105	99	15	92	153	171	72	198	100	219	207	32	140	189	164	124	236	91	255	147	51	189	189	53	44	139	180	85	159	87	244	
61	3	210	236	87	26	106	120	65	32	119	206	107	200	191	180	126	204	6	238	205	178	12	143	178	237	129	4	127	174	120	132	
89	97	84	229	5	22	92	95	103	160	206	2	27	19	129	124	112	140	61	168	74	208	81	156	211	251	147	5	38	176	112	42	
55	67	227	14	86	27	78	200	97	100	249	206	107	232	191	180	122	232	134	239	205	179	60	201	178	76	5	36	127	190	122	220	
198	144	179	216	239	228	185	75	58	27	113	83	28	222	124	72	247	31	51	145	178	119	146	211	21	56	90	238	145	68	163	195	
92	60	251	100	21	110	83	16	225	134	238	0	95	243	1	122	112	244	77	122	41	193	177	106	211	239	0	17	226	115	102	34	
224	241	124	64	105	77	213	190	235	63	180	24	62	53	78	51	131	215	125	72	67	111	250	113	127	153	85	61	67	144	199	43	
60	169	232	103	86	11	234	121	22	160	119	131	115	105	56	33	120	204	19	239	188	248	13	61	127	79	161	165	119	175	80	128	
2	153	243	77	246	209	191	231	78	65	124	162	172	252	164	36	78	123	19	65	211	56	36	249	37	28	14	170	87	126	165	253	
19	133	99	141	22	178	235	119	117	65	90	210	121	46	188	228	118	175	22	173	181	153	37	207	60	46	186	192	37	196	177	108	
188	223	26	170	215	231	71	233	5	108	220	78	67	194	43	209	88	202	134	234	107	19	60	191	184	193	175	125	57	91	252	120	
146	191	26	184	178	208	24	231	190	21	202	177	173	206	34	65	166	59	141	145	54	137	2	125	250	225	58	203	52	0	173	91	
57	65	102	101	4	27	207	112	101	224	246	10	91	9	151	244	120	196	52	238	205	182	101	140	114	233	161	144	103	191	82	108	
19	41	101	143	31	211	171	73	134	224	219	194	96	140	253	166	94	93	179	255	147	25	255	253	29	40	139	174	21	143	49	252	
58	59	106	174	114	131	94	220	1	4	88	175	109	207	35	16	254	185	151	231	142	147	24	189	242	197	169	175	63	159	62	219	
168	104	184	123	109	237	113	222	94	55	36	24	191	153	65	8	137	90	67	24	34	124	250	51	79	221	17	57	210	217	78	170	
88	33	19	165	22	66	105	113	36	160	223	34	255	51	128	65	122	188	29	168	25	154	97	140	209	231	235	144	36	42	55	33	
2	147	43	184	181	237	176	71	158	77	88	55	172	188	54	64	225	59	151	21	182	169	50	223	9	22	58	203	212	12	181	219	
142	156	19	184	203	225	185	107	156	18	65	179	140	254	96	73	255	57	179	176	48	31	2	214	93	6	219	239	149	37	37	147	
188	223	95	78	214	70	231	255	85	10	124	70	121	107	41	81	121	226	6	234	121	163	9	127	114	175	230	192	123	243	224	139	
163	41	42	17	181	187	160	99	92	193	83	86	128	152	246	168	216	42	146	21	151	184	84	134	12	30	155	67	221	12	217	132	
66	148	240	137	203	240	185	207	59	51	88	51	28	191	110	72	243	155	179	145	18	26	178	211	31	103	154	239	183	68	165	195	
162	233	98	154	93	193	178	228	158	68	80	171	40	204	54	1	200	185	147	199	66	58	78	253	53	16	142	235	85	31	119	218	
62	89	104	174	223	87	222	121	5	100	209	175	107	77	59	144	94	185	151	231	222	163	76	189	243	197	137	187	119	191	150	242	
198	14	30	184	117	224	240	66	185	31	114	48	140	219	37	75	225	49	163	17	48	111	2	230	95	51	90	75	192	65	101	163	
25	199	192	173	16	178	47	183	52	77	94	231	169	39	186	196	118	10	135	140	139	152	37	191	228	229	190	128	63	212	173	248	
11	149	32	139	183	215	159	189	12	69	95	130	253	84	186	100	86	19	155	111	211	168	125	253	237	89	174	212	22	142	149	117	
204	73	119	126	111	196	221	113	221	14	113	2	125	219	37	85	230	49	38	106	96	39	10	253	115	250	98	136	87	178	101	163	
44	29	62	254	157	231	23	99	222	192	237	2	246	245	33	96	216	122	155	10	50	171	122	191	227	255	2	26	146	123	116	50	
123	75	102	204	78	82	207	126	129	196	150	139	41	46	183	247	104	229	253	239	236	139	164	236	114	105	202	153	39	181	126	76	
186	67	109	204	77	81	205	108	193	92	212	135	34	204	55	67	216	232	167	229	204	35	166	153	115	121	199	189	55	188	116	222	
38	65	78	136	204	3	168	72	6	16	209	2	64	202	121	73	124	137	51	243	2	35	74	208	16	0	139	236	21	59	49	128	
153	222	110	156	6	147	254	246	213	70	86	247	41	140	178	101	111	32	150	239	228	189	36	191	98	235	242	128	119	252	116	220	
24	141	106	201	148	247	251	119	84	5	94	2	177	57	178	96	120	58	23	185	154	184	53	255	111	47	170	193	55	136	245	232	
18	143	238	153	178	176	184	231	190	13	218	167	172	174	166	192	231	59	175	149	22	137	6	247	170	119	186	195	148	68	173	95	
32	75	107	206	116	195	239	240	84	68	124	166	49	197	181	100	122	232	19	238	201	178	44	189	118	44	162	128	53	155	116	248	
90	157	23	186	155	192	60	231	191	21	200	179	44	255	34	64	227	51	171	129	82	11	138	247	187	247	30	75	50	68	165	91	
2	201	66	138	244	137	174	231	140	1	120	2	172	202	52	64	106	35	19	193	82	40	2	253	44	24	142	200	21	10	241	136	
90	189	58	254	147	220	52	231	191	1	110	0	188	255	32	80	167	51	251	0	83	201	178	255	251	247	30	75	10	64	167	27	
56	79	75	238	86	195	74	112	1	76	249	171	115	205	177	208	124	232	149	230	77	163	76	191	242	237	161	153	127	175	126	216	
131	65	209	216	107	145	184	77	31	17	80	130	140	131	228	253	102	153	31	216	19	10	3	208	158	24	154	238	150	128	33	44	
131	157	47	153	166	147	189	55	156	82	86	246	188	6	178	97	102	51	58	205	241	157	54	255	232	34	250	192	20	12	177	125	
4	0	134	136	148	162	160	72	148	131	83	18	64	200	56	72	89	40	10	49	16	181	0	130	0	6	146	68	149	8	176	128	
130	249	16	153	211	197	178	239	30	49	64	2	172	158	96	0	221	59	147	209	82	26	90	247	45	20	158	107	16	8	165	155	
50	73	66	140	84	130	238	100	141	128	242	2	42	136	53	64	122	237	23	227	72	187	0	236	176	168	138	144	117	59	112	136	
210	129	99	202	214	211	254	101	141	97	147	147	72	78	60	224	254	147	159	229	240	143	44	215	51	40	139	196	53	14	181	86	
60	249	98	110	117	95	94	252	65	236	181	10	107	93	190	180	122	248	215	238	204	35	124	189	115	217	165	189	119	190	254	222	
11	159	2	154	247	149	188	103	141	77	216	231	44	202	54	196	238	43	147	197	214	139	22	255	58	84	158	203	31	12	185	223	
60	73	98	228	84	18	110	240	197	128	254	2	91	201	181	68	122	237	23	235	200	179	36	236	242	237	167	132	103	187	112	128	
224	72	45	220	77	228	193	6	193	24	178	24	50	25	21	123	200	164	121	81	10	239	243	224	83	186	208	19	81	25	116	42	
183	7	70	173	214	2	110	121	53	192	219	231	65	42	187	197	126	196	7	239	237	145	5	206	52	110	234	132	45	191	120	148	
54	1	64	136	76	33	202	72	135	176	249	10	64	200	125	10	88	200	87	243	72	35	74	216	20	8	139	188	85	123	112	128	
49	237	121	105	116	143	71	253	81	172	124	44	51	65	145	48	90	200	6	106	201	186	108	63	119	141	37	36	117	154	214	233	
19	141	106	203	150	178	171	119	60	65	94	134	185	38	182	100	118	155	23	141	147	152	37	255	108	47	186	192	53	130	177	125	
15	185	166	147	213	215	178	248	23	125	85	39	72	252	251	45	93	90	151	241	182	248	57	189	111	71	175	231	183	14	188	215	
33	253	121	75	244	143	239	247	119	105	124	104	49	21	148	52	95	186	22	88	243	184	113	63	111	142	36	224	119	138	194	185	
54	68	96	204	76	19	202	120	65	226	177	138	67	109	181	2	120	196	87	227	136	35	109	138	18	76	129	188	119	255	114	192	
126	249	114	234	109	221	214	236	235	172	181	11	43	220	127	148	248	249	223	227	206	35	218	249	179	216	135	63	119	190	126	223	
50	141	66	139	212	128	238	103	13	1	250	2	42	42	52	64	120	171	23	161	90	186	1	221	176	168	138	192	117	10	240	136	
51	92	107	204	84	6	207	112	68	76	253	134	17	149	180	36	124	168	23	238	201	179	52	206	115	172	162	136	117	187	118	240	
125	89	106	142	60	159	195	120	196	204	221	79	115	200	187	96	88	224	94	111	204	35	222	157	240	45	35	184	125	175	120	69	
130	160	162	129	4	32	168	202	50	115	146	19	8	138	86	10	43	15	19	149	162	221	133	194	28	14	158	228	133	68	49	200	
83	1	209	204	114	14	203	121	33	160	247	202	89	7	176	164	62	156	22	236	201	178	165	204	144	172	170	132	127	162	97	48	
61	77	107	206	86	147	207	252	196	192	254	198	113	237	191	96	126	232	23	239	201	179	44	189	114	173	167	128	55	187	112	249	
73	189	58	246	181	221	119	55	237	72	126	8	190	185	32	112	164	123	124	8	66	185	178	127	227	253	22	3	66	0	195	43	
138	176	251	179	102	141	184	85	158	89	81	243	188	157	124	8	142	25	247	21	150	220	214	193	77	25	250	234	4	12	23	219	
188	255	10	162	159	227	71	205	6	236	156	78	83	192	107	128	121	202	142	243	107	35	60	190	185	133	173	125	57	91	188	120	
3	28	51	217	114	180	184	119	190	73	216	114	188	190	164	108	230	59	158	128	151	26	34	213	29	54	122	202	152	0	33	191	
114	36	2	128	148	34	74	71	49	129	218	18	2	138	120	64	120	140	29	177	24	147	128	202	184	164	158	196	132	10	176	8	
3	82	63	200	116	182	217	86	237	93	84	160	140	14	182	120	230	25	151	157	134	136	32	212	195	89	186	199	148	132	103	125	
134	96	130	152	20	131	170	64	22	131	83	18	8	194	97	72	121	41	19	144	34	148	0	218	0	6	159	128	148	25	49	128	
2	238	178	26	223	181	184	199	223	93	124	23	44	204	118	4	237	43	131	21	182	111	42	247	63	30	30	235	211	12	255	207	
35	65	122	168	71	137	120	64	237	64	112	7	142	203	126	81	122	169	191	85	70	161	22	208	30	25	130	73	127	134	106	142	
62	88	98	234	103	215	218	216	69	12	244	139	107	93	191	164	124	248	151	235	204	35	124	188	243	201	163	189	119	191	124	211	
27	214	127	225	114	39	191	220	62	107	94	231	93	15	168	96	55	223	159	161	227	145	61	223	246	207	62	132	61	210	33	249	
25	157	107	237	20	198	111	119	116	64	222	194	113	119	176	100	112	166	30	173	249	153	53	15	241	239	170	192	36	130	176	120	
74	157	158	254	145	236	53	103	189	89	110	16	188	255	32	82	165	51	251	16	83	201	146	231	235	247	30	75	138	64	167	27	
61	125	90	110	82	199	86	240	1	192	236	143	123	223	33	16	126	248	150	238	73	163	24	61	115	237	37	8	127	187	106	154	
26	141	114	233	215	247	250	119	93	1	122	3	41	155	52	192	122	187	151	209	150	184	20	255	47	221	138	195	119	142	253	142	
155	244	43	162	213	198	239	229	181	195	223	147	89	223	60	96	125	237	19	189	249	151	60	206	249	109	143	196	173	54	181	242	
179	87	71	173	66	2	110	121	53	198	219	231	65	102	191	213	126	236	7	239	237	147	5	206	176	34	234	132	45	247	120	213	
34	184	162	153	253	249	176	199	191	87	64	185	172	188	118	8	137	59	243	17	54	124	178	211	15	22	158	107	213	76	151	222	
185	221	107	79	116	87	239	252	84	76	126	230	113	109	182	33	126	236	23	238	249	182	61	191	118	109	165	128	119	186	112	249	
57	205	107	236	214	147	239	244	68	192	254	130	123	237	183	32	126	232	23	238	201	187	37	191	114	237	167	128	119	187	112	248	
129	148	187	217	116	237	185	87	126	75	83	116	180	158	44	104	245	59	55	17	183	156	50	87	77	30	58	192	144	8	161	251	
119	64	230	198	68	18	232	64	225	192	211	131	72	204	183	107	110	165	23	167	140	199	164	200	18	40	203	136	133	183	114	212	
62	248	116	138	125	213	250	200	143	60	245	11	108	222	111	192	252	185	223	243	14	35	90	245	23	80	139	123	87	15	124	198	
92	12	142	190	17	230	115	66	188	142	206	1	62	243	35	88	224	111	121	6	32	141	146	110	243	247	202	11	136	113	41	82	
74	92	246	252	108	60	124	214	187	154	246	187	173	255	245	122	239	253	255	135	224	215	226	227	150	255	254	170	6	252	35	223	
82	111	234	156	95	145	190	236	159	132	220	167	108	204	183	196	254	105	187	231	198	75	142	255	50	117	143	187	21	62	61	221	
129	160	155	215	69	103	233	67	18	99	67	18	152	171	88	40	249	143	51	137	17	254	240	195	77	142	218	96	129	8	179	162	
46	181	114	225	244	187	250	251	111	233	255	43	223	253	220	36	255	159	127	63	146	186	233	214	222	221	39	246	247	239	209	193	
24	157	59	254	83	212	55	103	189	65	238	2	62	255	34	112	242	187	147	0	81	171	48	237	243	253	18	11	114	2	165	251	
246	72	102	212	78	130	250	64	225	192	211	131	40	204	53	10	110	229	31	231	136	167	134	232	16	40	138	136	5	55	114	80	
27	77	106	229	118	146	255	118	101	192	222	131	57	15	183	100	110	253	151	239	204	155	37	236	114	237	174	128	39	182	112	253	
50	74	99	188	68	128	76	87	133	134	210	199	33	135	179	64	76	170	135	197	200	143	6	136	176	96	190	153	37	188	52	232	
189	221	106	111	118	215	111	248	69	204	127	6	123	77	190	52	126	232	22	238	233	186	61	191	118	237	165	132	119	171	116	241	
34	141	98	158	245	241	190	230	158	71	88	163	168	236	54	64	251	107	147	129	118	186	46	255	61	54	142	203	21	92	245	222	
19	133	99	141	150	162	235	119	125	65	90	194	61	38	188	100	118	131	23	173	147	152	37	207	60	46	186	192	53	198	177	124	
177	75	74	78	124	147	195	112	85	204	252	102	114	193	183	100	88	232	6	238	201	182	108	127	54	172	161	136	127	171	120	252	
207	73	119	222	111	208	254	56	201	88	119	66	121	220	189	231	98	241	190	235	225	37	46	253	51	123	98	136	119	191	121	37	
250	85	103	236	93	82	207	118	161	68	214	143	105	47	182	119	88	230	253	237	237	139	180	207	51	105	138	155	39	148	118	94	
244	161	127	96	237	76	245	97	233	188	167	24	82	243	76	59	40	148	100	58	80	99	186	0	127	153	101	127	195	34	198	162	
228	33	191	98	237	77	245	65	235	190	181	24	18	209	72	59	137	28	102	26	88	119	250	0	95	153	101	127	194	42	198	162	
223	77	100	158	149	148	78	180	253	72	214	199	121	78	183	245	98	226	29	239	253	141	61	239	178	121	174	144	63	183	120	92	
116	45	255	102	179	106	83	65	225	140	175	40	91	247	5	123	50	244	125	58	24	227	160	76	219	237	37	83	227	227	230	35	
222	82	87	222	107	1	254	120	221	10	113	98	108	219	173	221	126	241	167	234	225	39	10	253	19	250	66	138	119	183	101	161	
18	159	211	137	146	130	173	231	62	1	90	230	45	34	168	196	126	27	130	128	19	152	5	215	188	164	190	198	189	64	173	185	
190	91	104	79	54	211	159	248	133	76	253	162	123	221	191	36	126	248	151	238	232	163	44	191	99	205	173	180	119	191	84	241	
18	181	184	169	211	225	176	79	62	53	89	115	12	187	104	64	243	27	147	145	18	24	136	215	79	5	190	231	181	64	175	139	
170	75	235	140	109	82	213	108	205	206	212	167	34	140	55	75	200	236	167	231	204	103	230	136	83	113	250	187	21	60	116	255	
10	182	51	187	52	173	185	95	30	73	89	245	188	157	48	64	199	27	147	21	147	168	51	215	205	23	26	202	156	76	181	251	
57	67	83	236	55	82	67	80	5	168	247	98	123	19	161	244	122	188	22	234	9	147	97	140	208	237	162	128	55	143	114	161	
57	33	122	229	78	19	96	113	101	160	254	2	27	19	128	116	106	188	94	168	8	187	225	136	215	205	160	9	39	170	120	160	
185	69	106	109	84	27	71	116	101	96	255	2	91	9	183	116	120	204	22	234	233	178	101	142	118	233	160	0	103	187	240	100	
138	176	178	185	101	141	184	80	158	17	81	179	156	221	120	136	174	25	147	149	130	84	130	193	68	25	250	238	6	140	25	145	
224	232	253	95	110	77	245	206	203	62	52	8	190	157	85	63	139	90	119	74	66	110	250	113	87	153	84	62	81	25	71	171	
61	201	98	46	87	151	122	240	81	72	113	207	99	204	55	144	120	232	135	231	205	178	28	175	114	77	161	137	127	175	122	222	
10	176	241	185	83	224	184	67	30	115	81	179	28	190	108	204	255	27	147	145	19	158	144	211	29	103	154	231	151	68	167	243	
38	107	110	79	92	131	227	216	198	168	245	66	112	201	189	36	120	236	55	251	138	179	14	189	105	8	161	164	111	187	112	160	
55	105	35	138	31	215	142	192	197	104	145	203	96	220	189	160	252	233	95	231	207	35	44	255	176	12	171	187	21	31	59	20	
170	203	106	93	82	195	191	245	22	4	124	163	40	207	180	36	126	123	147	204	210	186	36	255	103	44	174	169	87	154	165	249	
61	151	75	170	214	71	71	249	21	238	253	110	115	119	171	208	93	136	134	162	249	147	41	159	248	199	165	180	187	170	116	249	
54	64	99	140	76	3	202	72	199	162	177	74	66	200	117	2	88	192	95	227	136	35	74	152	16	8	131	188	85	59	112	128	
10	24	147	184	211	224	184	67	22	3	92	179	12	191	96	204	255	63	179	145	17	158	146	210	29	246	154	235	151	68	173	179	
61	159	95	206	244	71	71	249	149	78	245	102	113	231	175	85	125	224	134	234	249	171	40	191	122	175	229	132	123	186	96	249	
27	203	39	206	28	147	171	232	198	184	211	98	104	218	188	228	248	253	62	251	195	17	47	253	41	40	171	204	21	15	53	45	
3	133	42	161	244	191	188	231	78	73	90	7	140	168	114	64	249	43	19	5	151	184	20	215	172	21	154	197	140	78	185	204	
29	219	167	222	52	146	163	185	198	88	211	102	104	248	189	228	112	100	62	235	205	169	47	253	184	110	239	198	63	46	113	61	
3	46	34	177	213	189	176	35	92	239	90	7	160	136	54	32	217	43	19	21	150	184	68	158	76	22	154	195	221	76	217	198	
56	13	63	254	157	229	87	99	223	72	237	2	182	245	33	96	200	122	59	26	59	171	122	191	243	255	2	27	144	107	117	170	
211	90	6	159	42	178	188	178	172	90	210	231	236	238	183	207	102	101	253	199	229	197	143	237	144	50	234	130	12	245	57	93	
38	0	3	136	76	3	138	72	134	144	249	66	80	202	121	72	120	137	19	243	64	35	75	216	16	32	171	188	21	43	112	128	
168	232	184	113	77	109	241	206	94	55	52	24	178	145	95	41	137	90	82	88	2	124	251	49	79	153	85	53	210	89	86	170	
50	129	98	173	148	131	238	103	69	1	250	2	43	42	52	64	120	171	23	225	218	186	1	221	178	232	138	192	53	138	240	136	
33	229	121	65	244	203	239	255	85	232	124	74	115	101	148	52	90	202	6	104	241	186	109	95	111	12	37	100	119	154	214	233	
218	94	230	156	134	50	94	86	157	194	214	247	107	108	183	107	118	247	189	231	184	149	36	234	114	111	250	128	183	253	116	93	
48	73	66	140	92	131	238	102	133	128	242	2	42	138	53	64	104	232	14	195	72	171	0	237	176	40	138	24	85	56	112	136	
50	164	2	160	148	34	74	198	49	161	218	2	3	10	112	64	120	140	21	177	24	147	128	206	184	228	142	196	165	74	176	0	
12	30	146	241	229	168	177	67	186	15	91	49	140	171	96	72	249	58	163	17	18	188	128	194	205	247	58	75	128	105	119	131	
18	141	82	233	149	215	250	103	29	5	122	3	41	155	54	192	250	187	151	209	94	184	16	253	175	220	138	195	55	142	252	142	
162	197	102	218	214	131	236	231	149	114	147	211	72	78	60	65	125	179	31	167	248	143	12	223	56	10	223	204	21	12	241	84	
15	133	1	155	151	247	171	174	31	97	95	151	204	126	186	228	127	11	155	189	183	152	125	255	172	86	143	198	158	79	153	116	
188	93	106	238	117	87	94	252	69	76	252	10	123	93	187	224	126	248	151	235	232	183	60	190	243	233	161	145	119	191	124	219	
255	243	9	170	124	193	159	232	150	124	145	239	125	222	235	65	222	153	159	243	107	7	42	253	248	129	171	252	28	11	53	209	
57	205	107	206	86	147	207	244	196	192	254	130	115	237	183	96	126	236	23	238	201	187	44	189	114	173	167	128	55	187	240	232	
128	4	134	128	20	34	160	78	20	131	218	18	0	138	40	72	121	12	2	48	0	181	1	194	0	6	146	68	133	72	176	128	
10	28	18	185	75	241	56	106	31	10	68	178	172	247	33	204	247	59	179	144	18	30	2	215	141	247	218	235	146	5	45	151	
143	177	172	130	61	215	187	216	134	252	149	166	220	220	251	162	222	88	187	255	199	97	122	177	111	65	175	255	23	175	53	245	
134	96	130	154	4	131	170	64	22	131	81	18	8	202	49	72	121	41	19	209	98	148	8	210	0	6	155	128	20	57	48	128	
216	221	50	254	147	220	55	103	189	64	238	34	62	255	32	113	166	59	251	0	115	139	50	239	243	245	22	11	114	2	167	59	
33	173	113	75	244	207	239	255	87	105	124	66	115	49	148	52	127	10	22	40	243	186	109	127	109	28	37	196	87	138	210	233	
146	40	160	147	148	32	168	67	62	115	18	18	172	10	80	10	43	139	23	145	178	92	141	243	148	6	155	160	133	68	177	192	
19	77	107	206	214	146	239	245	213	192	222	198	113	238	181	100	126	238	23	239	201	155	36	255	112	47	174	128	61	186	240	253	
187	72	99	204	116	151	206	112	85	200	80	194	121	204	181	229	124	232	22	239	237	182	52	238	50	110	170	128	119	191	112	236	
185	220	107	111	116	87	239	240	85	78	246	130	123	93	190	33	124	232	23	238	233	182	61	191	115	239	161	128	119	171	116	249	
188	221	98	110	117	223	95	248	81	108	253	10	123	93	190	180	124	248	149	234	236	187	60	191	115	205	165	129	119	174	126	219	
118	64	98	236	92	27	202	120	65	160	176	10	67	73	53	32	120	228	87	99	200	163	109	140	178	232	193	188	119	191	114	132	
185	69	111	77	84	18	239	125	116	226	222	198	83	32	183	229	122	204	22	239	237	178	101	142	118	43	230	132	111	187	248	244	
90	189	55	254	155	192	54	231	175	69	238	35	44	255	32	112	166	51	251	128	82	11	186	255	251	247	30	75	18	4	167	27	
10	143	40	185	242	241	185	103	30	13	92	179	173	239	38	64	239	59	131	145	22	152	34	247	239	197	186	203	149	76	181	218	
189	64	66	236	85	151	234	120	85	128	119	198	121	201	177	228	120	172	22	238	205	182	20	158	50	233	161	136	127	175	120	132	
34	217	96	138	95	193	182	228	141	68	240	139	40	156	54	1	200	187	147	195	66	43	18	253	55	16	140	59	85	30	118	222	
160	201	106	78	86	195	239	244	20	64	124	130	49	213	183	96	120	248	19	234	107	190	60	63	119	45	160	0	125	155	112	186	
139	144	58	217	114	164	184	87	188	9	82	116	188	190	164	233	230	59	151	145	147	152	2	213	13	56	186	202	152	0	41	171	
2	144	58	185	35	196	176	99	191	89	81	55	188	159	46	73	166	59	155	129	22	9	146	209	69	248	90	203	28	0	165	211	
126	249	114	238	125	221	86	232	129	172	181	11	107	221	126	148	252	249	215	226	78	35	248	253	179	216	133	63	119	190	126	223	
191	87	111	133	70	18	239	124	52	198	222	231	81	38	183	101	126	196	23	239	233	151	37	78	112	47	239	132	47	247	112	244	
89	157	111	204	52	214	111	55	101	68	206	2	123	55	178	116	112	230	28	236	249	153	53	207	241	238	162	128	39	226	244	120	
11	215	99	153	245	147	174	239	95	97	90	198	232	104	182	228	122	10	146	173	247	184	93	223	46	94	159	198	95	140	249	156	
137	168	130	149	101	248	185	67	127	23	87	18	173	194	122	140	217	42	162	25	54	252	96	227	134	247	154	65	198	13	157	196	
74	92	242	252	108	44	252	214	187	10	254	171	173	191	117	90	239	253	255	133	192	215	194	227	150	255	254	170	6	252	99	153	
33	189	113	75	244	143	239	247	95	105	124	98	48	21	156	36	127	26	22	152	243	184	109	255	109	30	52	192	87	138	194	249	
63	61	250	225	244	191	251	210	127	233	124	174	27	189	215	164	191	251	151	221	155	186	44	250	95	221	163	228	231	207	102	241	
62	88	114	170	109	213	218	232	141	76	180	11	107	222	47	212	248	185	223	227	76	35	120	189	179	217	131	191	119	31	126	215	
94	135	86	164	147	82	52	101	165	188	219	227	77	250	170	211	114	245	237	225	116	209	133	204	186	227	111	199	39	102	173	71	
189	220	111	79	116	215	235	240	84	76	119	150	113	93	182	97	126	232	23	238	233	182	61	191	119	107	161	192	119	171	116	249	
125	75	106	142	60	151	194	120	197	140	253	239	115	200	187	0	94	168	31	111	200	35	76	157	242	45	161	184	125	175	122	69	
184	75	107	238	116	195	75	240	20	68	125	163	115	205	179	64	122	232	23	238	104	182	76	63	114	237	160	137	119	187	124	200	
18	99	90	136	70	201	232	72	111	72	241	71	28	138	118	80	234	137	7	213	199	35	6	208	22	8	170	237	125	2	105	138	
24	149	59	233	19	231	177	103	60	5	74	51	189	63	40	64	243	27	147	145	50	152	17	23	233	231	58	67	176	64	165	250	
191	84	106	101	70	50	79	88	85	230	223	167	89	13	183	229	126	236	149	239	237	183	165	138	114	109	161	128	39	255	112	116	
106	94	242	252	111	116	125	214	187	78	252	175	60	191	247	126	239	255	191	135	204	71	162	227	87	255	254	171	7	244	103	251	
11	150	80	251	242	179	40	55	29	1	94	246	189	51	160	228	87	59	55	156	179	152	81	255	140	255	154	192	158	128	137	41	
24	157	58	251	147	192	185	39	60	5	206	163	189	127	34	64	226	59	157	129	90	152	34	191	235	229	186	195	52	0	165	250	
8	32	216	147	87	211	249	85	94	101	87	22	172	131	106	200	106	41	170	152	23	156	49	208	94	7	186	65	158	140	45	218	
19	151	99	143	246	146	239	117	85	64	95	230	121	236	190	100	126	171	23	239	213	186	44	255	52	44	174	128	61	206	241	253	
27	73	98	229	54	146	254	118	37	192	222	131	41	143	183	100	110	245	23	239	204	153	36	236	114	233	170	128	39	180	112	221	
19	77	225	191	198	38	174	71	24	66	72	135	57	44	55	104	110	107	51	143	192	24	23	251	53	46	222	0	181	254	177	220	
170	91	235	142	108	80	247	244	137	78	212	231	32	140	183	67	206	238	183	71	205	191	230	161	118	113	250	187	23	61	116	255	
1	183	51	11	181	255	163	103	76	77	91	101	172	248	182	164	152	43	130	21	151	184	53	223	44	28	26	66	220	78	217	223	
11	135	34	163	245	173	186	67	30	77	91	7	140	232	122	132	217	43	147	21	150	184	4	215	140	20	154	195	158	78	185	222	
250	221	111	204	197	82	238	247	161	76	246	167	41	15	182	119	108	247	181	231	237	159	164	237	115	123	254	131	47	148	246	223	
143	91	90	94	111	148	254	240	237	90	117	230	104	200	175	229	126	249	166	234	197	39	62	249	50	251	67	139	127	191	105	157	
155	207	68	157	54	150	111	182	133	76	86	199	57	71	178	229	102	96	31	206	231	141	39	253	162	107	174	128	62	148	56	93	
71	18	199	157	162	54	173	25	188	203	211	247	221	230	151	110	119	101	123	173	133	213	183	202	20	46	250	128	141	247	49	117	
189	249	32	186	127	213	223	248	150	240	149	174	253	215	251	161	94	249	159	255	235	67	126	189	248	201	175	252	55	63	53	240	
138	223	5	187	58	129	175	247	140	4	80	230	173	70	160	197	102	51	159	193	227	13	6	253	164	160	190	192	28	144	165	185	
190	223	98	78	62	147	219	240	133	204	181	230	123	205	181	4	94	248	87	238	232	163	108	191	98	77	161	176	127	175	116	249	
119	76	238	140	214	2	174	247	201	194	218	231	113	44	183	98	111	231	63	189	228	171	36	206	58	46	174	192	173	248	240	92	
161	94	99	94	116	147	195	240	84	76	116	230	113	196	183	37	94	168	6	110	235	182	108	63	52	41	161	136	127	159	116	253	
10	157	49	185	191	229	147	103	15	65	88	19	188	95	40	196	207	59	147	1	18	40	115	255	237	84	26	202	150	12	165	251	
19	133	107	205	214	162	235	119	124	65	94	130	121	38	188	100	118	135	23	173	179	152	37	223	60	46	186	192	53	130	161	124	
11	134	88	217	19	181	121	23	95	5	79	150	173	3	42	68	119	11	50	156	182	152	117	215	143	255	154	65	178	128	41	140	
185	69	98	109	20	19	198	124	85	98	255	2	83	9	183	117	120	196	22	238	232	183	101	142	114	239	161	4	119	191	112	100	
157	77	111	207	84	18	239	244	84	230	214	214	83	36	179	225	122	196	54	239	237	180	109	174	118	47	230	132	47	255	248	252	
8	140	189	254	189	237	87	206	222	27	236	0	182	181	33	96	201	122	58	72	58	42	122	191	227	223	16	59	144	89	196	170	
30	201	43	248	29	198	255	224	149	196	206	2	89	255	49	96	248	249	19	227	9	147	58	236	251	207	143	77	33	63	116	242	
177	94	90	78	118	147	195	120	85	72	117	102	50	193	183	101	122	168	6	110	233	182	36	95	114	168	160	168	127	187	120	173	
189	22	91	237	118	3	75	80	85	8	247	102	83	81	177	241	126	184	150	234	233	183	32	142	114	233	160	128	127	187	112	161	
182	65	98	236	76	3	206	104	65	160	184	10	99	200	53	0	88	228	87	227	72	39	72	156	178	200	129	60	117	187	112	128	
24	183	18	168	179	178	48	119	45	13	91	247	12	163	162	196	166	11	142	48	55	185	1	213	184	244	34	199	170	68	169	19	
10	154	18	250	177	180	184	115	190	25	86	244	188	215	160	236	231	59	151	144	179	156	18	247	142	247	186	203	154	4	169	187	
63	61	122	225	246	187	251	210	85	225	126	162	27	189	247	48	126	250	23	252	147	186	36	238	126	221	161	224	231	207	112	249	
25	19	91	171	70	205	233	81	108	76	241	103	157	154	122	64	250	137	23	195	135	179	17	208	212	193	170	136	125	15	105	211	
220	242	218	49	226	10	52	85	187	191	117	185	15	199	74	27	183	157	229	16	84	215	130	64	222	193	117	231	226	176	175	147	
15	76	103	205	102	210	239	117	196	202	94	230	89	76	183	229	126	164	23	239	197	181	36	204	54	42	238	128	63	190	113	245	
218	201	118	252	21	214	126	53	197	4	214	3	107	59	54	197	234	179	191	225	252	185	17	253	179	250	202	131	55	140	252	14	
146	141	118	187	151	215	252	103	141	4	210	3	173	122	54	197	234	179	159	225	124	169	16	253	163	248	138	195	55	12	253	14	
34	217	32	202	95	197	150	229	143	72	240	11	40	156	52	0	204	179	147	225	194	43	18	253	49	16	140	251	85	30	244	219	
138	48	98	209	69	213	185	80	23	109	87	23	136	215	110	204	108	41	162	152	134	150	114	209	71	73	154	227	23	12	125	215	
54	64	66	140	76	3	202	72	135	160	177	74	64	200	53	66	120	193	31	227	8	35	74	216	16	8	139	60	85	59	112	128	
7	28	239	223	102	118	175	50	116	202	95	198	113	102	183	111	126	228	63	175	161	209	61	202	68	46	239	128	175	247	49	245	
48	19	122	76	124	23	114	121	69	136	252	110	50	129	164	112	120	172	14	104	136	171	228	30	86	173	32	57	123	170	114	155	
189	92	110	238	100	118	207	248	85	206	255	6	115	125	191	97	126	252	23	234	232	182	61	174	115	235	229	129	119	251	124	249	
11	176	178	185	103	181	184	67	31	27	85	19	140	159	118	140	231	25	147	149	150	188	18	209	7	93	26	231	150	13	169	215	
220	243	94	160	234	0	60	245	161	189	182	255	77	139	74	219	230	213	237	240	84	71	130	192	254	225	239	239	36	180	175	147	
56	224	249	81	101	73	241	204	95	63	52	56	146	149	204	63	185	88	102	88	74	116	234	17	95	201	117	55	99	24	198	171	
14	184	162	177	69	221	120	64	159	93	87	23	137	206	106	236	104	41	171	144	22	252	114	209	199	213	154	67	166	13	61	214	
35	203	99	72	95	209	175	237	76	68	80	226	40	204	180	164	222	59	146	213	199	170	100	255	37	24	142	234	87	28	245	252	
35	206	98	79	85	149	239	228	69	76	124	134	32	136	183	197	72	168	2	239	203	186	116	253	36	28	130	138	95	158	112	252	
189	220	110	127	116	118	239	120	85	78	127	34	123	125	183	33	127	236	151	174	233	182	61	191	119	239	225	128	119	235	124	241	
120	224	253	68	111	73	245	236	235	62	52	40	63	157	205	55	43	212	118	74	66	123	170	113	87	217	113	63	119	25	71	235	
195	219	98	142	62	144	178	180	207	64	215	230	172	200	242	228	70	104	190	87	207	41	238	245	170	112	167	202	62	143	56	93	
2	30	146	137	187	241	56	67	31	15	92	179	172	182	102	196	223	59	147	144	22	158	66	222	143	20	154	235	146	68	45	159	
218	221	118	254	27	208	29	101	189	4	244	179	108	223	36	209	246	179	255	224	122	15	162	255	179	227	14	139	55	4	167	91	
219	251	3	170	60	145	142	244	198	192	144	230	173	202	179	228	94	105	158	199	207	43	142	255	184	80	175	250	30	159	57	29	
218	157	118	254	187	208	62	229	191	20	196	179	108	255	34	213	230	179	255	192	114	11	170	255	243	243	30	139	51	4	175	123	
45	219	87	207	60	131	195	248	135	232	246	230	113	197	175	164	94	120	166	126	195	163	111	189	106	136	165	144	127	175	112	241	
2	129	49	203	215	209	174	109	78	65	88	162	168	220	188	164	126	59	146	209	211	58	36	253	45	20	142	235	87	14	165	188	
38	123	99	78	124	145	131	248	206	136	244	110	224	200	189	36	92	56	95	107	203	35	238	191	48	28	171	184	95	170	114	181	
10	160	146	153	117	254	184	66	127	31	85	16	140	138	34	204	247	41	147	17	54	188	50	211	143	246	26	79	146	12	61	199	
26	176	178	153	87	247	184	66	31	59	85	50	140	159	96	172	239	27	147	145	18	156	16	211	15	86	154	231	151	5	169	151	
131	92	39	159	79	150	172	230	221	82	192	215	168	220	53	239	236	97	154	199	229	143	54	255	37	50	218	10	31	61	57	156	
7	196	36	153	151	247	186	143	31	101	30	147	204	126	255	236	255	11	155	181	183	152	61	223	47	22	159	199	150	92	153	84	
57	77	107	206	84	147	207	117	68	192	255	130	113	237	183	96	126	238	23	238	201	187	44	191	114	237	166	128	55	186	240	232	
50	73	66	156	92	128	238	102	141	0	242	2	40	138	53	64	104	233	31	195	72	171	0	237	48	40	138	136	85	57	112	136	
219	94	6	190	15	180	190	230	156	210	194	199	236	218	55	203	236	97	187	199	229	197	22	233	144	115	218	139	28	117	57	158	
41	173	115	65	244	219	239	255	95	233	120	66	216	36	148	164	95	42	18	56	241	184	109	255	46	30	165	196	95	138	210	253	
106	124	242	252	100	180	254	214	43	75	252	163	189	191	245	116	255	255	183	133	130	59	226	227	246	253	190	170	135	254	99	219	
23	141	107	141	214	178	235	250	85	65	223	198	89	236	190	100	126	203	23	239	159	186	45	255	60	45	171	196	61	207	241	245	
35	189	115	65	244	223	239	247	127	105	122	98	184	148	180	164	126	58	18	56	243	184	101	255	46	28	183	192	95	136	193	173	
191	84	239	69	70	50	239	124	116	198	223	230	81	47	179	235	126	204	151	239	237	215	37	138	114	47	239	132	47	247	112	249	
30	45	242	225	246	171	250	214	127	161	250	2	175	235	117	80	126	239	95	209	138	187	129	238	190	221	143	192	231	219	99	137	
48	4	2	160	148	34	74	70	17	1	218	2	11	10	96	64	120	140	6	176	40	179	0	206	184	196	142	68	164	74	48	8	
190	93	114	238	125	215	87	248	133	108	189	43	107	220	63	148	222	249	159	99	108	39	120	191	179	217	129	187	119	191	126	95	
58	73	98	228	68	130	238	118	165	128	250	2	43	139	53	64	106	237	23	227	200	187	4	236	178	236	142	128	39	185	112	136	
83	157	110	76	208	214	111	55	229	68	206	2	121	55	182	117	102	166	61	232	249	153	53	237	115	42	226	128	39	194	228	108	
134	72	130	154	20	131	170	64	22	130	81	18	0	202	49	72	120	40	19	211	98	180	10	234	0	6	155	128	20	57	48	128	
26	73	98	252	118	146	254	118	237	192	222	131	41	143	181	96	110	253	23	207	200	155	36	236	178	253	138	128	39	181	113	221	
13	40	138	241	53	247	225	66	87	63	214	18	142	147	98	172	201	40	2	156	62	254	115	210	207	223	146	67	194	13	120	198	
194	206	14	190	43	128	188	167	188	22	194	183	172	202	50	67	230	99	251	197	100	77	2	255	240	115	218	139	28	20	185	91	
218	143	102	158	186	208	191	237	159	29	222	163	109	239	170	196	127	187	175	197	126	11	14	255	250	119	175	203	55	6	165	91	
2	151	30	200	246	251	48	103	237	13	94	54	140	162	166	68	163	19	142	16	22	153	33	215	46	151	50	199	144	0	237	7	
57	141	106	206	84	146	207	113	196	64	255	2	113	233	190	96	122	234	23	238	201	187	44	175	114	173	166	128	55	186	240	232	
27	219	99	158	67	208	45	247	181	76	86	231	41	134	182	229	102	179	190	204	215	25	37	255	54	102	190	129	62	148	173	125	
218	143	102	156	187	146	190	239	151	29	220	183	104	239	182	197	255	191	175	133	126	15	207	255	178	115	174	223	23	132	189	221	
63	76	238	71	214	50	239	248	117	226	222	162	89	47	159	111	127	196	183	239	237	215	45	170	118	111	239	132	167	255	112	240	
106	220	242	236	100	136	254	87	47	11	252	171	173	191	116	80	255	187	183	133	194	58	194	243	182	253	158	170	23	222	227	217	
79	21	239	197	230	118	239	27	84	207	223	246	89	125	191	110	118	102	63	173	177	209	181	202	110	47	239	128	175	247	244	117	
29	76	239	135	86	18	239	176	116	230	86	198	121	36	187	225	126	204	62	239	237	208	109	237	118	47	239	128	47	254	120	252	
91	206	110	222	118	144	111	246	197	76	222	231	105	206	183	244	102	224	63	206	204	13	39	253	114	111	174	129	55	151	120	93	
3	149	35	137	181	255	178	99	79	77	91	167	172	188	182	228	182	43	147	21	151	184	53	223	44	20	10	195	222	78	157	213	
34	249	18	155	126	129	186	228	158	0	80	162	172	222	33	64	254	59	147	195	66	58	10	253	52	16	138	170	21	25	33	155	
57	84	110	125	228	119	255	127	85	78	126	50	89	125	183	233	127	188	183	170	184	180	53	158	103	239	240	129	119	249	252	243	
184	92	122	238	117	127	95	120	85	206	253	43	107	125	55	149	254	249	151	163	236	183	120	159	179	223	161	143	119	254	126	211	
188	69	98	110	85	19	198	124	85	34	255	10	83	105	181	113	120	228	23	234	232	183	45	190	114	239	133	17	119	255	240	4	
83	250	131	163	34	2	42	202	59	251	210	247	141	134	203	222	183	205	61	151	199	212	141	227	156	118	159	166	172	21	43	93	
218	207	118	188	59	208	29	111	191	6	212	179	108	254	174	213	102	243	239	128	106	15	162	255	178	243	222	139	55	4	175	95	
19	133	110	205	214	178	171	115	124	65	94	146	121	38	182	100	118	135	55	173	179	152	37	223	124	46	170	192	53	128	161	124	
8	183	114	73	243	211	182	119	76	77	124	166	40	30	174	164	254	59	130	176	215	184	32	221	46	93	6	195	83	6	237	223	
71	116	239	133	178	118	171	158	60	201	222	246	217	166	159	110	119	69	127	189	145	209	181	226	44	46	190	196	173	247	177	117	
182	69	66	236	93	3	206	104	81	130	248	10	99	201	53	17	88	228	23	227	104	167	88	142	178	236	133	29	117	251	112	128	
87	123	199	135	50	10	46	24	44	228	219	231	237	102	157	214	54	229	108	239	197	144	141	232	180	36	175	128	45	183	33	93	
91	254	195	161	51	42	58	158	59	251	218	229	143	6	203	220	183	207	205	149	135	221	141	226	156	214	31	198	174	213	43	93	
2	22	154	153	114	225	184	67	30	15	89	183	164	158	38	72	223	59	147	144	22	154	65	222	15	20	154	195	144	65	45	159	
2	48	187	153	52	207	176	66	63	77	83	81	148	222	36	72	243	57	3	17	22	188	50	215	13	22	26	66	144	9	37	214	
51	122	99	76	118	155	131	120	76	64	240	238	51	200	180	180	94	184	6	111	201	163	100	157	176	40	1	58	125	175	114	181	
50	133	64	235	148	130	238	103	21	1	123	2	107	40	48	64	120	139	23	225	122	184	1	223	182	236	138	192	53	138	240	136	
180	92	122	238	116	103	94	248	21	206	253	11	115	253	63	49	254	248	23	99	236	167	120	191	243	207	161	189	125	251	126	219	
60	28	110	254	100	118	223	120	81	206	255	38	115	125	191	97	126	254	23	170	236	242	61	142	115	239	225	129	127	251	124	211	
24	122	216	115	51	41	51	218	63	61	54	41	47	25	203	24	55	155	199	16	2	56	9	179	222	215	49	183	243	155	79	139	
6	170	162	153	245	241	184	194	31	85	92	179	140	142	118	140	255	27	147	145	22	28	38	211	15	84	154	231	151	77	29	247	
43	157	103	81	245	223	238	247	95	225	122	66	248	92	148	164	126	42	18	57	247	184	125	255	44	30	135	66	95	140	240	188	
34	249	32	202	95	197	182	237	143	72	240	43	40	220	60	0	204	147	147	225	210	43	82	255	61	20	140	251	85	30	214	219	
57	90	71	190	38	195	143	112	196	72	220	231	113	204	179	228	126	224	150	239	205	161	70	189	112	39	170	136	63	191	120	217	
7	14	231	223	164	34	175	66	220	206	95	242	208	236	181	111	123	108	51	175	177	244	39	234	4	62	235	128	133	237	117	228	
138	219	86	152	75	129	188	127	157	0	80	230	45	199	162	197	102	179	143	192	115	25	6	255	180	50	158	195	63	132	169	29	
191	221	122	94	79	149	254	228	205	84	244	135	105	204	55	101	110	225	162	199	199	47	62	253	51	121	198	41	127	159	104	220	
40	201	185	251	189	201	85	142	78	29	252	8	182	189	40	96	201	91	174	64	74	42	107	181	239	215	52	123	16	90	196	235	
123	223	107	220	101	210	255	247	225	72	254	231	105	159	182	116	110	247	183	197	205	159	36	239	114	111	254	131	111	150	246	255	
191	237	101	186	95	213	79	232	135	244	181	10	107	215	59	181	104	224	147	238	106	103	62	253	59	217	133	57	55	191	114	236	
218	201	86	190	133	212	124	37	157	4	210	3	108	186	54	197	232	179	191	225	124	175	19	255	179	242	218	75	55	12	252	14	
59	251	64	170	118	145	94	252	7	68	84	231	47	130	178	148	126	235	151	231	206	26	68	253	186	69	140	235	63	158	186	221	
11	189	50	137	247	213	186	227	94	73	89	98	140	152	126	164	254	27	146	145	151	184	60	215	44	20	138	239	223	14	185	207	
159	233	97	74	62	145	139	248	207	64	212	142	249	204	247	228	94	104	154	207	199	41	126	253	62	72	135	56	127	159	89	252	
62	94	103	222	30	147	203	120	133	192	213	206	123	77	181	165	94	240	223	238	233	167	124	189	51	107	129	152	127	175	120	112	
6	112	186	153	119	245	184	66	31	61	84	51	140	158	102	12	255	25	147	145	22	158	16	243	15	84	154	227	149	5	173	151	
243	157	111	76	68	86	237	119	241	76	254	2	57	188	182	119	106	246	54	237	249	187	180	237	115	40	226	128	103	224	246	252	
2	48	163	153	116	205	248	64	191	77	83	83	132	222	100	72	248	57	51	144	22	156	50	209	7	22	154	194	148	9	53	214	
50	109	210	236	116	171	106	214	47	129	248	10	43	235	53	80	126	235	23	144	10	186	192	235	182	252	134	136	247	218	98	136	
6	56	34	217	69	213	184	80	135	77	87	3	136	223	102	108	236	57	19	212	134	150	114	209	71	217	154	235	23	13	117	215	
137	18	91	233	117	200	105	84	45	77	118	198	27	131	166	208	106	168	134	72	19	188	52	197	6	249	178	193	46	136	124	248	
27	67	227	197	102	82	239	116	69	200	94	230	89	44	183	100	126	228	55	237	193	177	37	200	118	44	170	128	39	247	113	253	
42	219	107	158	102	208	191	246	137	70	220	231	41	140	183	64	110	249	147	199	193	191	166	233	118	97	206	11	63	191	116	249	
153	16	91	169	38	255	235	81	37	76	253	54	31	31	186	84	126	137	151	239	201	183	48	214	210	197	170	128	127	143	105	241	
3	158	30	217	49	180	56	115	175	25	76	180	172	214	38	228	231	59	187	128	150	136	50	213	138	246	154	203	154	0	169	159	
61	22	91	204	102	51	235	112	68	66	125	230	81	69	179	229	126	168	2	234	169	178	36	140	86	169	160	0	127	171	120	176	
113	143	107	180	198	162	239	247	208	192	90	231	49	174	247	67	110	239	55	205	225	251	164	108	124	40	238	128	173	240	113	216	
0	152	43	153	53	247	97	3	87	125	119	23	128	146	102	108	233	40	166	152	62	156	49	215	207	222	146	71	146	13	100	214	
11	128	24	249	21	253	121	3	95	93	70	22	136	130	62	108	225	11	19	156	22	156	51	215	207	221	154	69	146	12	173	198	
57	94	99	76	54	147	203	112	196	196	125	198	115	204	183	101	126	168	22	110	201	179	52	157	114	233	162	8	127	191	112	245	
10	157	118	152	187	193	156	103	141	1	92	178	172	191	32	196	102	51	159	129	114	8	6	215	190	112	154	203	54	12	173	43	
195	76	142	188	13	180	188	134	158	82	194	87	172	234	51	203	229	99	187	199	164	197	150	235	144	115	218	11	24	117	57	30	
61	73	43	234	213	198	111	244	164	200	254	2	113	223	49	96	248	248	19	222	75	139	58	253	251	237	175	8	57	179	240	242	
134	73	130	154	20	131	46	64	22	130	81	18	40	194	33	72	120	41	51	210	66	144	10	250	0	4	138	128	20	57	48	128	
120	83	115	76	114	90	255	120	105	108	124	234	123	29	173	116	54	221	150	226	192	50	37	253	115	237	32	165	119	179	71	105	
60	84	238	109	244	118	255	126	85	207	126	34	91	61	191	96	127	252	183	170	168	180	53	142	103	239	244	133	247	251	252	211	
87	58	131	131	50	38	43	80	47	235	219	231	189	70	223	108	119	205	31	157	135	208	189	233	148	52	171	166	140	231	51	117	
19	133	103	139	210	162	233	55	61	65	91	210	125	38	188	100	119	139	23	173	179	152	37	255	60	46	186	192	53	132	161	252	
18	73	98	156	92	128	174	230	204	0	218	2	44	138	53	64	106	235	31	195	192	171	2	237	52	40	154	136	21	25	113	136	
34	201	82	159	126	129	190	230	156	0	80	2	172	202	49	64	110	43	19	195	66	186	2	253	52	16	154	138	21	25	33	137	
90	206	102	156	107	146	61	111	191	15	212	179	44	238	166	213	239	191	239	129	110	15	227	255	178	119	218	139	55	148	173	207	
60	205	102	111	85	18	78	248	85	34	246	2	67	41	61	241	120	204	6	234	232	183	13	190	115	239	196	1	119	186	112	130	
188	77	102	110	85	2	198	236	85	162	251	10	67	105	53	209	120	236	23	98	104	183	13	174	179	238	197	17	119	251	112	130	
29	73	238	199	86	18	239	176	116	192	214	130	123	105	159	101	122	196	55	239	204	240	45	140	119	239	231	128	103	191	112	224	
87	188	239	135	50	118	171	154	126	205	222	230	216	38	223	102	119	78	127	157	131	217	189	236	252	46	174	196	143	199	49	125	
31	62	195	163	115	187	58	216	47	233	251	237	47	14	195	148	183	141	207	148	135	145	29	253	158	212	11	166	239	135	43	221	
28	122	218	99	115	27	50	216	47	172	119	239	47	11	199	148	62	153	199	80	130	176	9	251	86	213	33	167	255	143	79	155	
60	21	231	253	228	102	255	122	85	206	127	38	89	253	189	111	126	246	55	234	185	242	55	138	119	239	231	128	231	251	116	243	
50	213	48	202	247	135	158	237	13	72	184	43	44	92	60	0	220	147	151	97	210	43	72	223	59	28	140	242	85	14	213	219	
171	221	119	81	245	223	175	247	125	225	122	82	232	28	180	165	126	42	18	24	241	184	117	255	47	30	150	66	79	140	209	252	
7	15	238	223	180	34	175	83	92	143	95	178	208	232	183	108	123	110	50	159	176	240	45	234	108	46	230	128	133	251	245	229	
63	77	230	231	215	18	238	248	113	226	215	131	91	109	157	111	126	204	53	239	172	210	173	172	127	239	239	133	167	255	120	224	
40	195	57	235	188	201	87	173	78	13	124	40	247	247	104	112	211	90	142	64	66	40	107	181	239	213	52	59	48	90	196	235	
250	129	98	254	197	212	124	61	85	4	247	19	105	127	62	193	248	147	183	224	254	58	83	223	119	251	218	203	55	142	252	10	
195	145	107	94	192	212	237	119	121	68	118	2	120	190	182	117	126	175	55	137	245	186	182	237	119	58	218	192	7	134	231	236	
50	217	107	254	71	148	255	246	129	64	252	135	49	172	53	96	108	251	147	199	201	187	176	189	115	109	222	8	29	158	116	248	
115	219	107	92	118	148	255	247	245	72	222	231	56	159	182	100	110	251	183	205	207	155	36	255	118	47	190	202	63	148	244	253	
59	205	43	218	93	213	207	230	197	92	252	15	58	204	54	97	232	226	147	207	79	43	58	253	123	91	150	104	83	28	244	254	
2	153	114	73	243	215	190	103	79	69	124	167	140	156	182	228	254	59	147	209	214	184	52	253	47	28	14	195	87	14	173	223	
59	219	110	222	95	149	223	244	197	68	220	7	105	200	55	100	108	227	179	207	207	43	62	253	115	111	130	8	63	159	124	92	
16	159	90	153	242	193	177	103	252	13	122	183	44	174	166	64	231	59	38	0	246	153	0	119	126	167	58	195	28	0	173	219	
10	158	51	169	115	227	187	67	60	13	74	247	189	55	32	64	215	59	19	145	51	152	81	223	237	231	186	192	144	0	165	243	
179	251	98	136	87	151	250	252	7	69	76	135	41	141	62	4	124	168	147	237	198	154	52	253	63	76	140	99	63	158	248	220	
59	233	34	138	85	213	202	228	71	97	132	10	43	156	54	164	248	233	18	207	207	43	60	253	187	92	140	121	83	30	58	206	
2	159	42	139	246	183	186	199	30	77	88	183	140	140	54	0	255	43	147	149	182	152	0	247	14	21	154	231	149	12	61	223	
6	112	187	153	246	197	184	67	30	89	80	67	156	158	100	72	230	25	19	145	22	180	18	208	5	20	26	194	148	8	37	147	
187	73	99	76	87	159	202	104	77	64	241	142	59	76	181	180	126	168	18	111	201	163	116	159	16	104	8	24	127	175	122	244	
2	80	55	201	52	135	168	64	175	25	82	65	156	154	36	72	230	25	31	209	18	144	16	213	133	28	154	198	148	9	177	131	
9	18	123	233	102	220	105	80	109	77	118	230	57	31	170	112	110	136	134	140	135	176	36	197	86	233	178	192	63	136	101	249	
18	223	66	156	122	145	172	247	157	4	88	231	44	142	178	196	110	187	183	197	199	139	6	255	50	102	186	139	63	156	185	157	
61	9	106	232	85	83	127	80	21	6	253	130	27	159	51	109	122	184	151	238	24	178	48	204	243	221	130	0	119	191	96	224	
130	128	63	217	25	228	121	3	239	93	66	19	172	142	54	72	229	11	27	148	22	156	51	215	135	60	154	73	144	0	37	94	
2	140	62	155	244	225	185	39	158	29	90	51	180	186	166	96	227	59	31	145	54	152	35	215	79	38	58	195	16	0	165	75	
34	189	180	152	253	231	188	111	159	255	184	63	140	190	118	0	207	27	255	145	240	107	146	222	61	30	223	255	149	76	181	219	
61	1	107	77	87	247	95	112	69	64	255	2	83	205	55	116	120	168	22	238	13	179	52	140	83	237	128	1	115	191	112	192	
24	157	3	169	179	231	171	51	20	69	74	199	189	39	32	64	214	63	19	149	18	152	81	223	237	228	170	192	144	70	165	251	
58	237	15	218	125	209	215	228	131	121	180	42	42	221	182	180	200	234	215	74	78	43	42	189	59	217	165	251	83	28	126	239	
44	104	184	113	229	253	240	210	82	175	116	25	155	157	87	136	201	24	151	24	158	126	240	178	79	221	181	117	210	205	94	194	
215	115	67	165	50	10	110	112	45	228	219	231	77	70	159	212	54	237	92	239	197	145	189	206	180	44	175	128	45	183	35	85	
2	141	42	193	214	255	186	99	78	5	90	3	180	60	54	32	190	59	19	145	150	184	49	255	47	13	170	193	197	74	157	202	
11	146	6	157	117	181	184	99	157	75	82	247	172	170	182	197	239	43	159	133	167	157	6	223	150	127	218	131	30	12	57	221	
103	173	160	136	221	245	194	7	79	65	136	9	162	252	118	96	201	170	27	149	30	42	242	245	63	28	158	123	146	78	240	86	
19	219	107	156	242	208	60	247	189	77	86	231	41	134	182	240	102	171	151	197	215	155	36	255	54	111	190	194	29	132	169	221	
17	79	235	229	54	130	239	119	228	200	218	230	177	239	176	98	110	237	29	237	201	185	36	12	224	173	174	128	45	184	241	185	
17	81	115	69	118	75	167	240	109	40	126	98	112	21	189	36	58	124	6	106	193	177	37	237	52	44	32	130	103	187	117	237	
8	141	34	169	148	231	187	35	30	37	90	3	181	60	50	96	242	63	19	177	148	152	17	159	237	133	170	192	148	74	149	202	
2	72	18	159	78	129	186	230	30	0	80	2	44	202	49	64	126	123	19	195	66	187	18	253	53	32	154	40	21	25	33	136	
2	73	66	156	94	128	174	230	140	0	88	2	44	138	49	64	110	235	19	193	66	187	2	253	52	48	154	136	21	25	49	136	
60	92	254	111	116	126	251	250	85	207	127	39	83	61	191	64	127	220	55	170	136	176	117	142	71	239	228	133	247	250	124	219	
52	73	102	110	85	2	198	248	85	32	242	2	67	105	61	209	120	204	6	226	200	179	29	156	179	238	193	1	119	186	112	130	
25	65	230	237	85	18	238	120	101	160	255	2	123	73	189	102	122	228	63	239	204	177	37	140	119	239	227	1	103	190	112	160	
71	112	235	131	54	86	171	80	111	237	95	230	188	198	223	100	118	141	31	157	131	145	189	201	148	60	171	128	140	167	49	117	
52	77	198	190	221	3	198	232	17	162	224	11	66	232	37	217	248	236	2	226	104	243	8	174	176	166	197	22	113	123	112	130	
90	142	230	157	59	146	184	99	189	15	214	183	172	174	54	199	238	167	239	133	236	207	167	223	150	119	218	139	23	68	61	223	
60	21	247	237	244	102	239	126	81	239	123	102	83	125	189	106	126	246	55	234	185	242	177	142	119	238	229	128	231	251	244	241	
71	184	235	194	114	246	171	216	109	233	223	230	88	182	223	116	118	205	127	189	131	147	189	236	28	44	175	196	141	135	55	253	
23	122	195	130	115	151	106	88	47	233	251	239	109	142	255	148	190	141	223	213	135	147	61	223	62	84	139	134	175	135	42	221	
163	141	119	89	116	203	237	119	125	69	126	82	184	149	180	36	123	58	18	8	243	184	53	223	45	30	22	64	87	136	229	236	
56	191	121	235	246	201	119	253	95	37	125	42	55	245	232	112	51	90	6	114	82	56	40	55	127	141	37	125	112	138	196	171	
36	140	124	200	220	231	219	154	71	21	252	18	16	29	182	100	89	146	31	24	186	42	113	215	95	30	147	77	183	137	116	98	
43	223	105	218	85	149	237	247	87	85	220	199	57	76	182	100	77	138	147	205	207	10	119	253	107	93	158	200	31	156	240	252	
18	159	42	171	182	199	191	103	140	76	88	39	188	30	34	64	230	43	31	165	214	153	16	253	232	5	170	195	60	14	185	219	
35	149	99	223	69	212	173	103	121	64	91	66	104	252	188	229	248	175	179	141	245	186	182	237	53	58	218	130	71	70	247	236	
10	157	3	171	177	199	43	55	165	69	74	231	237	7	32	196	118	59	159	237	91	152	17	255	237	244	138	192	54	134	181	123	
39	182	224	75	213	117	170	73	27	109	125	158	8	236	222	164	221	27	147	149	151	50	252	211	15	28	155	238	223	79	222	244	
2	133	122	203	150	247	186	109	78	69	121	131	173	254	62	96	254	27	19	149	150	184	61	255	47	77	42	195	213	2	237	223	
8	152	22	185	119	183	168	87	62	25	86	114	157	19	160	236	102	27	146	24	19	152	1	213	204	231	58	66	154	140	41	161	
39	182	232	11	86	241	186	73	91	73	121	255	0	204	222	168	221	25	147	177	151	178	108	215	14	28	153	239	221	14	254	213	
134	0	18	200	36	129	232	64	141	0	208	67	132	138	117	64	234	57	27	145	66	129	2	192	148	24	138	10	20	8	49	130	
139	28	151	159	119	180	184	103	221	75	83	118	172	190	180	228	230	43	183	133	183	156	52	247	6	118	154	194	158	12	185	221	
3	157	115	93	116	231	169	119	125	77	126	82	184	183	180	100	239	58	50	8	227	184	37	223	37	62	18	130	83	200	229	253	
62	73	230	229	71	18	234	248	101	160	247	2	89	121	29	98	120	196	53	235	200	243	141	136	95	235	231	133	167	191	116	130	
40	104	184	241	181	253	240	214	223	175	60	17	190	157	83	136	137	58	151	24	138	188	240	178	79	223	20	113	210	220	94	203	
146	95	78	156	58	146	156	118	148	140	214	231	41	174	183	195	110	115	157	197	237	143	6	237	178	97	234	139	61	180	57	221	
35	149	97	202	221	133	205	125	71	65	248	94	241	77	60	96	220	139	19	157	219	42	114	247	111	126	158	120	93	10	240	184	
171	201	41	95	61	213	207	255	87	72	220	10	186	89	182	164	200	170	23	205	207	42	118	191	103	93	144	186	127	156	248	254	
179	223	111	220	54	132	191	246	244	72	214	231	57	188	182	99	110	251	149	199	239	175	36	255	114	105	250	136	61	148	112	253	
34	213	105	202	253	217	213	239	79	89	60	43	54	28	190	32	217	130	23	85	91	42	99	183	127	93	180	251	85	8	212	123	
34	180	178	218	253	249	184	231	191	95	116	181	172	252	126	12	143	59	243	17	182	109	178	247	15	30	30	235	214	12	255	223	
34	255	124	90	124	209	215	230	207	28	188	106	42	220	166	36	202	242	198	64	206	42	98	253	122	93	180	251	87	156	84	111	
147	95	94	188	58	210	158	118	180	204	214	231	53	174	163	67	102	113	141	199	237	141	38	109	242	227	234	129	61	177	45	89	
87	97	107	133	18	26	111	120	45	228	223	198	89	70	151	116	126	237	95	239	205	145	181	204	180	44	171	128	45	183	115	116	
34	188	180	145	253	229	188	103	31	127	216	63	172	190	86	1	239	59	255	149	182	254	83	215	61	22	222	243	213	76	165	219	
4	15	238	223	182	162	174	211	212	143	223	226	65	233	181	74	123	110	43	222	176	249	13	234	110	46	167	193	133	251	248	129	
169	73	35	254	117	213	207	118	212	72	244	2	58	220	183	229	72	170	22	207	237	174	118	191	97	105	162	136	95	28	112	252	
82	207	35	142	23	192	186	101	141	4	218	163	44	142	38	68	246	187	155	193	70	137	0	255	184	36	142	203	21	14	181	94	
111	160	224	208	237	117	107	152	27	255	53	24	200	205	95	190	221	220	243	158	146	118	250	210	31	30	209	255	147	239	94	244	
57	83	115	69	118	82	255	240	101	104	127	226	89	220	189	244	62	253	150	234	193	177	44	205	50	45	33	132	119	183	100	237	
146	78	102	156	6	130	172	113	181	198	210	247	105	202	183	199	110	229	155	239	232	207	6	238	176	98	202	128	47	180	49	221	
41	181	97	75	213	159	230	255	87	73	121	84	242	112	188	228	89	10	18	44	251	186	125	191	45	28	148	100	91	30	210	188	
161	204	13	255	124	192	231	230	156	26	80	98	180	89	160	99	200	107	23	75	107	174	66	63	100	170	250	136	92	24	112	171	
24	65	98	237	93	22	226	120	101	128	255	2	91	217	181	100	120	236	59	234	204	179	21	140	119	237	131	1	119	170	120	2	
23	112	235	132	118	86	107	80	111	232	213	230	28	158	247	116	126	141	31	239	203	151	180	202	148	60	171	166	45	167	54	245	
2	188	182	153	253	165	184	103	30	123	80	51	172	190	112	73	239	59	191	145	50	218	195	247	29	22	222	234	148	76	165	219	
10	14	134	157	83	182	184	103	191	7	86	151	172	170	54	205	238	47	187	133	164	220	7	223	22	119	218	131	30	68	57	222	
55	65	107	164	82	86	79	112	37	192	219	198	83	70	187	116	126	237	21	239	205	147	53	204	176	236	171	128	45	167	114	244	
52	73	150	190	93	7	198	232	149	128	225	11	102	232	41	83	216	236	34	99	72	227	26	173	177	178	197	31	113	123	112	134	
101	21	243	237	116	230	235	248	85	201	123	98	81	253	189	96	126	252	55	248	145	186	189	140	63	238	167	128	247	235	112	241	
103	112	107	128	118	214	235	80	109	201	223	230	88	222	191	116	126	173	55	253	135	147	188	204	60	60	171	142	13	135	115	245	
35	91	115	198	118	211	183	244	205	196	124	226	56	156	183	36	110	248	146	107	197	187	36	236	54	12	6	139	119	191	117	253	
11	156	51	217	215	244	189	231	223	91	90	114	172	254	188	228	247	59	179	145	183	156	54	247	61	118	158	194	159	76	161	253	
28	165	33	171	149	231	155	89	70	5	217	3	223	121	56	0	89	27	31	177	154	160	89	151	237	212	171	68	247	79	181	162	
26	149	39	138	183	199	107	125	141	85	91	195	236	87	56	197	118	19	159	173	82	137	25	221	185	112	138	194	54	142	181	125	
175	240	225	169	71	103	171	216	94	125	81	151	157	204	123	136	255	73	19	215	146	118	94	242	77	76	171	236	215	31	55	211	
247	123	105	76	238	68	223	204	203	236	184	143	72	204	223	19	254	197	87	231	196	99	188	216	50	24	197	191	85	247	118	215	
30	148	35	171	55	231	155	89	15	69	89	231	236	79	56	196	127	11	151	181	18	128	25	223	137	86	139	198	182	143	181	113	
1	141	115	95	116	239	173	119	125	79	127	16	184	181	180	100	123	58	34	8	241	184	37	223	37	62	18	2	87	200	229	237	
169	76	103	220	101	114	233	118	213	202	214	50	56	156	183	239	104	232	22	171	237	247	38	206	82	123	242	129	119	252	116	237	
171	76	38	158	45	214	237	99	213	202	214	23	248	204	183	239	72	224	191	143	237	239	54	238	130	123	218	128	31	124	120	220	
82	135	99	136	159	193	159	239	13	5	216	163	44	206	44	196	250	155	159	225	94	139	4	255	185	100	138	203	53	14	181	126	
163	213	109	251	60	133	204	173	94	89	240	86	240	93	60	97	200	26	19	109	250	46	91	159	111	88	158	86	93	8	208	186	
150	92	175	254	12	230	207	98	172	202	211	71	113	255	53	107	236	245	125	199	233	197	18	104	209	170	235	152	13	113	117	114	
48	73	70	109	85	3	198	104	69	128	234	2	67	105	52	208	248	236	34	98	76	179	17	157	179	234	193	3	115	171	112	130	
16	251	123	208	86	207	115	242	87	37	100	10	63	229	32	48	63	248	2	122	114	58	56	127	127	132	5	100	115	139	197	160	
43	88	225	201	221	247	233	135	95	119	244	18	136	28	245	236	201	152	146	152	171	62	117	214	15	94	146	230	151	220	116	236	
35	148	102	136	93	180	186	234	93	65	90	83	8	252	62	228	249	139	179	181	183	190	55	215	31	62	154	207	223	13	121	150	
27	91	99	76	118	210	175	112	101	200	126	226	41	204	183	228	126	249	150	235	193	187	36	237	50	44	162	130	103	182	104	237	
34	189	112	153	219	241	184	103	159	117	92	179	172	190	102	196	207	59	147	145	22	26	118	215	15	22	154	235	151	76	173	222	
94	173	135	178	155	240	22	231	167	201	138	35	78	250	98	210	225	231	253	209	92	203	130	236	187	231	143	219	128	119	191	71	
2	188	182	216	253	253	184	195	191	93	112	49	172	254	126	8	207	27	243	17	182	104	178	215	15	22	26	235	212	76	167	223	
35	153	65	89	245	159	230	239	94	97	112	70	144	120	188	228	216	10	18	109	215	184	125	189	46	94	135	70	95	12	216	148	
118	119	107	200	238	64	158	204	139	220	152	235	72	204	127	43	190	209	215	247	198	99	174	248	49	24	239	191	69	127	247	215	
87	28	238	133	135	54	253	67	173	255	207	151	73	46	119	239	101	199	251	173	149	209	181	192	23	127	218	135	143	117	57	212	
181	95	71	14	244	14	79	253	84	202	249	230	83	96	187	117	126	238	22	111	249	178	108	46	176	46	229	144	253	251	240	245	
202	133	103	218	213	214	108	53	165	0	95	66	108	119	184	197	96	178	159	232	121	153	49	221	63	112	192	194	54	142	180	44	
42	100	178	122	89	241	144	79	203	7	236	17	44	255	110	156	139	59	195	145	6	107	146	195	11	213	22	43	195	84	175	206	
48	73	82	108	93	195	66	104	197	128	235	11	99	217	37	192	248	172	106	98	76	163	26	157	51	232	1	27	115	43	120	130	
124	65	106	204	21	150	194	104	196	0	238	2	83	201	53	224	120	172	155	234	72	163	52	140	243	237	130	25	119	171	124	2	
155	219	14	191	62	18	142	172	212	90	210	247	225	72	179	227	238	225	159	231	237	197	5	189	160	107	234	145	61	60	249	29	
61	73	99	236	85	86	107	112	5	192	227	130	81	223	51	112	120	236	19	238	205	147	52	140	179	237	128	0	39	175	114	240	
52	73	150	174	93	197	70	104	135	140	233	11	99	201	37	198	216	224	234	98	72	163	202	189	179	244	133	59	115	63	124	130	
2	167	34	154	243	241	184	103	31	77	93	179	172	174	102	132	253	59	147	145	22	152	2	215	15	22	154	235	151	12	189	222	
123	61	101	68	252	79	197	39	73	232	186	75	58	60	20	179	200	246	93	33	204	43	245	206	51	28	229	48	101	232	86	78	
90	93	165	164	139	98	149	15	142	227	138	167	207	60	71	194	193	87	253	129	88	73	211	128	185	103	223	63	132	124	149	90	
33	217	87	89	213	223	164	231	78	113	122	70	178	152	180	228	232	42	18	77	215	184	52	189	46	91	7	70	93	12	217	157	
92	175	26	162	187	208	22	231	167	140	202	35	47	251	98	208	226	251	141	211	94	139	130	47	250	229	175	203	162	7	190	75	
163	48	225	211	77	247	248	73	95	251	181	26	200	92	220	237	217	155	179	145	215	246	125	208	15	88	219	55	215	78	216	172	
50	141	67	168	147	195	30	239	21	1	216	163	47	14	32	196	123	155	151	161	95	138	64	255	185	228	138	203	53	12	181	126	
40	201	51	216	85	215	171	246	95	0	104	66	40	149	37	164	172	58	130	216	195	187	50	253	57	24	7	98	83	152	101	172	
21	171	70	207	180	130	238	240	196	136	219	231	225	233	181	192	126	100	46	255	213	169	15	236	62	44	167	200	13	170	121	129	
53	93	111	78	180	31	79	249	84	200	255	70	83	96	187	117	126	236	22	110	249	178	125	46	248	47	101	128	125	251	240	229	
2	143	123	95	244	230	175	119	125	15	126	16	248	225	180	100	122	58	2	8	178	184	32	255	101	62	18	64	83	200	229	173	
63	106	99	168	117	151	234	80	181	200	208	231	41	206	183	176	254	169	23	247	207	151	4	255	176	76	171	136	39	151	114	197	
2	157	115	217	215	226	185	103	30	69	94	162	188	190	180	100	103	59	19	129	147	152	55	223	109	38	158	194	151	76	181	254	
51	221	106	173	119	151	254	119	77	64	90	199	44	188	182	228	254	171	151	69	199	184	20	255	50	124	142	130	125	30	249	223	
34	91	115	78	86	145	191	244	197	196	252	166	41	205	181	36	110	249	147	235	192	171	52	237	119	8	130	136	119	191	101	252	
37	57	211	205	116	198	234	80	68	200	123	102	81	217	181	224	126	252	54	248	131	178	157	140	62	172	163	200	125	171	112	177	
74	142	166	157	83	182	184	103	189	7	94	151	172	174	54	204	230	47	171	133	148	216	131	199	6	119	218	195	130	68	173	222	
179	120	99	140	118	214	235	80	105	200	208	230	24	158	183	116	126	169	23	239	205	151	180	202	147	60	139	170	61	189	114	245	
