Ê¥ÂÞÀ¼Ó¨ÁÁ²Ó½ð´½²Ê	#30 ÌðÃÛ	http://www.yslbeautycn.com/on/demandware.static/-/Sites-ysl-master-catalog/default/dw39ae39e7/Makeup_Pro_img/00028YSL/L4972100U_30_COLORIMG.jpg	//www.yslbeautycn.com/dw/image/v2/AARM_PRD/on/demandware.static/-/Sites-ysl-master-catalog/default/dw0c14c82e/Makeup_Pro_img/00028YSL/L4972100U_30_01.jpg?sw=336&sh=444&sm=fit
139	159	47	94	248	244	159	183	150	95	92	245	252	245	186	97	215	123	187	15	247	14	62	63	99	63	126	138	30	244	189	251	
0	36	130	131	84	163	162	66	22	3	89	2	0	138	104	0	121	8	2	16	2	180	1	194	12	4	146	68	149	74	48	128	
19	207	2	156	87	144	172	103	157	69	218	199	44	136	182	196	238	171	155	133	198	139	6	239	176	116	154	139	31	12	185	220	
166	32	230	146	196	162	170	65	144	194	209	147	72	206	53	107	120	173	19	183	176	199	134	200	16	42	203	136	133	110	114	196	
2	132	34	153	215	241	184	74	31	85	89	179	140	142	110	72	251	27	147	145	54	156	34	215	15	22	154	207	149	12	53	214	
19	133	111	205	20	146	239	119	100	65	222	66	113	42	182	100	120	174	23	173	217	155	37	207	112	44	170	128	37	130	240	236	
6	132	2	137	20	163	170	202	22	1	91	2	72	202	56	64	121	9	19	177	18	148	9	223	40	6	155	196	148	11	48	128	
143	22	231	145	182	50	168	17	125	75	83	246	205	76	188	237	119	13	158	181	181	212	37	206	140	106	251	196	174	197	49	85	
2	217	18	154	125	133	188	231	142	24	88	35	172	222	32	65	236	59	147	193	66	26	2	253	53	16	158	234	16	28	165	219	
6	166	160	155	117	225	184	74	30	45	89	179	140	204	126	8	217	11	131	149	18	152	74	215	13	20	155	239	148	77	21	210	
2	249	34	136	95	197	186	229	142	113	88	139	172	222	112	0	238	59	147	209	82	58	18	245	61	16	142	235	21	14	181	218	
6	32	130	145	20	163	168	64	22	35	83	18	8	138	120	72	121	9	19	145	2	148	1	210	12	6	154	196	149	72	49	128	
40	115	122	104	106	79	121	93	165	44	252	169	24	159	102	16	238	149	207	160	64	163	160	80	87	137	32	185	115	130	102	251	
130	32	224	147	70	129	168	68	30	99	81	147	140	142	92	8	63	9	19	149	130	212	12	210	12	14	154	164	133	12	49	208	
11	56	51	193	79	189	184	82	109	104	210	78	184	24	149	174	238	185	90	157	135	187	245	192	23	120	138	162	79	13	25	157	
183	16	67	168	109	23	202	72	13	72	209	207	11	142	55	244	252	137	31	239	205	135	84	204	144	88	138	190	29	47	122	212	
67	32	39	140	76	132	169	72	206	192	193	2	176	206	245	102	72	44	123	253	131	135	231	221	21	56	139	88	20	15	112	164	
2	139	38	158	29	209	150	230	223	4	200	131	236	204	54	64	200	107	171	85	38	171	74	255	161	118	154	91	20	15	181	206	
106	99	98	136	104	19	184	81	141	36	213	231	141	142	182	198	110	141	223	173	132	19	199	208	150	113	170	232	22	142	61	213	
35	197	113	203	117	213	167	237	78	13	120	66	40	220	188	228	216	58	146	72	195	56	62	253	37	28	138	74	87	30	245	172	
18	32	39	169	30	3	136	106	22	161	210	179	23	28	32	0	248	157	95	161	8	223	65	159	153	198	155	84	53	8	52	10	
3	151	32	137	245	191	176	107	94	109	89	151	140	136	62	0	217	11	147	21	150	184	85	215	12	20	154	231	221	14	153	214	
154	98	107	169	6	203	248	70	124	101	210	147	163	12	22	8	106	137	159	149	142	188	101	208	198	65	186	129	101	12	85	218	
98	50	38	153	123	131	184	66	47	53	240	173	140	142	70	88	238	157	235	145	2	95	195	213	149	16	154	251	1	4	39	219	
9	33	126	77	100	27	232	80	109	96	118	70	187	8	151	228	106	140	126	205	133	176	229	200	6	233	34	128	111	140	121	133	
80	16	79	173	30	99	88	19	20	33	202	243	151	31	32	64	110	149	63	129	24	157	81	159	209	230	186	209	53	136	52	26	
63	112	115	232	7	205	87	64	43	68	224	8	62	159	101	188	250	185	150	66	75	39	48	209	147	220	0	58	114	23	38	110	
145	23	111	197	182	18	175	53	124	194	222	246	209	41	190	99	126	68	61	238	225	181	37	78	98	43	239	132	45	242	249	113	
0	144	123	81	114	200	57	55	253	65	118	176	191	23	132	116	38	59	22	8	19	184	48	71	71	252	50	66	70	128	135	249	
207	190	236	243	182	244	249	146	187	95	29	183	157	127	223	43	167	91	181	157	183	84	174	226	78	95	254	231	142	213	29	119	
248	69	98	232	126	19	78	92	229	64	180	139	27	15	177	117	126	144	95	238	232	39	100	158	114	201	162	184	119	191	112	88	
186	4	98	236	6	34	120	82	21	67	247	147	11	13	61	72	126	149	23	173	168	183	69	202	146	237	186	128	183	237	112	193	
147	150	111	197	182	34	175	55	124	194	95	246	209	32	190	101	119	79	63	173	177	156	37	206	44	46	234	196	141	224	177	245	
73	105	5	172	108	133	73	76	198	224	192	141	183	134	211	226	66	172	122	205	139	3	247	17	148	168	139	56	60	142	51	248	
187	213	114	237	182	23	92	119	117	75	254	179	27	31	182	113	126	155	151	140	232	186	37	143	242	249	190	128	55	140	246	251	
61	84	234	192	38	50	255	240	105	82	189	174	91	61	191	59	127	212	151	238	236	183	44	200	210	75	234	148	231	255	119	113	
32	137	132	95	93	139	226	172	214	17	96	2	224	233	61	207	89	106	34	72	26	120	91	61	13	166	213	1	209	58	88	138	
135	54	233	81	230	114	173	222	122	251	23	246	144	45	223	42	63	76	23	157	179	244	173	194	78	15	255	228	207	209	215	241	
211	95	198	156	226	34	110	54	189	194	90	247	108	227	163	87	102	231	61	238	101	157	133	234	48	34	238	130	46	245	56	29	
185	69	111	237	246	2	111	117	85	196	126	198	83	45	178	37	126	204	21	238	233	178	37	142	242	235	160	128	127	186	240	253	
113	17	3	174	100	13	202	117	44	72	249	79	183	26	48	80	220	161	95	39	205	163	80	206	176	248	170	24	89	10	114	25	
134	144	178	155	123	165	176	66	62	89	81	18	172	222	44	72	231	57	147	145	178	156	18	215	5	30	26	202	144	5	33	147	
134	32	130	145	70	3	168	73	30	49	81	146	12	142	120	72	127	25	19	145	34	212	9	210	12	6	159	164	149	8	49	128	
82	49	54	172	107	135	88	73	175	184	192	173	143	223	96	82	246	189	253	181	78	83	194	217	211	240	139	191	52	4	39	19	
223	30	135	183	178	178	42	51	60	202	83	247	221	110	176	193	119	103	189	165	181	213	5	206	168	102	235	192	172	228	57	85	
34	24	117	219	101	237	233	18	173	88	119	0	184	151	213	108	96	56	83	8	3	56	114	241	7	56	146	42	83	141	71	248	
38	100	226	129	84	35	170	202	86	163	121	18	8	136	125	8	121	12	19	145	130	182	73	194	12	12	159	164	213	95	114	128	
2	144	18	155	113	165	184	66	62	25	113	16	172	218	40	72	231	41	19	17	50	188	2	247	13	54	26	202	144	1	33	131	
113	115	3	168	108	5	104	84	5	224	184	207	151	131	177	84	110	164	78	236	201	3	212	200	176	176	170	184	61	154	50	153	
18	48	4	173	9	231	176	75	47	249	218	229	172	158	6	88	228	29	255	133	7	217	83	213	149	114	154	195	25	4	59	159	
135	22	231	193	182	34	169	27	124	123	83	246	208	44	252	109	119	15	31	189	179	212	45	198	12	30	187	196	172	193	177	245	
33	1	151	89	4	142	97	7	119	17	98	16	147	17	21	108	72	168	42	24	10	248	113	21	69	186	144	64	81	8	80	40	
166	72	162	158	76	160	170	64	148	130	81	18	40	202	113	75	104	105	51	195	160	151	130	200	16	32	202	136	21	107	48	128	
180	95	83	200	102	3	206	80	5	168	184	238	11	3	165	148	110	156	206	234	201	163	64	200	178	144	162	188	127	187	102	185	
166	8	130	158	76	160	138	64	148	130	81	2	32	200	49	73	72	104	19	195	32	166	2	170	16	32	138	136	21	105	48	128	
27	141	107	221	246	144	237	119	117	64	94	194	57	46	182	228	102	171	23	141	213	152	36	207	118	109	186	128	39	132	241	236	
34	249	34	154	95	193	190	230	142	68	88	139	172	220	54	1	234	59	147	195	70	58	26	253	53	16	138	43	85	30	119	222	
47	102	226	10	213	183	234	216	83	238	125	79	64	200	191	164	217	232	146	127	142	178	92	154	62	92	133	172	223	255	122	132	
141	183	105	227	246	115	249	31	22	125	127	246	25	61	222	40	63	26	23	189	179	188	109	214	110	77	183	196	239	205	212	241	
82	153	123	252	202	192	29	39	160	70	70	163	53	191	36	80	230	191	181	193	88	31	162	119	243	231	250	203	52	0	165	123	
40	233	104	110	93	201	194	232	71	4	232	139	51	201	51	144	88	168	130	74	78	58	94	61	115	205	128	57	115	155	94	136	
35	201	97	206	95	213	135	236	69	68	220	2	32	92	188	36	88	138	19	233	195	42	126	253	53	28	130	42	87	158	244	236	
97	0	180	205	76	141	225	72	206	16	65	2	240	217	61	102	88	44	58	73	2	32	207	145	69	56	131	28	85	43	80	160	
212	222	13	147	150	230	39	238	28	127	26	119	84	98	11	201	249	195	132	163	127	220	41	127	184	6	255	198	153	83	165	123	
2	149	148	185	155	197	52	175	159	51	10	16	172	190	40	65	197	27	251	17	50	72	83	247	173	215	30	87	144	64	133	10	
51	52	19	232	53	239	66	64	109	65	249	72	182	156	53	240	252	185	94	97	159	35	112	223	145	220	0	122	88	11	66	20	
50	143	107	170	150	163	139	238	22	5	216	135	97	237	50	0	123	170	19	181	26	171	12	191	248	5	139	193	245	206	180	200	
35	150	151	24	235	187	148	7	190	91	113	253	142	172	164	143	199	59	226	21	181	238	70	194	12	18	94	222	216	76	139	157	
2	146	52	153	109	173	184	67	158	25	80	49	172	158	96	72	207	59	187	21	146	92	82	209	5	18	218	234	144	12	37	219	
65	156	63	104	114	164	49	55	236	89	110	68	20	54	38	113	167	55	48	60	147	136	50	93	45	172	58	202	152	0	35	187	
210	92	166	222	43	244	154	214	141	74	214	167	108	254	55	99	230	243	189	199	224	13	58	233	147	122	218	155	23	119	53	95	
88	50	46	140	61	211	17	72	134	212	196	169	172	199	226	70	80	60	235	208	10	67	227	149	209	225	139	59	18	6	54	242	
6	143	135	159	223	232	166	165	254	55	67	87	228	234	60	203	177	99	42	131	116	120	30	127	44	38	223	105	152	115	185	142	
244	140	205	92	156	34	78	170	83	162	138	90	83	97	29	211	89	198	104	42	56	103	223	63	56	174	197	92	189	248	120	32	
26	53	114	233	182	59	248	91	45	105	255	179	15	159	254	96	254	159	95	181	152	187	33	198	158	221	138	242	247	206	241	213	
90	20	123	249	114	224	121	19	53	5	199	177	153	23	0	88	102	191	61	152	26	152	241	199	199	229	186	193	164	128	164	122	
65	141	27	101	100	44	105	51	104	8	106	0	183	59	16	115	160	38	48	8	209	184	144	13	69	170	98	64	72	224	243	128	
160	97	122	72	108	221	177	72	206	32	252	10	144	157	245	102	106	56	122	104	129	35	226	216	87	56	3	62	85	139	101	162	
91	49	34	169	47	221	152	67	109	108	210	175	143	156	86	230	238	157	223	149	156	57	245	192	151	241	154	211	30	12	61	95	
185	149	106	229	182	19	207	117	81	64	255	166	91	61	182	48	126	142	21	238	249	186	37	142	242	237	160	192	119	170	242	241	
210	182	188	181	10	41	49	142	174	63	18	191	143	47	75	11	167	23	237	33	38	69	131	81	199	195	121	183	176	65	13	91	
146	50	39	141	15	87	176	75	15	249	210	127	10	156	84	239	236	157	255	145	143	247	195	209	23	112	27	255	27	12	61	215	
130	136	50	155	116	169	168	2	62	1	83	16	172	202	52	72	227	41	51	17	178	188	2	247	4	62	26	192	148	9	33	137	
82	225	58	232	11	197	17	65	175	28	132	1	190	215	98	74	224	177	255	211	74	3	178	209	217	176	10	123	16	2	39	106	
132	236	222	218	222	224	175	236	154	23	105	146	229	226	45	137	51	107	2	186	115	69	30	127	44	6	223	108	157	123	233	128	
1	162	164	189	60	147	144	41	22	177	66	171	231	204	130	68	158	44	235	37	140	248	199	157	206	114	89	55	118	172	21	206	
60	69	102	228	20	18	79	248	229	160	255	2	83	235	185	100	120	196	29	234	200	163	45	174	242	237	165	148	39	187	112	32	
67	18	134	153	47	153	184	67	111	121	210	246	172	136	214	238	238	133	254	149	151	253	231	193	150	112	218	195	76	12	57	29	
57	64	106	236	20	18	75	120	69	64	255	130	115	205	183	96	122	164	23	238	205	179	109	157	210	237	163	128	119	171	112	96	
67	242	146	177	109	157	184	6	239	89	80	247	172	154	86	235	230	9	255	149	135	92	198	209	134	80	154	235	30	4	41	159	
127	88	242	226	102	48	250	82	33	106	247	183	31	30	183	124	238	149	223	159	141	183	37	226	210	223	250	146	231	253	114	245	
66	97	122	109	15	209	176	72	142	164	139	139	105	218	68	2	178	53	249	224	70	1	151	29	87	237	9	59	37	35	13	130	
131	22	111	65	246	50	171	55	124	195	94	246	209	44	188	101	127	14	23	189	177	188	37	78	108	46	190	196	173	200	241	245	
99	50	167	12	76	23	81	88	199	248	246	239	82	157	150	114	92	172	127	36	140	243	231	29	91	58	193	188	42	172	86	215	
102	173	214	86	156	137	78	168	219	179	2	72	102	232	93	3	147	103	105	66	118	105	154	111	41	158	85	53	192	122	83	10	
140	255	137	154	221	116	103	190	82	95	13	86	247	226	75	136	89	202	130	218	123	102	250	51	237	135	183	109	184	123	188	240	
214	158	157	151	144	108	39	167	57	95	122	116	102	50	143	27	169	71	100	2	121	124	139	98	164	182	118	2	200	81	163	93	
122	99	105	201	106	19	233	89	37	164	247	231	129	15	214	212	126	156	223	245	200	147	229	204	214	225	170	245	55	134	62	245	
64	170	190	94	41	200	49	133	174	157	166	8	230	243	68	126	129	116	233	16	18	105	139	97	93	182	23	91	128	2	135	43	
163	50	36	169	108	167	216	83	71	40	82	95	16	152	22	8	204	141	55	13	142	190	83	145	70	56	152	130	53	136	80	143	
255	90	225	247	231	124	253	16	57	206	183	247	91	63	215	190	239	241	181	143	173	116	33	226	215	223	250	130	239	247	116	117	
203	30	102	84	51	254	249	55	249	206	126	181	40	60	150	247	167	183	253	133	181	217	180	206	59	123	80	131	71	100	111	95	
91	156	118	85	51	246	17	55	249	79	70	53	44	62	6	247	167	55	253	4	181	201	49	207	131	127	88	195	138	68	47	95	
2	26	118	248	109	157	248	64	175	29	53	167	140	143	103	72	238	57	151	81	22	40	2	240	7	88	26	235	214	13	5	199	
242	97	114	232	46	10	92	127	141	32	248	138	15	142	52	80	254	157	95	160	200	171	197	223	178	252	154	186	117	136	195	25	
127	22	240	227	245	60	250	82	41	239	191	191	9	63	223	188	239	153	151	157	157	178	224	194	95	221	178	226	167	239	118	247	
237	129	84	74	221	21	66	152	67	49	165	90	89	82	222	255	88	196	98	250	191	114	255	213	30	136	197	124	219	163	234	4	
131	34	76	209	101	188	233	19	173	21	118	144	141	130	214	111	98	8	114	28	150	188	102	192	6	120	146	193	78	132	217	132	
52	222	149	127	157	79	70	174	87	191	162	94	227	97	13	11	89	198	104	114	122	234	91	63	41	182	85	86	249	121	208	10	
10	161	188	184	153	237	176	207	159	53	136	25	140	158	106	8	137	27	251	17	18	73	210	213	201	215	159	127	144	12	135	202	
134	112	178	155	199	229	184	76	30	83	65	179	140	222	109	104	255	25	147	145	50	86	90	210	13	22	154	111	148	13	181	214	
161	77	107	79	84	15	239	112	68	4	124	6	112	97	181	36	92	232	18	238	225	178	116	127	101	12	128	32	85	186	82	232	
137	222	124	255	246	116	127	183	85	79	126	183	249	63	158	97	39	91	183	142	231	124	109	183	103	251	246	128	55	212	213	249	
135	170	186	187	36	173	184	194	206	95	49	116	172	218	255	43	167	9	23	29	134	37	34	241	134	216	122	234	220	73	33	205	
134	112	160	155	71	225	184	200	31	119	81	179	140	222	111	8	217	25	147	147	2	86	90	242	13	20	155	239	148	31	23	210	
250	233	0	170	29	213	66	232	135	12	128	11	34	218	103	212	216	169	205	195	78	3	202	189	177	240	139	59	49	31	62	14	
186	17	115	76	55	82	205	113	69	44	246	42	11	29	180	245	126	156	148	232	217	186	37	140	179	249	128	198	119	138	228	101	
123	35	106	137	108	27	233	81	45	228	214	207	139	9	151	212	110	132	95	189	220	179	229	204	214	105	170	208	47	140	122	244	
247	105	34	174	29	217	194	104	205	32	193	10	46	216	53	228	216	168	26	99	78	35	90	189	177	88	137	59	53	47	94	38	
63	64	66	172	69	23	74	104	5	128	224	11	75	203	63	213	216	169	151	239	76	135	80	140	147	249	138	57	55	191	122	196	
139	222	251	254	249	244	255	191	148	79	93	245	253	255	186	225	151	123	181	46	243	204	58	191	103	255	252	139	150	244	189	127	
3	57	53	217	100	237	168	67	237	88	115	66	180	158	213	110	232	57	82	153	151	184	118	192	5	56	154	66	69	8	65	165	
26	79	34	190	29	193	146	96	141	4	202	131	236	206	35	64	216	249	171	67	74	139	74	255	177	119	138	27	16	15	53	202	
3	40	5	137	108	175	232	66	78	32	210	66	180	152	21	168	232	44	122	73	134	187	199	208	20	24	154	32	85	9	113	140	
112	99	122	72	122	3	216	105	237	0	181	42	26	155	164	52	122	176	75	232	72	35	128	220	115	152	3	63	83	168	102	162	
3	10	63	187	52	169	168	2	254	25	83	117	181	136	188	72	199	43	31	21	150	188	3	113	196	156	58	192	212	9	81	129	
72	135	131	189	52	140	109	55	188	11	90	85	189	163	48	64	196	39	61	13	209	152	128	71	229	183	122	192	0	128	145	41	
9	33	103	73	102	27	232	81	109	96	242	70	155	8	148	100	106	140	126	173	133	176	229	192	22	104	162	128	111	140	113	132	
64	135	27	189	176	140	105	55	188	29	90	85	180	167	32	80	164	43	61	5	82	152	130	103	229	180	186	200	0	0	165	57	
120	109	51	234	121	193	87	96	129	12	185	40	47	215	32	180	216	185	149	226	72	3	32	189	179	213	40	187	50	14	38	99	
50	135	74	186	218	192	24	103	149	69	221	179	37	207	34	64	238	187	151	129	94	139	6	215	210	101	154	203	53	4	188	218	
33	77	122	78	84	207	239	112	64	72	125	14	51	113	50	48	120	168	18	110	225	186	48	63	119	141	32	40	121	171	122	184	
98	35	22	168	106	7	120	73	175	160	192	233	7	139	96	82	230	157	127	165	72	155	194	208	148	240	138	170	56	8	34	131	
0	158	51	126	112	236	57	247	188	25	122	113	188	151	36	80	166	59	7	0	146	9	34	103	71	190	50	138	64	128	167	187	
255	189	164	50	185	245	30	216	147	255	157	189	76	252	199	191	141	83	245	215	191	75	250	182	251	95	173	255	154	119	142	87	
82	35	66	136	106	1	168	65	173	32	209	211	141	138	180	84	110	157	75	165	68	3	197	192	148	112	138	252	21	142	163	132	
142	190	244	241	180	180	248	158	187	255	28	183	141	127	223	47	167	83	181	157	182	76	170	226	206	223	255	238	134	213	213	119	
166	98	160	147	245	61	186	200	91	191	85	159	136	204	127	8	221	73	131	23	134	118	206	242	14	20	159	239	215	95	223	199	
186	4	242	233	6	43	248	82	61	3	243	146	11	15	53	89	126	133	31	177	184	183	5	194	146	255	218	132	183	221	240	128	
221	94	239	231	166	50	239	183	85	230	222	246	121	45	147	103	127	198	61	238	229	244	37	170	102	235	231	128	47	245	240	121	
185	77	110	231	38	18	95	245	65	194	254	134	91	45	183	119	126	196	21	238	233	182	37	174	242	235	228	128	103	190	240	121	
134	16	50	155	229	165	184	65	30	25	81	19	140	222	108	73	231	25	51	21	146	212	10	209	5	58	26	206	144	13	161	211	
134	112	176	155	199	229	184	204	30	83	65	179	140	222	111	72	255	27	147	145	54	86	26	242	13	22	154	239	148	93	165	214	
2	152	28	153	105	173	184	67	30	25	80	17	172	158	96	73	207	57	179	145	18	220	83	209	5	18	26	234	144	8	33	155	
143	182	124	115	249	255	159	191	31	255	29	253	221	125	222	169	151	91	151	63	183	124	63	183	111	95	61	231	222	221	205	251	
243	5	67	140	84	15	78	97	1	192	233	139	19	3	53	148	88	160	22	174	73	35	84	206	176	188	128	24	115	142	106	12	
34	98	6	137	107	201	184	68	47	53	240	167	140	142	70	88	238	185	235	209	2	159	195	208	149	16	154	227	17	13	39	218	
254	68	98	232	78	9	110	92	229	2	176	10	11	137	53	89	126	129	95	227	232	39	4	216	178	233	162	184	119	191	114	136	
57	64	64	109	85	143	74	120	21	32	245	11	115	73	49	144	88	168	7	238	8	182	80	157	87	205	160	32	123	143	114	146	
121	79	196	229	36	26	76	55	117	170	222	228	235	35	145	247	70	228	236	172	233	152	69	142	166	255	228	144	46	252	88	44	
114	51	33	168	124	189	120	65	173	105	210	239	135	28	16	80	238	157	223	149	156	58	193	196	151	240	154	251	60	12	186	23	
130	8	22	155	100	169	168	0	62	17	83	16	172	202	56	73	226	41	51	17	34	148	2	245	4	50	26	192	148	1	1	128	
166	226	160	147	229	241	186	200	31	127	17	179	140	204	127	8	221	27	147	151	166	86	110	242	15	22	159	239	149	95	21	214	
167	226	224	18	237	25	190	200	91	254	21	159	72	204	95	15	157	201	243	215	198	118	238	240	30	24	207	191	199	127	95	199	
179	7	90	236	22	23	78	101	1	130	249	206	3	8	181	148	126	188	132	166	109	178	84	142	178	252	128	0	125	250	106	156	
134	12	134	158	76	160	168	64	148	146	209	18	32	202	49	75	72	104	51	147	32	215	138	234	16	34	202	136	149	105	48	128	
137	159	111	215	182	50	175	183	116	66	86	246	217	45	144	225	119	70	63	175	241	252	45	239	102	47	254	196	47	240	241	121	
67	158	173	151	162	58	45	183	60	219	86	244	245	102	146	127	55	103	60	175	241	220	175	111	172	38	127	128	140	240	129	125	
128	192	146	155	116	173	184	200	62	25	113	16	172	202	104	73	231	9	2	17	34	244	10	245	4	48	26	74	144	1	33	129	
90	93	18	254	27	198	18	96	165	128	234	0	254	247	33	80	240	245	251	226	72	139	146	239	243	245	138	27	2	35	37	26	
50	143	106	168	158	227	195	239	134	5	216	135	99	233	50	0	120	170	7	245	26	171	4	191	248	7	175	209	245	78	244	234	
61	64	107	236	84	2	75	120	69	64	247	130	115	77	187	96	120	172	23	238	201	179	36	156	242	237	163	128	117	171	112	96	
163	73	99	77	94	211	175	104	93	64	252	194	112	216	181	228	120	56	18	235	225	179	125	255	53	8	130	8	87	191	116	172	
226	32	34	76	77	3	136	72	143	160	224	137	2	136	116	119	204	188	123	44	8	39	199	208	19	56	128	62	83	140	114	164	
67	226	34	145	109	157	184	5	239	89	210	191	172	138	86	203	238	137	255	149	134	58	199	209	148	48	154	227	12	12	185	223	
122	99	106	200	26	83	73	81	37	100	191	235	11	15	182	244	126	157	223	165	204	163	229	204	242	225	170	189	55	142	46	245	
157	159	175	31	147	254	183	181	246	95	95	119	242	116	171	239	117	122	170	38	245	252	63	63	111	103	119	195	251	127	189	247	
80	251	178	74	57	201	19	64	235	141	160	40	166	210	196	52	144	189	236	80	74	35	130	113	185	180	35	123	64	2	71	47	
185	105	104	105	84	143	79	80	68	32	116	11	51	73	49	16	88	168	19	110	72	178	80	29	119	201	160	32	123	155	82	146	
39	59	226	0	243	178	186	198	59	201	88	231	40	168	247	132	62	235	151	213	150	186	132	234	62	28	143	163	239	247	59	221	
3	10	187	155	100	236	233	7	254	87	115	85	180	138	116	73	131	43	35	28	150	252	54	113	69	58	18	64	152	129	197	210	
242	69	114	232	54	11	92	127	109	33	250	154	15	15	52	81	126	141	95	161	216	175	65	223	178	252	154	156	119	152	226	9	
63	88	226	230	166	50	223	208	97	194	189	171	91	61	183	110	126	213	159	239	140	163	44	232	210	219	231	148	231	255	114	81	
54	37	114	224	182	35	250	83	45	33	251	154	15	15	52	64	254	141	95	177	152	179	5	198	146	220	138	252	231	207	242	1	
66	178	213	92	27	194	0	40	171	148	160	68	228	203	77	82	144	61	105	64	2	67	155	93	9	178	65	63	120	34	39	10	
247	194	100	12	79	16	222	236	195	22	180	191	72	200	223	159	123	196	230	231	236	103	238	241	18	104	197	191	119	255	122	196	
4	186	141	159	205	197	167	248	222	223	112	102	224	226	111	143	121	106	162	210	55	72	58	113	12	6	255	14	153	32	101	253	
90	141	156	184	153	197	20	175	190	49	138	16	188	183	104	80	129	19	249	16	82	73	147	247	251	247	94	127	144	0	165	10	
255	95	172	119	171	118	23	181	149	222	159	53	106	124	143	255	197	247	253	227	253	197	107	174	243	123	253	147	170	255	156	119	
173	222	169	27	240	180	55	223	86	95	93	245	220	117	202	253	215	90	151	30	243	222	109	35	110	87	116	238	154	223	180	253	
2	168	157	153	124	173	56	11	62	57	82	80	188	130	96	73	199	9	59	144	18	92	195	213	12	50	218	194	144	0	1	137	
51	0	197	141	92	11	200	121	23	224	210	207	83	8	148	73	124	172	55	173	137	240	69	156	28	46	249	148	61	168	80	152	
173	222	46	83	224	246	183	246	116	95	95	245	112	117	175	109	221	122	147	70	247	220	45	63	110	79	116	194	202	247	188	253	
221	221	175	94	227	116	55	254	176	94	141	181	120	119	171	119	245	82	187	102	247	71	186	35	127	111	103	143	146	247	164	247	
221	156	141	158	219	119	7	251	146	254	140	159	93	102	171	231	49	198	170	160	117	65	60	158	251	71	239	61	187	118	29	118	
100	162	159	180	93	75	129	232	250	188	32	76	118	224	107	131	17	101	104	33	33	97	154	29	25	134	109	61	200	40	79	0	
203	95	124	254	175	118	223	191	217	254	31	181	109	63	183	239	135	87	253	111	229	197	61	238	227	251	125	147	30	245	141	127	
246	88	230	222	15	116	154	200	157	94	145	183	104	252	63	107	254	241	191	227	174	71	58	251	19	58	202	155	23	127	53	95	
7	150	196	129	162	58	188	187	174	115	27	247	204	46	206	207	39	7	239	181	181	221	13	212	140	18	95	198	140	196	137	149	
50	34	204	165	50	11	72	40	22	161	195	203	103	0	4	200	82	45	105	37	8	216	69	29	132	34	217	20	52	136	24	8	
120	65	98	236	28	11	194	120	197	160	241	10	115	201	57	80	120	164	95	99	200	163	0	157	210	233	161	28	119	171	114	128	
191	60	232	243	246	62	251	147	115	255	127	183	27	61	223	168	127	223	149	157	191	244	45	226	110	205	191	196	239	245	252	241	
3	127	226	20	242	176	190	214	41	196	94	231	40	174	247	132	174	251	151	197	134	154	164	234	54	28	158	131	239	244	47	221	
35	219	66	140	86	147	174	244	5	64	80	231	40	138	182	196	110	171	23	239	197	154	4	253	48	40	170	136	63	158	120	157	
130	0	22	155	100	168	184	0	188	17	83	16	172	138	48	73	230	41	51	17	2	148	2	209	4	50	218	192	148	9	33	128	
3	0	166	153	109	153	184	65	111	49	214	130	172	136	214	238	238	141	250	149	150	185	231	209	150	48	154	211	69	12	57	140	
124	32	98	236	12	3	72	88	5	160	243	10	83	203	49	80	120	172	93	226	200	179	193	136	210	233	163	148	39	170	114	0	
185	141	106	231	182	19	95	245	85	64	254	130	91	45	178	49	126	206	21	238	249	186	37	174	250	239	164	192	119	251	240	241	
191	255	184	83	243	127	31	222	51	239	61	189	74	253	207	190	151	95	213	22	183	222	184	162	107	95	53	231	202	247	142	247	
61	64	107	236	84	2	75	88	69	192	247	2	83	73	185	96	120	164	23	234	201	179	37	140	82	237	161	128	117	171	112	224	
50	135	42	168	158	128	152	111	30	77	217	163	37	206	58	64	252	171	151	133	222	139	102	159	240	101	186	201	53	14	188	202	
239	255	180	242	185	245	158	212	155	254	28	173	236	255	215	47	135	123	245	87	182	75	234	242	235	95	125	251	150	215	135	127	
40	255	123	234	114	211	82	240	17	12	124	106	63	83	161	176	94	184	134	98	106	58	104	63	119	197	32	169	115	139	102	171	
50	135	46	187	176	195	159	231	148	31	221	179	225	103	42	65	93	51	135	133	122	136	106	191	225	135	190	193	52	10	181	251	
58	201	34	190	29	197	18	224	159	4	200	3	174	207	35	64	200	251	171	67	74	11	90	191	243	245	138	27	18	15	53	74	
100	161	184	242	217	237	81	11	130	241	173	24	150	191	72	26	137	155	89	17	26	75	250	19	203	221	29	127	208	72	134	226	
50	96	18	137	75	201	184	68	173	53	226	139	140	142	102	88	234	153	235	209	10	19	195	208	149	16	154	123	17	15	39	202	
1	33	103	73	100	139	233	19	109	96	114	66	147	8	148	104	106	172	126	13	129	184	101	64	4	184	178	128	109	136	80	173	
206	252	244	243	182	160	250	158	155	83	24	179	141	63	85	43	167	83	183	213	178	72	202	243	174	223	223	238	150	213	129	93	
163	145	44	153	221	149	140	255	86	81	216	70	176	88	54	228	204	10	18	221	223	42	95	245	46	25	154	104	95	12	248	156	
15	159	252	255	233	116	95	190	25	95	84	181	253	127	186	105	215	123	181	135	245	200	107	175	111	255	254	139	182	245	133	251	
210	79	47	172	18	194	31	102	180	140	202	163	229	142	51	65	230	245	189	229	236	137	37	44	241	161	170	129	36	16	53	107	
35	157	104	9	221	157	178	111	87	65	253	87	128	216	182	164	217	10	146	157	151	58	87	215	46	29	144	111	223	140	216	148	
86	74	174	164	10	6	31	48	164	134	142	167	77	47	35	67	102	245	237	231	200	197	131	76	242	227	239	129	36	179	45	82	
2	150	58	153	215	241	176	71	30	13	88	179	172	158	38	64	239	59	147	145	22	152	2	215	13	23	154	203	149	76	173	223	
94	74	142	188	138	6	28	96	164	134	198	135	109	107	51	75	228	229	189	231	108	197	19	232	210	227	206	145	44	117	57	82	
14	254	124	115	183	255	159	191	31	127	20	189	253	125	255	45	151	91	151	23	183	120	61	191	111	223	125	231	222	221	141	255	
33	145	40	11	221	181	192	255	87	81	121	70	144	88	126	164	217	10	18	189	159	58	95	149	46	29	150	108	223	14	248	156	
114	0	66	136	72	1	168	65	172	37	193	147	133	2	52	80	104	129	75	165	88	3	85	192	148	16	138	120	21	8	163	128	
41	181	161	73	221	245	200	223	78	113	57	76	144	56	92	164	217	10	18	25	151	58	127	149	15	29	151	124	219	78	216	156	
161	98	31	169	104	139	104	69	44	32	96	200	149	131	0	208	106	141	98	133	65	158	193	80	148	160	186	32	24	8	171	136	
137	2	22	217	101	157	161	23	252	25	119	80	156	144	176	237	96	57	50	25	147	188	66	192	4	185	58	64	198	8	201	161	
102	125	180	198	207	117	158	252	137	250	185	43	76	252	127	43	220	211	215	227	200	99	250	224	51	16	207	191	215	127	182	215	
184	236	122	110	85	219	82	224	85	12	252	10	51	217	51	176	248	184	134	98	110	175	8	63	115	205	32	57	115	11	126	138	
134	113	178	218	207	133	190	204	143	154	81	19	140	222	109	11	237	89	147	211	210	67	154	240	21	24	207	174	144	127	161	211	
154	212	112	251	181	62	126	191	31	91	127	183	253	127	158	101	183	219	149	175	250	124	105	247	239	255	254	198	183	220	213	123	
79	191	237	115	246	122	127	191	113	254	22	255	89	109	223	191	55	199	213	190	181	208	237	238	110	223	117	228	175	245	223	117	
134	72	22	155	100	169	184	0	190	25	81	16	140	202	121	73	226	41	51	83	2	148	10	241	4	48	90	200	148	1	33	129	
185	72	107	206	86	146	238	240	84	64	86	198	113	196	181	228	126	232	22	239	233	182	36	191	48	40	170	128	63	187	112	188	
210	114	3	168	11	193	2	88	135	44	129	111	0	195	97	68	48	169	79	226	75	7	146	29	144	192	169	187	57	43	7	19	
48	143	106	170	148	163	195	255	4	12	216	231	99	233	50	64	120	170	15	245	152	187	5	61	248	5	174	209	117	202	244	202	
195	137	17	163	100	140	169	5	236	25	83	114	148	154	84	98	230	27	31	149	211	24	194	80	132	48	186	200	12	8	161	169	
6	113	182	218	239	133	190	204	143	219	17	35	140	222	109	11	239	89	179	211	210	67	154	240	29	24	207	238	144	127	161	211	
126	253	228	70	159	86	222	185	1	236	156	175	74	124	95	54	253	215	245	243	221	99	248	238	59	125	141	247	111	119	254	119	
105	143	68	69	33	26	76	55	117	166	238	252	235	32	150	246	70	166	236	140	252	152	229	139	166	255	240	145	46	236	216	12	
58	67	98	232	2	19	216	81	37	32	243	235	11	11	180	212	126	156	223	173	204	147	69	204	242	233	170	181	55	140	114	5	
31	4	199	161	0	54	234	80	160	194	203	199	89	106	57	234	126	197	57	175	141	209	29	200	144	110	203	132	175	231	57	212	
190	13	114	227	182	43	250	211	125	35	255	146	15	47	61	24	127	143	23	185	184	190	5	230	186	221	142	198	231	205	240	129	
252	77	230	230	166	50	222	247	81	194	254	146	123	47	181	118	126	196	53	238	232	183	45	234	242	239	230	144	103	255	240	89	
29	133	106	237	148	178	239	119	84	193	222	2	89	233	184	100	122	238	23	184	185	185	37	142	250	239	166	192	183	238	240	160	
15	254	252	115	243	255	159	191	27	255	52	189	221	125	223	57	151	91	213	55	183	216	60	254	111	223	125	231	206	245	143	255	
39	170	236	25	252	177	249	202	95	61	60	151	0	200	94	8	137	10	83	29	150	106	111	243	78	28	149	255	213	77	218	199	
24	159	51	246	19	198	177	119	253	9	107	66	60	247	32	228	182	59	130	0	209	185	16	207	177	246	18	2	66	2	165	187	
3	63	226	140	242	144	190	71	41	197	92	231	44	174	182	132	174	43	147	149	198	154	164	239	62	52	158	139	79	68	175	223	
56	1	106	236	28	11	64	120	101	160	247	10	91	201	49	80	120	164	95	235	136	179	1	140	210	233	161	144	119	170	114	0	
175	158	254	123	177	247	159	184	181	95	94	181	121	125	159	239	151	83	221	47	247	196	127	191	106	127	117	195	206	245	188	247	
255	92	234	247	182	50	127	183	113	226	126	182	123	111	159	111	127	247	181	174	237	244	173	234	242	239	247	128	231	253	240	125	
156	84	127	101	71	110	127	112	117	226	127	2	95	63	41	113	50	212	55	234	97	180	49	12	215	235	96	5	99	227	100	242	
57	114	105	109	114	27	107	120	68	100	116	238	51	13	147	48	62	168	23	238	201	176	37	29	102	201	33	164	125	162	70	241	
79	158	237	127	166	54	125	191	112	207	94	228	249	119	154	237	55	126	189	172	181	216	173	173	78	111	255	128	174	244	145	125	
248	77	26	254	27	196	18	96	181	132	239	0	127	223	33	80	200	251	249	194	104	139	146	175	243	245	10	27	50	35	38	10	
47	190	248	119	243	246	31	247	59	255	116	189	108	255	223	189	151	127	213	23	247	218	184	170	107	95	125	231	206	244	174	255	
134	4	134	153	148	34	168	67	52	147	83	18	64	170	56	73	121	14	27	177	48	213	1	206	8	34	218	196	132	104	176	128	
38	170	232	145	252	41	249	202	27	55	20	191	0	236	95	10	201	202	3	21	150	126	238	242	78	20	157	239	213	237	214	199	
35	107	98	129	109	153	184	69	173	21	240	131	172	138	86	218	234	169	219	213	70	59	198	192	150	16	154	107	21	12	187	206	
237	105	213	101	108	14	79	152	65	186	176	76	211	1	217	59	88	196	124	106	233	102	249	0	199	251	229	188	106	185	82	33	
66	250	17	10	56	137	130	200	142	120	144	109	164	208	228	198	196	113	238	83	195	47	202	117	56	52	43	250	88	11	1	31	
58	113	112	232	46	21	152	120	141	232	148	175	140	159	214	34	142	17	223	101	196	35	226	221	146	89	11	190	22	142	7	215	
188	126	40	126	53	153	82	96	209	44	245	41	99	88	163	17	216	185	197	227	110	39	72	63	242	209	161	187	113	43	94	3	
2	205	2	156	20	163	170	230	4	1	90	2	32	234	32	64	104	43	19	192	2	152	0	255	32	38	154	128	21	88	48	136	
73	50	159	140	78	223	161	56	202	220	117	108	244	212	194	130	180	44	230	97	131	97	178	93	76	33	97	174	72	40	7	241	
216	221	119	188	19	194	21	103	165	66	222	162	61	119	160	103	34	243	157	161	104	139	38	205	240	226	110	139	55	116	165	59	
8	50	143	141	13	87	161	75	206	253	214	68	132	130	98	142	72	44	234	152	3	231	247	84	5	35	251	125	24	8	45	244	
95	156	175	118	251	86	63	249	179	254	148	165	121	255	235	247	245	118	189	174	245	67	186	191	123	127	101	175	178	230	44	255	
6	64	150	155	228	168	184	1	190	25	83	16	140	202	120	73	230	9	51	145	18	212	2	241	4	48	90	200	148	25	161	129	
126	159	38	90	155	247	23	187	151	222	156	37	74	253	47	247	213	82	253	51	255	65	58	191	123	91	197	223	243	244	124	87	
217	138	84	85	19	154	105	39	117	39	198	182	171	34	130	228	103	166	236	140	60	220	101	143	142	239	210	65	166	132	137	12	
124	0	66	236	12	3	72	120	5	160	247	10	67	201	33	80	120	172	76	234	72	163	193	136	210	233	161	60	119	170	114	0	
120	0	78	133	91	83	137	8	6	229	231	142	117	3	2	220	82	140	232	140	1	219	117	29	212	35	250	17	43	4	14	88	
25	132	228	5	25	114	105	47	87	231	230	150	137	34	146	231	65	6	232	140	61	216	117	158	142	231	210	85	170	140	45	92	
31	133	99	173	150	178	111	247	117	193	222	198	89	230	186	228	127	238	30	189	185	153	37	206	184	239	175	192	175	230	176	116	
252	116	62	102	19	222	119	96	241	162	231	8	95	215	33	81	176	253	200	98	104	247	176	14	243	235	65	3	99	51	98	34	
67	219	149	31	56	201	131	184	142	121	24	229	228	212	238	70	198	101	106	87	195	9	235	113	12	52	47	250	88	11	1	93	
62	190	168	122	179	245	23	251	151	222	28	181	74	252	239	52	149	122	149	55	255	70	58	186	107	95	37	255	187	244	252	87	
0	141	2	140	20	131	138	230	6	1	88	2	32	168	48	64	72	42	19	193	2	170	0	253	32	36	138	0	21	24	48	136	
25	133	98	201	148	178	207	247	85	193	222	2	91	233	184	100	121	238	31	248	216	185	37	174	250	239	166	196	183	222	240	40	
213	74	238	189	46	10	77	180	172	150	146	245	247	35	147	75	102	229	125	239	236	197	7	42	224	235	238	144	44	177	33	73	
66	51	34	136	13	221	176	73	238	109	218	47	140	140	102	66	232	5	239	209	22	163	163	208	145	48	154	251	88	14	61	95	
1	10	19	177	100	140	233	18	62	89	82	212	181	131	144	105	6	43	54	29	131	156	71	113	4	56	58	192	140	129	81	185	
237	120	177	97	109	111	67	154	243	251	164	88	146	17	81	62	137	92	112	90	137	116	248	34	71	219	69	60	202	121	66	162	
134	140	4	147	148	34	174	167	60	19	90	18	200	42	24	73	123	79	51	147	48	220	73	238	44	38	222	192	133	88	177	8	
168	233	56	248	221	197	85	239	150	29	164	24	182	151	96	48	201	155	27	0	122	43	114	55	251	213	20	123	16	24	134	234	
114	33	34	161	13	73	184	65	173	12	144	11	14	138	118	80	232	129	207	193	78	43	144	192	149	80	138	123	21	14	191	206	
1	88	19	153	100	140	169	22	254	89	82	116	180	151	176	105	166	43	54	29	131	220	34	113	4	24	122	192	152	1	1	249	
233	105	93	101	108	14	77	181	97	168	54	76	147	49	145	51	8	228	124	106	201	114	193	8	231	249	101	176	74	184	82	41	
191	94	67	142	86	146	107	240	117	64	117	230	121	198	183	245	126	232	22	238	229	150	44	255	48	40	171	136	63	183	114	245	
248	237	62	126	89	197	83	230	247	29	228	8	54	215	33	113	192	250	72	72	106	47	242	63	243	235	16	25	80	17	102	42	
1	200	59	249	100	140	169	23	126	25	114	80	181	131	144	105	38	58	54	24	131	188	35	81	68	184	50	192	200	128	193	169	
98	114	18	136	75	197	16	72	173	12	208	41	140	150	96	80	236	157	255	208	2	3	210	208	145	48	138	251	16	6	39	19	
98	64	11	129	73	193	233	69	172	5	129	151	128	2	50	208	104	129	74	133	25	11	80	192	149	0	154	89	17	10	175	208	
15	155	252	255	41	212	25	184	159	221	84	165	253	255	158	111	151	123	181	76	131	200	235	169	79	251	255	203	150	164	5	251	
14	157	245	255	166	28	126	190	27	91	116	243	253	127	157	111	151	243	181	206	250	88	107	239	238	255	254	130	183	244	196	123	
28	21	254	101	199	126	117	113	109	226	111	2	91	63	9	123	58	213	243	34	8	240	49	200	215	235	64	5	227	251	103	162	
230	221	240	206	252	53	158	253	137	234	188	42	108	125	189	2	159	243	223	227	248	35	168	235	59	28	207	190	215	255	227	83	
9	138	82	151	53	185	112	6	253	7	118	48	175	136	182	196	34	42	166	12	182	188	38	239	134	255	16	3	230	140	89	204	
137	106	28	171	96	153	41	84	44	17	71	148	189	2	130	248	106	8	34	204	67	156	99	33	196	161	186	0	46	128	171	168	
14	157	245	255	166	30	126	190	31	123	84	243	253	127	156	109	183	219	181	206	242	88	43	255	238	255	255	198	183	252	133	251	
6	105	22	154	236	129	190	204	142	24	89	0	140	202	121	74	206	75	51	83	82	2	10	240	36	16	206	174	148	91	161	129	
198	93	176	206	252	5	158	236	137	154	185	42	236	254	125	2	207	115	95	227	208	3	138	234	58	24	207	190	148	127	163	129	
141	130	146	219	53	188	40	144	127	27	87	112	236	210	184	236	179	11	182	24	182	180	42	243	134	255	18	67	154	133	169	173	
168	223	90	126	114	139	122	240	16	12	116	238	113	67	161	17	126	184	134	98	224	190	8	63	118	207	32	129	119	153	110	139	
150	205	113	243	180	43	126	167	61	51	186	210	207	47	28	89	255	211	23	163	248	124	89	255	190	222	223	198	181	249	192	8	
39	181	168	137	213	191	202	75	78	97	25	79	146	8	94	0	221	11	19	53	159	184	92	151	12	29	137	116	221	79	216	150	
19	193	46	175	28	150	158	165	68	65	198	135	179	8	58	65	216	43	25	229	206	137	85	159	224	97	170	145	28	30	185	90	
56	1	66	236	76	3	64	88	5	160	245	10	83	201	177	80	120	172	4	234	8	179	0	140	210	233	161	24	119	170	114	128	
230	237	242	194	252	0	158	236	201	218	185	138	204	254	125	2	207	115	95	243	208	35	138	234	58	24	143	254	148	127	163	209	
255	190	98	84	183	22	94	248	81	234	156	175	106	124	159	52	223	247	213	167	252	195	237	206	251	127	141	214	231	228	118	87	
154	149	87	222	211	208	60	109	173	0	201	162	108	247	168	213	118	179	139	160	115	137	6	221	48	240	74	203	55	6	165	63	
15	187	252	119	123	223	185	185	31	253	22	173	253	253	223	41	151	123	247	21	135	248	47	189	79	223	125	231	214	164	5	255	
75	187	237	117	54	22	121	184	115	221	86	230	249	127	158	239	54	246	189	236	157	216	173	237	206	255	253	132	166	164	86	125	
163	78	111	222	84	147	238	240	84	64	84	198	113	200	181	229	124	232	22	239	237	182	36	255	114	42	170	128	63	187	120	156	
43	141	99	73	245	219	166	231	94	105	122	98	168	152	180	164	200	42	146	25	215	184	53	213	46	92	0	71	95	12	217	141	
90	75	35	174	18	130	79	117	53	4	194	163	109	135	48	84	118	255	189	225	72	155	37	239	241	166	170	137	38	150	52	104	
2	144	187	185	50	225	177	67	30	95	66	51	188	159	32	72	231	59	19	17	51	156	18	215	205	22	26	67	144	8	165	243	
169	161	113	65	245	219	160	237	95	121	121	122	146	28	204	164	152	26	150	120	23	56	125	149	47	24	37	118	215	10	213	167	
134	237	244	243	244	168	254	134	155	147	25	147	172	238	93	75	167	115	63	215	162	72	138	226	174	222	222	234	132	215	129	137	
35	189	108	25	253	191	178	99	94	97	124	70	128	152	54	160	201	42	146	17	151	184	85	183	46	95	145	115	221	12	216	142	
82	75	138	164	2	4	94	48	0	196	206	135	117	235	51	66	118	229	189	231	76	131	147	40	242	231	234	137	45	243	56	90	
122	132	100	23	19	251	81	35	117	101	239	191	107	44	150	212	72	166	232	132	60	152	245	143	6	127	208	83	39	140	92	78	
73	50	31	13	106	222	177	88	142	236	222	228	244	212	163	98	86	52	238	108	135	33	231	29	84	33	35	184	88	47	13	241	
87	1	131	164	131	118	46	128	108	193	139	199	205	190	127	238	240	197	249	215	141	129	181	192	152	116	207	134	140	119	57	84	
166	106	233	145	236	73	141	198	18	246	144	187	131	140	215	11	75	200	183	213	14	118	230	144	92	0	255	189	213	253	86	216	
105	51	46	141	125	221	177	90	206	252	214	45	184	212	226	102	196	52	255	21	131	3	243	149	87	97	41	187	26	12	21	251	
16	205	10	172	20	163	170	230	132	0	218	2	49	234	32	64	104	42	31	192	10	137	0	189	224	229	170	128	52	24	48	136	
19	191	106	140	210	144	188	103	44	69	88	167	45	142	182	0	110	43	147	149	214	155	36	205	56	101	190	139	13	4	189	221	
129	144	159	185	48	175	41	19	62	57	82	112	180	19	160	104	167	63	54	24	51	220	1	87	205	182	58	192	152	0	1	169	
50	80	114	224	87	65	90	68	9	4	176	11	10	31	37	80	234	145	159	242	72	35	80	192	179	216	130	59	119	27	102	154	
9	216	18	251	37	156	169	148	190	25	87	112	189	211	232	236	230	56	186	88	131	156	50	241	196	241	58	200	154	133	169	169	
130	182	123	153	114	224	185	67	190	79	80	183	188	158	38	8	167	59	147	145	182	156	48	199	69	38	58	195	133	4	39	219	
60	0	102	100	4	19	72	88	101	160	247	10	11	11	181	24	120	140	6	184	136	179	37	140	210	233	161	20	103	168	114	128	
182	13	82	243	244	171	238	231	61	163	171	18	135	43	29	89	251	195	19	179	56	190	73	238	190	158	158	64	165	217	241	128	
91	146	183	124	59	86	89	120	51	252	148	37	122	255	190	247	247	149	181	164	173	71	187	157	219	255	233	175	63	164	46	119	
254	205	230	230	228	50	78	231	81	130	255	146	107	111	189	119	127	199	23	170	232	183	109	238	242	255	198	16	103	254	240	8	
159	252	240	243	246	178	254	191	59	211	56	179	205	127	213	41	191	251	149	183	182	248	44	238	238	223	223	230	167	245	195	221	
38	106	168	177	228	41	189	198	90	247	84	159	129	172	83	10	137	107	3	149	134	126	230	2	76	5	191	173	197	124	87	202	
13	179	173	95	42	214	25	56	198	220	87	228	253	213	219	230	22	124	253	76	195	192	255	9	78	107	97	128	14	166	5	117	
122	150	38	92	43	215	24	59	159	222	156	45	72	252	102	119	149	53	253	33	172	75	58	223	91	95	205	223	147	164	116	127	
144	73	46	188	148	131	204	102	148	0	210	2	51	10	49	65	104	163	31	225	248	137	2	189	240	227	234	144	53	24	48	8	
44	94	94	127	102	59	244	112	68	14	125	231	121	105	163	27	126	112	134	42	196	176	5	12	70	203	96	129	127	251	104	145	
75	161	236	101	102	26	249	56	227	240	126	163	121	207	214	50	54	253	245	221	199	216	175	205	78	233	163	192	39	167	83	252	
203	118	107	64	122	153	171	56	232	196	159	236	189	198	215	116	54	61	94	238	195	5	164	95	118	13	43	248	108	135	3	125	
75	156	18	216	219	180	16	255	255	25	236	86	44	242	46	244	231	27	186	152	183	11	18	247	27	127	18	78	154	4	169	15	
6	173	244	243	244	136	254	129	187	147	24	130	237	238	93	11	167	251	63	147	226	104	138	227	174	222	223	170	132	246	129	137	
11	48	182	252	121	87	152	123	155	232	148	45	44	254	230	35	151	57	245	49	164	75	162	220	27	95	89	191	22	36	7	95	
11	138	18	216	121	180	56	223	255	29	116	80	44	210	174	252	231	11	134	156	182	15	34	247	26	255	18	203	154	4	169	141	
60	163	249	227	250	105	17	73	27	189	61	57	6	157	72	26	179	27	197	48	18	112	235	18	223	197	53	247	224	74	135	227	
250	95	11	138	129	119	39	86	44	77	159	127	152	150	162	228	232	128	206	198	217	143	112	226	241	1	170	219	24	31	180	119	
75	185	244	253	41	148	88	56	143	216	84	224	253	223	222	102	150	125	189	76	130	80	231	217	79	249	233	138	54	164	5	113	
90	203	34	172	21	134	79	55	21	13	202	135	167	137	50	68	88	170	31	237	218	154	81	159	245	36	170	192	54	140	180	106	
230	141	240	204	252	1	222	235	219	170	184	10	236	234	125	2	223	211	95	163	240	35	138	239	58	30	143	190	148	250	3	129	
91	149	84	88	155	242	16	175	207	81	238	50	72	114	172	244	103	147	186	128	63	11	31	247	59	254	82	79	187	4	168	22	
236	95	10	130	197	252	231	196	172	79	157	31	140	2	42	200	104	226	206	211	89	39	120	226	245	1	174	217	137	95	253	243	
22	136	245	255	102	139	120	168	27	177	112	227	237	127	28	75	183	255	53	133	162	248	27	253	142	254	223	102	183	168	65	8	
230	141	240	206	252	0	222	233	217	138	184	10	236	234	125	2	223	243	95	163	240	35	136	238	58	30	143	254	149	254	3	129	
184	0	98	108	76	50	72	88	69	128	255	10	83	9	189	80	120	172	23	168	136	183	36	140	210	233	160	140	119	170	114	128	
137	79	24	139	197	249	173	214	172	87	126	134	189	3	139	206	106	10	138	222	67	52	116	225	100	193	50	1	90	219	169	216	
75	113	239	77	62	144	123	24	230	68	94	166	249	215	211	230	38	52	253	220	199	133	167	213	110	105	171	200	38	135	123	113	
168	161	57	251	253	201	85	175	31	61	53	56	150	21	72	49	137	26	87	16	122	110	107	23	239	209	53	127	210	8	198	171	
123	176	102	116	55	23	88	122	83	232	246	175	107	124	150	53	158	189	181	165	172	218	101	221	219	255	249	150	39	164	114	95	
3	178	247	117	59	215	216	59	159	249	86	229	237	221	214	36	150	61	245	21	134	248	35	221	75	219	121	198	70	164	5	95	
12	75	82	219	207	217	167	196	236	20	125	134	169	194	107	206	106	106	202	218	86	32	126	241	102	209	6	41	210	95	237	196	
27	58	46	107	11	253	177	86	103	125	119	165	42	156	134	172	172	61	255	68	135	184	119	177	71	121	48	131	123	15	14	223	
147	78	102	156	14	144	174	246	212	66	210	199	41	200	183	229	110	97	63	207	237	141	6	253	48	106	250	128	31	188	121	220	
176	86	27	128	134	107	133	71	92	78	250	126	6	34	167	89	248	143	14	33	41	179	1	74	176	4	186	146	217	88	177	29	
138	202	114	155	117	248	240	135	255	85	100	181	171	200	190	204	162	42	130	28	6	188	38	245	6	123	18	75	198	140	221	206	
214	74	238	180	42	160	57	18	180	134	214	167	173	167	99	75	102	245	237	199	12	205	135	104	208	227	250	129	164	245	45	91	
114	115	18	136	43	197	176	73	173	44	176	45	140	150	97	80	236	29	223	112	64	3	194	208	145	176	10	187	16	6	39	155	
178	83	34	160	101	69	86	101	9	108	184	47	14	30	38	16	236	145	207	227	92	171	0	198	179	208	138	187	81	30	246	211	
60	86	87	172	100	35	84	81	21	138	249	237	71	235	169	217	222	184	135	34	13	179	64	136	130	247	96	154	123	254	104	147	
86	58	154	176	162	170	59	66	170	191	159	177	141	231	99	90	167	253	237	146	16	209	138	64	218	197	107	231	164	225	47	67	
124	1	254	108	141	102	117	97	229	132	239	2	91	255	41	122	248	244	235	162	24	163	50	8	211	239	64	5	227	115	102	34	
168	181	61	121	189	205	69	47	126	121	165	24	178	17	72	49	137	26	72	24	123	110	251	23	239	217	20	126	80	8	198	42	
106	144	182	124	123	119	152	58	155	249	148	45	76	254	246	119	151	53	245	49	164	75	162	221	27	127	91	255	22	164	39	95	
66	49	22	140	104	133	184	73	142	216	80	173	140	222	98	66	134	61	251	85	2	67	130	209	4	48	11	254	20	6	39	211	
6	140	132	151	148	138	174	166	62	19	82	18	236	106	8	75	99	71	51	130	50	216	73	229	44	38	223	196	132	121	177	8	
182	105	98	142	84	129	202	224	197	0	241	10	32	200	53	16	88	232	23	211	202	171	10	255	50	12	130	168	117	171	114	136	
184	85	114	236	101	87	86	117	65	10	246	42	27	29	37	16	252	157	149	226	232	183	48	142	243	249	160	131	115	186	228	147	
43	114	38	73	107	215	185	95	167	253	116	165	8	159	198	182	134	29	247	20	135	159	179	145	71	121	56	235	78	132	46	255	
118	141	230	247	133	2	78	168	81	131	226	130	99	107	28	85	123	230	49	170	120	250	77	237	251	254	215	21	231	248	112	8	
80	149	23	236	179	202	53	55	173	1	78	32	190	55	32	245	162	55	153	0	81	137	49	95	225	244	10	66	26	0	165	58	
8	149	31	237	145	238	49	55	164	9	78	80	188	55	32	244	165	51	157	128	51	152	17	95	237	247	58	66	10	64	165	59	
147	221	102	156	86	146	190	228	156	68	212	231	41	140	182	161	110	43	151	197	231	143	38	253	34	105	190	128	29	20	249	220	
184	0	98	237	12	19	72	88	101	160	247	10	11	9	180	20	120	132	87	168	136	183	37	136	210	233	160	148	103	170	112	0	
11	241	236	101	62	27	251	56	99	244	23	167	249	205	214	34	54	253	245	223	199	248	255	153	78	201	169	228	103	166	81	249	
246	1	98	204	92	3	72	88	69	160	240	10	75	201	189	80	120	132	55	225	136	35	5	204	18	236	129	156	119	170	112	0	
179	222	103	28	86	146	174	246	213	64	212	231	41	142	183	229	110	233	150	207	229	143	38	255	34	106	206	136	63	149	121	221	
3	165	237	65	214	118	173	159	126	255	94	146	144	38	222	110	55	78	51	157	179	216	53	70	45	46	190	196	165	192	145	244	
79	178	252	124	110	148	121	56	235	220	84	160	249	223	254	231	22	125	181	204	195	64	174	221	78	249	225	174	54	165	86	245	
54	1	226	206	92	129	202	104	195	128	241	10	98	200	61	0	120	168	23	227	200	35	138	207	18	44	131	184	117	171	114	128	
98	158	110	24	110	184	184	119	233	93	124	255	32	172	182	19	175	43	167	5	150	59	166	213	30	56	122	235	197	132	255	223	
92	169	228	243	31	216	240	8	231	180	167	2	105	219	88	98	40	241	251	217	10	97	171	209	95	205	139	107	39	6	117	2	
160	204	98	222	84	129	202	230	213	0	112	2	32	200	52	1	72	234	19	195	226	174	0	191	48	8	130	40	85	25	112	136	
23	76	102	222	14	178	170	242	196	194	222	135	104	204	183	109	110	97	183	207	173	167	46	237	18	42	202	128	23	255	121	252	
90	76	14	188	12	130	110	226	132	130	210	2	123	234	49	67	104	229	63	195	72	133	2	236	144	227	234	128	52	121	49	8	
3	254	17	187	59	137	146	174	159	81	24	237	174	206	68	133	135	43	207	71	103	76	90	253	172	82	30	250	28	13	11	157	
182	76	98	222	92	145	202	240	209	0	245	10	35	201	181	1	88	232	23	203	234	47	46	191	50	104	129	168	119	171	114	136	
55	76	103	158	14	178	239	112	197	198	223	198	104	236	183	239	110	96	183	239	173	167	46	236	18	42	203	128	23	255	121	244	
188	76	98	110	92	131	194	88	213	128	245	10	99	201	181	48	88	168	23	107	232	167	12	158	18	200	129	184	119	171	114	132	
40	218	28	186	43	169	18	182	143	29	184	237	174	203	33	209	135	123	207	67	70	10	74	181	194	215	112	187	18	29	12	139	
63	95	43	130	161	84	151	244	24	79	245	127	30	22	162	245	236	210	150	87	237	155	112	228	243	21	190	210	219	95	166	245	
203	96	119	237	42	149	216	11	143	128	66	161	157	159	244	230	134	53	249	77	130	5	215	209	6	249	11	10	22	133	9	0	
188	4	98	108	28	51	66	89	85	130	245	26	67	201	189	52	120	172	23	170	232	167	36	142	114	233	161	156	119	171	112	0	
2	129	213	245	7	138	104	40	143	177	98	130	237	203	92	198	186	189	49	136	10	248	147	221	141	248	203	102	53	160	65	140	
98	164	240	220	124	2	216	235	91	160	176	10	238	106	52	1	223	245	23	177	160	107	128	223	184	30	207	254	213	40	51	9	
143	95	35	139	235	221	55	212	165	78	223	191	188	29	171	108	236	18	223	87	215	15	112	162	119	113	34	251	26	223	181	247	
141	21	96	57	197	252	117	151	229	94	126	151	169	199	235	230	105	42	142	156	215	56	118	131	103	217	34	129	186	220	109	255	
184	68	98	236	4	51	68	89	69	130	247	26	19	9	189	80	120	140	6	168	232	167	33	142	210	233	160	28	119	233	114	128	
141	31	98	49	197	252	117	147	228	94	94	151	187	135	235	239	98	42	142	156	247	60	116	130	103	217	38	129	186	220	109	255	
173	223	40	155	225	221	183	208	228	78	188	175	184	124	171	229	237	210	206	198	247	35	120	227	119	69	38	187	219	95	175	255	
3	97	119	237	42	167	216	14	175	177	83	161	157	159	212	32	134	29	117	213	134	216	131	213	3	248	24	234	68	133	3	143	
61	5	239	197	196	50	237	95	84	194	247	82	81	41	188	105	122	132	23	168	185	242	37	138	82	239	242	132	231	248	240	96	
59	49	102	77	35	55	88	30	71	232	214	175	43	28	150	120	142	189	181	197	140	222	101	220	147	251	216	146	119	133	80	95	
6	137	132	151	4	138	168	168	62	145	82	2	236	234	88	75	115	109	59	209	2	216	203	241	12	50	223	196	132	32	49	8	
195	245	133	145	146	85	173	175	62	121	26	214	188	54	220	230	39	71	126	157	247	88	181	247	172	22	158	198	140	4	129	125	
141	158	42	145	129	216	53	243	228	79	30	182	153	39	202	230	109	34	206	12	245	156	244	130	231	69	166	193	170	252	189	245	
88	193	122	224	23	86	123	236	97	164	238	2	25	159	122	112	122	221	153	250	72	147	181	236	251	237	142	69	39	147	100	106	
104	139	56	126	45	201	87	166	198	13	252	40	182	241	161	112	200	114	236	64	10	43	226	57	195	245	48	27	80	25	70	43	
242	84	82	168	40	7	30	77	45	10	184	40	14	158	36	16	222	153	223	98	104	39	0	206	178	208	10	186	80	26	167	19	
195	213	167	133	166	22	173	191	124	123	26	246	220	54	220	103	55	71	124	173	245	217	181	199	172	62	254	196	140	84	177	125	
42	159	35	136	245	134	111	119	21	12	78	135	44	133	176	196	112	170	147	77	210	154	48	255	52	52	152	194	54	140	244	252	
138	130	114	24	237	216	248	203	255	85	100	181	170	142	246	221	227	11	130	20	22	45	54	209	14	89	18	79	214	132	109	206	
58	48	54	236	123	55	152	87	29	105	213	59	44	158	38	56	142	31	247	1	148	203	227	197	19	88	88	250	6	12	167	223	
142	42	230	24	173	249	120	203	255	87	36	149	142	136	247	220	227	10	138	28	22	109	38	208	142	89	22	79	146	212	109	78	
217	100	106	105	31	208	251	8	224	64	134	130	121	207	87	112	114	188	121	238	98	5	181	223	119	237	131	57	39	134	114	224	
217	100	106	101	31	241	251	8	224	160	143	138	57	205	83	32	50	188	89	239	98	37	189	223	119	205	131	57	103	135	83	224	
51	18	223	173	98	27	77	120	61	198	117	229	95	38	167	61	126	153	6	238	141	146	36	72	128	218	120	132	253	242	34	245	
14	138	114	24	237	249	120	203	255	85	36	145	12	138	246	93	227	11	170	20	22	77	38	208	26	89	22	111	146	132	237	204	
66	160	246	212	124	136	248	43	187	144	16	2	236	234	124	2	183	171	63	145	162	105	138	217	14	30	207	172	4	160	1	137	
54	137	196	247	71	128	224	224	227	177	227	2	99	251	92	82	104	197	33	209	26	250	155	225	157	230	199	71	225	11	116	138	
90	94	251	244	98	224	63	214	185	206	94	231	61	183	161	94	38	245	189	194	65	213	162	232	210	231	122	138	38	241	37	121	
107	125	118	238	236	191	92	95	47	250	255	185	143	159	214	125	206	191	255	159	142	246	235	240	215	249	219	186	71	223	226	223	
9	175	236	83	214	214	255	183	118	125	94	50	249	45	154	33	39	94	23	220	242	248	45	255	111	79	246	197	167	212	213	233	
114	23	19	136	184	99	135	79	188	78	216	109	6	130	164	69	252	173	78	33	125	35	0	78	176	52	170	190	24	89	161	23	
174	60	118	250	236	185	254	214	47	123	255	187	143	191	245	120	239	255	255	159	250	191	235	242	182	253	158	186	247	223	227	213	
88	40	40	234	29	209	210	104	231	164	133	10	104	219	73	64	248	184	235	225	74	35	170	221	211	193	139	63	51	34	118	34	
164	76	102	158	76	161	170	226	212	2	240	2	32	200	53	65	72	104	19	195	226	167	10	255	16	10	194	8	85	27	112	136	
214	8	134	190	12	162	234	64	181	130	211	18	107	234	49	73	106	227	63	195	40	135	10	234	144	231	202	136	181	123	49	8	
151	8	230	222	12	178	142	64	212	194	215	147	105	236	183	107	110	225	63	207	172	167	46	234	18	110	203	136	149	239	113	68	
223	182	238	176	226	50	60	93	185	247	147	183	93	238	250	91	55	141	253	181	245	213	173	192	218	99	255	197	173	228	173	81	
183	9	230	222	140	178	174	81	212	194	223	147	104	236	183	111	126	228	63	175	173	167	46	202	18	46	203	136	151	239	112	244	
54	12	102	94	76	179	202	112	213	130	125	10	97	201	181	61	88	168	23	171	168	167	46	189	18	106	193	136	119	235	114	132	
46	91	22	190	43	129	22	97	143	8	217	237	238	234	33	208	198	49	238	67	31	3	74	189	160	244	11	187	26	62	169	23	
63	217	255	174	54	94	91	240	13	68	247	174	127	28	175	244	206	221	151	95	205	187	61	172	250	249	204	194	119	142	52	125	
120	254	26	192	29	213	210	230	195	141	188	40	2	217	110	68	217	248	205	82	74	43	138	181	251	221	166	255	66	11	124	11	
98	192	242	220	124	2	216	111	91	160	176	10	236	10	52	1	250	133	95	161	160	107	0	221	152	30	219	188	85	40	115	137	
139	148	102	121	5	252	112	51	237	95	118	181	171	159	246	103	231	56	151	148	159	60	54	193	199	217	18	143	246	204	92	255	
179	25	102	105	38	183	216	87	109	105	250	187	43	28	151	120	206	159	245	133	156	190	97	208	146	248	152	146	103	148	242	95	
66	97	114	106	235	137	254	76	173	1	193	153	141	155	52	100	130	27	91	239	82	11	132	244	55	252	154	123	54	151	195	136	
11	158	102	89	33	220	112	23	237	94	92	181	171	159	246	102	231	56	159	20	159	60	54	192	207	89	18	203	254	196	124	223	
185	69	238	229	196	50	237	247	113	115	254	18	91	41	184	107	123	198	55	184	184	252	37	162	126	239	246	196	167	216	240	168	
236	252	56	250	253	192	85	39	211	140	245	40	162	216	224	113	201	184	4	17	90	110	234	173	249	241	180	251	82	8	246	35	
66	129	132	149	12	136	40	8	174	176	82	2	236	194	72	66	114	45	42	208	2	208	203	209	12	48	203	196	4	34	33	0	
45	73	59	254	125	192	71	97	192	200	253	0	50	213	49	112	200	248	22	218	91	171	106	45	99	253	166	200	80	43	116	227	
195	220	109	95	58	220	175	186	126	126	30	162	240	54	150	99	39	98	123	207	227	92	175	127	109	43	255	192	4	131	21	125	
88	37	96	108	15	113	222	73	241	162	141	10	75	217	85	141	120	160	89	171	104	35	220	223	243	205	131	61	119	119	126	2	
108	91	154	126	59	128	22	17	141	12	253	109	174	203	35	80	198	115	237	66	90	43	202	57	226	245	32	27	90	187	78	3	
195	252	237	87	162	220	175	182	126	251	30	230	248	118	215	103	39	102	125	207	227	92	191	107	109	46	255	128	13	241	17	125	
58	144	50	217	71	221	176	83	173	93	246	55	42	221	110	110	237	153	255	145	158	56	114	209	23	121	154	207	83	12	116	223	
59	1	239	204	98	87	73	104	45	64	69	130	95	38	182	52	126	157	19	236	137	146	52	204	209	235	202	4	53	170	43	228	
105	173	185	248	252	217	65	143	67	89	56	40	182	157	192	112	201	10	22	25	31	42	226	53	111	157	52	123	208	8	214	171	
103	162	129	73	205	61	74	155	26	59	33	92	194	96	92	254	217	140	112	62	147	118	251	18	15	93	129	124	152	105	210	228	
10	144	102	24	73	217	240	75	239	85	52	149	142	156	102	93	233	153	183	17	158	45	54	209	15	80	146	111	215	12	117	222	
10	146	98	24	73	221	240	11	239	85	52	181	138	158	102	94	233	153	183	17	158	44	54	208	15	81	146	111	211	12	124	222	
42	157	99	140	247	147	47	103	29	4	94	231	40	129	182	196	114	170	147	76	82	154	36	255	54	60	138	194	55	140	244	253	
57	97	110	76	7	87	77	96	116	6	197	10	123	91	63	57	120	168	17	235	72	179	52	93	243	139	203	25	55	243	118	98	
2	160	214	148	124	137	232	43	191	145	49	2	172	202	116	2	191	41	63	145	18	104	138	221	12	26	219	172	20	32	65	128	
34	184	54	234	106	165	152	83	13	121	210	57	12	158	36	41	142	31	255	17	146	155	195	241	18	120	26	250	134	132	167	215	
63	73	122	202	32	23	27	244	13	64	245	169	31	30	167	244	206	213	151	79	204	187	116	236	210	249	78	16	86	159	42	124	
248	234	58	226	29	213	147	200	195	172	182	11	42	153	103	66	232	244	237	82	74	47	138	181	251	209	135	123	67	11	126	11	
182	12	230	158	12	163	142	64	212	130	209	18	96	232	53	73	72	98	63	195	168	231	10	255	16	42	203	152	85	123	112	128	
83	173	228	147	134	48	188	175	127	115	30	135	169	46	222	107	39	207	189	151	151	216	173	245	158	74	222	228	165	213	145	93	
33	217	97	72	117	213	199	247	71	73	248	68	178	84	180	164	88	42	22	206	203	170	115	189	47	28	164	202	91	138	240	252	
38	166	228	136	223	241	218	73	143	23	221	187	104	204	190	134	255	131	131	183	182	70	14	213	30	22	137	239	183	207	252	199	
98	33	116	196	100	35	216	79	75	160	242	26	174	10	52	8	234	133	55	129	128	255	65	221	16	58	218	144	85	8	115	9	
104	187	26	234	61	177	18	248	197	12	189	109	174	217	231	144	220	58	204	98	206	43	200	189	250	213	33	255	90	15	126	27	
50	16	118	233	100	129	216	19	109	121	242	179	46	28	20	120	238	159	183	149	218	184	65	192	22	248	152	130	71	140	112	93	
10	48	102	91	45	212	120	84	237	95	117	181	172	159	118	111	198	57	159	21	150	45	58	241	11	88	82	235	150	133	101	95	
47	166	228	9	253	55	202	91	87	121	157	255	200	72	158	173	93	128	214	191	190	98	79	213	30	94	129	254	223	205	248	21	
152	204	238	247	214	50	239	182	117	115	126	18	121	41	220	103	111	198	53	154	248	252	45	226	126	239	246	196	167	204	240	168	
124	187	18	226	61	161	146	88	195	140	185	109	42	217	109	144	220	186	204	98	14	35	136	189	146	212	35	187	90	15	126	27	
3	186	102	89	41	252	120	22	173	95	53	181	170	156	118	123	166	185	255	145	134	120	178	193	15	88	218	139	70	4	85	95	
98	48	118	241	110	129	184	82	109	121	210	187	12	30	85	107	166	149	255	145	194	251	195	192	22	120	154	210	7	132	3	95	
254	248	194	216	207	81	144	200	139	22	132	190	12	221	111	175	59	216	243	243	14	103	190	241	154	81	201	127	191	61	62	214	
41	177	33	75	173	93	197	173	79	73	120	44	242	80	156	164	217	2	22	60	91	40	115	149	45	222	180	218	90	14	210	255	
98	48	224	89	107	221	176	16	175	89	21	173	138	157	214	122	238	185	223	21	142	8	242	209	7	88	90	175	87	12	20	87	
40	251	62	122	108	147	87	240	193	140	252	40	166	217	163	48	200	112	196	66	200	163	74	189	226	213	33	187	82	27	118	171	
134	162	178	146	107	245	184	192	223	95	53	23	108	206	110	9	225	43	131	151	150	103	42	241	31	24	90	235	146	7	45	199	
190	106	224	8	207	113	216	202	19	114	148	171	10	140	215	175	107	216	227	245	47	103	142	208	27	81	205	255	247	189	126	244	
2	32	84	152	108	131	248	74	175	177	112	18	172	138	116	8	166	13	127	17	18	105	131	213	4	24	154	234	20	0	99	137	
34	48	54	249	110	133	152	66	143	121	210	41	140	158	92	8	206	25	255	17	146	155	195	209	150	120	26	250	148	132	35	219	
77	121	236	95	46	220	191	56	254	218	87	162	249	255	215	107	54	116	255	207	225	64	239	233	103	107	239	137	166	247	21	113	
194	101	18	136	58	169	62	78	173	2	184	152	140	134	32	80	110	129	95	226	96	7	192	222	180	52	138	184	16	83	163	1	
108	83	82	174	59	128	18	112	141	136	249	237	207	203	41	208	222	121	205	98	77	163	210	140	178	245	32	155	90	191	42	19	
72	223	236	127	118	212	255	184	118	254	87	166	249	125	159	99	55	118	255	202	226	88	175	253	111	111	231	129	55	246	85	123	
60	91	122	238	126	128	83	112	197	140	253	238	231	203	163	80	222	248	135	66	202	34	74	61	226	229	32	155	118	187	100	163	
194	97	4	141	12	137	40	77	174	128	155	2	172	202	64	66	98	45	123	208	66	5	195	209	36	48	139	252	20	2	177	128	
39	83	19	172	59	201	18	104	141	200	249	237	238	206	40	212	214	97	238	103	69	3	74	156	160	244	41	154	28	47	9	85	
12	223	108	119	118	215	255	185	246	124	95	167	249	125	159	97	55	122	191	254	226	80	111	189	110	207	231	197	63	134	93	243	
183	221	114	162	182	3	222	229	25	67	249	187	206	62	62	49	255	219	159	119	252	171	12	238	184	92	142	254	213	223	179	93	
