Ê¥ÂÞÀ¼Ó¨ÁÁ´¿÷ÈÃÀ´½¸à	#8 ³ÈÉ«·Å×Ý	http://www.yslbeautycn.com/on/demandware.static/-/Sites-ysl-master-catalog/default/dwa27f4f3b/Makeup_Pro_img/00199YSL/L6341900U_4.png	//www.yslbeautycn.com/dw/image/v2/AARM_PRD/on/demandware.static/-/Sites-ysl-master-catalog/default/dw8d5e631a/Makeup_Pro_img/00199YSL/L6341900U_1.jpg?sw=336&sh=444&sm=fit
147	144	242	200	102	18	248	91	125	67	246	179	13	31	182	104	255	157	183	133	180	191	37	194	22	126	218	198	231	164	225	213	
56	141	106	237	214	146	238	119	85	0	254	2	121	139	180	100	126	174	23	232	216	187	37	255	114	237	162	192	55	138	240	136	
6	133	80	139	252	171	186	107	15	49	89	146	140	78	124	64	223	11	19	49	18	56	73	213	12	28	139	230	148	10	209	129	
87	125	235	36	226	98	111	51	48	194	94	229	113	247	211	114	55	247	53	239	201	218	183	106	116	47	237	128	173	242	34	121	
3	201	38	31	85	156	238	167	236	16	74	0	160	168	54	228	200	106	18	79	198	152	22	237	44	62	222	65	8	4	250	140	
114	169	238	84	203	113	213	71	171	181	174	137	10	190	71	26	169	247	249	145	28	75	162	192	123	87	221	127	193	116	198	78	
53	59	123	101	132	78	215	113	65	200	251	78	19	125	20	33	156	254	21	74	217	250	241	168	43	248	69	82	105	170	210	179	
146	76	114	254	62	162	250	82	157	130	250	146	41	207	53	64	110	243	63	211	234	175	6	255	178	254	138	136	55	205	112	9	
27	235	98	1	242	155	174	245	109	192	92	226	41	14	150	164	54	43	151	223	214	152	36	253	62	72	174	224	39	134	187	237	
11	251	97	73	114	155	63	245	105	64	92	228	57	134	150	180	54	42	150	206	211	154	36	253	38	88	174	232	63	134	163	253	
252	120	184	228	9	44	85	158	2	183	172	29	151	167	67	90	193	212	109	92	8	7	211	18	243	229	165	61	176	121	6	114	
43	158	116	89	237	127	249	55	77	95	116	53	136	60	182	239	207	19	151	28	183	168	115	213	71	123	114	195	222	204	205	255	
24	176	26	179	20	141	161	69	52	33	195	16	182	144	8	128	252	59	130	17	27	184	144	55	149	165	26	66	72	0	187	152	
73	160	186	180	27	223	17	47	94	229	142	28	255	166	66	240	21	39	232	28	52	201	245	14	237	199	21	29	34	12	141	104	
187	180	96	97	118	187	248	251	59	113	116	186	27	31	222	53	255	157	151	60	170	116	229	215	94	217	161	228	119	140	82	245	
125	173	120	126	211	217	87	168	115	71	236	136	251	244	10	180	31	250	192	110	106	106	252	63	63	239	5	126	115	196	142	108	
51	193	99	78	86	22	239	125	65	64	109	202	113	68	189	180	124	140	18	239	201	178	60	221	49	44	128	12	117	182	114	236	
138	180	162	154	169	245	184	71	175	93	29	149	172	158	118	140	167	59	219	21	150	9	178	211	155	85	26	235	130	68	175	223	
65	173	168	118	209	93	127	175	114	167	44	26	51	185	82	49	177	202	80	152	118	106	184	63	127	79	21	109	241	80	206	234	
138	178	118	250	119	253	184	80	189	89	117	191	172	220	190	41	190	25	151	49	182	182	38	197	23	123	90	195	87	143	39	215	
78	210	114	250	123	245	250	216	255	89	245	191	76	222	190	120	254	153	151	215	134	7	44	245	23	124	138	239	215	135	39	215	
60	242	114	74	86	153	243	248	67	172	125	106	99	200	255	36	62	232	134	107	194	50	44	63	126	77	37	175	119	171	86	167	
249	217	125	109	42	90	85	191	33	98	230	173	59	55	130	115	6	214	236	100	237	8	113	61	226	251	116	19	122	156	206	91	
52	53	187	160	220	111	147	89	130	249	185	111	86	253	104	10	221	157	215	51	153	51	88	144	249	193	37	246	217	107	150	243	
186	219	125	106	250	193	151	252	12	61	116	171	45	31	174	81	222	27	151	98	210	26	104	181	111	193	44	255	119	142	133	251	
187	73	107	223	102	146	239	112	117	194	118	198	121	175	183	229	126	238	55	238	225	191	37	239	118	107	226	128	47	189	112	253	
187	112	228	245	116	59	248	82	29	225	214	187	11	29	151	45	110	185	151	141	174	252	101	192	150	89	216	146	103	204	80	221	
230	202	105	158	28	201	139	200	150	100	145	171	225	204	126	0	88	240	219	211	110	39	76	191	125	4	153	249	117	159	84	90	
75	137	212	187	245	156	104	141	171	17	73	64	173	202	104	212	226	171	166	81	86	8	138	245	172	240	14	78	54	6	169	140	
6	40	148	137	110	33	184	74	30	176	80	130	140	142	113	73	111	25	55	209	2	118	67	208	20	16	219	236	149	13	49	129	
46	98	163	131	125	21	234	200	31	255	213	223	136	205	255	140	121	200	151	159	130	119	46	226	30	94	159	175	135	255	125	229	
46	110	194	219	125	243	138	202	31	185	221	187	104	206	255	204	89	249	183	145	14	214	207	255	30	86	159	251	151	207	28	148	
53	108	171	33	92	111	203	216	2	232	154	207	83	12	211	56	60	228	86	255	141	145	237	24	124	12	173	244	237	123	82	240	
46	102	163	153	125	151	234	216	31	255	213	223	138	205	255	140	121	232	167	31	138	246	238	242	30	84	159	175	215	255	124	229	
102	41	19	184	137	237	16	202	143	17	160	9	142	222	101	216	201	177	107	84	31	35	210	209	145	240	1	127	208	25	170	18	
173	106	160	57	109	157	230	216	95	254	208	95	170	200	127	140	217	104	231	31	202	118	239	243	4	92	21	42	215	253	114	197	
2	133	116	203	254	128	188	107	15	17	89	18	236	74	60	65	126	139	23	161	210	10	75	213	44	60	154	204	21	10	161	129	
57	114	224	229	71	91	93	121	113	230	182	175	91	29	211	182	122	236	212	174	205	246	245	136	211	223	165	181	103	190	94	251	
152	211	121	233	122	209	21	253	20	13	117	227	189	31	168	241	54	27	151	224	210	24	106	213	247	225	58	255	119	130	135	251	
8	189	51	188	219	205	181	103	174	5	168	17	188	191	32	80	162	59	203	1	82	9	18	255	241	246	26	75	18	4	167	219	
11	131	96	153	180	187	234	154	95	73	88	247	137	8	188	236	95	10	23	157	159	184	69	247	14	124	186	196	158	141	216	149	
103	112	118	202	125	181	250	216	143	89	177	179	204	222	127	104	255	145	255	215	134	39	43	245	31	62	139	222	151	15	117	87	
18	143	110	156	219	208	188	103	158	21	90	179	44	238	166	192	231	59	171	129	86	155	6	247	58	39	158	203	21	4	173	207	
59	141	107	238	84	211	202	97	196	64	218	66	113	218	52	224	88	170	146	235	221	171	52	255	51	109	170	137	53	170	120	204	
117	106	171	4	68	94	231	208	224	232	190	78	83	220	215	50	56	236	124	255	205	247	164	40	115	13	165	176	201	123	82	253	
61	243	88	34	87	157	210	248	71	252	189	175	107	200	111	132	188	137	198	247	206	35	28	189	122	213	5	255	123	143	74	151	
151	177	97	66	219	217	170	232	239	121	180	238	72	220	254	164	189	219	218	247	215	35	62	245	63	24	135	255	95	6	203	245	
146	177	24	237	19	132	61	125	43	21	133	151	173	247	72	196	182	155	153	128	90	9	177	215	187	245	30	102	54	132	167	121	
38	183	243	210	215	52	254	253	19	25	121	251	72	127	108	180	127	222	147	242	182	242	152	230	63	126	133	239	231	143	246	215	
130	180	114	151	118	168	186	97	187	9	219	178	172	254	92	0	238	191	223	129	178	251	138	207	148	60	138	170	5	14	35	137	
125	163	232	97	245	26	91	153	115	229	14	141	219	41	211	210	83	204	173	220	158	120	237	136	238	205	165	101	167	230	88	88	
114	5	82	164	22	10	74	97	41	160	250	10	75	42	52	16	122	133	95	227	8	179	128	204	176	236	138	148	101	42	114	0	
118	5	233	136	156	96	206	136	11	113	153	223	210	108	93	10	91	199	125	247	28	35	223	98	185	38	207	252	245	123	214	86	
62	201	106	236	119	83	95	232	1	228	188	171	107	77	191	180	122	240	151	227	76	35	108	141	242	205	165	191	55	190	118	103	
1	73	23	77	116	206	233	119	236	72	114	64	180	16	180	38	42	36	86	76	193	185	36	77	36	56	34	0	76	136	99	173	
1	236	127	93	116	142	229	118	104	136	118	64	179	145	164	49	34	56	6	72	225	248	48	77	101	184	98	0	64	160	103	169	
38	116	98	218	91	241	186	202	159	23	205	179	8	222	111	236	127	185	147	144	46	23	126	246	30	86	159	239	191	95	44	150	
65	51	122	33	96	140	105	19	104	73	74	76	151	2	144	240	166	37	125	13	129	24	133	64	196	61	58	128	12	130	3	57	
118	84	101	0	140	107	214	202	81	226	184	239	67	124	29	26	89	212	93	163	236	231	125	30	177	22	205	182	245	123	86	86	
203	158	174	222	161	182	181	247	188	31	78	117	252	243	162	105	229	102	187	143	240	221	179	239	115	47	254	131	10	116	185	123	
227	58	230	144	109	253	184	66	201	253	48	191	172	156	215	43	142	49	215	21	132	126	230	192	6	24	218	171	197	13	87	223	
62	67	122	232	59	83	91	105	165	140	253	171	79	223	43	48	254	185	151	226	72	131	32	220	243	197	41	191	119	166	102	99	
194	142	44	219	182	172	169	191	94	23	86	214	164	37	150	77	39	2	43	29	178	124	119	247	76	50	218	192	148	200	149	61	
61	21	123	108	86	211	251	112	84	192	125	34	91	221	185	48	126	184	151	234	201	178	52	14	115	205	161	129	127	171	116	243	
136	220	38	223	149	246	182	255	212	75	222	119	120	249	162	225	245	122	187	131	245	223	27	255	118	103	254	131	27	93	189	27	
36	34	173	163	236	107	173	153	70	115	83	211	209	69	24	11	89	76	35	231	27	244	77	17	69	130	251	68	245	251	213	176	
230	58	228	144	109	253	184	66	139	125	17	191	140	140	214	11	207	41	247	21	150	118	242	208	7	88	218	255	213	13	87	215	
57	4	198	101	37	90	108	50	97	230	246	134	107	32	151	175	104	228	236	44	109	240	101	140	134	235	245	1	239	252	88	204	
118	31	222	236	190	34	179	218	133	172	186	231	65	110	167	67	110	215	238	240	56	163	101	204	184	166	163	151	253	235	100	113	
59	105	66	229	77	157	238	231	133	160	204	10	35	141	80	167	104	238	211	207	73	122	214	168	183	201	141	57	107	60	218	188	
202	50	162	211	41	252	56	23	169	79	23	55	172	158	86	110	230	191	253	145	158	92	242	195	199	125	154	195	134	4	135	127	
114	4	98	228	22	10	202	97	105	0	250	10	75	10	52	80	126	133	21	161	136	187	1	206	178	236	138	144	101	138	114	8	
246	165	242	224	246	10	122	249	59	33	250	26	207	235	92	16	127	141	119	177	154	187	128	198	190	252	139	244	167	170	242	129	
13	149	253	83	246	58	253	159	127	223	127	182	221	109	158	106	55	23	255	29	145	248	47	192	78	127	118	196	238	228	193	241	
232	157	60	250	169	157	21	175	143	53	164	13	174	237	98	19	134	51	201	80	114	43	90	53	235	209	84	123	80	8	141	58	
112	152	137	229	32	74	73	63	50	248	114	232	183	37	192	34	24	60	101	40	73	248	225	12	205	167	245	180	224	168	6	184	
146	204	116	255	110	131	252	107	157	178	208	18	237	10	53	73	111	161	63	163	232	239	67	253	150	218	218	144	53	136	113	137	
62	83	104	232	53	83	90	88	65	100	188	139	11	13	54	148	254	153	149	243	142	35	68	156	242	221	128	191	119	175	126	214	
134	58	198	145	244	187	40	214	63	175	82	247	137	137	247	201	103	42	134	148	182	220	5	246	14	22	54	192	174	221	41	157	
86	152	158	156	75	194	184	105	190	149	192	3	108	246	104	91	246	253	251	208	18	75	146	213	153	34	203	75	145	32	39	130	
75	19	113	193	101	92	232	19	109	73	250	102	136	24	212	230	110	133	222	141	149	56	245	192	22	120	130	194	79	140	113	245	
151	158	67	189	82	162	170	122	24	227	90	247	69	102	160	65	55	237	36	167	181	158	13	127	184	38	43	196	189	225	43	149	
35	19	119	77	109	95	233	83	109	105	250	102	8	28	148	230	110	156	126	140	145	186	245	192	22	120	146	194	79	140	112	245	
18	132	246	196	118	43	248	75	253	3	251	146	76	238	60	64	255	149	23	161	160	183	4	203	22	62	154	130	5	236	225	145	
31	180	242	225	182	18	122	223	59	233	126	163	31	159	222	52	183	223	149	188	158	152	165	194	250	221	63	230	167	134	227	215	
226	17	119	212	115	204	153	35	169	105	182	185	190	31	132	55	206	181	223	5	17	171	112	205	87	56	122	210	78	12	7	127	
67	9	113	197	106	75	185	103	169	232	180	40	188	55	132	55	162	53	95	168	49	11	224	204	92	24	122	186	66	128	3	171	
203	152	50	216	107	244	185	87	171	95	52	53	44	159	102	124	229	59	183	128	135	15	178	209	83	93	90	235	146	4	167	255	
55	157	78	170	237	25	214	233	207	82	253	167	199	248	63	161	251	195	150	103	255	35	94	191	186	87	207	63	93	127	248	150	
26	223	99	188	118	129	63	246	132	12	92	167	45	207	179	64	110	187	151	197	194	155	36	255	112	100	170	137	55	156	53	251	
43	112	226	209	100	184	248	19	121	67	118	178	171	140	150	44	238	185	215	141	140	188	228	193	198	249	146	194	103	140	82	253	
139	26	178	216	101	188	249	87	251	95	116	53	174	157	246	63	166	57	151	13	167	124	162	209	67	249	114	202	214	132	103	255	
7	60	131	209	178	227	171	67	191	195	90	226	188	151	225	164	175	59	19	148	51	156	48	238	168	22	159	226	140	65	39	188	
158	28	114	254	180	178	254	82	221	202	223	179	173	223	183	96	239	187	159	135	160	165	34	238	178	127	138	138	22	237	49	213	
40	27	95	237	124	211	97	126	87	36	98	100	19	128	161	240	88	172	166	104	11	186	35	29	64	163	177	0	88	136	108	184	
5	60	59	17	144	230	107	146	124	201	106	68	176	182	183	112	229	42	26	156	183	156	53	110	45	12	38	64	136	65	33	125	
9	213	105	233	54	159	123	190	71	109	94	166	219	29	186	96	87	26	151	124	131	184	109	191	110	205	161	196	182	142	220	249	
122	129	112	238	246	11	94	189	73	32	184	138	207	47	28	16	126	199	95	227	216	43	77	253	178	253	143	246	119	154	210	9	
24	212	251	109	17	126	113	223	54	71	238	0	59	191	33	120	113	154	155	8	11	157	49	27	115	239	16	1	122	88	228	122	
114	113	59	232	41	213	155	64	173	76	180	9	46	159	99	112	238	185	223	195	74	35	242	216	211	209	138	59	16	2	39	251	
10	188	242	152	223	245	177	199	223	87	12	59	44	188	102	172	171	187	147	129	150	43	54	211	31	86	26	107	215	76	189	222	
179	24	100	249	102	178	248	82	29	242	246	183	9	31	183	105	239	189	183	181	188	222	101	198	30	90	218	198	183	141	112	213	
37	220	66	31	85	191	226	240	95	65	115	86	250	120	158	164	217	106	18	79	183	180	93	255	46	62	19	64	207	15	89	132	
66	20	118	229	118	42	248	70	125	163	218	178	237	62	29	74	255	183	191	177	176	248	69	206	158	254	218	194	133	204	33	137	
122	91	99	198	86	155	207	244	1	224	254	239	59	13	151	164	110	244	215	231	201	187	101	173	118	105	168	144	111	191	126	124	
2	0	244	253	108	11	252	43	31	146	242	2	141	42	53	75	238	181	63	161	192	237	67	216	150	250	219	150	21	232	97	137	
74	97	58	170	79	217	177	73	175	29	133	43	172	223	102	66	226	57	251	81	70	11	162	209	215	81	139	251	18	14	45	207	
211	200	12	190	28	133	26	108	158	77	213	23	229	136	50	65	224	35	123	71	238	13	95	191	240	103	154	217	28	15	153	90	
227	1	125	204	108	31	232	99	73	232	176	14	158	44	20	179	174	181	94	45	129	107	112	204	159	56	96	184	68	168	67	188	
99	19	115	193	108	124	169	81	109	73	251	70	152	28	180	230	236	156	90	156	145	186	245	192	21	56	130	66	77	138	113	245	
59	201	98	107	21	158	207	244	101	65	254	7	59	13	62	228	120	170	149	205	203	184	117	189	115	125	128	64	127	158	248	124	
130	12	114	158	252	161	254	67	157	130	219	18	236	202	53	64	255	171	63	131	160	175	2	239	180	62	154	136	20	73	49	9	
147	235	99	69	7	147	174	244	109	4	210	198	41	8	148	165	46	161	95	239	196	157	37	253	48	88	142	128	47	150	83	12	
174	105	226	216	237	81	252	202	155	150	244	187	8	206	247	172	248	249	147	195	108	119	166	194	22	80	223	175	31	253	126	214	
38	58	162	146	109	253	184	64	139	125	17	63	140	156	118	11	141	41	247	23	150	119	186	208	15	88	218	235	196	15	87	215	
25	248	123	97	54	155	123	220	87	97	126	166	155	29	178	32	54	24	151	252	195	184	37	159	110	205	33	196	119	142	73	249	
3	120	110	79	98	150	174	240	237	64	84	198	57	78	181	53	54	57	83	238	193	148	20	253	38	8	138	128	63	150	123	189	
2	188	178	154	223	245	176	71	159	87	77	31	44	188	102	12	175	59	147	145	183	107	50	243	31	22	26	107	159	76	173	223	
118	197	112	228	246	11	94	252	105	32	190	10	75	43	28	16	122	199	87	235	216	187	76	221	186	253	129	244	119	170	210	1	
68	159	221	23	178	42	166	183	56	179	43	228	230	98	137	210	55	87	168	34	225	248	93	111	172	38	127	22	200	242	139	25	
0	150	213	151	178	42	38	59	58	163	43	228	230	98	136	208	55	119	40	34	113	216	93	79	44	38	103	2	140	98	129	17	
114	13	125	253	147	224	83	134	133	69	110	163	43	63	39	80	98	251	133	208	26	152	32	173	127	229	148	3	183	217	100	122	
146	4	84	157	78	43	236	111	29	162	242	18	236	106	60	73	123	131	127	131	72	103	67	223	148	154	218	144	53	72	97	136	
11	145	246	241	242	26	253	157	127	249	118	178	221	63	158	111	55	87	191	156	176	248	45	192	110	251	119	196	231	212	161	249	
75	243	253	193	58	221	185	156	238	125	22	230	188	159	206	230	166	87	255	93	131	73	171	245	78	89	58	230	14	133	5	249	
114	5	98	236	20	2	74	112	65	160	250	10	75	10	52	16	122	133	21	226	200	179	1	206	178	236	130	148	101	170	114	8	
49	59	59	101	164	78	79	115	81	236	250	76	51	61	148	32	220	238	20	110	217	184	113	172	161	152	37	144	105	170	212	113	
53	79	74	174	84	130	111	116	164	192	218	199	113	195	179	80	124	232	23	239	200	147	4	46	240	173	170	136	45	179	48	128	
43	154	180	219	109	252	184	55	207	93	119	53	172	60	54	111	207	51	191	1	150	104	115	241	79	123	90	211	214	12	197	223	
45	225	19	168	89	205	99	196	132	21	232	12	159	193	40	0	216	169	66	80	19	163	210	53	117	145	0	104	88	11	162	128	
43	152	116	217	108	191	248	119	111	123	116	179	140	63	150	63	175	19	215	5	182	184	97	213	7	91	90	194	215	204	195	223	
9	169	136	190	89	221	97	75	166	53	5	8	190	215	66	178	137	170	226	28	26	90	250	49	221	145	17	105	16	2	6	234	
133	249	142	185	205	159	228	221	222	218	118	71	146	216	119	104	249	40	50	95	199	240	94	208	38	89	7	44	93	124	249	132	
78	176	178	218	235	245	88	222	187	95	21	189	140	222	126	61	183	27	149	17	182	71	186	241	219	95	26	239	150	69	175	215	
236	108	21	132	72	43	143	232	130	162	168	202	209	64	89	139	25	68	106	239	96	103	207	30	52	2	237	60	85	123	19	160	
81	1	122	161	50	168	107	16	109	0	207	128	151	2	146	112	118	173	60	237	137	144	229	64	212	172	170	128	44	131	35	32	
36	223	121	234	218	195	187	244	134	117	125	226	21	95	40	96	126	147	147	242	211	24	124	55	111	133	45	229	117	155	133	251	
174	107	224	156	237	89	236	206	31	222	212	187	170	204	215	142	200	232	223	71	110	111	230	241	22	81	223	187	87	188	126	220	
134	80	118	216	111	189	248	216	173	89	245	179	204	223	190	41	254	145	215	247	178	167	42	213	23	122	202	206	215	159	99	215	
30	169	34	178	157	213	186	197	143	193	141	19	140	220	114	128	232	235	155	213	30	75	26	244	249	85	143	123	151	15	185	198	
170	235	224	156	237	89	204	238	159	246	148	171	170	140	215	143	137	218	239	71	78	107	239	241	30	81	221	191	87	252	94	220	
122	51	225	69	95	86	67	88	67	236	132	174	0	165	215	182	124	220	225	252	137	83	237	200	63	28	133	182	39	166	118	244	
19	206	70	157	22	146	174	246	44	66	218	231	105	42	183	196	126	231	191	229	228	153	5	239	176	102	190	130	47	182	57	157	
102	104	176	94	205	240	247	198	203	23	172	10	40	248	117	222	233	250	227	194	2	99	170	241	23	62	212	43	211	127	230	174	
106	235	194	52	243	153	188	231	171	165	32	239	172	168	86	146	162	111	225	149	70	91	134	224	62	84	158	235	69	4	155	142	
130	56	178	218	75	240	176	66	187	87	101	51	44	222	103	121	231	59	179	145	6	95	186	227	23	54	218	107	145	5	39	222	
40	235	115	82	118	217	167	228	90	196	124	234	41	200	247	164	26	104	130	67	199	62	44	255	62	92	37	171	87	159	118	237	
244	244	45	225	28	79	195	249	83	127	151	31	83	93	88	3	57	132	93	51	251	101	121	151	251	201	165	245	237	42	212	114	
245	76	61	126	44	95	71	56	196	10	160	72	243	80	1	115	192	116	108	106	105	39	123	63	227	235	96	24	80	57	84	43	
33	201	123	78	84	215	235	244	68	64	100	2	112	221	54	32	120	104	19	238	195	184	56	125	111	45	132	72	83	154	112	232	
191	113	114	232	238	145	254	216	239	88	244	171	9	223	255	120	254	153	151	247	206	39	46	208	50	217	139	238	119	183	114	215	
121	57	235	101	242	66	111	55	48	192	94	162	49	183	209	112	118	254	53	140	193	154	180	42	124	173	175	128	175	240	118	249	
57	141	115	236	21	211	194	97	196	4	218	66	115	216	180	224	216	186	6	97	221	171	52	159	179	237	162	73	53	10	116	172	
95	157	182	255	181	54	182	247	180	219	199	119	104	251	175	203	245	103	185	199	245	217	139	175	62	111	254	130	138	245	184	27	
2	40	224	145	110	169	184	66	15	177	208	138	140	142	85	11	78	185	23	145	128	126	194	192	4	24	218	168	149	12	17	153	
44	255	106	162	118	155	251	248	134	228	61	175	107	205	255	0	30	232	131	119	198	163	60	191	122	13	37	109	119	143	118	210	
102	121	240	232	108	145	222	200	207	248	176	171	140	220	245	104	238	209	127	215	194	39	170	208	22	88	143	190	215	189	113	85	
186	19	122	236	59	83	90	105	37	132	253	170	75	207	33	144	126	185	135	226	72	131	4	220	242	197	137	63	119	166	110	34	
131	144	178	216	101	188	248	87	251	91	116	49	172	159	246	47	166	59	151	29	166	109	162	211	7	120	90	138	214	132	99	223	
33	217	115	79	116	151	239	244	69	72	112	70	48	220	181	164	126	104	18	206	195	184	52	253	37	24	128	0	95	155	112	252	
30	159	135	255	189	246	54	246	215	91	211	119	96	253	175	237	253	246	187	195	189	249	27	191	62	119	255	131	154	125	184	95	
34	160	198	29	77	139	160	107	222	180	224	11	32	200	118	9	248	172	98	33	6	251	199	93	28	2	83	63	81	44	126	142	
59	114	234	68	103	87	95	120	65	238	253	239	123	157	246	180	126	252	151	238	205	182	101	136	83	221	161	167	111	174	126	245	
99	219	125	124	104	152	92	183	169	106	118	233	63	63	134	114	134	247	181	68	204	28	98	61	230	251	116	147	80	148	134	91	
120	233	122	72	115	217	83	101	105	69	124	169	43	140	166	48	170	184	198	64	70	59	164	61	115	77	32	121	99	142	70	222	
52	181	63	160	172	79	19	249	132	185	157	58	214	221	232	35	221	149	95	51	24	99	41	20	249	129	45	246	192	43	148	243	
169	52	188	59	60	63	81	158	95	127	181	60	214	56	155	43	151	6	92	57	175	228	125	27	194	219	113	23	216	221	88	79	
192	155	77	165	236	12	237	55	168	252	182	247	129	47	210	67	110	231	239	164	248	125	229	192	252	161	254	212	45	168	213	217	
130	32	86	151	118	169	184	96	189	1	241	18	236	202	60	9	254	169	87	131	50	245	138	253	20	24	154	194	5	11	115	129	
82	33	134	172	75	193	184	73	142	145	194	131	36	222	96	74	232	189	251	145	10	195	147	208	153	32	203	91	17	12	53	2	
27	9	239	223	102	18	239	113	117	194	119	198	121	239	183	228	126	236	55	207	201	184	37	238	118	111	226	128	39	174	113	253	
142	143	80	179	213	216	110	173	175	85	45	7	172	202	110	212	227	171	134	208	87	24	170	247	174	209	135	111	58	6	205	206	
154	203	62	188	2	192	61	231	188	23	86	179	44	143	34	73	102	187	175	129	102	221	2	255	240	163	254	139	53	20	173	203	
106	62	158	190	235	32	148	103	139	159	152	175	44	255	103	26	175	247	237	1	20	75	130	224	216	247	94	187	129	116	175	155	
82	160	151	189	27	194	56	104	190	145	194	3	204	214	32	74	248	189	235	176	8	203	147	93	153	162	219	79	128	32	37	130	
175	245	49	170	251	181	158	223	27	233	157	185	124	253	88	160	151	91	215	119	182	11	200	191	123	93	45	255	150	223	155	211	
123	225	34	238	93	215	207	111	1	229	188	10	35	45	54	180	216	162	211	237	92	171	112	157	251	221	148	121	83	14	254	206	
181	216	206	188	60	139	214	232	223	250	180	63	83	248	115	0	219	225	22	103	236	47	94	191	250	95	175	253	125	63	120	147	
89	3	226	37	5	90	96	51	97	229	254	143	75	41	210	98	56	196	108	12	140	248	229	128	222	239	229	1	231	174	92	90	
57	81	123	236	124	199	91	112	1	68	245	10	59	223	35	48	250	185	23	226	73	163	48	156	243	201	0	56	113	187	102	242	
211	84	14	191	44	165	78	172	148	91	211	247	245	227	59	75	208	231	61	231	173	197	79	175	240	34	250	152	60	31	185	91	
162	32	230	209	100	185	248	23	29	83	118	147	173	12	150	43	238	185	151	157	162	252	102	194	6	90	218	128	199	140	81	221	
44	103	133	161	204	47	167	216	4	170	154	234	211	49	209	138	93	84	122	107	17	176	201	0	100	132	237	180	237	251	208	160	
2	16	244	223	110	42	248	7	143	169	243	50	172	58	52	74	238	53	127	129	128	189	65	194	132	62	218	146	20	10	65	137	
9	28	43	89	212	246	171	151	124	201	110	68	184	52	179	112	101	42	18	29	179	184	53	110	109	15	54	64	136	64	113	121	
2	172	162	154	219	241	184	71	159	87	92	179	44	158	102	8	239	59	147	145	22	15	162	243	31	20	154	235	151	76	165	223	
202	176	178	242	37	252	184	16	187	91	87	181	172	223	126	108	247	27	157	145	182	69	178	195	131	125	154	235	134	68	167	87	
119	90	101	71	32	7	78	156	65	234	146	206	115	13	149	114	94	229	125	239	205	132	77	234	162	30	165	144	45	179	80	29	
57	8	110	109	45	26	96	112	100	192	231	128	91	36	146	243	72	228	232	40	140	235	119	12	210	235	80	17	99	174	110	220	
53	77	74	174	212	130	110	244	132	192	218	199	113	235	179	96	124	235	23	239	205	147	4	174	240	45	174	136	61	251	184	152	
104	133	49	107	206	109	53	175	74	113	40	8	54	53	76	51	5	154	66	0	83	58	227	53	109	136	112	124	80	74	199	233	
97	233	24	186	105	237	17	134	174	61	136	9	182	146	67	26	129	11	104	81	14	75	234	49	221	144	154	127	144	17	7	106	
114	225	58	234	25	193	83	104	171	4	141	41	63	223	42	48	250	185	223	227	74	3	170	221	243	213	11	59	16	11	38	98	
11	173	11	208	176	243	171	99	180	197	94	162	188	182	162	36	111	59	147	152	19	153	36	110	105	7	174	193	134	192	165	248	
3	30	11	145	180	175	104	214	62	201	90	199	180	2	181	72	183	43	22	157	151	152	21	126	12	30	54	192	152	192	33	221	
2	148	244	217	118	34	248	67	63	115	242	179	140	46	20	72	239	157	191	149	178	190	65	194	22	62	154	198	213	196	225	209	
120	177	59	236	29	199	87	121	135	140	141	10	126	223	98	98	220	241	253	98	88	11	122	157	251	221	133	63	18	42	116	115	
153	4	106	69	214	50	239	115	116	226	127	146	89	13	178	96	126	140	23	172	168	180	37	142	118	239	160	132	39	236	240	224	
165	248	142	59	213	159	230	209	94	121	114	87	243	216	63	168	217	104	50	95	231	244	95	183	46	127	7	68	221	29	217	148	
57	177	96	233	253	247	91	89	71	77	253	12	123	125	158	180	220	154	151	60	155	42	123	157	235	221	129	125	211	142	220	240	
40	45	42	232	253	240	91	198	6	69	204	1	191	151	99	208	216	59	145	216	26	10	112	188	235	213	174	105	146	211	252	250	
173	185	164	59	173	157	244	217	95	88	80	15	238	216	95	13	153	10	114	95	214	248	223	241	108	88	69	42	95	126	89	206	
9	157	31	191	146	199	171	51	254	97	74	70	189	182	34	192	166	43	26	221	177	152	48	125	45	47	42	64	24	0	33	121	
46	171	99	154	233	145	238	203	143	30	92	227	168	207	247	204	77	250	175	215	90	27	238	241	54	112	143	235	23	222	188	252	
104	209	184	62	237	92	148	135	203	91	188	57	142	188	94	58	201	223	181	1	222	43	202	179	107	117	116	255	210	92	254	95	
3	249	115	195	246	211	191	246	95	225	88	226	56	156	244	164	63	219	147	209	211	184	52	253	44	28	30	226	127	158	161	253	
94	24	243	148	123	210	178	66	168	200	251	227	44	190	167	219	102	253	135	211	5	195	166	232	18	97	106	139	167	39	47	215	
90	110	210	177	163	184	60	198	175	31	78	165	172	167	199	222	167	63	237	148	6	209	131	224	150	247	126	131	130	212	173	91	
43	141	83	156	93	209	82	99	197	64	220	67	106	217	48	228	88	170	134	41	158	171	70	223	50	116	130	91	55	142	120	14	
75	94	230	159	50	178	168	150	191	83	90	247	237	14	181	238	103	119	191	133	167	212	39	235	4	126	250	130	174	213	57	93	
244	210	61	224	108	111	81	120	150	191	183	120	87	149	232	43	221	148	127	58	120	119	235	18	217	131	101	244	16	233	148	99	
123	105	74	108	91	212	90	104	83	192	236	10	59	222	55	180	88	232	144	206	79	3	254	191	51	237	129	59	51	166	122	204	
181	77	75	174	212	130	79	244	212	192	218	198	115	232	177	97	120	234	23	239	237	147	12	46	240	173	174	136	61	250	240	136	
15	241	246	192	225	116	124	223	171	93	60	181	12	223	254	63	175	91	151	215	151	67	186	208	95	89	255	239	150	213	231	247	
33	184	249	65	245	93	227	23	91	233	124	12	178	176	215	52	217	74	18	24	147	58	240	66	79	157	52	104	200	74	82	236	
60	197	106	224	84	139	106	244	65	32	254	10	91	105	188	16	122	236	23	232	216	187	8	157	126	237	165	196	119	170	242	128	
185	217	63	196	181	78	199	55	73	204	254	76	62	53	20	51	204	246	84	110	249	171	113	44	241	185	36	16	74	56	212	113	
162	121	226	156	207	81	188	111	155	214	244	171	40	188	103	13	204	187	179	129	78	107	246	209	55	16	223	171	87	124	254	222	
3	187	131	149	169	144	172	71	142	205	152	231	172	174	226	142	239	111	255	149	151	203	134	192	172	22	190	170	140	92	189	221	
250	203	98	188	251	146	30	101	137	140	150	167	109	202	166	212	230	229	143	199	196	139	4	238	122	113	174	219	55	190	173	79	
122	171	170	164	91	128	152	101	171	13	248	171	47	139	66	16	168	187	197	209	30	11	130	197	251	213	138	235	103	6	191	139	
106	175	100	157	237	217	220	103	155	116	188	169	170	172	214	151	201	174	239	5	70	106	230	241	54	80	84	187	87	204	222	222	
254	75	68	196	169	18	79	184	1	190	150	237	75	39	135	223	86	196	237	238	232	215	229	172	178	242	229	148	38	245	124	117	
26	127	99	101	51	138	111	119	33	236	190	229	63	15	144	149	38	183	221	236	232	153	37	142	242	237	36	128	103	132	6	121	
26	202	210	188	114	192	61	231	55	7	94	163	45	167	162	84	119	187	175	129	66	159	6	255	240	38	190	131	55	148	165	203	
32	123	115	78	86	149	175	244	73	68	108	206	33	200	183	148	30	104	2	78	198	186	118	125	37	28	0	40	119	159	102	236	
6	12	242	220	244	163	254	103	221	139	218	146	172	238	52	72	255	187	31	145	176	187	0	238	182	62	158	138	148	248	177	129	
134	208	178	218	75	212	176	204	187	91	97	19	44	222	108	123	231	89	179	195	2	71	186	241	23	56	90	107	17	23	39	215	
45	55	105	73	244	247	203	91	70	105	221	110	145	237	190	32	92	138	23	189	155	58	117	30	110	77	161	236	223	203	208	241	
58	249	170	170	213	196	215	206	34	77	220	9	58	189	122	16	217	202	149	213	94	43	154	163	123	93	188	235	129	94	254	218	
130	120	178	154	109	172	184	196	234	91	113	17	172	220	125	11	174	59	179	87	130	116	138	225	5	24	90	170	192	23	35	203	
75	185	118	241	107	149	185	218	175	120	86	167	189	159	231	103	166	29	255	215	135	89	175	245	87	217	59	166	7	133	37	255	
79	153	190	191	165	212	63	244	183	221	71	37	108	255	175	207	215	103	185	87	246	217	171	233	74	255	223	131	142	247	41	95	
77	148	188	55	169	126	45	187	254	255	15	16	223	118	218	123	163	87	124	175	149	192	255	64	205	243	127	196	128	102	167	101	
116	172	25	96	248	237	80	75	58	249	168	8	146	150	68	16	137	138	68	16	90	106	226	17	187	221	53	127	208	0	206	131	
2	12	226	209	100	169	248	7	191	83	114	147	172	142	116	72	239	59	151	21	178	252	2	194	4	30	218	194	132	76	81	201	
2	190	162	154	211	229	184	71	159	85	73	147	172	142	102	8	237	59	147	145	18	11	26	243	31	20	154	235	149	76	181	222	
2	40	128	145	108	169	168	6	14	177	82	18	172	138	113	72	78	41	27	145	2	188	67	208	132	16	154	160	148	9	17	137	
14	237	228	219	223	249	223	159	27	247	85	24	205	123	222	191	23	91	209	159	178	88	127	243	111	95	221	229	191	213	143	180	
190	182	254	211	245	54	242	223	115	127	127	247	74	127	238	221	253	218	135	188	191	246	57	231	250	223	183	231	175	213	254	215	
50	45	242	236	116	130	218	71	43	129	248	2	41	10	20	80	254	189	31	145	154	139	65	204	190	252	142	208	165	130	114	9	
18	96	7	169	15	195	160	79	134	177	194	3	132	130	96	74	232	157	107	145	10	143	211	208	145	160	154	91	17	8	53	138	
59	19	107	77	118	119	255	112	65	236	255	230	89	189	183	36	126	188	151	238	205	179	165	200	118	125	161	128	111	239	126	245	
79	112	242	240	230	60	120	217	59	89	85	179	141	223	255	125	255	153	151	151	158	86	170	193	150	249	218	238	166	213	243	215	
47	155	190	191	189	214	54	248	151	91	215	35	120	252	175	239	213	127	187	195	191	251	43	189	46	127	223	135	151	63	60	87	
2	208	246	241	246	146	248	246	189	153	114	178	204	255	180	105	255	253	55	177	176	217	32	204	190	254	223	198	135	132	225	141	
115	0	231	101	4	14	64	32	109	129	235	65	243	40	4	82	248	164	104	36	156	184	85	12	133	190	82	2	97	34	64	4	
31	9	98	207	102	146	251	240	69	64	223	130	121	239	190	228	126	236	183	207	221	184	47	239	86	239	170	128	55	175	112	245	
254	123	198	196	255	18	95	212	129	132	182	174	11	135	243	215	110	228	205	252	201	75	164	200	186	217	143	155	47	189	60	117	
25	72	30	233	5	156	112	2	228	0	238	2	187	195	35	224	104	32	234	204	14	161	51	133	215	233	130	17	19	139	109	0	
155	192	107	193	118	155	235	112	85	96	86	198	25	133	182	36	62	168	23	236	225	180	37	222	118	13	163	132	55	140	113	253	
2	144	116	211	102	189	184	103	237	121	115	51	172	30	148	41	175	51	215	21	178	252	98	245	14	90	90	194	213	132	195	223	
188	31	90	238	83	215	82	112	21	140	253	107	107	219	33	144	126	185	135	226	104	167	8	159	243	201	33	171	123	171	110	147	
145	94	14	164	62	251	222	242	221	234	154	235	87	184	179	33	255	229	62	99	173	247	4	158	240	71	171	181	125	253	121	135	
35	235	66	139	215	145	190	237	79	65	88	199	40	200	62	128	126	235	147	213	214	186	12	255	62	4	142	235	29	30	185	220	
221	86	167	189	44	46	77	184	244	90	210	118	223	120	155	107	87	84	124	43	173	197	239	142	192	227	251	148	166	253	53	101	
154	223	110	152	242	209	189	231	188	92	222	183	44	142	166	193	102	179	135	213	246	141	6	255	56	1	190	195	53	20	173	223	
89	159	87	5	122	26	47	63	40	229	126	230	125	38	138	214	54	70	236	108	81	153	37	45	188	231	101	148	46	230	139	113	
84	4	125	115	143	111	209	138	232	119	47	25	223	41	31	11	163	23	105	49	164	101	121	28	215	203	81	53	228	123	71	66	
171	63	102	196	101	222	124	119	201	238	190	63	40	156	182	39	238	247	215	135	236	255	176	204	119	121	232	131	39	236	214	223	
32	173	25	202	221	205	195	195	140	8	252	8	178	145	37	16	200	170	66	24	90	43	82	61	185	220	0	121	80	10	66	170	
35	205	103	143	21	214	238	166	68	64	218	70	240	104	181	228	120	230	50	239	205	184	117	237	37	46	138	0	63	255	112	188	
108	149	188	120	169	121	148	47	203	191	61	57	142	60	198	251	135	19	236	16	148	104	227	144	79	211	116	251	210	76	207	23	
26	192	246	245	54	146	248	246	255	113	118	131	77	239	188	107	231	245	63	221	144	249	39	196	158	251	223	198	167	132	225	205	
119	126	229	71	42	14	78	148	225	234	154	205	115	78	149	115	22	245	125	239	205	197	229	104	54	40	229	144	109	247	80	29	
158	80	118	232	46	17	248	216	141	88	180	163	13	223	253	107	254	145	255	247	202	39	38	208	146	217	203	222	119	189	97	213	
50	33	6	9	77	107	160	75	206	53	224	11	2	136	118	10	232	140	106	129	28	187	215	80	21	32	146	123	81	8	119	134	
190	89	118	232	110	19	252	216	141	216	180	163	13	159	245	123	238	145	223	247	200	39	38	216	178	217	207	190	119	188	115	213	
61	127	226	69	181	246	79	214	117	204	126	102	107	105	183	180	124	234	132	252	173	184	37	174	42	223	165	131	239	255	124	253	
162	144	98	154	79	209	188	101	159	87	69	183	40	204	62	196	233	43	163	135	118	15	62	247	23	54	218	107	23	12	189	222	
56	255	88	106	240	201	87	255	51	45	124	41	59	51	130	16	155	154	132	80	90	58	72	63	254	197	52	241	114	154	206	139	
219	95	107	101	32	30	78	53	49	234	214	228	243	39	147	119	54	228	124	238	237	144	229	143	226	251	229	148	46	182	152	125	
110	177	228	102	201	121	151	188	131	244	189	175	75	253	78	151	8	242	233	226	92	99	254	176	111	89	197	191	119	255	222	215	
254	205	74	22	87	82	78	248	17	198	239	143	107	109	26	149	120	230	129	238	124	250	221	175	122	47	197	81	111	191	122	82	
155	77	99	156	69	119	238	118	85	194	206	70	121	236	53	229	120	238	18	239	237	183	53	206	49	110	202	0	127	252	120	252	
59	63	110	85	247	214	255	119	85	204	126	167	107	108	183	164	126	234	150	188	237	184	37	238	106	95	181	131	239	172	124	253	
171	194	32	216	77	213	208	204	159	53	84	19	40	140	126	228	200	8	147	69	102	47	102	247	23	89	154	255	23	12	124	206	
99	59	227	5	116	28	232	83	75	233	112	78	0	136	214	182	204	108	18	29	151	186	228	192	14	60	132	238	207	172	210	213	
43	183	104	42	246	181	184	255	94	77	125	239	8	204	254	128	191	139	151	149	150	58	78	213	46	77	62	239	221	14	251	213	
86	113	246	232	230	40	252	219	171	18	248	162	13	159	117	91	239	153	151	177	146	99	134	192	150	248	207	238	183	253	241	145	
155	93	6	158	77	183	238	246	213	66	198	199	121	236	55	229	124	234	18	207	237	135	54	255	50	122	202	8	31	252	120	220	
15	185	244	193	239	116	252	223	171	89	60	163	12	62	215	58	175	83	247	215	214	75	171	240	31	89	223	238	151	213	231	215	
251	71	100	196	239	26	76	188	1	238	150	239	75	38	151	223	70	228	253	238	236	203	229	204	50	123	197	151	63	252	88	125	
47	181	225	75	221	116	168	27	75	105	121	94	136	124	220	164	93	27	147	153	151	58	254	199	15	124	158	238	223	198	218	181	
27	182	230	129	118	50	184	91	117	239	95	247	9	10	254	204	119	141	151	189	183	220	5	198	94	111	190	196	175	196	233	213	
27	167	106	147	183	181	184	123	95	141	93	247	141	232	254	132	191	11	151	157	150	186	14	215	186	93	158	235	159	206	185	199	
2	193	240	243	228	137	248	133	111	57	243	146	172	223	124	72	254	155	63	209	146	56	66	241	158	220	154	194	215	143	225	129	
187	21	106	76	246	51	255	125	69	192	254	166	89	253	183	160	126	252	151	239	157	179	36	206	118	109	162	128	103	255	240	245	
47	49	241	207	197	109	237	91	91	121	121	122	152	55	204	172	93	154	22	136	147	50	235	209	13	28	247	238	147	235	214	245	
28	176	184	227	196	109	117	91	22	47	63	31	87	183	74	24	181	158	183	0	26	48	185	18	215	199	49	181	184	106	140	115	
27	56	118	233	43	181	184	82	175	120	94	163	172	159	231	104	166	57	255	195	134	25	163	241	151	249	11	130	23	133	33	223	
56	255	88	107	242	139	118	254	51	45	124	237	47	35	130	144	190	219	135	96	110	186	72	63	254	197	36	225	123	154	206	155	
62	73	98	239	86	147	234	248	199	192	253	2	121	201	181	100	126	168	23	235	200	179	46	222	118	253	171	140	55	191	112	164	
162	175	34	151	109	253	184	39	187	125	124	57	172	172	86	151	137	43	227	5	22	122	226	241	15	16	90	251	70	76	223	222	
18	206	194	158	82	162	63	255	55	5	222	231	41	231	170	84	127	187	167	133	202	155	5	255	114	38	154	137	55	214	172	217	
43	196	10	174	29	151	206	191	22	65	202	199	225	232	58	192	221	171	59	141	207	154	85	255	178	63	158	192	29	158	248	92	
2	200	246	213	118	130	248	230	253	145	242	2	204	234	52	73	255	229	63	209	128	249	3	237	156	190	222	198	133	0	97	137	
177	77	79	190	84	130	111	244	212	194	218	198	113	225	185	97	120	236	23	239	233	183	12	47	240	171	231	128	61	250	112	168	
95	116	190	160	170	255	26	17	191	238	159	61	223	223	226	88	183	37	253	55	148	197	137	134	218	223	111	247	142	39	137	83	
82	128	210	141	22	10	234	79	47	33	250	10	174	10	48	64	122	141	31	145	26	187	193	207	156	180	154	208	181	10	241	8	
47	183	97	67	249	221	74	159	75	125	45	76	136	70	222	180	221	138	194	28	151	10	122	213	47	28	149	254	218	134	198	245	
198	240	178	218	109	140	190	196	235	26	49	17	236	218	125	11	174	73	87	71	194	39	138	225	53	24	78	170	80	31	35	131	
238	226	160	152	253	89	202	232	27	63	149	219	138	109	222	134	221	192	207	61	190	111	207	247	158	86	29	255	215	141	222	197	
79	251	190	190	59	208	57	184	175	220	215	165	236	207	111	194	198	117	249	220	198	75	187	241	75	121	239	203	6	166	45	83	
159	73	98	206	86	144	239	240	85	64	223	130	121	207	183	100	126	232	31	239	201	163	44	239	114	237	171	136	55	191	112	228	
50	121	107	92	91	212	159	200	155	196	124	167	56	220	55	32	254	121	147	231	198	35	182	255	115	13	143	171	117	55	118	255	
71	31	231	221	246	182	172	183	125	65	90	230	249	110	149	236	119	111	59	221	149	216	183	236	44	62	222	192	173	245	177	117	
14	219	254	190	175	84	95	188	223	93	86	7	237	238	63	111	215	119	181	195	150	200	63	245	203	255	127	203	150	183	45	95	
134	104	150	147	100	173	184	192	143	25	83	144	172	206	121	11	206	43	23	83	2	116	10	224	132	16	154	234	148	15	17	137	
2	204	246	156	252	130	184	103	95	139	210	146	172	190	52	73	239	123	31	145	178	251	2	237	188	62	222	202	148	8	177	137	
63	183	188	243	245	119	253	223	127	127	63	119	201	126	222	173	253	219	151	180	191	248	123	245	239	223	247	199	207	213	252	215	
155	5	99	197	246	51	237	119	85	66	94	214	25	12	182	237	126	170	23	173	229	180	37	222	38	78	186	128	55	220	241	245	
71	27	198	147	242	176	60	151	175	193	74	231	173	174	199	222	166	103	255	149	150	153	135	224	190	52	190	195	142	214	171	221	
10	179	114	1	242	153	184	87	47	69	94	231	141	12	206	132	38	27	151	21	150	152	37	212	46	85	62	199	239	134	143	213	
242	207	78	188	106	144	156	119	137	140	212	231	45	202	182	211	238	225	135	231	236	143	6	237	178	113	238	139	63	188	171	221	
14	249	236	211	205	223	252	191	11	253	20	4	200	127	94	175	141	75	247	217	147	216	251	240	111	219	253	231	142	86	223	247	
127	106	224	168	109	191	202	216	95	15	245	95	202	72	31	156	221	200	231	223	142	38	111	243	150	126	145	254	87	159	90	71	
80	40	19	185	66	171	32	2	46	49	194	210	149	18	0	88	96	189	106	144	10	156	209	113	149	160	154	1	40	1	33	8	
233	89	63	244	77	94	246	245	201	202	182	78	62	29	49	183	236	116	250	106	225	239	178	172	119	251	69	18	66	60	202	187	
6	182	176	218	233	245	184	204	155	91	89	51	172	222	108	8	221	27	147	147	50	70	186	243	31	22	218	239	144	79	165	211	
2	180	178	155	231	164	184	71	191	27	81	48	172	222	108	72	231	27	147	145	178	92	10	243	13	22	26	234	148	64	161	139	
151	31	255	215	166	58	175	177	236	250	87	246	221	38	149	107	39	119	126	107	241	245	45	236	164	171	111	132	45	251	129	245	
38	182	160	154	223	245	186	200	155	87	89	155	104	238	110	8	221	27	147	145	182	67	186	243	31	22	159	239	149	79	183	214	
45	165	104	105	244	183	203	218	87	105	125	194	91	109	223	32	95	138	23	188	154	50	109	159	111	205	161	229	247	203	80	225	
57	1	66	137	212	146	232	71	85	128	246	130	1	8	183	196	122	172	2	189	28	186	5	206	54	46	130	65	191	156	120	140	
2	156	182	155	245	173	184	71	190	91	91	17	172	190	116	73	167	59	147	21	178	216	2	241	13	30	26	202	148	77	161	155	
11	249	99	147	118	213	190	244	173	73	92	231	188	220	151	164	166	123	151	207	199	152	62	229	39	24	190	138	15	150	145	253	
243	111	106	196	111	146	92	119	137	196	156	175	42	143	247	215	110	164	223	252	204	203	166	204	58	120	134	155	39	188	126	93	
56	205	106	64	84	131	234	112	85	128	254	2	83	201	180	16	120	172	23	232	232	187	36	222	122	205	165	192	119	138	112	128	
147	204	111	155	86	146	234	240	84	66	86	215	81	204	183	97	126	173	23	239	229	149	45	223	118	43	171	132	61	173	120	212	
45	60	233	73	244	63	235	91	86	237	125	78	145	173	215	40	93	8	23	28	131	50	124	26	103	13	165	164	223	251	210	241	
2	140	150	145	244	168	184	7	62	17	90	146	172	174	48	73	239	59	51	145	18	248	65	196	12	54	218	192	132	76	177	137	
3	251	175	149	54	147	185	183	94	205	86	231	176	172	246	100	102	106	191	221	199	216	39	237	108	20	190	130	142	140	53	253	
126	221	118	94	203	112	158	236	233	86	172	163	104	238	63	247	239	215	251	227	236	67	190	253	59	123	207	191	119	247	46	94	
134	72	246	217	238	163	252	198	143	178	176	130	140	142	117	75	238	177	127	209	192	103	3	208	148	24	219	158	85	125	113	137	
177	205	107	236	84	130	207	248	84	64	218	66	113	232	180	96	120	236	22	235	233	191	44	191	112	239	163	196	117	170	112	224	
155	94	70	158	66	182	190	246	149	70	222	231	109	238	179	205	102	235	179	199	228	199	6	251	178	99	222	139	63	245	57	221	
254	249	228	128	237	91	92	207	27	244	180	171	11	140	87	159	137	221	247	81	78	106	247	208	154	81	205	255	119	188	222	86	
191	151	108	162	253	213	209	249	213	124	181	63	10	28	190	165	204	153	151	247	255	111	120	156	123	217	171	255	119	13	220	247	
2	200	214	157	124	130	184	230	30	1	82	18	172	170	48	73	239	107	55	209	34	248	3	255	156	54	222	194	148	8	33	137	
189	68	111	236	68	2	111	120	84	194	215	82	115	97	177	97	120	236	22	234	233	247	45	142	240	235	231	128	61	249	112	40	
134	104	18	147	108	169	234	196	157	17	83	18	236	202	121	75	202	105	31	211	34	100	74	225	4	16	154	168	132	27	17	128	
75	249	67	137	211	148	172	181	174	193	66	199	173	142	118	196	38	47	179	213	215	152	150	236	60	104	142	194	174	132	169	156	
50	121	107	76	126	195	155	106	27	204	84	163	48	221	183	32	126	185	23	229	194	43	54	223	113	12	171	170	117	36	119	251	
26	161	106	129	210	146	186	71	47	69	94	167	9	142	246	128	54	155	147	149	150	152	37	198	126	77	142	197	167	134	173	212	
10	139	81	216	203	240	56	235	23	23	220	179	40	230	236	220	95	155	167	144	18	14	230	247	30	118	154	239	151	132	172	247	
98	167	106	196	110	208	253	103	137	196	252	175	32	142	182	51	238	179	23	164	196	139	164	205	118	56	138	139	37	142	246	222	
57	255	81	46	114	139	94	240	57	96	120	237	111	71	128	145	182	235	132	102	237	154	76	189	182	197	36	162	127	151	10	217	
10	145	210	216	203	241	184	107	31	3	125	178	44	254	238	228	255	187	163	128	22	15	166	247	30	118	26	235	183	4	175	150	
130	170	34	155	229	253	176	103	191	93	125	25	172	236	126	13	137	43	163	5	22	120	162	243	15	52	90	235	194	76	207	223	
35	59	200	141	126	153	168	70	10	232	216	239	128	140	247	128	206	41	147	213	135	58	212	232	12	28	171	186	93	44	91	221	
43	142	32	185	221	135	75	59	23	15	73	87	224	232	58	68	221	10	51	157	222	30	91	151	108	62	155	252	158	12	216	70	
6	148	176	155	238	165	184	200	190	27	81	50	204	254	108	72	247	27	147	147	146	84	10	241	12	30	90	238	148	67	161	131	
50	229	98	170	212	138	106	69	79	33	251	2	43	10	60	80	122	143	23	209	218	187	65	223	176	252	154	240	117	10	242	136	
191	157	118	120	188	55	94	191	217	202	60	40	123	127	191	113	151	211	21	190	252	99	40	223	122	223	37	252	247	244	96	81	
31	211	7	168	58	131	26	184	164	80	219	231	205	71	58	193	118	129	191	231	221	129	15	221	184	226	171	212	60	6	41	81	
6	105	246	137	238	42	188	199	175	177	216	130	140	142	117	74	239	159	31	145	146	123	130	192	156	24	222	230	149	89	177	137	
19	5	111	213	214	51	237	119	85	67	94	210	89	44	182	105	127	139	23	173	245	184	37	206	38	111	250	128	181	220	240	236	
6	96	227	128	222	225	171	202	30	213	80	187	8	204	253	136	63	25	147	213	147	39	38	210	29	4	171	239	213	93	55	244	
56	77	110	237	215	214	239	231	84	132	110	2	121	59	51	96	121	226	19	168	48	184	53	254	127	239	150	1	183	248	252	170	
251	89	178	244	71	220	116	118	217	194	100	10	46	157	37	175	168	124	178	74	229	255	178	232	51	251	68	11	107	60	107	158	
58	12	162	156	93	241	146	66	213	70	220	3	40	252	55	196	216	186	131	129	14	163	50	139	19	117	138	27	147	108	124	222	
47	60	224	1	245	183	186	90	90	233	125	110	137	184	215	172	223	79	151	157	151	58	220	210	14	93	171	231	223	109	91	149	
25	150	22	189	179	190	33	51	125	13	79	84	220	243	34	196	183	34	188	24	179	157	17	223	201	255	50	66	186	132	169	33	
41	43	235	85	116	159	233	83	122	233	124	72	176	189	247	36	28	42	18	28	145	186	164	106	71	29	49	168	199	232	82	233	
122	79	228	76	219	82	220	47	131	228	175	139	105	110	183	247	110	247	251	166	204	75	239	220	58	123	205	159	55	246	252	86	
2	125	182	214	237	173	188	103	141	218	120	50	172	190	116	11	238	115	247	131	208	203	2	224	37	24	222	138	4	92	177	219	
11	247	230	131	246	50	252	23	109	121	95	231	73	46	158	204	119	143	151	189	151	216	37	204	46	95	190	196	175	214	249	213	
37	187	233	73	244	179	171	218	86	233	92	102	16	136	247	36	95	42	18	157	131	186	108	251	76	12	167	228	221	249	81	253	
191	5	106	204	246	50	255	121	85	194	223	146	89	237	191	165	126	172	151	237	185	178	100	206	114	111	170	136	103	238	112	245	
38	179	243	193	246	239	55	83	27	237	127	46	28	183	238	60	61	62	22	24	147	146	184	208	93	28	33	230	194	235	198	243	
186	121	96	72	237	81	220	239	7	118	244	171	10	141	215	189	74	216	183	194	78	118	255	241	54	89	197	191	119	188	254	222	
19	69	111	189	86	34	237	119	116	66	90	210	81	44	177	105	126	167	63	173	237	241	37	206	116	43	250	128	189	240	240	248	
6	240	180	218	237	101	190	200	155	91	17	187	204	254	109	10	223	91	183	211	146	71	138	243	15	30	223	238	148	119	165	147	
191	13	98	238	214	147	238	121	85	192	221	2	105	201	181	100	122	168	23	235	236	183	44	254	114	237	163	136	55	191	112	196	
2	148	150	155	247	173	184	198	62	25	91	50	172	250	104	73	167	27	19	17	50	248	10	241	12	22	90	202	148	75	161	139	
170	107	100	57	237	153	92	183	199	254	180	141	171	137	215	157	200	232	231	77	204	126	230	177	38	217	213	179	119	156	222	205	
162	240	178	154	125	213	186	204	159	93	113	63	108	222	126	24	255	59	147	81	102	111	58	247	31	22	30	235	209	12	167	223	
191	77	98	238	148	146	238	113	85	64	253	2	121	203	181	96	122	232	31	235	232	167	44	239	114	237	163	136	55	191	112	228	
214	189	240	224	238	49	254	222	47	249	60	179	13	191	213	34	175	219	151	215	210	42	175	242	190	220	143	238	215	215	225	223	
94	78	135	190	2	66	31	180	180	134	194	167	109	103	41	91	103	245	173	226	104	197	11	109	241	231	254	129	34	246	37	123	
134	153	182	155	245	165	184	196	190	25	83	50	172	254	104	73	167	59	51	17	178	88	10	245	13	18	90	202	148	71	161	155	
111	255	242	214	253	252	190	247	139	254	28	175	44	254	223	54	175	115	255	215	214	73	186	227	63	93	143	251	135	127	151	223	
40	253	121	97	244	143	119	255	114	44	124	44	51	49	192	48	25	222	6	120	234	186	248	63	127	141	37	228	96	154	198	187	
230	241	240	152	219	85	24	203	27	245	132	59	8	222	78	159	223	217	251	241	30	67	250	209	27	82	207	255	151	45	158	87	
91	90	238	188	105	148	252	50	169	78	214	231	41	174	183	223	228	229	191	199	204	143	150	235	18	123	250	139	15	181	121	31	
73	211	255	229	170	90	189	157	174	253	30	230	221	63	203	106	55	85	255	44	193	209	175	192	206	239	127	132	174	242	129	121	
33	23	64	9	93	191	192	119	85	104	248	204	163	0	150	244	88	168	134	44	141	186	117	31	38	60	128	16	91	140	122	156	
66	136	246	156	100	130	248	66	255	9	242	2	172	138	53	72	238	189	63	193	130	249	3	245	20	62	218	194	4	1	33	137	
190	13	98	254	212	146	206	121	85	130	247	2	107	233	181	97	120	232	23	235	232	167	44	222	50	239	167	136	55	254	112	128	
42	16	170	172	125	244	145	74	135	77	220	39	36	252	39	72	216	184	151	129	14	35	114	153	83	117	154	155	211	78	124	223	
3	219	47	209	52	159	169	86	204	232	86	70	148	28	182	37	236	32	30	93	129	185	52	220	141	25	186	192	76	140	81	253	
131	90	43	152	102	145	173	86	156	70	80	183	172	142	183	45	110	41	19	207	231	150	54	247	4	48	218	138	28	149	49	253	
27	219	5	169	60	131	73	50	133	232	146	231	149	14	178	228	78	165	31	237	205	137	101	220	160	80	170	212	60	12	49	93	
218	185	2	160	81	148	186	117	175	5	204	135	40	138	118	212	236	171	155	213	214	139	148	223	59	85	142	72	11	134	171	220	
25	77	239	255	230	2	237	183	116	83	86	194	121	45	177	107	103	199	63	239	241	248	37	236	100	107	254	128	165	249	241	232	
2	200	150	159	116	128	184	230	158	25	82	2	236	138	48	72	238	43	59	209	2	152	67	245	12	54	154	194	20	10	33	137	
189	76	239	245	132	34	111	126	117	194	214	82	83	35	177	107	121	236	20	234	233	246	37	142	242	235	247	128	47	249	240	32	
2	136	22	153	108	165	184	79	158	25	88	2	172	186	32	64	239	59	51	17	18	152	2	217	12	52	154	138	148	8	33	137	
41	63	109	81	180	223	235	87	86	233	126	102	177	13	183	36	76	42	23	28	179	184	101	188	110	221	165	160	223	136	80	249	
234	61	100	192	207	125	84	111	11	244	188	175	10	156	70	23	205	191	247	145	92	107	243	208	63	80	157	255	231	76	158	222	
9	57	191	81	117	223	241	87	252	205	118	70	56	153	182	32	172	40	19	28	147	184	48	204	111	25	48	192	75	136	81	251	
107	221	54	94	69	156	244	117	201	78	124	14	108	249	54	183	172	106	178	78	196	123	178	233	55	120	84	11	74	46	251	207	
27	205	239	223	230	18	237	247	84	83	94	194	121	44	188	105	127	203	55	205	241	248	37	237	110	107	254	128	181	216	241	233	
130	188	240	152	219	241	176	206	31	85	236	51	44	158	102	252	235	187	179	145	54	10	246	211	31	22	154	111	159	68	47	222	
182	165	106	233	212	171	110	247	85	3	248	18	19	41	60	80	123	139	23	177	250	186	0	255	118	205	166	196	119	217	242	128	
14	175	97	161	182	163	171	210	14	253	28	167	141	13	211	4	46	41	23	221	146	184	109	212	108	69	175	229	215	141	21	225	
15	243	239	129	246	18	255	156	111	125	94	231	89	46	158	230	126	199	183	253	151	184	45	228	110	77	174	196	175	214	248	221	
57	219	83	47	114	11	110	249	37	64	121	239	127	111	161	144	62	233	22	230	197	152	13	61	182	237	37	128	127	191	10	217	
166	109	198	146	236	41	238	204	141	18	184	26	238	234	125	11	251	195	87	243	98	103	74	225	182	152	207	172	84	121	209	128	
67	217	239	135	58	128	191	182	174	193	158	231	189	110	214	98	102	103	127	221	215	152	175	229	236	44	174	192	44	150	161	125	
43	173	96	9	91	191	152	75	31	101	92	205	168	140	150	148	15	171	211	5	199	58	118	223	14	92	25	255	95	12	26	220	
83	211	45	140	46	18	77	185	229	88	214	230	89	102	178	231	102	133	63	239	217	137	103	221	148	43	234	204	62	166	48	117	
56	255	88	99	114	139	118	246	49	168	124	237	63	55	131	16	54	223	133	98	235	186	136	63	254	205	37	161	109	146	74	155	
219	148	22	88	147	182	16	55	253	29	238	22	78	50	38	247	231	135	168	160	182	137	49	223	187	255	82	67	186	4	169	71	
83	255	81	166	50	136	62	180	43	224	154	236	175	134	193	244	182	255	125	215	203	25	141	239	184	244	47	250	44	151	3	125	
246	205	86	248	236	8	238	239	169	18	184	10	207	232	61	3	251	195	95	227	120	39	10	239	184	216	199	188	85	248	211	128	
87	253	105	14	50	153	47	248	44	224	157	238	253	70	147	117	54	233	95	239	203	3	44	125	240	44	175	184	53	179	51	125	
2	184	180	153	109	229	184	71	30	27	80	51	172	190	100	72	239	59	147	129	146	126	83	241	29	16	218	234	144	12	37	219	
114	189	230	140	219	84	158	235	171	220	156	47	108	254	119	38	239	247	247	161	212	43	186	255	59	124	143	175	87	102	167	223	
6	109	242	131	238	168	190	199	175	161	218	2	140	170	117	74	239	235	63	211	146	59	130	226	188	28	158	226	133	91	161	137	
250	148	116	236	61	23	220	127	91	234	188	59	111	61	182	115	151	247	149	45	248	235	33	222	251	255	221	182	87	228	99	79	
162	241	116	200	239	85	156	239	207	94	252	47	40	220	119	35	239	155	151	225	198	43	178	209	55	88	207	175	87	124	245	223	
35	137	163	218	29	245	193	67	207	73	217	2	176	252	116	228	200	58	58	153	27	43	242	241	9	28	154	123	210	14	244	110	
43	92	0	191	109	148	252	182	204	74	88	197	189	136	183	224	206	107	54	77	197	12	214	233	6	127	250	138	28	94	89	157	
6	225	150	155	254	161	186	140	158	17	89	18	204	218	124	73	247	75	51	83	18	112	138	241	12	24	94	238	148	91	161	129	
71	189	178	214	253	244	190	247	171	216	24	43	44	254	127	34	175	243	247	209	214	75	170	227	59	28	143	171	135	126	183	223	
122	157	228	76	223	211	222	99	139	229	190	143	40	44	22	118	232	247	251	129	220	11	247	253	59	126	137	155	183	110	252	94	
4	179	122	193	242	203	55	253	55	125	127	247	20	215	234	17	62	158	23	120	210	184	44	76	126	8	37	230	239	138	231	243	
4	224	150	155	228	161	186	128	190	19	113	18	204	202	121	72	255	75	34	211	18	116	74	240	4	22	223	100	148	91	161	129	
136	138	55	25	53	250	113	150	127	93	118	53	175	129	178	204	161	34	174	28	166	173	39	247	194	255	18	65	210	132	109	108	
163	99	106	159	102	128	189	117	120	76	80	231	49	142	182	1	254	43	23	133	196	186	166	97	116	40	250	136	5	152	247	217	
250	156	116	228	60	55	216	127	89	234	188	58	111	63	180	49	151	215	149	33	248	107	33	222	187	223	253	190	215	228	98	15	
27	157	118	200	155	243	58	246	207	81	206	38	8	158	167	228	110	145	154	240	159	11	55	221	59	92	131	79	191	133	40	22	
67	91	35	133	44	148	105	20	141	108	86	70	189	134	178	228	196	36	63	77	133	24	164	213	149	49	170	128	30	140	17	125	
181	247	88	72	238	23	222	255	67	234	60	102	81	250	255	97	127	72	22	254	197	99	46	216	58	73	229	173	63	250	248	149	
23	201	107	206	18	147	79	248	101	192	212	138	123	70	179	52	126	232	21	239	201	147	44	125	240	45	175	128	53	179	115	121	
2	184	176	152	219	245	176	199	31	87	96	23	172	158	102	72	207	59	147	145	22	30	114	211	31	22	26	107	145	68	175	223	
83	211	235	44	106	16	107	120	32	72	222	231	57	198	146	114	118	205	125	239	205	3	167	65	112	45	170	140	45	166	35	213	
2	248	176	153	103	237	184	71	142	25	80	51	172	222	108	72	238	59	147	145	146	188	82	241	5	20	154	235	148	12	165	219	
162	189	112	205	207	213	156	103	79	239	188	63	40	188	118	35	237	187	215	129	212	59	240	215	63	88	222	187	87	76	247	223	
40	31	89	189	114	163	122	122	21	78	124	231	45	47	163	208	54	187	151	134	130	152	0	191	102	231	40	129	63	215	6	219	
77	201	239	231	38	2	239	180	38	208	94	194	249	111	145	98	102	118	63	207	193	216	239	233	110	235	238	128	47	179	113	41	
67	189	105	143	58	128	171	186	174	192	158	231	189	206	146	98	102	99	127	207	195	9	175	255	236	45	175	152	45	130	49	121	
186	182	123	122	82	208	153	93	53	77	245	181	41	223	174	149	94	155	135	144	63	206	100	205	107	209	186	203	103	134	46	251	
134	109	214	148	236	41	236	207	139	146	56	18	140	234	117	11	235	75	119	163	96	103	138	194	36	26	207	172	148	120	243	136	
194	157	118	222	203	240	20	167	185	83	238	179	104	186	166	255	227	247	186	128	54	75	159	245	50	50	218	203	31	68	172	30	
90	226	83	220	75	208	156	237	147	6	245	163	40	206	172	244	127	153	167	130	78	15	174	211	50	118	158	175	55	4	175	191	
85	76	239	247	132	42	79	246	117	226	242	66	83	33	177	123	121	230	60	234	233	240	109	172	242	239	246	128	173	251	240	40	
215	249	83	134	50	136	47	176	45	224	154	236	189	198	209	116	54	253	93	238	195	1	173	127	176	172	47	184	44	179	3	61	
52	141	74	248	212	139	238	255	21	3	248	18	19	168	52	81	121	139	23	177	122	187	0	254	122	207	182	196	245	216	240	136	
50	141	110	241	246	131	254	247	87	49	124	2	57	41	180	1	127	203	23	217	218	248	13	253	126	207	246	196	245	216	240	136	
57	63	81	103	114	139	126	240	57	224	120	237	63	79	129	177	54	251	149	102	237	154	12	61	182	201	33	160	111	179	10	153	
67	157	118	94	203	180	52	167	235	21	110	21	44	250	38	247	231	231	248	128	150	75	190	245	63	122	82	75	155	68	171	79	
2	8	146	153	124	165	184	71	30	9	88	18	172	154	32	64	238	59	51	17	2	154	3	245	4	52	154	202	148	8	33	137	
6	189	242	222	252	132	190	231	143	11	88	34	172	254	124	2	255	123	151	129	210	11	138	227	60	28	15	170	132	126	163	153	
15	217	239	193	246	146	255	180	109	193	94	166	153	44	183	230	110	221	183	221	213	184	37	228	110	125	175	196	167	158	241	253	
108	144	121	232	234	113	91	216	7	117	181	174	25	95	202	120	95	217	183	242	27	2	255	145	94	201	161	252	191	139	6	240	
98	189	100	149	205	253	176	39	137	245	188	189	170	188	86	23	142	191	243	145	30	122	242	192	15	80	220	251	199	76	158	222	
98	156	166	20	237	248	252	39	233	95	126	185	40	172	22	118	163	119	237	1	180	105	182	231	23	126	80	203	70	68	222	94	
242	132	246	228	124	39	216	111	91	171	176	26	110	59	52	19	175	149	95	33	184	239	1	222	154	222	223	182	215	168	227	9	
106	174	102	30	117	248	242	230	233	93	126	45	46	232	182	151	169	98	198	4	182	233	162	237	62	126	16	75	194	204	223	223	
242	156	52	245	127	55	152	54	217	235	186	26	108	63	20	51	239	183	253	129	184	239	225	207	27	126	216	146	199	108	66	95	
187	156	127	241	39	223	241	119	221	110	118	55	62	29	38	225	175	49	151	32	245	189	48	255	91	219	112	195	91	12	92	255	
26	137	239	205	246	3	239	255	79	113	126	130	57	45	180	96	111	219	55	201	210	184	45	253	110	203	254	196	245	138	240	169	
59	58	98	88	115	247	153	86	95	77	124	175	42	157	182	116	254	185	151	149	142	187	52	253	91	125	48	203	127	133	110	223	
114	188	178	204	127	244	154	126	155	205	156	47	44	190	54	48	255	247	215	133	180	11	162	223	59	126	155	251	151	4	55	223	
27	155	46	177	52	143	249	241	143	124	22	167	28	153	178	1	175	33	31	117	214	189	16	221	206	91	171	215	62	140	25	211	
142	139	101	145	181	135	123	179	29	61	86	167	136	15	182	69	111	161	159	254	250	152	109	253	239	26	171	196	55	141	244	115	
34	157	114	88	91	245	176	234	203	85	236	7	44	254	38	148	239	187	179	129	22	43	178	245	27	92	26	107	91	4	47	207	
2	184	176	153	211	245	176	71	30	69	64	19	172	158	102	8	239	59	147	145	22	62	50	211	13	20	26	107	209	12	165	223	
217	201	239	231	62	128	111	49	166	192	95	194	249	195	145	98	102	244	127	206	195	145	175	233	102	237	175	128	47	162	113	41	
75	45	105	239	62	128	239	48	172	192	158	194	253	207	144	96	102	119	127	207	195	9	165	255	246	45	171	136	55	162	49	121	
117	72	239	247	4	10	111	176	112	128	246	66	115	99	145	123	122	228	60	234	201	242	109	44	240	175	230	128	165	251	112	40	
83	125	107	206	50	136	111	49	44	192	159	238	253	71	145	113	54	237	93	238	193	1	172	93	240	168	171	184	44	178	35	113	
25	31	83	47	114	139	110	113	33	192	121	238	127	103	129	176	54	185	22	238	205	144	36	189	182	237	33	128	111	167	2	177	
98	252	54	24	125	252	176	199	235	93	124	45	44	236	54	20	163	35	227	21	150	43	50	245	63	62	18	75	195	76	239	223	
93	160	253	117	52	10	107	184	114	226	183	76	211	99	217	59	63	196	92	254	169	240	237	12	204	207	103	148	237	160	67	33	
2	173	148	153	236	33	188	239	30	179	88	18	140	170	113	75	239	27	19	145	114	122	138	210	44	18	223	174	148	104	161	137	
19	31	107	172	114	131	31	113	13	64	88	231	191	110	179	84	246	171	23	229	157	154	100	221	176	116	170	130	188	182	161	85	
34	188	180	213	255	237	184	103	139	251	88	59	172	188	86	34	175	127	215	149	182	250	194	239	63	22	222	251	133	76	151	223	
49	201	106	204	20	19	79	248	100	192	214	10	115	75	177	48	122	232	21	235	200	179	44	125	242	173	163	128	53	178	114	104	
48	137	126	247	86	131	235	244	95	48	126	2	121	43	52	65	122	235	23	201	194	248	13	253	78	203	254	192	117	170	113	136	
98	220	112	220	127	245	154	103	27	109	216	191	44	188	54	32	207	183	247	149	146	43	226	255	63	62	154	251	213	12	183	223	
130	172	148	149	236	41	172	111	10	186	120	18	172	170	117	10	235	111	51	1	112	126	131	194	28	30	223	168	148	104	49	137	
2	173	242	156	126	136	186	239	219	1	88	130	172	238	116	0	255	123	23	161	178	43	130	255	60	28	143	234	148	40	35	137	
2	173	146	156	254	168	190	239	142	1	120	2	172	234	120	64	255	107	51	129	82	8	138	243	44	52	143	232	148	104	161	137	
98	188	242	220	126	166	154	111	27	73	248	171	44	190	52	0	222	187	151	145	178	11	130	223	58	62	154	250	149	12	51	219	
27	155	115	172	118	251	186	118	77	105	90	231	45	60	180	224	182	185	183	193	133	184	37	221	22	101	42	131	61	14	61	93	
226	157	114	88	219	240	56	230	251	85	108	183	40	254	102	117	231	251	178	145	54	75	182	247	63	60	222	235	147	68	175	222	
43	121	98	72	247	183	248	95	15	73	124	167	40	156	182	36	238	187	151	213	150	186	34	253	115	121	186	202	87	150	231	255	
192	132	20	148	124	43	248	111	153	179	176	24	172	42	48	3	203	165	78	33	48	111	129	222	156	22	95	60	212	104	163	137	
226	157	118	152	203	240	188	231	251	87	110	179	40	190	38	81	231	247	179	129	54	91	150	245	63	54	222	75	151	68	173	222	
42	139	98	216	247	147	107	242	141	172	86	231	44	135	180	212	110	170	183	204	80	156	0	255	30	126	154	194	55	140	116	253	
19	219	127	69	50	11	191	250	44	96	126	230	121	39	167	100	54	85	63	238	193	177	37	253	102	44	35	132	127	178	97	249	
226	156	52	213	127	174	184	39	153	59	178	58	172	62	4	19	239	183	255	129	176	254	193	207	31	62	90	210	129	8	131	139	
132	44	134	153	204	41	164	207	190	146	120	18	136	226	97	74	105	75	34	144	66	116	194	210	44	16	223	44	148	120	161	136	
249	181	189	228	44	111	87	59	65	234	188	76	183	53	64	51	141	118	92	40	249	106	241	14	251	221	101	188	74	234	2	121	
11	85	218	173	118	152	186	95	79	73	88	231	60	248	186	228	118	43	22	13	135	56	132	219	54	60	170	138	63	222	249	141	
43	187	98	73	215	213	187	83	197	77	124	167	40	156	182	228	110	186	151	212	215	186	116	249	127	93	166	139	255	142	108	223	
