Ê¥ÂÞÀ¼´¿É«´½ÓÔ	#200 ·á´½´½ÓÔ	http://www.yslbeautycn.com/on/demandware.static/-/Sites-ysl-master-catalog/default/dw6ff1da92/Makeup_Pro_img/00032YSL/L6737200U_.png	//www.yslbeautycn.com/dw/image/v2/AARM_PRD/on/demandware.static/-/Sites-ysl-master-catalog/default/dw1093864b/Makeup_Pro_img/00032YSL/L6737200U_2.jpg?sw=336&sh=444&sm=fit
198	8	190	208	237	244	248	66	255	91	119	17	12	158	119	123	163	33	51	157	54	87	178	210	31	59	219	207	148	97	117	102	
24	239	90	234	114	227	123	246	39	5	124	163	45	199	32	144	62	187	135	194	6	152	8	253	119	197	160	137	54	215	38	203	
2	182	160	137	246	165	184	66	78	77	88	167	140	172	118	0	239	27	147	149	150	184	4	215	12	28	154	227	149	76	21	215	
10	135	3	137	146	130	175	247	14	37	90	231	173	38	168	196	126	27	131	141	83	152	1	245	164	36	190	196	28	210	173	184	
163	169	42	17	228	187	160	99	92	233	83	84	128	200	214	168	217	42	150	21	213	188	68	198	14	30	187	194	77	12	217	133	
79	137	2	174	31	148	186	232	174	72	218	199	237	202	123	198	118	99	187	215	199	9	158	245	60	96	143	200	30	7	57	28	
49	223	106	78	86	146	235	240	68	204	254	167	49	201	183	68	124	232	6	238	197	187	44	237	114	41	162	137	127	171	120	221	
2	165	80	137	246	129	190	231	14	1	88	2	172	138	48	0	254	43	19	145	82	184	0	253	44	20	142	224	84	10	161	137	
63	95	99	14	116	219	206	240	85	200	216	239	107	204	189	180	254	233	150	231	205	179	44	172	178	104	169	130	127	191	114	253	
183	127	99	202	54	147	139	120	197	104	209	238	72	204	189	164	126	253	95	239	237	35	44	254	176	24	171	186	95	191	51	117	
39	83	111	207	124	135	235	120	134	236	215	230	81	205	190	36	126	252	55	238	193	177	111	221	118	41	171	196	63	171	116	241	
223	219	66	174	63	144	174	121	173	200	211	231	237	202	251	228	118	105	191	231	199	5	142	255	176	116	175	136	30	166	57	29	
88	19	25	237	54	78	17	48	36	109	214	102	159	23	130	196	118	180	140	232	153	154	113	140	215	229	170	208	42	138	53	115	
34	174	162	155	223	225	186	199	30	7	89	179	172	204	54	0	251	59	147	145	54	158	14	255	45	22	159	235	213	94	181	222	
26	253	115	73	211	210	181	103	253	1	126	34	56	144	164	164	106	59	130	152	83	187	52	205	43	92	22	67	67	4	231	191	
34	177	32	200	215	213	188	229	15	77	84	47	40	156	54	164	236	27	147	209	214	42	48	213	59	16	142	235	85	12	191	223	
123	31	103	4	126	18	190	246	233	64	122	239	108	124	183	246	182	231	247	231	165	187	5	239	62	126	174	130	239	182	123	221	
57	1	67	228	53	7	73	113	37	168	255	72	91	51	128	180	120	164	20	232	25	146	97	204	145	253	131	4	34	162	106	32	
62	41	106	238	83	199	95	216	7	44	253	171	107	221	59	16	124	248	151	227	10	35	8	189	243	205	161	189	119	191	22	243	
63	149	38	250	187	215	22	253	23	91	85	183	72	124	174	109	253	91	151	242	190	88	41	191	107	95	247	199	178	223	180	215	
59	205	119	75	53	223	230	231	101	73	254	34	42	28	188	164	232	130	158	200	207	185	45	255	55	93	34	195	83	30	248	46	
63	183	160	146	245	87	146	216	87	253	21	167	89	252	235	45	93	218	151	246	191	242	125	180	107	87	165	231	247	255	180	247	
122	197	106	108	19	82	95	127	97	68	254	131	105	111	62	244	126	181	149	161	205	131	52	221	243	255	142	131	55	246	236	94	
190	91	106	110	54	3	218	248	5	204	245	231	91	77	185	132	94	248	151	231	233	163	12	188	114	201	161	148	127	191	124	211	
157	82	83	254	106	6	191	88	157	74	113	231	93	223	173	88	254	113	39	226	197	183	42	202	80	186	122	138	89	179	35	209	
122	157	108	236	21	214	95	59	65	76	253	39	107	127	54	244	88	179	149	163	221	139	119	253	115	125	170	155	63	166	252	119	
58	157	32	170	253	213	210	250	15	108	188	47	234	124	46	36	221	147	223	115	255	43	120	255	251	87	173	251	91	15	20	95	
88	37	16	229	31	14	69	49	37	160	143	66	215	19	0	101	112	52	124	40	88	131	209	140	245	237	131	16	34	42	49	32	
23	133	101	201	254	179	235	250	79	81	220	198	72	108	191	228	127	131	31	189	183	17	45	247	62	30	143	228	183	207	208	117	
60	121	112	100	53	30	94	48	105	136	254	8	91	31	149	52	158	245	213	106	200	178	97	236	227	253	33	144	99	178	66	35	
178	88	118	222	45	69	158	236	205	90	208	35	108	92	61	75	206	241	191	227	232	167	91	253	179	122	218	146	21	63	49	91	
162	211	100	140	111	81	148	237	205	92	244	167	44	204	183	199	234	105	167	103	196	35	238	217	54	48	207	191	87	62	252	223	
139	145	98	200	247	211	188	229	157	109	83	183	76	206	62	229	254	179	147	229	246	155	44	215	63	24	143	199	23	12	189	215	
11	45	34	185	181	191	240	99	221	201	90	69	174	136	54	164	168	43	150	21	150	184	4	206	76	92	26	194	206	12	217	205	
92	157	63	234	155	100	86	252	47	93	172	4	126	255	40	80	181	211	255	98	19	3	59	53	251	239	101	79	122	83	231	211	
61	77	106	67	214	179	235	208	84	224	127	130	89	109	187	96	126	236	23	254	137	176	45	174	126	207	165	196	231	251	112	224	
61	108	234	71	86	18	239	216	116	194	95	130	121	77	155	32	126	236	23	254	201	182	45	42	118	237	167	128	103	251	112	232	
96	173	105	117	244	201	231	166	107	101	254	169	179	45	151	48	11	238	247	73	104	120	229	63	111	85	4	113	71	220	86	250	
61	222	127	94	118	22	255	248	117	78	118	230	121	125	191	100	126	248	151	238	233	177	44	255	98	239	229	128	127	190	96	241	
120	51	95	236	37	86	81	89	101	236	254	102	43	151	166	244	120	140	44	232	201	154	97	136	147	249	160	135	58	162	116	127	
60	97	112	228	108	9	90	88	233	168	176	8	139	9	85	18	154	192	95	98	200	35	72	152	182	217	1	60	103	187	82	129	
61	214	123	238	118	23	95	248	21	78	117	231	123	127	187	241	127	152	151	174	237	146	45	159	122	239	165	132	63	190	116	241	
42	223	106	218	114	131	191	245	134	12	124	167	41	199	183	4	110	123	151	204	194	137	32	253	102	13	170	136	119	159	229	249	
50	203	115	94	114	147	175	229	143	12	80	226	40	204	180	100	110	123	135	205	211	171	36	255	33	52	46	170	87	158	165	253	
63	182	43	230	53	87	95	121	21	238	157	239	91	125	190	36	253	216	151	167	253	179	120	158	251	223	173	183	63	174	60	119	
188	223	83	110	215	103	239	253	85	14	124	102	121	107	185	209	121	202	6	234	249	179	25	255	114	207	164	132	123	243	228	155	
88	189	150	248	169	237	80	87	175	25	168	8	190	191	64	90	165	51	253	16	18	11	146	209	219	253	18	123	130	64	167	27	
180	204	66	179	148	170	78	230	53	19	250	18	107	42	57	81	107	203	4	210	122	190	73	254	186	206	134	64	181	217	240	8	
121	235	124	42	237	157	86	252	235	125	188	13	111	233	94	18	140	199	236	84	222	43	234	53	251	249	37	125	66	150	206	75	
120	177	58	112	161	205	81	151	235	185	182	24	159	159	64	50	133	150	125	24	154	107	240	32	219	217	52	124	194	128	194	43	
62	63	106	174	242	131	94	212	3	4	93	175	111	239	35	16	254	233	151	231	142	147	24	191	242	197	169	175	63	191	58	211	
56	129	232	239	84	3	235	121	22	160	119	131	113	61	56	33	120	204	19	236	184	250	93	29	111	15	225	165	119	171	80	192	
188	255	27	170	157	119	71	249	71	108	156	14	91	194	107	208	89	202	132	243	107	35	120	159	249	197	175	189	57	91	252	123	
138	144	179	236	215	100	185	79	26	67	89	19	28	190	104	104	255	31	51	145	147	62	146	211	93	38	26	110	213	64	167	243	
142	237	116	255	246	179	126	191	23	130	92	131	237	111	145	37	55	123	23	174	226	88	46	255	238	223	239	160	183	244	209	153	
151	123	195	151	194	147	174	244	61	192	90	231	109	238	245	133	62	239	182	231	197	209	142	232	52	0	239	162	47	255	169	221	
89	97	118	193	37	54	92	95	119	160	254	2	27	23	133	124	114	156	61	168	72	210	113	220	211	251	135	5	39	240	116	44	
61	35	95	65	196	87	109	93	103	224	126	2	25	183	147	176	122	140	54	232	205	176	53	88	118	237	165	4	239	178	106	232	
2	133	2	137	148	162	170	103	4	1	90	2	40	42	48	64	120	10	19	129	18	184	1	223	44	36	138	192	21	10	176	136	
122	189	252	229	207	79	85	127	19	229	188	11	19	61	66	2	13	222	245	145	89	250	241	10	255	195	253	247	231	104	150	250	
34	249	34	136	87	197	182	229	15	73	120	171	40	156	116	0	252	187	147	209	210	58	16	253	61	20	142	235	85	14	215	219	
234	88	22	218	109	216	241	6	137	26	246	8	44	152	23	223	200	160	251	81	74	111	211	224	23	121	210	27	67	28	92	10	
55	67	227	142	86	27	206	208	73	228	248	207	107	236	191	244	126	236	134	231	205	179	44	200	178	124	133	164	125	190	122	220	
139	26	18	152	111	180	184	90	159	31	116	18	12	186	103	237	231	57	178	17	54	127	178	210	219	255	90	239	146	5	41	199	
2	4	146	137	54	163	184	66	30	1	90	146	140	142	56	72	127	25	19	145	18	148	1	214	12	54	154	198	148	8	49	129	
126	149	191	254	155	225	23	239	175	23	237	43	111	255	44	50	251	243	237	130	26	11	186	243	251	247	15	123	243	114	167	51	
82	67	167	153	87	200	224	73	239	29	210	71	174	200	54	216	106	169	111	209	94	59	151	209	149	112	139	75	253	4	117	6	
26	255	70	150	202	145	190	247	175	182	92	231	44	234	231	135	39	107	143	199	244	91	142	250	62	65	175	171	175	246	169	157	
48	73	98	204	4	129	206	228	69	0	240	2	34	8	53	64	72	224	23	195	200	171	4	253	50	168	130	24	117	184	112	8	
130	152	146	155	253	165	184	199	158	11	80	18	172	222	32	72	229	59	179	145	18	156	18	243	5	54	26	234	144	72	161	155	
11	201	106	204	20	144	237	117	68	64	86	130	57	39	182	96	108	34	19	205	192	136	36	221	98	41	174	128	55	148	240	104	
250	235	236	182	237	217	93	236	139	253	180	137	175	237	90	27	136	233	237	71	78	107	234	177	223	211	117	189	70	157	222	219	
232	105	56	101	45	15	94	17	99	168	181	8	191	25	17	16	156	164	76	106	200	50	209	24	199	217	33	48	66	170	66	3	
207	152	178	248	199	180	184	83	31	63	85	18	12	155	114	236	231	29	179	145	182	126	178	210	95	127	90	239	155	4	171	135	
173	179	132	131	221	87	161	217	22	253	149	102	72	236	219	134	88	200	182	241	135	114	127	145	77	65	239	229	159	46	124	247	
198	14	62	216	255	160	176	66	249	31	115	48	12	218	36	73	227	49	163	17	50	119	130	214	31	54	90	207	144	65	45	131	
74	189	150	184	139	229	48	71	175	85	136	1	172	190	100	90	231	59	251	17	18	11	146	241	155	213	26	123	144	68	167	91	
185	19	83	236	116	18	75	120	101	200	247	102	91	211	160	244	88	172	134	232	137	179	33	142	18	237	161	132	123	175	122	177	
175	179	255	227	124	23	219	216	199	249	21	231	89	221	255	38	222	89	183	127	135	242	111	145	78	217	173	230	247	175	112	247	
155	28	18	216	123	245	48	78	159	157	84	54	44	190	39	237	231	59	182	144	38	95	50	222	155	83	90	235	154	5	45	207	
142	8	179	240	231	245	185	66	191	59	80	19	12	158	116	220	163	59	179	145	18	63	130	210	93	95	27	239	147	69	39	195	
247	30	226	220	70	242	223	66	157	198	218	231	105	236	183	102	110	227	159	231	172	167	36	234	18	111	170	139	55	255	124	85	
210	95	246	222	230	226	190	198	157	78	218	179	108	254	53	73	238	247	23	199	160	215	36	234	179	62	222	131	181	253	181	255	
35	238	226	10	247	179	190	206	95	75	124	231	8	200	191	164	255	107	130	149	150	186	12	255	62	28	135	235	223	95	250	141	
20	12	11	170	148	163	171	210	22	129	90	2	81	202	33	64	121	104	2	210	2	180	8	62	232	135	171	68	148	11	48	128	
179	78	106	156	198	179	238	198	149	70	218	135	104	236	183	73	126	227	151	231	173	167	36	239	50	46	142	137	125	253	124	220	
130	156	22	153	87	229	184	231	158	31	80	19	172	254	32	64	231	59	179	1	50	156	18	247	13	54	26	107	16	12	165	219	
55	79	102	142	78	50	254	80	205	196	255	199	73	204	183	103	126	161	150	231	132	163	44	204	54	105	234	136	127	255	120	213	
49	205	107	206	84	147	239	252	84	64	254	198	115	224	180	100	120	238	22	238	201	187	45	189	122	175	167	128	61	186	112	252	
132	72	139	185	148	131	171	192	22	130	82	82	17	202	113	72	121	105	19	211	2	148	10	50	72	134	171	196	148	57	49	128	
38	12	170	158	197	230	142	67	212	130	73	18	192	248	53	72	216	40	19	147	0	162	90	234	65	60	138	9	145	123	112	130	
253	193	110	239	86	27	239	248	84	224	127	130	91	109	187	97	126	196	63	238	232	179	45	156	118	235	229	132	119	187	112	96	
132	8	130	155	84	163	170	64	22	128	83	18	104	202	49	72	120	42	19	147	34	190	8	254	0	38	139	0	149	43	48	128	
11	80	27	152	117	249	184	87	237	73	118	116	188	158	178	248	166	41	150	21	151	184	52	212	148	53	58	203	222	140	41	221	
50	19	75	136	102	73	233	89	173	76	242	239	14	142	247	88	254	169	151	228	197	51	38	208	150	8	162	138	125	142	102	219	
34	249	96	136	87	209	158	229	7	69	84	171	40	140	118	4	106	187	147	209	86	42	54	245	59	0	142	235	55	28	188	222	
50	193	106	200	71	217	249	96	173	4	252	131	43	207	126	20	106	184	135	234	74	50	118	213	215	217	130	73	119	142	118	246	
50	73	98	236	68	128	204	117	65	0	240	2	35	8	53	64	72	226	21	64	200	170	0	173	178	232	134	128	117	184	112	136	
2	182	170	187	117	237	176	87	159	93	88	181	172	220	118	8	207	59	151	21	150	56	18	211	79	86	186	235	212	76	53	223	
159	123	194	139	198	145	236	244	159	240	90	231	141	238	247	205	126	107	55	239	197	208	14	224	54	73	239	168	63	255	57	157	
159	75	66	155	194	147	172	212	159	80	214	231	105	202	183	204	126	169	183	223	199	145	14	240	22	105	175	128	63	223	185	149	
26	198	195	169	147	66	13	127	22	15	217	163	77	199	40	196	127	25	143	129	90	151	45	223	225	230	171	197	54	198	165	115	
170	204	34	154	79	213	190	231	221	70	68	19	40	204	54	197	237	43	147	199	102	62	62	247	55	58	222	43	19	28	253	222	
62	77	98	226	148	50	74	248	65	128	255	10	75	105	189	16	122	228	21	251	136	179	109	174	250	237	165	128	231	251	112	0	
135	160	235	243	197	236	185	67	58	99	115	19	156	159	92	8	185	159	51	149	54	246	208	195	85	62	218	100	133	73	243	210	
120	185	146	232	189	205	86	85	175	9	188	8	190	155	96	16	132	179	236	80	90	43	210	177	251	221	36	122	82	10	194	11	
186	249	233	231	143	75	151	188	23	228	148	170	243	63	71	32	93	222	219	194	73	122	249	187	239	141	141	53	53	123	86	250	
10	176	176	185	37	189	184	95	159	27	85	183	172	221	254	140	207	27	151	17	151	60	2	211	142	87	154	235	158	12	189	223	
10	178	163	187	116	205	177	83	191	95	80	247	188	157	114	8	175	59	151	21	134	124	162	211	77	20	58	234	84	12	53	219	
48	201	98	140	68	128	206	228	197	0	240	2	34	8	52	64	72	224	23	67	200	171	0	237	48	168	130	24	117	24	112	8	
185	68	67	236	87	22	234	88	81	192	115	198	73	202	181	245	126	172	22	238	237	182	52	142	50	233	161	128	111	175	120	148	
31	219	167	207	61	146	170	248	207	88	211	102	104	216	188	230	118	105	190	251	199	161	47	253	40	120	171	142	31	47	57	37	
15	219	166	159	117	144	162	248	207	89	215	230	232	232	191	230	238	97	190	207	199	185	46	229	46	112	206	195	31	175	121	93	
60	97	112	228	108	15	94	80	105	168	188	8	207	9	21	18	154	197	95	106	200	50	72	200	182	217	1	178	71	187	82	129	
56	77	114	228	52	31	94	112	105	168	254	8	223	27	149	20	158	245	85	106	200	178	97	238	243	253	37	144	102	179	66	1	
11	203	66	143	247	145	111	245	4	76	94	231	173	7	178	196	118	42	151	236	211	152	45	253	228	101	174	192	62	150	185	253	
191	203	98	174	85	151	74	112	81	200	241	199	107	204	183	240	124	233	150	231	237	183	28	174	178	105	169	128	127	174	122	212	
11	205	98	201	177	210	111	247	37	77	94	135	8	39	182	228	124	46	151	236	221	152	37	221	38	125	174	193	55	150	188	124	
219	235	2	138	53	144	122	228	175	77	222	231	172	202	246	196	226	235	159	215	78	11	142	247	186	117	142	203	30	7	57	95	
34	205	166	158	205	244	188	230	158	70	72	3	168	236	55	204	233	107	179	133	68	154	18	249	55	62	222	11	19	124	253	222	
35	140	108	201	246	179	248	255	95	225	94	134	8	44	183	228	127	131	23	189	183	58	37	222	62	30	159	228	183	204	241	252	
31	111	66	159	198	147	238	214	157	194	90	199	45	202	247	229	126	235	55	207	197	217	14	232	54	72	239	128	63	254	185	221	
35	177	48	200	247	213	152	103	14	77	88	39	12	156	54	32	206	27	147	17	214	42	48	213	43	24	142	235	29	12	181	215	
61	203	231	78	118	146	251	248	87	64	117	166	121	237	191	228	126	240	183	238	201	163	63	221	110	127	197	4	119	174	112	244	
91	223	103	132	118	146	190	119	233	64	90	231	45	172	182	166	110	229	247	229	229	187	132	207	62	126	170	194	111	164	59	221	
59	91	98	174	118	131	250	244	133	76	92	231	57	203	179	4	126	233	151	239	196	139	12	253	98	77	172	128	63	191	120	217	
61	243	111	236	118	147	91	248	87	224	117	239	123	93	186	48	94	248	151	238	205	242	108	189	218	207	225	164	127	175	112	241	
1	151	43	161	180	255	172	55	204	73	90	100	151	136	178	96	153	43	22	5	215	184	52	159	172	29	62	192	76	72	217	213	
26	141	244	255	182	179	126	191	223	162	62	130	233	111	53	96	55	103	61	168	240	200	79	254	238	223	223	4	183	246	208	8	
49	83	107	76	116	22	203	120	73	200	253	230	82	132	182	52	126	172	22	236	201	179	36	204	114	60	162	140	93	170	114	245	
2	133	114	201	244	131	190	231	14	9	88	130	172	140	52	0	222	59	19	209	210	184	0	221	46	28	142	226	85	14	241	137	
57	19	123	108	118	83	115	120	101	108	252	238	27	157	166	240	126	156	158	104	205	179	101	142	86	237	160	136	63	138	114	249	
51	223	99	140	118	147	171	246	77	76	92	231	33	140	182	196	126	106	135	239	202	186	36	253	52	44	170	138	119	158	116	253	
37	115	107	72	124	131	235	120	196	236	252	238	81	205	191	32	94	188	87	110	193	179	100	28	102	13	161	168	127	170	114	241	
130	26	186	153	107	241	184	66	31	239	212	183	44	190	231	204	239	187	183	144	22	158	35	210	30	86	154	235	151	68	45	223	
223	197	100	238	175	21	94	249	213	88	149	138	91	109	188	101	126	210	63	239	252	35	127	245	243	251	229	220	55	190	240	113	
130	157	102	154	215	215	188	231	157	86	194	147	72	222	54	197	237	59	147	133	246	191	58	223	63	26	158	79	23	12	189	214	
59	91	66	174	119	147	110	244	133	72	92	231	109	203	179	212	126	233	151	239	205	155	12	253	50	77	171	170	63	183	122	221	
59	255	66	170	119	144	110	244	161	68	220	231	45	203	182	212	110	235	151	239	207	155	12	253	178	125	138	139	63	151	58	221	
130	152	146	155	215	197	178	199	30	11	64	18	172	222	32	72	237	59	179	145	50	156	18	255	45	22	158	75	144	72	165	155	
26	223	114	75	243	211	191	247	37	13	126	162	41	159	166	164	126	187	135	192	82	155	36	255	58	93	182	195	119	150	237	253	
11	63	34	153	245	253	240	119	221	77	94	101	172	136	182	132	167	43	151	21	151	184	32	223	46	86	26	195	222	76	249	223	
34	241	32	200	215	213	148	229	7	69	80	139	40	156	102	0	204	155	147	209	86	42	48	245	59	0	142	235	21	12	182	222	
2	180	32	129	182	161	184	66	14	65	88	163	140	30	118	0	239	27	147	149	146	184	5	215	12	20	154	194	149	76	53	209	
47	159	119	94	244	22	231	249	213	74	119	230	104	237	191	229	127	96	134	238	241	178	44	255	38	126	231	134	223	255	248	245	
42	223	118	74	117	153	246	244	205	24	190	98	42	88	180	228	234	178	206	67	206	41	12	253	54	89	34	131	87	159	252	15	
26	159	147	201	179	242	30	123	23	9	221	226	13	183	160	196	127	191	143	128	25	155	65	223	146	244	170	199	183	228	173	53	
58	151	107	236	149	214	95	59	69	77	223	167	73	127	182	244	92	189	149	160	221	154	117	159	99	255	170	195	63	166	252	119	
119	95	238	158	222	162	255	242	141	198	218	247	97	236	183	98	111	231	31	231	188	135	36	238	114	46	174	136	165	251	244	85	
138	203	106	92	82	195	191	246	158	4	116	162	41	207	181	4	110	123	131	204	242	184	36	255	103	41	174	169	119	152	165	249	
46	83	110	69	84	199	235	216	134	232	119	102	80	217	189	4	120	236	55	234	200	179	47	253	103	9	161	196	111	187	116	179	
189	183	43	162	117	87	87	121	21	238	253	110	91	116	171	177	93	232	134	226	253	178	120	190	250	199	165	181	63	111	124	243	
157	233	104	234	62	145	219	216	199	224	149	138	249	205	253	33	126	248	95	255	234	99	238	189	122	201	175	252	55	191	81	224	
26	180	81	169	19	242	184	71	23	65	92	178	172	63	8	164	127	27	147	145	51	152	17	215	141	245	154	198	183	68	175	187	
106	157	32	140	253	213	150	123	141	76	189	175	108	125	38	100	220	179	223	33	220	43	122	223	191	85	139	251	22	46	148	215	
33	1	106	76	84	83	235	121	228	200	254	2	81	137	247	116	120	172	86	236	192	179	164	72	119	13	163	140	103	162	118	236	
63	86	111	236	126	3	219	120	133	232	241	239	83	77	191	33	94	161	87	239	237	167	109	156	50	201	225	148	125	174	114	209	
111	90	83	222	110	16	174	248	141	66	113	230	104	205	189	205	126	233	182	238	193	39	46	249	22	58	67	138	127	191	105	245	
106	157	106	76	245	214	223	55	69	76	126	167	104	63	182	244	220	183	183	161	221	154	117	223	119	127	170	195	63	166	252	119	
62	219	99	78	55	211	159	244	7	12	252	234	233	253	181	164	30	120	151	202	202	171	40	191	98	221	173	187	119	191	101	237	
2	182	186	169	247	161	184	67	58	61	89	51	12	186	108	64	251	31	147	145	18	26	136	210	93	5	187	231	149	66	167	131	
134	31	235	156	214	226	175	103	156	194	90	247	116	238	53	65	127	255	23	149	240	159	4	206	124	46	254	136	173	120	181	217	
50	219	98	140	111	209	188	101	141	68	208	175	44	204	54	70	238	185	183	103	196	43	166	221	55	48	202	187	85	62	189	223	
175	177	228	243	191	151	154	216	151	249	21	167	217	253	255	46	223	89	183	119	150	242	111	180	78	95	229	230	182	175	20	247	
161	203	99	78	124	209	199	240	87	12	252	110	98	192	181	164	88	168	6	238	203	58	110	255	54	28	160	170	127	154	112	237	
10	182	161	185	119	249	184	31	31	81	89	247	172	221	120	204	207	27	147	21	147	28	90	209	13	85	154	234	150	140	149	243	
120	19	19	204	61	30	66	112	101	168	255	110	111	3	161	244	112	172	12	104	153	147	97	156	146	244	32	210	58	171	106	53	
56	19	19	237	23	143	65	16	5	8	255	110	159	17	161	196	126	180	14	121	8	178	81	140	209	229	170	208	43	138	33	33	
49	201	111	206	84	147	207	240	68	64	254	70	115	225	180	100	120	236	22	238	201	187	45	189	122	173	167	128	125	171	112	232	
130	156	22	153	83	229	176	231	30	15	80	51	172	254	32	64	239	59	179	129	50	156	18	247	13	22	26	75	144	12	165	219	
92	221	61	106	155	71	87	248	39	89	172	12	95	127	72	80	181	211	253	98	91	35	123	63	251	237	37	127	122	51	231	51	
126	156	217	250	59	225	19	234	135	65	173	40	239	255	108	112	223	243	253	144	27	11	250	247	219	247	7	127	179	99	38	50	
120	233	104	102	44	201	83	252	163	124	180	169	187	205	90	18	136	208	253	66	74	43	234	49	251	217	37	253	103	158	86	122	
120	225	104	106	60	201	87	253	227	108	188	41	83	205	218	16	26	192	77	126	218	43	232	61	251	205	37	125	103	154	214	115	
34	249	98	137	215	197	190	229	15	73	120	43	44	156	52	0	252	59	147	209	210	186	16	253	45	28	142	235	85	14	247	219	
2	141	80	137	246	131	170	103	14	1	88	2	172	10	52	0	122	43	19	145	82	184	0	221	44	28	142	224	21	10	241	136	
2	141	2	137	148	130	170	103	4	1	90	2	40	42	48	64	120	10	19	161	82	184	1	223	44	38	138	192	20	10	176	136	
120	177	58	96	168	221	81	214	235	57	188	8	159	159	72	50	165	151	221	24	154	107	178	32	219	221	52	124	194	128	198	59	
104	188	107	113	244	200	245	55	185	71	110	153	179	189	22	48	3	190	245	17	50	248	240	7	111	255	52	81	196	200	214	250	
82	185	146	184	155	205	48	71	175	1	170	1	172	158	96	82	162	51	251	80	18	9	146	241	185	244	30	123	16	0	167	27	
39	174	226	139	247	147	190	198	94	79	120	167	40	232	190	0	255	107	131	149	150	186	12	255	62	28	159	235	221	94	251	207	
10	180	177	185	87	229	177	87	31	73	89	87	188	157	48	140	175	27	147	149	147	188	18	215	197	87	26	194	222	12	37	251	
138	184	178	153	101	244	184	66	63	93	84	23	140	158	118	44	239	25	151	149	150	254	178	208	219	89	154	231	146	4	45	215	
130	56	186	217	53	252	240	82	191	77	116	181	142	222	118	108	223	57	183	17	150	252	178	209	143	127	26	203	214	13	101	215	
6	4	146	137	54	163	184	66	30	3	91	146	140	142	56	72	127	25	19	145	18	148	1	214	12	22	154	196	148	8	49	129	
28	141	14	161	148	163	75	112	4	160	155	2	83	35	48	65	120	197	29	251	24	177	9	28	232	129	171	212	52	171	49	0	
10	174	178	144	243	177	184	70	63	45	92	50	12	155	102	204	227	59	147	145	22	156	0	210	31	84	154	235	151	68	45	135	
27	19	107	168	102	93	249	81	44	76	253	231	29	142	247	112	238	137	151	133	197	179	36	192	212	201	170	168	93	142	103	249	
170	90	178	153	101	248	176	70	191	31	116	49	172	158	231	205	202	59	166	17	6	252	226	225	6	115	90	139	210	28	31	207	
61	83	83	232	118	19	75	80	69	104	247	230	95	7	163	244	126	172	22	110	137	178	101	156	242	237	32	128	127	171	114	113	
37	91	106	79	118	147	235	112	68	68	125	230	113	192	183	100	126	168	6	238	193	178	108	125	118	44	161	128	127	187	112	245	
11	193	106	204	4	144	237	53	68	64	86	130	57	15	178	96	100	34	19	205	192	136	36	205	98	41	174	128	55	148	240	104	
34	205	2	158	84	131	174	224	22	0	90	2	96	202	48	64	120	104	19	195	66	186	10	255	32	38	142	136	21	26	48	136	
66	185	150	152	155	224	176	71	174	21	202	163	172	190	98	74	231	59	171	145	18	201	146	241	153	50	94	75	144	68	165	91	
182	205	68	243	149	171	110	167	61	130	170	2	107	106	5	80	123	235	19	162	106	144	9	255	187	206	143	1	181	250	240	8	
232	104	147	217	101	232	176	70	88	11	112	50	172	152	69	137	200	62	183	17	34	254	194	224	5	51	122	171	194	29	118	171	
11	176	240	185	167	253	184	139	31	87	84	147	141	158	126	204	231	27	179	17	150	92	115	209	135	87	154	71	150	12	141	214	
31	91	74	155	194	146	174	215	183	132	222	231	41	202	183	205	126	235	183	223	198	153	14	240	182	97	175	128	63	247	185	221	
27	149	219	137	146	242	189	119	52	77	94	230	157	166	170	228	126	31	138	172	147	153	53	215	228	37	186	196	190	198	173	245	
2	148	50	153	87	229	184	71	30	69	72	51	172	158	34	64	255	59	179	145	50	156	19	223	13	54	154	67	144	12	165	219	
27	219	98	206	119	147	126	244	69	68	94	231	105	200	183	228	126	224	151	239	205	43	44	253	50	109	134	131	63	191	120	93	
2	141	80	137	182	131	174	103	14	1	88	2	172	10	52	64	122	43	19	241	82	184	0	221	44	28	142	192	21	10	177	136	
2	133	2	137	148	162	170	103	4	1	90	2	40	42	48	64	121	10	19	161	18	152	1	221	44	36	138	192	20	10	177	136	
104	241	58	96	113	221	83	214	107	41	188	8	191	159	72	48	164	158	221	88	218	59	176	33	251	221	52	124	66	130	194	43	
82	249	18	170	27	205	50	101	175	1	138	1	172	150	96	80	162	51	251	80	82	9	146	245	185	244	14	91	16	6	167	27	
216	121	58	118	33	204	114	112	233	8	102	8	190	159	32	81	160	57	204	66	72	169	146	172	211	249	0	27	66	3	71	11	
42	159	98	76	247	214	191	119	77	76	126	167	40	191	182	228	238	191	151	133	213	154	52	255	119	125	138	195	23	132	244	255	
130	216	146	155	215	197	186	199	158	3	64	19	172	222	32	64	253	59	147	145	50	158	26	255	45	54	158	75	144	28	181	219	
125	253	121	104	153	79	87	254	103	120	188	12	95	63	65	112	181	213	125	98	203	35	123	63	251	237	37	126	122	177	98	59	
26	207	98	200	119	209	175	247	7	13	124	162	40	206	182	228	126	186	135	197	214	154	36	253	58	69	174	203	119	158	253	253	
27	105	195	157	198	147	238	247	85	192	90	198	57	234	181	229	126	235	23	207	197	219	36	232	48	72	175	128	47	252	185	220	
63	219	66	174	87	151	78	240	69	64	204	207	41	72	55	228	126	233	146	239	205	139	28	253	178	93	138	40	63	191	120	220	
226	149	112	140	127	217	190	109	137	108	185	175	44	252	38	65	238	179	223	97	244	43	114	221	55	112	138	187	23	46	149	223	
58	151	110	109	245	246	93	55	69	77	255	167	89	127	182	112	220	183	149	161	253	138	117	221	99	125	170	195	63	198	252	115	
190	95	102	78	62	131	219	120	133	196	245	239	107	77	189	132	94	240	215	230	233	167	77	159	114	88	161	178	127	174	82	145	
51	86	99	76	116	147	195	120	93	204	241	238	98	220	181	180	92	168	22	239	233	167	36	207	176	120	163	186	95	175	118	245	
173	51	99	77	124	131	163	121	196	200	253	102	80	221	181	36	126	44	87	110	193	179	35	158	102	40	161	136	95	174	116	241	
47	91	119	95	116	151	203	248	135	196	116	230	121	213	191	164	94	120	182	110	193	178	126	253	110	88	229	130	127	175	112	245	
203	223	98	154	127	145	158	244	223	64	148	231	172	200	247	196	246	235	158	199	239	11	174	255	186	112	142	235	30	159	57	93	
59	201	98	142	87	149	206	236	197	64	204	135	40	204	55	228	126	232	146	239	207	11	60	253	51	124	138	42	63	159	120	220	
2	26	187	153	114	227	185	71	62	79	80	247	172	158	166	72	231	59	151	145	182	158	33	215	93	54	58	195	148	4	37	219	
10	159	114	72	243	211	191	119	77	77	124	166	40	156	166	164	254	187	150	129	215	186	36	255	62	125	14	203	119	134	173	223	
2	181	48	129	244	161	184	67	14	73	88	163	140	158	116	0	239	27	147	149	146	184	0	213	44	28	138	226	148	12	129	209	
124	248	249	106	27	197	83	218	51	41	172	8	63	255	73	112	223	217	245	144	11	15	250	183	219	223	1	127	250	3	38	59	
124	241	105	98	20	207	71	253	33	228	189	172	83	85	152	48	92	216	85	122	219	43	248	61	251	205	37	252	101	138	214	115	
2	141	38	156	197	215	188	231	159	87	74	3	108	254	62	197	249	59	179	133	84	154	18	221	53	54	222	15	19	76	189	222	
58	203	98	204	118	147	175	246	5	4	92	231	41	207	182	196	126	234	151	237	194	186	36	253	54	108	174	136	55	158	117	253	
61	105	98	237	95	155	75	104	199	128	228	130	123	205	59	36	122	184	51	238	72	178	126	157	119	201	129	25	119	174	80	160	
34	253	50	201	247	135	190	231	14	9	120	35	44	156	52	0	222	59	147	245	210	186	0	253	45	28	142	234	85	14	241	155	
50	219	98	140	71	149	190	228	137	68	216	175	40	140	54	64	254	251	147	231	196	59	180	253	55	52	138	171	55	158	253	222	
47	217	231	95	127	147	255	224	223	80	117	134	104	236	183	228	94	104	178	78	199	184	127	253	46	62	71	66	127	175	104	252	
3	159	218	72	242	179	24	115	111	9	252	230	8	186	166	244	231	187	158	144	150	139	37	223	58	60	26	195	159	196	169	23	
34	204	2	158	84	129	170	230	22	0	88	2	32	202	48	64	120	106	19	195	66	186	10	255	32	36	142	136	21	26	48	136	
42	206	102	222	115	147	251	244	133	12	252	167	40	207	183	132	110	248	151	206	194	171	46	253	98	107	168	129	119	143	124	251	
185	105	234	221	84	130	239	247	84	130	246	2	49	139	181	96	120	232	23	200	232	191	36	234	114	175	166	128	103	184	112	168	
138	56	230	153	53	217	112	66	255	69	86	151	142	206	54	76	219	40	166	16	190	252	54	199	143	87	146	75	150	141	124	214	
10	180	80	217	51	241	184	71	31	73	93	178	172	63	172	228	111	155	151	145	23	152	68	215	142	85	154	195	191	196	173	191	
43	203	98	136	247	211	190	103	13	65	88	227	44	140	182	228	126	59	147	133	215	186	4	223	54	20	158	203	63	142	185	221	
11	162	146	217	103	181	184	83	31	31	85	18	12	159	242	172	231	25	151	157	150	156	35	211	23	95	154	199	158	141	169	199	
130	176	58	217	101	213	184	67	31	95	84	55	12	158	118	108	231	25	183	145	150	252	50	208	23	24	218	227	148	4	165	223	
56	19	123	109	126	91	97	112	101	109	252	102	19	9	180	112	126	172	6	232	141	187	101	142	86	237	160	128	127	138	124	145	
11	159	99	217	243	210	191	119	29	77	94	167	40	174	182	228	110	59	151	157	215	152	52	255	62	60	142	195	31	4	188	253	
51	83	99	76	118	19	203	121	77	192	253	230	83	204	183	116	126	168	22	111	201	179	52	204	48	172	160	128	127	174	114	245	
34	204	98	158	84	131	170	228	86	0	88	2	96	200	48	64	120	40	2	195	194	186	10	255	48	4	139	136	85	10	48	136	
90	217	18	190	27	204	50	102	173	0	226	1	190	159	32	80	162	51	249	64	66	9	146	245	211	241	26	27	18	4	39	27	
55	201	99	94	71	213	238	224	205	64	252	130	104	206	183	228	110	233	178	207	197	51	62	253	55	40	202	137	127	191	120	220	
188	97	104	248	79	209	202	120	213	160	149	10	123	201	121	37	122	184	23	239	104	103	110	156	247	201	171	189	55	174	122	162	
3	49	122	201	100	149	248	81	109	89	119	227	153	159	252	108	238	185	183	141	134	178	230	209	87	89	170	234	55	141	97	247	
2	4	18	137	150	163	168	66	30	1	90	18	140	10	56	64	127	11	19	177	18	152	1	214	12	4	154	196	148	72	49	128	
59	65	111	236	126	3	201	120	133	192	245	142	91	77	183	33	126	160	87	239	201	163	117	140	82	73	161	148	119	174	82	240	
8	173	58	125	117	204	241	103	189	77	124	25	191	173	18	16	163	59	215	5	18	184	162	95	239	253	52	137	64	196	199	251	
39	238	226	11	247	147	186	206	94	77	120	167	104	232	182	0	255	107	131	149	150	186	12	255	46	28	143	235	221	94	251	207	
34	238	162	155	247	225	186	199	30	5	88	163	236	204	54	0	255	107	131	149	54	186	14	255	44	22	159	235	213	94	181	207	
2	165	32	129	182	161	184	66	14	97	88	131	140	14	112	0	239	27	147	149	146	184	5	215	12	20	154	226	149	76	49	209	
11	147	42	137	145	214	175	247	6	125	222	134	153	38	186	100	124	10	159	220	219	152	61	221	237	117	174	196	158	134	189	252	
42	143	40	153	245	211	146	99	94	77	220	179	136	140	246	32	201	43	151	149	190	186	100	247	46	20	186	235	149	12	252	215	
51	91	74	205	118	147	238	116	77	0	90	230	33	200	181	228	126	232	22	239	197	176	36	255	54	44	170	128	125	191	120	141	
14	190	146	217	183	186	178	83	191	13	95	247	140	227	162	196	247	59	134	16	50	184	0	198	142	247	50	203	134	205	173	135	
49	201	107	206	84	147	203	240	196	64	246	70	115	193	183	100	120	232	22	238	201	187	44	189	114	169	163	128	117	187	112	232	
185	91	83	236	118	147	82	80	85	72	117	238	123	130	163	240	94	172	134	110	205	183	36	158	82	237	32	136	127	143	106	149	
10	128	58	249	87	244	185	83	63	117	71	23	141	143	122	204	99	9	171	156	22	156	55	213	71	255	154	65	183	132	173	214	
19	93	99	149	70	146	173	119	121	192	90	230	61	174	180	165	110	63	55	141	197	184	164	205	52	40	238	128	45	164	179	253	
14	160	160	185	213	189	184	203	159	113	84	19	140	159	120	140	175	25	147	21	19	52	18	209	15	85	154	239	158	77	153	182	
169	95	97	77	118	155	163	120	84	76	116	238	113	196	183	100	94	40	134	110	194	182	100	61	116	41	33	168	119	191	118	245	
153	221	62	88	183	223	181	247	237	77	126	38	190	28	182	165	174	51	158	65	247	169	49	255	107	219	54	195	79	28	237	255	
26	183	50	161	211	163	186	71	31	45	88	115	12	187	104	132	255	27	151	145	18	154	0	215	108	84	187	231	183	68	169	131	
143	233	104	251	62	145	219	184	215	240	20	138	253	223	251	100	94	121	187	255	230	70	239	191	110	217	143	252	55	191	17	100	
117	79	235	172	198	34	175	246	136	194	90	199	81	236	177	99	127	239	55	237	209	187	164	108	124	46	239	136	173	248	241	241	
163	219	118	26	111	153	190	244	205	84	118	239	44	72	182	197	110	211	162	71	198	58	62	245	54	120	70	203	127	159	233	221	
27	73	234	253	86	146	239	119	53	194	126	131	57	143	182	96	126	239	23	204	192	188	164	239	118	237	186	128	39	188	112	232	
61	81	107	109	118	27	203	120	69	192	253	199	83	77	183	48	126	172	22	110	205	178	116	140	98	237	161	144	127	175	114	240	
2	204	2	158	84	129	174	230	148	0	88	2	40	202	48	64	120	107	19	195	66	186	2	255	48	36	142	136	21	26	49	136	
250	255	98	154	243	208	94	231	57	77	220	167	44	142	166	213	238	251	151	213	254	154	36	255	186	113	142	203	54	148	190	223	
172	120	121	126	108	213	89	88	83	224	117	42	51	223	113	57	92	184	151	202	203	118	250	49	87	201	225	40	119	187	86	243	
2	239	34	155	247	163	186	230	30	5	88	163	172	236	54	0	255	107	131	149	150	186	14	255	44	22	143	203	213	94	181	207	
125	253	121	109	185	79	87	190	103	232	188	12	31	55	65	112	141	253	93	104	201	58	113	61	255	237	37	52	122	240	66	123	
2	205	2	158	84	131	170	226	20	0	88	2	32	202	49	64	88	42	19	195	66	186	2	255	48	36	138	136	21	26	48	136	
26	77	98	236	86	130	238	119	189	128	90	2	41	139	53	64	110	171	23	193	200	185	4	239	178	237	158	128	55	156	113	136	
34	77	66	158	84	131	170	96	150	0	88	2	32	200	49	64	88	42	19	195	66	186	10	255	48	4	138	136	85	11	112	136	
2	4	2	129	150	163	168	66	14	33	90	2	12	10	56	64	127	11	19	145	18	152	1	214	12	4	154	196	148	72	49	128	
27	73	67	156	212	147	238	247	149	192	210	199	57	202	183	228	122	235	63	205	237	155	4	254	50	111	174	128	63	252	248	220	
27	73	195	157	86	146	236	119	53	192	90	199	57	170	181	228	126	171	23	141	197	153	36	206	48	110	175	128	47	188	57	220	
3	159	122	200	247	209	190	247	93	77	92	167	40	156	182	100	254	59	147	193	215	186	52	255	63	125	14	203	87	142	173	255	
130	220	146	155	215	197	178	199	30	11	72	18	172	222	32	64	245	59	147	145	50	158	26	255	45	54	158	75	144	8	165	155	
43	219	98	200	85	149	255	247	23	69	124	135	41	204	54	132	92	170	147	204	222	186	52	255	59	93	134	105	95	142	248	220	
43	233	32	184	93	213	206	231	199	73	220	11	42	216	114	164	200	170	146	221	223	43	114	189	59	93	132	107	91	14	250	222	
185	73	99	110	87	215	202	96	85	64	241	2	123	204	53	164	120	168	146	239	205	179	60	191	51	77	128	0	127	175	122	252	
104	249	58	96	113	221	115	244	105	41	124	8	191	159	64	48	148	156	85	88	202	58	176	37	255	221	32	108	66	130	66	171	
114	215	114	140	255	217	190	229	137	100	208	175	44	190	38	65	238	255	147	97	208	59	48	253	55	48	222	235	21	30	181	223	
106	159	110	73	247	214	223	55	69	77	94	167	24	63	182	228	206	183	151	236	217	152	113	221	127	125	174	194	55	134	244	119	
51	221	106	10	79	149	190	228	205	84	244	135	104	204	62	69	238	227	147	231	198	59	62	253	55	8	78	75	127	30	237	220	
27	219	100	207	55	211	94	252	77	68	92	167	105	88	182	228	118	225	159	227	206	137	45	253	178	125	130	131	55	159	124	79	
58	223	118	74	179	209	190	231	45	77	252	167	40	159	166	20	254	179	151	193	214	139	50	253	59	86	158	195	119	150	175	223	
191	73	99	78	31	215	203	120	197	200	253	10	123	221	181	164	120	160	87	238	201	163	44	159	51	108	161	144	119	175	114	228	
62	91	102	206	109	147	203	120	197	172	245	106	104	217	191	53	120	176	151	234	200	35	42	221	83	88	161	187	55	175	126	167	
83	201	34	26	221	213	254	239	223	85	140	11	40	156	126	228	233	235	155	213	215	43	62	247	63	92	142	127	83	28	248	94	
191	233	101	138	95	213	235	232	135	112	180	10	120	86	63	181	122	224	19	239	110	3	62	253	63	72	143	185	55	191	122	236	
59	255	102	158	95	149	90	224	205	68	204	143	44	200	55	196	110	233	147	231	198	10	94	253	178	82	142	43	63	159	56	220	
26	219	98	204	51	209	159	255	69	76	124	162	41	206	182	228	126	187	135	193	206	8	38	253	114	213	190	203	119	158	173	253	
63	94	101	76	95	151	218	120	141	192	253	207	107	77	181	133	126	224	223	238	201	163	125	253	50	88	129	146	127	175	88	116	
2	176	235	152	116	203	176	66	63	77	114	247	148	220	52	72	247	57	23	17	150	188	50	215	13	22	26	203	212	8	117	215	
58	203	98	206	54	145	139	240	140	12	220	231	41	204	183	196	94	232	151	207	202	170	102	189	114	109	170	136	119	159	124	253	
59	83	99	76	118	18	137	113	93	192	244	230	11	12	180	165	126	172	151	172	201	179	37	204	48	56	130	0	95	174	114	245	
2	170	154	217	245	241	184	71	159	61	84	50	140	154	246	172	171	57	151	145	22	188	34	210	142	85	154	231	150	76	189	143	
19	98	186	217	103	245	184	70	31	95	84	23	12	158	246	12	239	25	151	149	150	158	34	208	23	92	154	231	151	13	173	199	
61	27	98	77	54	27	219	88	69	192	253	231	91	77	183	229	126	168	151	110	201	177	116	156	66	105	0	128	127	175	120	245	
49	73	107	206	92	147	203	240	196	64	212	70	115	201	181	100	120	168	22	238	201	163	44	189	112	169	162	136	125	187	112	248	
187	219	98	200	87	147	255	247	213	68	94	135	41	140	182	228	126	170	147	197	214	187	36	255	123	125	134	203	55	158	252	220	
35	201	98	10	125	209	254	228	197	76	252	43	40	220	182	164	200	235	151	199	206	43	46	253	50	28	174	235	87	30	120	207	
35	157	106	221	246	212	191	103	92	77	94	163	49	190	182	96	238	59	147	133	215	152	52	255	47	45	190	195	21	130	245	255	
216	48	54	244	1	237	112	65	169	10	163	24	174	223	36	25	160	49	200	0	32	165	146	192	211	249	82	59	66	0	7	18	
34	217	98	140	213	212	158	231	9	69	248	139	40	172	54	64	236	187	147	197	222	187	50	253	51	124	142	203	87	14	252	222	
2	148	18	153	19	231	184	103	30	71	74	51	172	158	34	64	247	59	147	145	50	156	17	215	13	54	154	67	144	12	165	219	
173	240	121	122	108	141	91	220	115	168	116	76	55	211	72	56	94	216	23	90	203	118	250	49	95	201	53	236	123	147	66	171	
61	249	113	99	180	207	79	249	97	232	253	110	91	85	152	52	94	216	21	126	217	186	120	188	251	220	165	212	111	139	214	241	
2	189	50	201	244	135	190	231	78	9	88	34	172	28	52	0	222	59	147	113	210	184	0	221	44	28	142	226	85	14	241	155	
218	48	18	252	11	200	48	67	173	22	161	57	14	223	36	91	162	177	203	0	32	7	18	193	147	241	90	11	66	4	39	18	
2	141	0	137	148	131	170	103	14	1	90	2	172	10	52	64	122	43	19	241	82	184	65	221	44	28	142	192	21	10	241	136	
2	141	2	137	148	163	170	103	4	1	90	2	40	42	48	64	120	11	19	161	18	152	1	221	44	36	138	192	148	10	177	136	
82	249	18	186	27	192	182	101	175	4	128	163	44	222	32	80	230	177	207	195	66	11	130	253	177	240	10	155	48	22	165	91	
208	89	62	180	36	70	93	180	164	234	150	35	247	31	49	107	166	245	125	239	232	197	49	44	241	235	239	144	36	177	37	123	
35	219	113	78	108	23	207	252	201	104	176	110	122	92	188	180	94	192	86	238	201	35	108	253	54	24	161	190	95	191	114	253	
8	144	122	248	118	196	121	81	109	13	85	198	61	75	250	65	118	25	23	152	195	32	48	213	86	221	50	200	63	136	105	153	
169	86	123	227	116	156	107	85	101	76	119	118	25	15	166	208	110	168	134	156	139	184	116	142	102	237	178	192	47	138	244	249	
57	16	115	109	118	23	107	80	117	64	119	238	59	14	183	241	126	168	22	110	205	178	52	156	18	233	32	0	127	175	98	244	
8	56	163	184	109	245	241	82	135	93	214	37	152	159	98	108	204	24	159	144	151	191	115	208	71	209	178	239	154	13	117	215	
19	48	35	249	39	213	184	80	199	73	82	103	136	222	246	108	236	57	183	149	142	180	98	209	199	92	186	194	55	140	117	215	
2	16	111	249	71	205	176	80	159	77	114	119	128	222	36	108	252	185	183	145	158	188	114	209	7	92	146	195	17	13	116	215	
191	233	97	94	95	213	235	232	207	64	108	130	105	204	119	164	120	232	114	206	66	43	62	255	63	88	133	57	119	143	88	236	
3	158	122	9	242	163	185	115	78	77	120	231	56	46	166	80	239	187	23	149	150	154	37	95	94	46	186	195	157	192	165	223	
2	190	218	152	242	187	184	82	63	13	94	247	132	174	166	72	231	59	134	20	150	152	38	222	14	22	58	195	156	201	45	213	
98	148	160	250	141	245	88	142	31	23	137	25	234	223	126	200	221	147	187	145	158	78	91	211	155	222	154	123	146	76	124	94	
35	141	106	201	244	151	252	119	95	224	126	2	113	56	180	96	122	174	51	168	212	58	117	223	127	47	182	232	21	200	240	206	
196	52	25	103	48	78	119	56	120	170	99	88	214	87	9	112	148	85	92	106	97	148	153	46	229	189	33	4	72	35	67	179	
26	189	58	188	19	220	181	103	173	5	78	1	46	191	34	0	166	59	203	1	70	169	18	239	243	245	30	11	66	4	175	203	
10	158	115	187	242	227	185	119	62	77	90	247	173	191	160	196	239	59	151	145	147	152	69	223	76	117	186	194	150	196	165	249	
10	184	179	219	103	197	185	67	31	89	81	119	156	158	100	200	239	57	151	145	147	156	18	209	77	20	58	227	148	12	165	251	
56	77	106	236	84	131	238	119	84	128	254	2	51	169	177	64	120	170	6	200	232	187	0	175	114	239	164	0	119	152	240	136	
192	121	25	245	32	206	101	150	40	168	34	72	150	23	1	48	164	117	92	72	33	248	241	10	229	184	49	4	8	48	7	59	
2	201	2	156	92	129	170	230	150	0	88	2	40	202	49	64	104	107	19	193	66	186	2	253	48	36	138	136	21	24	48	136	
32	201	2	158	84	131	170	224	22	0	88	2	32	200	48	64	88	42	2	195	66	186	8	255	48	4	130	40	85	11	112	136	
19	77	99	205	84	130	237	119	117	192	222	66	49	168	180	100	106	170	22	137	225	185	37	207	48	46	190	128	37	136	241	236	
18	205	98	252	86	130	254	119	157	64	90	131	41	143	52	64	110	187	151	197	200	155	4	239	50	108	138	128	55	148	177	217	
165	225	121	75	108	143	111	252	99	248	117	76	17	211	220	53	94	200	6	126	195	114	250	112	127	152	37	108	123	154	66	161	
2	36	160	129	182	161	186	198	14	65	24	131	140	12	80	0	175	27	147	149	146	56	69	244	44	20	158	224	149	77	145	209	
61	255	115	67	247	159	78	253	69	232	125	238	91	93	157	180	126	248	20	254	217	186	109	188	42	220	165	228	111	159	210	165	
69	116	25	103	16	78	115	56	56	170	99	72	214	87	9	113	145	92	124	106	97	212	153	14	229	186	33	4	72	51	3	51	
2	185	50	201	247	135	190	101	14	9	120	34	44	28	52	0	222	59	147	81	210	186	0	221	45	28	142	226	85	14	241	155	
26	149	39	239	182	143	191	117	141	73	91	3	253	61	56	100	118	59	31	141	242	153	21	253	229	124	170	192	55	142	177	107	
15	149	232	235	246	245	187	91	94	73	93	179	153	252	190	32	255	27	23	157	150	186	127	215	79	13	186	236	213	206	165	247	
82	107	18	170	11	192	30	228	173	4	144	163	44	206	35	80	238	177	207	194	74	3	130	253	177	240	138	187	53	22	39	91	
210	34	214	152	75	224	184	71	175	23	210	179	12	142	98	91	231	155	239	145	50	79	131	208	149	32	218	203	133	68	165	203	
48	157	122	237	182	207	255	119	76	40	126	2	49	56	180	96	254	63	23	137	216	184	116	159	231	173	174	193	53	138	209	138	
2	221	114	200	211	213	190	247	77	77	124	163	44	190	54	96	254	187	151	129	214	187	52	245	63	92	30	203	119	134	165	223	
26	219	114	200	83	213	190	247	95	69	124	135	40	158	54	100	254	187	147	193	222	59	52	253	127	125	142	203	119	158	165	223	
47	176	160	235	221	125	89	31	3	117	13	29	200	253	94	60	221	10	147	29	158	98	251	145	79	93	145	127	146	78	222	246	
11	155	99	169	178	134	191	55	60	77	90	231	189	46	178	96	126	43	23	133	213	152	117	255	236	236	186	192	61	132	161	217	
43	169	32	186	221	213	208	231	195	93	172	13	170	156	118	164	201	170	147	157	95	42	114	181	107	93	148	123	218	12	250	222	
8	158	119	185	118	226	185	115	60	73	90	247	157	63	160	196	103	59	151	17	179	184	1	223	76	103	58	192	159	4	37	177	
10	158	119	187	114	227	185	71	30	93	90	247	156	30	166	64	239	59	151	145	182	156	36	215	76	6	186	194	149	4	37	219	
43	223	99	138	119	209	191	247	95	77	92	227	40	220	182	228	126	187	151	193	199	58	36	255	54	20	138	203	63	142	189	223	
59	73	34	140	95	215	202	96	197	64	236	10	43	204	55	164	120	169	146	207	207	171	54	255	51	93	128	58	123	15	122	220	
2	144	55	153	116	231	185	66	46	89	82	247	156	158	52	72	230	25	31	145	147	153	17	213	69	48	186	194	156	8	37	179	
39	182	233	139	254	245	186	219	95	125	93	247	136	220	254	40	223	155	151	149	151	50	127	211	14	29	171	239	221	207	189	213	
39	178	169	67	253	125	203	218	91	253	125	222	136	236	223	172	221	88	147	157	151	50	252	210	15	92	137	254	223	207	94	245	
61	0	122	233	118	156	121	80	101	65	118	162	25	31	186	244	110	136	151	252	147	178	36	132	86	237	162	64	55	140	100	240	
39	182	232	11	252	51	154	200	91	127	245	255	136	204	223	172	95	137	151	149	151	118	108	210	14	29	169	255	223	207	90	213	
104	241	58	97	112	141	115	244	97	41	124	8	159	145	72	48	148	156	86	106	194	186	176	13	111	221	36	100	66	146	66	171	
130	156	146	155	87	193	186	198	30	3	88	179	172	222	32	64	255	59	147	145	98	158	26	255	45	22	158	75	149	12	53	218	
121	253	57	109	185	207	85	183	99	232	188	8	191	55	65	48	132	191	93	0	201	58	241	28	239	253	52	48	98	208	194	59	
2	175	34	155	215	163	186	231	30	5	89	135	236	204	54	0	255	107	131	149	150	186	14	255	44	20	143	203	213	78	181	206	
162	137	106	202	213	213	190	111	31	13	252	3	40	156	60	193	220	187	147	213	246	170	82	253	47	125	158	203	85	12	252	222	
187	79	99	92	117	211	202	240	213	72	244	226	42	216	183	165	88	232	151	238	237	190	36	255	50	89	160	139	119	157	120	237	
2	148	18	153	21	229	184	99	30	69	74	19	172	190	34	64	229	59	147	145	50	156	17	215	13	54	154	195	144	12	165	218	
49	73	107	206	92	147	203	240	196	64	212	198	115	204	181	96	88	232	22	239	201	163	44	189	112	169	162	136	125	187	112	248	
146	90	110	254	15	214	190	228	188	70	214	135	105	222	55	67	238	113	189	227	236	205	54	237	243	235	234	131	5	53	117	90	
0	154	63	185	244	226	177	7	62	89	82	115	148	158	164	72	227	27	23	145	18	152	1	85	77	38	186	196	148	0	181	91	
163	219	98	222	124	145	218	240	221	76	244	234	42	216	183	165	218	232	150	202	238	47	110	255	50	28	160	187	119	157	124	237	
187	73	98	76	23	151	202	224	69	72	252	134	43	205	183	164	124	168	151	239	237	179	52	253	51	93	128	146	127	191	120	220	
128	159	123	185	242	163	185	247	60	77	90	247	149	46	162	64	231	59	7	129	178	152	33	95	236	167	58	196	156	0	165	219	
42	235	102	202	125	209	210	228	195	12	188	42	40	220	182	180	200	224	215	242	78	43	42	253	59	88	133	251	87	30	126	239	
162	203	98	152	124	209	214	230	95	76	240	251	40	220	182	161	202	235	151	193	230	46	102	255	62	28	174	235	85	28	252	207	
11	223	107	200	246	211	191	247	29	76	94	167	40	158	182	228	118	58	151	204	215	152	36	255	118	93	174	195	63	140	253	255	
34	201	34	154	221	213	222	231	141	77	248	11	40	220	54	0	204	179	147	213	222	171	50	253	59	92	142	75	85	14	244	222	
35	157	106	201	246	214	191	119	92	73	94	162	49	156	182	96	230	59	23	205	213	152	52	255	127	45	174	194	21	128	241	253	
34	217	114	220	215	133	190	103	137	5	120	139	44	190	52	64	238	187	147	193	208	187	16	253	51	124	142	75	21	30	165	218	
147	223	110	219	23	213	189	247	212	84	212	135	40	14	182	229	110	171	147	205	246	139	54	253	35	89	142	203	23	156	253	220	
1	159	122	185	242	163	185	247	60	77	94	231	149	174	162	64	230	43	23	149	183	152	36	127	236	5	186	192	28	128	161	217	
236	120	236	194	236	127	89	152	67	246	181	8	211	93	219	59	77	212	127	250	168	102	251	144	223	217	225	125	182	251	84	112	
34	193	96	202	253	209	214	239	15	77	120	43	40	28	62	32	216	155	151	81	94	42	82	255	63	92	158	219	87	14	212	223	
32	201	2	158	92	129	138	228	22	0	112	2	32	200	49	64	88	40	19	195	66	170	2	253	48	4	138	40	85	11	112	136	
19	13	111	205	86	130	237	119	236	64	94	2	57	34	180	100	102	175	31	141	225	153	37	205	116	46	186	128	37	128	241	236	
45	233	97	67	93	157	231	252	233	224	125	78	88	193	220	182	120	200	66	126	195	50	254	252	63	24	133	108	95	187	210	164	
61	175	99	79	245	159	238	253	69	224	124	198	123	72	188	164	126	234	150	254	223	184	109	189	46	205	165	196	127	190	250	141	
61	143	106	43	150	147	238	253	69	228	124	167	107	105	190	64	126	234	151	239	220	184	45	189	126	205	165	197	127	190	248	220	
82	75	18	174	11	192	158	228	173	4	144	163	44	198	35	80	238	177	207	226	74	3	138	253	177	240	138	187	21	23	39	219	
130	138	134	153	226	160	184	7	190	23	82	247	172	142	98	73	103	43	163	149	54	220	7	243	12	50	218	195	148	68	173	159	
41	241	122	97	116	143	115	244	120	8	124	8	23	27	136	48	148	28	70	122	193	176	240	13	103	221	32	100	64	146	66	171	
74	253	58	244	49	205	117	103	169	13	110	25	190	191	32	112	132	59	253	0	64	217	178	253	243	245	30	51	2	16	135	59	
37	164	232	75	212	229	251	89	86	65	125	18	81	253	252	32	127	154	19	153	150	50	127	83	79	141	162	109	213	203	244	226	
34	133	104	234	212	245	248	111	14	9	253	3	49	255	60	96	220	155	147	145	26	170	122	151	111	221	190	73	209	10	244	138	
39	176	233	139	254	117	155	216	91	121	125	254	25	204	254	40	95	137	23	191	151	102	254	211	30	13	171	236	221	207	251	245	
146	92	110	191	15	214	190	224	188	214	210	151	109	94	55	75	238	117	217	227	224	197	50	239	147	115	218	147	21	53	53	222	
162	201	2	156	84	129	174	228	150	0	80	2	32	202	49	64	72	42	19	193	66	170	2	253	32	4	138	136	21	8	48	136	
19	151	106	202	148	213	191	255	196	69	220	135	49	93	190	96	126	154	147	149	215	139	54	253	107	77	190	201	21	138	244	253	
171	205	104	216	117	149	207	255	85	76	92	6	168	93	182	165	72	170	151	205	239	42	118	255	38	89	160	235	127	140	248	222	
49	73	99	206	84	131	207	244	69	64	80	198	49	200	181	100	72	232	22	239	201	170	36	189	48	40	162	136	63	191	112	188	
2	148	50	153	23	229	184	99	30	5	74	19	172	190	34	64	227	59	147	145	18	152	16	215	13	54	154	67	144	12	165	218	
182	114	234	138	110	49	154	216	139	94	149	239	76	204	255	11	191	89	215	247	134	103	174	241	58	24	239	255	213	255	63	213	
229	96	237	64	77	95	79	152	67	242	181	10	83	93	223	63	72	212	126	250	233	102	255	144	127	217	197	60	247	187	86	224	
255	115	224	6	238	21	223	248	203	244	181	239	73	204	223	27	126	197	247	239	205	99	238	224	118	8	237	188	127	255	118	213	
152	201	62	253	54	142	125	244	164	0	82	2	183	31	48	65	102	247	31	105	104	189	17	175	241	171	238	128	37	152	181	11	
212	124	59	240	34	234	51	194	188	164	110	41	158	151	33	80	162	117	237	66	0	221	160	66	209	165	35	7	32	113	7	99	
15	75	26	250	231	145	191	208	140	29	21	34	140	223	255	237	230	59	159	223	67	21	42	225	116	89	170	235	30	159	169	129	
231	114	233	75	110	53	202	216	83	250	181	238	81	204	223	190	95	205	183	255	143	118	252	240	30	88	237	254	255	255	90	213	
147	221	110	189	62	210	157	119	140	76	222	167	61	62	166	65	238	51	159	229	229	137	52	253	226	97	234	131	61	28	189	223	
183	94	102	94	102	179	218	112	221	6	245	246	106	200	183	237	94	184	150	235	237	183	36	254	18	58	224	139	127	253	120	181	
162	251	112	218	127	209	214	228	223	12	188	43	42	220	166	36	202	162	151	65	206	43	102	255	62	92	140	251	87	158	254	207	
179	222	118	222	126	145	218	244	221	70	112	239	41	200	183	33	110	249	151	71	230	174	70	255	54	26	170	170	125	157	124	157	
183	78	102	158	109	242	190	98	221	206	210	183	104	252	183	107	234	97	191	199	228	231	38	239	2	58	234	147	23	125	124	223	
162	222	100	152	126	129	186	254	221	20	112	255	41	136	182	1	110	251	151	67	230	63	6	255	52	10	190	235	117	156	125	221	
214	12	174	188	47	98	188	66	188	222	211	179	205	238	55	75	239	245	253	167	44	197	131	202	145	115	235	139	133	117	53	87	
26	150	82	187	51	242	184	55	61	73	95	246	172	183	168	196	119	59	151	129	147	152	1	215	140	247	58	194	62	134	173	189	
162	206	14	159	46	195	190	230	156	30	208	243	164	94	181	71	239	113	31	195	96	239	66	255	32	50	250	147	21	57	61	143	
167	242	232	11	238	49	154	216	91	253	181	255	0	92	223	174	95	201	151	247	151	102	254	240	30	25	169	254	253	191	122	213	
244	100	189	116	13	109	85	134	240	22	166	24	214	55	0	59	137	214	104	10	40	101	243	34	195	251	80	17	192	121	70	34	
171	139	103	156	117	151	239	119	213	72	244	215	56	140	182	229	76	170	18	205	239	186	116	255	36	56	138	136	95	12	248	220	
223	22	230	149	163	50	184	18	189	246	150	183	200	46	167	207	103	101	249	166	164	197	37	194	130	115	219	135	143	245	61	85	
190	115	225	142	238	81	159	216	139	254	145	239	76	204	255	3	190	217	215	247	196	99	174	240	114	9	239	191	119	255	55	215	
14	123	227	138	239	81	159	200	139	220	153	239	92	220	255	171	190	209	215	243	195	99	174	240	114	17	239	191	23	127	151	247	
190	86	99	200	230	50	108	115	117	74	255	118	91	41	181	109	126	132	23	170	185	183	37	206	114	106	226	132	111	253	240	149	
10	159	115	159	179	146	46	55	173	73	91	231	172	167	176	196	102	59	159	141	211	152	37	223	164	118	186	194	62	134	165	121	
3	148	66	219	178	178	186	89	61	65	95	247	236	206	190	228	119	27	155	188	183	152	13	215	14	60	138	194	190	135	169	149	
0	205	2	140	20	129	14	231	4	0	88	2	32	10	32	64	72	42	2	192	82	136	0	189	32	36	138	64	20	8	176	8	
191	255	106	166	238	49	159	252	137	226	157	171	124	253	255	166	63	243	151	231	225	35	174	250	122	77	239	190	63	255	187	241	
58	133	87	202	149	195	106	121	69	9	251	66	106	81	184	228	120	130	158	168	123	171	105	221	59	120	128	64	119	138	244	40	
117	101	109	68	252	119	79	251	65	234	190	10	83	125	157	55	88	196	92	238	237	99	245	142	59	222	229	52	111	250	82	100	
199	190	229	215	231	176	188	183	123	251	86	246	236	110	214	239	39	95	183	157	183	220	175	227	46	62	255	199	143	245	137	253	
61	224	225	235	93	103	203	216	86	123	241	82	219	221	89	172	121	200	23	251	139	54	125	178	93	204	163	236	247	255	118	224	
247	113	225	0	204	69	207	220	67	242	176	207	81	76	223	43	124	204	55	255	205	102	254	208	119	8	231	188	125	255	114	244	
31	148	99	171	151	247	235	121	5	65	89	214	93	87	184	228	127	138	23	191	155	128	61	215	137	94	138	196	183	143	177	244	
119	119	232	68	206	22	206	253	65	230	188	207	89	108	215	55	126	196	85	239	205	99	253	200	50	8	229	188	109	254	250	212	
119	115	233	204	238	2	223	221	11	254	144	239	73	108	223	35	62	197	215	239	205	99	174	248	114	8	239	188	125	255	247	213	
134	150	174	177	166	34	188	151	60	255	82	247	212	46	222	75	231	71	127	149	180	220	133	226	12	35	254	199	141	80	185	219	
138	79	82	194	231	226	239	68	173	6	123	22	12	138	52	216	234	171	19	243	1	146	16	224	52	25	138	9	29	91	233	128	
134	77	114	194	230	32	254	199	25	2	89	147	76	191	253	40	239	211	23	199	240	151	12	226	54	28	142	134	165	219	225	134	
159	157	227	210	247	52	190	247	25	106	31	179	124	127	255	38	191	243	151	175	244	85	44	234	127	94	207	134	167	247	181	247	
184	68	98	225	70	50	108	87	85	98	246	18	27	9	181	105	126	133	23	169	248	182	37	206	242	233	162	128	103	221	240	0	
2	149	58	136	146	225	184	99	12	69	88	179	172	62	34	64	227	27	147	145	22	152	16	223	45	55	154	195	148	8	165	91	
43	201	99	140	68	145	206	244	69	64	80	198	48	8	180	228	72	224	19	207	197	170	36	253	32	40	170	128	127	156	120	252	
7	148	228	149	227	126	188	135	251	243	22	151	204	46	222	239	167	71	251	149	183	216	183	224	14	58	222	199	143	212	185	221	
162	94	102	220	109	211	212	102	221	94	244	179	40	92	183	45	202	160	151	227	228	238	102	255	38	90	208	155	87	156	124	207	
198	188	188	179	170	168	188	135	190	255	26	181	245	126	74	75	167	119	121	149	54	76	203	115	237	135	127	225	132	80	133	219	
22	4	175	181	142	102	188	67	172	223	147	147	212	46	63	75	239	87	123	181	48	197	3	192	149	34	255	135	133	97	181	83	
130	204	31	191	44	192	180	230	156	26	144	115	180	94	33	75	203	113	127	195	96	207	66	127	132	178	250	155	20	57	53	139	
70	153	189	179	170	232	189	135	190	119	2	177	181	63	74	75	167	87	123	145	18	88	219	97	205	163	126	197	132	80	133	91	
70	187	188	186	40	197	145	168	174	157	128	37	245	247	75	74	133	113	237	81	18	73	138	49	201	147	127	251	144	2	5	91	
90	121	26	244	1	204	52	103	169	136	34	9	174	159	32	16	160	59	233	64	66	137	146	237	243	241	30	59	8	16	143	27	
23	82	78	158	70	146	174	120	156	0	210	231	105	202	191	192	126	233	183	231	198	151	14	253	48	34	170	137	29	55	57	221	
2	142	134	155	176	160	56	135	190	23	82	245	172	170	50	201	103	43	171	149	182	220	7	247	12	54	218	195	156	68	169	157	
161	241	123	65	116	143	111	244	121	0	118	8	211	81	144	48	62	56	18	106	193	176	48	29	103	153	32	0	64	154	66	168	
114	203	2	174	11	193	30	236	141	4	144	171	108	206	43	80	254	241	207	226	72	3	10	253	179	240	142	187	49	55	38	91	
56	207	106	238	214	210	95	253	5	4	252	163	121	111	160	64	126	251	151	226	88	154	44	191	115	237	164	129	119	190	228	251	
45	175	106	75	212	151	238	253	84	200	124	70	121	233	182	32	126	106	18	252	183	186	44	191	110	77	167	192	127	222	248	136	
55	237	99	74	213	159	198	236	73	232	185	78	106	72	189	180	248	232	214	127	223	171	124	253	59	92	133	126	91	63	250	132	
219	94	212	181	34	58	60	190	61	254	82	245	141	46	130	223	167	85	237	165	229	220	197	202	132	114	122	134	14	244	9	21	
248	44	188	116	168	105	81	143	226	31	182	56	151	183	65	59	131	150	108	0	56	109	227	0	219	251	117	59	192	120	198	107	
255	255	239	86	243	115	159	191	19	254	94	255	120	253	159	37	55	255	181	247	245	220	47	255	122	127	237	199	239	247	148	119	
249	151	96	5	178	58	95	63	113	238	254	255	107	44	150	180	63	198	236	172	253	186	229	142	62	111	37	213	111	228	218	93	
222	76	6	181	10	2	58	160	188	210	130	151	109	6	33	75	102	117	253	231	104	197	2	238	144	227	235	146	36	53	37	89	
121	37	97	68	252	123	198	123	65	234	186	106	83	56	149	179	89	198	86	173	249	59	229	142	62	15	229	180	111	236	82	45	
58	13	112	225	164	48	252	23	41	3	126	146	137	47	149	104	239	131	23	153	248	184	101	226	182	223	254	128	167	212	240	9	
18	131	46	140	150	145	156	101	132	5	208	231	33	42	182	64	78	35	155	133	214	137	4	221	32	33	170	193	29	12	189	92	
92	158	156	188	56	6	24	186	190	250	130	117	255	127	43	75	151	117	253	53	44	205	11	31	233	227	127	151	144	32	37	91	
23	70	78	143	86	18	174	248	22	64	210	199	97	234	187	192	126	233	63	239	229	147	15	255	52	47	171	136	61	191	57	148	
131	143	6	157	148	178	172	39	60	83	90	215	232	42	146	195	101	103	187	133	245	216	69	239	172	54	222	192	140	68	185	28	
22	75	98	172	74	2	158	104	141	132	208	167	109	206	167	64	126	253	143	231	76	131	14	204	178	96	170	139	53	183	37	223	
33	233	115	65	117	207	239	116	125	64	118	8	178	209	180	52	120	40	66	106	193	176	48	109	103	152	0	0	67	154	66	160	
131	157	7	159	179	182	174	231	252	91	74	86	236	254	180	229	231	99	58	141	247	205	55	255	44	62	222	194	28	68	177	93	
184	157	122	223	214	211	159	247	20	68	126	162	121	127	176	97	126	242	151	234	121	186	61	191	111	175	165	193	55	218	228	187	
137	175	106	27	244	183	235	246	86	204	94	151	241	233	182	32	121	106	19	189	166	186	45	127	108	15	167	192	223	202	248	232	
