Ê¥ÂÞÀ¼´¿É«´½ÓÔ	#11 Ñóºì	http://www.yslbeautycn.com/on/demandware.static/-/Sites-ysl-master-catalog/default/dw44c59c02/Makeup_Pro_img/00032YSL/L2785700U_11_COLORIMG.jpg	//www.yslbeautycn.com/dw/image/v2/AARM_PRD/on/demandware.static/-/Sites-ysl-master-catalog/default/dw70d066d6/Makeup_Pro_img/00032YSL/L2785700_11_03.jpg?sw=336&sh=444&sm=fit
67	17	217	205	114	14	235	113	45	232	126	198	185	7	148	228	62	189	31	236	193	153	21	200	116	172	170	128	47	162	1	185	
142	253	112	243	247	253	255	150	95	242	84	147	237	125	251	45	31	123	151	218	242	124	124	191	111	223	253	225	247	221	217	219	
42	193	34	140	69	149	188	229	141	84	81	131	140	204	60	197	254	57	147	231	192	58	22	213	53	48	202	239	23	14	181	222	
181	105	227	199	196	11	239	248	86	226	209	206	113	204	253	36	124	236	22	239	233	246	237	170	52	12	229	164	109	251	114	244	
23	222	66	154	146	178	170	216	191	65	211	247	109	206	191	204	119	233	151	247	167	133	14	255	56	38	171	204	189	151	41	149	
27	201	134	191	133	158	174	181	124	73	82	71	253	120	178	239	112	111	52	207	213	216	15	237	164	106	254	128	175	55	185	12	
2	213	50	217	126	129	188	103	143	25	88	170	172	156	52	0	206	59	23	1	210	58	0	213	44	24	30	234	85	12	145	137	
55	83	227	4	119	27	206	200	105	228	250	238	107	232	191	244	126	204	134	111	205	179	44	200	178	124	135	38	127	190	122	220	
246	85	246	254	165	38	222	173	217	154	91	48	110	124	61	95	214	119	53	99	248	243	10	232	35	122	207	131	134	247	244	7	
155	221	110	254	46	148	223	181	197	64	212	231	253	207	186	101	70	51	159	207	237	9	46	253	226	123	254	136	62	158	177	125	
187	223	103	254	62	213	159	252	213	92	213	231	107	221	190	101	222	83	159	103	239	39	46	189	98	123	234	146	119	158	240	223	
50	10	123	233	22	203	203	64	76	32	242	170	51	28	53	104	126	189	23	195	10	178	68	221	149	160	170	144	117	11	84	179	
158	151	98	136	151	215	186	99	29	108	219	183	72	110	54	197	254	179	151	181	244	155	44	223	59	28	139	199	55	14	181	87	
43	229	102	192	213	151	254	237	77	117	216	3	8	12	190	165	248	129	147	231	254	187	60	245	63	24	142	231	87	140	252	204	
35	161	99	81	245	155	232	99	95	227	113	80	128	136	244	164	217	42	18	29	215	188	100	214	14	30	145	64	79	140	216	132	
75	137	2	175	155	132	186	172	174	64	10	135	237	202	122	66	230	99	123	215	70	9	158	245	236	36	142	200	28	7	57	26	
172	215	74	79	212	167	231	252	84	14	124	118	112	99	189	69	121	202	7	234	98	178	9	127	103	175	167	132	123	211	228	139	
55	113	99	143	95	87	170	200	207	96	217	231	104	140	189	228	126	221	219	231	135	35	188	253	52	52	139	190	95	63	53	244	
28	148	19	184	67	228	177	99	188	91	65	50	60	247	32	204	243	59	179	129	115	15	154	211	217	247	90	74	154	96	37	179	
252	247	10	170	157	215	71	252	6	108	157	14	95	194	43	208	120	200	142	242	79	3	56	191	249	197	175	125	57	27	252	114	
60	91	234	236	114	131	127	213	22	4	124	167	57	237	163	16	94	248	151	199	136	178	40	63	114	69	165	169	119	191	246	243	
36	137	238	199	86	7	235	248	22	161	85	130	113	109	191	33	122	220	19	239	128	242	61	29	95	15	225	165	245	171	80	224	
74	144	243	248	195	224	185	75	26	115	121	51	28	190	44	104	251	159	179	145	19	62	178	211	93	38	154	111	149	64	167	242	
60	231	10	160	157	99	199	232	70	164	152	14	67	192	123	128	121	200	14	243	75	35	88	158	184	133	175	125	61	123	252	0	
52	231	138	128	157	67	199	200	74	172	185	14	67	200	127	128	89	236	78	243	73	35	216	138	185	132	175	125	205	123	254	128	
50	133	114	204	246	146	220	55	13	65	218	131	45	46	52	96	126	155	23	165	250	136	101	221	54	124	154	192	53	140	177	13	
57	105	127	65	224	86	109	93	101	224	126	70	57	7	147	176	126	140	54	236	141	144	53	88	119	237	163	132	43	178	106	248	
7	137	167	159	223	214	170	172	206	89	91	66	253	248	189	224	242	99	58	221	151	153	47	245	13	42	238	196	149	23	57	204	
89	72	114	196	53	54	88	222	117	160	230	2	27	19	133	124	112	204	60	248	72	211	177	205	211	254	145	6	34	176	112	46	
2	205	2	156	22	130	174	231	20	1	90	2	40	234	48	64	110	107	19	193	98	152	0	255	32	38	158	128	21	24	177	136	
7	161	231	205	95	215	170	200	143	224	217	194	104	204	189	230	126	121	59	255	135	1	63	217	61	56	139	190	21	47	49	245	
3	161	167	140	95	215	170	200	207	224	217	194	236	220	253	230	126	125	187	247	135	3	63	221	60	56	139	158	29	15	49	220	
226	74	190	216	101	248	240	130	255	30	118	49	174	153	39	93	203	179	239	81	34	237	2	245	7	122	18	75	208	25	77	15	
55	123	99	14	215	31	174	72	207	228	153	239	72	140	189	164	126	236	218	231	149	51	188	252	52	60	139	182	95	191	119	244	
50	192	106	65	70	201	249	192	173	4	246	139	3	205	30	16	122	185	119	192	74	179	196	197	215	184	2	211	101	138	70	218	
43	10	254	168	101	191	120	66	239	65	112	157	175	138	55	216	238	169	215	21	134	191	6	214	150	223	18	203	206	132	107	223	
3	96	122	184	110	153	248	72	239	64	112	143	175	202	119	16	170	169	119	221	198	43	6	209	86	24	2	201	93	128	107	143	
42	98	234	189	90	201	120	66	169	37	240	139	41	207	6	144	254	185	199	132	4	190	196	223	86	229	184	233	101	140	78	218	
2	133	64	141	92	131	172	103	140	1	216	2	168	10	36	64	106	163	27	160	82	43	0	221	52	12	138	232	21	8	241	136	
88	69	29	237	44	10	101	31	101	160	206	66	215	19	129	103	82	20	108	40	72	176	241	140	231	233	163	4	34	168	32	40	
89	65	118	204	5	54	92	31	117	128	238	2	91	19	149	124	112	156	60	168	200	210	113	204	211	251	128	5	34	176	112	46	
89	17	145	237	35	79	109	119	37	232	252	72	191	55	129	244	54	181	94	172	73	154	113	200	149	220	46	144	170	162	35	41	
63	182	235	243	253	119	215	222	87	251	221	255	82	253	255	45	221	218	151	179	255	242	232	162	111	95	165	254	255	255	212	247	
31	151	111	250	182	247	31	255	23	95	221	247	88	255	190	105	253	219	151	243	255	155	43	255	123	111	254	198	191	223	244	119	
102	8	238	216	69	252	248	2	239	95	118	17	136	156	55	127	233	177	123	157	62	116	114	240	23	58	218	67	197	69	124	70	
190	83	104	170	95	91	94	121	5	196	209	175	75	77	59	17	94	185	151	231	252	163	77	156	243	193	137	255	119	191	254	211	
67	152	18	136	126	148	184	71	237	89	210	116	172	154	182	228	231	25	254	21	135	47	6	215	146	62	26	202	28	4	41	13	
168	91	118	94	107	193	95	121	205	12	117	40	124	219	37	53	238	49	7	98	96	39	10	253	115	216	96	139	83	163	103	163	
134	159	19	152	226	160	184	99	188	75	81	247	140	230	32	205	247	59	162	131	53	153	2	215	28	50	74	202	24	65	161	149	
90	85	106	108	19	82	95	63	33	68	222	167	105	110	190	244	118	181	149	165	205	139	52	207	242	239	174	129	63	246	172	93	
139	157	110	159	182	150	189	55	156	86	86	146	252	54	182	101	102	51	187	237	241	157	55	255	101	43	250	192	20	136	181	253	
24	158	93	237	26	203	171	120	6	173	255	230	245	39	128	64	126	181	239	232	1	185	73	31	252	229	171	180	121	171	37	185	
25	1	251	65	66	86	109	89	101	200	126	66	25	23	147	240	126	140	54	236	197	144	53	72	55	237	166	132	171	178	106	236	
162	209	32	154	109	209	212	237	207	92	208	43	98	220	62	65	216	168	151	99	78	35	106	149	51	16	207	255	21	30	244	222	
147	220	98	221	55	211	222	247	21	70	118	183	107	76	182	97	126	185	151	231	236	188	52	255	35	90	128	195	119	156	244	222	
179	220	98	156	21	151	222	246	85	70	252	135	107	76	183	161	124	232	151	238	236	167	52	255	34	94	128	131	127	157	120	222	
67	160	86	153	126	152	168	47	238	65	82	64	172	136	180	228	167	33	122	25	135	45	135	213	4	62	26	74	220	132	41	141	
88	53	29	229	46	90	101	55	101	162	222	32	191	19	128	231	98	60	124	168	73	152	225	140	230	225	178	1	38	200	37	41	
59	1	209	205	33	31	74	121	101	224	254	76	31	35	145	244	62	172	20	236	201	154	49	200	146	252	128	0	59	166	106	44	
219	149	69	143	179	22	110	63	45	73	95	247	109	54	186	228	102	131	159	172	255	153	37	255	182	127	170	196	62	134	169	125	
139	213	101	143	191	215	175	189	205	89	95	162	253	86	186	229	102	35	159	239	247	136	109	253	167	123	174	192	54	142	181	125	
139	221	118	255	63	215	158	253	197	92	213	163	249	93	190	229	222	83	159	111	230	169	111	189	99	121	236	147	87	158	220	219	
173	237	99	75	244	187	239	244	117	66	120	226	112	64	157	180	123	234	6	122	243	178	108	251	44	28	37	100	255	219	210	164	
154	151	102	218	179	210	156	103	29	85	215	183	72	126	62	245	246	151	149	165	252	159	45	223	50	122	202	199	55	132	189	87	
47	118	233	251	237	53	223	220	83	219	245	111	219	253	255	44	221	90	151	255	191	98	234	162	111	223	229	190	223	255	210	247	
34	167	96	137	245	241	186	67	30	13	88	167	8	140	118	0	251	11	147	149	150	184	100	215	14	20	154	231	213	78	253	214	
90	249	146	178	155	192	48	230	171	53	138	51	44	158	96	82	163	215	249	209	90	75	154	241	185	213	158	127	128	20	167	90	
130	152	146	155	117	165	184	66	30	9	81	50	172	222	32	72	255	59	19	145	50	156	2	247	13	22	154	194	148	9	33	131	
82	248	150	152	43	192	48	71	175	21	192	177	172	150	96	82	162	59	235	144	82	75	130	241	153	240	26	75	0	4	167	75	
37	225	97	65	244	155	235	249	117	192	120	78	115	64	157	180	122	136	22	124	203	178	101	223	44	44	165	68	111	186	82	164	
31	151	110	250	183	151	95	253	95	91	215	247	88	127	191	105	255	219	151	247	187	139	41	255	251	95	191	198	191	223	240	83	
198	136	234	208	197	236	248	130	251	87	115	27	136	156	118	121	173	191	51	149	182	116	178	211	7	58	218	79	197	69	87	214	
56	133	98	238	212	131	202	121	85	0	255	2	115	233	60	64	120	170	6	234	216	187	8	159	242	237	163	200	119	170	240	128	
25	133	107	204	86	178	235	123	84	64	223	2	113	235	190	96	122	174	23	174	185	187	36	207	114	175	162	192	55	234	112	224	
58	157	63	238	23	199	87	97	141	72	255	3	110	255	36	96	252	179	159	98	105	171	56	191	243	247	130	19	50	46	117	59	
18	157	122	170	27	195	147	97	159	4	249	163	108	223	46	0	250	187	151	227	78	139	14	255	240	69	139	139	117	14	37	219	
60	245	10	128	157	83	135	216	134	236	157	14	203	196	107	132	88	200	206	250	79	35	124	150	251	197	175	125	91	127	253	208	
207	144	179	216	231	228	185	91	58	75	81	87	28	254	124	232	183	31	51	21	179	127	154	211	93	63	90	238	153	68	163	243	
167	45	98	17	229	187	168	67	222	193	113	84	160	200	246	173	202	42	146	29	149	184	86	210	14	88	147	98	221	108	89	132	
60	161	232	231	84	11	234	120	22	160	117	139	83	45	57	32	120	204	23	239	188	242	77	158	127	79	161	165	119	175	90	130	
187	206	98	156	21	211	222	246	85	70	252	151	43	204	182	228	252	232	151	239	236	175	52	255	51	124	128	147	119	156	124	94	
79	137	10	138	158	132	186	132	174	73	203	135	237	202	126	64	226	99	123	215	214	9	158	241	252	36	174	200	156	23	57	90	
162	211	45	220	109	213	213	237	143	92	208	47	226	220	62	97	216	40	151	99	204	35	106	157	115	88	239	191	23	62	244	223	
91	87	122	236	23	214	95	117	225	204	222	231	121	255	191	116	118	245	149	229	205	131	52	205	243	237	174	139	47	246	46	95	
188	223	91	110	212	102	111	253	117	78	125	102	113	99	171	80	121	202	6	234	121	178	24	127	114	175	164	132	123	211	228	155	
190	83	104	174	223	67	86	121	5	108	245	171	107	93	43	16	94	185	151	115	124	163	73	189	243	197	161	179	119	191	190	211	
123	71	110	236	29	86	223	126	1	68	222	135	105	175	62	244	124	247	157	237	205	139	53	205	51	109	138	153	55	182	124	92	
27	198	202	141	18	18	47	127	54	69	94	231	57	6	186	192	127	139	147	172	215	152	37	215	244	37	186	133	63	214	173	248	
168	139	117	94	127	153	255	241	205	12	117	98	106	89	189	245	170	51	134	106	224	41	42	253	103	248	98	139	83	139	69	171	
226	72	124	253	109	201	208	6	223	29	242	57	38	24	7	91	202	181	239	81	46	255	67	241	23	114	80	19	80	24	84	15	
2	217	241	77	242	193	191	230	79	68	124	162	188	253	229	36	30	123	19	73	67	56	38	249	37	28	14	170	87	214	135	253	
188	215	10	170	157	215	71	248	71	108	157	14	91	198	43	208	120	202	132	226	79	3	56	191	249	197	175	125	59	31	252	114	
230	72	238	208	77	252	248	130	255	94	54	17	168	152	119	123	193	160	127	145	38	237	178	224	7	122	218	195	199	85	124	70	
130	193	2	159	69	213	188	101	31	68	85	19	172	202	52	196	248	41	147	131	66	188	18	215	39	48	142	75	22	28	185	206	
184	33	212	237	75	139	184	122	6	33	248	163	189	39	0	144	126	191	195	160	88	155	83	156	214	193	171	53	119	206	15	138	
178	140	84	183	197	191	126	167	29	50	123	26	107	42	12	213	233	226	132	162	120	190	89	239	179	218	208	3	119	207	248	14	
130	30	22	158	114	168	176	98	188	31	114	245	172	170	37	201	167	59	226	1	38	156	2	239	4	50	90	203	216	13	43	159	
125	159	119	206	172	34	207	184	205	90	189	230	95	233	189	98	127	195	127	239	249	33	46	255	242	255	239	156	255	251	241	49	
188	204	112	243	213	191	126	246	87	55	118	19	11	43	54	197	251	202	151	218	250	252	57	191	111	219	150	199	183	221	244	202	
61	68	106	98	212	179	203	216	86	160	253	10	83	105	185	32	121	200	22	250	136	179	109	62	122	205	165	244	247	251	80	160	
162	217	111	222	236	192	207	247	133	66	216	130	49	236	180	99	78	250	23	203	201	43	118	233	49	40	238	136	53	248	244	249	
27	149	100	217	182	144	252	119	13	77	92	167	168	31	182	100	238	27	151	133	255	152	37	221	162	125	154	194	55	140	180	95	
223	215	239	238	188	2	95	189	217	74	159	246	89	239	189	114	215	215	125	239	249	3	175	239	250	255	175	158	191	247	240	49	
65	154	111	157	86	204	225	133	254	93	114	86	232	234	31	205	97	174	106	129	183	248	247	215	52	38	178	64	237	0	245	228	
138	178	167	186	108	205	184	85	190	93	81	245	188	156	254	8	207	27	183	5	167	252	34	211	79	83	58	203	92	12	21	251	
56	77	112	229	116	27	78	53	109	32	254	10	91	11	148	84	122	172	78	106	200	178	101	204	246	253	32	16	103	154	194	0	
243	157	102	220	254	144	254	119	161	192	222	231	121	255	182	103	110	231	183	207	233	139	182	239	114	111	238	136	47	244	242	249	
169	170	202	183	101	178	235	99	30	167	87	146	169	162	242	236	107	110	162	137	61	254	230	226	140	207	250	97	231	204	249	136	
10	217	34	159	79	208	188	101	141	16	85	130	172	206	54	197	238	57	147	195	84	154	18	213	39	112	206	203	23	14	189	150	
2	133	66	141	212	131	172	103	12	1	218	18	40	10	48	65	104	131	31	161	114	187	1	221	52	36	154	192	21	8	241	136	
185	91	106	78	86	146	250	112	84	196	117	167	113	201	183	64	126	232	131	238	196	178	52	239	118	45	162	137	127	175	120	208	
183	105	195	135	196	19	206	248	87	226	209	199	113	236	245	164	126	236	23	239	237	243	44	170	48	12	175	160	61	255	112	212	
2	133	100	201	214	131	236	103	13	1	218	18	140	10	52	65	110	131	31	161	242	137	5	221	52	60	154	192	53	136	177	8	
2	133	112	216	254	129	188	103	143	17	88	146	172	12	52	0	238	19	23	129	242	40	4	213	44	28	154	226	85	12	145	137	
151	218	66	154	146	146	46	220	183	64	210	231	109	202	191	200	127	233	151	215	239	135	14	255	58	38	175	200	189	183	185	213	
137	10	146	184	117	188	176	82	255	15	84	80	172	251	99	236	247	43	162	29	150	189	178	243	79	255	26	74	154	77	41	135	
55	105	11	174	22	211	158	196	143	200	217	203	60	216	183	160	254	233	23	231	205	3	12	255	178	4	171	187	29	63	59	149	
181	11	106	76	116	7	235	88	85	8	127	70	81	131	181	100	120	172	23	238	201	179	5	206	112	168	162	136	127	171	120	161	
203	215	108	222	238	144	95	189	157	88	92	230	249	111	190	101	86	210	191	239	247	0	111	253	54	123	238	204	62	158	176	125	
158	133	102	154	215	215	188	231	157	86	215	147	72	110	54	229	255	179	155	165	244	207	60	223	59	91	207	199	23	12	189	86	
183	105	10	174	23	215	158	228	141	200	216	207	60	220	55	160	254	233	151	231	205	3	12	255	178	68	175	187	29	63	59	220	
33	175	35	81	244	191	228	103	92	201	122	68	162	136	180	164	153	42	18	25	151	184	36	142	46	30	50	64	201	72	217	165	
90	235	2	170	53	128	106	228	167	13	156	231	172	195	114	196	224	235	157	223	74	11	138	255	184	117	174	203	30	23	57	90	
61	223	95	94	240	199	231	248	21	78	253	230	122	101	175	197	125	64	134	238	249	179	56	255	114	175	165	132	123	255	228	249	
27	156	146	216	147	244	50	107	191	11	92	50	44	243	34	228	247	59	150	128	23	139	50	211	155	247	26	203	154	64	41	135	
34	203	115	95	114	195	191	231	159	4	124	162	56	231	180	36	126	123	147	200	82	184	36	255	109	12	174	169	119	154	165	237	
2	205	2	156	20	130	174	231	20	0	90	2	40	234	48	64	104	107	19	193	98	152	0	255	32	38	138	128	21	24	176	136	
189	159	75	170	244	199	71	248	21	238	253	111	83	247	171	17	93	232	134	230	237	178	120	190	248	199	165	236	59	251	124	241	
38	243	238	199	84	195	235	216	7	172	118	102	80	201	189	4	120	236	51	234	128	178	10	252	111	8	165	128	79	187	116	163	
61	183	11	166	245	215	71	248	23	238	253	111	87	244	235	176	221	232	134	119	237	178	104	190	248	197	165	188	187	127	62	241	
30	176	178	248	215	180	184	83	30	11	117	82	28	155	100	236	255	27	147	145	179	191	144	211	29	125	26	238	155	4	171	179	
35	1	106	76	84	23	235	121	229	204	254	2	80	192	183	116	120	172	90	236	201	163	52	206	119	44	163	140	71	162	114	236	
15	219	167	159	165	146	166	180	229	89	211	102	236	248	186	230	252	102	190	67	223	185	47	237	168	118	206	195	158	63	185	29	
112	1	82	236	71	2	64	113	101	128	250	66	67	27	36	84	114	188	36	40	72	178	193	140	147	252	128	7	35	138	96	15	
31	203	39	174	29	209	170	232	206	72	219	98	236	218	253	226	234	97	190	247	199	9	47	253	184	96	175	204	29	39	57	133	
73	160	126	157	87	216	169	111	110	69	94	6	172	136	150	224	51	44	170	9	135	188	183	213	4	39	26	73	77	4	121	204	
95	203	2	170	53	128	42	240	164	76	218	231	237	195	179	196	112	235	157	223	78	9	138	255	248	117	170	200	46	7	57	89	
214	28	246	245	167	54	188	2	57	130	82	178	108	62	53	223	247	255	181	147	180	216	23	234	139	126	222	131	165	245	39	15	
50	19	106	236	102	139	233	64	45	12	240	207	55	141	53	80	122	169	23	224	202	178	2	89	209	168	34	136	125	138	103	155	
3	40	83	168	116	169	248	67	175	1	112	193	173	138	52	88	162	41	19	21	6	190	6	213	4	220	26	74	212	132	35	140	
183	105	106	174	87	215	218	224	17	200	217	207	107	204	55	144	252	233	151	231	205	179	28	190	178	109	141	171	125	46	122	220	
168	219	118	94	126	153	246	244	205	28	117	102	104	72	189	229	174	242	166	98	226	41	46	253	54	121	98	139	127	155	125	173	
27	199	106	169	17	150	111	247	5	77	206	135	41	39	186	228	124	142	159	236	223	152	53	189	230	109	174	132	63	212	252	124	
70	168	186	208	247	225	184	67	254	63	80	51	12	190	102	72	227	59	179	145	22	31	130	210	95	30	27	239	145	65	39	195	
79	149	101	203	191	211	127	189	77	93	95	162	236	110	190	229	119	131	191	239	247	24	109	255	55	123	138	198	54	142	181	117	
31	149	100	203	183	247	239	191	79	125	28	162	221	124	186	164	127	130	159	255	243	168	109	255	237	79	175	244	183	207	149	117	
171	197	102	152	223	215	252	231	157	86	214	151	72	108	62	229	239	179	155	231	252	15	52	255	51	58	222	199	23	28	252	94	
89	19	80	205	14	90	65	49	101	172	223	102	139	19	128	244	114	148	108	168	89	131	245	204	214	253	162	30	46	170	96	37	
62	91	106	110	54	3	223	248	5	236	245	239	91	205	185	4	126	248	151	238	200	179	8	156	114	201	165	181	119	191	126	211	
57	3	74	108	116	22	106	120	101	200	247	78	83	195	178	176	120	172	6	238	141	178	36	14	118	237	161	141	123	170	106	128	
159	147	239	250	188	147	91	248	215	217	85	231	89	223	252	96	223	89	191	255	155	67	111	245	74	219	239	206	191	175	112	245	
47	187	237	243	252	23	155	216	87	249	85	231	219	253	255	46	223	120	151	127	159	242	110	168	78	95	237	254	223	175	80	245	
230	104	239	208	109	228	248	130	239	217	114	3	184	156	117	123	232	169	55	209	14	126	178	224	7	24	218	139	197	17	116	206	
15	147	255	250	188	147	95	248	151	89	85	231	89	255	252	104	223	91	183	255	155	194	111	245	74	223	239	206	190	174	176	117	
3	173	42	25	245	191	164	103	92	201	90	64	140	184	54	160	153	43	18	29	151	184	22	198	14	31	186	65	204	76	217	132	
190	91	106	174	86	3	94	248	5	236	253	239	67	77	59	17	126	249	151	231	204	131	12	156	242	193	161	181	127	191	126	211	
11	151	155	137	146	242	191	119	54	69	95	230	157	166	162	228	119	27	130	132	211	152	52	215	100	37	186	196	186	70	173	245	
189	215	119	78	176	86	231	249	245	78	255	230	123	109	175	229	125	242	134	110	233	163	56	255	98	239	228	132	123	255	236	241	
26	28	146	248	203	241	176	106	23	11	92	50	44	247	97	236	255	59	179	144	19	27	18	247	155	247	26	235	155	101	45	183	
102	104	227	208	77	228	232	198	235	81	242	11	184	156	85	107	200	185	51	213	10	126	210	224	23	120	218	106	197	25	118	170	
168	219	118	94	127	153	246	240	205	24	117	98	104	217	189	165	170	242	134	106	224	41	46	253	54	249	66	139	87	143	109	173	
91	213	98	204	19	214	95	63	53	76	222	167	105	126	190	244	126	183	157	165	205	139	53	221	243	109	170	131	63	198	252	127	
242	28	226	220	7	102	158	134	25	70	210	179	104	126	53	77	247	247	183	135	168	213	21	234	51	62	218	131	181	253	116	95	
2	201	115	95	210	193	175	231	223	5	124	162	44	255	180	36	62	59	147	201	67	56	36	255	45	28	142	171	87	154	165	253	
34	211	100	140	109	209	148	109	141	92	216	171	34	220	54	65	218	56	183	97	220	43	106	157	55	16	205	191	85	62	212	215	
189	151	123	170	244	215	87	249	21	238	253	47	83	119	171	240	93	248	134	238	237	146	120	158	251	199	165	172	59	191	116	241	
38	115	110	69	92	199	235	208	199	232	94	66	80	217	253	36	120	236	115	237	128	179	46	220	103	8	161	128	111	187	116	161	
189	183	42	160	181	215	87	249	21	236	157	47	91	244	235	164	93	248	134	118	237	179	120	158	251	197	165	191	59	111	60	119	
179	76	98	222	21	119	222	230	221	78	250	151	104	108	183	96	253	227	151	231	236	167	52	255	50	62	146	147	117	253	116	94	
27	151	123	137	146	178	63	119	36	77	95	230	29	166	170	228	118	191	146	172	211	153	53	79	112	37	170	196	63	198	165	245	
159	176	178	249	87	150	184	83	58	91	84	86	28	159	116	172	255	29	147	145	179	255	144	211	29	127	26	238	159	4	171	179	
91	215	107	204	23	150	95	63	101	76	223	231	121	127	182	116	126	181	149	173	205	131	37	205	115	109	170	138	63	166	244	127	
47	179	253	251	188	23	219	216	95	249	85	231	217	253	253	42	223	121	151	127	155	242	107	184	78	223	237	254	223	255	80	245	
162	211	125	236	110	193	149	125	143	84	216	239	230	220	164	65	222	56	151	97	192	43	70	157	54	16	235	191	29	62	212	219	
178	92	226	156	23	246	222	230	29	70	210	151	104	108	55	205	255	231	159	167	172	167	52	239	51	62	218	131	55	253	124	94	
33	1	106	76	84	86	107	121	101	200	255	2	81	194	182	112	120	172	86	236	204	179	164	72	119	45	163	141	83	162	122	228	
167	174	227	83	215	187	166	244	93	67	120	246	104	104	189	165	121	106	146	190	247	250	108	239	46	30	135	194	223	255	250	173	
72	19	89	205	36	90	105	50	101	37	222	224	155	19	128	228	86	148	206	168	25	152	101	205	198	253	162	17	46	136	44	45	
26	141	111	174	27	195	155	97	141	4	221	163	109	223	34	0	126	187	159	227	90	139	46	255	240	101	139	155	55	14	37	243	
56	1	114	237	109	22	80	121	101	168	127	66	75	147	180	244	248	156	38	40	200	178	241	136	87	237	160	5	51	170	112	47	
58	29	95	238	31	199	19	97	141	68	255	3	110	255	36	96	254	179	159	99	88	163	48	223	243	231	3	27	53	42	37	51	
25	22	77	237	25	223	105	51	165	236	254	229	251	7	130	196	110	180	239	172	25	152	117	157	198	225	161	208	58	172	12	113	
6	180	162	129	87	225	186	66	30	77	89	179	140	156	110	8	255	27	147	145	18	190	16	210	13	20	154	239	149	76	53	215	
82	249	146	178	155	192	58	230	175	53	136	179	44	158	96	82	227	215	249	211	74	75	154	241	185	212	159	255	0	5	167	90	
3	0	210	154	126	176	184	71	111	65	81	240	172	154	182	104	230	27	22	21	135	62	6	211	148	60	26	138	156	4	41	141	
134	136	146	155	52	165	184	66	30	9	83	18	172	218	32	72	231	59	19	145	50	156	2	243	5	22	154	194	148	9	49	131	
1	35	91	169	70	200	233	80	238	72	240	199	189	138	119	24	106	41	87	69	135	35	150	209	84	9	186	136	125	130	107	203	
10	42	67	165	112	171	232	67	45	5	114	133	173	143	48	0	238	41	71	21	0	152	64	141	132	245	154	193	164	140	7	152	
56	133	106	238	84	179	207	121	85	0	255	2	83	235	184	96	120	170	23	234	152	187	36	159	122	239	163	192	55	170	240	160	
3	2	82	168	116	136	248	67	173	5	113	133	173	138	54	88	238	41	23	21	6	191	0	209	4	125	26	138	156	132	99	201	
66	235	22	152	75	192	56	199	175	21	192	163	172	150	98	82	230	59	235	145	66	75	130	241	145	48	26	203	0	4	167	203	
57	161	99	77	84	155	226	121	85	224	248	70	115	72	189	164	120	172	22	252	207	178	101	159	62	76	161	132	127	174	122	164	
130	157	34	152	221	212	190	99	157	4	208	19	44	254	54	65	236	51	147	227	112	139	50	255	63	48	202	75	23	13	165	214	
171	229	102	128	213	215	254	231	221	100	142	147	72	12	62	165	249	131	147	245	246	191	52	255	63	90	143	71	87	28	248	206	
98	96	167	236	77	37	192	78	203	152	240	10	50	152	117	74	200	181	115	129	8	103	210	208	21	184	218	58	81	24	114	170	
138	174	226	215	53	251	251	19	223	199	87	151	171	226	178	228	91	42	142	156	62	252	116	239	142	215	146	65	134	205	252	212	
96	80	20	220	109	201	144	79	154	186	112	59	182	152	101	155	200	53	226	1	0	126	194	209	21	50	82	59	80	24	86	171	
120	5	112	229	116	11	104	115	109	32	254	10	11	9	148	20	122	164	78	168	200	186	69	206	214	253	32	16	103	168	98	128	
66	221	31	254	57	205	55	228	175	72	238	8	126	247	32	113	164	115	251	66	99	11	58	125	251	179	15	59	24	18	39	59	
168	120	146	185	109	241	177	70	30	29	116	50	172	153	99	140	200	40	183	81	10	254	194	160	197	209	218	67	194	13	127	139	
27	151	111	73	178	214	61	247	37	77	222	231	25	39	182	228	126	159	159	236	255	152	53	221	106	109	174	196	63	132	172	125	
31	159	101	200	254	179	111	190	31	81	94	230	121	110	190	228	127	195	63	173	183	8	47	223	62	111	175	204	191	204	240	117	
8	181	122	75	243	211	181	119	124	77	124	38	40	153	166	164	122	58	130	24	211	186	48	93	111	141	54	67	219	2	239	255	
9	151	59	9	181	255	165	119	76	77	126	102	190	184	182	164	184	43	134	25	215	184	53	221	45	29	54	66	217	78	253	253	
58	239	66	186	241	144	94	246	49	12	220	167	47	199	162	212	254	235	135	212	122	154	0	255	250	245	174	235	54	150	190	223	
47	217	119	94	247	215	223	248	221	68	117	228	120	116	190	229	95	112	146	110	241	169	62	253	42	126	71	70	119	191	224	245	
18	158	154	200	243	243	56	75	31	13	220	178	44	182	166	228	247	187	150	144	22	139	34	223	154	245	58	203	146	64	45	135	
2	217	115	219	87	209	175	231	206	1	92	162	168	222	180	164	110	59	146	193	195	184	38	255	45	28	158	235	87	10	165	188	
45	249	95	255	116	195	91	248	23	204	116	238	123	213	163	164	94	120	150	126	201	242	126	188	110	139	229	128	127	191	116	241	
2	205	2	158	20	130	174	231	20	1	90	2	32	234	48	64	104	43	19	193	66	152	0	255	32	36	138	192	21	26	176	136	
167	123	99	78	124	145	139	113	204	136	217	238	224	216	189	164	92	56	95	235	195	35	108	223	48	28	171	186	95	174	118	189	
186	239	66	186	241	144	110	244	53	12	92	231	45	199	162	212	126	251	135	196	106	154	0	255	186	245	174	203	54	150	190	221	
11	2	18	187	55	184	185	70	252	77	86	53	172	130	162	205	230	43	159	29	150	152	2	213	132	113	58	195	158	4	41	205	
179	83	99	76	116	147	195	104	205	204	245	110	98	216	180	180	216	168	22	235	201	163	100	223	48	60	163	154	87	174	118	229	
2	168	186	217	53	248	249	66	255	71	86	21	174	206	54	76	243	42	130	20	54	253	50	215	207	94	18	67	130	141	125	214	
79	219	230	159	191	148	190	180	207	69	94	231	236	204	182	228	70	98	186	71	199	169	255	229	46	112	142	202	62	191	185	93	
56	19	123	108	126	75	114	120	101	172	248	110	19	153	164	80	248	172	6	96	141	187	193	157	86	237	160	168	123	138	126	147	
158	223	118	78	126	147	222	248	205	4	180	230	104	200	181	229	110	241	142	226	230	33	46	253	50	89	167	139	127	191	105	61	
40	58	146	187	119	249	176	70	31	15	118	50	172	147	161	204	203	59	134	16	50	252	64	227	134	247	18	67	130	13	15	143	
23	157	108	153	246	247	106	255	31	121	158	230	72	126	191	228	127	131	159	189	183	25	45	223	62	95	143	199	183	206	184	85	
136	58	146	251	119	184	176	82	63	15	118	246	174	163	161	204	239	59	134	16	50	188	128	163	134	247	50	67	194	13	13	139	
35	205	98	157	71	116	188	239	93	70	88	131	40	188	55	229	239	235	179	167	228	58	54	249	55	62	222	139	21	124	125	222	
18	135	110	172	122	195	187	105	157	12	221	163	109	239	162	64	126	187	143	225	122	139	46	223	242	37	171	219	53	174	53	211	
61	83	115	236	118	27	66	88	69	232	244	238	75	18	167	244	126	172	134	104	141	178	101	158	146	237	33	162	127	175	106	117	
9	191	35	187	181	251	164	119	76	77	91	103	174	184	182	224	152	43	150	21	151	184	36	222	172	20	186	194	220	78	217	223	
219	251	2	170	61	145	142	244	199	72	152	103	172	202	243	228	222	233	158	231	207	11	142	255	184	81	175	187	30	159	57	29	
173	90	106	76	116	147	227	88	84	204	117	231	113	205	183	52	92	168	6	110	205	182	108	31	118	45	161	136	127	175	126	241	
143	235	233	239	62	145	219	216	198	240	148	230	249	205	249	34	94	120	127	127	195	97	238	185	110	73	175	252	63	191	81	241	
47	217	102	94	119	214	207	248	213	84	245	166	91	125	191	228	95	240	150	110	233	163	62	253	106	127	69	134	119	191	100	245	
2	28	154	216	123	241	184	74	31	15	220	50	172	178	231	236	255	59	150	144	22	159	34	219	154	247	26	235	146	64	45	143	
168	122	146	185	117	248	176	66	30	25	118	50	172	153	97	141	201	58	178	17	50	254	194	226	68	243	250	67	198	13	127	171	
190	91	102	206	126	131	219	112	133	204	245	239	123	77	189	4	94	184	215	238	232	167	76	191	114	201	161	176	127	175	118	211	
223	127	35	174	60	145	138	240	196	200	209	230	249	202	177	228	222	233	158	235	205	3	46	255	176	84	171	184	31	63	57	29	
3	217	115	203	215	209	190	231	94	65	88	98	188	220	188	164	254	59	146	193	215	186	52	255	45	92	158	234	85	14	165	143	
45	121	253	239	118	215	91	248	23	204	117	230	123	213	179	36	94	248	22	126	137	242	126	188	110	203	165	128	127	191	116	241	
163	219	86	94	102	153	246	244	237	16	118	230	104	200	167	165	110	241	166	226	229	59	46	253	54	184	66	11	127	155	105	157	
26	188	146	217	87	247	184	67	31	35	213	50	140	159	38	236	239	27	147	145	23	156	49	215	31	87	154	199	191	4	169	135	
38	59	99	78	124	129	139	120	204	200	253	110	240	216	181	36	92	184	95	107	201	163	108	223	52	60	163	186	93	174	114	245	
27	61	100	65	183	255	251	255	71	236	60	2	153	61	215	164	63	186	151	189	186	184	125	222	111	95	191	229	247	222	221	253	
251	213	102	204	151	214	94	55	21	77	222	167	105	62	182	245	220	183	157	237	253	139	117	223	115	121	170	195	55	132	244	127	
162	211	103	140	111	75	148	231	205	100	80	175	46	140	54	65	206	61	167	99	196	59	70	157	55	48	202	187	85	60	213	223	
181	219	126	94	102	153	254	244	205	20	118	231	105	200	183	69	110	241	162	231	231	43	62	253	54	56	66	11	127	155	105	221	
230	77	235	156	246	102	222	167	156	194	218	211	112	108	53	74	255	247	31	133	176	175	20	234	49	46	254	128	149	121	245	90	
123	149	111	236	246	150	95	55	101	73	255	231	121	127	182	117	126	183	149	173	253	139	37	205	114	125	170	128	63	166	240	117	
178	211	121	236	110	3	157	125	140	96	80	231	53	189	164	65	110	121	151	99	193	43	70	157	116	40	234	186	29	184	177	249	
56	19	122	204	126	31	114	80	69	140	254	110	19	25	165	112	122	188	6	104	137	179	101	222	87	173	160	217	59	170	124	179	
9	146	34	13	21	254	177	95	118	77	95	151	169	172	54	228	120	12	170	137	134	184	181	213	199	109	18	67	103	4	125	222	
190	95	102	78	62	147	218	112	133	160	245	239	105	205	181	164	94	248	151	238	232	167	108	255	114	73	161	144	127	175	120	181	
39	203	230	147	215	147	190	224	94	209	115	231	104	104	190	175	251	75	178	87	247	248	79	237	14	30	223	195	221	126	249	156	
6	52	162	153	119	227	184	74	30	79	88	179	140	156	110	8	255	25	147	145	146	150	16	210	13	20	154	231	149	76	53	211	
9	18	58	185	51	217	185	23	236	69	87	132	173	142	178	236	230	41	158	157	135	184	116	208	198	245	58	131	150	132	173	253	
86	235	34	154	31	128	186	232	143	180	153	167	236	206	123	66	239	227	255	215	198	67	138	247	184	20	143	187	20	15	61	198	
26	182	50	161	247	163	184	67	30	61	89	51	12	187	96	196	175	27	151	145	18	155	0	214	93	68	59	231	151	68	173	163	
86	235	2	186	27	193	26	224	175	20	137	163	236	206	99	66	239	243	239	211	74	75	138	245	185	84	143	251	4	7	39	91	
143	233	104	234	62	145	219	248	199	224	148	130	217	205	249	37	94	121	123	255	198	67	238	252	126	89	143	252	55	191	80	224	
134	24	146	155	53	165	184	66	30	11	81	50	172	218	33	72	255	57	19	145	34	156	2	247	12	22	154	194	148	9	33	131	
91	18	111	77	57	223	121	51	165	108	254	231	155	23	130	116	100	180	255	172	157	153	101	221	215	237	160	208	42	140	68	115	
2	234	22	152	75	192	184	198	174	21	192	163	172	134	98	64	230	59	235	209	2	11	130	241	149	48	154	139	16	4	37	203	
57	5	67	77	84	179	226	123	85	192	248	70	115	72	180	164	120	168	22	173	141	178	101	223	54	76	163	128	127	174	122	148	
60	5	106	238	212	179	235	122	85	0	255	2	81	233	188	96	120	170	23	168	152	179	36	223	122	239	162	192	55	203	112	160	
177	83	83	204	54	219	67	81	69	108	246	238	11	23	167	244	126	188	132	232	141	178	101	142	146	237	160	194	63	138	98	117	
94	125	84	254	27	201	18	104	175	4	169	171	110	223	33	17	162	177	207	194	106	3	154	221	179	209	11	59	51	39	39	19	
169	91	74	76	116	147	227	88	84	76	117	230	113	193	183	112	126	168	6	110	205	183	36	31	118	41	161	136	127	171	120	241	
9	18	91	169	55	200	185	81	44	77	119	197	189	15	50	200	102	41	223	29	135	152	53	208	197	245	58	128	62	134	45	249	
26	180	114	217	83	243	184	67	31	33	93	178	140	159	36	228	111	187	147	145	19	152	16	215	15	71	154	199	191	4	173	191	
11	0	50	155	115	176	185	69	126	81	85	48	188	138	186	236	230	43	146	157	151	156	102	213	132	57	26	203	158	4	169	141	
2	77	228	157	199	118	188	111	29	102	78	135	40	46	55	197	255	111	179	133	228	24	55	249	55	62	222	3	23	124	189	222	
10	166	178	185	245	227	185	67	190	31	89	50	140	155	112	140	243	59	147	17	50	189	0	214	77	87	26	231	150	4	181	163	
27	151	110	73	146	210	61	247	36	77	206	231	153	39	178	100	118	23	159	236	255	153	53	221	98	109	174	197	63	132	165	125	
27	176	178	153	87	183	184	83	31	59	87	22	12	159	50	172	239	25	147	145	151	156	49	215	159	95	26	231	159	4	169	151	
35	189	112	9	245	183	186	71	79	73	124	167	168	152	246	164	158	43	146	149	151	186	20	221	46	28	138	227	223	14	219	159	
49	22	107	205	118	34	235	112	85	136	127	98	81	17	177	229	126	184	23	234	169	178	5	204	84	172	162	128	127	171	112	161	
122	149	119	236	159	194	119	97	181	68	255	35	79	255	44	84	254	183	159	224	121	171	48	223	243	231	138	75	55	46	164	114	
226	77	238	156	213	230	222	231	157	70	218	147	104	108	55	106	233	227	51	133	188	175	20	234	51	62	222	139	149	125	244	94	
10	221	112	203	55	209	175	237	78	9	92	162	168	222	188	164	122	59	150	192	211	184	38	253	47	93	174	235	87	10	173	189	
51	222	126	78	94	151	218	240	205	68	244	135	105	76	55	101	110	241	155	231	229	47	62	253	51	11	131	24	127	191	121	92	
162	219	98	142	79	209	182	229	141	68	210	175	44	188	54	65	238	255	179	99	192	187	4	245	53	48	218	139	21	30	245	223	
7	203	230	155	223	147	186	232	94	241	91	231	232	232	191	130	251	107	178	87	198	248	15	245	12	26	223	195	221	111	121	142	
134	50	178	153	119	227	184	66	30	75	81	179	140	222	104	72	255	57	147	145	178	148	0	210	12	20	154	199	149	76	53	211	
86	239	166	158	91	192	186	232	175	148	139	163	236	206	99	67	231	243	239	211	74	75	139	245	185	112	143	251	20	7	53	90	
2	106	6	152	75	128	184	70	174	21	192	167	172	134	35	72	230	57	171	213	6	11	2	241	20	48	154	139	16	5	45	219	
49	5	66	77	84	179	226	123	85	192	250	70	83	8	182	164	120	168	22	173	157	178	69	159	22	76	163	192	127	142	120	132	
222	249	22	254	75	193	16	224	187	16	161	42	108	223	101	17	162	187	235	194	98	75	154	253	147	209	75	59	114	35	39	18	
179	223	126	90	78	145	190	228	205	84	244	167	104	204	182	69	110	227	162	231	228	43	46	253	54	40	70	11	127	159	105	221	
60	76	106	235	92	179	203	88	87	1	253	2	113	201	181	96	121	168	23	152	170	190	109	191	114	239	163	200	247	139	112	160	
191	126	103	76	62	131	218	120	133	64	245	239	123	77	183	133	94	168	87	238	233	167	76	157	114	72	161	176	127	175	114	209	
51	217	123	236	78	5	191	244	140	64	80	134	61	157	48	97	110	253	19	195	193	63	20	249	117	32	218	40	61	152	177	184	
123	223	111	204	246	146	223	245	69	73	214	231	121	31	182	117	110	183	183	237	205	155	37	253	114	123	190	194	63	150	244	127	
183	201	111	26	71	213	255	228	133	80	240	3	121	204	55	1	104	225	51	207	71	43	62	245	115	8	206	8	113	31	97	222	
63	94	103	78	30	151	218	112	133	192	245	143	121	77	183	165	126	176	223	238	233	167	124	253	50	72	129	144	127	175	120	244	
59	123	99	76	126	159	139	120	76	192	245	238	251	204	181	164	94	168	87	111	193	163	116	159	50	44	163	184	95	175	115	245	
59	255	64	138	87	149	94	252	29	68	204	207	47	200	51	212	126	235	147	231	207	11	28	253	186	81	142	43	62	142	56	92	
189	121	101	207	127	215	203	120	199	192	253	130	121	197	191	164	94	56	150	110	203	33	127	189	103	217	161	184	119	174	80	245	
59	223	66	174	119	147	74	252	7	68	92	231	45	203	179	212	126	233	151	239	206	154	12	253	178	85	142	171	63	159	56	221	
159	201	100	79	95	213	207	248	207	92	116	130	104	220	183	228	110	224	182	206	207	41	127	253	63	24	135	138	119	191	124	125	
91	223	98	138	95	149	222	252	207	68	212	135	40	204	183	228	118	234	158	207	207	11	62	253	58	120	142	171	63	159	56	93	
122	149	119	236	215	82	126	109	181	64	254	163	78	255	44	244	126	183	159	226	121	171	48	206	179	246	138	203	55	174	172	118	
2	30	251	137	122	227	185	75	94	79	120	247	188	190	166	64	247	59	7	144	182	158	33	95	76	38	58	203	148	64	37	219	
59	91	99	108	118	147	194	120	77	64	249	238	107	200	181	180	222	168	150	103	207	178	116	157	176	120	139	138	125	47	114	245	
60	13	106	238	92	179	203	122	85	0	255	2	115	233	180	96	120	170	23	168	184	171	44	191	122	239	163	200	183	171	112	160	
10	211	114	75	179	211	183	245	93	77	124	166	40	60	174	228	126	59	134	208	215	184	52	255	110	221	38	195	87	134	173	255	
20	189	11	165	242	6	175	255	48	160	90	226	213	39	209	1	54	95	53	239	81	216	145	13	237	128	239	132	44	240	35	185	
11	157	50	185	215	213	190	231	95	73	88	99	172	216	62	164	250	11	146	145	215	186	20	247	44	20	158	227	31	12	169	207	
175	233	97	79	31	213	139	248	207	192	253	134	249	204	247	164	94	40	210	110	195	161	126	253	47	88	135	56	127	142	89	252	
2	148	187	216	116	239	233	66	254	73	114	81	150	204	52	104	243	41	15	17	147	188	18	215	77	54	58	202	144	8	117	243	
191	233	99	218	94	145	203	248	151	224	149	138	121	205	251	37	126	168	31	255	235	7	126	221	254	73	143	184	55	174	19	228	
41	19	123	76	124	131	195	88	69	100	244	238	16	141	182	112	94	184	2	108	129	163	52	94	118	44	32	120	95	138	98	241	
19	144	186	217	87	245	184	67	31	109	86	55	140	158	102	104	239	59	147	145	150	156	48	211	159	30	154	195	181	13	169	199	
2	158	90	153	178	186	48	83	189	13	94	247	140	162	166	196	231	59	134	20	54	185	0	222	142	182	18	195	156	200	45	215	
123	51	107	76	122	27	123	80	101	224	190	236	59	159	150	116	126	180	95	172	137	139	229	92	86	45	161	184	111	166	98	117	
27	223	110	143	54	209	111	247	5	76	94	167	41	15	182	229	118	162	159	236	199	153	37	253	118	107	174	129	63	150	252	125	
128	120	182	153	109	247	112	82	95	95	118	55	132	158	103	76	201	40	166	16	150	252	115	176	199	210	146	67	146	13	116	223	
2	205	2	156	20	130	174	231	4	1	90	2	40	234	48	64	104	43	19	193	66	136	0	255	32	38	154	192	20	8	176	136	
57	83	123	72	118	159	115	81	69	76	247	238	19	157	167	112	126	188	6	232	133	179	116	94	118	173	160	200	127	138	102	241	
9	147	59	73	183	223	181	119	93	77	126	38	190	124	182	228	190	43	134	29	215	184	37	223	110	125	54	195	223	142	229	253	
26	7	102	172	251	195	191	105	149	12	223	163	109	239	178	68	126	185	191	231	120	139	38	221	240	102	171	217	55	174	181	241	
11	82	123	169	51	213	121	85	237	77	87	183	141	143	186	108	102	25	159	221	135	176	55	209	199	249	58	195	182	134	165	247	
75	151	102	72	247	214	93	55	53	77	222	167	24	63	182	245	102	183	159	173	249	154	53	223	123	121	138	195	55	132	252	125	
139	201	101	79	159	221	254	172	207	64	78	130	104	204	119	228	104	227	186	223	199	41	63	253	63	120	135	75	119	159	121	92	
16	141	111	165	214	70	175	247	16	192	90	195	49	189	49	67	110	111	51	253	224	250	148	44	125	44	239	128	37	104	117	248	
61	94	98	77	118	155	203	88	85	196	245	231	115	205	183	37	126	168	151	110	201	183	108	157	114	105	161	128	127	175	114	241	
57	23	83	237	118	51	106	80	85	192	127	238	27	135	179	181	126	168	134	238	205	178	36	142	86	233	160	128	127	175	106	241	
11	40	130	249	229	253	248	67	159	27	84	18	140	159	114	204	225	57	147	153	22	92	18	208	7	89	154	239	150	12	185	134	
2	159	82	137	179	186	48	115	173	69	94	231	140	166	166	196	39	59	142	20	151	153	0	223	14	54	26	195	158	196	169	213	
185	19	123	104	118	27	107	81	117	64	247	238	27	12	183	116	126	188	22	174	205	182	52	142	178	233	160	0	127	174	98	244	
45	56	34	200	77	245	177	82	198	93	244	38	136	158	246	237	204	152	174	208	135	63	242	208	87	89	186	235	27	13	125	247	
61	23	99	77	118	19	251	113	69	192	255	231	91	13	183	117	126	172	22	110	237	178	52	140	114	233	160	128	127	175	120	209	
2	159	122	201	242	179	184	115	13	13	223	247	44	62	166	64	223	187	151	144	158	154	101	223	62	52	186	195	157	196	173	159	
2	158	18	193	183	179	184	199	63	45	94	118	140	187	160	196	167	59	135	145	18	153	0	215	154	86	26	199	150	4	173	135	
255	105	104	218	95	209	202	232	195	160	149	10	105	219	57	37	120	232	27	251	106	99	62	253	251	73	143	57	55	47	118	174	
39	91	103	204	102	50	235	112	69	128	127	230	80	9	181	100	126	236	22	238	193	178	36	204	20	46	162	128	127	187	112	165	
168	122	34	216	109	245	176	86	143	93	244	5	136	159	103	236	200	40	170	208	6	62	115	208	71	217	146	107	146	13	124	223	
201	122	34	216	109	245	177	82	198	92	244	37	152	150	231	237	204	168	174	212	143	39	242	208	87	89	242	235	18	13	125	247	
2	152	107	249	117	254	112	82	159	73	114	247	152	222	54	72	253	57	183	145	151	156	118	215	199	126	186	195	156	12	116	247	
162	56	182	153	125	249	112	66	95	109	118	53	172	158	103	76	203	56	166	16	22	252	99	240	143	210	18	67	146	13	108	223	
11	189	102	193	247	255	250	119	93	237	94	162	168	61	182	164	62	51	151	157	150	184	117	255	111	95	156	195	231	204	221	253	
11	0	50	185	39	248	121	84	109	85	87	135	173	142	58	236	226	9	159	157	150	136	55	213	199	113	26	195	150	132	45	87	
2	159	10	185	244	171	185	119	28	77	94	247	181	174	166	64	230	43	23	21	183	152	0	247	108	21	186	193	156	136	189	211	
51	201	111	202	93	213	207	228	197	76	252	3	56	220	54	96	232	225	23	207	207	43	62	253	115	26	138	25	125	31	112	94	
51	201	98	142	79	197	174	228	140	84	120	135	41	204	55	64	232	233	179	199	198	59	30	253	49	8	206	8	85	31	97	222	
99	221	98	200	247	214	254	55	29	73	94	163	40	159	182	100	126	187	183	141	214	154	52	255	63	126	158	195	55	132	252	125	
34	221	98	142	71	133	190	231	141	0	216	139	44	156	52	64	238	251	147	199	192	187	18	245	49	52	158	107	85	30	181	218	
2	205	2	140	20	131	142	231	4	1	88	2	32	168	48	64	72	42	19	193	82	168	0	253	40	36	138	192	21	8	176	136	
135	203	166	159	223	147	184	232	222	209	83	199	236	232	63	163	251	107	178	215	230	249	15	253	12	18	223	195	221	111	121	140	
63	73	103	76	95	151	202	120	197	192	253	143	123	77	183	165	126	160	87	238	201	163	60	157	50	72	129	144	127	175	122	244	
130	54	178	153	118	227	184	67	30	19	82	179	140	158	40	73	255	25	147	145	178	220	0	214	12	22	154	199	148	76	53	211	
198	235	166	158	75	192	184	232	159	148	193	163	236	206	107	67	231	243	235	211	98	75	138	245	153	48	223	187	20	7	53	90	
2	10	2	153	75	144	184	64	190	85	66	231	172	138	51	200	230	41	179	213	134	222	6	241	4	48	154	203	28	5	57	222	
59	7	98	141	84	179	234	90	85	64	222	199	83	8	182	164	120	168	22	45	141	179	5	158	18	76	161	128	127	142	120	132	
222	249	82	254	75	193	52	224	187	20	225	171	108	222	109	25	250	187	227	194	98	75	154	241	147	209	75	43	49	49	39	147	
61	76	104	203	92	131	203	122	87	65	253	2	115	73	181	100	89	170	22	154	171	190	109	191	118	175	162	200	247	155	112	168	
51	201	11	236	93	133	175	231	132	0	216	2	49	139	48	96	236	251	19	205	65	187	18	253	113	172	158	104	89	26	177	168	
10	157	114	72	243	211	190	119	77	77	124	167	44	158	182	228	126	59	151	193	214	184	52	255	127	93	6	195	119	134	173	223	
51	201	98	136	119	215	94	236	77	76	220	175	40	204	182	228	254	235	151	237	207	27	44	253	186	92	174	235	63	158	56	223	
115	205	107	204	246	146	255	247	77	64	94	226	57	159	180	96	110	191	55	205	208	154	36	255	118	46	190	192	55	148	240	237	
35	205	43	248	93	197	231	230	197	72	248	11	48	220	54	33	200	227	19	205	75	43	50	253	121	24	142	73	81	30	240	234	
27	223	107	204	86	209	127	246	133	68	94	231	41	142	182	100	118	226	151	207	199	153	36	253	115	109	142	130	63	158	244	125	
51	73	110	78	29	215	202	96	133	64	252	10	123	221	55	165	120	160	23	238	205	163	60	253	51	109	129	145	127	191	120	126	
59	73	99	238	87	159	202	112	69	72	217	206	59	204	181	164	126	168	150	239	205	178	60	159	176	108	169	152	127	175	90	253	
59	233	99	78	127	209	203	240	199	104	156	234	41	220	183	164	126	232	158	207	207	43	44	253	50	92	163	186	119	143	120	253	
8	158	23	185	118	226	177	87	60	73	90	115	157	55	160	64	231	59	7	145	51	152	1	223	205	166	58	192	148	0	165	179	
51	141	105	237	214	131	239	119	94	97	94	198	113	40	180	96	126	175	51	173	209	186	101	223	126	47	175	224	61	200	240	232	
131	54	160	145	247	181	184	71	94	111	88	183	172	172	86	8	191	11	147	149	182	252	36	211	14	28	154	227	221	76	95	223	
2	152	187	153	246	229	185	71	158	93	82	51	156	158	36	72	239	59	23	145	50	156	48	215	77	6	186	194	149	0	165	195	
43	169	160	154	221	245	82	199	95	69	204	9	170	188	118	164	201	170	147	157	30	42	242	243	171	93	156	123	146	12	252	94	
2	158	123	169	114	163	187	115	28	77	122	247	189	46	164	64	231	59	7	145	182	154	101	95	92	38	58	194	149	128	37	251	
0	158	123	153	246	235	177	67	62	77	90	247	148	174	164	72	247	59	3	16	182	156	32	87	76	6	58	194	148	0	165	211	
183	233	102	218	93	213	203	232	199	176	244	10	104	202	63	53	120	232	19	254	78	43	62	253	59	8	135	57	55	15	114	238	
53	81	123	72	118	151	203	80	69	68	253	230	91	205	189	52	126	184	6	238	201	179	52	206	114	172	162	128	127	171	96	245	
2	159	26	153	242	179	184	231	30	13	94	247	12	186	166	64	239	59	135	145	182	152	0	215	62	5	186	195	157	0	173	159	
2	152	191	153	116	234	176	3	126	89	114	117	148	158	36	72	227	59	7	17	147	156	81	87	13	38	186	194	144	8	117	179	
59	233	34	168	85	213	194	231	199	97	204	10	42	216	114	164	216	171	146	221	95	43	60	181	187	93	141	123	91	14	250	222	
61	17	123	237	118	26	107	81	101	64	119	230	27	15	183	117	126	172	22	238	221	179	52	140	114	233	160	0	111	171	114	245	
2	156	59	248	118	227	177	67	126	77	82	119	156	158	36	72	231	59	23	17	183	191	33	215	89	62	58	194	148	0	165	243	
59	105	99	172	87	223	202	96	69	64	232	10	43	204	55	164	120	169	146	111	207	179	60	189	177	93	136	56	127	15	122	188	
242	97	66	108	95	138	232	65	97	32	227	138	33	139	52	81	122	172	91	168	8	183	196	220	50	232	130	121	117	130	114	142	
61	1	107	233	118	19	111	113	101	64	247	130	91	12	190	117	126	152	22	238	221	179	52	204	114	233	128	0	119	175	224	228	
99	219	98	74	124	209	254	252	207	76	220	103	40	220	246	228	238	202	158	215	206	43	46	253	62	24	174	239	87	158	252	77	
2	156	250	153	246	225	185	71	31	93	86	51	140	158	166	72	239	187	151	145	54	156	33	215	79	22	186	195	149	8	165	199	
10	24	183	217	117	249	176	67	255	93	114	51	140	158	102	200	227	57	135	16	22	156	96	208	15	52	154	195	146	12	117	215	
61	81	123	200	118	7	203	80	77	68	245	142	26	5	190	52	126	184	2	238	201	179	52	204	114	44	130	0	87	139	98	240	
2	159	82	154	243	177	184	231	157	13	94	247	44	174	166	196	239	59	135	148	183	152	4	247	62	20	154	195	158	4	173	223	
10	154	242	153	115	251	176	71	127	69	90	183	172	158	38	200	231	59	135	17	182	156	32	215	14	22	26	195	150	12	37	223	
162	237	110	218	93	209	211	224	195	12	180	42	32	216	36	53	200	248	135	195	110	43	42	253	59	17	165	187	19	11	118	175	
11	159	82	136	243	178	184	103	45	69	90	183	140	174	166	196	231	43	131	148	183	152	36	223	46	52	26	195	158	132	169	221	
2	144	47	185	116	238	169	83	190	73	83	117	148	159	52	104	230	59	31	17	179	153	16	223	69	54	186	192	152	8	117	179	
8	159	115	169	242	163	185	55	20	77	90	247	189	47	160	64	254	59	23	149	178	152	101	95	236	167	186	192	156	0	165	251	
3	159	122	136	242	162	185	103	44	77	94	183	157	174	166	64	231	43	19	149	151	152	53	95	110	37	58	192	156	192	169	213	
58	149	118	204	223	243	90	97	157	64	254	162	72	254	38	244	254	191	151	226	61	171	50	223	51	126	130	203	55	174	172	22	
131	182	48	155	247	247	184	71	94	79	89	183	172	124	62	41	159	43	147	149	182	252	52	223	14	30	154	195	221	76	157	223	
135	203	166	159	15	145	184	232	222	208	83	199	228	232	63	192	249	107	59	215	230	245	15	255	12	18	207	203	93	47	57	142	
3	181	121	74	246	181	249	125	95	73	125	194	185	222	188	36	126	155	23	157	151	186	63	215	111	93	154	202	215	134	225	253	
2	148	38	153	182	163	184	71	28	115	82	179	140	46	48	73	239	27	147	149	178	220	1	223	12	22	218	198	148	76	181	217	
2	159	107	171	178	130	191	55	60	77	90	231	181	39	160	64	118	59	23	133	249	152	37	255	236	167	186	192	60	130	165	249	
198	235	34	158	79	129	190	232	159	148	209	171	236	206	123	72	253	251	235	215	78	71	138	247	153	52	143	187	20	31	53	194	
2	74	6	152	75	129	56	196	142	20	64	135	172	142	99	72	230	41	187	213	6	3	2	241	20	48	154	139	28	21	61	218	
139	157	118	72	211	215	190	247	93	77	124	163	40	158	54	229	254	187	147	197	246	187	52	253	59	89	142	195	87	132	173	223	
35	219	106	202	126	145	190	244	206	64	88	231	49	204	182	64	126	249	23	199	199	58	46	253	62	24	174	238	125	154	121	157	
27	157	39	173	48	198	111	55	173	76	90	229	189	7	162	69	102	51	31	237	249	153	53	237	224	176	174	128	62	132	181	121	
145	223	62	185	54	214	191	247	220	76	222	167	189	28	178	97	230	51	31	197	247	137	53	253	226	33	46	193	52	8	189	91	
47	183	113	203	246	245	185	93	95	77	125	246	168	220	254	164	95	155	150	145	151	42	126	215	15	92	171	238	223	206	185	213	
47	182	225	75	221	125	203	217	19	125	125	220	136	236	222	172	221	154	147	157	159	50	252	211	15	93	153	252	223	207	222	244	
179	251	98	202	116	145	218	240	85	108	212	238	40	204	183	164	126	168	150	239	239	47	44	255	50	28	162	187	127	143	124	221	
49	5	66	9	84	51	224	123	85	64	250	199	19	8	182	100	120	140	22	61	157	186	69	158	20	44	162	64	125	140	120	140	
0	159	59	191	178	194	189	55	52	77	90	231	189	55	160	64	119	59	23	129	243	152	33	255	236	167	186	192	20	130	165	251	
47	183	97	75	221	245	136	223	87	69	121	222	136	76	92	164	221	27	146	181	159	58	126	215	47	92	157	110	215	206	222	244	
146	159	110	189	54	211	190	103	156	72	216	231	45	188	182	225	238	59	159	129	247	137	4	253	162	97	170	131	61	12	189	223	
190	121	82	254	75	193	182	224	191	2	229	42	44	223	109	24	251	251	147	194	98	63	154	243	211	213	75	43	115	51	39	146	
162	205	50	156	213	133	190	231	141	5	88	11	44	156	52	192	236	187	147	193	112	186	16	253	61	52	158	75	21	12	185	142	
43	135	97	11	213	241	168	109	87	65	121	199	232	76	190	164	93	139	147	181	151	186	111	215	14	92	152	239	215	142	252	221	
46	21	98	204	223	243	250	103	157	69	254	163	72	254	190	244	254	187	151	160	60	187	54	222	58	126	130	203	55	206	236	214	
146	221	110	253	54	214	188	230	188	80	214	163	57	158	182	97	238	113	157	199	238	141	52	253	163	233	234	131	53	16	245	223	
56	41	98	108	93	215	195	64	197	128	245	10	10	217	53	53	120	168	23	235	72	163	20	220	83	233	129	57	119	47	126	162	
187	73	99	76	23	215	203	112	213	66	244	2	123	205	55	164	120	168	23	238	169	167	52	142	51	108	128	0	119	173	114	228	
63	73	102	108	87	82	75	96	69	8	247	2	11	25	55	244	104	160	22	234	204	179	36	204	83	105	128	1	119	175	124	230	
208	95	30	188	58	194	29	54	172	76	214	167	181	14	35	67	102	119	157	227	236	205	7	45	240	163	238	129	44	48	45	91	
3	151	2	142	86	149	174	119	5	69	92	199	44	204	190	196	126	171	147	141	215	154	38	255	36	52	154	202	31	142	185	221	
51	201	106	76	61	209	211	244	197	76	252	34	34	221	183	36	200	168	23	202	206	171	102	189	51	93	160	155	119	159	124	239	
10	151	114	155	243	178	184	103	61	69	95	183	172	174	46	196	247	59	131	149	182	152	36	223	14	118	26	195	158	4	173	223	
34	251	122	218	124	145	210	224	207	12	188	107	32	200	165	0	200	176	134	67	206	43	74	189	114	17	161	187	85	11	126	143	
147	89	110	189	42	210	188	244	188	94	214	167	189	30	183	99	230	113	157	231	237	141	54	253	227	235	234	129	53	53	45	95	
35	193	105	203	221	149	205	255	71	73	220	3	48	92	62	96	220	138	19	205	223	170	119	253	111	92	148	72	31	142	240	254	
11	129	99	202	214	144	188	101	13	65	94	195	57	206	180	100	126	59	19	141	210	154	36	255	58	44	158	192	53	134	240	252	
34	205	121	232	253	193	213	239	78	9	248	42	182	25	36	32	200	18	23	81	90	42	66	181	125	20	62	251	85	8	244	171	
34	233	98	218	93	209	194	228	199	12	188	42	34	216	55	52	200	240	194	194	78	43	42	253	51	24	131	59	83	31	118	174	
33	133	9	234	221	133	204	111	71	1	248	10	112	105	60	64	216	138	19	185	90	42	83	223	45	156	144	72	81	10	240	138	
187	73	99	78	93	215	202	96	213	72	244	10	34	221	55	164	104	160	23	238	237	175	50	255	51	92	128	185	119	159	122	238	
209	91	62	188	42	210	29	180	188	78	214	167	189	14	163	99	230	113	189	231	237	205	55	109	240	227	234	145	60	49	45	91	
0	152	51	187	118	196	185	55	60	73	83	119	188	31	160	64	231	59	55	145	19	152	3	215	205	166	186	194	148	0	165	187	
146	91	102	157	54	146	140	100	156	70	210	231	45	140	183	199	110	97	159	229	233	141	6	239	176	97	234	130	63	188	57	221	
10	159	39	173	48	130	47	55	173	77	90	231	173	39	160	196	102	51	143	129	211	153	33	255	228	246	186	192	62	128	165	121	
11	149	98	155	243	146	188	103	61	65	91	231	44	238	190	228	246	59	147	133	215	152	36	223	46	124	154	194	31	134	169	221	
255	112	229	70	108	21	79	152	3	242	181	204	91	76	221	191	94	196	124	254	237	103	255	184	62	218	197	188	239	255	82	116	
37	133	16	233	213	143	226	107	79	33	105	2	144	24	60	64	216	10	2	56	18	58	89	151	45	156	128	69	209	10	208	130	
19	151	105	171	182	163	187	121	30	77	89	231	213	126	186	64	127	11	23	181	151	136	109	215	232	15	170	204	189	138	181	209	
162	225	96	203	253	209	212	239	95	93	116	59	40	28	62	37	200	138	151	81	254	42	96	247	47	88	148	251	87	12	212	207	
162	76	102	220	13	215	220	230	213	94	212	23	40	204	55	103	200	225	155	199	236	175	54	255	35	123	218	155	23	60	116	222	
18	220	111	188	42	194	190	228	140	10	210	227	125	94	180	65	238	113	31	231	232	143	2	253	176	234	250	130	85	24	33	187	
178	201	45	187	157	133	156	239	156	25	240	19	164	24	52	65	200	19	19	193	126	175	82	189	169	241	222	91	17	8	245	138	
7	235	135	31	76	135	170	232	222	232	219	71	224	232	125	36	249	109	58	231	199	244	95	255	12	62	143	38	93	63	121	132	
17	222	126	188	46	214	29	247	212	78	214	167	125	158	178	97	230	179	191	195	204	141	55	255	243	99	250	137	53	144	173	91	
70	235	2	158	75	129	190	232	159	132	217	239	236	206	121	64	253	235	171	215	66	23	138	243	188	84	143	171	20	31	53	138	
2	74	2	138	75	129	184	68	142	20	192	135	172	142	99	66	238	41	203	199	70	3	18	241	21	16	138	171	16	23	45	218	
179	222	106	154	118	147	250	244	93	68	208	239	33	204	183	33	126	169	23	231	239	190	44	255	50	8	170	170	125	158	120	221	
49	4	98	137	84	35	232	74	84	1	219	151	3	136	55	200	120	168	18	61	188	179	5	158	16	108	130	64	253	204	120	132	
184	249	122	122	75	193	182	230	159	0	228	2	60	223	101	16	251	251	147	194	66	107	154	251	83	221	31	43	115	17	39	138	
169	204	233	219	85	207	239	198	87	99	100	2	179	201	53	96	89	234	19	200	107	188	126	191	103	159	147	32	82	25	80	168	
15	133	34	137	213	181	170	107	31	65	77	147	136	110	62	228	249	11	147	149	182	154	55	215	15	92	154	75	151	5	185	196	
32	219	120	200	126	137	151	238	79	4	120	235	38	24	180	0	222	187	135	65	194	42	68	189	118	4	52	187	117	152	84	171	
34	203	105	77	126	209	215	255	79	68	124	34	34	29	182	32	74	58	151	65	206	40	102	189	102	92	160	155	119	158	212	239	
218	217	103	220	98	196	109	183	189	70	86	162	124	151	176	117	102	182	63	206	225	157	34	239	245	58	250	128	38	148	181	121	
80	204	126	252	38	136	125	182	165	2	86	3	119	219	49	65	102	245	63	75	72	173	2	237	241	171	250	8	36	152	49	10	
43	137	105	205	125	209	199	127	69	72	92	34	176	28	190	228	88	10	22	77	199	170	103	189	38	125	160	139	119	142	248	239	
183	114	232	138	238	1	191	216	74	246	145	239	89	204	223	11	127	201	87	247	198	103	238	240	122	8	239	188	253	191	119	213	
218	215	55	190	50	134	61	53	172	76	86	231	252	39	160	67	230	51	63	237	225	137	35	237	240	162	234	128	56	130	165	123	
14	130	50	152	83	181	184	66	63	85	95	151	44	206	46	204	247	27	147	149	150	152	22	245	31	87	154	203	151	5	45	215	
179	94	98	92	118	147	206	120	85	74	116	230	107	204	183	165	126	168	150	239	237	182	36	253	50	88	160	138	127	157	120	253	
171	201	100	92	125	213	204	247	213	94	84	18	170	92	182	165	200	170	151	205	239	174	118	191	39	89	144	171	95	140	248	222	
32	195	89	232	246	201	149	237	78	33	120	234	38	25	40	0	250	27	7	113	82	58	0	149	124	132	62	127	117	10	213	171	
135	22	230	149	199	54	188	7	57	247	71	151	72	46	223	239	103	7	187	181	181	212	181	194	14	58	222	198	143	244	249	212	
214	20	239	149	130	102	188	67	188	247	147	151	212	46	31	75	239	21	123	181	176	213	149	194	145	34	219	135	133	97	181	210	
162	223	107	154	118	131	191	244	156	64	80	231	49	204	180	65	110	185	23	229	226	159	12	255	124	0	174	232	61	152	117	217	
153	223	67	191	118	129	175	244	20	64	80	231	61	203	176	193	126	249	23	239	227	158	4	191	116	33	174	136	63	156	177	185	
43	37	34	154	221	191	226	109	223	68	204	15	104	216	62	196	120	170	155	253	150	187	94	255	63	92	139	106	223	15	248	198	
14	146	114	154	119	209	184	192	175	85	87	183	140	222	110	204	231	25	147	209	22	21	50	241	31	85	26	203	151	7	45	215	
202	159	87	220	98	196	45	119	189	77	82	247	44	167	160	197	230	51	191	204	241	137	34	253	176	114	250	130	30	132	165	121	
162	225	48	136	254	201	148	237	31	25	112	59	164	24	172	0	218	27	7	17	114	58	66	213	60	16	62	251	85	8	213	143	
219	201	71	220	102	128	109	55	185	2	66	66	57	183	180	245	102	246	59	202	97	156	180	239	55	186	214	128	38	176	244	40	
2	0	82	153	100	168	248	2	173	17	114	16	172	138	116	72	170	41	38	17	18	184	66	209	4	56	154	192	196	8	65	129	
141	207	82	234	230	160	238	196	108	2	121	130	93	202	185	200	123	75	18	223	82	178	12	242	52	141	142	108	149	211	169	128	
91	216	115	220	98	132	47	119	185	2	74	226	61	183	180	244	102	255	51	140	65	159	176	235	55	46	154	136	55	180	161	248	
82	90	235	174	38	192	94	246	132	78	218	231	125	239	179	64	126	251	191	199	204	147	38	251	242	101	170	137	53	250	52	91	
35	94	111	220	102	179	254	122	204	66	88	231	121	76	183	33	126	169	19	239	197	178	54	253	86	42	234	136	125	159	113	221	
75	218	83	220	98	212	60	119	189	74	82	230	44	151	164	244	102	59	183	204	209	159	50	255	55	126	250	138	22	132	165	253	
135	205	242	210	246	34	254	230	89	19	121	146	105	43	125	109	127	219	19	223	242	252	12	234	62	30	222	132	181	243	225	140	
162	30	238	220	196	118	244	67	213	142	242	114	32	184	181	73	233	186	135	161	188	247	2	206	19	58	242	131	213	105	124	143	
35	92	107	76	118	179	235	122	93	66	116	238	49	140	183	33	126	168	23	174	225	178	36	221	54	12	162	168	125	169	114	253	
71	255	253	159	250	181	190	191	155	223	29	245	236	254	207	175	151	127	243	87	247	72	175	255	46	62	95	234	158	117	139	223	
135	204	236	211	230	176	190	167	122	115	95	147	252	46	94	43	167	79	179	151	246	220	175	227	46	62	223	198	133	213	137	204	
30	148	122	248	247	84	255	242	153	78	116	167	12	254	127	165	255	185	151	161	229	51	48	202	123	93	142	171	191	252	125	215	
15	157	35	137	245	215	187	99	79	97	92	3	8	156	182	164	249	42	19	29	151	184	52	247	47	28	139	230	151	15	209	246	
14	113	50	152	203	213	184	192	143	69	196	131	140	222	111	204	238	25	155	209	6	3	50	209	23	85	154	75	147	29	173	214	
48	219	88	172	126	137	190	254	14	8	120	239	53	9	164	0	62	187	7	71	194	58	4	125	116	132	42	184	125	154	65	153	
46	241	160	152	205	213	185	200	143	85	132	3	140	222	127	204	200	27	187	211	70	3	242	209	7	81	138	111	18	28	189	214	
87	83	225	134	190	51	143	152	79	232	153	238	73	232	253	230	127	204	54	255	143	34	239	224	56	76	175	190	255	255	241	117	
125	55	121	234	252	51	95	217	19	110	189	238	91	93	223	57	95	152	149	126	191	34	109	144	250	221	165	252	255	255	214	113	
169	201	175	219	93	205	237	198	214	65	100	18	178	153	48	96	201	170	50	141	107	186	114	183	109	159	150	48	17	88	208	234	
8	233	26	122	203	193	183	230	191	29	124	34	44	251	96	16	233	123	131	80	66	107	138	247	123	213	22	107	83	17	167	139	
10	207	238	95	215	114	191	191	84	71	94	162	249	127	190	100	119	86	179	171	240	152	45	255	103	111	254	129	55	246	180	123	
102	235	2	186	89	129	158	224	159	132	217	239	172	202	125	128	217	251	131	199	70	19	202	255	184	84	143	171	20	31	63	138	
55	35	34	172	77	21	254	105	93	232	249	79	78	200	62	64	248	169	23	165	220	51	150	222	54	86	139	175	95	46	123	134	
7	225	131	158	92	143	166	233	94	232	91	70	244	216	125	164	217	109	50	71	199	176	223	95	60	54	143	46	89	58	121	132	
198	255	188	191	168	236	31	190	158	222	27	245	245	254	171	75	151	119	253	103	246	73	139	63	233	247	127	155	152	115	133	91	
148	205	93	179	134	106	111	167	52	51	203	146	215	43	16	75	99	71	29	171	56	220	93	46	237	231	254	65	164	81	161	8	
135	204	172	179	162	168	189	167	62	119	26	147	245	46	90	11	167	87	57	149	182	220	31	99	237	135	255	196	132	81	129	200	
132	6	174	189	196	98	173	67	148	159	211	115	81	186	49	75	233	55	55	163	48	245	1	10	193	163	250	128	129	121	181	131	
129	2	27	185	34	136	40	2	62	1	82	82	189	131	160	73	98	41	34	152	3	220	5	81	68	162	58	192	136	128	33	168	
83	27	226	141	182	18	174	21	77	200	222	231	168	168	183	228	126	164	191	205	157	185	37	200	50	124	170	131	191	174	249	85	
171	121	114	232	116	159	121	82	45	72	124	175	63	159	182	116	238	185	151	221	130	190	32	223	86	121	170	234	22	143	102	253	
80	0	19	137	14	9	168	64	44	0	178	66	140	2	33	64	106	161	74	128	0	35	0	192	148	16	138	56	17	8	33	136	
